desk 0 0 -10 101.36 201.58 720.23 530.00 0.6068599
desk 0 0 -10 0.33 219.12 252.61 489.18 0.2908245
dresser 0 0 -10 147.12 223.12 698.85 530.00 0.1028460
chair 0 0 -10 0.89 112.16 49.07 203.59 0.0821652
table 0 0 -10 7.23 216.91 221.96 513.84 0.0767166
chair 0 0 -10 630.15 188.65 730.00 327.95 0.0464165
chair 0 0 -10 5.96 279.15 169.23 516.54 0.0310405
dresser 0 0 -10 4.71 225.76 215.01 523.12 0.0291443
table 0 0 -10 106.40 214.12 709.26 530.00 0.0201397
chair 0 0 -10 681.13 199.64 730.00 342.60 0.0149617
desk 0 0 -10 423.34 215.73 730.00 530.00 0.0129027
chair 0 0 -10 656.71 186.91 729.77 278.71 0.0110401
table 0 0 -10 0.43 113.08 46.19 214.35 0.0095171
table 0 0 -10 0.00 140.50 147.32 431.70 0.0092489
dresser 0 0 -10 435.55 239.23 725.97 528.48 0.0091403
table 0 0 -10 6.43 194.85 207.52 286.83 0.0089416
dresser 0 0 -10 152.23 264.80 457.14 516.37 0.0084200
table 0 0 -10 1.39 339.73 158.73 523.79 0.0079494
desk 0 0 -10 145.94 254.23 488.95 519.53 0.0051241
desk 0 0 -10 1.75 152.05 131.18 419.46 0.0050284
table 0 0 -10 0.77 173.62 135.92 273.22 0.0048412
table 0 0 -10 656.00 190.53 723.14 259.17 0.0046561
table 0 0 -10 0.00 193.19 82.65 417.95 0.0046338
table 0 0 -10 33.21 205.10 375.21 510.35 0.0040269
desk 0 0 -10 1.22 155.00 442.28 526.88 0.0040204
chair 0 0 -10 7.59 106.96 80.89 199.09 0.0039801
desk 0 0 -10 0.00 333.74 164.42 525.12 0.0039208
chair 0 0 -10 0.00 113.54 47.23 319.13 0.0038956
chair 0 0 -10 412.93 270.87 663.46 528.03 0.0038775
table 0 0 -10 555.90 208.11 727.87 330.31 0.0038305
chair 0 0 -10 57.53 106.15 98.20 203.05 0.0037468
table 0 0 -10 0.00 121.53 34.05 401.53 0.0037189
chair 0 0 -10 547.25 175.50 730.00 338.25 0.0037069
bathtub 0 0 -10 114.21 213.52 620.98 516.76 0.0033925
chair 0 0 -10 44.52 107.87 115.96 236.47 0.0032073
bathtub 0 0 -10 0.00 141.62 730.00 417.84 0.0030814
desk 0 0 -10 575.16 203.74 730.00 437.75 0.0028778
dresser 0 0 -10 646.21 243.50 730.00 502.32 0.0022042
dresser 0 0 -10 355.93 281.43 543.79 521.01 0.0019762
chair 0 0 -10 241.61 382.06 592.94 527.71 0.0019659
bookshelf 0 0 -10 3.41 224.82 211.76 520.61 0.0019439
dresser 0 0 -10 281.10 323.91 683.50 524.67 0.0017010
chair 0 0 -10 200.08 280.75 626.07 526.02 0.0015816
table 0 0 -10 411.25 222.63 506.59 277.27 0.0015198
desk 0 0 -10 645.72 235.69 730.00 501.17 0.0014527
night_stand 0 0 -10 163.87 224.31 696.88 523.24 0.0013845
night_stand 0 0 -10 10.31 229.81 214.48 518.32 0.0013513
chair 0 0 -10 0.68 118.01 97.62 239.18 0.0012837
desk 0 0 -10 438.96 205.08 720.13 364.23 0.0012582
dresser 0 0 -10 577.36 202.57 730.00 433.63 0.0011980
chair 0 0 -10 705.23 181.91 730.00 324.26 0.0011770
bathtub 0 0 -10 51.83 194.38 557.16 294.85 0.0011751
bathtub 0 0 -10 201.47 216.65 402.25 288.95 0.0011190
table 0 0 -10 167.97 285.12 581.21 513.06 0.0011155
table 0 0 -10 437.48 203.42 722.47 362.43 0.0010613
table 0 0 -10 639.15 199.75 729.63 337.88 0.0010530
sofa 0 0 -10 1.47 111.29 46.52 217.46 0.0010337
chair 0 0 -10 118.98 275.00 425.99 518.80 0.0010048
chair 0 0 -10 624.64 208.40 728.91 427.18 0.0010041
table 0 0 -10 218.10 491.32 539.77 529.59 0.0010003
chair 0 0 -10 326.38 477.44 554.08 530.00 0.0009873
chair 0 0 -10 673.48 179.09 728.95 242.20 0.0009424
table 0 0 -10 689.82 216.42 730.00 368.01 0.0008932
table 0 0 -10 36.80 230.73 187.31 439.80 0.0008902
toilet 0 0 -10 0.00 111.12 49.32 204.80 0.0008331
sofa 0 0 -10 8.82 273.37 167.53 525.65 0.0008195
table 0 0 -10 603.99 187.47 725.89 268.81 0.0008149
chair 0 0 -10 9.53 110.22 141.19 353.99 0.0008003
night_stand 0 0 -10 644.82 260.24 730.00 518.89 0.0007465
bed 0 0 -10 235.28 491.82 549.41 530.00 0.0007058
desk 0 0 -10 11.00 381.89 450.78 528.30 0.0007049
table 0 0 -10 662.67 172.74 728.36 302.60 0.0006891
table 0 0 -10 3.67 132.39 126.48 246.93 0.0006778
chair 0 0 -10 24.34 189.06 250.79 470.91 0.0006094
chair 0 0 -10 402.04 338.75 574.69 530.00 0.0006058
chair 0 0 -10 687.23 103.17 730.00 295.00 0.0006043
dresser 0 0 -10 10.13 126.21 392.50 516.55 0.0006043
bed 0 0 -10 149.78 145.94 673.98 530.00 0.0005919
bookshelf 0 0 -10 0.18 108.59 47.22 216.63 0.0005851
dresser 0 0 -10 452.53 287.02 551.98 524.66 0.0005837
desk 0 0 -10 7.60 164.32 122.91 287.77 0.0005756
night_stand 0 0 -10 0.00 95.75 44.66 219.48 0.0005691
desk 0 0 -10 5.91 193.02 208.87 289.12 0.0005546
chair 0 0 -10 17.47 110.15 42.44 209.70 0.0005524
chair 0 0 -10 27.06 94.40 105.61 194.58 0.0005486
table 0 0 -10 0.00 151.82 232.73 268.15 0.0005478
bookshelf 0 0 -10 163.01 276.29 563.09 518.04 0.0005419
bed 0 0 -10 7.08 306.79 165.89 524.78 0.0005264
chair 0 0 -10 0.00 283.28 93.48 499.51 0.0005241
dresser 0 0 -10 0.00 147.51 730.00 444.33 0.0005112
table 0 0 -10 5.59 94.38 9.80 229.37 0.0004853
chair 0 0 -10 529.81 188.60 671.01 312.98 0.0004853
bathtub 0 0 -10 15.56 333.73 164.19 515.81 0.0004756
bookshelf 0 0 -10 132.87 187.90 725.96 530.00 0.0004713
chair 0 0 -10 0.00 123.70 85.98 423.03 0.0004623
desk 0 0 -10 190.93 47.09 730.00 468.00 0.0004490
chair 0 0 -10 574.07 246.97 728.99 506.36 0.0004378
table 0 0 -10 427.66 232.85 725.45 530.00 0.0004156
chair 0 0 -10 54.74 153.36 236.32 297.97 0.0004154
table 0 0 -10 1.17 263.26 101.13 466.12 0.0004123
