night_stand 0 0 -10 230.24 217.59 434.43 494.32 0.3715667
desk 0 0 -10 11.03 226.35 427.31 479.69 0.2522128
desk 0 0 -10 215.45 233.60 432.45 500.20 0.1671766
table 0 0 -10 26.16 231.05 415.61 470.36 0.1376086
table 0 0 -10 224.13 226.23 425.36 487.42 0.1139377
night_stand 0 0 -10 266.78 173.54 403.85 255.28 0.0942979
dresser 0 0 -10 226.84 215.71 434.82 488.57 0.0822793
table 0 0 -10 268.44 177.75 399.60 252.87 0.0469933
dresser 0 0 -10 267.90 178.95 395.53 246.71 0.0119122
chair 0 0 -10 221.76 219.96 421.71 507.55 0.0081784
table 0 0 -10 16.70 237.22 248.21 433.12 0.0079221
desk 0 0 -10 269.46 183.83 400.65 246.23 0.0077712
table 0 0 -10 249.74 196.49 414.53 326.71 0.0050191
night_stand 0 0 -10 255.46 184.48 411.60 319.48 0.0045196
desk 0 0 -10 138.20 181.84 605.02 524.74 0.0038922
chair 0 0 -10 269.26 176.53 403.89 252.81 0.0035692
bookshelf 0 0 -10 235.58 209.35 432.60 501.18 0.0021327
table 0 0 -10 27.31 237.03 386.05 287.94 0.0019423
bed 0 0 -10 233.63 200.99 436.89 508.98 0.0017970
sofa 0 0 -10 267.09 176.85 401.31 253.16 0.0015392
desk 0 0 -10 0.00 241.31 262.64 430.97 0.0015306
table 0 0 -10 148.42 202.48 575.57 517.27 0.0013351
dresser 0 0 -10 35.98 224.10 412.76 477.78 0.0012691
bed 0 0 -10 264.25 174.34 404.71 254.45 0.0011390
table 0 0 -10 23.43 231.90 399.82 338.10 0.0009859
table 0 0 -10 261.22 170.07 384.79 214.69 0.0009472
chair 0 0 -10 260.09 55.27 401.70 267.37 0.0008874
table 0 0 -10 5.21 35.84 427.44 440.34 0.0008652
table 0 0 -10 0.00 361.19 33.69 529.13 0.0008138
chair 0 0 -10 265.56 41.79 378.76 176.59 0.0007821
chair 0 0 -10 314.55 1.72 410.42 50.52 0.0007726
dresser 0 0 -10 249.03 83.72 418.35 399.48 0.0007635
toilet 0 0 -10 239.39 219.66 435.35 515.21 0.0007383
sofa 0 0 -10 237.91 225.09 434.74 497.25 0.0006578
bookshelf 0 0 -10 266.04 174.35 401.29 254.16 0.0006139
desk 0 0 -10 0.00 114.28 436.78 403.30 0.0005923
table 0 0 -10 239.01 243.51 415.76 371.40 0.0005772
bathtub 0 0 -10 263.57 176.12 408.96 250.60 0.0005737
toilet 0 0 -10 266.05 175.81 402.81 254.33 0.0004883
chair 0 0 -10 309.79 0.00 420.46 85.47 0.0004627
bookshelf 0 0 -10 13.78 0.00 501.79 364.14 0.0004108
bed 0 0 -10 316.54 40.04 710.28 530.00 0.0003963
chair 0 0 -10 0.00 302.10 60.18 525.30 0.0003932
desk 0 0 -10 28.09 236.44 394.72 288.79 0.0003897
table 0 0 -10 365.46 23.58 725.55 518.80 0.0003868
night_stand 0 0 -10 250.87 109.95 417.14 399.90 0.0003843
desk 0 0 -10 10.08 6.68 649.42 500.25 0.0003780
bathtub 0 0 -10 5.88 217.92 291.54 428.73 0.0003754
table 0 0 -10 5.16 234.27 156.25 492.16 0.0003618
table 0 0 -10 260.47 313.06 439.54 516.00 0.0003536
chair 0 0 -10 284.66 28.00 338.91 87.45 0.0003525
night_stand 0 0 -10 239.90 248.73 425.90 376.83 0.0003456
dresser 0 0 -10 179.57 185.28 597.57 519.75 0.0003446
bed 0 0 -10 56.37 201.04 515.00 526.61 0.0003431
dresser 0 0 -10 257.85 186.18 409.09 315.97 0.0003339
chair 0 0 -10 254.10 162.01 410.08 310.34 0.0003276
table 0 0 -10 13.20 228.78 251.14 282.83 0.0003182
bathtub 0 0 -10 235.93 224.05 445.71 498.39 0.0003028
night_stand 0 0 -10 271.24 160.18 350.73 227.75 0.0002909
desk 0 0 -10 249.66 195.65 414.64 329.75 0.0002768
chair 0 0 -10 162.25 77.77 461.47 498.62 0.0002718
desk 0 0 -10 309.02 58.96 718.86 526.08 0.0002591
table 0 0 -10 248.39 125.93 419.45 415.44 0.0002545
night_stand 0 0 -10 40.77 228.06 408.03 473.48 0.0002494
chair 0 0 -10 0.00 271.55 109.65 530.00 0.0002475
table 0 0 -10 0.49 288.47 58.52 519.50 0.0002443
bed 0 0 -10 0.00 24.31 567.89 437.31 0.0002205
chair 0 0 -10 247.36 120.22 357.93 275.86 0.0002202
dresser 0 0 -10 335.53 58.89 705.66 525.01 0.0002201
chair 0 0 -10 296.89 43.88 333.88 85.34 0.0002186
bathtub 0 0 -10 497.31 362.86 730.00 530.00 0.0002141
bathtub 0 0 -10 0.00 195.68 29.87 512.17 0.0002110
table 0 0 -10 13.63 166.49 410.91 315.23 0.0002058
desk 0 0 -10 242.68 107.18 422.43 424.48 0.0002015
dresser 0 0 -10 1.84 5.46 514.80 356.36 0.0001968
chair 0 0 -10 262.87 161.78 358.90 235.80 0.0001949
chair 0 0 -10 111.66 246.06 474.07 527.19 0.0001918
table 0 0 -10 63.74 273.84 244.77 514.14 0.0001850
chair 0 0 -10 262.56 86.86 340.54 192.36 0.0001767
chair 0 0 -10 262.16 0.00 366.67 94.80 0.0001695
desk 0 0 -10 14.84 218.78 443.41 340.82 0.0001623
table 0 0 -10 2.08 369.93 17.39 528.56 0.0001597
table 0 0 -10 34.73 363.21 439.49 525.53 0.0001506
dresser 0 0 -10 104.23 71.40 465.00 491.55 0.0001496
chair 0 0 -10 211.08 35.75 407.20 399.97 0.0001471
chair 0 0 -10 249.40 57.73 314.86 273.00 0.0001467
dresser 0 0 -10 267.53 32.32 435.13 254.11 0.0001451
desk 0 0 -10 2.90 235.58 158.35 495.14 0.0001400
table 0 0 -10 254.96 75.83 401.40 263.32 0.0001385
night_stand 0 0 -10 267.05 317.98 444.17 513.77 0.0001366
table 0 0 -10 0.86 408.46 77.53 530.00 0.0001322
chair 0 0 -10 323.18 23.31 402.18 77.15 0.0001310
bookshelf 0 0 -10 385.71 0.00 725.50 510.98 0.0001310
bathtub 0 0 -10 10.52 206.35 22.99 529.72 0.0001294
table 0 0 -10 426.32 0.94 725.26 107.72 0.0001265
bed 0 0 -10 3.00 328.58 23.41 525.49 0.0001260
sofa 0 0 -10 65.51 229.26 522.51 520.90 0.0001260
chair 0 0 -10 340.51 3.85 445.52 42.65 0.0001244
chair 0 0 -10 278.97 4.80 343.64 134.42 0.0001225
dresser 0 0 -10 264.37 108.26 393.34 236.59 0.0001204
