bed 0 0 -10 16.99 339.33 499.06 530.00 0.9905853
bookshelf 0 0 -10 101.17 72.41 219.42 319.39 0.6064848
bookshelf 0 0 -10 61.56 27.49 214.36 386.77 0.2321350
table 0 0 -10 504.24 483.98 666.74 529.38 0.0359362
bed 0 0 -10 0.00 147.65 543.19 526.74 0.0335418
dresser 0 0 -10 487.04 287.34 595.84 417.82 0.0215045
table 0 0 -10 481.71 385.21 572.05 485.32 0.0213423
sofa 0 0 -10 38.20 319.95 511.23 528.66 0.0199249
night_stand 0 0 -10 482.33 390.06 575.61 485.13 0.0115819
bookshelf 0 0 -10 489.44 278.83 593.95 419.50 0.0081783
bed 0 0 -10 0.00 278.25 348.94 503.77 0.0080495
bathtub 0 0 -10 491.47 396.40 573.40 488.74 0.0072163
chair 0 0 -10 510.38 509.19 615.32 529.86 0.0069861
bed 0 0 -10 193.78 294.31 280.30 436.37 0.0068181
bookshelf 0 0 -10 19.55 4.74 611.59 496.89 0.0064452
bathtub 0 0 -10 501.12 413.77 712.14 526.31 0.0062846
dresser 0 0 -10 75.36 273.31 216.44 408.77 0.0051945
table 0 0 -10 466.69 366.14 586.24 517.47 0.0048513
dresser 0 0 -10 80.49 57.41 228.01 385.91 0.0045325
bed 0 0 -10 221.57 369.05 545.54 530.00 0.0042282
night_stand 0 0 -10 496.52 289.13 591.47 412.83 0.0038172
table 0 0 -10 471.05 393.95 652.22 530.00 0.0037712
bed 0 0 -10 29.35 407.80 395.80 525.13 0.0036863
toilet 0 0 -10 486.35 387.28 575.05 495.97 0.0034998
chair 0 0 -10 15.39 363.69 469.07 527.03 0.0033172
table 0 0 -10 484.89 452.07 697.01 529.33 0.0032823
bookshelf 0 0 -10 23.46 31.16 325.02 431.01 0.0030906
chair 0 0 -10 500.28 500.18 670.22 529.16 0.0029733
night_stand 0 0 -10 308.93 150.67 353.58 192.21 0.0027824
dresser 0 0 -10 119.53 300.54 266.61 398.75 0.0027808
bed 0 0 -10 92.04 278.16 470.87 446.64 0.0027675
table 0 0 -10 197.21 331.63 258.44 363.73 0.0027585
table 0 0 -10 495.66 508.96 658.45 529.79 0.0027413
bookshelf 0 0 -10 111.25 46.63 276.83 380.33 0.0027171
table 0 0 -10 483.63 287.85 591.08 417.52 0.0027161
chair 0 0 -10 184.92 271.41 272.08 415.41 0.0026843
bathtub 0 0 -10 476.32 393.55 613.32 524.56 0.0026544
chair 0 0 -10 493.33 285.58 595.56 417.41 0.0025260
table 0 0 -10 3.57 369.33 491.61 529.44 0.0024449
bed 0 0 -10 503.90 483.90 671.22 530.00 0.0023901
bookshelf 0 0 -10 90.75 181.10 215.97 303.46 0.0023320
night_stand 0 0 -10 198.17 330.77 259.30 363.17 0.0023018
chair 0 0 -10 500.23 386.90 573.25 480.85 0.0021369
desk 0 0 -10 482.16 285.33 596.36 417.17 0.0018987
dresser 0 0 -10 465.71 297.54 582.62 489.22 0.0018498
bed 0 0 -10 140.73 342.08 499.53 419.72 0.0017122
bed 0 0 -10 148.56 323.29 290.19 410.35 0.0016865
table 0 0 -10 310.04 151.70 350.59 192.69 0.0016200
bookshelf 0 0 -10 160.76 245.16 268.93 376.46 0.0016062
sofa 0 0 -10 10.52 159.55 543.94 510.97 0.0015628
bookshelf 0 0 -10 86.85 7.15 138.94 353.62 0.0015120
dresser 0 0 -10 126.46 291.66 211.04 421.74 0.0014198
bed 0 0 -10 9.15 16.82 253.08 433.97 0.0013948
dresser 0 0 -10 160.95 290.68 269.19 372.50 0.0013935
bathtub 0 0 -10 501.70 481.45 669.50 528.93 0.0013845
night_stand 0 0 -10 183.82 328.46 266.72 408.87 0.0013817
chair 0 0 -10 481.87 354.01 688.88 524.94 0.0013666
bookshelf 0 0 -10 506.69 320.40 587.17 407.27 0.0013015
bookshelf 0 0 -10 28.93 157.92 221.79 422.31 0.0012553
bathtub 0 0 -10 473.68 289.76 588.57 422.30 0.0011827
chair 0 0 -10 98.78 58.02 214.92 325.91 0.0011421
bookshelf 0 0 -10 114.80 175.11 206.14 254.10 0.0011392
bed 0 0 -10 479.10 286.69 589.10 425.88 0.0010975
night_stand 0 0 -10 473.49 384.58 610.76 518.82 0.0010926
bed 0 0 -10 73.02 287.60 303.58 421.16 0.0010381
toilet 0 0 -10 464.34 383.48 609.88 530.00 0.0010237
chair 0 0 -10 37.35 415.36 367.71 525.58 0.0010100
dresser 0 0 -10 482.47 390.86 574.64 484.02 0.0009493
table 0 0 -10 2.44 393.58 102.77 517.83 0.0009431
bed 0 0 -10 511.09 508.73 628.28 530.00 0.0009222
bed 0 0 -10 384.83 334.04 591.36 521.13 0.0008739
night_stand 0 0 -10 198.64 305.11 277.22 430.36 0.0008088
dresser 0 0 -10 471.47 380.23 608.02 524.17 0.0008064
chair 0 0 -10 475.61 381.05 583.34 510.92 0.0007806
dresser 0 0 -10 6.38 25.97 631.15 502.51 0.0007751
bed 0 0 -10 0.00 327.00 229.26 515.30 0.0007694
dresser 0 0 -10 171.90 314.24 268.99 415.28 0.0007679
bed 0 0 -10 463.13 389.45 692.72 530.00 0.0007654
chair 0 0 -10 483.32 234.66 604.22 464.79 0.0007652
bed 0 0 -10 21.90 382.10 486.78 480.52 0.0007509
night_stand 0 0 -10 197.19 258.98 264.27 366.50 0.0007434
dresser 0 0 -10 34.20 234.22 248.68 414.58 0.0007416
toilet 0 0 -10 478.55 287.25 588.26 421.33 0.0007303
dresser 0 0 -10 506.54 327.96 587.15 405.67 0.0007297
bookshelf 0 0 -10 157.98 59.75 225.63 328.44 0.0006712
sofa 0 0 -10 511.26 509.25 627.14 530.00 0.0006708
desk 0 0 -10 52.92 55.26 226.15 356.35 0.0006583
dresser 0 0 -10 34.78 303.12 508.20 523.62 0.0006262
desk 0 0 -10 499.47 482.75 671.98 530.00 0.0005823
chair 0 0 -10 35.54 32.38 226.21 376.87 0.0005758
chair 0 0 -10 199.02 241.38 276.04 366.73 0.0005592
bed 0 0 -10 500.80 311.91 582.52 404.09 0.0005269
bookshelf 0 0 -10 73.28 33.29 124.96 408.51 0.0005238
night_stand 0 0 -10 468.56 309.88 584.25 489.38 0.0005140
bed 0 0 -10 468.26 384.82 586.01 518.87 0.0005112
chair 0 0 -10 389.09 123.68 488.12 245.02 0.0005108
bed 0 0 -10 169.39 173.88 411.73 437.62 0.0005042
toilet 0 0 -10 496.23 411.26 706.36 528.24 0.0005005
bookshelf 0 0 -10 110.86 229.02 207.16 406.32 0.0004890
desk 0 0 -10 0.00 332.17 517.78 528.21 0.0004875
