bed 0 0 -10 53.58 96.45 518.38 466.18 0.9977597
night_stand 0 0 -10 4.48 172.88 95.93 286.46 0.9499139
night_stand 0 0 -10 336.88 162.57 374.79 219.20 0.0807021
dresser 0 0 -10 333.00 78.17 432.12 243.75 0.0742508
night_stand 0 0 -10 329.85 168.54 404.67 245.20 0.0729739
bed 0 0 -10 123.78 221.23 543.59 516.12 0.0698958
night_stand 0 0 -10 44.79 176.30 94.62 270.09 0.0456790
night_stand 0 0 -10 301.52 323.89 536.62 530.00 0.0396855
night_stand 0 0 -10 13.94 166.24 89.05 239.53 0.0379872
table 0 0 -10 7.81 176.31 80.33 288.58 0.0362773
bed 0 0 -10 77.42 119.64 321.03 221.05 0.0328499
night_stand 0 0 -10 358.17 178.77 406.56 241.52 0.0291532
bed 0 0 -10 63.12 20.48 461.12 348.29 0.0235761
night_stand 0 0 -10 253.98 195.47 392.95 262.04 0.0206088
night_stand 0 0 -10 16.17 157.48 98.22 209.23 0.0199674
dresser 0 0 -10 341.72 175.29 406.56 241.30 0.0197940
night_stand 0 0 -10 317.28 193.23 401.37 259.85 0.0184913
bed 0 0 -10 282.65 280.91 548.45 527.52 0.0172808
dresser 0 0 -10 673.74 257.91 725.01 464.04 0.0167801
night_stand 0 0 -10 249.20 172.49 330.87 281.74 0.0164894
bed 0 0 -10 685.84 262.55 727.97 470.38 0.0159733
chair 0 0 -10 1.34 177.85 74.36 292.73 0.0158824
dresser 0 0 -10 98.24 1.48 255.65 177.02 0.0137347
dresser 0 0 -10 93.83 3.96 221.47 96.24 0.0136350
dresser 0 0 -10 4.17 167.79 84.89 287.42 0.0134728
night_stand 0 0 -10 99.56 0.87 224.25 90.50 0.0131415
night_stand 0 0 -10 286.15 173.09 389.11 228.03 0.0111152
bed 0 0 -10 54.88 101.92 365.71 306.80 0.0101407
bookshelf 0 0 -10 600.33 70.59 720.65 429.78 0.0098338
bed 0 0 -10 0.00 97.97 189.57 292.06 0.0094890
bookshelf 0 0 -10 332.08 67.97 433.10 242.33 0.0093162
desk 0 0 -10 676.68 269.63 729.18 474.48 0.0088739
desk 0 0 -10 7.63 158.87 98.63 285.92 0.0085105
dresser 0 0 -10 309.68 49.95 474.65 251.53 0.0084668
table 0 0 -10 296.96 328.43 535.87 526.05 0.0083344
night_stand 0 0 -10 24.92 137.54 103.16 186.45 0.0081150
night_stand 0 0 -10 340.06 164.60 359.36 217.35 0.0079852
table 0 0 -10 675.58 268.76 727.90 479.19 0.0077037
dresser 0 0 -10 333.92 134.47 381.50 217.31 0.0071971
dresser 0 0 -10 596.77 78.41 724.36 423.14 0.0070334
dresser 0 0 -10 108.55 137.64 311.64 215.37 0.0068953
night_stand 0 0 -10 240.03 141.58 316.90 256.79 0.0064826
chair 0 0 -10 663.42 256.87 725.71 487.51 0.0064521
bed 0 0 -10 4.47 164.98 85.26 291.18 0.0061931
dresser 0 0 -10 300.09 324.47 539.14 521.63 0.0048990
dresser 0 0 -10 533.36 48.25 584.90 363.75 0.0046936
night_stand 0 0 -10 238.22 137.85 315.05 174.60 0.0046831
chair 0 0 -10 305.56 320.23 560.70 526.61 0.0043758
bed 0 0 -10 24.37 24.29 304.38 273.38 0.0042594
table 0 0 -10 348.14 166.28 406.91 233.80 0.0041512
dresser 0 0 -10 477.80 32.46 722.73 420.81 0.0041071
night_stand 0 0 -10 341.12 152.99 402.49 219.01 0.0040955
dresser 0 0 -10 495.55 291.12 599.03 370.08 0.0038662
night_stand 0 0 -10 322.16 133.93 385.87 237.34 0.0038134
dresser 0 0 -10 15.21 107.07 106.18 250.87 0.0037439
night_stand 0 0 -10 681.39 315.47 728.57 452.23 0.0037130
bed 0 0 -10 234.36 156.35 325.69 292.23 0.0034763
dresser 0 0 -10 281.02 143.13 406.85 238.74 0.0034486
dresser 0 0 -10 341.91 150.08 453.03 259.76 0.0033242
dresser 0 0 -10 89.74 104.34 302.67 195.00 0.0032360
sofa 0 0 -10 305.35 323.96 543.39 529.67 0.0031286
dresser 0 0 -10 370.14 53.45 452.24 260.37 0.0031243
bed 0 0 -10 374.06 9.29 728.56 471.79 0.0030298
night_stand 0 0 -10 103.55 128.19 306.10 214.43 0.0030190
sofa 0 0 -10 5.00 168.05 85.28 290.30 0.0030011
dresser 0 0 -10 364.83 186.30 404.18 237.49 0.0029110
night_stand 0 0 -10 274.61 172.50 364.44 277.31 0.0028999
night_stand 0 0 -10 339.71 128.91 417.67 238.90 0.0028986
night_stand 0 0 -10 122.11 231.02 513.80 493.17 0.0028217
bookshelf 0 0 -10 97.74 0.00 255.66 183.15 0.0028195
night_stand 0 0 -10 26.59 164.19 84.31 186.32 0.0027771
bookshelf 0 0 -10 99.97 0.66 226.16 106.69 0.0027730
chair 0 0 -10 2.66 126.90 99.37 290.08 0.0026609
dresser 0 0 -10 289.40 179.12 403.32 252.77 0.0026416
bathtub 0 0 -10 672.88 262.67 725.61 482.53 0.0025929
bookshelf 0 0 -10 674.28 252.31 724.94 467.52 0.0024876
table 0 0 -10 98.90 2.08 226.58 97.70 0.0024680
sofa 0 0 -10 686.80 309.37 729.10 465.00 0.0024203
bed 0 0 -10 207.65 78.81 540.84 390.70 0.0024144
dresser 0 0 -10 648.74 206.92 721.87 442.53 0.0022213
dresser 0 0 -10 82.86 19.90 443.43 315.76 0.0021351
chair 0 0 -10 679.03 304.49 727.67 455.54 0.0020443
dresser 0 0 -10 166.35 78.94 378.40 229.42 0.0020054
bed 0 0 -10 186.58 160.10 396.19 238.26 0.0020052
dresser 0 0 -10 338.17 166.08 374.33 215.02 0.0019626
night_stand 0 0 -10 275.37 167.17 356.73 216.93 0.0019327
sofa 0 0 -10 57.20 87.97 534.30 498.05 0.0019268
bed 0 0 -10 35.62 162.04 354.49 487.36 0.0018626
night_stand 0 0 -10 15.25 115.01 107.18 249.43 0.0018208
night_stand 0 0 -10 66.59 165.12 98.79 253.02 0.0018039
bed 0 0 -10 82.47 35.95 390.45 226.77 0.0017596
night_stand 0 0 -10 255.77 171.97 321.68 212.77 0.0017545
chair 0 0 -10 5.59 85.63 178.12 293.77 0.0017324
bed 0 0 -10 346.92 164.03 410.07 235.92 0.0017259
desk 0 0 -10 346.38 162.39 410.81 234.14 0.0016987
toilet 0 0 -10 5.30 176.28 77.69 288.59 0.0016912
night_stand 0 0 -10 1.90 190.68 73.23 340.35 0.0016581
night_stand 0 0 -10 234.83 144.06 314.22 203.37 0.0016535
dresser 0 0 -10 519.94 221.14 586.62 368.25 0.0016500
dresser 0 0 -10 4.65 104.98 174.66 284.44 0.0016423
