chair 0 0 -10 116.72 134.35 319.00 477.22 0.9888375
chair 0 0 -10 0.00 166.55 244.54 522.18 0.9839679
table 0 0 -10 248.04 196.51 728.51 521.30 0.9743609
chair 0 0 -10 579.32 127.38 728.31 404.37 0.9617569
chair 0 0 -10 504.46 118.90 641.19 390.20 0.4522439
chair 0 0 -10 527.34 180.21 627.35 351.86 0.3284788
chair 0 0 -10 477.05 182.46 604.94 372.76 0.2768332
chair 0 0 -10 567.28 161.40 676.40 376.14 0.2730840
chair 0 0 -10 431.13 183.45 563.22 351.07 0.1692957
chair 0 0 -10 686.33 125.70 728.54 391.10 0.1504563
chair 0 0 -10 452.15 118.90 592.09 418.74 0.0966400
chair 0 0 -10 644.72 167.61 728.72 387.63 0.0917460
table 0 0 -10 5.46 264.11 287.96 528.35 0.0750537
chair 0 0 -10 518.66 164.64 728.26 494.49 0.0737810
chair 0 0 -10 506.36 140.84 591.81 308.42 0.0717241
desk 0 0 -10 258.24 199.10 662.19 525.97 0.0611650
table 0 0 -10 117.86 253.98 316.31 503.46 0.0600766
chair 0 0 -10 357.24 168.74 589.22 468.10 0.0533250
chair 0 0 -10 120.80 130.61 279.59 348.64 0.0513231
chair 0 0 -10 272.19 232.02 572.05 520.40 0.0452862
table 0 0 -10 537.26 195.23 633.97 290.15 0.0420706
table 0 0 -10 22.40 315.59 232.62 468.77 0.0389233
chair 0 0 -10 5.77 272.48 216.60 462.80 0.0375921
chair 0 0 -10 704.01 110.67 722.26 398.86 0.0374489
chair 0 0 -10 0.00 145.96 101.27 525.35 0.0359770
chair 0 0 -10 519.95 162.42 661.13 299.37 0.0333583
table 0 0 -10 691.57 231.82 729.40 443.83 0.0330970
table 0 0 -10 268.63 179.92 663.72 333.83 0.0328879
table 0 0 -10 704.99 273.81 728.81 412.35 0.0276440
table 0 0 -10 577.18 199.67 728.87 408.85 0.0265408
chair 0 0 -10 550.00 181.40 641.38 286.86 0.0260006
chair 0 0 -10 593.71 234.72 728.30 462.74 0.0252893
chair 0 0 -10 711.63 105.91 729.74 334.31 0.0204614
chair 0 0 -10 298.26 151.97 480.80 455.70 0.0189643
table 0 0 -10 108.50 151.34 564.37 497.00 0.0183349
table 0 0 -10 508.18 190.90 649.04 333.07 0.0181637
chair 0 0 -10 559.06 134.23 713.70 286.71 0.0179922
table 0 0 -10 279.07 185.23 520.26 402.54 0.0178775
chair 0 0 -10 617.53 112.83 730.00 312.87 0.0178315
table 0 0 -10 280.01 206.19 567.53 304.77 0.0163282
chair 0 0 -10 385.70 268.61 701.17 526.67 0.0145470
chair 0 0 -10 106.83 269.07 275.19 502.50 0.0143761
table 0 0 -10 418.00 190.99 721.14 423.92 0.0132334
desk 0 0 -10 289.17 205.31 565.16 304.15 0.0123086
desk 0 0 -10 122.25 243.17 314.87 507.44 0.0118069
chair 0 0 -10 412.34 168.64 694.55 436.76 0.0114638
sofa 0 0 -10 523.51 132.16 730.00 334.46 0.0114422
chair 0 0 -10 180.45 160.02 414.06 462.64 0.0105922
table 0 0 -10 495.63 154.96 724.90 332.21 0.0104544
table 0 0 -10 629.29 135.39 724.09 397.38 0.0098247
chair 0 0 -10 416.78 200.65 636.48 321.24 0.0092696
chair 0 0 -10 677.78 222.63 729.93 463.40 0.0091691
chair 0 0 -10 529.78 179.40 609.33 279.91 0.0090964
chair 0 0 -10 720.74 127.65 728.14 312.76 0.0089503
table 0 0 -10 646.40 226.69 730.00 451.44 0.0088538
chair 0 0 -10 0.39 152.93 55.90 490.73 0.0088428
table 0 0 -10 705.83 295.49 729.13 341.37 0.0085874
table 0 0 -10 508.24 169.68 644.05 272.68 0.0084319
chair 0 0 -10 11.09 344.59 283.94 524.21 0.0083009
table 0 0 -10 708.31 232.20 729.59 309.61 0.0078464
table 0 0 -10 43.45 178.96 350.06 485.06 0.0075840
table 0 0 -10 708.08 289.87 722.40 400.57 0.0074181
table 0 0 -10 502.25 156.24 599.00 246.35 0.0073777
chair 0 0 -10 698.31 239.49 729.05 402.48 0.0070929
chair 0 0 -10 442.13 179.68 593.11 286.41 0.0069285
table 0 0 -10 704.27 139.60 727.90 380.43 0.0065631
chair 0 0 -10 10.35 163.97 145.18 437.19 0.0063657
chair 0 0 -10 21.51 117.47 402.11 482.84 0.0062941
table 0 0 -10 484.88 180.88 574.13 269.14 0.0060910
table 0 0 -10 684.46 142.16 728.36 399.15 0.0059182
table 0 0 -10 708.61 324.08 728.51 363.53 0.0057681
desk 0 0 -10 283.77 164.28 514.34 338.23 0.0055818
chair 0 0 -10 475.65 186.15 569.85 267.38 0.0053608
table 0 0 -10 599.13 204.23 730.00 318.23 0.0052874
table 0 0 -10 205.27 209.99 442.53 500.40 0.0050776
chair 0 0 -10 135.92 126.25 373.29 314.75 0.0047247
sofa 0 0 -10 521.48 176.89 642.63 295.48 0.0043834
chair 0 0 -10 358.18 139.80 576.15 326.01 0.0043380
chair 0 0 -10 594.60 175.05 644.80 295.31 0.0042031
desk 0 0 -10 18.81 232.51 248.24 530.00 0.0040582
chair 0 0 -10 717.47 186.26 728.42 322.39 0.0039796
chair 0 0 -10 708.50 221.91 730.00 307.35 0.0038924
chair 0 0 -10 513.13 124.28 597.72 234.63 0.0038814
desk 0 0 -10 607.08 153.38 728.68 357.14 0.0037866
table 0 0 -10 710.89 281.49 728.16 375.36 0.0037211
table 0 0 -10 653.36 164.62 728.88 337.59 0.0034752
table 0 0 -10 392.25 189.38 568.29 325.94 0.0034162
table 0 0 -10 711.14 304.91 729.71 485.54 0.0033919
night_stand 0 0 -10 537.18 193.86 634.23 291.83 0.0033145
chair 0 0 -10 688.11 203.65 730.00 313.51 0.0032107
desk 0 0 -10 390.16 161.50 729.14 476.85 0.0031525
chair 0 0 -10 726.99 113.95 730.00 315.74 0.0031152
desk 0 0 -10 271.43 188.92 702.02 332.57 0.0031070
desk 0 0 -10 577.31 187.69 726.61 437.17 0.0028912
table 0 0 -10 715.07 226.71 727.19 332.25 0.0028503
desk 0 0 -10 705.38 268.49 728.83 414.20 0.0026006
chair 0 0 -10 149.75 228.43 320.24 430.16 0.0025234
table 0 0 -10 512.36 141.74 638.28 230.63 0.0024745
table 0 0 -10 711.73 108.74 729.42 327.15 0.0024107
table 0 0 -10 5.66 164.98 130.55 521.72 0.0023384
