chair 0 0 -10 325.64 214.18 542.91 511.83 0.9935327
chair 0 0 -10 135.50 165.72 268.37 400.07 0.9849839
bed 0 0 -10 1.00 253.56 152.16 451.39 0.9832631
chair 0 0 -10 310.66 146.01 416.13 326.36 0.7357869
table 0 0 -10 324.20 201.35 406.69 317.73 0.1703368
table 0 0 -10 588.36 135.73 730.00 261.08 0.1383697
chair 0 0 -10 317.91 177.24 402.59 288.58 0.1000381
desk 0 0 -10 322.46 191.98 408.15 280.78 0.0890833
table 0 0 -10 135.87 239.33 260.73 398.09 0.0700944
bed 0 0 -10 596.58 133.90 730.00 269.21 0.0565416
chair 0 0 -10 328.63 194.47 460.34 429.60 0.0501704
table 0 0 -10 311.75 192.48 413.07 396.06 0.0363518
desk 0 0 -10 312.46 186.02 407.47 353.57 0.0361775
night_stand 0 0 -10 324.02 179.76 407.24 275.37 0.0266510
chair 0 0 -10 1.93 255.41 164.59 448.26 0.0248665
table 0 0 -10 330.53 183.25 409.55 274.10 0.0225660
sofa 0 0 -10 0.00 256.63 158.36 440.09 0.0219978
night_stand 0 0 -10 595.61 135.49 730.00 265.11 0.0210630
night_stand 0 0 -10 140.81 256.94 261.79 406.85 0.0185600
table 0 0 -10 325.77 204.30 586.69 429.23 0.0181102
dresser 0 0 -10 325.01 185.68 410.15 271.90 0.0177837
table 0 0 -10 0.00 261.51 160.89 437.34 0.0158972
night_stand 0 0 -10 11.18 301.29 159.25 457.96 0.0145680
chair 0 0 -10 315.65 226.98 402.44 317.94 0.0145592
chair 0 0 -10 415.04 202.06 531.93 462.24 0.0133333
desk 0 0 -10 594.94 134.72 730.00 270.02 0.0124223
table 0 0 -10 633.73 133.23 727.83 172.40 0.0121328
desk 0 0 -10 136.41 234.53 259.42 400.92 0.0098088
bed 0 0 -10 325.43 176.91 409.93 276.93 0.0080820
bed 0 0 -10 13.54 191.31 231.49 471.81 0.0080343
table 0 0 -10 615.91 134.59 724.98 199.50 0.0079602
desk 0 0 -10 326.38 204.59 591.33 441.89 0.0077021
bookshelf 0 0 -10 313.92 124.50 409.85 287.82 0.0075685
sofa 0 0 -10 323.78 177.16 406.78 271.72 0.0074914
bathtub 0 0 -10 573.04 154.78 728.00 273.11 0.0073898
table 0 0 -10 243.52 222.98 553.86 516.03 0.0070699
bed 0 0 -10 115.24 166.28 269.99 397.19 0.0068360
chair 0 0 -10 196.35 156.46 271.69 364.13 0.0063800
dresser 0 0 -10 1.88 253.07 162.75 427.65 0.0062829
dresser 0 0 -10 593.72 137.11 728.14 272.74 0.0061496
chair 0 0 -10 231.27 168.24 254.22 383.74 0.0058474
chair 0 0 -10 369.62 207.88 509.14 385.71 0.0055627
table 0 0 -10 497.96 185.75 616.07 385.27 0.0053567
bookshelf 0 0 -10 326.70 179.52 409.96 273.80 0.0042239
desk 0 0 -10 0.00 264.99 157.53 446.52 0.0035828
bathtub 0 0 -10 500.41 181.25 629.63 267.50 0.0032582
toilet 0 0 -10 325.51 184.77 410.52 288.09 0.0032579
sofa 0 0 -10 120.92 165.24 271.84 390.66 0.0032209
table 0 0 -10 390.50 178.98 670.15 510.60 0.0030683
table 0 0 -10 472.77 186.88 684.56 420.89 0.0029923
table 0 0 -10 339.72 290.12 542.34 525.70 0.0029830
table 0 0 -10 519.78 152.89 721.23 363.15 0.0028254
table 0 0 -10 161.03 174.70 270.86 380.19 0.0026089
bathtub 0 0 -10 521.32 152.81 727.23 363.02 0.0025628
chair 0 0 -10 586.30 131.90 718.33 266.71 0.0023231
bathtub 0 0 -10 327.71 184.14 411.50 265.04 0.0022441
table 0 0 -10 645.93 131.05 721.52 157.17 0.0019506
chair 0 0 -10 325.76 272.20 545.41 408.88 0.0019245
table 0 0 -10 616.51 138.14 729.72 498.57 0.0018934
bathtub 0 0 -10 493.88 185.44 624.62 379.79 0.0018710
table 0 0 -10 337.64 248.12 525.04 341.35 0.0018303
bookshelf 0 0 -10 0.00 247.64 151.13 429.81 0.0017253
table 0 0 -10 379.76 223.87 530.42 414.98 0.0015250
sofa 0 0 -10 594.78 136.05 725.36 272.29 0.0015047
bathtub 0 0 -10 503.91 178.63 706.14 295.93 0.0014422
chair 0 0 -10 33.73 188.47 232.22 474.84 0.0014164
desk 0 0 -10 244.60 214.71 554.20 526.61 0.0013283
dresser 0 0 -10 311.54 112.23 415.14 263.86 0.0013082
toilet 0 0 -10 2.33 268.51 157.39 466.33 0.0012917
desk 0 0 -10 308.61 142.18 415.91 284.63 0.0012584
table 0 0 -10 361.01 220.23 416.64 318.57 0.0012542
bed 0 0 -10 105.14 259.62 254.01 414.42 0.0012400
desk 0 0 -10 511.39 156.47 722.32 328.58 0.0012100
table 0 0 -10 146.13 270.27 238.76 359.70 0.0011904
desk 0 0 -10 633.73 132.44 728.08 173.31 0.0011726
bookshelf 0 0 -10 592.56 128.42 727.31 270.19 0.0011684
table 0 0 -10 303.11 139.53 413.68 323.38 0.0011635
chair 0 0 -10 356.94 183.26 445.54 364.99 0.0011144
desk 0 0 -10 314.96 232.48 402.51 320.61 0.0011124
desk 0 0 -10 500.20 187.40 616.03 377.81 0.0010293
dresser 0 0 -10 121.56 167.83 266.39 391.58 0.0009743
chair 0 0 -10 218.49 163.04 240.94 379.81 0.0009700
chair 0 0 -10 176.57 175.64 224.84 356.00 0.0009635
chair 0 0 -10 307.88 184.17 531.37 361.49 0.0009544
night_stand 0 0 -10 315.24 190.16 412.79 330.08 0.0009174
dresser 0 0 -10 315.07 174.05 407.81 356.04 0.0009011
table 0 0 -10 300.42 333.74 472.92 530.00 0.0008742
bookshelf 0 0 -10 121.46 160.77 265.85 386.51 0.0008674
table 0 0 -10 98.49 244.46 478.05 521.45 0.0008314
chair 0 0 -10 309.12 173.24 370.56 311.15 0.0008212
bathtub 0 0 -10 3.78 239.43 170.52 433.51 0.0008154
desk 0 0 -10 382.10 175.78 687.00 520.53 0.0007958
desk 0 0 -10 316.84 207.04 421.12 450.78 0.0007703
sofa 0 0 -10 14.02 191.75 235.68 466.53 0.0007428
table 0 0 -10 217.69 206.96 463.60 426.56 0.0007253
night_stand 0 0 -10 121.14 179.82 268.37 393.13 0.0007220
desk 0 0 -10 615.66 133.13 725.83 201.20 0.0006960
table 0 0 -10 514.12 202.34 724.44 525.42 0.0006955
chair 0 0 -10 316.48 213.85 402.45 268.80 0.0006945
chair 0 0 -10 309.75 162.92 331.28 313.62 0.0006857
