desk 0 0 -10 391.89 215.93 728.06 527.98 0.4536940
table 0 0 -10 159.85 266.80 232.24 359.03 0.3129466
chair 0 0 -10 3.86 407.39 124.06 525.39 0.2966095
table 0 0 -10 219.01 273.49 277.22 360.64 0.2499736
chair 0 0 -10 7.44 405.89 239.31 527.50 0.1631051
table 0 0 -10 164.89 198.65 224.20 366.18 0.1026143
dresser 0 0 -10 393.96 228.24 730.00 529.16 0.0902129
chair 0 0 -10 155.91 215.37 229.61 358.29 0.0636370
table 0 0 -10 96.69 259.17 268.45 356.52 0.0441760
table 0 0 -10 397.92 228.50 718.74 524.64 0.0253385
chair 0 0 -10 0.00 293.17 118.51 530.00 0.0159900
table 0 0 -10 108.22 205.21 230.05 364.09 0.0100386
table 0 0 -10 187.25 267.96 274.43 339.38 0.0079943
desk 0 0 -10 13.39 247.98 730.00 527.03 0.0078453
desk 0 0 -10 157.19 238.52 226.80 364.64 0.0074430
table 0 0 -10 138.15 268.94 228.77 324.52 0.0073175
bookshelf 0 0 -10 164.89 179.71 224.70 364.34 0.0066098
table 0 0 -10 141.97 297.21 243.97 364.47 0.0061323
table 0 0 -10 162.82 188.73 224.29 289.11 0.0056003
table 0 0 -10 162.40 191.62 221.39 223.45 0.0045622
table 0 0 -10 5.44 374.24 112.86 510.51 0.0044583
chair 0 0 -10 682.22 377.66 728.97 530.00 0.0036463
dresser 0 0 -10 677.76 351.70 725.72 525.60 0.0035892
table 0 0 -10 40.77 254.01 708.86 530.00 0.0035778
night_stand 0 0 -10 164.09 194.44 225.46 362.67 0.0034297
bathtub 0 0 -10 315.31 204.85 728.41 498.44 0.0033923
table 0 0 -10 686.07 382.88 729.09 530.00 0.0033815
chair 0 0 -10 0.00 388.93 462.37 530.00 0.0029665
table 0 0 -10 172.19 272.84 212.09 304.94 0.0028574
chair 0 0 -10 21.76 460.06 248.83 521.91 0.0026748
chair 0 0 -10 0.00 361.40 46.73 527.11 0.0023748
chair 0 0 -10 162.42 263.54 227.68 341.01 0.0023287
chair 0 0 -10 3.63 275.63 216.50 530.00 0.0022531
chair 0 0 -10 651.52 348.00 728.74 527.74 0.0021555
bed 0 0 -10 692.37 377.31 729.82 529.64 0.0021150
chair 0 0 -10 166.62 190.30 225.69 302.88 0.0020142
chair 0 0 -10 0.00 421.66 71.54 529.02 0.0019713
table 0 0 -10 2.96 205.10 25.40 372.16 0.0019461
desk 0 0 -10 553.84 239.94 729.26 529.53 0.0019418
dresser 0 0 -10 164.52 187.25 225.03 362.79 0.0018398
table 0 0 -10 139.95 290.76 229.16 337.41 0.0017679
table 0 0 -10 25.62 382.71 171.17 519.79 0.0017366
chair 0 0 -10 2.88 190.28 27.03 371.80 0.0016753
table 0 0 -10 657.07 330.57 727.80 530.00 0.0016036
desk 0 0 -10 239.02 99.91 730.00 482.06 0.0015922
chair 0 0 -10 225.49 284.22 276.86 358.19 0.0015733
night_stand 0 0 -10 397.14 223.50 730.00 523.96 0.0014902
dresser 0 0 -10 695.50 384.07 728.14 528.30 0.0014769
dresser 0 0 -10 401.22 14.46 728.67 446.33 0.0014482
chair 0 0 -10 107.69 183.76 228.45 367.23 0.0014481
desk 0 0 -10 123.54 270.78 262.44 366.86 0.0013753
desk 0 0 -10 678.60 350.23 726.45 525.09 0.0013092
chair 0 0 -10 0.69 225.84 69.89 522.86 0.0012364
chair 0 0 -10 132.03 248.12 235.59 382.80 0.0011883
chair 0 0 -10 12.85 459.12 118.63 526.26 0.0011842
sofa 0 0 -10 165.66 219.33 225.18 356.17 0.0011675
chair 0 0 -10 297.57 132.02 350.49 195.14 0.0011419
night_stand 0 0 -10 224.60 285.20 276.00 362.54 0.0010594
dresser 0 0 -10 569.43 337.83 727.57 524.73 0.0010439
bathtub 0 0 -10 675.87 355.15 727.11 527.22 0.0009931
bookshelf 0 0 -10 393.94 218.00 722.13 530.00 0.0009860
toilet 0 0 -10 224.10 282.56 278.29 362.99 0.0009489
sofa 0 0 -10 1.55 385.77 112.55 524.76 0.0008910
bed 0 0 -10 164.78 220.74 225.23 359.70 0.0008629
chair 0 0 -10 1.19 137.04 40.88 367.03 0.0008593
desk 0 0 -10 223.11 286.20 275.80 364.27 0.0008408
chair 0 0 -10 0.11 222.35 31.95 530.00 0.0008082
night_stand 0 0 -10 689.68 391.26 729.16 527.46 0.0008071
chair 0 0 -10 509.14 321.14 730.00 515.98 0.0008060
table 0 0 -10 502.91 3.54 714.33 91.63 0.0007894
desk 0 0 -10 275.44 197.20 540.64 398.13 0.0007631
sofa 0 0 -10 8.42 385.26 251.07 525.61 0.0007607
desk 0 0 -10 625.27 277.72 726.11 528.48 0.0007390
desk 0 0 -10 4.80 382.60 107.11 521.41 0.0007366
chair 0 0 -10 1.91 264.13 516.67 527.21 0.0007193
table 0 0 -10 0.16 215.03 28.99 525.94 0.0006702
dresser 0 0 -10 636.63 373.42 725.48 524.17 0.0006522
toilet 0 0 -10 162.97 189.00 227.74 366.10 0.0006478
table 0 0 -10 16.15 351.42 294.51 522.27 0.0006336
dresser 0 0 -10 415.02 360.45 677.86 523.09 0.0006087
table 0 0 -10 0.00 209.35 16.14 388.76 0.0005940
bathtub 0 0 -10 300.99 184.54 535.73 236.23 0.0005515
table 0 0 -10 86.38 220.78 308.25 372.07 0.0005395
chair 0 0 -10 389.38 230.69 644.67 525.13 0.0005174
chair 0 0 -10 402.81 1.91 554.20 96.20 0.0004875
chair 0 0 -10 500.31 189.24 607.10 311.63 0.0004699
bathtub 0 0 -10 382.89 12.72 730.00 427.63 0.0004673
dresser 0 0 -10 11.54 248.35 690.59 526.02 0.0004665
table 0 0 -10 3.90 417.49 84.16 526.45 0.0004657
bathtub 0 0 -10 278.75 178.98 582.86 360.50 0.0004653
bed 0 0 -10 5.97 230.84 614.14 528.76 0.0004591
table 0 0 -10 253.80 210.09 505.65 414.06 0.0004578
night_stand 0 0 -10 150.16 256.58 232.45 368.55 0.0004571
chair 0 0 -10 407.64 214.11 507.96 389.31 0.0004507
table 0 0 -10 86.98 205.36 178.30 360.56 0.0004448
table 0 0 -10 574.51 262.95 725.33 530.00 0.0004427
table 0 0 -10 242.31 113.41 723.79 483.03 0.0004354
sofa 0 0 -10 150.36 258.51 242.73 370.20 0.0004331
sofa 0 0 -10 1.24 413.27 66.56 529.13 0.0004297
desk 0 0 -10 695.92 385.43 728.97 529.40 0.0004280
