table 0 0 -10 280.67 322.14 424.99 520.95 0.6109098
bookshelf 0 0 -10 255.50 23.66 446.71 519.49 0.6099672
desk 0 0 -10 273.05 319.70 426.76 511.19 0.0620126
bookshelf 0 0 -10 193.79 0.00 568.68 514.01 0.0391986
table 0 0 -10 279.36 410.77 414.33 526.44 0.0299822
dresser 0 0 -10 242.31 35.90 476.62 506.86 0.0284819
table 0 0 -10 288.54 445.34 410.79 509.14 0.0234649
desk 0 0 -10 236.33 26.03 477.96 490.65 0.0172335
chair 0 0 -10 294.51 341.89 416.36 521.39 0.0148396
bookshelf 0 0 -10 269.73 252.24 422.69 519.75 0.0132133
table 0 0 -10 239.27 39.03 467.37 501.70 0.0122783
desk 0 0 -10 670.06 263.55 729.07 447.62 0.0091033
bed 0 0 -10 235.55 21.63 469.31 511.12 0.0075501
chair 0 0 -10 477.20 0.00 605.25 68.43 0.0067136
bookshelf 0 0 -10 258.82 33.82 445.91 263.08 0.0064998
table 0 0 -10 677.69 258.70 727.94 448.68 0.0055637
bed 0 0 -10 264.18 279.83 425.62 524.38 0.0051555
dresser 0 0 -10 671.63 252.71 727.41 447.34 0.0049040
dresser 0 0 -10 269.65 299.67 430.45 526.30 0.0047441
chair 0 0 -10 503.97 0.86 594.28 45.29 0.0047374
table 0 0 -10 6.56 438.94 414.00 527.94 0.0039789
bookshelf 0 0 -10 261.50 52.14 358.36 274.84 0.0033828
chair 0 0 -10 265.29 238.61 436.75 518.19 0.0032862
bookshelf 0 0 -10 336.44 20.70 503.52 489.06 0.0028369
bathtub 0 0 -10 277.33 325.89 426.05 490.69 0.0027295
night_stand 0 0 -10 350.72 38.19 438.43 126.33 0.0025040
night_stand 0 0 -10 270.82 293.22 438.81 515.22 0.0024763
table 0 0 -10 633.27 268.44 728.02 485.53 0.0024495
table 0 0 -10 303.84 40.23 363.77 122.49 0.0024173
table 0 0 -10 479.73 298.93 550.08 478.97 0.0022876
bookshelf 0 0 -10 303.18 45.04 356.01 318.60 0.0020958
chair 0 0 -10 235.08 27.64 464.71 481.45 0.0020587
chair 0 0 -10 686.82 274.16 730.00 473.73 0.0019039
desk 0 0 -10 162.81 0.45 616.46 509.77 0.0018549
table 0 0 -10 258.26 281.69 528.80 518.50 0.0018026
desk 0 0 -10 212.86 228.56 578.40 521.69 0.0016418
bookshelf 0 0 -10 303.96 35.40 366.00 122.70 0.0016340
chair 0 0 -10 462.62 0.30 564.45 51.81 0.0016299
sofa 0 0 -10 275.46 306.30 432.88 525.19 0.0015531
table 0 0 -10 33.53 374.19 503.02 526.07 0.0015010
desk 0 0 -10 632.09 267.26 730.00 482.78 0.0014265
bookshelf 0 0 -10 322.19 34.74 369.17 341.14 0.0013952
dresser 0 0 -10 709.46 254.70 728.62 458.42 0.0013853
chair 0 0 -10 264.21 418.67 416.50 526.20 0.0012995
table 0 0 -10 254.04 44.25 446.68 258.00 0.0012648
table 0 0 -10 305.81 35.06 373.35 88.16 0.0012290
bookshelf 0 0 -10 670.59 271.99 729.19 467.63 0.0012207
table 0 0 -10 350.16 41.07 433.23 124.37 0.0011906
bookshelf 0 0 -10 291.79 40.47 384.19 249.16 0.0011881
dresser 0 0 -10 159.68 10.06 628.64 473.82 0.0011750
bed 0 0 -10 200.89 0.00 643.66 530.00 0.0011693
toilet 0 0 -10 255.80 289.37 436.76 526.22 0.0010895
table 0 0 -10 130.52 12.59 567.28 517.36 0.0010552
bed 0 0 -10 684.03 266.03 730.00 478.27 0.0010302
sofa 0 0 -10 256.72 49.75 454.13 489.00 0.0010071
bathtub 0 0 -10 235.12 43.61 479.86 471.22 0.0009709
bookshelf 0 0 -10 238.46 60.71 359.44 462.93 0.0009046
table 0 0 -10 204.90 415.54 464.26 528.80 0.0008975
table 0 0 -10 341.89 372.54 448.13 525.95 0.0008848
dresser 0 0 -10 257.44 44.77 449.61 256.62 0.0008613
toilet 0 0 -10 230.72 28.49 468.03 506.23 0.0007875
desk 0 0 -10 251.72 38.19 454.07 257.31 0.0007506
sofa 0 0 -10 686.00 275.86 728.86 476.58 0.0007380
table 0 0 -10 460.35 245.75 532.85 487.05 0.0007266
bookshelf 0 0 -10 386.55 0.48 611.15 497.57 0.0007242
chair 0 0 -10 304.20 36.00 367.92 122.43 0.0007239
table 0 0 -10 318.09 323.58 376.03 467.30 0.0006933
table 0 0 -10 465.44 264.29 604.63 488.75 0.0006871
chair 0 0 -10 539.13 0.00 608.89 64.63 0.0006795
chair 0 0 -10 465.58 47.85 560.70 493.83 0.0006754
bed 0 0 -10 8.74 321.70 432.10 530.00 0.0006721
bathtub 0 0 -10 685.04 275.61 730.00 484.66 0.0006571
night_stand 0 0 -10 244.78 40.05 474.93 480.43 0.0006336
chair 0 0 -10 300.34 249.45 389.25 482.66 0.0005994
dresser 0 0 -10 693.23 170.29 728.34 435.36 0.0005874
chair 0 0 -10 630.60 285.51 729.69 496.71 0.0005803
bookshelf 0 0 -10 286.62 102.65 336.53 230.50 0.0005525
table 0 0 -10 307.15 339.62 396.25 436.82 0.0005375
table 0 0 -10 695.72 298.67 728.13 453.64 0.0005039
night_stand 0 0 -10 303.44 44.29 366.62 119.82 0.0005021
bathtub 0 0 -10 238.71 252.22 437.52 515.86 0.0004995
bookshelf 0 0 -10 465.59 0.00 555.78 476.83 0.0004950
bookshelf 0 0 -10 693.87 142.57 728.01 442.64 0.0004874
chair 0 0 -10 256.13 40.12 435.30 245.15 0.0004659
table 0 0 -10 324.57 29.28 385.77 109.82 0.0004649
table 0 0 -10 543.59 269.29 720.23 473.27 0.0004585
desk 0 0 -10 278.05 406.69 417.14 528.34 0.0004501
table 0 0 -10 483.72 5.80 585.18 70.62 0.0004425
dresser 0 0 -10 304.81 40.23 365.93 121.85 0.0004359
night_stand 0 0 -10 685.49 281.25 730.00 470.54 0.0004293
chair 0 0 -10 364.92 35.23 443.09 115.81 0.0004175
table 0 0 -10 306.44 328.50 331.73 449.76 0.0004098
table 0 0 -10 464.76 296.56 538.28 403.87 0.0004015
bathtub 0 0 -10 693.49 165.00 728.43 429.68 0.0003642
table 0 0 -10 274.29 19.79 447.16 165.51 0.0003617
bookshelf 0 0 -10 326.74 328.56 421.10 519.28 0.0003613
bathtub 0 0 -10 647.99 251.58 730.00 441.36 0.0003599
desk 0 0 -10 168.05 349.85 438.88 523.61 0.0003568
desk 0 0 -10 66.53 334.77 577.71 528.68 0.0003435
toilet 0 0 -10 685.27 279.99 730.00 483.33 0.0003388
