chair 0 0 -10 20.08 128.50 264.98 516.45 0.9933197
chair 0 0 -10 95.36 63.06 234.81 275.76 0.9822983
chair 0 0 -10 378.16 74.13 450.42 141.93 0.9721514
chair 0 0 -10 303.62 69.88 368.50 150.75 0.9316618
chair 0 0 -10 226.72 67.76 337.54 166.71 0.9128144
table 0 0 -10 130.93 134.29 634.64 423.56 0.8820398
chair 0 0 -10 471.15 88.11 548.14 147.72 0.7131279
chair 0 0 -10 222.25 63.61 358.35 249.00 0.5802991
chair 0 0 -10 485.27 91.24 572.26 163.90 0.5744787
chair 0 0 -10 522.82 91.73 596.55 177.84 0.5280320
chair 0 0 -10 479.03 95.58 579.86 212.45 0.4079465
chair 0 0 -10 315.81 74.04 415.81 146.78 0.3787830
chair 0 0 -10 464.63 82.25 542.83 200.17 0.3383331
chair 0 0 -10 659.56 149.69 729.69 257.69 0.3080471
chair 0 0 -10 300.74 61.07 385.33 227.78 0.2842515
chair 0 0 -10 259.28 65.34 374.02 194.77 0.2805207
chair 0 0 -10 369.04 72.92 461.52 221.93 0.2639461
chair 0 0 -10 10.81 128.01 177.60 355.42 0.1751078
chair 0 0 -10 522.41 108.25 611.23 222.97 0.1530005
chair 0 0 -10 56.53 84.80 193.35 290.86 0.1484673
desk 0 0 -10 140.24 142.97 628.80 422.07 0.0989844
chair 0 0 -10 490.46 89.87 536.12 139.74 0.0987424
chair 0 0 -10 208.29 59.27 300.58 191.66 0.0803251
bed 0 0 -10 154.02 125.12 632.34 410.47 0.0796167
chair 0 0 -10 422.61 88.54 588.14 231.40 0.0771227
chair 0 0 -10 278.87 63.57 434.10 253.31 0.0731039
chair 0 0 -10 236.62 118.74 384.10 281.17 0.0586796
table 0 0 -10 141.28 148.94 395.70 465.32 0.0507154
chair 0 0 -10 375.18 70.15 483.51 163.57 0.0468136
chair 0 0 -10 256.84 74.32 492.52 160.31 0.0461219
chair 0 0 -10 307.83 72.77 327.49 151.96 0.0395998
chair 0 0 -10 350.33 71.46 443.71 167.52 0.0378146
chair 0 0 -10 78.75 127.23 302.56 401.75 0.0341516
chair 0 0 -10 365.04 79.49 577.31 160.81 0.0335273
chair 0 0 -10 137.87 64.61 291.10 263.54 0.0311780
chair 0 0 -10 345.38 87.08 505.72 198.81 0.0310927
chair 0 0 -10 521.59 91.38 545.73 153.40 0.0288614
chair 0 0 -10 455.56 64.39 604.19 188.68 0.0256591
chair 0 0 -10 385.78 76.97 422.06 142.66 0.0239751
chair 0 0 -10 437.97 89.03 525.47 170.51 0.0206673
chair 0 0 -10 655.02 52.45 730.00 298.71 0.0202509
chair 0 0 -10 479.43 89.92 521.40 134.48 0.0201786
table 0 0 -10 282.10 129.94 612.51 261.88 0.0196543
table 0 0 -10 439.93 121.96 598.12 217.72 0.0191674
chair 0 0 -10 684.88 97.78 728.12 264.67 0.0176747
table 0 0 -10 461.07 141.92 617.09 250.61 0.0144594
chair 0 0 -10 236.97 156.56 523.70 383.51 0.0116752
table 0 0 -10 287.27 80.63 457.89 150.53 0.0113731
table 0 0 -10 419.04 101.14 590.95 180.09 0.0105119
desk 0 0 -10 133.24 148.33 386.99 472.03 0.0103331
chair 0 0 -10 183.00 57.39 411.00 164.48 0.0099560
chair 0 0 -10 450.35 53.85 528.54 150.60 0.0097945
chair 0 0 -10 246.82 96.92 428.70 205.57 0.0091368
chair 0 0 -10 245.28 105.50 334.81 160.00 0.0086592
chair 0 0 -10 682.16 139.73 730.00 333.19 0.0082124
sofa 0 0 -10 673.16 146.16 730.00 279.80 0.0076104
table 0 0 -10 218.32 82.33 576.82 160.77 0.0075914
chair 0 0 -10 490.56 122.61 705.95 260.37 0.0071682
chair 0 0 -10 64.18 65.15 354.31 291.53 0.0068859
chair 0 0 -10 175.07 90.53 359.22 337.82 0.0067357
chair 0 0 -10 473.50 92.58 504.64 135.85 0.0059607
chair 0 0 -10 349.92 76.29 367.67 182.26 0.0058390
table 0 0 -10 485.57 93.04 585.58 158.41 0.0055707
chair 0 0 -10 311.36 96.39 551.32 245.37 0.0052649
table 0 0 -10 190.17 74.79 312.07 188.84 0.0046415
table 0 0 -10 237.08 74.05 352.76 157.50 0.0044663
table 0 0 -10 109.47 68.61 246.36 234.94 0.0044528
table 0 0 -10 145.93 157.02 333.63 361.94 0.0043896
chair 0 0 -10 341.05 68.68 368.36 155.32 0.0041929
sofa 0 0 -10 168.03 148.09 638.93 467.95 0.0041422
chair 0 0 -10 6.67 114.87 108.87 302.10 0.0041278
table 0 0 -10 37.39 97.88 195.78 287.71 0.0040978
chair 0 0 -10 99.57 146.02 457.38 444.80 0.0040446
table 0 0 -10 122.65 68.33 331.75 208.50 0.0038716
chair 0 0 -10 366.10 29.40 498.00 147.42 0.0037266
table 0 0 -10 188.49 104.84 584.95 219.75 0.0031426
bookshelf 0 0 -10 419.66 0.00 523.98 129.18 0.0030387
sofa 0 0 -10 225.56 66.47 345.32 166.10 0.0030360
chair 0 0 -10 219.76 168.30 641.80 464.70 0.0029359
table 0 0 -10 670.36 136.56 728.82 254.88 0.0029273
table 0 0 -10 281.15 76.41 370.66 151.06 0.0028984
chair 0 0 -10 669.51 164.27 730.00 429.27 0.0028285
table 0 0 -10 191.82 128.55 531.22 348.81 0.0026499
table 0 0 -10 249.86 99.00 479.01 175.58 0.0025820
table 0 0 -10 409.36 86.27 566.12 144.92 0.0025170
sofa 0 0 -10 40.09 135.69 430.68 511.54 0.0025150
chair 0 0 -10 552.95 130.19 636.15 242.71 0.0024885
desk 0 0 -10 471.98 130.05 603.22 220.20 0.0024329
table 0 0 -10 379.96 67.73 457.72 144.42 0.0024004
chair 0 0 -10 525.02 93.89 545.92 128.47 0.0023785
bookshelf 0 0 -10 384.12 0.00 631.05 145.26 0.0022511
dresser 0 0 -10 467.64 1.71 579.90 127.64 0.0022231
table 0 0 -10 179.97 104.44 313.97 239.96 0.0021970
table 0 0 -10 493.37 120.54 602.34 187.37 0.0021531
table 0 0 -10 161.57 70.52 396.13 174.65 0.0020880
table 0 0 -10 230.32 210.70 381.24 411.62 0.0020843
chair 0 0 -10 353.01 83.72 371.49 148.11 0.0019029
chair 0 0 -10 396.18 122.78 601.85 278.54 0.0018596
chair 0 0 -10 283.69 104.88 390.58 152.67 0.0018500
desk 0 0 -10 9.37 207.26 257.81 469.88 0.0017968
