bed 0 0 -10 3.77 249.41 373.45 530.00 0.9931251
bed 0 0 -10 295.84 231.31 620.56 514.31 0.9921889
bed 0 0 -10 53.29 172.34 537.95 530.00 0.0921480
bed 0 0 -10 622.40 199.20 728.80 396.17 0.0564838
bookshelf 0 0 -10 623.09 201.04 729.21 388.36 0.0474579
dresser 0 0 -10 621.29 210.55 730.00 389.33 0.0463629
bed 0 0 -10 241.19 82.47 685.13 516.77 0.0319819
sofa 0 0 -10 626.83 205.54 728.86 391.14 0.0161259
chair 0 0 -10 636.45 205.63 730.00 351.67 0.0146713
dresser 0 0 -10 176.05 230.18 310.85 384.49 0.0096821
night_stand 0 0 -10 631.31 300.33 720.89 393.86 0.0084129
sofa 0 0 -10 7.13 297.23 372.53 530.00 0.0074090
bookshelf 0 0 -10 296.02 50.31 645.59 503.23 0.0065736
table 0 0 -10 9.20 320.94 378.18 530.00 0.0064133
bed 0 0 -10 44.55 237.78 341.80 421.81 0.0063933
bed 0 0 -10 196.93 208.77 497.11 395.90 0.0063307
dresser 0 0 -10 381.45 195.11 459.66 349.87 0.0062936
sofa 0 0 -10 295.96 200.74 637.81 514.77 0.0056668
chair 0 0 -10 12.25 315.29 363.69 528.97 0.0052094
table 0 0 -10 622.58 209.32 727.84 390.66 0.0038365
dresser 0 0 -10 376.51 244.42 446.57 293.44 0.0033098
bed 0 0 -10 178.09 227.09 312.76 392.88 0.0032298
dresser 0 0 -10 286.30 162.15 649.16 509.25 0.0031832
chair 0 0 -10 309.45 182.91 622.73 526.70 0.0031170
bed 0 0 -10 23.79 381.53 386.25 527.56 0.0030747
table 0 0 -10 286.64 125.10 653.57 505.94 0.0030361
bed 0 0 -10 306.30 277.41 559.30 384.38 0.0030088
night_stand 0 0 -10 624.30 208.24 729.36 388.48 0.0028432
desk 0 0 -10 621.64 204.57 730.00 390.29 0.0028068
dresser 0 0 -10 277.25 196.02 389.17 308.88 0.0027014
bed 0 0 -10 516.62 179.52 704.41 433.35 0.0026845
chair 0 0 -10 20.34 0.53 133.77 61.47 0.0026827
chair 0 0 -10 73.18 0.00 148.66 71.13 0.0025577
dresser 0 0 -10 380.94 202.52 548.26 350.46 0.0024424
bed 0 0 -10 415.39 173.85 657.48 451.50 0.0023799
bed 0 0 -10 643.79 234.74 727.16 312.98 0.0023119
bed 0 0 -10 240.45 152.79 606.79 381.73 0.0023072
bookshelf 0 0 -10 268.75 193.98 373.99 317.49 0.0019807
table 0 0 -10 291.69 297.68 616.27 526.39 0.0018512
dresser 0 0 -10 1.89 309.56 370.81 530.00 0.0018371
desk 0 0 -10 261.61 133.48 686.65 502.29 0.0016430
dresser 0 0 -10 631.18 300.03 721.79 389.21 0.0015449
chair 0 0 -10 443.79 165.82 504.64 223.72 0.0014271
bookshelf 0 0 -10 349.26 152.14 701.20 418.21 0.0014023
bed 0 0 -10 377.34 189.39 464.01 357.27 0.0012671
bathtub 0 0 -10 624.47 197.52 730.00 381.48 0.0012010
night_stand 0 0 -10 305.74 294.97 611.14 518.02 0.0011782
bathtub 0 0 -10 278.79 194.02 408.26 267.88 0.0011634
bed 0 0 -10 226.97 293.54 482.87 517.63 0.0011600
bookshelf 0 0 -10 564.47 187.03 702.92 401.24 0.0011570
bed 0 0 -10 373.65 45.27 642.53 403.90 0.0011525
desk 0 0 -10 0.00 316.46 385.92 527.96 0.0011444
night_stand 0 0 -10 32.14 283.86 378.67 530.00 0.0011085
bookshelf 0 0 -10 145.69 11.41 714.31 336.86 0.0010670
dresser 0 0 -10 347.42 222.17 411.89 286.16 0.0010458
bed 0 0 -10 451.21 176.28 602.01 346.52 0.0010268
bookshelf 0 0 -10 381.54 182.88 459.63 349.39 0.0010215
bed 0 0 -10 681.18 177.47 728.70 410.94 0.0009670
table 0 0 -10 634.60 301.75 717.64 392.54 0.0009560
bookshelf 0 0 -10 11.38 190.90 353.50 513.69 0.0009370
bathtub 0 0 -10 293.13 106.96 653.71 492.25 0.0009036
bed 0 0 -10 94.80 20.62 717.38 344.96 0.0008860
dresser 0 0 -10 377.32 232.17 423.12 306.29 0.0008834
bookshelf 0 0 -10 645.65 229.04 729.07 310.75 0.0008679
dresser 0 0 -10 563.22 209.60 702.82 360.98 0.0008606
chair 0 0 -10 100.48 0.04 177.99 72.50 0.0008332
bookshelf 0 0 -10 257.86 145.71 594.57 372.25 0.0008317
chair 0 0 -10 450.94 175.85 488.67 215.44 0.0008306
chair 0 0 -10 653.75 201.80 723.83 304.80 0.0008138
chair 0 0 -10 417.38 162.68 474.24 220.37 0.0007970
bed 0 0 -10 368.83 197.16 554.26 360.56 0.0007955
bookshelf 0 0 -10 376.05 210.07 454.10 290.94 0.0007771
chair 0 0 -10 459.70 161.46 525.92 221.22 0.0007398
chair 0 0 -10 436.76 175.25 468.83 209.47 0.0007381
bed 0 0 -10 580.87 226.56 723.73 355.92 0.0007116
bed 0 0 -10 321.51 256.74 492.29 364.15 0.0006971
night_stand 0 0 -10 191.68 239.93 308.24 379.67 0.0006905
dresser 0 0 -10 294.18 199.23 440.29 266.97 0.0006881
dresser 0 0 -10 367.28 182.45 442.09 306.52 0.0006844
bed 0 0 -10 246.10 135.36 655.37 265.18 0.0006757
dresser 0 0 -10 461.02 201.03 600.20 388.68 0.0006753
bed 0 0 -10 509.03 190.55 615.41 463.21 0.0006738
table 0 0 -10 156.28 234.86 312.34 394.56 0.0006656
night_stand 0 0 -10 379.92 244.34 445.10 293.94 0.0006573
bookshelf 0 0 -10 374.30 173.19 494.80 295.11 0.0006299
dresser 0 0 -10 360.47 208.13 507.65 298.74 0.0006031
chair 0 0 -10 64.09 428.61 449.14 526.92 0.0005852
toilet 0 0 -10 623.25 199.43 728.33 388.03 0.0005488
desk 0 0 -10 289.31 290.02 622.93 516.47 0.0005481
bookshelf 0 0 -10 185.98 226.65 313.10 385.00 0.0005478
bed 0 0 -10 662.06 295.44 729.33 430.89 0.0005476
table 0 0 -10 281.47 142.37 693.79 308.64 0.0005465
bed 0 0 -10 445.86 237.54 532.98 310.89 0.0005375
sofa 0 0 -10 651.28 213.16 726.54 313.74 0.0005355
bed 0 0 -10 589.32 35.40 730.00 379.05 0.0005276
chair 0 0 -10 376.67 233.22 437.55 284.08 0.0005234
bed 0 0 -10 446.37 127.94 717.40 367.94 0.0005191
chair 0 0 -10 433.71 149.16 469.77 214.65 0.0005096
chair 0 0 -10 554.33 177.59 712.83 436.32 0.0005081
dresser 0 0 -10 301.04 287.13 589.51 519.16 0.0005068
