table 0 0 -10 132.10 299.10 295.80 486.30 0.9531257
table 0 0 -10 572.74 309.59 708.82 359.87 0.6685699
bed 0 0 -10 3.16 474.99 165.71 530.00 0.5536828
sofa 0 0 -10 287.46 235.90 485.54 459.85 0.1936495
chair 0 0 -10 273.24 230.53 487.07 482.68 0.1865175
table 0 0 -10 581.07 323.08 692.56 351.91 0.1450177
table 0 0 -10 0.60 474.14 164.52 530.00 0.1157929
chair 0 0 -10 263.13 441.86 481.65 528.89 0.0912629
table 0 0 -10 264.38 434.54 474.80 528.46 0.0604391
table 0 0 -10 658.54 301.31 728.96 371.93 0.0532555
table 0 0 -10 148.00 300.48 293.83 392.66 0.0494651
table 0 0 -10 566.28 305.86 726.43 391.74 0.0416772
table 0 0 -10 686.53 307.47 727.90 430.12 0.0357318
chair 0 0 -10 696.10 313.15 727.34 429.20 0.0259344
sofa 0 0 -10 263.03 439.62 477.50 530.00 0.0246184
sofa 0 0 -10 2.69 471.59 166.80 530.00 0.0237382
table 0 0 -10 583.15 301.58 691.91 340.22 0.0220140
table 0 0 -10 635.88 300.14 723.87 407.24 0.0210477
table 0 0 -10 699.38 315.95 727.68 403.91 0.0198663
desk 0 0 -10 135.21 307.06 300.78 491.64 0.0138141
table 0 0 -10 177.13 275.93 431.12 484.58 0.0135407
table 0 0 -10 595.82 316.02 684.16 341.98 0.0124570
chair 0 0 -10 701.04 291.77 728.23 381.98 0.0099183
table 0 0 -10 708.24 318.51 728.78 452.03 0.0092533
table 0 0 -10 314.83 240.92 485.93 428.10 0.0092501
table 0 0 -10 574.33 307.67 659.92 348.54 0.0091405
chair 0 0 -10 266.99 375.47 485.69 520.41 0.0083624
desk 0 0 -10 569.75 307.60 707.41 366.87 0.0083049
chair 0 0 -10 478.84 213.61 541.36 265.56 0.0080303
table 0 0 -10 550.88 305.44 725.90 462.93 0.0075870
sofa 0 0 -10 166.28 236.11 545.14 518.36 0.0075037
chair 0 0 -10 123.16 297.59 288.82 488.67 0.0070502
chair 0 0 -10 704.05 317.49 722.30 387.12 0.0065996
desk 0 0 -10 661.54 292.77 726.76 385.04 0.0064118
sofa 0 0 -10 271.90 328.16 494.94 498.13 0.0062846
chair 0 0 -10 7.08 476.95 159.07 530.00 0.0060937
table 0 0 -10 415.14 217.16 541.97 264.92 0.0060111
chair 0 0 -10 665.94 319.96 729.58 435.68 0.0059813
desk 0 0 -10 0.00 472.14 173.01 529.95 0.0059097
table 0 0 -10 687.49 352.61 726.89 410.48 0.0053780
chair 0 0 -10 708.21 318.05 729.40 449.52 0.0048232
bookshelf 0 0 -10 0.00 471.99 168.51 530.00 0.0047596
table 0 0 -10 658.27 296.31 727.75 333.99 0.0046655
table 0 0 -10 704.58 320.72 717.79 406.38 0.0046175
chair 0 0 -10 685.20 345.96 728.12 399.88 0.0044492
table 0 0 -10 277.82 378.26 487.00 508.40 0.0039378
table 0 0 -10 237.70 412.37 604.62 523.97 0.0037859
desk 0 0 -10 311.30 238.54 491.69 433.46 0.0037359
table 0 0 -10 687.11 313.49 727.29 367.10 0.0033834
chair 0 0 -10 574.33 286.70 676.95 355.10 0.0033234
dresser 0 0 -10 309.54 232.53 486.70 438.03 0.0032506
table 0 0 -10 50.58 393.70 535.23 524.16 0.0031739
chair 0 0 -10 676.88 282.74 726.85 363.73 0.0031616
chair 0 0 -10 669.67 308.91 729.62 384.23 0.0031246
desk 0 0 -10 696.84 315.88 726.15 431.08 0.0031051
dresser 0 0 -10 0.00 473.43 166.49 530.00 0.0030946
table 0 0 -10 591.28 276.99 686.46 357.58 0.0028979
table 0 0 -10 702.30 347.72 726.49 393.23 0.0028213
chair 0 0 -10 347.72 233.64 482.48 418.42 0.0027660
chair 0 0 -10 569.43 302.15 637.08 348.33 0.0023963
table 0 0 -10 394.51 239.04 482.54 388.40 0.0023761
bookshelf 0 0 -10 413.80 97.02 489.17 248.98 0.0022714
chair 0 0 -10 693.90 316.99 718.36 362.19 0.0022654
sofa 0 0 -10 700.10 316.49 727.69 449.34 0.0022155
chair 0 0 -10 690.21 320.54 728.09 376.87 0.0021644
night_stand 0 0 -10 0.00 474.47 172.24 529.78 0.0021535
desk 0 0 -10 690.86 302.69 727.76 385.92 0.0021082
table 0 0 -10 5.71 334.07 264.84 519.29 0.0020647
table 0 0 -10 710.46 334.24 724.90 423.32 0.0020406
table 0 0 -10 701.82 328.21 724.02 375.82 0.0019813
table 0 0 -10 502.15 331.62 712.00 516.98 0.0017619
table 0 0 -10 417.42 215.33 492.32 333.40 0.0017423
table 0 0 -10 630.84 297.06 720.31 354.15 0.0017180
desk 0 0 -10 393.31 238.44 485.22 388.33 0.0017030
chair 0 0 -10 605.28 301.92 700.01 353.69 0.0017003
table 0 0 -10 324.64 274.90 478.86 370.91 0.0016928
bathtub 0 0 -10 1.37 474.74 169.63 529.41 0.0016486
table 0 0 -10 624.93 311.01 653.87 355.39 0.0016082
chair 0 0 -10 544.67 247.53 574.85 274.65 0.0015566
chair 0 0 -10 614.86 296.36 722.34 378.83 0.0015524
bed 0 0 -10 575.59 299.80 703.13 359.91 0.0015429
night_stand 0 0 -10 694.93 337.64 729.19 419.39 0.0014668
table 0 0 -10 715.72 335.34 728.70 431.74 0.0014466
sofa 0 0 -10 559.73 304.21 697.00 369.58 0.0014381
table 0 0 -10 716.62 310.26 729.56 487.87 0.0014284
night_stand 0 0 -10 222.08 74.46 271.19 142.54 0.0014140
chair 0 0 -10 583.69 275.99 658.19 338.95 0.0013372
sofa 0 0 -10 47.36 391.57 562.69 530.00 0.0012701
chair 0 0 -10 460.40 215.13 566.94 274.71 0.0012489
bookshelf 0 0 -10 313.79 223.39 483.81 437.34 0.0012288
chair 0 0 -10 290.14 226.93 400.10 410.88 0.0011031
table 0 0 -10 111.55 428.22 446.75 528.95 0.0010999
table 0 0 -10 463.29 379.11 565.49 497.52 0.0010673
chair 0 0 -10 687.01 204.14 728.94 391.26 0.0010560
dresser 0 0 -10 393.34 236.97 482.05 390.44 0.0010180
chair 0 0 -10 412.25 216.42 483.74 295.90 0.0010080
desk 0 0 -10 579.59 321.46 692.35 353.73 0.0010048
desk 0 0 -10 416.06 216.01 544.66 265.42 0.0009919
chair 0 0 -10 171.46 291.32 287.80 429.29 0.0009914
bed 0 0 -10 301.18 227.59 489.62 449.31 0.0009848
