table 0 0 -10 261.31 195.85 575.06 501.13 0.9506610
desk 0 0 -10 1.63 149.99 299.21 351.24 0.9030182
table 0 0 -10 5.97 145.75 314.98 373.67 0.2125626
desk 0 0 -10 457.34 101.13 571.12 161.86 0.1153943
desk 0 0 -10 131.32 172.16 549.03 513.08 0.0842630
table 0 0 -10 16.53 177.43 413.88 508.87 0.0496714
table 0 0 -10 459.67 99.75 569.62 160.02 0.0371486
table 0 0 -10 618.18 105.83 725.45 221.11 0.0242747
table 0 0 -10 353.58 191.03 562.92 363.50 0.0239260
dresser 0 0 -10 7.13 138.42 289.16 349.65 0.0165014
chair 0 0 -10 614.31 103.90 695.84 204.19 0.0148543
table 0 0 -10 645.65 189.19 712.91 223.92 0.0147923
chair 0 0 -10 648.45 102.35 727.89 214.13 0.0132927
desk 0 0 -10 4.35 149.41 362.41 504.43 0.0103301
chair 0 0 -10 702.02 101.75 728.95 208.74 0.0053236
chair 0 0 -10 259.11 210.28 540.28 507.77 0.0046485
chair 0 0 -10 318.08 0.60 441.93 99.98 0.0046051
table 0 0 -10 273.47 246.48 450.99 494.20 0.0044654
night_stand 0 0 -10 8.96 134.75 293.05 354.66 0.0041183
desk 0 0 -10 0.00 89.71 561.02 371.23 0.0039649
table 0 0 -10 632.21 147.56 713.45 218.12 0.0039263
table 0 0 -10 73.25 148.25 295.89 303.65 0.0038316
desk 0 0 -10 252.82 194.69 567.83 422.07 0.0037007
chair 0 0 -10 607.92 128.77 670.14 213.81 0.0035423
chair 0 0 -10 681.21 99.21 728.34 189.33 0.0033948
table 0 0 -10 456.40 198.91 564.40 347.58 0.0032860
chair 0 0 -10 532.62 98.43 576.77 164.92 0.0030930
chair 0 0 -10 636.27 116.60 713.55 191.00 0.0030389
sofa 0 0 -10 8.58 142.83 313.43 361.39 0.0022281
bookshelf 0 0 -10 8.23 87.40 311.40 361.99 0.0021701
table 0 0 -10 206.45 147.20 298.21 264.80 0.0021049
chair 0 0 -10 32.07 126.91 362.48 485.20 0.0017794
chair 0 0 -10 6.92 121.27 274.73 349.52 0.0017779
chair 0 0 -10 631.58 126.14 678.99 183.23 0.0017771
table 0 0 -10 658.34 197.40 724.52 228.91 0.0017440
dresser 0 0 -10 460.87 100.47 570.53 161.62 0.0016777
chair 0 0 -10 473.87 93.60 544.77 155.69 0.0016080
chair 0 0 -10 336.47 189.75 564.00 410.63 0.0016002
table 0 0 -10 629.01 175.70 718.17 232.74 0.0015895
chair 0 0 -10 625.78 116.39 730.00 303.03 0.0014869
desk 0 0 -10 529.63 104.11 575.95 164.65 0.0013645
table 0 0 -10 6.24 100.76 553.36 364.28 0.0012756
bookshelf 0 0 -10 461.26 98.41 571.82 163.81 0.0011880
table 0 0 -10 676.60 104.21 726.87 239.84 0.0010498
chair 0 0 -10 595.07 121.84 652.99 202.33 0.0010285
table 0 0 -10 262.05 170.96 523.02 326.79 0.0010217
chair 0 0 -10 596.45 111.67 629.71 191.64 0.0010200
chair 0 0 -10 127.43 111.65 504.65 505.69 0.0010131
chair 0 0 -10 639.12 173.26 729.18 227.51 0.0009919
sofa 0 0 -10 242.12 180.13 599.48 486.79 0.0009668
chair 0 0 -10 429.07 163.01 570.43 351.19 0.0009497
desk 0 0 -10 630.94 109.57 727.60 228.21 0.0009200
table 0 0 -10 555.54 117.27 702.49 206.21 0.0008867
chair 0 0 -10 340.92 187.41 639.88 525.98 0.0008538
chair 0 0 -10 532.53 80.43 616.93 165.57 0.0008501
chair 0 0 -10 495.41 99.28 587.09 164.52 0.0007894
chair 0 0 -10 555.70 118.47 667.19 217.53 0.0007889
chair 0 0 -10 131.03 3.31 322.82 92.40 0.0007715
bathtub 0 0 -10 3.09 139.45 291.75 356.73 0.0007629
table 0 0 -10 85.59 249.43 597.57 530.00 0.0007534
table 0 0 -10 605.08 131.26 671.84 218.10 0.0007370
chair 0 0 -10 602.66 108.53 617.75 186.89 0.0007214
table 0 0 -10 116.27 6.83 322.76 91.89 0.0007165
chair 0 0 -10 635.86 155.99 659.25 185.27 0.0007108
table 0 0 -10 297.97 2.52 438.58 96.91 0.0006691
bed 0 0 -10 243.79 185.17 567.41 507.70 0.0006413
desk 0 0 -10 172.27 144.86 293.57 276.52 0.0006355
table 0 0 -10 484.09 98.35 722.00 217.23 0.0006195
dresser 0 0 -10 516.68 105.46 574.30 167.48 0.0006089
table 0 0 -10 625.91 121.30 726.98 297.51 0.0006031
chair 0 0 -10 504.28 78.87 551.10 141.24 0.0005759
table 0 0 -10 211.73 162.69 466.72 389.84 0.0005684
chair 0 0 -10 717.70 118.16 728.56 214.28 0.0005676
table 0 0 -10 642.98 188.99 720.61 250.87 0.0005616
chair 0 0 -10 611.28 136.38 715.02 230.11 0.0005520
chair 0 0 -10 40.39 272.57 419.74 530.00 0.0005449
table 0 0 -10 476.32 87.15 545.14 150.37 0.0005418
chair 0 0 -10 219.95 0.00 420.14 96.52 0.0005409
table 0 0 -10 708.40 110.70 729.40 235.53 0.0005408
bed 0 0 -10 3.06 127.58 320.83 376.80 0.0005339
chair 0 0 -10 541.46 109.92 626.04 196.63 0.0005217
table 0 0 -10 41.70 2.24 392.70 107.13 0.0005173
desk 0 0 -10 259.34 254.21 514.53 528.24 0.0005141
table 0 0 -10 658.09 115.86 726.42 196.93 0.0005046
chair 0 0 -10 709.90 108.33 729.75 171.21 0.0004907
chair 0 0 -10 687.51 115.71 728.52 163.44 0.0004867
dresser 0 0 -10 5.72 157.25 342.98 464.18 0.0004846
chair 0 0 -10 613.88 116.91 633.90 182.85 0.0004415
chair 0 0 -10 102.49 151.81 295.57 321.34 0.0003870
chair 0 0 -10 310.62 3.57 433.87 55.75 0.0003763
chair 0 0 -10 712.94 142.58 730.00 185.26 0.0003744
desk 0 0 -10 0.00 3.67 552.84 183.94 0.0003477
bed 0 0 -10 638.76 121.03 727.14 205.29 0.0003407
chair 0 0 -10 579.72 150.88 645.61 218.68 0.0003407
table 0 0 -10 665.16 212.06 729.32 448.03 0.0003363
chair 0 0 -10 575.47 111.80 625.54 178.81 0.0003322
desk 0 0 -10 311.50 5.10 446.98 99.09 0.0003286
chair 0 0 -10 623.36 121.58 640.51 195.82 0.0003259
table 0 0 -10 691.09 124.21 728.57 351.95 0.0003233
night_stand 0 0 -10 258.45 193.73 557.68 512.62 0.0003186
