sofa 0 0 -10 6.53 220.61 516.82 529.23 0.9818400
sofa 0 0 -10 174.51 211.53 517.66 355.40 0.9257649
sofa 0 0 -10 7.08 135.96 227.87 228.41 0.7870077
sofa 0 0 -10 70.62 174.63 540.08 413.12 0.4439229
sofa 0 0 -10 676.90 412.83 729.05 530.00 0.1603888
sofa 0 0 -10 523.89 132.29 701.27 238.66 0.0996106
sofa 0 0 -10 0.00 161.43 225.77 396.50 0.0798840
sofa 0 0 -10 592.65 289.39 730.00 409.44 0.0606326
sofa 0 0 -10 1.40 236.72 42.72 303.44 0.0475340
sofa 0 0 -10 1.40 149.19 47.46 408.97 0.0474864
sofa 0 0 -10 0.89 177.84 294.87 246.86 0.0474812
chair 0 0 -10 593.11 283.79 725.83 409.90 0.0451912
sofa 0 0 -10 0.00 134.04 299.28 289.25 0.0331045
sofa 0 0 -10 224.67 213.81 403.61 340.98 0.0327176
bed 0 0 -10 177.36 193.71 526.64 354.18 0.0289947
chair 0 0 -10 673.74 404.86 729.45 527.87 0.0264104
dresser 0 0 -10 342.77 101.96 404.84 194.88 0.0205860
sofa 0 0 -10 0.79 230.01 32.48 393.51 0.0174723
night_stand 0 0 -10 342.61 97.13 403.73 194.27 0.0172513
table 0 0 -10 0.70 237.69 32.11 302.55 0.0163989
bed 0 0 -10 482.50 85.67 718.90 243.07 0.0159637
sofa 0 0 -10 256.13 241.57 525.22 431.17 0.0148645
sofa 0 0 -10 10.76 192.03 358.79 444.77 0.0127350
table 0 0 -10 0.26 238.85 31.23 394.41 0.0121799
table 0 0 -10 196.47 151.50 278.41 208.19 0.0115702
sofa 0 0 -10 11.21 125.86 200.06 194.60 0.0114102
sofa 0 0 -10 157.04 210.13 459.48 280.60 0.0109537
sofa 0 0 -10 202.08 280.87 502.96 525.66 0.0096914
bed 0 0 -10 382.99 13.95 722.05 269.84 0.0092080
table 0 0 -10 0.00 285.37 24.20 433.16 0.0088118
sofa 0 0 -10 518.31 140.93 715.46 317.14 0.0083277
bed 0 0 -10 57.54 168.35 543.27 413.90 0.0080472
sofa 0 0 -10 177.64 194.25 286.34 240.99 0.0077507
table 0 0 -10 325.65 188.44 389.68 229.43 0.0074381
table 0 0 -10 212.44 199.66 284.14 239.83 0.0073195
chair 0 0 -10 1.80 235.69 44.55 303.80 0.0071908
table 0 0 -10 0.95 176.53 35.87 331.98 0.0071381
sofa 0 0 -10 2.32 149.77 79.85 336.86 0.0063746
chair 0 0 -10 4.18 127.17 228.58 233.43 0.0057221
sofa 0 0 -10 16.15 97.01 332.58 229.84 0.0056514
table 0 0 -10 0.46 249.24 46.86 437.96 0.0053586
night_stand 0 0 -10 325.24 181.29 384.39 228.09 0.0053084
sofa 0 0 -10 18.87 192.52 376.28 266.21 0.0052541
bed 0 0 -10 349.49 91.56 668.21 238.49 0.0047637
sofa 0 0 -10 191.88 198.18 421.19 249.77 0.0047387
sofa 0 0 -10 61.81 147.24 433.11 333.75 0.0046529
bed 0 0 -10 509.27 137.10 726.67 279.85 0.0045345
sofa 0 0 -10 522.72 241.72 694.13 322.03 0.0043532
chair 0 0 -10 203.65 274.67 517.29 529.18 0.0043296
chair 0 0 -10 0.91 142.25 35.30 433.94 0.0039885
sofa 0 0 -10 712.81 383.87 729.13 530.00 0.0037023
table 0 0 -10 593.70 288.74 726.74 404.49 0.0036368
sofa 0 0 -10 3.38 200.22 104.71 431.88 0.0036074
bed 0 0 -10 520.02 236.47 695.70 321.08 0.0035388
table 0 0 -10 7.05 129.02 220.27 229.73 0.0034673
bed 0 0 -10 29.09 98.06 391.90 225.77 0.0033182
bed 0 0 -10 1.01 128.75 210.88 236.60 0.0033115
table 0 0 -10 2.32 260.48 14.11 447.55 0.0032383
sofa 0 0 -10 1.35 154.11 38.86 287.44 0.0030567
sofa 0 0 -10 163.24 190.81 391.34 312.87 0.0030005
sofa 0 0 -10 230.44 196.96 346.57 242.26 0.0029987
sofa 0 0 -10 5.50 148.11 17.79 450.70 0.0029682
sofa 0 0 -10 652.77 363.74 730.00 530.00 0.0029410
chair 0 0 -10 215.72 186.60 534.86 357.65 0.0028794
table 0 0 -10 675.81 409.96 727.16 530.00 0.0027798
dresser 0 0 -10 339.81 16.60 396.89 193.73 0.0026892
sofa 0 0 -10 698.63 382.29 726.94 530.00 0.0026757
dresser 0 0 -10 295.21 104.31 401.40 200.38 0.0026572
table 0 0 -10 2.04 164.68 16.89 434.30 0.0026220
desk 0 0 -10 202.49 136.21 283.80 199.89 0.0024662
sofa 0 0 -10 135.31 149.80 281.04 224.18 0.0024112
sofa 0 0 -10 251.66 211.55 408.60 266.84 0.0023833
bed 0 0 -10 101.67 4.85 705.30 288.20 0.0023564
sofa 0 0 -10 401.72 110.29 718.55 245.71 0.0022831
bookshelf 0 0 -10 53.54 93.61 384.24 219.46 0.0022783
bookshelf 0 0 -10 323.18 86.62 401.32 228.94 0.0022716
sofa 0 0 -10 2.15 65.67 222.29 210.33 0.0020990
bed 0 0 -10 589.57 290.75 730.00 409.30 0.0020534
table 0 0 -10 386.05 1.30 727.02 121.52 0.0020293
chair 0 0 -10 374.77 100.52 543.22 228.39 0.0020162
chair 0 0 -10 1.34 153.33 40.74 287.91 0.0019956
chair 0 0 -10 604.81 406.17 730.00 530.00 0.0019773
table 0 0 -10 3.92 256.92 8.69 422.79 0.0019497
sofa 0 0 -10 3.88 232.95 8.77 424.34 0.0019087
sofa 0 0 -10 374.35 114.32 540.06 230.34 0.0018531
table 0 0 -10 85.22 306.48 501.33 522.78 0.0018507
bed 0 0 -10 675.30 404.73 729.04 530.00 0.0018494
sofa 0 0 -10 6.93 145.14 10.95 398.93 0.0018258
sofa 0 0 -10 2.41 139.28 9.02 412.03 0.0018111
sofa 0 0 -10 138.41 179.71 281.97 299.67 0.0017785
bed 0 0 -10 0.31 181.16 294.14 246.33 0.0017764
bed 0 0 -10 6.17 27.05 485.69 253.37 0.0017652
sofa 0 0 -10 3.02 140.74 88.77 244.68 0.0017550
bed 0 0 -10 504.01 186.04 704.49 306.37 0.0017098
dresser 0 0 -10 324.65 183.65 384.97 228.70 0.0016150
sofa 0 0 -10 539.02 164.03 682.47 211.29 0.0015852
table 0 0 -10 344.07 101.81 401.02 197.75 0.0015508
bed 0 0 -10 356.36 123.40 683.57 314.70 0.0015477
chair 0 0 -10 71.84 32.68 190.03 143.54 0.0015461
chair 0 0 -10 629.12 316.02 730.00 508.92 0.0014901
