bed 0 0 -10 0.00 221.40 632.04 530.00 0.9962275
desk 0 0 -10 12.58 201.69 273.00 302.32 0.3419273
table 0 0 -10 11.82 203.96 269.19 321.36 0.3087772
night_stand 0 0 -10 580.24 340.63 729.49 528.02 0.1518048
dresser 0 0 -10 5.45 192.60 273.17 321.06 0.0723070
chair 0 0 -10 278.18 223.65 441.65 370.36 0.0547373
bookshelf 0 0 -10 578.83 132.14 730.00 519.35 0.0506907
bed 0 0 -10 252.78 232.01 421.57 370.50 0.0481968
bed 0 0 -10 1.81 168.35 430.09 449.78 0.0473977
bed 0 0 -10 12.77 189.64 300.97 327.21 0.0472876
table 0 0 -10 39.18 199.74 266.39 266.09 0.0440512
night_stand 0 0 -10 208.51 220.33 275.15 261.19 0.0433642
dresser 0 0 -10 580.74 111.12 730.00 517.01 0.0403939
night_stand 0 0 -10 6.70 197.12 265.96 319.07 0.0321592
desk 0 0 -10 582.02 228.25 727.31 526.10 0.0303813
table 0 0 -10 585.56 303.39 723.77 529.87 0.0258855
night_stand 0 0 -10 231.46 235.19 330.06 323.81 0.0226033
desk 0 0 -10 71.84 211.45 270.14 266.39 0.0214913
night_stand 0 0 -10 234.67 248.08 400.94 336.17 0.0208650
bed 0 0 -10 328.21 229.77 457.02 373.26 0.0205314
night_stand 0 0 -10 178.65 228.25 289.44 331.07 0.0196405
bed 0 0 -10 45.95 217.14 440.57 359.36 0.0169867
chair 0 0 -10 197.87 204.16 417.39 356.65 0.0162603
bed 0 0 -10 572.39 161.92 728.89 527.62 0.0137760
night_stand 0 0 -10 537.10 328.99 620.47 503.60 0.0133059
bed 0 0 -10 293.46 243.96 646.08 528.58 0.0111337
night_stand 0 0 -10 156.70 217.19 276.01 266.06 0.0091410
dresser 0 0 -10 250.77 157.57 358.19 255.99 0.0084421
bookshelf 0 0 -10 642.94 186.43 730.00 485.35 0.0076687
bed 0 0 -10 224.94 225.26 491.32 410.79 0.0071084
dresser 0 0 -10 86.02 212.15 269.82 265.19 0.0069667
desk 0 0 -10 607.11 344.79 730.00 527.95 0.0062574
table 0 0 -10 663.62 381.16 726.76 530.00 0.0061957
dresser 0 0 -10 261.14 235.05 413.35 366.54 0.0061004
night_stand 0 0 -10 277.43 243.50 431.14 372.46 0.0059177
bed 0 0 -10 16.61 196.05 270.35 273.62 0.0057065
bed 0 0 -10 0.00 76.87 306.89 372.53 0.0051494
sofa 0 0 -10 292.80 228.58 473.10 356.38 0.0047481
table 0 0 -10 86.17 193.11 217.78 259.29 0.0045897
desk 0 0 -10 109.08 204.87 199.47 264.93 0.0045725
sofa 0 0 -10 0.00 234.48 632.34 529.04 0.0045382
bed 0 0 -10 277.74 225.77 446.09 304.35 0.0043418
night_stand 0 0 -10 196.73 225.54 278.70 298.40 0.0042103
night_stand 0 0 -10 270.74 233.44 320.92 316.79 0.0040347
night_stand 0 0 -10 561.64 310.15 668.36 514.49 0.0040040
chair 0 0 -10 111.95 199.60 183.19 264.09 0.0040029
night_stand 0 0 -10 663.92 381.92 730.00 527.96 0.0039707
dresser 0 0 -10 613.64 330.63 729.34 525.96 0.0038161
dresser 0 0 -10 9.55 120.39 272.12 289.08 0.0037983
bed 0 0 -10 238.12 228.29 375.81 331.97 0.0033369
bathtub 0 0 -10 7.96 187.02 271.61 322.55 0.0032761
bed 0 0 -10 0.05 220.80 272.49 478.61 0.0032690
bathtub 0 0 -10 76.58 214.58 266.59 263.40 0.0031297
night_stand 0 0 -10 271.18 245.60 319.28 263.66 0.0031147
bed 0 0 -10 301.47 228.81 537.65 348.61 0.0030109
chair 0 0 -10 159.55 212.91 290.99 329.28 0.0029526
dresser 0 0 -10 266.25 113.76 330.07 266.69 0.0029360
chair 0 0 -10 124.97 211.87 251.96 259.16 0.0028681
desk 0 0 -10 27.79 195.95 264.06 252.21 0.0028492
table 0 0 -10 595.56 158.23 726.37 480.63 0.0027360
dresser 0 0 -10 191.72 220.63 272.50 260.67 0.0026885
dresser 0 0 -10 663.78 381.19 728.60 529.12 0.0026786
bed 0 0 -10 282.10 159.02 459.21 372.99 0.0026620
chair 0 0 -10 86.43 182.98 192.92 323.36 0.0024078
dresser 0 0 -10 173.57 223.14 276.82 325.34 0.0023717
chair 0 0 -10 662.40 380.74 729.62 527.68 0.0023584
chair 0 0 -10 546.48 198.26 716.44 530.00 0.0023060
chair 0 0 -10 6.10 247.06 285.96 528.06 0.0022616
dresser 0 0 -10 5.96 46.70 178.42 255.28 0.0022048
chair 0 0 -10 114.75 209.02 241.96 321.51 0.0021754
table 0 0 -10 4.32 224.79 575.06 530.00 0.0021182
night_stand 0 0 -10 4.26 173.13 27.49 340.75 0.0019608
dresser 0 0 -10 684.79 398.07 728.66 492.58 0.0019302
night_stand 0 0 -10 170.12 242.02 326.54 363.64 0.0019096
chair 0 0 -10 617.01 312.45 730.00 516.77 0.0018643
bed 0 0 -10 336.86 58.61 724.49 527.00 0.0018490
table 0 0 -10 693.74 387.99 728.27 530.00 0.0018334
desk 0 0 -10 638.94 65.49 730.00 488.50 0.0018057
bathtub 0 0 -10 111.58 199.59 185.52 257.94 0.0017918
desk 0 0 -10 663.28 376.22 730.00 530.00 0.0017708
chair 0 0 -10 109.28 178.28 155.65 263.39 0.0017452
bookshelf 0 0 -10 9.93 170.78 269.44 319.37 0.0017422
chair 0 0 -10 248.15 211.35 388.63 330.18 0.0017335
table 0 0 -10 185.00 219.47 271.09 259.19 0.0016898
desk 0 0 -10 11.32 108.00 262.72 311.68 0.0016743
sofa 0 0 -10 582.73 179.70 729.54 515.37 0.0016227
bookshelf 0 0 -10 615.65 297.51 730.00 523.31 0.0016075
chair 0 0 -10 3.09 45.15 166.06 258.26 0.0015776
dresser 0 0 -10 627.08 205.85 730.00 476.11 0.0015618
bed 0 0 -10 491.32 222.62 704.53 496.78 0.0015446
night_stand 0 0 -10 66.56 211.81 274.92 269.99 0.0015393
night_stand 0 0 -10 259.12 230.42 318.67 264.83 0.0015262
bed 0 0 -10 314.10 228.84 411.17 285.33 0.0015154
chair 0 0 -10 308.33 171.14 363.63 223.19 0.0015051
chair 0 0 -10 16.08 193.69 202.11 336.66 0.0014859
dresser 0 0 -10 282.65 92.09 346.70 256.28 0.0014678
night_stand 0 0 -10 588.48 153.36 730.00 504.49 0.0014593
table 0 0 -10 548.17 323.54 668.09 510.40 0.0014345
chair 0 0 -10 67.07 193.50 360.54 332.74 0.0014106
night_stand 0 0 -10 49.24 236.07 280.43 333.25 0.0013827
