sofa 0 0 -10 351.71 315.98 726.24 530.00 0.8085210
chair 0 0 -10 263.65 137.33 487.33 336.70 0.7569621
sofa 0 0 -10 6.54 101.43 250.79 325.75 0.6830932
sofa 0 0 -10 0.00 314.84 250.84 530.00 0.1438741
chair 0 0 -10 5.21 103.51 252.59 329.23 0.1360366
table 0 0 -10 190.23 304.75 483.44 514.66 0.1318958
chair 0 0 -10 248.60 31.54 518.14 418.16 0.1231498
chair 0 0 -10 365.10 310.86 730.00 530.00 0.1068540
chair 0 0 -10 10.22 318.20 255.60 530.00 0.0899064
chair 0 0 -10 298.83 5.90 521.98 265.76 0.0752038
toilet 0 0 -10 423.19 18.53 720.63 334.96 0.0730598
sofa 0 0 -10 42.26 304.74 566.98 529.83 0.0723397
sofa 0 0 -10 0.35 182.27 259.03 487.49 0.0705404
sofa 0 0 -10 23.25 68.56 562.84 498.78 0.0646925
bookshelf 0 0 -10 388.94 8.63 713.28 335.47 0.0522096
table 0 0 -10 17.47 49.78 587.79 311.53 0.0488923
desk 0 0 -10 10.87 45.58 596.71 318.77 0.0437938
sofa 0 0 -10 267.65 129.65 525.40 326.15 0.0397815
table 0 0 -10 327.98 22.13 718.58 332.08 0.0344901
chair 0 0 -10 4.03 195.14 262.24 491.92 0.0328426
bathtub 0 0 -10 311.52 18.07 718.54 258.40 0.0307140
table 0 0 -10 0.00 151.37 65.63 480.88 0.0285583
chair 0 0 -10 424.64 21.82 728.01 361.14 0.0282960
table 0 0 -10 2.84 327.93 233.14 525.55 0.0270825
table 0 0 -10 37.09 273.91 431.85 521.33 0.0240776
sofa 0 0 -10 8.87 81.78 449.49 319.48 0.0237803
table 0 0 -10 18.87 114.04 351.07 317.15 0.0171363
table 0 0 -10 0.00 160.68 29.15 472.72 0.0169119
chair 0 0 -10 357.18 4.40 476.29 206.77 0.0166746
bathtub 0 0 -10 29.47 5.16 652.70 196.33 0.0151051
bookshelf 0 0 -10 42.65 0.00 674.71 326.58 0.0146183
table 0 0 -10 240.39 346.65 415.52 523.70 0.0142496
table 0 0 -10 0.77 240.55 22.63 439.42 0.0129843
table 0 0 -10 464.22 112.12 726.22 363.83 0.0124255
bathtub 0 0 -10 454.99 40.95 709.26 325.15 0.0118014
sofa 0 0 -10 5.15 125.23 104.79 323.34 0.0108543
desk 0 0 -10 331.13 24.84 730.00 340.51 0.0095508
table 0 0 -10 218.77 314.60 450.46 428.82 0.0095418
sofa 0 0 -10 475.84 99.10 724.11 364.28 0.0095131
chair 0 0 -10 205.52 164.25 525.50 514.06 0.0094115
table 0 0 -10 0.00 290.20 29.21 359.62 0.0090860
table 0 0 -10 205.16 145.38 518.64 331.36 0.0089171
table 0 0 -10 0.00 197.20 28.30 349.43 0.0087806
table 0 0 -10 1.54 159.33 42.80 311.98 0.0086037
toilet 0 0 -10 263.36 13.26 672.23 280.23 0.0082884
chair 0 0 -10 352.79 85.25 730.00 487.31 0.0082851
chair 0 0 -10 3.15 132.69 60.11 374.29 0.0082118
bookshelf 0 0 -10 22.96 0.89 670.03 143.05 0.0076258
bathtub 0 0 -10 8.37 6.65 508.13 118.23 0.0070970
table 0 0 -10 176.89 256.56 510.70 444.40 0.0065379
table 0 0 -10 130.37 113.82 498.23 492.27 0.0064307
desk 0 0 -10 191.97 292.44 470.78 515.72 0.0061258
bathtub 0 0 -10 172.83 6.05 484.93 179.00 0.0056424
sofa 0 0 -10 359.38 29.80 718.98 344.13 0.0054837
chair 0 0 -10 151.72 2.98 529.67 179.67 0.0054202
sofa 0 0 -10 2.52 133.15 57.92 365.45 0.0053050
bed 0 0 -10 357.28 12.27 719.35 345.32 0.0052013
bed 0 0 -10 492.62 186.04 728.48 352.40 0.0049291
dresser 0 0 -10 379.39 21.30 722.92 335.72 0.0047693
table 0 0 -10 312.43 325.53 714.95 526.87 0.0045677
sofa 0 0 -10 196.75 189.21 520.27 514.00 0.0044543
table 0 0 -10 0.23 225.32 25.34 302.71 0.0044081
sofa 0 0 -10 289.53 161.88 721.34 507.63 0.0039527
table 0 0 -10 0.40 212.38 50.56 333.36 0.0039042
table 0 0 -10 0.06 245.17 44.05 414.84 0.0038184
sofa 0 0 -10 47.95 10.96 492.16 71.82 0.0037270
table 0 0 -10 0.37 3.07 685.62 137.33 0.0034320
chair 0 0 -10 493.60 126.47 726.78 343.96 0.0034305
table 0 0 -10 0.17 128.84 80.36 345.92 0.0033830
chair 0 0 -10 1.36 176.60 45.26 476.52 0.0033593
table 0 0 -10 35.90 8.75 482.19 72.97 0.0033357
bathtub 0 0 -10 10.73 26.86 582.00 330.79 0.0033283
toilet 0 0 -10 127.56 8.97 539.34 278.24 0.0032607
table 0 0 -10 0.12 247.94 30.53 321.76 0.0032544
desk 0 0 -10 8.05 10.53 727.20 206.51 0.0032101
sofa 0 0 -10 6.32 123.18 177.50 422.08 0.0031510
bookshelf 0 0 -10 495.34 0.87 725.06 186.36 0.0030754
chair 0 0 -10 304.45 2.69 519.93 89.98 0.0029862
table 0 0 -10 2.17 188.68 17.65 390.39 0.0028037
sofa 0 0 -10 36.52 24.74 548.35 243.98 0.0027439
table 0 0 -10 17.53 104.35 228.35 249.98 0.0026920
toilet 0 0 -10 508.51 132.85 729.00 342.94 0.0026484
chair 0 0 -10 247.31 360.10 419.44 528.08 0.0026210
bed 0 0 -10 4.83 27.24 596.47 330.45 0.0025925
bookshelf 0 0 -10 46.05 6.40 501.08 73.18 0.0025850
chair 0 0 -10 130.27 299.38 470.64 524.75 0.0024905
desk 0 0 -10 17.32 114.35 345.05 324.35 0.0024824
table 0 0 -10 0.03 283.54 45.89 512.96 0.0024730
table 0 0 -10 4.41 248.46 11.94 416.31 0.0024577
chair 0 0 -10 207.92 3.47 649.32 255.20 0.0024256
sofa 0 0 -10 713.30 355.64 729.99 529.51 0.0021869
chair 0 0 -10 4.51 78.22 414.91 482.88 0.0021859
sofa 0 0 -10 657.89 339.54 728.42 520.98 0.0020574
chair 0 0 -10 391.38 4.27 513.91 239.83 0.0020137
table 0 0 -10 38.59 20.99 552.30 208.54 0.0019672
sofa 0 0 -10 171.21 55.11 547.67 335.08 0.0019481
table 0 0 -10 498.71 254.35 708.40 342.86 0.0019051
chair 0 0 -10 6.12 119.65 106.13 335.01 0.0018290
table 0 0 -10 13.50 451.84 437.63 527.76 0.0017907
bathtub 0 0 -10 515.22 133.62 730.00 337.56 0.0016696
