table 0 0 -10 464.21 284.10 706.98 512.41 0.6355234
chair 0 0 -10 488.00 295.42 707.40 523.29 0.4725497
table 0 0 -10 0.00 283.91 102.72 530.00 0.3147765
desk 0 0 -10 461.98 285.13 708.94 528.23 0.1809361
bookshelf 0 0 -10 332.60 142.89 444.10 349.74 0.0948444
chair 0 0 -10 48.26 132.66 145.90 269.78 0.0474318
chair 0 0 -10 150.20 187.94 192.56 272.94 0.0473857
table 0 0 -10 268.45 219.24 327.46 292.70 0.0450795
table 0 0 -10 274.81 213.94 368.61 312.81 0.0305085
table 0 0 -10 145.77 179.53 208.28 270.36 0.0260400
table 0 0 -10 277.26 215.66 444.31 330.82 0.0213732
bathtub 0 0 -10 3.60 275.60 102.83 524.20 0.0156918
table 0 0 -10 52.16 137.70 143.32 268.36 0.0144415
desk 0 0 -10 0.11 274.99 112.85 530.00 0.0103542
table 0 0 -10 143.07 207.54 194.54 278.59 0.0103183
table 0 0 -10 543.68 142.28 729.07 420.91 0.0100670
table 0 0 -10 297.87 195.78 380.10 350.44 0.0088455
chair 0 0 -10 138.16 161.13 210.79 275.57 0.0088286
chair 0 0 -10 151.79 201.79 186.72 250.04 0.0075062
table 0 0 -10 298.79 150.42 452.18 355.50 0.0072708
desk 0 0 -10 143.15 152.01 220.29 271.81 0.0063295
table 0 0 -10 678.36 388.78 727.64 530.00 0.0050766
table 0 0 -10 138.77 149.31 223.57 255.95 0.0048757
table 0 0 -10 414.13 265.48 617.52 508.47 0.0042645
bookshelf 0 0 -10 363.29 155.07 404.46 314.86 0.0039590
dresser 0 0 -10 309.80 147.59 453.90 350.78 0.0037255
chair 0 0 -10 97.75 142.64 214.88 258.40 0.0036745
night_stand 0 0 -10 462.05 284.98 716.62 527.84 0.0035812
table 0 0 -10 61.34 274.12 585.52 530.00 0.0034665
table 0 0 -10 0.34 335.10 125.83 471.19 0.0031871
chair 0 0 -10 26.74 126.86 157.18 387.84 0.0031730
chair 0 0 -10 552.95 164.77 724.73 453.12 0.0025096
chair 0 0 -10 0.13 217.72 114.93 512.04 0.0023491
table 0 0 -10 486.03 388.01 695.06 530.00 0.0023464
sofa 0 0 -10 468.42 285.36 715.12 525.91 0.0023417
dresser 0 0 -10 462.07 282.74 715.41 526.35 0.0022992
table 0 0 -10 61.45 142.67 270.91 268.06 0.0022681
table 0 0 -10 335.97 187.57 702.85 528.59 0.0022550
table 0 0 -10 277.59 218.81 391.72 268.51 0.0022173
bed 0 0 -10 465.53 272.76 707.75 521.75 0.0021350
toilet 0 0 -10 470.98 288.06 706.09 528.18 0.0020706
chair 0 0 -10 583.69 292.20 723.25 510.39 0.0020701
chair 0 0 -10 137.77 192.28 192.72 239.94 0.0020604
toilet 0 0 -10 8.24 290.18 101.01 530.00 0.0020113
desk 0 0 -10 467.87 330.21 700.57 451.07 0.0019121
bathtub 0 0 -10 467.12 288.19 709.75 521.45 0.0018746
dresser 0 0 -10 142.71 149.81 220.72 237.70 0.0018469
chair 0 0 -10 166.94 186.31 200.37 264.90 0.0018095
bookshelf 0 0 -10 477.66 285.40 710.07 529.73 0.0016161
table 0 0 -10 16.13 261.45 266.66 530.00 0.0015701
table 0 0 -10 273.48 240.38 410.06 296.42 0.0015129
chair 0 0 -10 629.09 351.34 724.96 530.00 0.0014632
chair 0 0 -10 1.79 114.42 36.81 275.78 0.0014247
desk 0 0 -10 51.80 134.58 145.37 270.05 0.0014232
table 0 0 -10 55.48 203.79 130.85 275.60 0.0013904
table 0 0 -10 139.88 198.98 196.62 247.99 0.0013154
bookshelf 0 0 -10 54.43 122.55 141.72 270.43 0.0012331
table 0 0 -10 462.81 152.85 585.85 286.48 0.0011667
table 0 0 -10 143.07 243.85 197.45 282.68 0.0011298
bookshelf 0 0 -10 347.39 143.24 387.15 311.04 0.0010528
table 0 0 -10 349.14 355.50 648.90 530.00 0.0010420
chair 0 0 -10 312.88 141.63 465.47 352.25 0.0010318
bed 0 0 -10 290.33 144.65 454.72 352.79 0.0010131
chair 0 0 -10 268.96 217.27 328.61 291.26 0.0010100
bathtub 0 0 -10 0.73 285.60 54.15 523.75 0.0009165
chair 0 0 -10 143.23 222.14 194.12 282.91 0.0009162
table 0 0 -10 139.16 255.51 195.58 304.29 0.0009032
bookshelf 0 0 -10 145.67 143.68 215.99 272.10 0.0008842
desk 0 0 -10 322.29 164.78 715.76 526.57 0.0008669
chair 0 0 -10 506.55 344.52 705.78 468.43 0.0008241
table 0 0 -10 8.06 189.51 417.01 508.22 0.0008115
table 0 0 -10 477.75 352.41 702.85 458.66 0.0007958
table 0 0 -10 111.99 215.85 194.75 252.27 0.0007919
chair 0 0 -10 26.12 132.06 242.66 263.14 0.0007405
dresser 0 0 -10 51.84 133.66 143.36 269.05 0.0007301
bed 0 0 -10 328.15 161.19 707.88 530.00 0.0007292
chair 0 0 -10 0.81 73.79 40.47 363.94 0.0007210
desk 0 0 -10 33.21 140.52 235.30 278.65 0.0006958
table 0 0 -10 91.23 165.86 197.06 283.98 0.0006827
table 0 0 -10 329.21 224.61 388.83 301.40 0.0006826
chair 0 0 -10 183.23 186.51 197.06 254.15 0.0006607
chair 0 0 -10 56.74 186.68 143.09 234.64 0.0006584
bookshelf 0 0 -10 257.91 134.73 460.57 295.85 0.0006501
chair 0 0 -10 635.31 221.66 730.00 480.26 0.0006495
sofa 0 0 -10 144.82 153.65 217.66 268.31 0.0006417
desk 0 0 -10 545.70 134.30 730.00 427.80 0.0006384
bed 0 0 -10 54.43 141.41 554.18 527.47 0.0006325
chair 0 0 -10 47.63 136.41 138.33 209.67 0.0006293
chair 0 0 -10 148.77 181.06 213.06 238.93 0.0006271
chair 0 0 -10 70.41 167.99 185.20 268.68 0.0006165
desk 0 0 -10 149.47 191.76 196.61 269.56 0.0006147
table 0 0 -10 13.71 156.11 157.91 429.17 0.0006046
table 0 0 -10 306.21 214.20 367.73 274.51 0.0005973
table 0 0 -10 109.85 210.98 217.16 268.34 0.0005878
chair 0 0 -10 122.13 213.18 196.57 251.47 0.0005829
table 0 0 -10 268.30 162.81 378.15 297.28 0.0005796
table 0 0 -10 149.05 213.24 207.77 254.16 0.0005785
desk 0 0 -10 295.08 149.64 460.38 349.71 0.0005768
bathtub 0 0 -10 143.43 146.78 220.73 233.21 0.0005743
bed 0 0 -10 142.97 148.17 217.85 275.36 0.0005652
