chair 0 0 -10 69.64 182.61 199.24 317.58 0.8774982
table 0 0 -10 70.25 197.36 380.53 490.14 0.8446558
desk 0 0 -10 72.02 202.16 377.98 493.13 0.5624592
chair 0 0 -10 58.40 181.40 158.33 388.49 0.1868195
chair 0 0 -10 74.85 187.67 164.30 282.15 0.1060009
chair 0 0 -10 49.29 196.18 275.09 467.36 0.1056799
table 0 0 -10 115.31 188.08 703.16 506.17 0.0277533
desk 0 0 -10 138.90 180.96 712.72 511.79 0.0218598
chair 0 0 -10 69.75 142.36 223.49 380.51 0.0209345
chair 0 0 -10 116.70 178.42 171.85 285.87 0.0171245
chair 0 0 -10 67.09 185.68 168.33 232.03 0.0081117
table 0 0 -10 75.04 194.45 312.43 317.39 0.0068206
table 0 0 -10 249.43 223.06 730.00 428.70 0.0061487
table 0 0 -10 73.47 162.39 243.51 388.68 0.0052880
chair 0 0 -10 107.25 167.65 222.67 288.09 0.0040823
chair 0 0 -10 45.75 175.89 143.45 305.55 0.0038905
chair 0 0 -10 90.07 281.41 390.96 519.12 0.0034075
table 0 0 -10 61.27 228.62 152.48 422.92 0.0032974
chair 0 0 -10 68.46 187.08 145.89 216.41 0.0026892
chair 0 0 -10 55.42 186.24 135.22 249.63 0.0025374
chair 0 0 -10 141.11 192.20 178.57 278.58 0.0024235
sofa 0 0 -10 54.44 193.02 424.44 509.86 0.0017337
chair 0 0 -10 7.32 196.03 166.36 450.37 0.0016989
table 0 0 -10 292.58 225.88 399.06 447.25 0.0016301
desk 0 0 -10 69.34 204.51 238.76 410.52 0.0015456
table 0 0 -10 8.75 213.65 187.98 441.46 0.0012224
sofa 0 0 -10 276.76 9.05 697.28 186.01 0.0011846
bed 0 0 -10 55.24 177.32 425.58 512.23 0.0010986
chair 0 0 -10 277.08 0.56 720.40 171.46 0.0010495
bed 0 0 -10 263.46 5.38 701.80 192.20 0.0010110
chair 0 0 -10 123.25 174.35 197.56 258.52 0.0009716
night_stand 0 0 -10 67.53 184.00 410.31 490.47 0.0009594
table 0 0 -10 231.83 23.43 720.74 450.40 0.0009290
chair 0 0 -10 84.68 288.89 252.97 432.80 0.0009162
table 0 0 -10 46.91 92.04 548.88 451.49 0.0009157
table 0 0 -10 60.70 182.79 188.04 299.95 0.0009042
desk 0 0 -10 61.67 223.47 149.89 425.04 0.0008125
chair 0 0 -10 19.08 18.88 232.79 371.24 0.0008090
dresser 0 0 -10 71.43 208.43 374.20 499.14 0.0008072
table 0 0 -10 255.39 7.32 688.62 173.97 0.0008069
chair 0 0 -10 95.18 176.00 168.18 252.01 0.0007862
chair 0 0 -10 266.36 64.50 704.77 481.36 0.0007362
desk 0 0 -10 41.77 69.96 558.88 462.75 0.0006776
toilet 0 0 -10 61.72 165.27 408.48 494.93 0.0006590
table 0 0 -10 89.63 178.26 409.62 367.14 0.0006438
chair 0 0 -10 150.97 142.65 241.08 294.85 0.0005955
chair 0 0 -10 154.64 181.79 191.89 278.73 0.0005735
table 0 0 -10 1.76 257.13 120.65 485.93 0.0005520
table 0 0 -10 256.44 243.83 579.85 493.47 0.0005459
bookshelf 0 0 -10 70.82 136.38 400.91 482.05 0.0004840
chair 0 0 -10 0.66 263.32 122.96 501.67 0.0004747
bathtub 0 0 -10 32.56 186.56 476.61 506.61 0.0004495
bookshelf 0 0 -10 244.84 2.49 715.94 445.47 0.0004397
chair 0 0 -10 255.19 225.91 569.07 527.40 0.0004288
table 0 0 -10 103.68 178.24 242.69 288.14 0.0004103
chair 0 0 -10 108.52 126.08 272.05 298.56 0.0004032
chair 0 0 -10 57.35 11.82 402.34 390.15 0.0003864
chair 0 0 -10 35.24 128.43 170.79 316.74 0.0003826
chair 0 0 -10 1.53 9.11 144.80 271.75 0.0003576
chair 0 0 -10 150.81 369.42 455.58 524.90 0.0003574
chair 0 0 -10 136.33 86.68 515.17 499.30 0.0003508
chair 0 0 -10 660.19 0.00 730.00 288.85 0.0003449
table 0 0 -10 0.00 268.39 43.99 480.33 0.0003284
desk 0 0 -10 224.70 17.16 730.00 462.18 0.0002984
table 0 0 -10 3.73 269.89 21.53 523.27 0.0002972
chair 0 0 -10 0.00 212.81 47.29 445.91 0.0002813
sofa 0 0 -10 202.60 77.91 721.85 471.03 0.0002783
chair 0 0 -10 149.66 193.13 266.75 317.43 0.0002763
chair 0 0 -10 89.16 182.09 207.72 216.73 0.0002663
chair 0 0 -10 120.80 165.37 363.45 456.19 0.0002536
chair 0 0 -10 201.60 228.23 440.09 497.37 0.0002496
table 0 0 -10 661.95 367.32 730.00 524.46 0.0002420
table 0 0 -10 96.94 226.46 303.21 404.28 0.0002418
chair 0 0 -10 0.00 255.21 61.12 522.43 0.0002380
table 0 0 -10 45.79 273.20 268.53 507.13 0.0002288
table 0 0 -10 209.01 264.70 398.34 509.28 0.0002280
desk 0 0 -10 75.94 193.77 302.19 320.72 0.0002164
chair 0 0 -10 605.99 12.09 730.00 371.98 0.0002148
dresser 0 0 -10 223.92 37.60 730.00 439.55 0.0002136
chair 0 0 -10 72.73 251.40 221.59 396.75 0.0002051
bed 0 0 -10 211.81 30.08 730.00 452.34 0.0002050
table 0 0 -10 0.94 298.21 72.61 507.62 0.0002031
table 0 0 -10 63.00 201.96 147.19 283.71 0.0001994
table 0 0 -10 68.70 185.98 168.98 230.31 0.0001872
night_stand 0 0 -10 62.39 190.31 266.28 405.97 0.0001805
desk 0 0 -10 61.24 182.58 185.19 301.31 0.0001775
chair 0 0 -10 126.02 32.70 332.95 340.39 0.0001747
chair 0 0 -10 65.33 167.31 207.43 228.97 0.0001610
table 0 0 -10 685.94 20.08 723.12 218.50 0.0001586
table 0 0 -10 1.17 250.73 16.69 474.65 0.0001550
chair 0 0 -10 519.13 341.13 730.00 528.81 0.0001548
dresser 0 0 -10 66.23 187.37 263.44 410.61 0.0001543
desk 0 0 -10 255.68 239.24 584.28 504.19 0.0001542
table 0 0 -10 660.86 2.62 729.98 281.19 0.0001527
bookshelf 0 0 -10 63.32 176.38 262.72 404.82 0.0001468
chair 0 0 -10 638.76 354.09 730.00 529.45 0.0001399
bathtub 0 0 -10 247.34 37.49 720.40 429.43 0.0001396
chair 0 0 -10 54.41 333.76 592.78 530.00 0.0001391
table 0 0 -10 0.00 337.73 39.11 530.00 0.0001386
table 0 0 -10 694.78 424.88 728.13 530.00 0.0001380
