bed 0 0 -10 59.98 165.99 550.99 528.82 0.9940701
bed 0 0 -10 439.34 236.16 723.13 415.35 0.9635576
chair 0 0 -10 440.98 232.88 522.27 295.24 0.6939802
bed 0 0 -10 0.00 127.75 76.03 267.23 0.3058399
sofa 0 0 -10 0.00 121.62 66.34 242.19 0.2103783
bed 0 0 -10 4.35 132.06 159.93 275.31 0.1076967
sofa 0 0 -10 3.29 131.66 151.36 263.77 0.0778381
bed 0 0 -10 458.55 234.32 716.94 316.48 0.0610852
chair 0 0 -10 451.26 231.52 511.38 269.82 0.0517693
chair 0 0 -10 445.63 249.77 500.76 300.12 0.0375654
sofa 0 0 -10 373.28 228.22 453.62 274.82 0.0290750
bed 0 0 -10 456.40 255.56 682.04 366.13 0.0286329
bed 0 0 -10 367.94 227.06 448.69 277.53 0.0277714
chair 0 0 -10 461.20 241.65 506.19 280.41 0.0274415
chair 0 0 -10 439.21 250.58 537.99 343.69 0.0255802
bed 0 0 -10 0.00 159.71 71.39 232.61 0.0196430
chair 0 0 -10 461.50 222.33 542.67 284.53 0.0193047
sofa 0 0 -10 2.58 128.46 118.49 194.79 0.0189094
night_stand 0 0 -10 699.22 312.16 728.71 387.02 0.0188126
chair 0 0 -10 417.37 229.72 499.38 333.30 0.0185129
bed 0 0 -10 0.99 209.56 65.60 273.59 0.0184982
sofa 0 0 -10 456.13 240.59 722.40 426.05 0.0183782
night_stand 0 0 -10 328.98 252.55 411.57 323.51 0.0165486
night_stand 0 0 -10 4.07 229.73 68.17 275.75 0.0158200
chair 0 0 -10 434.93 227.87 490.10 290.78 0.0149326
sofa 0 0 -10 0.03 129.05 63.38 190.95 0.0129071
table 0 0 -10 75.15 134.84 161.08 172.05 0.0120345
bed 0 0 -10 310.51 223.92 581.61 338.97 0.0111052
bed 0 0 -10 198.90 110.97 712.09 512.55 0.0110764
desk 0 0 -10 74.74 133.52 161.95 172.95 0.0103940
chair 0 0 -10 457.90 248.71 546.12 309.03 0.0102886
bed 0 0 -10 512.40 293.58 713.74 426.68 0.0098873
bed 0 0 -10 705.49 278.86 729.66 399.61 0.0096626
dresser 0 0 -10 52.84 148.01 145.87 270.57 0.0094457
bed 0 0 -10 336.22 235.84 451.41 337.59 0.0091750
bed 0 0 -10 690.19 256.97 729.75 464.31 0.0090564
chair 0 0 -10 119.79 121.81 160.84 173.06 0.0089618
night_stand 0 0 -10 302.06 247.09 386.82 321.93 0.0074146
chair 0 0 -10 475.50 252.70 508.12 286.62 0.0070407
chair 0 0 -10 312.82 215.41 560.89 339.79 0.0068373
bed 0 0 -10 433.36 249.81 585.42 340.24 0.0064254
dresser 0 0 -10 706.14 281.81 729.18 396.09 0.0062316
night_stand 0 0 -10 392.51 271.78 536.13 345.32 0.0062035
sofa 0 0 -10 55.89 163.33 567.36 492.53 0.0060679
chair 0 0 -10 147.15 121.77 168.85 170.80 0.0057584
bed 0 0 -10 296.86 210.91 451.94 277.92 0.0056719
chair 0 0 -10 0.02 122.03 65.46 245.46 0.0052968
chair 0 0 -10 382.51 232.33 482.74 346.07 0.0051632
chair 0 0 -10 124.86 115.88 144.71 165.47 0.0050533
chair 0 0 -10 425.39 234.19 469.56 291.37 0.0049271
bed 0 0 -10 348.10 227.52 484.27 300.44 0.0047882
table 0 0 -10 38.68 144.47 166.77 238.04 0.0047443
sofa 0 0 -10 392.11 231.19 518.95 292.16 0.0046871
bed 0 0 -10 453.82 225.68 660.63 287.82 0.0046385
night_stand 0 0 -10 360.89 252.60 440.89 327.48 0.0046307
bed 0 0 -10 256.45 259.43 549.72 524.56 0.0046148
bed 0 0 -10 416.90 182.81 597.45 346.88 0.0045490
chair 0 0 -10 133.71 115.22 180.92 172.96 0.0045451
bed 0 0 -10 228.63 180.55 449.79 338.76 0.0044856
table 0 0 -10 428.44 248.35 497.38 300.05 0.0043626
night_stand 0 0 -10 459.51 271.92 541.35 352.31 0.0043261
chair 0 0 -10 340.05 228.57 450.72 338.29 0.0043257
bed 0 0 -10 37.37 175.36 428.13 420.75 0.0042869
night_stand 0 0 -10 328.03 237.17 565.02 336.69 0.0040419
chair 0 0 -10 112.62 128.41 144.99 167.64 0.0038556
night_stand 0 0 -10 710.96 285.88 729.87 396.96 0.0038371
table 0 0 -10 682.41 307.70 727.60 515.14 0.0037720
night_stand 0 0 -10 45.86 203.60 102.53 271.16 0.0037496
bed 0 0 -10 390.29 230.54 518.23 293.13 0.0037389
table 0 0 -10 72.50 136.00 162.61 205.06 0.0037246
table 0 0 -10 446.16 252.26 703.44 461.64 0.0036908
chair 0 0 -10 379.34 226.07 485.90 283.35 0.0036760
sofa 0 0 -10 1.02 219.30 66.14 455.32 0.0036621
chair 0 0 -10 406.01 269.09 507.83 345.54 0.0035460
chair 0 0 -10 59.05 139.87 122.89 207.61 0.0034321
sofa 0 0 -10 411.73 240.51 542.69 314.54 0.0034109
night_stand 0 0 -10 387.95 266.61 466.63 332.78 0.0034063
night_stand 0 0 -10 68.14 151.36 143.58 224.95 0.0032750
chair 0 0 -10 155.88 116.90 173.93 173.37 0.0032290
chair 0 0 -10 409.91 254.30 481.60 323.93 0.0032022
table 0 0 -10 109.31 135.56 152.69 168.27 0.0031849
chair 0 0 -10 131.19 135.31 165.85 170.52 0.0031494
night_stand 0 0 -10 714.59 309.91 729.07 379.12 0.0031139
sofa 0 0 -10 4.56 265.34 102.36 513.37 0.0030348
sofa 0 0 -10 367.72 227.21 459.66 338.00 0.0029381
table 0 0 -10 701.63 350.09 729.46 515.46 0.0028574
chair 0 0 -10 704.64 275.92 730.00 400.51 0.0028391
bed 0 0 -10 249.42 224.64 454.79 312.58 0.0027928
chair 0 0 -10 66.85 136.89 160.99 229.48 0.0027441
table 0 0 -10 67.95 197.25 586.32 530.00 0.0026932
sofa 0 0 -10 460.52 233.98 715.35 309.19 0.0026719
table 0 0 -10 97.55 131.17 171.13 184.77 0.0026652
chair 0 0 -10 443.59 239.16 716.03 442.28 0.0026513
table 0 0 -10 1.40 149.23 174.70 281.91 0.0026208
bed 0 0 -10 357.04 153.55 619.07 291.06 0.0025744
night_stand 0 0 -10 367.67 236.63 444.97 276.75 0.0025209
bed 0 0 -10 348.18 217.45 429.55 269.07 0.0024998
bed 0 0 -10 0.00 44.89 227.52 279.16 0.0024577
night_stand 0 0 -10 50.45 134.40 126.36 239.39 0.0024492
table 0 0 -10 53.69 150.07 132.89 199.49 0.0024133
