chair 0 0 -10 394.96 321.99 652.30 515.84 0.9954894
chair 0 0 -10 1.58 199.88 150.91 383.50 0.9826806
chair 0 0 -10 2.52 311.68 227.25 529.71 0.9762863
chair 0 0 -10 465.94 257.21 652.58 458.37 0.9762639
chair 0 0 -10 141.17 237.53 347.02 495.84 0.9755288
chair 0 0 -10 530.51 209.76 656.80 365.55 0.9651370
chair 0 0 -10 233.18 208.43 386.87 416.92 0.9580235
chair 0 0 -10 106.68 182.69 210.19 356.11 0.8576665
chair 0 0 -10 361.18 179.69 466.22 312.37 0.7872208
chair 0 0 -10 305.66 192.01 421.29 374.17 0.7630693
chair 0 0 -10 158.41 164.75 251.32 295.22 0.6009680
chair 0 0 -10 2.05 283.25 105.87 488.41 0.5898830
chair 0 0 -10 245.01 440.32 630.23 529.74 0.4319237
chair 0 0 -10 559.81 184.61 653.41 324.83 0.3442429
chair 0 0 -10 665.67 253.46 727.79 509.42 0.3238950
chair 0 0 -10 161.10 168.00 238.54 246.00 0.1887404
chair 0 0 -10 392.29 175.50 472.09 273.91 0.1842815
sofa 0 0 -10 689.87 252.53 728.52 460.80 0.1764711
chair 0 0 -10 225.34 159.05 293.31 226.88 0.1759750
chair 0 0 -10 476.03 245.06 590.04 420.51 0.1447945
chair 0 0 -10 3.57 219.65 69.21 444.95 0.1303481
chair 0 0 -10 138.40 203.51 288.95 363.09 0.1217933
chair 0 0 -10 292.23 191.13 387.44 330.80 0.1203990
chair 0 0 -10 531.19 252.74 719.75 498.89 0.1184931
table 0 0 -10 240.28 245.51 436.78 445.12 0.1143791
chair 0 0 -10 334.39 456.37 562.63 530.00 0.0903739
sofa 0 0 -10 668.15 257.04 727.17 508.63 0.0834355
chair 0 0 -10 186.29 343.42 447.22 530.00 0.0769401
desk 0 0 -10 244.65 246.73 431.31 447.93 0.0741492
chair 0 0 -10 688.55 259.36 729.21 460.09 0.0730801
chair 0 0 -10 312.13 186.44 431.24 296.01 0.0622179
chair 0 0 -10 202.33 157.80 283.82 291.30 0.0558023
chair 0 0 -10 221.40 252.32 442.26 482.63 0.0551856
chair 0 0 -10 168.85 216.02 330.14 396.48 0.0545648
chair 0 0 -10 571.39 190.16 614.86 358.32 0.0416915
chair 0 0 -10 179.78 163.65 272.54 247.68 0.0360910
chair 0 0 -10 178.68 171.08 310.63 339.20 0.0333156
table 0 0 -10 690.37 274.32 727.66 462.39 0.0314579
chair 0 0 -10 373.98 157.68 490.30 354.43 0.0300329
chair 0 0 -10 206.53 311.96 618.21 522.86 0.0251875
chair 0 0 -10 554.42 216.02 657.56 285.78 0.0244255
chair 0 0 -10 134.81 426.94 488.65 530.00 0.0235543
table 0 0 -10 3.74 263.52 108.21 490.78 0.0228609
chair 0 0 -10 69.86 279.41 507.95 530.00 0.0205115
chair 0 0 -10 293.30 374.42 555.99 530.00 0.0201917
chair 0 0 -10 92.89 330.97 358.68 526.73 0.0187187
chair 0 0 -10 614.64 311.63 727.13 528.93 0.0184293
chair 0 0 -10 528.09 219.94 560.79 353.16 0.0182262
table 0 0 -10 45.50 324.27 238.29 528.52 0.0178577
desk 0 0 -10 313.89 230.07 459.00 392.25 0.0177608
chair 0 0 -10 228.04 161.41 275.54 206.32 0.0169750
chair 0 0 -10 356.63 178.92 414.10 259.21 0.0164329
chair 0 0 -10 425.32 395.45 711.55 530.00 0.0150594
table 0 0 -10 661.83 291.62 726.66 519.90 0.0150331
chair 0 0 -10 536.01 244.07 647.68 325.84 0.0145492
chair 0 0 -10 356.22 225.18 522.01 443.32 0.0137629
chair 0 0 -10 378.70 177.62 441.64 283.53 0.0135917
chair 0 0 -10 553.09 165.43 684.41 391.07 0.0130713
chair 0 0 -10 512.05 205.82 583.19 348.85 0.0128036
table 0 0 -10 309.28 230.50 464.84 394.18 0.0124930
table 0 0 -10 441.39 318.14 682.75 527.58 0.0124258
chair 0 0 -10 564.18 186.02 598.98 388.02 0.0114990
chair 0 0 -10 398.28 306.14 536.60 462.99 0.0114648
chair 0 0 -10 539.74 197.71 621.69 322.43 0.0112219
chair 0 0 -10 0.36 202.29 40.00 385.25 0.0101882
table 0 0 -10 154.00 255.56 468.90 506.92 0.0096871
chair 0 0 -10 361.09 204.63 454.45 273.53 0.0088436
chair 0 0 -10 222.17 182.58 310.15 301.01 0.0086521
desk 0 0 -10 5.47 287.06 157.17 523.69 0.0082035
chair 0 0 -10 302.96 192.13 364.74 267.24 0.0080110
chair 0 0 -10 2.70 186.99 80.62 345.92 0.0075565
chair 0 0 -10 488.05 190.82 694.24 433.62 0.0073146
sofa 0 0 -10 0.00 314.42 215.16 529.72 0.0072013
chair 0 0 -10 111.68 194.80 182.61 320.76 0.0068172
table 0 0 -10 5.72 217.42 125.21 415.44 0.0067316
chair 0 0 -10 47.10 202.96 261.44 441.23 0.0066763
chair 0 0 -10 236.87 191.81 361.99 317.45 0.0063669
table 0 0 -10 8.91 267.39 191.61 502.57 0.0060026
desk 0 0 -10 668.07 258.53 726.75 505.74 0.0055306
table 0 0 -10 2.43 395.73 183.14 530.00 0.0055209
chair 0 0 -10 284.45 190.80 584.50 459.07 0.0050844
chair 0 0 -10 538.54 200.65 573.48 374.00 0.0050645
chair 0 0 -10 487.83 226.38 561.05 376.40 0.0050016
table 0 0 -10 72.43 271.36 328.57 522.82 0.0046790
table 0 0 -10 11.04 193.36 177.94 359.41 0.0045990
desk 0 0 -10 226.89 325.56 685.03 529.67 0.0045179
chair 0 0 -10 415.66 214.07 701.75 522.61 0.0045006
chair 0 0 -10 513.60 231.46 556.18 427.81 0.0044599
chair 0 0 -10 552.24 198.16 567.51 313.63 0.0044536
desk 0 0 -10 138.08 225.02 409.87 508.22 0.0042968
table 0 0 -10 283.87 253.22 662.19 511.19 0.0041985
chair 0 0 -10 326.76 183.72 399.18 267.82 0.0039288
desk 0 0 -10 1.73 240.68 148.54 402.76 0.0036995
table 0 0 -10 490.77 261.99 682.61 468.79 0.0036317
desk 0 0 -10 1.77 275.21 97.53 482.05 0.0036030
chair 0 0 -10 469.30 164.89 660.07 355.21 0.0035524
table 0 0 -10 117.34 224.32 312.96 410.18 0.0033584
chair 0 0 -10 391.12 170.61 448.65 233.26 0.0032304
chair 0 0 -10 327.48 199.02 561.72 358.26 0.0030575
desk 0 0 -10 690.80 267.84 727.94 461.50 0.0030309
