bed 0 0 -10 0.00 194.08 559.40 515.57 0.9827951
bed 0 0 -10 491.43 287.68 727.95 528.65 0.9673406
sofa 0 0 -10 0.00 231.14 530.91 522.03 0.0641475
table 0 0 -10 2.82 351.12 557.59 530.00 0.0387900
night_stand 0 0 -10 504.61 318.77 690.23 527.51 0.0336532
bed 0 0 -10 389.80 184.81 720.43 523.02 0.0325133
table 0 0 -10 502.12 314.72 719.92 530.00 0.0272926
bed 0 0 -10 0.00 23.35 498.46 435.28 0.0128920
bed 0 0 -10 262.71 271.67 661.21 523.85 0.0108715
bed 0 0 -10 552.97 407.27 728.49 530.00 0.0071730
chair 0 0 -10 7.30 155.58 507.24 530.00 0.0067996
table 0 0 -10 0.79 402.08 44.64 529.09 0.0063857
table 0 0 -10 0.87 347.30 27.90 512.36 0.0059960
bed 0 0 -10 635.80 330.53 730.00 411.00 0.0058391
desk 0 0 -10 488.16 302.01 721.22 526.21 0.0055110
sofa 0 0 -10 501.60 308.33 720.79 530.00 0.0052531
dresser 0 0 -10 503.05 303.73 688.94 530.00 0.0052246
bed 0 0 -10 581.30 322.83 730.00 488.19 0.0049726
table 0 0 -10 0.00 187.19 531.03 523.44 0.0040444
desk 0 0 -10 0.00 269.27 557.19 529.97 0.0040066
night_stand 0 0 -10 501.87 330.43 605.13 520.07 0.0038640
night_stand 0 0 -10 0.42 388.44 27.78 453.71 0.0035023
chair 0 0 -10 505.27 302.56 679.69 527.55 0.0034190
table 0 0 -10 0.37 397.29 24.96 463.38 0.0029440
table 0 0 -10 2.39 424.31 26.81 528.47 0.0021378
night_stand 0 0 -10 0.23 335.27 40.85 523.21 0.0021260
bed 0 0 -10 685.91 337.89 730.00 479.44 0.0021127
chair 0 0 -10 1.17 270.17 48.96 512.99 0.0019519
night_stand 0 0 -10 436.49 364.08 559.04 524.36 0.0017793
table 0 0 -10 552.97 402.52 724.76 528.32 0.0016528
bookshelf 0 0 -10 0.00 188.65 534.13 512.17 0.0016460
table 0 0 -10 3.13 349.11 11.43 522.13 0.0016446
bed 0 0 -10 319.29 17.27 730.00 444.05 0.0015127
night_stand 0 0 -10 1.45 389.22 52.16 455.35 0.0014156
table 0 0 -10 0.77 386.05 39.20 457.16 0.0013503
night_stand 0 0 -10 33.94 279.84 539.46 529.48 0.0013231
dresser 0 0 -10 0.00 196.79 544.99 522.51 0.0013224
bed 0 0 -10 26.16 193.29 485.99 362.93 0.0013211
bed 0 0 -10 0.00 267.89 265.77 525.61 0.0011691
chair 0 0 -10 558.57 415.13 727.78 530.00 0.0011149
chair 0 0 -10 257.37 422.87 631.37 525.99 0.0010525
table 0 0 -10 13.34 377.60 328.07 530.00 0.0008934
bathtub 0 0 -10 1.77 267.35 507.79 514.00 0.0008579
table 0 0 -10 2.97 335.48 65.69 527.05 0.0008536
night_stand 0 0 -10 0.00 337.05 21.75 501.31 0.0008520
chair 0 0 -10 1.08 216.61 79.67 524.78 0.0008388
chair 0 0 -10 303.96 0.00 473.41 283.36 0.0008344
bed 0 0 -10 505.24 310.36 631.39 530.00 0.0008252
bed 0 0 -10 111.58 319.58 568.52 528.07 0.0008145
bed 0 0 -10 669.86 332.64 729.18 392.92 0.0008023
table 0 0 -10 4.82 414.73 105.02 528.28 0.0007815
chair 0 0 -10 34.15 373.02 534.60 526.99 0.0007750
chair 0 0 -10 141.80 273.81 525.16 520.10 0.0007633
table 0 0 -10 2.86 451.51 57.31 529.20 0.0007383
toilet 0 0 -10 3.39 249.80 496.42 520.11 0.0006847
toilet 0 0 -10 502.45 307.78 678.63 527.30 0.0006299
table 0 0 -10 7.71 507.97 228.40 530.00 0.0006203
chair 0 0 -10 0.20 324.54 31.28 505.61 0.0006122
bed 0 0 -10 82.02 149.53 477.06 311.01 0.0005864
chair 0 0 -10 2.08 12.41 98.45 360.36 0.0005791
chair 0 0 -10 486.43 198.56 729.32 530.00 0.0005608
table 0 0 -10 9.54 391.02 175.17 528.98 0.0005517
bathtub 0 0 -10 498.64 317.77 689.23 521.78 0.0005470
sofa 0 0 -10 554.59 411.35 728.54 530.00 0.0004971
table 0 0 -10 0.22 346.26 48.03 482.29 0.0004864
chair 0 0 -10 16.19 29.37 466.73 424.17 0.0004672
bookshelf 0 0 -10 500.92 300.74 693.15 523.74 0.0004632
bed 0 0 -10 0.00 313.46 32.78 473.01 0.0004550
bed 0 0 -10 711.22 331.13 730.00 469.55 0.0004138
chair 0 0 -10 265.71 323.22 646.10 530.00 0.0003887
table 0 0 -10 0.02 222.94 30.24 495.95 0.0003866
bed 0 0 -10 0.47 259.80 50.41 506.96 0.0003859
table 0 0 -10 0.37 407.58 12.84 448.87 0.0003542
chair 0 0 -10 4.81 343.62 277.03 524.10 0.0003425
chair 0 0 -10 283.17 1.56 383.38 62.41 0.0003375
sofa 0 0 -10 10.07 32.34 502.15 420.33 0.0003324
bed 0 0 -10 409.83 116.06 658.73 443.60 0.0003277
chair 0 0 -10 5.34 170.28 170.19 517.18 0.0003265
bed 0 0 -10 296.98 0.00 458.31 298.60 0.0003199
chair 0 0 -10 633.18 305.65 730.00 420.44 0.0003171
table 0 0 -10 0.66 317.82 18.53 488.68 0.0003150
chair 0 0 -10 689.78 223.48 700.73 238.52 0.0003046
chair 0 0 -10 10.41 197.82 24.98 507.45 0.0002965
chair 0 0 -10 299.41 0.00 423.26 50.36 0.0002934
table 0 0 -10 6.60 33.41 483.45 405.78 0.0002813
bed 0 0 -10 228.59 4.35 558.78 429.52 0.0002629
table 0 0 -10 502.95 327.69 610.18 526.22 0.0002592
bookshelf 0 0 -10 16.62 2.14 474.21 414.38 0.0002560
desk 0 0 -10 503.10 321.80 630.77 526.07 0.0002530
bed 0 0 -10 698.34 332.54 729.92 434.39 0.0002521
night_stand 0 0 -10 3.29 351.78 81.21 499.70 0.0002463
table 0 0 -10 415.63 377.35 525.17 526.65 0.0002419
chair 0 0 -10 1.03 448.81 53.62 530.00 0.0002340
chair 0 0 -10 301.12 146.82 469.69 251.27 0.0002262
night_stand 0 0 -10 2.79 344.13 11.95 516.45 0.0002229
dresser 0 0 -10 302.46 6.64 453.33 284.18 0.0002215
table 0 0 -10 2.20 366.13 9.45 484.72 0.0002122
desk 0 0 -10 0.00 326.51 40.67 530.00 0.0002020
dresser 0 0 -10 0.00 290.69 35.29 514.18 0.0001984
bed 0 0 -10 58.31 389.45 504.15 435.78 0.0001979
