chair 0 0 -10 181.73 240.34 445.52 523.49 0.7677655
chair 0 0 -10 465.81 241.27 714.92 526.63 0.6962093
table 0 0 -10 1.26 116.82 175.84 426.00 0.2207307
table 0 0 -10 455.24 202.30 722.64 469.82 0.1899155
table 0 0 -10 179.25 348.72 432.92 530.00 0.1513510
table 0 0 -10 634.70 249.38 730.00 471.14 0.1032861
sofa 0 0 -10 474.94 236.28 719.63 525.39 0.0892285
desk 0 0 -10 42.01 43.50 582.93 507.06 0.0883275
chair 0 0 -10 616.89 234.48 725.74 522.79 0.0791097
sofa 0 0 -10 2.13 162.06 165.91 509.13 0.0748394
toilet 0 0 -10 171.89 236.94 442.57 525.40 0.0685609
sofa 0 0 -10 4.25 5.24 121.18 76.70 0.0545386
table 0 0 -10 548.93 269.17 722.23 526.01 0.0452988
sofa 0 0 -10 184.00 244.22 444.72 522.84 0.0441485
bed 0 0 -10 178.25 244.33 441.73 526.78 0.0419050
chair 0 0 -10 152.46 19.75 493.35 526.08 0.0393897
table 0 0 -10 91.89 20.00 551.61 420.69 0.0351841
dresser 0 0 -10 180.24 246.67 444.19 522.00 0.0348436
table 0 0 -10 482.54 319.29 690.89 529.70 0.0335829
desk 0 0 -10 2.92 108.63 181.80 453.69 0.0328505
desk 0 0 -10 451.49 84.53 729.31 503.05 0.0303509
chair 0 0 -10 0.21 229.37 159.34 525.23 0.0295024
table 0 0 -10 2.29 163.71 171.16 313.86 0.0248104
desk 0 0 -10 115.07 18.14 524.87 340.32 0.0247301
bookshelf 0 0 -10 125.72 6.33 510.56 521.62 0.0244484
bookshelf 0 0 -10 183.13 235.15 440.84 523.77 0.0208921
table 0 0 -10 147.93 236.86 485.61 520.19 0.0197230
night_stand 0 0 -10 181.48 256.99 444.51 525.22 0.0170383
table 0 0 -10 9.34 11.04 564.09 239.20 0.0144564
desk 0 0 -10 175.48 253.34 442.16 524.65 0.0144537
table 0 0 -10 89.91 3.01 483.04 162.38 0.0139686
table 0 0 -10 476.45 230.76 697.02 384.61 0.0136668
table 0 0 -10 661.32 303.65 727.79 520.76 0.0134075
toilet 0 0 -10 455.06 226.80 718.82 529.29 0.0132709
dresser 0 0 -10 115.96 18.51 524.55 529.63 0.0126777
toilet 0 0 -10 105.29 84.51 526.77 523.96 0.0116154
bathtub 0 0 -10 94.34 33.24 531.26 456.92 0.0114056
table 0 0 -10 178.73 446.17 660.84 524.73 0.0108293
table 0 0 -10 2.94 82.90 137.84 295.79 0.0104512
desk 0 0 -10 648.49 258.45 729.75 519.15 0.0089771
bathtub 0 0 -10 185.04 247.27 438.95 522.67 0.0087044
desk 0 0 -10 0.00 157.80 173.40 315.54 0.0082849
bathtub 0 0 -10 457.05 127.58 729.17 439.70 0.0075231
table 0 0 -10 2.61 299.39 162.44 530.00 0.0075038
table 0 0 -10 65.50 422.21 452.34 523.82 0.0074254
chair 0 0 -10 657.40 232.17 727.84 452.20 0.0072946
table 0 0 -10 598.09 367.69 728.46 455.46 0.0071092
table 0 0 -10 495.35 313.11 722.79 396.41 0.0066411
chair 0 0 -10 7.63 232.62 316.99 524.03 0.0066042
bed 0 0 -10 471.63 240.83 722.73 528.43 0.0050522
sofa 0 0 -10 587.60 242.83 724.07 496.78 0.0050441
table 0 0 -10 471.28 118.54 722.49 307.00 0.0049715
chair 0 0 -10 163.06 7.53 482.05 244.55 0.0048141
chair 0 0 -10 0.00 39.66 195.62 415.16 0.0047904
table 0 0 -10 421.58 406.24 703.47 530.00 0.0047095
table 0 0 -10 624.08 360.03 726.44 530.00 0.0046296
desk 0 0 -10 221.09 227.39 645.68 530.00 0.0045517
bookshelf 0 0 -10 467.52 234.49 720.72 526.72 0.0039854
table 0 0 -10 1.00 67.58 123.50 186.22 0.0038548
sofa 0 0 -10 6.67 2.62 200.08 96.52 0.0036500
sofa 0 0 -10 240.79 221.06 605.01 524.13 0.0034944
sofa 0 0 -10 10.27 243.91 303.52 527.52 0.0033855
dresser 0 0 -10 470.66 210.97 707.45 507.69 0.0033839
night_stand 0 0 -10 470.74 217.18 710.26 509.79 0.0033016
table 0 0 -10 689.67 378.86 727.85 529.55 0.0031057
desk 0 0 -10 474.94 119.59 725.85 309.90 0.0030746
chair 0 0 -10 0.27 141.63 131.67 375.56 0.0030744
table 0 0 -10 301.35 358.64 688.51 530.00 0.0030548
table 0 0 -10 710.86 375.18 729.78 529.40 0.0030172
table 0 0 -10 669.89 244.11 728.03 432.09 0.0027184
bathtub 0 0 -10 644.94 269.54 730.00 520.25 0.0026307
table 0 0 -10 488.32 356.02 714.47 449.04 0.0024168
dresser 0 0 -10 0.00 103.25 179.46 506.27 0.0024142
desk 0 0 -10 95.56 10.62 494.56 188.85 0.0023778
desk 0 0 -10 116.35 179.25 483.92 456.41 0.0022013
bathtub 0 0 -10 19.94 0.25 449.77 222.84 0.0021015
sofa 0 0 -10 23.84 3.61 449.04 226.12 0.0019980
desk 0 0 -10 545.26 258.70 725.41 529.58 0.0019781
table 0 0 -10 35.22 271.32 342.73 530.00 0.0019397
chair 0 0 -10 0.00 89.61 64.63 315.35 0.0018508
chair 0 0 -10 523.83 166.55 727.20 378.80 0.0018481
table 0 0 -10 10.35 387.87 227.91 530.00 0.0017756
chair 0 0 -10 486.45 237.75 698.08 400.03 0.0017454
desk 0 0 -10 205.91 204.81 558.49 399.89 0.0016145
bathtub 0 0 -10 426.13 245.30 730.00 507.51 0.0015478
sofa 0 0 -10 1.37 82.13 163.64 377.43 0.0014219
sofa 0 0 -10 1.30 36.89 123.15 290.13 0.0014075
bed 0 0 -10 0.00 150.97 164.63 510.76 0.0013230
table 0 0 -10 428.88 18.09 728.36 390.55 0.0013227
chair 0 0 -10 195.51 447.62 686.53 525.64 0.0013027
sofa 0 0 -10 121.00 47.18 516.96 504.04 0.0012980
bathtub 0 0 -10 214.14 239.81 426.26 368.65 0.0012552
bed 0 0 -10 107.62 0.00 525.89 522.37 0.0012423
chair 0 0 -10 25.33 9.46 340.47 423.27 0.0012054
table 0 0 -10 2.45 93.11 87.51 486.34 0.0011853
table 0 0 -10 366.73 450.19 622.93 530.00 0.0011487
bookshelf 0 0 -10 178.68 3.44 443.76 131.37 0.0011159
table 0 0 -10 576.58 285.83 720.66 390.06 0.0011047
bathtub 0 0 -10 138.04 189.41 463.65 434.77 0.0010842
table 0 0 -10 612.69 58.13 723.62 438.86 0.0010760
