chair 0 0 -10 234.06 214.18 480.25 521.60 0.9904721
chair 0 0 -10 182.52 133.62 334.00 318.52 0.9350325
desk 0 0 -10 2.69 114.57 321.39 530.00 0.8997073
chair 0 0 -10 138.09 127.90 352.47 453.47 0.4305364
table 0 0 -10 3.36 129.74 326.08 522.55 0.3355995
chair 0 0 -10 120.36 65.36 314.70 253.89 0.1744932
chair 0 0 -10 173.10 151.10 409.40 376.32 0.1389055
chair 0 0 -10 37.71 81.92 301.19 340.34 0.0437775
desk 0 0 -10 20.26 56.63 584.93 524.70 0.0358650
chair 0 0 -10 273.90 107.49 628.52 525.94 0.0324931
chair 0 0 -10 53.01 53.55 276.91 217.46 0.0294839
table 0 0 -10 30.63 90.74 208.26 246.92 0.0228588
chair 0 0 -10 99.72 82.88 205.11 256.54 0.0224677
chair 0 0 -10 202.69 100.35 320.79 266.66 0.0212447
desk 0 0 -10 552.08 60.72 730.00 507.16 0.0202603
desk 0 0 -10 0.16 144.28 164.25 504.07 0.0193569
desk 0 0 -10 0.00 212.31 252.29 454.32 0.0187902
chair 0 0 -10 67.82 19.68 210.69 172.90 0.0185312
desk 0 0 -10 6.61 128.37 307.87 339.94 0.0176771
table 0 0 -10 113.59 165.57 397.55 522.16 0.0171716
table 0 0 -10 18.04 73.89 575.79 509.78 0.0158796
bathtub 0 0 -10 503.50 47.53 730.00 490.02 0.0158085
table 0 0 -10 237.64 263.61 468.96 527.45 0.0157054
chair 0 0 -10 0.00 198.74 266.77 524.60 0.0143196
table 0 0 -10 72.94 111.32 284.80 244.98 0.0140808
table 0 0 -10 469.87 62.51 724.85 525.83 0.0137064
desk 0 0 -10 381.48 34.23 730.00 523.34 0.0125925
table 0 0 -10 63.37 49.84 195.79 172.19 0.0123587
table 0 0 -10 2.39 231.45 189.84 530.00 0.0123259
desk 0 0 -10 121.30 158.15 392.36 519.78 0.0120888
dresser 0 0 -10 541.00 77.72 730.00 529.15 0.0115542
dresser 0 0 -10 0.00 154.97 293.78 530.00 0.0111083
chair 0 0 -10 122.01 106.78 468.37 523.54 0.0109172
table 0 0 -10 243.84 85.73 701.02 519.40 0.0101843
chair 0 0 -10 537.21 82.52 730.00 522.22 0.0101431
table 0 0 -10 18.63 81.79 295.56 343.40 0.0097159
desk 0 0 -10 11.82 74.16 192.54 265.02 0.0085768
chair 0 0 -10 0.00 273.67 165.84 530.00 0.0082123
table 0 0 -10 125.11 132.97 308.68 337.13 0.0075789
desk 0 0 -10 100.44 144.28 323.59 412.16 0.0067994
chair 0 0 -10 129.63 84.97 230.57 305.68 0.0062897
chair 0 0 -10 654.83 28.49 730.00 176.44 0.0059999
table 0 0 -10 0.03 204.23 82.47 526.44 0.0054041
bathtub 0 0 -10 637.43 48.94 730.00 517.51 0.0045565
table 0 0 -10 182.18 126.71 328.67 297.23 0.0044754
chair 0 0 -10 0.00 216.90 195.71 420.29 0.0044531
chair 0 0 -10 19.46 65.67 364.27 485.77 0.0043692
chair 0 0 -10 17.13 97.67 227.63 267.99 0.0042738
chair 0 0 -10 56.45 315.11 583.51 529.11 0.0038409
desk 0 0 -10 636.29 36.31 730.00 530.00 0.0036807
chair 0 0 -10 0.00 131.33 142.10 476.46 0.0035634
table 0 0 -10 104.24 100.89 203.83 236.89 0.0032537
chair 0 0 -10 236.51 364.60 451.22 528.45 0.0032424
desk 0 0 -10 65.20 48.08 195.92 172.67 0.0026932
table 0 0 -10 582.48 45.58 725.12 462.75 0.0026717
chair 0 0 -10 633.35 14.74 730.00 268.48 0.0026265
chair 0 0 -10 19.64 47.61 186.64 204.50 0.0024823
chair 0 0 -10 554.62 12.58 721.25 162.50 0.0024454
desk 0 0 -10 176.26 160.47 331.07 364.64 0.0023994
table 0 0 -10 6.20 131.17 190.17 281.60 0.0023706
chair 0 0 -10 105.93 234.10 301.82 506.68 0.0023313
chair 0 0 -10 3.10 373.80 355.43 526.49 0.0022059
night_stand 0 0 -10 7.91 164.73 295.77 530.00 0.0021522
desk 0 0 -10 240.13 249.64 473.46 527.98 0.0019574
chair 0 0 -10 146.35 266.52 403.41 528.74 0.0019397
bathtub 0 0 -10 560.70 20.47 730.00 276.15 0.0019140
chair 0 0 -10 228.05 122.96 366.37 345.87 0.0019016
chair 0 0 -10 269.98 174.96 405.74 415.44 0.0018839
desk 0 0 -10 0.34 307.91 204.42 530.00 0.0018437
chair 0 0 -10 242.77 348.72 637.80 528.05 0.0017840
chair 0 0 -10 396.54 49.85 707.02 529.11 0.0017185
chair 0 0 -10 192.37 46.38 371.87 246.38 0.0016815
sofa 0 0 -10 389.53 2.20 712.99 75.41 0.0016703
bookshelf 0 0 -10 546.60 73.69 730.00 527.79 0.0014650
table 0 0 -10 22.48 287.54 449.98 530.00 0.0014454
bed 0 0 -10 536.31 49.61 730.00 530.00 0.0013829
desk 0 0 -10 15.71 291.06 463.51 530.00 0.0012868
chair 0 0 -10 630.65 20.74 729.18 516.41 0.0012150
sofa 0 0 -10 80.46 2.72 714.68 78.72 0.0012010
chair 0 0 -10 62.70 26.14 345.57 177.00 0.0011699
chair 0 0 -10 114.76 415.00 501.11 521.30 0.0011622
desk 0 0 -10 1.55 208.37 95.40 527.88 0.0011437
sofa 0 0 -10 542.53 69.79 728.76 524.98 0.0011348
chair 0 0 -10 588.74 140.22 730.00 307.79 0.0011327
table 0 0 -10 14.50 35.17 310.34 226.07 0.0010846
toilet 0 0 -10 541.52 28.79 727.64 512.64 0.0010659
table 0 0 -10 0.10 333.13 66.29 527.38 0.0010618
table 0 0 -10 629.71 43.31 730.00 317.41 0.0010374
bed 0 0 -10 406.51 5.93 725.41 72.95 0.0010123
sofa 0 0 -10 27.15 126.04 397.74 516.62 0.0010122
bookshelf 0 0 -10 1.89 141.06 286.78 530.00 0.0009946
desk 0 0 -10 687.55 76.47 730.00 466.08 0.0009524
bathtub 0 0 -10 688.09 75.73 730.00 459.50 0.0009487
bed 0 0 -10 12.06 95.42 332.49 530.00 0.0009458
chair 0 0 -10 0.00 212.32 82.93 520.79 0.0009408
chair 0 0 -10 1.96 144.00 172.34 317.98 0.0009405
dresser 0 0 -10 1.44 311.80 200.71 530.00 0.0009279
chair 0 0 -10 284.98 137.38 474.63 404.93 0.0009219
bed 0 0 -10 54.89 2.68 723.52 80.94 0.0007827
sofa 0 0 -10 248.68 234.73 470.01 527.04 0.0007761
