chair 0 0 -10 186.43 183.20 482.11 520.75 0.9874746
chair 0 0 -10 432.34 96.39 570.47 305.40 0.9765015
chair 0 0 -10 355.58 54.76 453.79 218.20 0.9170748
desk 0 0 -10 436.08 53.02 724.61 530.00 0.7958083
chair 0 0 -10 456.12 38.46 519.66 158.02 0.7864400
chair 0 0 -10 433.54 70.99 534.73 247.60 0.7524948
table 0 0 -10 449.61 52.89 728.47 530.00 0.5096154
chair 0 0 -10 437.21 68.27 504.01 158.45 0.2910157
chair 0 0 -10 679.37 47.06 728.78 192.92 0.1782186
chair 0 0 -10 246.84 150.47 632.78 523.24 0.1637577
chair 0 0 -10 342.53 52.59 538.74 211.46 0.1620740
chair 0 0 -10 399.00 93.97 642.36 475.82 0.1568157
table 0 0 -10 461.79 76.73 671.51 341.35 0.1178706
chair 0 0 -10 443.11 39.76 499.23 123.57 0.1002491
desk 0 0 -10 462.17 80.09 669.18 345.11 0.0963395
chair 0 0 -10 419.44 60.72 485.34 239.22 0.0866973
chair 0 0 -10 13.90 326.55 213.29 530.00 0.0552062
chair 0 0 -10 429.19 60.17 474.33 184.23 0.0534210
chair 0 0 -10 431.41 10.60 556.74 182.19 0.0530283
chair 0 0 -10 366.49 49.91 465.55 150.22 0.0500604
table 0 0 -10 282.89 123.16 695.73 514.69 0.0427139
desk 0 0 -10 429.26 298.11 721.68 530.00 0.0398959
chair 0 0 -10 431.77 49.04 483.50 139.91 0.0387241
chair 0 0 -10 108.31 325.15 257.04 530.00 0.0349300
chair 0 0 -10 478.36 169.05 716.70 521.92 0.0326559
chair 0 0 -10 458.98 41.62 481.60 114.10 0.0325488
table 0 0 -10 464.60 74.73 593.16 286.69 0.0304130
chair 0 0 -10 459.64 16.95 530.84 120.17 0.0235590
chair 0 0 -10 659.48 75.52 726.96 166.98 0.0190581
chair 0 0 -10 464.12 43.36 493.47 108.98 0.0185922
chair 0 0 -10 690.13 46.52 728.36 140.53 0.0162676
chair 0 0 -10 89.05 292.47 399.36 528.13 0.0158555
chair 0 0 -10 433.37 98.41 498.22 197.82 0.0155261
table 0 0 -10 467.51 50.33 658.37 230.91 0.0125164
desk 0 0 -10 111.93 103.96 652.64 512.99 0.0124554
chair 0 0 -10 444.71 58.68 658.48 345.28 0.0124180
chair 0 0 -10 462.89 35.68 543.80 94.89 0.0123757
chair 0 0 -10 372.97 94.43 501.90 270.56 0.0120170
desk 0 0 -10 0.00 13.44 374.43 460.43 0.0109359
table 0 0 -10 427.33 307.39 721.90 528.57 0.0105308
chair 0 0 -10 266.53 99.90 599.67 317.49 0.0103676
chair 0 0 -10 436.72 71.37 473.97 133.33 0.0100236
chair 0 0 -10 356.97 50.59 425.56 164.76 0.0090939
table 0 0 -10 4.56 17.70 363.17 467.61 0.0088085
chair 0 0 -10 246.98 153.84 485.34 334.65 0.0086993
chair 0 0 -10 327.31 108.62 552.47 464.29 0.0086002
chair 0 0 -10 11.61 231.61 307.75 528.58 0.0084767
dresser 0 0 -10 431.78 54.68 730.00 530.00 0.0082533
table 0 0 -10 542.59 19.25 723.56 182.18 0.0078554
chair 0 0 -10 449.85 47.88 473.10 109.26 0.0072134
chair 0 0 -10 406.73 24.60 524.50 109.02 0.0070445
table 0 0 -10 476.29 191.97 729.34 417.24 0.0066420
chair 0 0 -10 5.21 7.70 126.75 167.82 0.0064363
table 0 0 -10 30.74 39.89 678.79 501.63 0.0056935
chair 0 0 -10 325.87 65.31 469.68 294.57 0.0053957
table 0 0 -10 478.21 49.83 605.38 182.15 0.0052135
chair 0 0 -10 458.66 54.69 500.57 94.12 0.0051485
chair 0 0 -10 462.92 42.72 506.98 84.72 0.0050275
chair 0 0 -10 436.81 99.57 480.56 256.87 0.0047728
table 0 0 -10 344.20 124.08 642.10 391.67 0.0040743
chair 0 0 -10 350.02 15.51 616.28 134.38 0.0039141
chair 0 0 -10 456.76 23.97 595.61 118.75 0.0038646
chair 0 0 -10 647.20 19.14 730.00 205.98 0.0038250
chair 0 0 -10 461.90 58.52 486.21 144.05 0.0036340
desk 0 0 -10 427.66 112.82 579.58 331.28 0.0036101
table 0 0 -10 410.92 66.77 472.12 163.12 0.0033482
chair 0 0 -10 714.52 35.70 729.50 186.55 0.0031607
chair 0 0 -10 453.34 41.27 488.80 91.50 0.0027818
table 0 0 -10 463.05 60.08 560.26 211.87 0.0027586
table 0 0 -10 255.50 145.66 519.17 481.01 0.0024514
chair 0 0 -10 0.00 137.27 193.48 530.00 0.0023160
chair 0 0 -10 425.15 96.00 487.67 162.52 0.0023015
table 0 0 -10 472.36 21.02 711.82 124.07 0.0022336
chair 0 0 -10 387.63 72.30 476.94 173.92 0.0021938
desk 0 0 -10 475.75 191.25 730.00 415.59 0.0021625
bookshelf 0 0 -10 439.32 27.08 726.83 529.18 0.0021547
desk 0 0 -10 383.70 107.67 644.12 439.09 0.0020914
chair 0 0 -10 147.85 349.24 493.87 527.94 0.0020849
table 0 0 -10 421.03 25.69 641.00 154.96 0.0020599
chair 0 0 -10 86.34 2.99 199.53 107.42 0.0018503
chair 0 0 -10 457.52 22.91 601.85 204.71 0.0018217
table 0 0 -10 409.73 107.65 602.24 335.06 0.0017467
chair 0 0 -10 318.99 297.19 671.83 526.79 0.0016771
chair 0 0 -10 325.34 36.43 650.54 266.06 0.0016718
table 0 0 -10 7.39 13.15 142.23 171.22 0.0016492
table 0 0 -10 410.87 94.57 562.97 233.32 0.0015220
table 0 0 -10 420.36 69.73 506.00 206.45 0.0014695
bed 0 0 -10 427.00 24.85 730.00 530.00 0.0014392
desk 0 0 -10 181.79 314.25 500.53 530.00 0.0013909
desk 0 0 -10 252.94 154.14 524.34 524.67 0.0013457
table 0 0 -10 0.93 36.68 151.01 524.17 0.0013365
night_stand 0 0 -10 426.22 56.00 730.00 522.56 0.0013265
bathtub 0 0 -10 4.31 309.73 191.34 519.04 0.0012405
table 0 0 -10 136.86 227.03 503.10 522.42 0.0011727
chair 0 0 -10 265.26 399.08 598.10 528.16 0.0011488
chair 0 0 -10 286.55 278.61 494.53 528.82 0.0011416
chair 0 0 -10 113.65 55.89 583.12 498.87 0.0011236
table 0 0 -10 0.00 169.56 280.62 529.46 0.0011100
chair 0 0 -10 439.57 21.97 499.98 91.80 0.0010956
chair 0 0 -10 83.30 81.83 388.91 472.28 0.0010784
