chair 0 0 -10 461.55 164.00 726.86 529.70 0.9848958
chair 0 0 -10 219.58 107.50 413.50 381.52 0.9800352
chair 0 0 -10 262.32 72.42 394.34 199.86 0.9121392
chair 0 0 -10 246.94 71.82 404.88 291.20 0.7827688
desk 0 0 -10 286.36 9.50 730.00 410.28 0.6714296
table 0 0 -10 272.22 18.56 726.96 405.49 0.4540859
chair 0 0 -10 282.74 39.57 389.24 134.96 0.3919340
chair 0 0 -10 275.33 30.47 422.56 225.27 0.0756215
desk 0 0 -10 388.81 132.68 730.00 472.53 0.0589062
table 0 0 -10 515.73 138.72 730.00 513.70 0.0341189
chair 0 0 -10 255.93 96.89 532.58 498.18 0.0323462
chair 0 0 -10 550.39 78.16 726.92 389.31 0.0224911
table 0 0 -10 301.56 0.00 726.43 181.44 0.0202297
chair 0 0 -10 386.40 318.65 721.22 525.20 0.0190994
desk 0 0 -10 581.90 87.57 727.60 409.16 0.0171328
chair 0 0 -10 297.73 0.00 415.25 141.37 0.0165304
desk 0 0 -10 296.81 14.15 557.41 270.78 0.0156838
chair 0 0 -10 287.56 0.62 385.22 88.96 0.0152901
chair 0 0 -10 291.94 29.05 366.32 110.89 0.0147840
desk 0 0 -10 418.74 78.32 724.14 348.85 0.0145634
table 0 0 -10 307.66 151.95 704.19 525.77 0.0144648
table 0 0 -10 623.51 64.08 730.00 450.43 0.0102763
chair 0 0 -10 641.24 27.63 730.00 362.43 0.0091714
chair 0 0 -10 270.35 66.67 363.27 141.45 0.0083671
desk 0 0 -10 653.69 133.17 729.89 370.35 0.0076002
desk 0 0 -10 368.21 2.25 723.15 209.76 0.0066992
desk 0 0 -10 493.68 197.34 727.01 527.07 0.0066253
table 0 0 -10 515.04 41.75 730.00 362.09 0.0060606
table 0 0 -10 611.37 192.00 730.00 385.83 0.0057001
table 0 0 -10 291.34 9.79 565.64 265.58 0.0056589
chair 0 0 -10 400.60 129.21 678.31 447.82 0.0052337
chair 0 0 -10 519.14 1.34 723.39 144.26 0.0040045
table 0 0 -10 59.20 98.32 599.42 530.00 0.0039356
chair 0 0 -10 246.57 12.80 383.57 162.00 0.0038632
chair 0 0 -10 227.54 86.57 345.04 237.92 0.0036648
desk 0 0 -10 609.56 211.51 730.00 349.38 0.0035698
chair 0 0 -10 614.90 164.61 727.62 411.29 0.0034658
table 0 0 -10 285.76 40.33 450.47 257.78 0.0033379
desk 0 0 -10 287.74 44.17 445.15 265.12 0.0030073
chair 0 0 -10 600.24 19.21 730.00 179.58 0.0029163
table 0 0 -10 628.68 119.20 730.00 280.49 0.0028648
chair 0 0 -10 605.00 75.51 725.48 293.65 0.0027639
table 0 0 -10 9.72 88.09 343.33 426.76 0.0026798
chair 0 0 -10 427.20 3.55 625.50 174.00 0.0026498
table 0 0 -10 409.50 2.37 721.94 114.57 0.0025941
chair 0 0 -10 660.68 56.87 727.33 254.78 0.0025804
chair 0 0 -10 281.70 112.48 377.35 196.81 0.0024742
chair 0 0 -10 490.72 146.94 650.24 375.71 0.0023215
chair 0 0 -10 499.35 27.49 682.13 296.16 0.0022238
table 0 0 -10 240.62 132.15 407.12 359.72 0.0022115
desk 0 0 -10 296.82 16.53 386.08 127.09 0.0021840
desk 0 0 -10 620.73 101.70 730.00 291.39 0.0021594
sofa 0 0 -10 408.76 126.73 730.00 521.10 0.0018478
desk 0 0 -10 162.72 205.86 693.25 530.00 0.0017591
table 0 0 -10 155.23 34.15 562.48 395.38 0.0017441
chair 0 0 -10 217.37 165.69 406.15 308.83 0.0016976
table 0 0 -10 294.47 16.40 389.71 125.03 0.0015889
chair 0 0 -10 529.30 345.83 722.01 522.02 0.0014513
desk 0 0 -10 55.64 8.21 614.81 467.56 0.0014472
chair 0 0 -10 83.79 143.65 434.17 530.00 0.0014454
table 0 0 -10 244.15 6.09 474.98 159.88 0.0012722
chair 0 0 -10 651.35 208.31 729.43 382.70 0.0012446
chair 0 0 -10 678.18 0.00 730.00 71.65 0.0012286
chair 0 0 -10 526.49 220.83 725.94 423.07 0.0011429
desk 0 0 -10 237.83 129.89 404.48 357.63 0.0010941
chair 0 0 -10 315.78 89.78 565.97 370.69 0.0010885
dresser 0 0 -10 400.11 119.12 730.00 521.96 0.0010173
bookshelf 0 0 -10 348.04 41.27 726.35 512.54 0.0010086
chair 0 0 -10 207.70 243.07 398.13 379.92 0.0009433
bed 0 0 -10 341.34 20.78 723.73 525.14 0.0009346
table 0 0 -10 665.71 77.85 729.33 315.75 0.0009013
table 0 0 -10 446.93 256.41 705.76 530.00 0.0008855
dresser 0 0 -10 483.59 8.73 716.87 161.54 0.0008505
table 0 0 -10 674.13 167.51 727.28 384.67 0.0008431
chair 0 0 -10 679.66 8.87 730.00 183.54 0.0008393
chair 0 0 -10 60.09 12.39 391.20 232.21 0.0008285
chair 0 0 -10 646.65 0.00 730.00 117.45 0.0007906
sofa 0 0 -10 12.93 78.05 408.91 477.53 0.0007897
desk 0 0 -10 264.88 69.43 391.74 172.09 0.0007608
chair 0 0 -10 314.40 0.00 412.22 64.88 0.0007525
table 0 0 -10 264.23 68.56 395.73 170.72 0.0007515
table 0 0 -10 123.08 2.56 534.96 215.35 0.0007420
chair 0 0 -10 319.09 12.24 513.73 259.81 0.0007176
chair 0 0 -10 688.62 205.19 730.00 526.26 0.0007150
sofa 0 0 -10 215.86 101.13 405.54 363.89 0.0006824
toilet 0 0 -10 396.37 132.13 720.89 524.37 0.0006548
table 0 0 -10 309.69 17.17 437.31 174.70 0.0006519
sofa 0 0 -10 4.55 37.53 146.41 514.84 0.0006289
chair 0 0 -10 688.86 38.00 725.31 283.51 0.0006114
table 0 0 -10 67.02 5.63 383.02 135.80 0.0005637
chair 0 0 -10 382.06 35.46 635.25 331.10 0.0005558
desk 0 0 -10 194.77 61.00 439.26 384.02 0.0005458
chair 0 0 -10 451.87 0.00 729.91 80.85 0.0005453
table 0 0 -10 251.71 78.87 399.61 269.38 0.0005385
bathtub 0 0 -10 318.47 2.85 730.00 313.43 0.0005296
chair 0 0 -10 651.25 244.10 730.00 513.49 0.0005217
table 0 0 -10 132.21 122.87 383.20 403.31 0.0005179
chair 0 0 -10 171.70 269.14 425.64 510.98 0.0005026
sofa 0 0 -10 261.71 75.80 390.07 176.23 0.0004905
bed 0 0 -10 461.99 154.36 728.57 530.00 0.0004848
