chair 0 0 -10 151.37 154.45 423.62 486.80 0.9847630
chair 0 0 -10 146.61 86.79 335.17 293.46 0.9015226
desk 0 0 -10 258.63 80.17 679.33 524.40 0.8311253
table 0 0 -10 261.43 70.23 681.49 526.10 0.3362324
chair 0 0 -10 343.11 139.51 679.20 515.01 0.0174609
chair 0 0 -10 189.85 133.12 311.69 347.40 0.0174045
chair 0 0 -10 161.52 166.29 357.35 285.92 0.0162862
desk 0 0 -10 414.70 204.58 686.15 529.78 0.0107541
desk 0 0 -10 218.07 126.27 540.82 482.67 0.0067326
dresser 0 0 -10 290.75 70.90 682.72 520.03 0.0066730
chair 0 0 -10 178.15 49.03 538.01 502.00 0.0054621
chair 0 0 -10 151.64 14.55 377.70 220.12 0.0052209
desk 0 0 -10 432.02 50.32 713.61 426.16 0.0042268
table 0 0 -10 409.72 198.55 691.23 530.00 0.0041395
table 0 0 -10 455.52 77.68 716.88 321.96 0.0033996
chair 0 0 -10 395.30 45.30 635.54 303.64 0.0031336
chair 0 0 -10 198.21 253.04 479.70 528.18 0.0028487
chair 0 0 -10 179.72 173.02 371.15 377.24 0.0022738
table 0 0 -10 263.19 98.20 536.49 442.67 0.0018642
chair 0 0 -10 331.31 64.06 607.10 394.48 0.0018022
bookshelf 0 0 -10 296.35 60.88 691.87 530.00 0.0017596
chair 0 0 -10 476.37 19.39 705.70 295.70 0.0016862
chair 0 0 -10 74.79 275.97 643.34 527.87 0.0015577
dresser 0 0 -10 397.93 200.12 697.73 530.00 0.0012310
table 0 0 -10 113.82 90.51 467.29 489.45 0.0012212
sofa 0 0 -10 214.34 114.30 643.69 523.53 0.0011848
night_stand 0 0 -10 235.95 107.63 653.90 526.91 0.0011560
table 0 0 -10 479.65 119.83 715.63 243.38 0.0011308
table 0 0 -10 196.54 0.00 572.14 160.24 0.0009691
bathtub 0 0 -10 301.53 81.55 699.58 499.33 0.0009072
bed 0 0 -10 225.22 78.07 647.44 530.00 0.0008829
table 0 0 -10 1.85 17.08 121.44 530.00 0.0008816
desk 0 0 -10 525.75 68.31 730.00 354.95 0.0008069
chair 0 0 -10 115.98 0.00 517.66 173.18 0.0006844
chair 0 0 -10 454.04 0.00 570.49 133.78 0.0006509
chair 0 0 -10 154.10 57.38 289.20 224.90 0.0006252
table 0 0 -10 547.62 117.76 727.51 358.53 0.0006034
table 0 0 -10 61.86 1.87 653.17 203.93 0.0005400
desk 0 0 -10 80.91 248.72 725.41 530.00 0.0005164
toilet 0 0 -10 218.59 111.76 622.62 530.00 0.0005056
chair 0 0 -10 74.27 118.35 337.57 527.34 0.0004569
chair 0 0 -10 415.46 1.80 707.40 182.48 0.0004356
sofa 0 0 -10 132.97 92.88 434.46 493.55 0.0004239
desk 0 0 -10 136.42 165.76 403.17 472.90 0.0004214
chair 0 0 -10 474.04 264.93 709.30 527.20 0.0004122
chair 0 0 -10 184.81 44.01 438.75 342.55 0.0003938
table 0 0 -10 93.07 248.38 701.20 530.00 0.0003881
table 0 0 -10 155.81 205.65 337.85 518.53 0.0003806
table 0 0 -10 491.27 305.98 680.26 530.00 0.0003791
chair 0 0 -10 324.99 218.27 541.85 519.58 0.0003762
table 0 0 -10 25.49 1.17 500.54 118.46 0.0003749
bookshelf 0 0 -10 179.62 62.63 552.29 504.25 0.0003591
table 0 0 -10 547.17 185.07 717.19 530.00 0.0003578
sofa 0 0 -10 144.91 81.84 318.91 240.97 0.0003526
chair 0 0 -10 228.30 402.97 644.63 526.85 0.0003526
bookshelf 0 0 -10 465.47 0.00 573.28 138.70 0.0003417
table 0 0 -10 147.25 5.93 407.92 192.94 0.0003386
sofa 0 0 -10 24.82 3.15 502.54 115.19 0.0003289
sofa 0 0 -10 397.74 190.84 693.33 530.00 0.0003066
table 0 0 -10 330.75 39.82 694.14 274.74 0.0003049
table 0 0 -10 379.29 0.43 705.60 178.05 0.0002662
desk 0 0 -10 515.83 145.98 710.20 479.59 0.0002652
table 0 0 -10 149.81 61.59 336.49 248.08 0.0002592
desk 0 0 -10 312.79 55.88 678.11 332.48 0.0002520
chair 0 0 -10 237.23 232.32 417.15 475.05 0.0002483
chair 0 0 -10 151.68 176.32 303.19 241.52 0.0002429
night_stand 0 0 -10 380.28 185.86 702.11 529.04 0.0002420
table 0 0 -10 151.98 88.65 378.04 349.54 0.0002376
chair 0 0 -10 0.00 55.36 161.10 516.26 0.0002327
bed 0 0 -10 388.66 186.54 701.34 530.00 0.0002270
chair 0 0 -10 123.25 82.90 257.72 249.38 0.0002244
desk 0 0 -10 450.84 60.86 716.94 263.34 0.0002216
sofa 0 0 -10 23.60 0.90 465.86 64.67 0.0002116
table 0 0 -10 139.70 161.05 299.19 316.11 0.0002065
chair 0 0 -10 253.48 131.25 453.95 350.31 0.0002004
chair 0 0 -10 151.38 95.57 293.03 179.22 0.0001961
chair 0 0 -10 196.38 157.77 297.69 261.62 0.0001919
chair 0 0 -10 62.33 0.00 448.37 287.93 0.0001890
night_stand 0 0 -10 197.53 144.24 498.40 480.88 0.0001887
chair 0 0 -10 456.34 116.47 554.04 307.01 0.0001823
table 0 0 -10 403.67 290.63 692.81 431.43 0.0001790
sofa 0 0 -10 145.62 93.03 370.76 346.44 0.0001680
chair 0 0 -10 40.29 342.42 427.77 530.00 0.0001650
desk 0 0 -10 397.65 274.52 700.37 444.57 0.0001643
dresser 0 0 -10 454.21 37.01 708.79 413.61 0.0001563
chair 0 0 -10 25.14 0.00 453.88 64.62 0.0001455
table 0 0 -10 21.45 0.43 449.44 63.16 0.0001438
bathtub 0 0 -10 148.08 92.42 580.51 504.65 0.0001429
bookshelf 0 0 -10 468.15 0.00 714.71 294.95 0.0001389
chair 0 0 -10 382.10 198.76 495.61 431.76 0.0001387
table 0 0 -10 60.82 191.24 291.69 530.00 0.0001365
dresser 0 0 -10 227.01 147.03 528.14 492.84 0.0001335
table 0 0 -10 692.81 136.61 728.53 201.38 0.0001325
toilet 0 0 -10 127.46 110.73 413.98 480.92 0.0001283
chair 0 0 -10 347.90 0.00 560.67 203.72 0.0001264
chair 0 0 -10 79.00 82.33 251.96 338.27 0.0001232
table 0 0 -10 625.67 148.84 727.13 516.41 0.0001223
chair 0 0 -10 0.00 65.65 80.91 489.85 0.0001211
table 0 0 -10 378.22 195.33 500.11 440.61 0.0001198
toilet 0 0 -10 134.39 80.47 318.55 302.22 0.0001172
