chair 0 0 -10 332.44 281.77 490.29 495.76 0.9853005
chair 0 0 -10 2.33 381.58 279.56 529.53 0.9806482
chair 0 0 -10 173.70 247.27 321.15 424.91 0.9727070
chair 0 0 -10 0.00 268.07 158.85 447.07 0.9712809
chair 0 0 -10 34.96 250.70 180.71 404.22 0.9124039
desk 0 0 -10 449.25 221.96 598.69 350.15 0.8374905
chair 0 0 -10 217.43 208.11 308.74 293.40 0.8125693
chair 0 0 -10 74.16 405.36 428.47 529.92 0.7972655
chair 0 0 -10 263.47 220.09 358.39 302.43 0.7806948
chair 0 0 -10 533.99 173.31 608.37 292.09 0.7174338
chair 0 0 -10 196.12 233.70 305.51 345.81 0.6189941
chair 0 0 -10 687.33 248.03 729.27 471.48 0.5928187
chair 0 0 -10 181.03 221.34 280.05 321.18 0.4969215
table 0 0 -10 446.14 228.37 602.98 350.59 0.4965586
chair 0 0 -10 1.94 264.35 84.85 471.68 0.4234744
chair 0 0 -10 2.86 329.52 137.83 507.32 0.3734429
chair 0 0 -10 273.47 232.53 369.75 365.31 0.3100719
chair 0 0 -10 220.82 236.42 336.65 390.15 0.1798831
chair 0 0 -10 215.15 210.93 282.07 268.60 0.1662016
chair 0 0 -10 2.61 315.45 64.05 510.31 0.1659264
chair 0 0 -10 536.66 173.89 600.77 232.24 0.1525919
chair 0 0 -10 454.73 198.15 509.71 265.64 0.1307779
chair 0 0 -10 6.88 245.07 57.44 433.95 0.1008891
chair 0 0 -10 502.21 198.21 600.52 328.48 0.0898134
chair 0 0 -10 215.83 322.89 464.10 530.00 0.0600460
chair 0 0 -10 180.78 224.67 266.41 279.66 0.0576209
table 0 0 -10 695.37 260.93 727.65 491.20 0.0533824
chair 0 0 -10 294.03 255.38 368.31 337.53 0.0528850
sofa 0 0 -10 694.66 245.42 728.49 489.01 0.0511528
chair 0 0 -10 705.42 250.89 729.94 445.73 0.0436960
chair 0 0 -10 281.40 261.97 424.05 409.36 0.0399347
chair 0 0 -10 206.19 208.78 362.85 326.75 0.0391457
chair 0 0 -10 0.00 380.86 89.45 529.75 0.0375446
chair 0 0 -10 0.00 310.62 250.93 492.00 0.0322076
table 0 0 -10 436.53 210.41 600.19 270.27 0.0315959
chair 0 0 -10 436.71 203.62 507.62 327.42 0.0307748
chair 0 0 -10 475.31 194.78 530.98 276.60 0.0303966
chair 0 0 -10 226.48 211.43 278.13 246.35 0.0230316
chair 0 0 -10 164.51 452.48 443.12 530.00 0.0215833
chair 0 0 -10 58.85 316.52 532.30 523.35 0.0210297
chair 0 0 -10 514.57 202.66 588.93 281.19 0.0200595
chair 0 0 -10 151.88 297.18 335.46 506.79 0.0199010
chair 0 0 -10 440.35 188.33 597.34 349.67 0.0137919
desk 0 0 -10 449.30 208.97 516.76 301.20 0.0137265
chair 0 0 -10 646.29 255.80 730.00 504.79 0.0131892
chair 0 0 -10 465.93 203.00 565.29 325.94 0.0125270
table 0 0 -10 441.76 215.20 537.86 259.93 0.0124643
chair 0 0 -10 230.20 207.27 314.40 259.98 0.0122241
desk 0 0 -10 695.58 251.95 728.06 489.44 0.0121630
table 0 0 -10 251.82 240.03 365.29 386.28 0.0118718
chair 0 0 -10 166.25 223.51 256.72 359.79 0.0115666
chair 0 0 -10 440.38 210.26 494.31 261.35 0.0096753
chair 0 0 -10 187.60 234.21 400.66 361.85 0.0095102
desk 0 0 -10 443.61 214.48 533.11 260.78 0.0094149
table 0 0 -10 0.00 375.35 51.35 518.49 0.0093479
table 0 0 -10 707.41 256.87 729.57 436.66 0.0085064
desk 0 0 -10 295.09 212.81 598.12 351.27 0.0080351
chair 0 0 -10 493.87 203.99 556.26 266.53 0.0076084
table 0 0 -10 34.69 345.73 400.59 518.65 0.0069290
table 0 0 -10 663.28 258.66 727.33 495.23 0.0067787
table 0 0 -10 313.04 281.81 475.72 441.36 0.0064405
chair 0 0 -10 701.11 322.30 729.83 498.13 0.0062311
table 0 0 -10 1.67 307.09 77.74 506.20 0.0061775
table 0 0 -10 4.94 334.22 130.57 515.14 0.0061513
table 0 0 -10 302.90 218.29 598.11 348.69 0.0060098
table 0 0 -10 303.58 321.91 482.63 516.19 0.0056268
chair 0 0 -10 466.28 199.85 498.57 242.57 0.0055654
chair 0 0 -10 715.48 278.33 728.61 424.48 0.0047367
chair 0 0 -10 1.63 350.51 40.87 525.63 0.0046841
chair 0 0 -10 706.42 295.82 727.08 407.51 0.0046787
chair 0 0 -10 182.25 253.23 444.85 468.16 0.0046195
table 0 0 -10 440.95 205.06 521.13 287.24 0.0045927
chair 0 0 -10 12.79 230.13 33.28 525.92 0.0044716
table 0 0 -10 195.82 251.57 340.67 364.83 0.0041845
dresser 0 0 -10 684.61 261.80 727.52 492.13 0.0040896
chair 0 0 -10 287.98 247.97 355.67 283.83 0.0040339
desk 0 0 -10 440.30 208.46 598.42 268.77 0.0038829
chair 0 0 -10 274.48 223.74 331.81 274.42 0.0038756
desk 0 0 -10 247.18 237.39 363.56 386.27 0.0037665
toilet 0 0 -10 683.58 262.12 727.70 500.87 0.0037263
table 0 0 -10 233.50 251.68 415.72 415.94 0.0037249
bed 0 0 -10 694.53 239.60 728.41 494.61 0.0037171
desk 0 0 -10 191.72 268.60 333.58 401.72 0.0036097
chair 0 0 -10 216.75 488.15 436.67 530.00 0.0035904
table 0 0 -10 283.54 236.47 487.76 376.06 0.0035429
table 0 0 -10 479.71 208.58 605.15 304.30 0.0035134
chair 0 0 -10 482.03 201.22 509.21 238.11 0.0033825
chair 0 0 -10 30.87 243.42 95.53 369.96 0.0032916
table 0 0 -10 163.06 401.99 446.70 526.65 0.0032214
table 0 0 -10 23.90 400.83 275.14 530.00 0.0032202
table 0 0 -10 139.43 266.85 349.51 435.34 0.0029072
desk 0 0 -10 707.86 251.50 730.00 435.82 0.0028030
chair 0 0 -10 282.81 236.62 344.29 268.20 0.0027726
chair 0 0 -10 259.76 216.05 295.37 255.30 0.0027114
table 0 0 -10 453.74 200.33 517.85 253.88 0.0025481
table 0 0 -10 3.44 262.21 65.68 445.95 0.0025240
night_stand 0 0 -10 684.52 265.88 728.36 494.35 0.0024794
table 0 0 -10 431.20 217.60 490.00 273.99 0.0024645
bookshelf 0 0 -10 685.35 253.43 727.05 490.66 0.0024112
chair 0 0 -10 152.28 423.83 605.02 529.81 0.0024086
