bed 0 0 -10 110.82 186.04 542.05 528.65 0.9948232
bed 0 0 -10 38.59 149.69 299.50 317.10 0.9887502
night_stand 0 0 -10 484.70 378.41 638.79 526.08 0.1136429
dresser 0 0 -10 506.86 293.09 688.76 526.54 0.0617556
bed 0 0 -10 470.38 277.45 674.14 530.00 0.0489096
bed 0 0 -10 80.96 152.09 319.11 454.59 0.0338702
bed 0 0 -10 33.35 108.44 383.54 366.26 0.0322791
bed 0 0 -10 35.58 124.65 184.35 302.67 0.0281079
dresser 0 0 -10 471.83 361.52 639.31 528.17 0.0235834
bed 0 0 -10 113.35 145.35 231.69 325.76 0.0214989
bed 0 0 -10 280.54 247.76 649.84 530.00 0.0209189
chair 0 0 -10 101.79 8.51 176.00 112.22 0.0207389
dresser 0 0 -10 82.38 228.12 563.84 530.00 0.0200760
bed 0 0 -10 48.70 34.74 643.40 427.87 0.0191451
bed 0 0 -10 32.95 2.95 189.85 263.21 0.0123730
chair 0 0 -10 459.88 262.05 679.19 530.00 0.0103916
chair 0 0 -10 117.32 21.88 159.94 111.52 0.0085134
bookshelf 0 0 -10 511.45 292.99 686.71 525.23 0.0073521
bookshelf 0 0 -10 3.19 2.47 160.47 183.29 0.0073493
dresser 0 0 -10 608.68 288.70 694.75 529.84 0.0072927
dresser 0 0 -10 12.02 0.17 156.62 200.07 0.0070233
chair 0 0 -10 80.76 23.75 146.16 102.51 0.0062117
night_stand 0 0 -10 130.04 234.56 539.51 525.93 0.0060594
chair 0 0 -10 26.50 2.03 169.61 62.53 0.0060045
bed 0 0 -10 51.62 30.34 290.98 284.87 0.0051058
dresser 0 0 -10 633.60 266.22 726.63 526.46 0.0050664
desk 0 0 -10 89.31 226.14 572.97 530.00 0.0049463
desk 0 0 -10 6.34 1.64 131.27 76.71 0.0047284
dresser 0 0 -10 573.09 345.93 727.70 527.64 0.0045760
table 0 0 -10 103.55 232.24 565.20 530.00 0.0043138
chair 0 0 -10 103.67 0.00 186.85 66.90 0.0039141
table 0 0 -10 489.86 343.46 656.26 527.77 0.0037745
dresser 0 0 -10 296.36 260.17 643.28 530.00 0.0037436
table 0 0 -10 4.20 1.24 150.85 81.52 0.0035618
bookshelf 0 0 -10 99.00 6.82 175.47 112.94 0.0033708
chair 0 0 -10 46.47 123.12 134.43 180.56 0.0033260
chair 0 0 -10 128.29 0.00 217.22 118.22 0.0032451
chair 0 0 -10 179.18 1.79 292.88 150.90 0.0030417
chair 0 0 -10 122.29 26.05 138.98 107.89 0.0029754
chair 0 0 -10 28.98 2.16 109.07 53.96 0.0029693
night_stand 0 0 -10 474.27 303.10 688.77 522.47 0.0027975
dresser 0 0 -10 684.11 250.35 729.01 528.20 0.0027921
chair 0 0 -10 129.69 22.82 148.56 92.42 0.0025746
bed 0 0 -10 0.00 4.25 130.35 232.03 0.0025496
bed 0 0 -10 130.64 191.31 377.27 298.99 0.0025072
chair 0 0 -10 86.58 4.65 175.66 39.62 0.0024770
sofa 0 0 -10 115.48 208.33 543.13 527.14 0.0024189
dresser 0 0 -10 2.94 62.64 77.11 194.80 0.0024106
bookshelf 0 0 -10 6.52 1.43 152.79 82.40 0.0023494
chair 0 0 -10 66.44 0.41 137.20 66.45 0.0023373
chair 0 0 -10 132.99 11.02 173.88 127.93 0.0022450
night_stand 0 0 -10 21.69 2.69 124.05 69.84 0.0021901
chair 0 0 -10 109.42 30.90 141.24 113.51 0.0021474
chair 0 0 -10 59.01 0.45 203.77 127.13 0.0021379
table 0 0 -10 118.23 16.27 172.94 107.48 0.0021107
bed 0 0 -10 127.02 153.54 469.00 410.20 0.0020302
night_stand 0 0 -10 388.69 374.50 601.95 528.88 0.0018916
desk 0 0 -10 42.17 2.30 157.37 95.74 0.0018377
chair 0 0 -10 120.99 18.75 183.95 80.68 0.0018224
bed 0 0 -10 540.53 255.13 722.72 529.86 0.0018132
chair 0 0 -10 135.34 21.29 151.57 74.15 0.0017838
chair 0 0 -10 119.54 31.55 133.33 100.52 0.0017544
sofa 0 0 -10 40.88 130.98 290.15 314.74 0.0016862
chair 0 0 -10 42.68 129.33 221.63 323.19 0.0016849
table 0 0 -10 0.90 180.64 41.66 246.21 0.0016818
chair 0 0 -10 120.68 32.45 147.36 72.68 0.0016442
chair 0 0 -10 124.53 215.47 484.76 530.00 0.0016360
chair 0 0 -10 150.93 0.00 261.85 120.56 0.0016241
chair 0 0 -10 429.30 378.29 647.96 530.00 0.0015963
chair 0 0 -10 117.56 1.06 251.49 64.25 0.0014772
chair 0 0 -10 97.45 0.58 292.24 182.96 0.0014665
bed 0 0 -10 49.49 132.92 296.66 232.03 0.0014375
table 0 0 -10 670.59 379.51 726.96 530.00 0.0014320
bookshelf 0 0 -10 481.63 353.74 640.14 528.93 0.0013828
chair 0 0 -10 43.60 2.03 124.29 98.75 0.0013427
dresser 0 0 -10 73.91 2.01 193.36 175.00 0.0013344
bed 0 0 -10 6.64 1.37 273.44 187.84 0.0013161
table 0 0 -10 48.07 6.03 176.71 101.52 0.0013062
night_stand 0 0 -10 120.00 14.15 172.61 114.37 0.0013010
desk 0 0 -10 0.00 6.39 164.03 178.63 0.0012879
chair 0 0 -10 40.15 115.95 156.16 215.35 0.0012376
desk 0 0 -10 118.55 14.78 174.70 107.48 0.0012300
chair 0 0 -10 57.73 23.45 156.21 149.47 0.0012122
table 0 0 -10 45.81 152.27 284.23 325.13 0.0011912
bed 0 0 -10 15.67 107.44 158.51 239.43 0.0011867
chair 0 0 -10 138.27 11.65 172.29 64.33 0.0011642
table 0 0 -10 0.66 1.34 241.47 104.60 0.0011452
table 0 0 -10 56.69 2.53 173.15 56.86 0.0011103
toilet 0 0 -10 486.21 333.54 658.39 526.08 0.0010894
night_stand 0 0 -10 67.11 192.74 276.91 311.62 0.0010694
desk 0 0 -10 486.42 332.18 664.56 528.13 0.0010006
night_stand 0 0 -10 317.41 285.32 649.92 523.86 0.0009904
dresser 0 0 -10 514.02 277.25 634.68 411.02 0.0009678
dresser 0 0 -10 23.72 5.06 122.65 69.55 0.0009262
chair 0 0 -10 168.77 0.00 274.39 56.28 0.0009207
bed 0 0 -10 257.75 24.67 708.77 526.90 0.0009156
bookshelf 0 0 -10 73.96 1.15 192.18 178.74 0.0009095
chair 0 0 -10 668.03 375.80 729.60 530.00 0.0008885
dresser 0 0 -10 119.17 15.75 178.01 129.95 0.0008847
dresser 0 0 -10 669.51 375.78 728.77 529.23 0.0008755
