bed 0 0 -10 63.70 136.18 591.10 486.86 0.9922183
night_stand 0 0 -10 556.25 255.62 645.33 365.32 0.9851333
chair 0 0 -10 465.89 155.29 556.41 200.19 0.1003295
bed 0 0 -10 43.30 226.40 389.81 526.67 0.0861694
sofa 0 0 -10 39.38 206.16 477.88 530.00 0.0635165
chair 0 0 -10 442.47 149.64 566.43 253.25 0.0454687
sofa 0 0 -10 463.23 156.96 558.48 199.21 0.0360006
bed 0 0 -10 456.16 169.06 649.65 358.73 0.0308299
chair 0 0 -10 679.88 291.34 726.79 407.31 0.0250571
night_stand 0 0 -10 599.22 254.29 649.52 368.69 0.0216267
table 0 0 -10 4.39 305.45 86.75 515.92 0.0185320
dresser 0 0 -10 564.40 260.56 643.53 371.02 0.0123325
table 0 0 -10 42.79 219.45 507.06 530.00 0.0102732
night_stand 0 0 -10 614.04 244.32 642.26 276.90 0.0098622
night_stand 0 0 -10 490.98 245.78 632.32 360.74 0.0096467
bed 0 0 -10 422.22 155.97 565.90 286.33 0.0095650
night_stand 0 0 -10 514.88 253.19 581.50 319.63 0.0088588
bed 0 0 -10 258.48 143.34 581.50 411.49 0.0086944
chair 0 0 -10 32.75 232.43 387.37 530.00 0.0083823
night_stand 0 0 -10 555.57 257.60 594.06 337.30 0.0073026
night_stand 0 0 -10 560.77 256.22 633.14 322.22 0.0072934
sofa 0 0 -10 456.93 156.31 565.32 242.07 0.0072521
sofa 0 0 -10 140.54 138.11 584.14 493.54 0.0071707
night_stand 0 0 -10 58.18 319.90 335.54 530.00 0.0065402
bed 0 0 -10 72.33 142.20 506.53 338.63 0.0053490
table 0 0 -10 270.05 421.60 697.73 527.08 0.0050158
night_stand 0 0 -10 562.56 243.69 641.33 283.25 0.0049747
bed 0 0 -10 97.68 169.40 563.42 273.07 0.0049506
table 0 0 -10 562.30 261.82 645.90 369.96 0.0046074
bed 0 0 -10 536.02 214.05 646.65 353.91 0.0042608
night_stand 0 0 -10 69.42 217.06 489.30 522.38 0.0038853
bed 0 0 -10 397.47 178.03 611.87 461.85 0.0038536
sofa 0 0 -10 47.40 309.42 343.37 530.00 0.0037423
bed 0 0 -10 460.74 156.85 558.35 199.84 0.0035546
dresser 0 0 -10 447.48 156.55 559.63 248.19 0.0034132
night_stand 0 0 -10 447.42 158.81 559.41 250.52 0.0028837
chair 0 0 -10 284.15 128.34 396.42 242.08 0.0028010
bed 0 0 -10 90.18 100.38 395.73 296.66 0.0027033
bed 0 0 -10 505.40 172.88 646.50 298.81 0.0026809
night_stand 0 0 -10 7.40 325.40 122.28 509.13 0.0025534
table 0 0 -10 467.03 154.79 555.42 197.28 0.0025501
bed 0 0 -10 384.51 137.96 575.80 371.75 0.0025205
dresser 0 0 -10 49.06 188.79 498.84 517.52 0.0022860
desk 0 0 -10 38.19 204.92 516.16 530.00 0.0021532
table 0 0 -10 49.77 318.82 341.70 530.00 0.0021462
night_stand 0 0 -10 592.90 243.69 645.05 307.54 0.0019882
bed 0 0 -10 480.54 206.03 633.70 438.00 0.0019425
sofa 0 0 -10 253.61 423.08 706.61 530.00 0.0019303
bed 0 0 -10 565.07 258.19 646.73 375.67 0.0018144
bed 0 0 -10 9.44 244.09 225.46 507.24 0.0016875
chair 0 0 -10 687.81 225.61 729.63 420.16 0.0015621
bed 0 0 -10 227.41 218.41 621.74 493.14 0.0014247
dresser 0 0 -10 33.07 302.41 341.64 526.70 0.0014133
chair 0 0 -10 372.80 140.75 550.32 260.12 0.0013532
table 0 0 -10 1.52 286.17 41.32 523.20 0.0013171
night_stand 0 0 -10 564.67 261.69 690.07 422.65 0.0013119
chair 0 0 -10 657.84 295.28 726.87 451.33 0.0013109
night_stand 0 0 -10 443.83 182.67 577.53 342.80 0.0012288
bed 0 0 -10 462.72 194.40 707.41 494.42 0.0011871
bed 0 0 -10 259.60 423.14 712.21 527.68 0.0011421
desk 0 0 -10 2.35 293.42 87.90 524.83 0.0011346
sofa 0 0 -10 434.48 154.79 560.88 293.34 0.0011240
bed 0 0 -10 231.07 145.88 474.90 244.73 0.0010779
desk 0 0 -10 558.60 259.26 646.44 368.35 0.0010102
table 0 0 -10 562.99 265.31 721.44 519.36 0.0009979
dresser 0 0 -10 599.69 251.87 648.28 372.00 0.0009790
sofa 0 0 -10 303.71 137.01 397.67 168.37 0.0009756
dresser 0 0 -10 538.45 216.27 640.82 345.85 0.0009465
table 0 0 -10 520.50 251.72 659.02 383.51 0.0009450
table 0 0 -10 674.36 299.07 725.98 459.04 0.0009179
chair 0 0 -10 701.45 284.00 728.88 428.19 0.0008991
chair 0 0 -10 331.49 386.46 708.39 527.71 0.0008799
chair 0 0 -10 107.90 164.13 561.69 501.41 0.0008512
night_stand 0 0 -10 502.07 245.74 595.13 297.55 0.0008433
dresser 0 0 -10 518.98 246.44 658.80 378.60 0.0008356
table 0 0 -10 97.63 152.38 543.94 433.36 0.0008351
table 0 0 -10 30.90 311.59 72.48 468.85 0.0008226
bed 0 0 -10 188.63 128.98 308.56 243.76 0.0008200
bed 0 0 -10 541.73 156.36 722.50 366.34 0.0007564
bed 0 0 -10 285.38 137.49 613.69 297.37 0.0007139
chair 0 0 -10 707.19 301.57 720.87 397.68 0.0007048
bed 0 0 -10 276.15 137.97 393.04 239.72 0.0006940
chair 0 0 -10 417.47 142.28 571.77 319.30 0.0006851
dresser 0 0 -10 440.37 161.73 563.77 316.90 0.0006745
sofa 0 0 -10 331.04 144.78 555.09 250.07 0.0006662
chair 0 0 -10 206.50 110.00 312.30 233.67 0.0006032
table 0 0 -10 692.23 300.64 727.73 425.77 0.0005892
night_stand 0 0 -10 471.09 155.57 561.89 203.12 0.0005780
dresser 0 0 -10 558.06 223.79 693.33 366.59 0.0005622
night_stand 0 0 -10 211.91 124.23 306.63 223.51 0.0005211
night_stand 0 0 -10 80.26 211.49 148.24 280.82 0.0005123
bed 0 0 -10 130.14 47.08 640.43 383.17 0.0005113
chair 0 0 -10 675.74 283.27 729.36 347.28 0.0005091
dresser 0 0 -10 212.59 116.59 305.62 225.18 0.0004690
bed 0 0 -10 317.65 145.89 553.39 255.70 0.0004577
chair 0 0 -10 523.34 341.15 724.04 527.13 0.0004454
bed 0 0 -10 26.44 202.03 337.17 368.88 0.0004375
night_stand 0 0 -10 185.66 179.66 581.44 480.97 0.0004256
bed 0 0 -10 222.05 140.78 347.82 243.01 0.0004225
night_stand 0 0 -10 282.37 140.50 387.89 234.74 0.0004212
