chair 0 0 -10 302.67 202.65 516.89 498.00 0.9827551
chair 0 0 -10 193.51 159.19 334.69 347.48 0.9731222
chair 0 0 -10 485.90 183.29 614.20 357.26 0.9582958
chair 0 0 -10 543.70 134.94 635.38 201.11 0.9572368
chair 0 0 -10 453.25 135.53 537.51 245.94 0.9427493
chair 0 0 -10 477.92 379.95 729.50 530.00 0.9375677
chair 0 0 -10 656.57 138.42 726.11 202.97 0.9252395
chair 0 0 -10 266.85 150.40 355.18 279.63 0.9040515
table 0 0 -10 506.98 193.19 729.40 529.98 0.8420022
chair 0 0 -10 356.60 133.52 438.47 248.02 0.8332857
table 0 0 -10 0.00 224.17 194.62 522.88 0.7043070
chair 0 0 -10 627.24 127.80 730.00 287.68 0.6580642
chair 0 0 -10 539.61 132.63 645.24 259.18 0.5550836
desk 0 0 -10 2.10 223.81 170.09 521.49 0.3175840
desk 0 0 -10 506.33 207.70 729.75 514.56 0.2652576
chair 0 0 -10 512.57 150.24 638.36 311.47 0.2476117
table 0 0 -10 498.39 184.41 678.75 408.99 0.1726892
chair 0 0 -10 460.57 164.05 596.93 301.33 0.1468926
chair 0 0 -10 480.81 214.32 677.32 470.54 0.1308950
chair 0 0 -10 404.97 205.74 624.53 528.45 0.0998652
chair 0 0 -10 630.57 137.27 718.99 229.45 0.0866534
table 0 0 -10 535.27 351.95 720.53 530.00 0.0860699
chair 0 0 -10 267.61 165.43 428.03 376.21 0.0568606
chair 0 0 -10 290.94 347.13 577.42 530.00 0.0469036
chair 0 0 -10 575.17 125.32 707.46 294.01 0.0448502
desk 0 0 -10 499.58 190.18 675.32 413.75 0.0438385
chair 0 0 -10 494.44 187.37 555.78 316.08 0.0428339
chair 0 0 -10 302.96 139.99 428.16 299.70 0.0406783
chair 0 0 -10 705.16 139.37 728.15 205.64 0.0396994
chair 0 0 -10 238.99 130.28 377.10 309.35 0.0349065
table 0 0 -10 29.75 206.97 238.10 409.01 0.0332726
chair 0 0 -10 513.19 270.86 711.94 526.48 0.0295152
chair 0 0 -10 335.66 171.22 482.74 327.54 0.0268723
chair 0 0 -10 590.99 180.74 726.87 494.83 0.0257032
chair 0 0 -10 462.79 143.78 672.24 343.33 0.0254531
table 0 0 -10 269.10 207.95 692.28 528.94 0.0232995
chair 0 0 -10 603.61 129.57 712.39 202.63 0.0231042
table 0 0 -10 46.95 210.05 524.40 523.79 0.0225844
table 0 0 -10 673.72 139.61 728.72 204.08 0.0224436
chair 0 0 -10 399.38 190.19 586.32 397.78 0.0209757
desk 0 0 -10 43.59 197.39 238.90 485.88 0.0203111
chair 0 0 -10 689.52 129.67 729.30 305.33 0.0187875
chair 0 0 -10 707.56 135.30 730.00 257.54 0.0173063
chair 0 0 -10 279.67 137.80 394.97 260.43 0.0167165
chair 0 0 -10 262.11 145.38 345.32 222.68 0.0146847
chair 0 0 -10 689.37 134.71 727.99 213.59 0.0145042
table 0 0 -10 644.80 140.96 728.44 291.00 0.0144702
chair 0 0 -10 663.83 140.89 730.00 385.11 0.0137355
chair 0 0 -10 317.88 243.96 507.29 402.85 0.0133430
chair 0 0 -10 198.22 146.88 311.82 270.45 0.0128279
chair 0 0 -10 504.91 322.04 639.63 514.70 0.0127922
desk 0 0 -10 268.44 202.80 691.37 530.00 0.0125155
table 0 0 -10 504.05 178.62 627.38 328.50 0.0118514
desk 0 0 -10 44.09 208.86 524.53 530.00 0.0110538
table 0 0 -10 561.23 161.70 720.81 316.25 0.0109158
chair 0 0 -10 463.98 121.40 621.30 259.72 0.0094792
chair 0 0 -10 388.86 148.26 534.05 290.85 0.0084699
chair 0 0 -10 353.62 124.13 480.07 281.39 0.0083436
table 0 0 -10 613.76 142.20 728.70 226.42 0.0076275
chair 0 0 -10 716.72 136.13 728.82 238.12 0.0071167
chair 0 0 -10 4.50 273.10 153.47 526.13 0.0064445
desk 0 0 -10 530.75 358.09 722.80 530.00 0.0057347
table 0 0 -10 56.63 210.59 333.58 469.17 0.0050833
table 0 0 -10 534.58 204.77 725.88 358.20 0.0046699
desk 0 0 -10 673.54 139.26 729.29 202.93 0.0044165
night_stand 0 0 -10 1.42 222.22 173.29 526.84 0.0043148
bed 0 0 -10 0.58 220.08 167.40 530.00 0.0040721
table 0 0 -10 615.48 162.41 726.14 382.76 0.0037932
chair 0 0 -10 598.36 183.79 727.31 342.99 0.0037603
bookshelf 0 0 -10 0.07 264.07 168.60 530.00 0.0037465
chair 0 0 -10 715.60 146.32 728.26 201.04 0.0037222
chair 0 0 -10 158.66 211.68 492.78 523.13 0.0037017
table 0 0 -10 704.65 139.03 728.86 352.31 0.0036663
chair 0 0 -10 524.33 196.92 542.02 300.44 0.0033964
table 0 0 -10 0.16 226.75 99.45 501.46 0.0033404
chair 0 0 -10 523.87 179.44 618.03 282.70 0.0033388
chair 0 0 -10 216.63 135.57 327.79 233.40 0.0032719
desk 0 0 -10 456.19 181.10 618.42 316.99 0.0032136
table 0 0 -10 316.59 271.65 510.06 522.90 0.0031571
table 0 0 -10 683.77 140.70 727.16 396.48 0.0030927
sofa 0 0 -10 483.63 359.72 718.04 530.00 0.0030510
chair 0 0 -10 196.27 170.63 380.55 447.72 0.0026145
desk 0 0 -10 647.19 138.60 727.76 292.20 0.0025292
chair 0 0 -10 417.51 99.56 565.48 265.22 0.0024599
table 0 0 -10 266.38 188.00 518.96 403.95 0.0023552
desk 0 0 -10 482.67 196.59 609.50 388.28 0.0021668
chair 0 0 -10 525.58 120.70 678.34 205.45 0.0021341
chair 0 0 -10 583.25 366.32 726.30 509.64 0.0021295
table 0 0 -10 190.21 164.00 329.38 316.05 0.0021273
desk 0 0 -10 98.78 182.46 334.16 455.51 0.0020684
table 0 0 -10 482.55 180.81 593.13 380.85 0.0019270
dresser 0 0 -10 0.00 236.65 172.46 530.00 0.0017982
table 0 0 -10 496.27 152.91 708.52 268.94 0.0017954
desk 0 0 -10 187.98 176.73 325.71 323.21 0.0017721
table 0 0 -10 139.30 177.27 347.88 376.79 0.0017421
desk 0 0 -10 253.35 234.20 520.25 507.57 0.0015407
table 0 0 -10 692.70 141.91 728.35 277.84 0.0014823
chair 0 0 -10 723.88 133.86 730.00 263.85 0.0013565
table 0 0 -10 550.35 137.20 633.94 199.29 0.0013383
table 0 0 -10 388.40 163.86 715.64 368.27 0.0012419
