chair 0 0 -10 623.39 127.61 729.26 439.57 0.9611765
chair 0 0 -10 61.48 100.07 377.58 514.80 0.9594082
table 0 0 -10 495.73 121.85 729.77 388.73 0.8762391
table 0 0 -10 31.60 118.18 537.52 430.83 0.7857915
desk 0 0 -10 46.15 125.75 524.77 401.55 0.3585138
chair 0 0 -10 34.39 93.24 250.56 408.12 0.2674873
table 0 0 -10 206.48 131.10 530.24 359.44 0.2265029
desk 0 0 -10 521.90 115.90 723.11 406.42 0.2143883
chair 0 0 -10 0.74 345.40 50.06 504.23 0.1543565
chair 0 0 -10 626.74 318.00 730.00 508.89 0.1436369
chair 0 0 -10 551.20 126.17 724.33 369.42 0.0572650
chair 0 0 -10 647.78 123.18 728.94 323.72 0.0531149
chair 0 0 -10 0.00 329.90 93.44 526.13 0.0280828
chair 0 0 -10 0.43 397.56 57.54 479.62 0.0223726
table 0 0 -10 517.92 104.87 725.58 210.56 0.0207241
table 0 0 -10 54.26 127.94 513.17 245.27 0.0205994
chair 0 0 -10 0.16 324.67 37.44 458.45 0.0159260
desk 0 0 -10 614.77 136.09 728.16 439.80 0.0155177
desk 0 0 -10 23.67 145.51 379.93 518.87 0.0140275
table 0 0 -10 597.25 121.79 726.99 470.97 0.0140232
table 0 0 -10 647.18 149.33 728.98 422.09 0.0130338
chair 0 0 -10 287.17 132.09 414.32 273.01 0.0105452
chair 0 0 -10 637.76 235.63 727.63 397.09 0.0094791
desk 0 0 -10 259.35 148.11 523.06 389.39 0.0090354
chair 0 0 -10 688.43 117.27 728.59 491.22 0.0090261
table 0 0 -10 0.78 399.86 57.09 500.02 0.0083213
chair 0 0 -10 14.97 128.37 162.67 393.50 0.0069980
chair 0 0 -10 201.07 99.12 413.16 308.34 0.0060294
chair 0 0 -10 90.70 61.60 339.22 315.64 0.0058501
chair 0 0 -10 206.14 125.15 474.07 406.85 0.0058338
chair 0 0 -10 0.30 225.29 38.76 495.05 0.0050080
chair 0 0 -10 3.81 243.25 25.10 471.02 0.0047655
sofa 0 0 -10 62.98 107.67 443.10 519.23 0.0044887
table 0 0 -10 6.97 272.77 285.01 527.93 0.0044417
table 0 0 -10 1.31 338.26 63.00 525.06 0.0043028
chair 0 0 -10 155.34 95.38 547.24 503.60 0.0042203
chair 0 0 -10 0.00 345.25 49.31 408.72 0.0041642
chair 0 0 -10 292.27 101.96 483.20 322.19 0.0038995
table 0 0 -10 231.83 92.39 654.19 496.33 0.0037309
table 0 0 -10 231.86 130.04 482.45 208.80 0.0035157
chair 0 0 -10 498.11 98.54 730.00 470.50 0.0034442
chair 0 0 -10 1.92 355.93 188.93 525.31 0.0032599
table 0 0 -10 0.00 267.57 146.91 388.25 0.0031860
chair 0 0 -10 78.12 158.19 227.95 385.26 0.0031098
table 0 0 -10 0.00 182.58 246.24 426.53 0.0029887
table 0 0 -10 66.69 143.00 377.46 524.50 0.0028687
desk 0 0 -10 10.49 162.27 238.99 464.61 0.0026418
table 0 0 -10 579.45 201.45 727.98 360.10 0.0026411
desk 0 0 -10 588.18 201.42 728.80 365.68 0.0026350
table 0 0 -10 79.82 236.11 249.44 404.94 0.0026208
chair 0 0 -10 3.15 331.76 26.32 508.29 0.0025423
chair 0 0 -10 8.09 256.81 288.71 526.85 0.0025305
table 0 0 -10 259.46 182.43 489.50 307.50 0.0024652
table 0 0 -10 0.60 149.46 129.19 402.70 0.0023949
desk 0 0 -10 54.11 126.79 509.50 242.73 0.0023916
desk 0 0 -10 1.26 399.28 55.96 499.94 0.0023653
table 0 0 -10 0.92 224.20 114.55 498.30 0.0021180
table 0 0 -10 624.26 351.91 728.49 515.76 0.0020755
table 0 0 -10 289.87 201.40 364.13 274.19 0.0020667
desk 0 0 -10 663.43 192.83 727.46 522.24 0.0020619
table 0 0 -10 505.90 94.73 636.38 189.89 0.0020162
chair 0 0 -10 100.28 308.14 346.53 526.47 0.0018860
chair 0 0 -10 1.49 218.29 113.43 469.96 0.0018390
chair 0 0 -10 662.18 344.54 726.13 496.29 0.0017872
bookshelf 0 0 -10 78.75 109.64 466.82 509.46 0.0017843
chair 0 0 -10 609.72 103.63 727.44 250.36 0.0015217
chair 0 0 -10 0.00 330.11 73.21 427.87 0.0014689
desk 0 0 -10 690.86 150.51 727.79 488.31 0.0014336
chair 0 0 -10 695.91 349.79 729.62 509.40 0.0014230
desk 0 0 -10 2.89 336.17 62.33 526.00 0.0014015
sofa 0 0 -10 620.00 132.10 727.76 492.86 0.0013933
chair 0 0 -10 627.39 351.76 725.70 428.12 0.0013872
chair 0 0 -10 299.75 187.70 369.69 273.28 0.0013841
chair 0 0 -10 348.59 110.08 664.85 501.22 0.0013173
chair 0 0 -10 241.75 146.66 371.00 292.69 0.0012586
desk 0 0 -10 627.91 346.87 728.27 516.71 0.0012202
chair 0 0 -10 505.82 89.32 611.50 198.23 0.0011575
desk 0 0 -10 235.16 129.21 481.80 209.40 0.0011122
chair 0 0 -10 3.17 304.33 107.55 439.23 0.0010822
bed 0 0 -10 61.99 92.44 475.92 524.24 0.0010707
chair 0 0 -10 0.00 158.40 67.02 520.48 0.0010683
dresser 0 0 -10 581.92 130.39 727.71 436.30 0.0010098
chair 0 0 -10 509.59 81.27 642.61 277.46 0.0009947
desk 0 0 -10 513.00 120.07 722.85 247.17 0.0009770
table 0 0 -10 101.04 25.96 259.71 114.95 0.0009731
bookshelf 0 0 -10 584.94 121.76 726.06 433.43 0.0009510
desk 0 0 -10 2.91 269.35 175.07 503.14 0.0009474
table 0 0 -10 509.11 100.17 611.51 145.66 0.0009350
desk 0 0 -10 202.49 111.26 508.46 308.22 0.0009014
dresser 0 0 -10 75.29 118.95 469.24 524.55 0.0008974
chair 0 0 -10 3.32 342.61 15.78 483.99 0.0008801
desk 0 0 -10 656.24 125.14 725.07 384.99 0.0008689
table 0 0 -10 2.54 336.62 36.08 493.41 0.0008686
chair 0 0 -10 1.95 15.30 94.39 216.78 0.0007956
table 0 0 -10 622.02 117.71 727.74 320.05 0.0007953
table 0 0 -10 0.46 126.90 69.98 486.35 0.0007934
night_stand 0 0 -10 580.88 130.67 729.29 437.70 0.0007900
table 0 0 -10 436.46 136.86 521.84 338.41 0.0007801
chair 0 0 -10 508.95 96.89 606.84 154.45 0.0007784
chair 0 0 -10 92.96 29.08 279.80 174.73 0.0007305
