table 0 0 -10 380.34 266.37 675.69 510.37 0.7963563
bookshelf 0 0 -10 0.00 261.75 65.24 529.51 0.3609938
dresser 0 0 -10 192.96 72.46 412.05 498.64 0.1810386
table 0 0 -10 636.38 293.22 726.07 527.50 0.1673585
desk 0 0 -10 373.41 229.29 681.02 517.87 0.1171263
bookshelf 0 0 -10 410.27 0.40 614.76 144.94 0.1118949
bookshelf 0 0 -10 184.41 43.78 468.76 497.77 0.0813889
table 0 0 -10 378.82 265.21 706.99 340.80 0.0733490
bookshelf 0 0 -10 298.68 0.65 721.72 314.06 0.0598422
desk 0 0 -10 635.16 284.75 725.76 526.86 0.0583197
bookshelf 0 0 -10 234.71 1.36 615.93 120.77 0.0544554
bookshelf 0 0 -10 0.00 25.58 56.44 529.75 0.0381774
bookshelf 0 0 -10 0.00 286.05 54.51 416.00 0.0379960
chair 0 0 -10 496.62 320.89 662.06 522.46 0.0340459
dresser 0 0 -10 0.00 267.40 71.90 530.00 0.0332542
desk 0 0 -10 191.58 49.33 418.98 489.30 0.0316129
bed 0 0 -10 535.92 305.01 707.48 518.20 0.0259138
bookshelf 0 0 -10 596.65 0.00 724.72 216.96 0.0255098
bookshelf 0 0 -10 409.99 0.00 512.63 133.82 0.0231168
dresser 0 0 -10 0.00 61.21 57.86 525.80 0.0223208
bookshelf 0 0 -10 400.78 0.00 627.10 265.94 0.0217855
table 0 0 -10 619.44 311.38 690.57 530.00 0.0192694
table 0 0 -10 645.74 303.59 694.12 445.66 0.0178749
table 0 0 -10 657.24 287.13 728.80 422.39 0.0113578
desk 0 0 -10 231.64 118.80 618.48 516.77 0.0109087
table 0 0 -10 682.46 278.14 727.09 349.00 0.0101500
table 0 0 -10 553.89 311.61 717.31 529.17 0.0100498
bookshelf 0 0 -10 484.10 2.39 714.78 274.43 0.0094789
bookshelf 0 0 -10 252.93 0.16 423.79 68.62 0.0090868
bookshelf 0 0 -10 513.17 3.82 607.88 153.88 0.0088141
desk 0 0 -10 654.55 304.23 694.07 448.19 0.0087316
desk 0 0 -10 379.98 266.36 712.70 339.72 0.0079211
bookshelf 0 0 -10 580.36 13.21 725.09 474.54 0.0078421
bookshelf 0 0 -10 407.00 0.00 532.80 230.70 0.0071369
table 0 0 -10 0.07 282.48 68.48 523.96 0.0066956
bookshelf 0 0 -10 380.07 93.36 675.56 501.96 0.0065713
bed 0 0 -10 409.07 265.14 697.63 523.18 0.0065672
sofa 0 0 -10 447.98 304.95 672.60 516.50 0.0059499
table 0 0 -10 463.86 322.66 639.46 514.91 0.0059067
dresser 0 0 -10 632.43 279.82 730.00 499.88 0.0057719
bookshelf 0 0 -10 314.59 0.69 509.44 141.75 0.0057277
desk 0 0 -10 0.00 278.94 72.15 524.80 0.0055803
table 0 0 -10 190.63 87.55 424.43 490.24 0.0053118
table 0 0 -10 675.89 312.90 717.32 482.71 0.0048256
chair 0 0 -10 0.00 275.65 71.79 528.79 0.0047694
desk 0 0 -10 619.54 309.92 691.70 527.99 0.0046441
chair 0 0 -10 426.76 181.16 517.66 288.18 0.0045959
dresser 0 0 -10 539.62 311.14 706.49 527.37 0.0043436
table 0 0 -10 657.02 333.28 690.33 472.59 0.0040020
bookshelf 0 0 -10 315.02 19.45 605.88 182.49 0.0038238
dresser 0 0 -10 646.55 305.12 694.35 441.95 0.0035647
table 0 0 -10 632.30 343.78 729.18 459.19 0.0033088
bed 0 0 -10 607.86 285.77 726.67 521.43 0.0032865
desk 0 0 -10 546.20 308.35 720.34 528.45 0.0032094
chair 0 0 -10 646.39 308.52 694.14 436.70 0.0031291
table 0 0 -10 257.23 139.45 612.86 510.36 0.0030846
bed 0 0 -10 0.00 288.45 61.83 486.82 0.0030510
table 0 0 -10 396.12 239.92 662.27 413.02 0.0030106
dresser 0 0 -10 0.00 283.74 58.36 430.31 0.0029850
table 0 0 -10 635.89 376.27 681.36 530.00 0.0025939
dresser 0 0 -10 226.88 6.37 718.77 501.24 0.0025419
night_stand 0 0 -10 646.42 306.30 694.93 439.37 0.0025064
bookshelf 0 0 -10 206.49 0.73 557.22 352.61 0.0023086
night_stand 0 0 -10 629.34 307.55 703.38 518.59 0.0022676
sofa 0 0 -10 537.57 310.71 707.97 527.33 0.0022373
bed 0 0 -10 649.41 327.42 688.49 455.69 0.0021059
desk 0 0 -10 658.54 285.06 729.11 422.36 0.0020022
table 0 0 -10 670.69 313.06 724.74 395.49 0.0019980
bed 0 0 -10 0.00 49.45 57.82 530.00 0.0019241
desk 0 0 -10 640.01 330.96 691.12 427.16 0.0018984
table 0 0 -10 224.18 317.74 575.28 502.23 0.0018092
chair 0 0 -10 662.51 320.16 729.52 529.04 0.0018039
table 0 0 -10 680.29 318.52 728.44 362.71 0.0017160
dresser 0 0 -10 374.54 184.70 685.68 511.75 0.0017083
desk 0 0 -10 379.82 268.23 659.67 411.89 0.0016774
table 0 0 -10 0.00 304.79 52.88 415.99 0.0016533
chair 0 0 -10 507.49 274.61 719.05 459.77 0.0016414
chair 0 0 -10 168.66 66.49 421.43 486.20 0.0016309
bathtub 0 0 -10 646.64 299.66 694.86 437.85 0.0015949
bathtub 0 0 -10 637.68 298.33 727.41 527.11 0.0015541
desk 0 0 -10 0.00 75.08 57.63 521.09 0.0015451
dresser 0 0 -10 619.20 316.52 690.50 530.00 0.0015364
bookshelf 0 0 -10 628.64 290.73 702.26 529.18 0.0014891
desk 0 0 -10 254.42 10.87 730.00 310.23 0.0014842
bathtub 0 0 -10 663.71 315.37 698.68 455.69 0.0014240
table 0 0 -10 642.77 312.08 672.79 476.06 0.0013585
desk 0 0 -10 666.32 326.02 697.08 475.29 0.0013503
table 0 0 -10 429.36 176.10 519.40 285.03 0.0013472
bathtub 0 0 -10 657.75 283.02 730.00 414.41 0.0013432
bathtub 0 0 -10 347.14 265.77 711.27 507.87 0.0013235
bookshelf 0 0 -10 442.55 283.87 657.13 504.71 0.0012090
table 0 0 -10 245.24 4.37 409.52 65.71 0.0012038
desk 0 0 -10 633.31 344.28 730.00 457.95 0.0011931
bed 0 0 -10 662.92 295.33 699.20 451.64 0.0011787
dresser 0 0 -10 300.92 13.88 729.93 305.11 0.0011740
dresser 0 0 -10 660.90 331.84 693.77 465.50 0.0011557
table 0 0 -10 397.22 314.31 482.86 497.59 0.0011306
table 0 0 -10 186.22 296.88 410.34 497.26 0.0010858
bed 0 0 -10 495.73 340.43 654.42 519.53 0.0010845
bookshelf 0 0 -10 540.71 306.75 706.11 522.49 0.0010841
