sofa 0 0 -10 207.22 82.67 661.60 399.83 0.9883166
chair 0 0 -10 2.24 120.80 91.80 340.87 0.9571084
table 0 0 -10 42.65 190.55 447.25 526.83 0.5330098
chair 0 0 -10 551.44 233.01 728.43 526.47 0.4787723
sofa 0 0 -10 43.06 157.05 493.78 530.00 0.2441425
table 0 0 -10 532.03 230.32 721.39 529.15 0.1178559
desk 0 0 -10 50.00 231.40 424.87 528.02 0.0437069
chair 0 0 -10 26.59 119.46 73.08 291.97 0.0363406
sofa 0 0 -10 522.93 215.81 726.38 529.66 0.0362695
table 0 0 -10 151.21 151.44 633.72 508.53 0.0344475
table 0 0 -10 0.00 186.25 109.05 375.08 0.0338220
bed 0 0 -10 50.23 220.62 425.54 530.00 0.0158375
chair 0 0 -10 0.87 156.94 72.54 427.02 0.0138658
desk 0 0 -10 1.89 181.19 103.60 377.46 0.0132369
chair 0 0 -10 0.40 115.14 70.89 248.58 0.0132085
chair 0 0 -10 6.02 132.19 173.36 368.06 0.0131101
table 0 0 -10 608.52 225.04 727.95 481.68 0.0123849
chair 0 0 -10 620.16 222.52 729.21 474.31 0.0120140
chair 0 0 -10 11.73 112.59 131.82 285.69 0.0109069
chair 0 0 -10 204.79 144.37 682.99 506.20 0.0108848
desk 0 0 -10 574.65 220.50 729.44 511.94 0.0100416
chair 0 0 -10 1.79 141.34 56.89 311.32 0.0088985
chair 0 0 -10 51.58 167.72 434.92 528.74 0.0083244
chair 0 0 -10 0.74 114.64 38.22 407.32 0.0080474
night_stand 0 0 -10 553.90 236.82 726.63 530.00 0.0077940
night_stand 0 0 -10 55.07 224.98 426.51 530.00 0.0069505
table 0 0 -10 444.64 292.14 667.40 530.00 0.0069289
table 0 0 -10 0.29 131.00 33.92 414.89 0.0066507
table 0 0 -10 0.00 202.07 87.48 314.13 0.0054962
chair 0 0 -10 3.72 235.36 104.81 371.67 0.0052539
chair 0 0 -10 461.84 347.97 727.21 530.00 0.0042490
chair 0 0 -10 1.78 173.55 87.83 260.46 0.0036017
table 0 0 -10 0.22 189.41 66.98 503.32 0.0034669
chair 0 0 -10 0.00 204.55 45.13 497.12 0.0032551
sofa 0 0 -10 0.15 123.18 78.80 293.01 0.0032206
table 0 0 -10 547.90 301.12 721.63 449.56 0.0031263
toilet 0 0 -10 557.00 233.14 724.88 530.00 0.0031186
desk 0 0 -10 151.93 140.85 640.74 498.78 0.0030959
chair 0 0 -10 0.47 203.35 53.87 361.56 0.0027626
sofa 0 0 -10 439.89 78.65 705.77 420.74 0.0027352
table 0 0 -10 186.47 190.57 432.12 464.43 0.0025366
table 0 0 -10 3.25 130.89 51.40 308.34 0.0023972
chair 0 0 -10 2.55 118.81 24.19 370.93 0.0023486
dresser 0 0 -10 555.15 233.01 726.03 527.98 0.0022724
table 0 0 -10 0.00 117.38 94.24 274.26 0.0022720
chair 0 0 -10 2.42 184.13 132.25 418.84 0.0022216
desk 0 0 -10 498.67 266.95 711.74 530.00 0.0021051
bed 0 0 -10 143.00 112.77 658.89 488.06 0.0020888
chair 0 0 -10 344.72 235.34 710.90 523.21 0.0019046
table 0 0 -10 621.90 195.69 726.49 358.39 0.0018209
bed 0 0 -10 573.19 214.55 729.54 526.60 0.0017588
dresser 0 0 -10 49.38 239.13 421.07 530.00 0.0016289
bathtub 0 0 -10 555.33 237.66 725.77 528.95 0.0016148
chair 0 0 -10 278.69 383.80 636.14 528.15 0.0015217
sofa 0 0 -10 617.61 220.01 722.73 478.56 0.0014843
table 0 0 -10 19.60 186.42 276.50 430.05 0.0014789
table 0 0 -10 268.52 356.73 608.60 528.82 0.0014471
chair 0 0 -10 670.18 219.28 728.75 510.04 0.0014134
table 0 0 -10 6.63 184.02 13.33 478.95 0.0012247
table 0 0 -10 2.39 183.44 18.02 478.81 0.0012161
bookshelf 0 0 -10 556.97 224.40 724.24 528.06 0.0012043
desk 0 0 -10 0.29 131.88 73.47 296.06 0.0011933
table 0 0 -10 0.33 277.71 35.07 522.86 0.0011333
chair 0 0 -10 2.42 123.77 11.92 374.76 0.0011248
chair 0 0 -10 682.21 324.73 728.87 477.81 0.0010344
sofa 0 0 -10 0.00 74.95 336.51 248.60 0.0010173
table 0 0 -10 567.74 235.09 675.58 477.28 0.0009961
chair 0 0 -10 589.93 324.75 726.92 477.54 0.0009917
table 0 0 -10 398.22 387.74 693.48 529.18 0.0009091
sofa 0 0 -10 0.24 130.16 92.08 438.45 0.0008727
chair 0 0 -10 34.93 125.55 287.61 349.25 0.0008580
table 0 0 -10 0.00 236.01 34.82 307.81 0.0008348
table 0 0 -10 229.39 90.14 626.36 395.62 0.0008233
chair 0 0 -10 2.80 118.01 57.37 203.73 0.0007899
table 0 0 -10 0.00 213.25 57.09 363.66 0.0007886
chair 0 0 -10 10.65 154.08 270.65 495.62 0.0007707
chair 0 0 -10 2.40 159.42 51.75 251.29 0.0007697
table 0 0 -10 125.04 320.90 404.47 530.00 0.0007518
chair 0 0 -10 1.95 279.96 87.51 429.22 0.0007513
table 0 0 -10 617.71 152.82 720.66 303.13 0.0007366
desk 0 0 -10 625.42 275.74 726.82 457.72 0.0007233
chair 0 0 -10 0.07 66.43 35.16 274.30 0.0006737
desk 0 0 -10 0.19 187.84 64.70 495.85 0.0006724
chair 0 0 -10 0.59 224.75 52.57 305.39 0.0006509
table 0 0 -10 5.67 233.78 11.29 459.33 0.0006244
chair 0 0 -10 2.69 213.08 82.45 292.37 0.0006206
bathtub 0 0 -10 47.26 253.57 419.50 524.26 0.0006140
chair 0 0 -10 1.30 251.15 67.93 322.06 0.0005863
chair 0 0 -10 247.14 84.08 603.22 399.61 0.0005723
table 0 0 -10 525.49 257.67 644.22 439.68 0.0005612
table 0 0 -10 7.71 191.04 184.74 343.84 0.0005558
table 0 0 -10 1.02 227.67 138.20 500.77 0.0005520
table 0 0 -10 2.35 78.50 311.11 245.44 0.0005256
desk 0 0 -10 0.00 127.92 33.94 410.49 0.0005080
desk 0 0 -10 0.00 199.08 86.13 314.90 0.0005072
sofa 0 0 -10 0.42 118.97 36.45 407.10 0.0004931
table 0 0 -10 37.33 66.63 515.83 451.39 0.0004863
chair 0 0 -10 620.83 125.65 729.34 376.01 0.0004737
chair 0 0 -10 0.65 261.22 32.73 358.96 0.0004461
table 0 0 -10 1.34 215.24 26.38 399.79 0.0004419
