chair 0 0 -10 290.38 214.10 559.73 522.10 0.9942397
sofa 0 0 -10 4.20 143.10 422.14 430.62 0.9863839
chair 0 0 -10 633.83 316.08 728.00 523.47 0.8885189
desk 0 0 -10 322.04 207.03 719.91 512.09 0.7137712
table 0 0 -10 322.64 174.76 721.72 520.93 0.5010167
sofa 0 0 -10 136.14 148.42 686.04 505.84 0.3720375
desk 0 0 -10 351.82 187.09 714.87 383.55 0.1015399
chair 0 0 -10 687.65 291.77 727.48 530.00 0.0552503
chair 0 0 -10 577.13 261.59 730.00 515.15 0.0481108
sofa 0 0 -10 689.01 327.06 728.70 519.92 0.0271902
chair 0 0 -10 479.03 310.56 714.13 524.40 0.0255208
table 0 0 -10 695.04 357.52 729.21 525.20 0.0241620
table 0 0 -10 72.79 165.95 632.62 497.33 0.0217439
table 0 0 -10 357.48 177.11 703.98 353.01 0.0205408
table 0 0 -10 527.28 288.69 721.39 528.10 0.0180504
table 0 0 -10 662.77 341.72 728.39 528.78 0.0176972
chair 0 0 -10 610.54 136.63 730.00 464.51 0.0134030
desk 0 0 -10 370.87 222.77 690.32 328.84 0.0126289
sofa 0 0 -10 277.03 197.48 569.59 523.13 0.0107709
desk 0 0 -10 57.18 156.47 637.27 501.40 0.0099683
chair 0 0 -10 148.83 174.53 465.72 505.03 0.0081820
chair 0 0 -10 307.32 172.64 514.41 418.09 0.0072516
desk 0 0 -10 664.45 338.19 728.49 526.11 0.0056860
chair 0 0 -10 382.44 227.71 694.34 521.73 0.0055812
table 0 0 -10 0.13 230.03 37.34 336.13 0.0051204
sofa 0 0 -10 642.13 324.79 728.66 528.19 0.0049654
chair 0 0 -10 704.78 298.71 729.09 505.12 0.0045965
desk 0 0 -10 289.49 211.51 539.04 502.82 0.0045025
bed 0 0 -10 688.61 321.40 729.49 524.16 0.0044399
table 0 0 -10 22.80 215.30 421.44 471.46 0.0037165
bed 0 0 -10 260.15 182.44 696.19 518.25 0.0035651
desk 0 0 -10 366.29 146.05 704.29 308.85 0.0034597
chair 0 0 -10 351.26 220.79 561.35 360.19 0.0033083
table 0 0 -10 427.63 108.51 719.60 416.10 0.0031612
sofa 0 0 -10 0.70 165.03 32.72 305.53 0.0031506
table 0 0 -10 289.69 211.38 545.15 498.56 0.0029959
chair 0 0 -10 679.57 336.36 728.78 464.52 0.0029034
chair 0 0 -10 506.78 100.52 696.60 379.36 0.0028424
desk 0 0 -10 641.18 121.66 730.00 436.27 0.0027670
chair 0 0 -10 32.34 123.41 419.43 446.83 0.0026832
table 0 0 -10 430.98 207.60 682.84 304.79 0.0026485
desk 0 0 -10 492.40 192.77 669.55 316.05 0.0026212
table 0 0 -10 0.00 245.82 60.89 519.32 0.0026038
chair 0 0 -10 380.07 141.28 553.26 444.27 0.0025187
chair 0 0 -10 181.17 434.27 399.63 527.56 0.0023855
table 0 0 -10 618.31 374.68 725.01 530.00 0.0023700
desk 0 0 -10 532.64 284.13 727.32 530.00 0.0022742
dresser 0 0 -10 296.16 215.56 700.66 527.97 0.0022411
bookshelf 0 0 -10 295.63 208.59 695.54 520.56 0.0021785
desk 0 0 -10 695.16 353.42 729.66 522.66 0.0021664
chair 0 0 -10 320.39 192.93 450.07 383.12 0.0021616
chair 0 0 -10 420.84 176.46 645.08 430.70 0.0020649
chair 0 0 -10 480.23 222.20 674.29 326.27 0.0020456
sofa 0 0 -10 2.51 161.28 12.23 307.80 0.0018910
table 0 0 -10 0.00 215.88 35.63 425.23 0.0018606
chair 0 0 -10 552.57 395.21 726.31 528.68 0.0018101
table 0 0 -10 374.98 131.45 589.04 431.40 0.0016278
table 0 0 -10 1.07 263.14 47.50 320.23 0.0016148
chair 0 0 -10 308.00 208.22 429.71 478.72 0.0015341
desk 0 0 -10 362.85 194.50 628.71 288.74 0.0015062
toilet 0 0 -10 283.28 189.47 646.52 528.87 0.0014879
sofa 0 0 -10 705.98 301.21 728.64 507.11 0.0014747
chair 0 0 -10 662.48 400.25 728.98 519.21 0.0014539
table 0 0 -10 361.06 170.32 510.83 340.40 0.0013729
dresser 0 0 -10 689.78 322.59 728.79 505.62 0.0013587
desk 0 0 -10 668.93 114.69 730.00 316.81 0.0013452
table 0 0 -10 3.18 271.32 136.29 530.00 0.0013293
table 0 0 -10 0.68 214.79 16.64 347.12 0.0013107
chair 0 0 -10 0.58 156.06 39.23 335.97 0.0013102
sofa 0 0 -10 2.59 167.95 167.61 482.45 0.0012734
chair 0 0 -10 297.91 387.38 646.53 528.16 0.0012722
table 0 0 -10 0.02 193.93 25.00 325.61 0.0012649
bed 0 0 -10 76.78 135.30 593.81 498.46 0.0012328
table 0 0 -10 1.03 270.72 28.22 295.26 0.0012252
bathtub 0 0 -10 287.18 219.55 715.93 515.18 0.0011753
night_stand 0 0 -10 661.16 340.60 730.00 525.70 0.0011727
table 0 0 -10 232.70 267.94 439.53 350.81 0.0011695
table 0 0 -10 0.00 237.68 24.05 305.95 0.0011588
table 0 0 -10 682.58 341.21 728.34 466.69 0.0011549
dresser 0 0 -10 662.15 336.90 729.68 525.54 0.0011274
toilet 0 0 -10 661.35 333.48 729.56 524.93 0.0011270
sofa 0 0 -10 68.92 143.11 430.52 290.73 0.0011192
desk 0 0 -10 391.38 200.71 568.19 325.60 0.0011037
table 0 0 -10 715.11 363.44 730.00 528.14 0.0010860
night_stand 0 0 -10 293.42 200.42 667.11 526.12 0.0010725
table 0 0 -10 501.07 91.40 645.15 201.81 0.0010118
chair 0 0 -10 719.25 275.46 729.89 515.96 0.0010032
bookshelf 0 0 -10 662.37 133.98 729.36 369.13 0.0009982
sofa 0 0 -10 545.07 296.37 729.30 528.94 0.0009699
chair 0 0 -10 446.90 133.21 643.05 328.06 0.0009668
table 0 0 -10 356.86 195.83 630.36 290.23 0.0009595
bookshelf 0 0 -10 690.26 316.17 728.81 504.89 0.0008850
sofa 0 0 -10 101.21 196.36 371.15 458.10 0.0008754
chair 0 0 -10 391.17 128.80 495.01 361.93 0.0008709
table 0 0 -10 17.27 97.73 515.55 409.84 0.0008265
chair 0 0 -10 419.42 179.20 521.45 391.54 0.0008242
table 0 0 -10 387.89 202.87 570.42 327.30 0.0008171
table 0 0 -10 387.91 104.07 502.55 312.30 0.0008158
bed 0 0 -10 1.29 134.18 396.23 430.21 0.0008071
table 0 0 -10 184.70 370.75 354.25 512.30 0.0007885
