desk 0 0 -10 4.49 254.39 248.08 530.00 0.3968993
table 0 0 -10 0.00 254.02 251.80 530.00 0.1913773
desk 0 0 -10 237.04 182.11 534.77 502.89 0.0746281
table 0 0 -10 249.57 189.71 569.04 503.97 0.0295755
desk 0 0 -10 0.00 220.06 608.51 525.37 0.0231019
bathtub 0 0 -10 11.43 264.28 264.02 524.05 0.0202380
dresser 0 0 -10 1.56 254.03 268.12 530.00 0.0174999
dresser 0 0 -10 239.54 196.34 575.08 506.01 0.0167091
chair 0 0 -10 0.82 280.51 57.97 361.41 0.0157324
table 0 0 -10 250.74 195.15 485.93 249.85 0.0125561
bookshelf 0 0 -10 270.86 100.64 362.02 199.28 0.0119483
table 0 0 -10 0.00 284.79 31.09 356.93 0.0106420
dresser 0 0 -10 675.65 25.53 727.93 469.76 0.0102042
desk 0 0 -10 253.45 194.90 481.91 250.47 0.0077207
chair 0 0 -10 1.02 284.47 32.71 352.37 0.0072063
chair 0 0 -10 104.76 215.44 195.17 326.29 0.0071142
dresser 0 0 -10 270.07 107.19 362.29 197.55 0.0057514
table 0 0 -10 3.34 228.01 579.51 522.92 0.0053755
chair 0 0 -10 260.91 91.34 375.93 224.51 0.0049320
table 0 0 -10 669.81 279.70 728.78 485.50 0.0048000
table 0 0 -10 483.55 192.74 596.50 495.13 0.0043466
table 0 0 -10 273.57 111.47 366.38 204.36 0.0042753
chair 0 0 -10 6.18 288.72 236.93 520.89 0.0033819
chair 0 0 -10 131.58 208.75 195.79 280.21 0.0032141
bed 0 0 -10 6.38 228.87 264.17 530.00 0.0030271
chair 0 0 -10 661.02 11.63 730.00 444.24 0.0029453
dresser 0 0 -10 492.96 174.53 602.46 475.55 0.0028127
chair 0 0 -10 0.00 252.05 108.52 373.52 0.0024453
desk 0 0 -10 254.24 154.31 497.61 361.75 0.0024277
dresser 0 0 -10 543.67 116.86 722.36 427.85 0.0021001
chair 0 0 -10 276.79 122.25 345.44 207.90 0.0020213
night_stand 0 0 -10 10.48 259.21 261.40 527.23 0.0019004
table 0 0 -10 0.58 275.87 55.83 340.03 0.0018916
table 0 0 -10 0.00 227.05 239.17 372.26 0.0018083
table 0 0 -10 282.40 162.29 394.73 207.12 0.0017564
chair 0 0 -10 54.65 218.26 143.76 336.10 0.0016916
desk 0 0 -10 269.83 107.34 363.70 197.79 0.0016852
chair 0 0 -10 98.18 204.77 181.67 280.09 0.0016330
sofa 0 0 -10 0.40 284.56 30.94 356.88 0.0015718
chair 0 0 -10 42.62 207.88 216.45 349.06 0.0013132
table 0 0 -10 665.55 25.16 729.73 486.98 0.0012850
desk 0 0 -10 227.00 141.80 506.95 266.57 0.0012127
table 0 0 -10 30.47 209.59 189.30 294.60 0.0012107
dresser 0 0 -10 35.33 236.50 461.27 525.50 0.0011978
bathtub 0 0 -10 104.48 204.91 590.28 515.53 0.0011878
desk 0 0 -10 8.82 270.23 212.12 402.25 0.0011558
toilet 0 0 -10 25.80 238.92 260.06 530.00 0.0011271
table 0 0 -10 267.96 204.23 442.48 239.53 0.0011254
dresser 0 0 -10 617.28 27.25 722.67 437.06 0.0011068
night_stand 0 0 -10 271.35 109.02 361.07 197.43 0.0010997
chair 0 0 -10 69.04 201.83 168.10 312.32 0.0010776
chair 0 0 -10 7.04 266.71 84.92 348.31 0.0010707
desk 0 0 -10 108.72 86.27 659.16 463.96 0.0010165
table 0 0 -10 258.76 174.52 399.11 236.94 0.0009890
chair 0 0 -10 0.00 256.08 51.74 407.50 0.0009837
desk 0 0 -10 676.36 36.32 729.34 476.01 0.0009496
bookshelf 0 0 -10 493.32 194.57 591.50 486.90 0.0008503
night_stand 0 0 -10 245.33 194.75 577.81 493.11 0.0008059
bed 0 0 -10 676.76 0.00 723.26 499.06 0.0007887
table 0 0 -10 230.43 144.81 503.81 267.47 0.0007870
table 0 0 -10 271.09 197.37 396.35 229.06 0.0007277
night_stand 0 0 -10 487.65 196.57 600.75 486.41 0.0007211
chair 0 0 -10 82.79 187.65 145.67 250.64 0.0007189
table 0 0 -10 63.88 240.56 146.20 288.85 0.0007188
bookshelf 0 0 -10 7.04 252.90 262.06 530.00 0.0007002
table 0 0 -10 282.24 138.94 376.35 192.08 0.0006965
sofa 0 0 -10 3.76 252.85 262.06 530.00 0.0006927
chair 0 0 -10 225.99 79.84 389.70 273.36 0.0006760
table 0 0 -10 70.35 224.28 178.56 279.58 0.0006403
desk 0 0 -10 480.39 188.60 602.07 497.90 0.0006248
table 0 0 -10 254.50 157.08 497.48 361.39 0.0005846
dresser 0 0 -10 202.48 319.95 496.98 518.53 0.0005819
desk 0 0 -10 255.89 126.32 393.26 224.12 0.0005623
dresser 0 0 -10 141.76 79.23 647.68 458.92 0.0005599
chair 0 0 -10 47.41 249.00 339.78 530.00 0.0005598
bookshelf 0 0 -10 244.85 172.65 569.43 519.64 0.0005509
table 0 0 -10 697.06 314.74 728.56 484.90 0.0005383
table 0 0 -10 25.77 235.03 218.14 323.84 0.0005359
dresser 0 0 -10 243.67 109.69 390.21 389.53 0.0005221
chair 0 0 -10 300.77 197.68 551.53 505.86 0.0005041
bookshelf 0 0 -10 667.31 1.14 728.80 478.40 0.0005030
desk 0 0 -10 258.38 94.59 450.17 303.47 0.0005016
table 0 0 -10 6.24 283.00 18.27 360.07 0.0004854
table 0 0 -10 255.77 127.51 395.39 224.77 0.0004734
sofa 0 0 -10 271.50 106.77 360.57 195.16 0.0004331
chair 0 0 -10 183.12 209.21 471.81 529.46 0.0004299
chair 0 0 -10 482.44 181.72 605.28 485.90 0.0004227
table 0 0 -10 0.00 264.64 39.08 399.01 0.0003962
desk 0 0 -10 238.93 121.55 406.96 396.27 0.0003949
bathtub 0 0 -10 678.53 14.52 723.32 449.22 0.0003935
table 0 0 -10 126.90 100.11 635.12 466.24 0.0003818
chair 0 0 -10 17.44 290.12 27.14 352.67 0.0003803
chair 0 0 -10 0.00 207.52 76.71 351.08 0.0003750
table 0 0 -10 348.64 167.93 398.96 194.97 0.0003643
table 0 0 -10 326.12 162.43 405.45 198.96 0.0003639
table 0 0 -10 13.14 291.53 26.82 358.11 0.0003551
chair 0 0 -10 49.92 169.78 128.19 299.69 0.0003425
chair 0 0 -10 278.97 127.32 379.98 263.36 0.0003364
table 0 0 -10 3.67 285.09 53.13 502.39 0.0003314
table 0 0 -10 303.87 172.81 421.10 211.23 0.0003294
