chair 0 0 -10 400.91 169.86 565.54 364.73 0.9944724
chair 0 0 -10 53.43 209.40 274.29 479.50 0.9845597
chair 0 0 -10 112.79 141.77 287.42 350.64 0.9839075
table 0 0 -10 206.75 166.94 477.79 415.39 0.9740097
chair 0 0 -10 294.77 137.95 416.61 292.56 0.9499654
chair 0 0 -10 306.66 233.16 522.39 468.63 0.9167534
table 0 0 -10 547.77 138.56 719.93 281.64 0.8644003
chair 0 0 -10 559.15 156.33 683.35 296.09 0.8007138
chair 0 0 -10 517.55 112.77 592.38 240.67 0.7769319
chair 0 0 -10 653.97 140.42 729.94 295.07 0.7346195
chair 0 0 -10 484.16 125.58 574.45 263.81 0.4552058
chair 0 0 -10 329.59 191.07 537.94 390.44 0.4319251
chair 0 0 -10 602.82 134.39 713.76 266.49 0.4008403
chair 0 0 -10 495.54 113.86 554.50 221.43 0.3662593
chair 0 0 -10 544.60 146.92 640.57 268.98 0.3194003
table 0 0 -10 227.66 154.17 450.64 315.02 0.2488695
chair 0 0 -10 479.64 123.41 563.58 190.38 0.2192593
desk 0 0 -10 544.45 137.86 721.14 297.75 0.2015429
chair 0 0 -10 524.16 116.05 582.68 182.48 0.1843286
chair 0 0 -10 521.28 121.27 564.64 217.91 0.1742003
chair 0 0 -10 453.23 115.38 546.14 238.21 0.1503921
chair 0 0 -10 630.57 130.52 726.94 226.43 0.1490698
chair 0 0 -10 672.91 148.86 728.56 246.42 0.1428398
chair 0 0 -10 471.65 131.49 531.80 211.16 0.1407375
chair 0 0 -10 400.11 159.48 517.29 282.92 0.1300402
chair 0 0 -10 513.92 114.52 557.25 177.88 0.0958834
chair 0 0 -10 305.37 166.17 446.94 377.94 0.0858453
chair 0 0 -10 351.86 150.93 507.72 315.01 0.0766293
chair 0 0 -10 579.10 132.82 685.92 226.19 0.0713936
chair 0 0 -10 468.97 161.36 591.33 326.89 0.0679194
desk 0 0 -10 188.68 156.86 520.71 452.91 0.0666161
table 0 0 -10 565.58 131.04 712.89 192.23 0.0664721
chair 0 0 -10 533.92 127.14 627.53 234.31 0.0540844
chair 0 0 -10 521.42 112.65 544.60 173.50 0.0532134
chair 0 0 -10 487.77 127.29 532.04 182.35 0.0507260
chair 0 0 -10 470.68 123.01 653.98 247.09 0.0462029
chair 0 0 -10 618.63 132.08 709.78 191.46 0.0428400
chair 0 0 -10 383.62 118.71 608.01 258.21 0.0421680
chair 0 0 -10 493.55 130.77 517.11 188.10 0.0396611
chair 0 0 -10 525.53 117.52 548.86 212.76 0.0350285
chair 0 0 -10 669.12 125.85 729.03 203.80 0.0333631
chair 0 0 -10 482.23 128.91 496.97 201.60 0.0294174
table 0 0 -10 524.59 156.40 603.99 251.41 0.0275687
chair 0 0 -10 503.40 136.51 584.37 215.29 0.0272744
table 0 0 -10 658.38 153.54 727.84 266.91 0.0236938
table 0 0 -10 278.82 193.51 504.13 374.17 0.0236178
table 0 0 -10 522.57 147.17 663.34 261.19 0.0229112
chair 0 0 -10 526.57 150.07 601.12 217.97 0.0228790
chair 0 0 -10 561.86 133.38 634.46 208.17 0.0220490
chair 0 0 -10 100.03 139.31 218.69 309.11 0.0202471
chair 0 0 -10 525.64 123.99 571.83 165.83 0.0200941
chair 0 0 -10 407.12 178.17 493.70 259.79 0.0187468
chair 0 0 -10 673.07 190.67 729.29 305.66 0.0179285
table 0 0 -10 580.76 137.98 686.01 233.18 0.0161261
chair 0 0 -10 49.21 173.67 248.06 375.83 0.0143153
table 0 0 -10 617.22 131.95 727.21 327.13 0.0137839
table 0 0 -10 562.49 133.78 651.05 220.33 0.0114964
table 0 0 -10 451.35 151.31 660.11 329.62 0.0111989
chair 0 0 -10 587.33 127.36 650.72 197.83 0.0109280
chair 0 0 -10 462.77 157.44 537.33 269.56 0.0107164
chair 0 0 -10 338.06 140.45 462.05 280.49 0.0103676
chair 0 0 -10 686.21 150.12 729.02 208.66 0.0101214
table 0 0 -10 470.46 123.03 726.16 233.82 0.0100709
chair 0 0 -10 316.26 136.70 414.16 183.80 0.0098477
chair 0 0 -10 586.73 143.41 727.81 376.30 0.0081298
table 0 0 -10 386.43 169.97 516.95 343.29 0.0079619
chair 0 0 -10 484.12 129.58 510.16 191.14 0.0072483
table 0 0 -10 103.12 184.09 533.75 511.53 0.0066875
table 0 0 -10 156.63 151.50 368.97 329.55 0.0066610
desk 0 0 -10 560.87 131.32 699.92 242.28 0.0065234
chair 0 0 -10 437.07 165.62 526.44 247.83 0.0059921
table 0 0 -10 341.12 166.92 482.16 300.73 0.0056596
desk 0 0 -10 447.73 147.83 663.17 339.49 0.0056503
chair 0 0 -10 706.41 130.88 730.00 305.13 0.0054502
desk 0 0 -10 526.26 144.07 634.15 266.74 0.0051615
chair 0 0 -10 694.12 115.33 729.33 233.01 0.0051571
table 0 0 -10 405.95 150.67 580.08 306.98 0.0051317
chair 0 0 -10 231.76 124.14 376.05 302.57 0.0048311
chair 0 0 -10 159.47 153.85 337.27 373.81 0.0047342
chair 0 0 -10 303.69 273.06 412.03 491.02 0.0046980
table 0 0 -10 679.39 151.68 729.15 224.99 0.0042587
table 0 0 -10 488.22 148.40 577.90 247.12 0.0041397
chair 0 0 -10 572.20 144.33 591.72 235.51 0.0041180
chair 0 0 -10 258.56 133.25 334.61 294.57 0.0040370
chair 0 0 -10 453.13 124.49 515.53 191.45 0.0039361
chair 0 0 -10 493.66 163.77 672.18 347.58 0.0038529
chair 0 0 -10 514.41 116.76 533.16 194.37 0.0035274
desk 0 0 -10 525.67 153.34 589.84 250.30 0.0034219
chair 0 0 -10 678.18 38.18 726.14 276.95 0.0033655
table 0 0 -10 75.63 221.52 356.54 479.78 0.0032584
desk 0 0 -10 224.29 155.39 442.74 364.35 0.0031730
table 0 0 -10 528.39 153.43 635.91 221.55 0.0031676
table 0 0 -10 668.44 194.71 727.67 304.41 0.0031540
chair 0 0 -10 235.84 124.01 436.23 392.71 0.0029137
desk 0 0 -10 288.31 177.81 545.63 388.16 0.0027928
chair 0 0 -10 707.93 144.74 725.58 231.17 0.0027588
table 0 0 -10 103.92 188.62 272.45 369.50 0.0027277
table 0 0 -10 342.71 122.25 633.99 252.41 0.0026458
desk 0 0 -10 621.36 132.55 726.49 335.57 0.0025202
sofa 0 0 -10 666.96 154.90 729.31 340.02 0.0024456
