table 0 0 -10 189.23 275.74 583.02 516.72 0.9668296
sofa 0 0 -10 171.09 145.55 413.74 298.12 0.9387250
sofa 0 0 -10 624.35 311.87 730.00 530.00 0.8647867
sofa 0 0 -10 0.98 163.94 180.05 409.89 0.8125091
chair 0 0 -10 627.56 307.37 729.10 527.93 0.1181992
chair 0 0 -10 429.08 321.76 730.00 528.04 0.0431881
sofa 0 0 -10 152.18 223.98 595.36 515.26 0.0303077
desk 0 0 -10 188.20 270.31 594.64 514.26 0.0250274
chair 0 0 -10 4.57 168.82 176.29 404.65 0.0210056
chair 0 0 -10 169.03 141.15 414.32 299.32 0.0184209
table 0 0 -10 175.84 145.49 405.94 295.11 0.0106418
sofa 0 0 -10 523.47 333.92 727.12 530.00 0.0101154
table 0 0 -10 19.33 321.52 526.70 527.37 0.0096886
chair 0 0 -10 247.81 300.93 533.91 523.29 0.0096638
sofa 0 0 -10 667.06 309.37 728.89 494.19 0.0068592
chair 0 0 -10 302.16 352.53 653.18 527.59 0.0047571
sofa 0 0 -10 2.93 156.70 143.17 305.08 0.0045610
bed 0 0 -10 188.12 251.84 586.36 520.60 0.0044793
table 0 0 -10 149.01 282.13 388.70 520.92 0.0042742
table 0 0 -10 597.36 306.53 716.08 526.69 0.0041303
table 0 0 -10 1.88 160.02 177.97 370.34 0.0041049
sofa 0 0 -10 677.53 306.70 728.41 406.83 0.0040243
sofa 0 0 -10 2.15 167.02 86.55 437.39 0.0038462
chair 0 0 -10 668.15 306.72 728.53 412.35 0.0035417
sofa 0 0 -10 0.02 205.52 57.31 483.36 0.0031404
sofa 0 0 -10 9.10 172.11 308.49 469.20 0.0026078
chair 0 0 -10 530.36 390.66 688.27 530.00 0.0025893
chair 0 0 -10 78.73 0.00 143.14 63.68 0.0025463
table 0 0 -10 332.85 291.91 690.74 526.65 0.0022962
sofa 0 0 -10 636.44 390.03 726.51 515.40 0.0020464
table 0 0 -10 0.00 311.35 67.35 506.12 0.0014755
bed 0 0 -10 622.07 314.05 727.03 530.00 0.0014702
table 0 0 -10 0.00 308.52 22.69 438.38 0.0014647
sofa 0 0 -10 113.11 127.37 490.36 363.18 0.0014602
chair 0 0 -10 30.65 0.00 136.50 90.86 0.0013607
desk 0 0 -10 175.94 145.83 406.28 299.42 0.0013114
bed 0 0 -10 173.29 141.79 410.81 306.12 0.0012455
table 0 0 -10 502.33 309.22 697.87 526.30 0.0012450
night_stand 0 0 -10 219.94 279.53 561.05 520.61 0.0011998
bed 0 0 -10 3.00 183.09 181.55 412.87 0.0011794
table 0 0 -10 3.45 213.72 145.25 463.20 0.0011385
chair 0 0 -10 598.25 400.08 730.00 529.71 0.0010684
chair 0 0 -10 168.39 200.17 516.36 467.94 0.0010464
table 0 0 -10 0.00 276.05 32.72 523.38 0.0010361
chair 0 0 -10 116.53 0.00 162.20 55.60 0.0009428
sofa 0 0 -10 709.42 303.68 727.82 529.48 0.0009354
chair 0 0 -10 128.75 0.00 203.33 59.25 0.0008802
table 0 0 -10 2.36 316.75 18.03 497.01 0.0008641
sofa 0 0 -10 163.79 81.52 586.09 418.03 0.0008593
table 0 0 -10 119.16 169.20 159.53 225.90 0.0008456
table 0 0 -10 2.91 375.88 44.36 512.81 0.0008246
table 0 0 -10 620.12 392.35 726.66 530.00 0.0007210
chair 0 0 -10 122.07 0.00 244.74 134.84 0.0007033
chair 0 0 -10 73.41 0.81 231.15 61.30 0.0006842
sofa 0 0 -10 694.70 317.69 726.88 511.14 0.0006434
chair 0 0 -10 18.86 358.53 463.55 524.87 0.0006429
table 0 0 -10 715.74 389.76 729.29 529.76 0.0006427
desk 0 0 -10 5.92 184.71 169.70 401.52 0.0005858
sofa 0 0 -10 639.41 368.88 727.30 437.34 0.0005789
table 0 0 -10 0.01 265.11 13.24 455.32 0.0005752
bathtub 0 0 -10 378.94 188.98 718.95 374.54 0.0005723
table 0 0 -10 646.44 317.48 727.06 519.77 0.0005444
chair 0 0 -10 10.20 2.29 135.13 47.09 0.0005305
chair 0 0 -10 168.77 176.47 215.32 298.80 0.0004754
table 0 0 -10 207.74 286.13 423.48 446.62 0.0004721
dresser 0 0 -10 212.10 286.62 566.07 527.91 0.0004500
sofa 0 0 -10 0.60 179.98 32.32 420.62 0.0004467
sofa 0 0 -10 716.22 348.40 728.52 529.49 0.0004458
table 0 0 -10 114.22 171.96 178.27 314.66 0.0004372
chair 0 0 -10 449.90 430.63 701.91 529.61 0.0004367
bookshelf 0 0 -10 175.36 123.47 410.87 284.85 0.0004046
chair 0 0 -10 140.87 0.71 253.34 56.29 0.0003956
table 0 0 -10 2.60 357.50 202.46 525.40 0.0003867
desk 0 0 -10 606.30 330.47 721.86 526.49 0.0003841
chair 0 0 -10 211.66 113.01 621.13 499.83 0.0003806
table 0 0 -10 5.38 335.11 16.45 423.27 0.0003658
chair 0 0 -10 72.70 0.00 159.69 118.09 0.0003642
chair 0 0 -10 111.86 3.66 148.06 94.72 0.0003638
sofa 0 0 -10 0.00 52.66 183.89 345.90 0.0003546
chair 0 0 -10 91.67 5.14 135.99 91.98 0.0003465
sofa 0 0 -10 1.47 249.63 140.91 485.45 0.0003300
toilet 0 0 -10 616.89 297.93 729.47 530.00 0.0003293
table 0 0 -10 3.15 314.94 12.19 459.89 0.0003287
table 0 0 -10 76.42 4.32 260.82 215.03 0.0003250
chair 0 0 -10 5.85 151.22 147.16 306.74 0.0003138
dresser 0 0 -10 2.65 187.77 179.75 409.49 0.0003125
chair 0 0 -10 115.49 0.52 280.09 200.46 0.0003101
chair 0 0 -10 171.14 33.44 410.97 253.83 0.0003088
table 0 0 -10 4.93 152.35 128.10 277.25 0.0002973
table 0 0 -10 77.53 1.43 141.81 63.53 0.0002971
dresser 0 0 -10 176.35 143.37 413.97 298.50 0.0002908
table 0 0 -10 2.85 179.97 79.71 438.07 0.0002864
bookshelf 0 0 -10 5.87 176.09 179.29 407.91 0.0002862
toilet 0 0 -10 222.14 265.79 627.74 530.00 0.0002792
night_stand 0 0 -10 178.22 140.76 412.36 306.12 0.0002760
sofa 0 0 -10 561.85 371.40 681.11 530.00 0.0002738
bed 0 0 -10 288.32 52.45 730.00 427.58 0.0002689
bathtub 0 0 -10 207.54 296.09 560.59 519.64 0.0002545
table 0 0 -10 22.47 257.80 279.38 454.01 0.0002482
desk 0 0 -10 344.80 287.95 701.65 524.43 0.0002474
