chair 0 0 -10 453.01 165.72 673.02 442.50 0.9908175
chair 0 0 -10 43.98 225.48 259.57 488.57 0.9899247
table 0 0 -10 72.30 217.00 489.15 518.96 0.9708110
chair 0 0 -10 125.38 143.93 313.82 379.24 0.9696388
sofa 0 0 -10 662.44 225.66 729.59 529.17 0.8644422
chair 0 0 -10 129.40 136.32 302.25 247.68 0.5977944
bookshelf 0 0 -10 415.31 2.92 476.61 202.95 0.5039399
bed 0 0 -10 652.66 240.88 730.00 484.03 0.2776778
chair 0 0 -10 639.72 207.01 728.43 529.72 0.1977802
desk 0 0 -10 37.72 210.66 495.19 530.00 0.0865129
chair 0 0 -10 250.86 156.40 328.27 294.32 0.0779503
bookshelf 0 0 -10 424.52 57.26 466.79 182.73 0.0671462
bookshelf 0 0 -10 367.54 5.31 492.33 206.48 0.0590134
bed 0 0 -10 654.73 0.00 730.00 530.00 0.0544921
chair 0 0 -10 259.09 169.87 314.71 264.59 0.0495078
chair 0 0 -10 198.34 135.41 316.86 311.11 0.0442124
chair 0 0 -10 96.56 123.90 256.75 291.38 0.0442052
chair 0 0 -10 263.07 174.44 304.24 212.44 0.0425616
chair 0 0 -10 102.45 183.64 237.79 408.62 0.0341599
chair 0 0 -10 404.45 218.17 722.38 519.01 0.0269416
sofa 0 0 -10 687.31 313.82 729.31 530.00 0.0259251
bookshelf 0 0 -10 445.44 6.29 478.89 184.95 0.0256357
chair 0 0 -10 201.02 168.89 307.50 400.71 0.0247296
chair 0 0 -10 103.85 160.17 434.54 485.82 0.0230792
bed 0 0 -10 677.79 180.66 724.64 530.00 0.0208712
chair 0 0 -10 565.59 242.17 730.00 522.37 0.0179665
table 0 0 -10 68.91 165.67 194.02 327.86 0.0178925
chair 0 0 -10 682.05 282.46 730.00 528.55 0.0131547
table 0 0 -10 117.90 199.16 445.27 413.96 0.0130444
table 0 0 -10 639.97 222.96 730.00 506.11 0.0120987
chair 0 0 -10 187.31 120.64 277.24 259.70 0.0120112
table 0 0 -10 13.96 255.30 256.42 528.52 0.0119486
bookshelf 0 0 -10 422.76 0.00 449.99 187.33 0.0116847
table 0 0 -10 12.20 187.48 212.82 381.04 0.0113346
bookshelf 0 0 -10 397.05 6.48 449.05 221.12 0.0108353
bookshelf 0 0 -10 434.92 0.90 501.33 187.17 0.0106861
table 0 0 -10 74.04 208.68 296.52 479.72 0.0101954
chair 0 0 -10 250.19 103.82 392.22 337.86 0.0100014
dresser 0 0 -10 657.60 7.79 726.75 377.12 0.0096557
chair 0 0 -10 135.57 132.35 243.61 217.57 0.0092943
chair 0 0 -10 78.32 166.78 185.72 343.39 0.0092246
chair 0 0 -10 626.06 73.31 729.24 461.45 0.0089499
table 0 0 -10 198.42 206.57 505.90 363.94 0.0089289
chair 0 0 -10 46.53 227.72 189.97 422.77 0.0086675
sofa 0 0 -10 581.05 257.69 730.00 530.00 0.0084529
table 0 0 -10 1.92 164.23 177.52 284.14 0.0071862
bookshelf 0 0 -10 658.82 0.00 727.95 516.70 0.0070846
table 0 0 -10 108.47 150.69 299.46 248.02 0.0063081
sofa 0 0 -10 657.16 274.04 730.00 412.16 0.0062583
chair 0 0 -10 309.36 3.29 479.55 199.12 0.0057591
table 0 0 -10 36.18 148.10 342.03 277.73 0.0055983
chair 0 0 -10 9.82 237.46 168.87 525.49 0.0054811
chair 0 0 -10 44.30 141.91 249.66 358.39 0.0054141
sofa 0 0 -10 664.08 316.23 730.00 453.70 0.0053656
table 0 0 -10 263.05 177.90 303.52 213.23 0.0053270
chair 0 0 -10 127.60 126.75 394.20 298.71 0.0050564
chair 0 0 -10 184.67 128.52 243.99 230.74 0.0048466
chair 0 0 -10 260.95 164.10 319.88 218.97 0.0048273
table 0 0 -10 212.45 193.30 619.04 498.27 0.0047661
chair 0 0 -10 218.19 128.80 266.19 276.67 0.0047260
table 0 0 -10 65.96 168.89 341.43 358.74 0.0046924
table 0 0 -10 396.85 201.12 670.16 442.44 0.0046127
table 0 0 -10 684.57 301.14 728.99 530.00 0.0041324
table 0 0 -10 564.65 248.82 724.36 513.06 0.0039763
desk 0 0 -10 14.72 247.32 249.85 529.93 0.0038052
chair 0 0 -10 590.41 196.00 726.80 428.30 0.0036727
table 0 0 -10 43.48 182.08 157.84 346.35 0.0035319
chair 0 0 -10 189.25 305.05 463.87 524.29 0.0031800
chair 0 0 -10 396.38 4.27 487.43 192.48 0.0031211
desk 0 0 -10 655.42 19.71 730.00 524.94 0.0030416
dresser 0 0 -10 396.53 6.28 485.75 192.98 0.0030155
chair 0 0 -10 137.93 159.19 277.19 226.56 0.0029998
dresser 0 0 -10 644.29 220.62 730.00 508.88 0.0029496
table 0 0 -10 34.84 171.57 201.74 250.96 0.0027056
chair 0 0 -10 296.88 184.59 617.32 499.35 0.0026961
chair 0 0 -10 231.55 101.78 313.45 258.80 0.0026087
bookshelf 0 0 -10 422.50 3.88 479.22 119.74 0.0024818
table 0 0 -10 129.96 128.57 258.86 230.40 0.0024429
sofa 0 0 -10 479.42 192.03 713.00 494.55 0.0023024
table 0 0 -10 2.11 219.90 130.28 530.00 0.0022929
chair 0 0 -10 233.46 199.17 343.32 383.46 0.0022905
desk 0 0 -10 40.65 159.76 336.69 301.77 0.0022566
table 0 0 -10 97.96 202.12 238.90 423.19 0.0021687
chair 0 0 -10 215.76 99.78 239.57 210.33 0.0021398
bookshelf 0 0 -10 426.00 0.00 546.31 232.26 0.0020382
table 0 0 -10 594.43 196.95 723.39 428.80 0.0019936
chair 0 0 -10 296.49 48.41 473.13 369.13 0.0019107
chair 0 0 -10 127.86 62.61 329.31 233.44 0.0018613
chair 0 0 -10 256.59 157.74 401.18 221.70 0.0018313
chair 0 0 -10 418.98 107.01 470.52 186.96 0.0018152
night_stand 0 0 -10 643.95 235.43 730.00 506.90 0.0017633
table 0 0 -10 391.77 4.95 483.83 188.52 0.0017259
chair 0 0 -10 489.18 156.53 655.42 336.05 0.0017138
desk 0 0 -10 112.23 150.76 296.04 247.58 0.0016294
bookshelf 0 0 -10 469.37 90.22 474.47 185.44 0.0015235
bookshelf 0 0 -10 428.59 106.68 435.36 187.54 0.0015148
chair 0 0 -10 234.31 161.89 362.39 251.00 0.0014765
sofa 0 0 -10 676.07 92.26 725.13 490.12 0.0014334
chair 0 0 -10 664.76 307.60 728.46 441.78 0.0014192
desk 0 0 -10 98.01 209.95 368.58 459.86 0.0013961
