chair 0 0 -10 375.12 110.12 645.85 530.00 0.9916216
table 0 0 -10 8.58 149.59 428.98 526.36 0.7691830
desk 0 0 -10 0.95 151.05 413.82 524.75 0.4376532
table 0 0 -10 0.00 357.09 36.27 524.51 0.1409824
chair 0 0 -10 0.78 326.09 64.71 514.97 0.1002451
chair 0 0 -10 134.32 191.01 402.39 519.07 0.0507594
chair 0 0 -10 313.86 114.40 603.35 384.34 0.0370604
chair 0 0 -10 237.50 211.82 412.53 374.20 0.0338216
chair 0 0 -10 0.00 310.90 115.37 524.20 0.0331879
chair 0 0 -10 7.40 97.56 222.73 496.13 0.0186910
desk 0 0 -10 193.53 121.76 550.32 395.87 0.0148135
chair 0 0 -10 0.00 224.04 47.69 482.73 0.0146547
desk 0 0 -10 0.60 349.01 50.42 510.26 0.0121776
chair 0 0 -10 243.46 214.44 430.29 516.77 0.0120059
table 0 0 -10 1.08 326.70 60.37 518.20 0.0118967
table 0 0 -10 181.20 125.33 534.11 392.69 0.0107145
chair 0 0 -10 3.03 313.65 41.01 460.82 0.0096247
table 0 0 -10 2.11 363.58 18.04 529.74 0.0088056
desk 0 0 -10 290.38 131.90 623.76 467.69 0.0084158
chair 0 0 -10 0.00 209.07 87.32 452.45 0.0072265
desk 0 0 -10 66.09 67.09 516.93 467.51 0.0070997
chair 0 0 -10 249.98 127.05 445.48 395.40 0.0070937
desk 0 0 -10 125.66 126.00 450.91 330.16 0.0055160
chair 0 0 -10 210.12 147.62 499.79 474.97 0.0051624
chair 0 0 -10 29.71 287.60 376.73 526.20 0.0049211
chair 0 0 -10 441.68 86.04 629.42 397.18 0.0049092
chair 0 0 -10 52.53 169.90 343.93 465.50 0.0048069
desk 0 0 -10 224.73 136.59 413.43 395.62 0.0047252
desk 0 0 -10 14.95 147.66 323.43 394.04 0.0043326
table 0 0 -10 0.00 246.48 277.73 524.36 0.0040352
table 0 0 -10 280.84 132.32 624.74 451.17 0.0038055
chair 0 0 -10 0.00 359.04 36.19 523.18 0.0035491
table 0 0 -10 0.28 399.09 24.58 507.14 0.0035237
chair 0 0 -10 483.89 126.87 717.79 530.00 0.0034752
table 0 0 -10 199.27 130.15 418.48 336.02 0.0033136
bed 0 0 -10 696.37 449.27 728.86 530.00 0.0031527
table 0 0 -10 696.84 446.82 728.18 530.00 0.0026353
chair 0 0 -10 369.03 168.16 605.41 291.92 0.0025390
table 0 0 -10 2.37 214.77 285.90 380.57 0.0024099
desk 0 0 -10 37.25 25.44 576.42 309.85 0.0023426
table 0 0 -10 345.30 179.34 611.51 287.25 0.0021840
night_stand 0 0 -10 0.00 350.30 53.09 504.48 0.0021250
chair 0 0 -10 367.67 281.71 607.91 527.89 0.0021071
chair 0 0 -10 0.00 27.31 225.52 297.85 0.0018718
chair 0 0 -10 16.65 207.44 215.67 380.87 0.0018603
table 0 0 -10 0.64 368.52 10.74 528.54 0.0017934
table 0 0 -10 228.49 208.02 414.53 527.86 0.0017706
desk 0 0 -10 190.17 1.56 596.62 149.33 0.0015745
chair 0 0 -10 148.14 142.21 328.43 313.19 0.0015211
table 0 0 -10 10.97 375.15 26.20 511.35 0.0013609
chair 0 0 -10 2.74 340.17 56.27 416.98 0.0013584
sofa 0 0 -10 382.51 125.76 665.91 524.77 0.0013355
desk 0 0 -10 343.86 179.15 618.32 285.50 0.0013334
chair 0 0 -10 3.27 307.48 24.37 520.76 0.0013321
chair 0 0 -10 692.95 441.51 728.57 530.00 0.0012646
table 0 0 -10 200.05 7.34 580.54 146.21 0.0012500
table 0 0 -10 385.95 150.32 674.49 521.82 0.0012303
chair 0 0 -10 386.85 117.07 552.72 347.92 0.0011920
chair 0 0 -10 46.26 71.27 292.92 380.76 0.0011685
desk 0 0 -10 5.57 234.12 278.08 371.36 0.0011399
chair 0 0 -10 116.62 198.82 277.32 358.57 0.0010429
table 0 0 -10 557.61 327.04 725.74 530.00 0.0010096
dresser 0 0 -10 0.03 351.40 51.05 509.20 0.0009693
bed 0 0 -10 583.23 472.38 725.57 530.00 0.0009443
chair 0 0 -10 3.65 332.28 255.45 530.00 0.0008974
table 0 0 -10 46.11 35.35 568.59 309.92 0.0008734
table 0 0 -10 1.77 343.24 108.15 530.00 0.0007893
chair 0 0 -10 361.27 111.21 474.73 291.71 0.0007589
chair 0 0 -10 10.47 365.99 29.86 484.07 0.0007403
desk 0 0 -10 1.18 343.54 25.85 526.85 0.0007331
table 0 0 -10 287.93 4.11 559.07 94.91 0.0007234
sofa 0 0 -10 697.79 445.54 728.19 530.00 0.0006921
sofa 0 0 -10 46.95 166.25 418.62 527.05 0.0006759
toilet 0 0 -10 695.03 444.77 729.65 529.68 0.0006697
bed 0 0 -10 43.76 143.88 414.12 530.00 0.0006544
table 0 0 -10 118.50 146.12 405.14 277.71 0.0006392
toilet 0 0 -10 1.03 352.40 50.96 510.93 0.0006233
chair 0 0 -10 1.77 379.47 59.50 440.13 0.0006153
table 0 0 -10 3.70 336.46 8.70 515.93 0.0006121
table 0 0 -10 592.23 218.36 697.21 525.46 0.0005972
bathtub 0 0 -10 695.08 444.36 730.00 528.39 0.0005895
chair 0 0 -10 6.07 367.05 22.53 493.27 0.0005860
chair 0 0 -10 3.45 329.92 8.95 506.41 0.0005483
night_stand 0 0 -10 10.98 150.93 377.14 513.33 0.0005438
table 0 0 -10 240.98 191.07 411.10 391.00 0.0005374
table 0 0 -10 321.59 340.44 685.81 530.00 0.0005364
desk 0 0 -10 0.00 251.29 276.93 530.00 0.0005328
bathtub 0 0 -10 0.85 353.57 51.12 510.81 0.0005291
table 0 0 -10 2.30 6.20 210.78 214.99 0.0005131
chair 0 0 -10 0.00 266.59 189.21 486.01 0.0005060
chair 0 0 -10 52.77 249.34 258.00 360.74 0.0005021
chair 0 0 -10 172.50 107.08 361.91 366.99 0.0004938
desk 0 0 -10 3.14 304.26 16.87 526.55 0.0004910
sofa 0 0 -10 0.38 346.63 51.18 506.77 0.0004763
desk 0 0 -10 3.32 297.20 77.30 517.47 0.0004721
chair 0 0 -10 2.84 364.68 17.82 523.67 0.0004639
table 0 0 -10 196.98 15.42 342.53 142.92 0.0004209
toilet 0 0 -10 388.26 128.09 674.82 530.00 0.0004180
chair 0 0 -10 587.20 236.64 702.18 512.84 0.0004130
desk 0 0 -10 67.88 196.17 243.53 343.60 0.0004044
