chair 0 0 -10 534.88 335.14 680.21 527.36 0.9387264
desk 0 0 -10 357.72 289.81 706.15 509.55 0.6831369
dresser 0 0 -10 97.77 15.06 390.24 530.00 0.4832229
table 0 0 -10 348.31 288.22 699.95 514.09 0.2879175
table 0 0 -10 13.87 498.50 248.65 528.14 0.1561069
bookshelf 0 0 -10 102.48 28.46 389.09 530.00 0.1257523
desk 0 0 -10 113.78 239.39 730.00 530.00 0.0483732
desk 0 0 -10 96.27 2.79 389.83 530.00 0.0478388
bed 0 0 -10 3.23 499.80 247.28 529.43 0.0312620
chair 0 0 -10 679.16 374.68 728.93 528.11 0.0247405
table 0 0 -10 378.30 313.01 575.35 512.53 0.0231268
desk 0 0 -10 378.41 323.22 571.13 510.87 0.0142294
chair 0 0 -10 407.90 315.98 654.08 530.00 0.0124109
table 0 0 -10 671.79 370.69 726.50 530.00 0.0120852
table 0 0 -10 391.22 394.51 550.39 507.94 0.0119758
chair 0 0 -10 469.96 156.14 613.87 419.91 0.0115060
chair 0 0 -10 692.79 396.46 728.15 494.90 0.0106915
table 0 0 -10 369.50 294.74 713.20 399.74 0.0103723
desk 0 0 -10 369.91 292.97 717.59 400.97 0.0098030
sofa 0 0 -10 6.06 499.27 245.47 529.51 0.0092830
bookshelf 0 0 -10 132.55 1.79 647.44 530.00 0.0090572
chair 0 0 -10 621.51 331.43 725.89 529.20 0.0079142
desk 0 0 -10 1.83 499.78 244.15 528.43 0.0077740
table 0 0 -10 104.86 15.51 484.61 522.91 0.0072246
table 0 0 -10 15.70 512.27 270.48 530.00 0.0069190
bed 0 0 -10 95.56 0.00 407.40 530.00 0.0065613
table 0 0 -10 6.12 454.13 255.93 530.00 0.0058267
dresser 0 0 -10 124.53 242.86 355.29 521.94 0.0057878
desk 0 0 -10 455.58 310.53 682.05 479.56 0.0055854
chair 0 0 -10 24.25 498.07 257.76 528.74 0.0049348
night_stand 0 0 -10 107.26 10.43 407.26 501.61 0.0049160
table 0 0 -10 444.02 312.81 678.61 470.23 0.0045110
chair 0 0 -10 509.34 375.17 667.58 468.13 0.0044239
chair 0 0 -10 668.17 450.94 728.48 530.00 0.0040058
table 0 0 -10 534.04 331.25 680.46 498.53 0.0038819
chair 0 0 -10 526.31 198.90 692.38 501.71 0.0038623
dresser 0 0 -10 269.85 246.45 707.30 530.00 0.0036309
dresser 0 0 -10 117.18 16.02 662.91 529.80 0.0036244
sofa 0 0 -10 681.10 347.18 727.18 530.00 0.0033099
bed 0 0 -10 694.79 359.09 728.55 530.00 0.0031986
table 0 0 -10 130.72 317.20 671.53 524.88 0.0031722
chair 0 0 -10 570.15 368.08 661.48 487.76 0.0031196
table 0 0 -10 691.52 383.70 728.63 497.33 0.0029224
table 0 0 -10 91.19 6.53 386.50 345.16 0.0029182
chair 0 0 -10 341.82 396.07 565.83 530.00 0.0027262
chair 0 0 -10 355.04 218.66 691.26 516.19 0.0026066
chair 0 0 -10 569.80 260.72 725.41 494.46 0.0025678
dresser 0 0 -10 679.61 351.47 728.15 529.21 0.0025480
toilet 0 0 -10 83.47 15.04 386.78 530.00 0.0023893
desk 0 0 -10 314.02 94.29 720.93 509.29 0.0023890
table 0 0 -10 483.88 156.73 596.03 300.38 0.0023869
table 0 0 -10 669.91 506.15 728.32 530.00 0.0023692
bathtub 0 0 -10 97.01 40.96 401.52 510.26 0.0022205
bookshelf 0 0 -10 354.52 53.99 690.01 504.50 0.0021456
desk 0 0 -10 379.16 306.75 568.79 426.03 0.0021434
chair 0 0 -10 78.57 0.00 381.47 511.76 0.0021174
table 0 0 -10 41.13 490.52 350.20 529.06 0.0020846
chair 0 0 -10 640.29 389.95 730.00 491.66 0.0020538
desk 0 0 -10 533.59 326.13 669.43 517.64 0.0020144
chair 0 0 -10 707.28 433.35 719.76 529.85 0.0019760
night_stand 0 0 -10 6.44 501.17 250.23 529.42 0.0018598
table 0 0 -10 669.56 450.96 725.94 530.00 0.0017302
chair 0 0 -10 375.19 259.53 561.59 505.08 0.0016886
desk 0 0 -10 68.24 381.31 556.56 527.99 0.0016553
desk 0 0 -10 680.28 354.03 728.26 530.00 0.0016528
table 0 0 -10 702.08 404.67 728.45 530.00 0.0016356
table 0 0 -10 129.48 331.99 341.58 530.00 0.0015637
chair 0 0 -10 478.78 353.96 673.65 437.18 0.0015503
chair 0 0 -10 668.46 403.93 728.96 477.87 0.0015498
dresser 0 0 -10 111.00 377.62 384.47 519.95 0.0013456
chair 0 0 -10 707.10 423.98 729.96 529.51 0.0012737
table 0 0 -10 652.35 519.08 729.20 530.00 0.0012475
bathtub 0 0 -10 4.26 500.52 244.91 528.69 0.0012275
chair 0 0 -10 707.00 323.67 730.00 499.04 0.0012114
bookshelf 0 0 -10 5.17 499.06 251.99 529.30 0.0012061
desk 0 0 -10 484.91 167.90 591.61 294.84 0.0011847
desk 0 0 -10 417.85 158.81 680.71 410.51 0.0011773
table 0 0 -10 372.31 283.09 715.65 343.97 0.0011634
desk 0 0 -10 123.74 319.08 352.90 530.00 0.0011149
chair 0 0 -10 683.22 489.46 729.90 530.00 0.0010851
bed 0 0 -10 174.20 0.00 691.44 530.00 0.0010807
dresser 0 0 -10 487.62 160.83 592.36 305.98 0.0010690
bathtub 0 0 -10 233.60 253.66 698.33 513.56 0.0010395
table 0 0 -10 333.46 1.76 612.99 124.27 0.0010170
dresser 0 0 -10 2.54 500.47 248.51 529.49 0.0009973
chair 0 0 -10 399.03 371.56 543.70 504.49 0.0009851
chair 0 0 -10 704.94 436.87 728.44 490.42 0.0009549
table 0 0 -10 339.50 387.32 678.94 527.00 0.0009498
night_stand 0 0 -10 144.19 345.83 366.56 525.81 0.0009425
table 0 0 -10 388.24 164.15 694.07 438.90 0.0009348
table 0 0 -10 587.01 320.46 720.55 515.98 0.0009248
bookshelf 0 0 -10 686.58 366.66 726.94 521.19 0.0009155
chair 0 0 -10 175.44 29.02 616.93 529.40 0.0009120
desk 0 0 -10 326.83 0.00 622.82 122.30 0.0009002
table 0 0 -10 87.68 387.37 530.00 524.83 0.0008806
table 0 0 -10 639.34 386.14 730.00 490.31 0.0008617
table 0 0 -10 712.88 436.71 726.79 530.00 0.0008601
chair 0 0 -10 467.42 391.18 650.64 524.60 0.0007881
table 0 0 -10 382.04 355.76 570.62 438.57 0.0007872
sofa 0 0 -10 105.97 18.36 483.11 509.18 0.0007658
