chair 0 0 -10 453.73 195.57 632.08 382.38 0.7524036
sofa 0 0 -10 454.48 198.03 638.33 376.70 0.2466679
table 0 0 -10 455.87 195.07 640.27 373.20 0.1213427
desk 0 0 -10 188.17 160.72 400.79 411.24 0.0296490
bed 0 0 -10 454.71 213.16 641.05 384.68 0.0265549
table 0 0 -10 513.46 158.73 613.51 206.45 0.0155997
desk 0 0 -10 446.10 202.31 639.06 381.95 0.0154590
toilet 0 0 -10 443.26 202.37 637.90 400.58 0.0086201
night_stand 0 0 -10 448.91 203.37 638.55 386.90 0.0075062
table 0 0 -10 184.35 163.34 393.93 405.97 0.0071241
table 0 0 -10 488.41 163.71 625.67 266.32 0.0068074
dresser 0 0 -10 194.17 166.16 394.05 414.03 0.0063903
bookshelf 0 0 -10 449.95 197.85 636.26 383.63 0.0056542
dresser 0 0 -10 448.26 203.84 637.42 382.23 0.0048501
table 0 0 -10 463.34 188.00 670.76 295.07 0.0036006
dresser 0 0 -10 292.53 103.35 461.51 312.13 0.0035909
chair 0 0 -10 316.03 115.20 399.69 236.68 0.0034993
chair 0 0 -10 474.19 174.74 620.23 318.89 0.0031661
chair 0 0 -10 691.21 349.08 729.22 489.42 0.0031581
chair 0 0 -10 505.12 157.55 621.05 274.36 0.0031334
chair 0 0 -10 521.03 157.82 618.34 203.74 0.0030459
chair 0 0 -10 319.80 119.92 397.62 179.28 0.0028679
table 0 0 -10 344.12 84.87 452.95 152.77 0.0025521
table 0 0 -10 694.70 257.38 728.45 473.58 0.0024827
table 0 0 -10 687.17 360.88 727.19 490.68 0.0021599
table 0 0 -10 609.46 231.08 729.30 400.92 0.0020168
table 0 0 -10 366.14 83.39 435.07 117.86 0.0019165
bathtub 0 0 -10 437.96 203.42 640.85 409.50 0.0018631
table 0 0 -10 707.95 241.70 728.36 419.60 0.0017799
chair 0 0 -10 700.44 228.46 728.35 405.91 0.0016715
table 0 0 -10 708.05 333.96 728.34 493.03 0.0015079
table 0 0 -10 493.34 168.43 717.64 340.92 0.0014017
table 0 0 -10 695.70 417.99 727.74 464.23 0.0013641
desk 0 0 -10 17.33 163.71 427.06 497.41 0.0013424
table 0 0 -10 717.18 295.24 729.34 445.01 0.0012697
chair 0 0 -10 448.27 194.99 564.56 346.30 0.0012480
table 0 0 -10 224.03 126.86 377.76 181.45 0.0011759
chair 0 0 -10 714.86 233.38 730.00 407.98 0.0010892
table 0 0 -10 698.35 325.20 728.04 399.18 0.0010815
chair 0 0 -10 709.15 351.73 730.00 499.13 0.0010544
bathtub 0 0 -10 180.68 159.30 397.61 412.16 0.0010377
desk 0 0 -10 141.59 147.00 551.74 446.59 0.0010162
table 0 0 -10 30.90 169.70 412.27 495.33 0.0010051
table 0 0 -10 657.66 324.30 727.93 484.43 0.0009979
table 0 0 -10 718.15 331.33 728.19 410.93 0.0008939
table 0 0 -10 635.09 312.34 728.39 418.24 0.0008881
table 0 0 -10 659.14 266.24 726.04 408.89 0.0008716
chair 0 0 -10 250.11 115.49 306.54 175.82 0.0008691
table 0 0 -10 233.35 134.39 330.29 171.49 0.0008462
table 0 0 -10 372.07 69.99 453.90 97.29 0.0007795
table 0 0 -10 228.99 110.97 319.95 179.84 0.0007759
chair 0 0 -10 695.95 415.69 729.57 463.87 0.0007745
bed 0 0 -10 22.98 180.10 579.97 499.69 0.0007697
table 0 0 -10 382.31 81.93 435.40 94.89 0.0007448
table 0 0 -10 685.06 241.27 725.32 387.71 0.0007129
chair 0 0 -10 663.39 323.46 730.00 490.24 0.0007065
table 0 0 -10 372.00 81.39 449.05 103.53 0.0006735
table 0 0 -10 98.08 210.15 603.26 498.87 0.0006529
chair 0 0 -10 719.30 311.45 728.61 420.04 0.0006354
chair 0 0 -10 0.37 276.41 57.38 522.89 0.0006227
chair 0 0 -10 248.87 112.65 339.15 214.43 0.0006193
chair 0 0 -10 697.56 312.14 729.33 435.72 0.0006173
table 0 0 -10 0.51 380.19 30.57 530.00 0.0005975
chair 0 0 -10 683.50 349.85 728.90 403.43 0.0005943
table 0 0 -10 642.10 250.52 725.00 343.60 0.0005906
dresser 0 0 -10 0.27 280.01 25.28 509.77 0.0005756
table 0 0 -10 0.67 284.72 33.88 513.33 0.0005697
chair 0 0 -10 218.04 112.01 312.07 197.01 0.0005567
table 0 0 -10 718.19 379.88 729.16 526.38 0.0005213
sofa 0 0 -10 12.03 247.09 646.99 524.65 0.0005205
chair 0 0 -10 675.23 249.45 729.48 346.23 0.0005072
table 0 0 -10 463.33 176.76 708.21 249.02 0.0004972
table 0 0 -10 318.06 111.89 393.41 173.35 0.0004947
desk 0 0 -10 327.19 92.56 456.67 170.35 0.0004658
table 0 0 -10 480.15 236.53 695.84 434.34 0.0004630
chair 0 0 -10 301.06 82.56 462.80 304.77 0.0004395
table 0 0 -10 257.68 130.26 288.99 168.53 0.0004389
sofa 0 0 -10 526.35 156.86 617.97 212.19 0.0004384
chair 0 0 -10 347.93 86.57 432.05 165.91 0.0004098
chair 0 0 -10 302.63 121.13 331.80 216.31 0.0003870
table 0 0 -10 685.31 303.06 726.80 409.03 0.0003809
chair 0 0 -10 721.49 235.20 728.27 410.57 0.0003567
sofa 0 0 -10 710.05 357.38 729.22 506.00 0.0003427
table 0 0 -10 703.38 308.98 728.99 372.31 0.0003309
chair 0 0 -10 677.13 236.86 728.29 424.88 0.0003298
chair 0 0 -10 152.77 0.00 248.01 59.37 0.0003128
chair 0 0 -10 470.46 208.52 696.95 440.45 0.0003082
desk 0 0 -10 278.63 108.36 466.04 323.60 0.0003019
desk 0 0 -10 366.70 87.37 452.63 135.88 0.0002890
chair 0 0 -10 370.46 58.06 461.00 152.90 0.0002883
sofa 0 0 -10 691.56 351.61 728.49 491.18 0.0002813
table 0 0 -10 481.90 166.67 640.22 221.93 0.0002795
table 0 0 -10 728.60 318.40 730.00 464.94 0.0002746
dresser 0 0 -10 87.07 141.28 444.01 450.57 0.0002715
bed 0 0 -10 443.32 122.08 658.76 340.42 0.0002646
table 0 0 -10 721.48 240.24 727.96 419.93 0.0002598
dresser 0 0 -10 1.07 278.83 52.67 513.78 0.0002550
table 0 0 -10 695.30 348.90 727.69 419.97 0.0002520
chair 0 0 -10 284.25 116.06 313.46 218.19 0.0002445
chair 0 0 -10 717.98 366.33 729.75 515.54 0.0002442
