table 0 0 -10 129.72 195.98 338.92 347.45 0.9865326
sofa 0 0 -10 0.00 158.04 179.50 307.00 0.8175172
sofa 0 0 -10 484.03 194.91 659.42 396.27 0.6042157
table 0 0 -10 150.09 210.50 400.28 402.72 0.2196006
chair 0 0 -10 482.75 191.17 654.15 399.47 0.1534032
sofa 0 0 -10 187.63 236.41 434.83 462.53 0.0567560
sofa 0 0 -10 16.39 246.48 333.50 529.85 0.0544662
desk 0 0 -10 130.23 193.99 330.29 355.91 0.0491833
chair 0 0 -10 0.00 163.20 164.56 306.79 0.0435332
table 0 0 -10 138.84 194.97 334.21 265.43 0.0396301
table 0 0 -10 15.53 257.21 305.96 524.48 0.0390816
chair 0 0 -10 27.21 110.84 88.25 165.68 0.0273058
chair 0 0 -10 182.86 233.71 440.69 460.42 0.0235641
bed 0 0 -10 0.00 283.49 228.51 530.00 0.0225664
sofa 0 0 -10 78.41 214.59 479.64 528.06 0.0223796
desk 0 0 -10 165.64 223.80 416.50 450.94 0.0217249
table 0 0 -10 105.47 226.43 426.72 511.54 0.0215278
chair 0 0 -10 201.91 198.68 308.95 259.26 0.0132115
table 0 0 -10 484.90 195.98 650.82 359.71 0.0121877
table 0 0 -10 140.72 192.04 232.18 332.65 0.0119661
table 0 0 -10 12.73 138.36 81.77 209.77 0.0109936
dresser 0 0 -10 176.84 229.38 422.53 448.91 0.0102467
table 0 0 -10 0.50 128.92 53.56 213.16 0.0093566
table 0 0 -10 20.41 167.96 217.20 306.60 0.0079712
table 0 0 -10 6.05 116.04 84.56 186.08 0.0071156
chair 0 0 -10 213.99 211.46 346.88 342.92 0.0063899
table 0 0 -10 233.86 202.99 340.62 329.98 0.0054065
table 0 0 -10 6.48 152.68 130.73 218.83 0.0051750
sofa 0 0 -10 20.77 157.52 188.52 232.00 0.0051052
table 0 0 -10 0.26 129.09 44.48 280.43 0.0044300
table 0 0 -10 0.41 149.94 80.94 245.93 0.0039274
sofa 0 0 -10 0.33 145.92 115.91 266.71 0.0037839
chair 0 0 -10 38.44 114.90 103.64 199.08 0.0037080
sofa 0 0 -10 0.00 175.28 231.36 381.95 0.0035982
sofa 0 0 -10 36.23 159.84 370.55 344.82 0.0030582
night_stand 0 0 -10 180.62 229.04 426.29 454.19 0.0028905
table 0 0 -10 0.00 184.94 19.61 305.40 0.0028562
table 0 0 -10 78.29 199.61 332.73 444.06 0.0026352
chair 0 0 -10 199.13 191.38 318.81 311.94 0.0026068
desk 0 0 -10 13.11 253.53 327.48 527.85 0.0024844
chair 0 0 -10 211.29 189.95 278.62 278.44 0.0022958
bookshelf 0 0 -10 180.21 214.11 420.61 448.91 0.0021808
chair 0 0 -10 0.00 108.81 53.49 167.88 0.0021012
sofa 0 0 -10 129.86 209.13 367.06 416.78 0.0020784
chair 0 0 -10 49.02 109.95 81.72 162.18 0.0020359
bed 0 0 -10 151.89 289.78 453.14 521.23 0.0019916
bed 0 0 -10 168.58 225.68 426.59 456.35 0.0019889
sofa 0 0 -10 1.20 182.94 76.91 315.61 0.0019591
table 0 0 -10 5.84 151.57 77.97 191.21 0.0018823
chair 0 0 -10 0.00 127.23 36.84 298.22 0.0018610
desk 0 0 -10 479.43 204.98 652.10 375.09 0.0018292
table 0 0 -10 0.00 176.25 34.31 336.13 0.0018031
chair 0 0 -10 11.61 113.76 86.71 192.81 0.0017533
dresser 0 0 -10 9.04 248.61 328.77 522.83 0.0016954
bathtub 0 0 -10 174.92 224.87 418.86 442.26 0.0016840
table 0 0 -10 3.31 178.23 108.62 315.14 0.0015850
bed 0 0 -10 490.94 193.39 671.48 418.66 0.0014760
chair 0 0 -10 19.12 259.34 345.92 524.83 0.0014099
desk 0 0 -10 159.58 296.39 448.53 521.15 0.0013408
desk 0 0 -10 5.02 110.81 83.19 164.15 0.0013381
dresser 0 0 -10 164.66 295.54 440.82 518.09 0.0013029
table 0 0 -10 27.49 164.74 423.37 385.88 0.0011776
desk 0 0 -10 75.82 153.50 437.71 502.52 0.0011460
bed 0 0 -10 29.51 220.24 489.10 530.00 0.0011414
table 0 0 -10 38.65 143.83 106.34 204.79 0.0011117
chair 0 0 -10 8.82 0.00 82.73 62.69 0.0010950
night_stand 0 0 -10 134.71 197.01 330.65 354.46 0.0010778
chair 0 0 -10 246.40 199.31 411.91 342.22 0.0010668
chair 0 0 -10 0.00 125.55 54.10 216.59 0.0010444
table 0 0 -10 194.55 308.02 420.86 457.97 0.0010235
table 0 0 -10 0.03 165.79 50.42 226.02 0.0010160
bookshelf 0 0 -10 481.49 186.81 653.70 388.17 0.0010115
table 0 0 -10 188.25 198.17 291.80 264.31 0.0009818
sofa 0 0 -10 73.42 157.21 237.11 219.83 0.0009705
toilet 0 0 -10 176.26 228.36 422.66 455.43 0.0009626
chair 0 0 -10 221.14 207.16 276.74 342.53 0.0009572
table 0 0 -10 481.15 234.01 513.00 356.81 0.0009428
chair 0 0 -10 10.73 96.82 106.96 171.55 0.0009343
table 0 0 -10 75.14 154.31 157.55 211.81 0.0009108
chair 0 0 -10 1.12 166.16 85.19 302.44 0.0008830
table 0 0 -10 2.30 159.92 156.29 277.91 0.0008570
chair 0 0 -10 255.65 196.16 344.56 311.60 0.0008336
dresser 0 0 -10 479.77 204.19 657.18 395.26 0.0008310
table 0 0 -10 1.36 205.76 35.24 507.79 0.0008071
sofa 0 0 -10 0.00 152.82 56.01 276.99 0.0007829
chair 0 0 -10 227.91 192.04 351.69 260.43 0.0007538
sofa 0 0 -10 15.27 136.14 306.80 274.96 0.0007098
dresser 0 0 -10 14.95 108.87 83.13 161.30 0.0006962
table 0 0 -10 0.98 193.66 92.27 458.45 0.0006629
sofa 0 0 -10 0.73 179.34 97.15 460.14 0.0006598
table 0 0 -10 1.54 130.59 23.57 260.00 0.0006591
table 0 0 -10 59.27 151.54 128.13 208.76 0.0006551
sofa 0 0 -10 341.40 192.84 678.14 467.46 0.0006478
sofa 0 0 -10 15.37 109.25 84.84 163.38 0.0006434
chair 0 0 -10 251.29 196.25 295.89 270.67 0.0006400
table 0 0 -10 10.79 102.62 110.75 162.32 0.0006271
dresser 0 0 -10 137.38 201.08 328.81 356.12 0.0006201
desk 0 0 -10 16.86 165.87 213.00 313.55 0.0006133
table 0 0 -10 2.58 132.72 14.95 291.58 0.0006020
bed 0 0 -10 5.54 159.81 193.08 312.33 0.0006005
