chair 0 0 -10 23.77 114.85 351.17 522.23 0.9964415
chair 0 0 -10 327.77 50.35 529.96 415.55 0.9883081
chair 0 0 -10 433.69 48.51 598.02 265.87 0.9674781
table 0 0 -10 674.94 202.11 728.59 437.36 0.1485529
table 0 0 -10 650.77 114.05 728.64 463.76 0.0816326
chair 0 0 -10 647.11 52.58 729.14 423.52 0.0495309
sofa 0 0 -10 647.23 184.64 729.16 370.35 0.0489475
chair 0 0 -10 653.51 192.19 728.20 395.65 0.0477468
desk 0 0 -10 661.32 165.02 725.84 415.98 0.0431520
chair 0 0 -10 652.21 239.17 729.16 520.10 0.0294964
sofa 0 0 -10 2.94 345.04 66.84 530.00 0.0219341
table 0 0 -10 617.44 202.15 728.67 422.13 0.0189194
chair 0 0 -10 684.75 209.61 729.29 460.65 0.0172801
chair 0 0 -10 377.82 50.18 508.80 295.07 0.0140276
sofa 0 0 -10 652.18 89.55 728.82 458.13 0.0108630
chair 0 0 -10 349.86 34.66 466.40 321.27 0.0098033
table 0 0 -10 653.79 280.10 726.89 528.33 0.0096416
table 0 0 -10 655.11 223.64 727.90 362.57 0.0084929
table 0 0 -10 65.50 153.83 504.22 522.33 0.0083545
chair 0 0 -10 389.02 49.66 621.80 372.54 0.0083483
bed 0 0 -10 0.00 352.38 69.09 530.00 0.0081371
bed 0 0 -10 645.09 179.85 729.72 373.72 0.0075678
desk 0 0 -10 57.38 146.29 500.58 530.00 0.0069606
table 0 0 -10 423.79 64.17 585.96 252.91 0.0066853
sofa 0 0 -10 682.63 198.70 729.21 343.77 0.0058832
table 0 0 -10 2.49 349.34 73.33 530.00 0.0058351
desk 0 0 -10 305.69 85.75 604.99 360.38 0.0058217
bed 0 0 -10 650.19 11.07 729.34 429.43 0.0055202
chair 0 0 -10 694.92 271.48 729.79 431.90 0.0052479
chair 0 0 -10 3.98 326.34 83.68 528.64 0.0049229
chair 0 0 -10 129.78 62.79 353.79 396.94 0.0044226
desk 0 0 -10 633.37 224.51 729.20 369.41 0.0041624
table 0 0 -10 236.31 74.95 612.24 452.62 0.0038777
sofa 0 0 -10 683.04 54.93 728.97 409.52 0.0037718
chair 0 0 -10 41.78 327.11 300.48 527.79 0.0036261
chair 0 0 -10 595.95 227.03 730.00 385.83 0.0034749
chair 0 0 -10 339.80 161.31 541.98 281.00 0.0033884
dresser 0 0 -10 644.81 183.55 729.87 366.19 0.0033034
chair 0 0 -10 7.92 163.93 62.58 519.00 0.0032717
bed 0 0 -10 672.21 43.17 727.67 303.69 0.0032471
chair 0 0 -10 373.86 89.56 560.33 221.95 0.0031624
desk 0 0 -10 685.80 202.68 728.41 477.50 0.0031287
sofa 0 0 -10 685.42 210.01 728.80 476.39 0.0031244
sofa 0 0 -10 655.20 237.78 727.49 527.12 0.0030693
chair 0 0 -10 686.05 315.01 728.56 491.53 0.0029326
dresser 0 0 -10 650.05 91.53 730.00 460.69 0.0028215
desk 0 0 -10 415.09 52.06 594.70 276.28 0.0027522
table 0 0 -10 676.28 383.47 726.05 436.69 0.0026672
table 0 0 -10 23.11 321.08 366.21 530.00 0.0025814
chair 0 0 -10 165.75 84.22 488.92 486.50 0.0024965
chair 0 0 -10 589.57 87.40 730.00 495.66 0.0024492
sofa 0 0 -10 22.70 96.28 377.16 496.89 0.0024306
table 0 0 -10 681.03 58.34 729.85 408.27 0.0024100
table 0 0 -10 14.68 121.48 359.72 463.26 0.0023716
table 0 0 -10 346.32 63.32 584.11 346.84 0.0020813
chair 0 0 -10 675.51 381.86 728.39 434.89 0.0020060
chair 0 0 -10 671.67 53.91 727.93 312.48 0.0019502
desk 0 0 -10 329.22 135.33 537.74 434.78 0.0019439
chair 0 0 -10 654.30 8.07 728.99 222.71 0.0019324
desk 0 0 -10 683.21 52.75 729.95 405.57 0.0018237
desk 0 0 -10 655.13 230.21 726.86 528.39 0.0018166
chair 0 0 -10 10.44 326.41 171.65 530.00 0.0017987
dresser 0 0 -10 676.04 135.62 727.87 418.77 0.0017902
sofa 0 0 -10 682.48 82.55 728.51 232.89 0.0017591
chair 0 0 -10 680.78 200.18 729.87 338.41 0.0017411
table 0 0 -10 686.61 321.95 726.14 494.01 0.0017295
table 0 0 -10 699.19 220.29 729.37 424.60 0.0017082
chair 0 0 -10 453.87 120.77 584.66 190.69 0.0017033
chair 0 0 -10 341.18 41.02 416.31 305.93 0.0016978
table 0 0 -10 692.53 238.37 728.64 334.60 0.0016278
bed 0 0 -10 681.72 199.24 729.95 348.14 0.0014233
desk 0 0 -10 618.25 124.37 730.00 490.83 0.0014180
chair 0 0 -10 411.33 143.21 718.93 509.92 0.0014006
chair 0 0 -10 22.42 58.72 233.48 402.88 0.0013172
bed 0 0 -10 675.71 123.09 727.88 421.84 0.0013021
bed 0 0 -10 681.04 80.01 729.16 233.80 0.0012542
chair 0 0 -10 203.98 129.43 656.10 524.24 0.0012536
sofa 0 0 -10 605.61 168.32 730.00 427.61 0.0011718
chair 0 0 -10 49.70 119.80 137.40 529.87 0.0011445
bookshelf 0 0 -10 653.22 0.00 727.70 410.35 0.0011214
chair 0 0 -10 31.15 197.81 236.30 527.15 0.0011145
bookshelf 0 0 -10 674.86 36.70 727.36 293.91 0.0011130
night_stand 0 0 -10 675.56 206.86 730.00 434.81 0.0010614
table 0 0 -10 655.70 7.80 728.96 225.77 0.0010359
table 0 0 -10 326.57 149.52 545.45 435.58 0.0009947
chair 0 0 -10 585.90 283.86 727.07 497.19 0.0009816
chair 0 0 -10 483.76 69.31 671.08 332.03 0.0009719
dresser 0 0 -10 673.04 42.53 727.64 289.88 0.0009715
bathtub 0 0 -10 635.94 177.23 730.00 418.76 0.0009597
sofa 0 0 -10 448.04 50.31 595.04 265.67 0.0009453
chair 0 0 -10 347.99 31.12 627.77 231.41 0.0008786
sofa 0 0 -10 6.64 188.67 57.17 501.39 0.0008733
desk 0 0 -10 186.95 44.49 665.02 421.69 0.0008578
table 0 0 -10 10.37 339.97 146.80 530.00 0.0008456
table 0 0 -10 334.04 136.58 708.64 502.07 0.0008251
bookshelf 0 0 -10 647.68 167.74 728.91 364.96 0.0008205
toilet 0 0 -10 648.66 192.89 728.62 477.30 0.0008173
table 0 0 -10 714.42 222.53 729.83 396.65 0.0008060
chair 0 0 -10 333.50 71.98 496.34 194.06 0.0007791
table 0 0 -10 729.70 232.86 730.00 401.15 0.0007420
