chair 0 0 -10 1.41 190.36 227.74 478.01 0.9894398
chair 0 0 -10 259.41 213.83 485.50 517.86 0.9887560
table 0 0 -10 51.13 181.18 541.38 417.96 0.8351033
sofa 0 0 -10 3.76 149.90 124.86 292.86 0.4912234
desk 0 0 -10 42.29 155.81 542.70 488.46 0.3102762
chair 0 0 -10 1.88 141.11 140.31 346.32 0.1248572
sofa 0 0 -10 8.07 150.11 110.76 232.73 0.1197328
sofa 0 0 -10 0.00 149.90 207.63 368.22 0.0494351
chair 0 0 -10 293.76 180.04 519.57 416.89 0.0416757
table 0 0 -10 30.65 206.94 418.99 516.26 0.0404824
chair 0 0 -10 50.40 211.08 358.38 524.90 0.0250848
desk 0 0 -10 215.54 119.67 629.47 257.94 0.0223064
table 0 0 -10 81.13 158.03 544.48 279.60 0.0201057
sofa 0 0 -10 1.31 147.69 54.19 224.80 0.0188024
sofa 0 0 -10 4.07 143.94 59.71 390.06 0.0172624
desk 0 0 -10 66.68 165.01 539.77 339.04 0.0169602
chair 0 0 -10 4.62 158.58 121.97 485.45 0.0153532
desk 0 0 -10 488.23 117.89 617.72 269.94 0.0144048
chair 0 0 -10 160.96 241.24 424.32 529.13 0.0140847
table 0 0 -10 38.42 141.65 238.98 318.17 0.0124657
table 0 0 -10 485.71 123.18 617.88 271.23 0.0123731
sofa 0 0 -10 26.05 147.55 185.83 276.05 0.0116628
desk 0 0 -10 385.44 83.77 616.12 274.42 0.0114425
table 0 0 -10 64.58 149.94 384.40 372.57 0.0110272
table 0 0 -10 1.37 177.77 103.74 376.41 0.0106317
chair 0 0 -10 263.69 235.03 472.19 396.90 0.0105788
table 0 0 -10 203.43 124.07 624.00 257.13 0.0102709
table 0 0 -10 122.24 182.18 530.65 250.77 0.0100708
chair 0 0 -10 574.57 3.49 625.36 236.83 0.0098817
chair 0 0 -10 27.43 145.51 185.82 299.74 0.0095329
desk 0 0 -10 128.33 181.52 523.76 249.12 0.0088605
desk 0 0 -10 12.91 259.32 245.83 508.52 0.0087988
table 0 0 -10 296.48 168.91 546.00 395.28 0.0077651
table 0 0 -10 167.18 308.31 374.58 527.49 0.0067919
chair 0 0 -10 13.48 192.72 193.79 371.08 0.0067869
table 0 0 -10 1.38 263.53 131.60 524.93 0.0067006
chair 0 0 -10 437.93 19.46 632.75 238.71 0.0064141
desk 0 0 -10 89.78 145.43 380.59 405.77 0.0063238
chair 0 0 -10 102.74 389.59 372.43 530.00 0.0061293
table 0 0 -10 223.13 190.31 519.92 505.06 0.0060228
table 0 0 -10 10.18 262.77 255.59 507.55 0.0053194
chair 0 0 -10 368.49 205.95 483.85 435.68 0.0050374
desk 0 0 -10 257.81 165.05 541.13 409.72 0.0047657
chair 0 0 -10 543.13 22.64 614.88 223.75 0.0046426
chair 0 0 -10 2.70 194.81 68.19 460.08 0.0045296
chair 0 0 -10 382.18 99.46 568.69 312.08 0.0044696
chair 0 0 -10 289.03 95.45 488.87 351.10 0.0043027
chair 0 0 -10 36.90 155.55 325.39 413.85 0.0039927
chair 0 0 -10 378.10 158.80 546.47 386.89 0.0037768
table 0 0 -10 465.17 191.09 532.51 421.76 0.0034568
chair 0 0 -10 70.91 105.48 212.70 329.81 0.0033406
sofa 0 0 -10 3.81 159.68 111.30 464.82 0.0033400
table 0 0 -10 20.21 149.91 142.98 306.43 0.0032620
sofa 0 0 -10 3.48 159.47 428.70 483.12 0.0028430
table 0 0 -10 256.96 296.13 472.15 527.49 0.0028266
table 0 0 -10 380.41 94.06 615.43 274.63 0.0026330
chair 0 0 -10 270.37 208.28 458.99 337.48 0.0023947
chair 0 0 -10 1.80 265.22 93.54 516.65 0.0023734
sofa 0 0 -10 0.96 197.33 228.77 486.45 0.0023422
table 0 0 -10 0.00 338.03 59.09 527.76 0.0023101
table 0 0 -10 160.08 94.26 577.46 364.88 0.0022509
table 0 0 -10 382.28 72.32 504.09 178.64 0.0021633
table 0 0 -10 0.75 195.04 80.34 320.80 0.0021221
table 0 0 -10 1.78 214.17 66.39 445.37 0.0020929
table 0 0 -10 80.64 106.21 212.86 221.26 0.0019689
desk 0 0 -10 6.02 166.14 219.91 360.11 0.0019095
chair 0 0 -10 588.86 0.00 644.22 205.93 0.0018505
sofa 0 0 -10 1.97 146.40 41.00 315.79 0.0016899
chair 0 0 -10 287.96 333.36 508.04 527.49 0.0016587
chair 0 0 -10 580.13 99.34 609.67 262.86 0.0016094
chair 0 0 -10 175.99 81.95 321.48 304.29 0.0015910
desk 0 0 -10 216.61 208.80 509.91 508.95 0.0015807
chair 0 0 -10 178.58 136.43 556.13 463.88 0.0015651
chair 0 0 -10 202.27 293.11 610.72 529.76 0.0015367
desk 0 0 -10 2.04 254.54 129.42 518.26 0.0015350
table 0 0 -10 0.76 366.58 30.43 530.00 0.0014505
desk 0 0 -10 70.57 217.92 362.51 512.27 0.0014424
table 0 0 -10 3.18 327.48 129.65 438.21 0.0013657
desk 0 0 -10 175.49 79.39 580.84 367.87 0.0013575
desk 0 0 -10 74.07 112.40 282.47 341.27 0.0013221
table 0 0 -10 333.39 123.52 569.21 308.97 0.0012846
table 0 0 -10 5.74 163.93 260.97 415.42 0.0012479
chair 0 0 -10 515.36 0.00 635.35 154.94 0.0011258
chair 0 0 -10 343.53 138.76 462.12 358.38 0.0011036
desk 0 0 -10 72.06 143.62 215.24 280.86 0.0010406
chair 0 0 -10 382.43 1.21 628.91 143.25 0.0009968
table 0 0 -10 0.27 237.39 35.73 530.00 0.0009843
desk 0 0 -10 339.26 119.09 570.74 308.54 0.0009784
chair 0 0 -10 590.55 50.48 617.11 211.56 0.0009153
chair 0 0 -10 558.70 67.98 620.35 261.43 0.0008980
chair 0 0 -10 238.83 106.13 409.03 317.15 0.0008510
desk 0 0 -10 390.25 143.18 612.68 228.12 0.0008479
sofa 0 0 -10 152.84 197.18 504.46 523.68 0.0008091
chair 0 0 -10 176.94 152.69 388.15 349.04 0.0007985
table 0 0 -10 0.63 207.35 31.18 397.12 0.0007908
table 0 0 -10 551.09 104.70 619.39 279.27 0.0007897
table 0 0 -10 578.10 120.10 601.88 287.00 0.0007639
table 0 0 -10 157.46 95.08 440.96 259.36 0.0007579
chair 0 0 -10 604.84 7.66 632.84 193.77 0.0007565
table 0 0 -10 465.20 38.05 639.00 254.26 0.0007547
