sofa 0 0 -10 0.09 190.51 314.87 439.77 0.9896781
chair 0 0 -10 511.56 210.13 700.98 437.24 0.9884607
table 0 0 -10 362.99 184.91 676.03 379.22 0.8168398
night_stand 0 0 -10 295.78 213.08 385.76 329.23 0.7463363
desk 0 0 -10 360.54 182.92 676.12 381.28 0.5228886
table 0 0 -10 297.70 213.90 382.93 328.50 0.0876281
chair 0 0 -10 548.96 206.98 705.28 347.68 0.0452901
dresser 0 0 -10 295.73 209.34 383.74 325.66 0.0353101
chair 0 0 -10 475.36 197.21 632.08 364.66 0.0324776
table 0 0 -10 357.17 183.77 667.00 255.57 0.0177471
table 0 0 -10 288.59 200.22 425.48 352.30 0.0149051
bed 0 0 -10 8.99 202.90 325.50 443.63 0.0099309
table 0 0 -10 296.76 213.83 680.86 461.64 0.0083853
table 0 0 -10 11.84 225.11 338.11 466.12 0.0079902
chair 0 0 -10 579.63 251.06 725.14 505.24 0.0057425
chair 0 0 -10 571.76 182.75 688.07 308.53 0.0057165
chair 0 0 -10 496.22 190.22 600.93 295.54 0.0056672
chair 0 0 -10 387.67 155.72 600.37 349.06 0.0055032
sofa 0 0 -10 4.08 211.09 143.76 399.57 0.0052832
chair 0 0 -10 366.26 166.22 446.91 260.63 0.0052206
desk 0 0 -10 294.57 212.90 685.01 462.56 0.0052022
table 0 0 -10 349.61 167.62 565.38 333.88 0.0044331
desk 0 0 -10 294.20 208.55 386.84 329.90 0.0043244
sofa 0 0 -10 0.00 209.42 463.07 527.47 0.0040254
chair 0 0 -10 343.67 159.09 417.63 226.92 0.0036268
desk 0 0 -10 360.14 184.35 664.01 254.76 0.0035751
table 0 0 -10 346.35 193.47 469.11 343.34 0.0032366
sofa 0 0 -10 88.37 173.50 577.98 453.04 0.0029196
chair 0 0 -10 346.37 153.91 438.46 296.15 0.0028196
sofa 0 0 -10 317.84 191.70 703.64 476.49 0.0027780
night_stand 0 0 -10 251.69 237.83 377.54 364.90 0.0025001
table 0 0 -10 251.74 236.95 376.81 362.55 0.0024374
chair 0 0 -10 1.35 195.99 320.56 450.32 0.0024208
table 0 0 -10 194.18 256.31 375.80 409.04 0.0018935
sofa 0 0 -10 4.41 151.63 177.23 456.15 0.0018130
desk 0 0 -10 473.48 191.05 639.04 390.81 0.0016669
chair 0 0 -10 294.77 211.13 385.43 326.04 0.0015978
sofa 0 0 -10 1.23 204.13 72.76 466.68 0.0014501
desk 0 0 -10 364.16 162.59 504.67 231.03 0.0013318
desk 0 0 -10 349.29 165.52 560.99 339.50 0.0013311
sofa 0 0 -10 2.39 202.03 122.89 315.24 0.0013143
table 0 0 -10 508.99 192.18 664.92 350.44 0.0013069
table 0 0 -10 540.96 202.80 702.50 397.27 0.0012902
table 0 0 -10 370.88 163.62 457.44 240.71 0.0012129
table 0 0 -10 367.29 181.46 575.22 238.32 0.0011406
dresser 0 0 -10 401.48 202.26 682.21 435.69 0.0011283
bookshelf 0 0 -10 406.02 197.69 681.61 433.47 0.0010726
chair 0 0 -10 387.34 192.25 675.11 420.90 0.0010543
desk 0 0 -10 460.18 241.02 696.97 472.76 0.0010506
chair 0 0 -10 648.49 321.29 730.00 521.33 0.0010393
chair 0 0 -10 437.74 252.51 721.18 521.64 0.0010233
bed 0 0 -10 294.20 214.28 383.87 330.15 0.0010169
chair 0 0 -10 422.23 142.41 504.48 274.74 0.0010142
sofa 0 0 -10 50.64 189.02 310.10 336.87 0.0009974
table 0 0 -10 598.24 267.38 723.14 507.98 0.0009948
chair 0 0 -10 397.99 220.32 569.38 375.35 0.0009578
night_stand 0 0 -10 399.72 199.72 684.09 435.20 0.0008654
desk 0 0 -10 550.13 211.41 706.36 425.31 0.0008610
night_stand 0 0 -10 289.35 200.66 425.25 357.28 0.0008172
table 0 0 -10 0.00 3.52 406.20 77.62 0.0008088
toilet 0 0 -10 295.25 217.66 385.48 328.78 0.0007729
chair 0 0 -10 504.35 216.08 590.46 274.99 0.0007716
chair 0 0 -10 365.91 136.91 440.16 214.54 0.0007341
desk 0 0 -10 7.30 218.32 337.15 465.86 0.0006572
sofa 0 0 -10 431.59 196.74 692.58 390.84 0.0006511
bed 0 0 -10 394.80 185.18 682.76 434.75 0.0006468
chair 0 0 -10 455.57 145.93 646.31 304.36 0.0006270
table 0 0 -10 145.42 177.76 592.17 451.43 0.0006232
table 0 0 -10 347.92 160.92 459.33 286.44 0.0005970
desk 0 0 -10 533.84 278.49 721.44 506.13 0.0005865
table 0 0 -10 651.80 304.33 727.08 523.63 0.0005808
table 0 0 -10 0.50 311.03 65.37 521.70 0.0005753
chair 0 0 -10 523.61 47.06 720.45 365.05 0.0005744
table 0 0 -10 356.78 139.32 676.11 283.43 0.0005550
table 0 0 -10 450.09 241.62 700.68 472.95 0.0005378
table 0 0 -10 353.76 168.45 509.16 250.69 0.0005261
table 0 0 -10 693.76 304.35 727.83 525.10 0.0005256
bathtub 0 0 -10 346.48 188.17 705.80 488.04 0.0005209
table 0 0 -10 2.95 202.43 109.73 308.11 0.0005144
toilet 0 0 -10 448.29 209.96 701.73 446.70 0.0004835
table 0 0 -10 454.37 265.72 497.64 290.79 0.0004479
chair 0 0 -10 613.99 206.71 719.14 414.49 0.0004256
chair 0 0 -10 535.95 174.38 666.69 278.25 0.0003980
table 0 0 -10 424.42 193.28 629.46 340.20 0.0003950
table 0 0 -10 348.79 162.45 407.18 240.88 0.0003877
chair 0 0 -10 317.38 146.07 404.67 239.50 0.0003866
desk 0 0 -10 381.13 182.28 557.65 230.89 0.0003851
table 0 0 -10 707.19 340.71 728.98 515.03 0.0003803
chair 0 0 -10 692.72 304.94 730.00 518.96 0.0003652
chair 0 0 -10 420.47 174.20 596.00 258.26 0.0003319
chair 0 0 -10 127.28 179.25 232.39 285.51 0.0003169
sofa 0 0 -10 519.03 213.75 705.36 439.45 0.0003159
chair 0 0 -10 491.66 183.01 571.12 270.00 0.0003151
table 0 0 -10 0.54 281.70 115.33 512.75 0.0003135
chair 0 0 -10 606.10 174.74 723.36 318.23 0.0003132
chair 0 0 -10 310.91 190.28 550.20 339.61 0.0003115
sofa 0 0 -10 297.89 209.64 384.86 331.08 0.0003061
table 0 0 -10 305.37 242.16 390.57 306.39 0.0003031
chair 0 0 -10 407.51 21.59 471.68 185.40 0.0002977
table 0 0 -10 486.43 189.46 603.00 294.37 0.0002973
