desk 0 0 -10 34.14 70.62 485.81 504.49 0.1277409
dresser 0 0 -10 53.07 75.57 463.37 498.75 0.1072227
dresser 0 0 -10 258.52 89.19 436.23 467.20 0.0712309
dresser 0 0 -10 150.37 99.03 291.51 511.64 0.0357100
chair 0 0 -10 562.69 207.26 635.66 268.80 0.0336971
bookshelf 0 0 -10 82.13 78.54 475.78 503.82 0.0150911
desk 0 0 -10 258.08 86.95 463.98 474.43 0.0102166
table 0 0 -10 87.67 100.92 493.52 503.78 0.0072830
desk 0 0 -10 51.07 242.16 647.18 514.04 0.0037891
dresser 0 0 -10 355.58 87.62 450.99 428.34 0.0031603
bed 0 0 -10 64.34 45.92 496.57 513.48 0.0031340
chair 0 0 -10 512.99 204.41 636.37 278.68 0.0030021
dresser 0 0 -10 292.57 99.21 384.69 462.09 0.0026274
desk 0 0 -10 112.95 72.73 334.14 515.84 0.0025521
chair 0 0 -10 584.05 213.18 626.19 255.75 0.0022042
chair 0 0 -10 580.87 192.77 658.02 286.24 0.0021438
desk 0 0 -10 149.23 321.90 472.26 517.82 0.0021266
table 0 0 -10 581.30 201.95 632.68 269.57 0.0020450
dresser 0 0 -10 150.39 309.74 346.96 512.69 0.0019716
table 0 0 -10 119.59 358.21 451.68 523.08 0.0018924
night_stand 0 0 -10 88.73 80.46 492.06 490.21 0.0016763
bathtub 0 0 -10 56.29 96.60 500.00 498.14 0.0013438
chair 0 0 -10 531.72 204.85 651.72 334.79 0.0013112
chair 0 0 -10 69.37 82.86 461.95 497.92 0.0012384
table 0 0 -10 68.86 249.28 626.61 518.77 0.0012199
toilet 0 0 -10 55.24 80.63 482.46 516.93 0.0011916
bookshelf 0 0 -10 271.68 51.43 458.22 480.39 0.0011057
table 0 0 -10 579.32 95.20 665.43 273.05 0.0009968
table 0 0 -10 505.87 206.91 613.12 291.78 0.0009120
chair 0 0 -10 225.71 50.95 529.59 508.42 0.0008867
dresser 0 0 -10 115.35 22.28 690.35 392.68 0.0008736
chair 0 0 -10 336.86 67.59 482.98 427.19 0.0007772
dresser 0 0 -10 647.10 12.69 730.00 263.35 0.0007257
table 0 0 -10 657.03 14.53 729.13 297.95 0.0007018
chair 0 0 -10 162.50 343.73 446.58 523.39 0.0007004
bed 0 0 -10 46.22 234.49 639.92 518.85 0.0007003
chair 0 0 -10 547.52 2.51 623.47 53.04 0.0006988
table 0 0 -10 572.94 169.47 643.46 269.22 0.0006825
table 0 0 -10 230.10 15.75 405.27 68.34 0.0006809
chair 0 0 -10 10.57 373.57 266.24 528.40 0.0006646
desk 0 0 -10 169.92 44.73 664.54 514.05 0.0006560
chair 0 0 -10 502.25 0.52 562.67 61.88 0.0005911
sofa 0 0 -10 523.91 204.64 632.54 283.34 0.0005748
table 0 0 -10 263.91 103.91 459.31 475.99 0.0005706
sofa 0 0 -10 89.06 91.01 616.90 509.47 0.0005389
chair 0 0 -10 432.49 2.20 570.68 68.53 0.0005175
table 0 0 -10 597.45 163.49 675.56 284.84 0.0004818
desk 0 0 -10 342.24 74.78 455.53 434.46 0.0004811
chair 0 0 -10 546.29 0.00 687.98 69.14 0.0004767
chair 0 0 -10 348.10 0.00 557.93 156.51 0.0004611
table 0 0 -10 1.17 353.39 163.54 522.04 0.0004546
bed 0 0 -10 183.95 21.09 655.78 530.00 0.0004444
chair 0 0 -10 191.65 0.00 523.56 62.80 0.0004400
desk 0 0 -10 71.67 287.39 357.77 520.57 0.0004326
dresser 0 0 -10 54.04 239.36 623.49 516.11 0.0003795
chair 0 0 -10 39.55 267.42 600.45 523.29 0.0003725
desk 0 0 -10 669.09 3.98 724.51 282.54 0.0003715
dresser 0 0 -10 209.68 26.47 517.47 360.12 0.0003661
chair 0 0 -10 497.55 0.00 639.61 66.16 0.0003621
chair 0 0 -10 10.01 91.80 243.67 513.43 0.0003039
bookshelf 0 0 -10 660.52 3.83 727.85 300.20 0.0003026
sofa 0 0 -10 556.75 210.29 627.21 267.48 0.0003022
chair 0 0 -10 366.94 79.73 560.46 418.32 0.0002908
chair 0 0 -10 547.73 162.64 652.94 269.62 0.0002845
bed 0 0 -10 141.34 389.23 549.79 528.45 0.0002829
table 0 0 -10 638.94 170.20 672.14 283.33 0.0002738
table 0 0 -10 608.24 88.17 713.54 281.22 0.0002727
dresser 0 0 -10 585.65 90.38 663.22 264.66 0.0002727
table 0 0 -10 547.79 206.23 643.46 274.38 0.0002709
bookshelf 0 0 -10 125.12 10.23 685.81 409.61 0.0002586
dresser 0 0 -10 73.48 62.32 216.80 500.34 0.0002550
table 0 0 -10 635.36 143.13 695.07 309.58 0.0002392
table 0 0 -10 0.00 169.45 119.32 507.41 0.0002382
sofa 0 0 -10 144.33 388.13 543.73 529.95 0.0002291
chair 0 0 -10 273.58 8.02 654.05 295.33 0.0002230
table 0 0 -10 80.99 290.87 344.76 519.42 0.0002181
chair 0 0 -10 429.51 0.00 515.03 49.58 0.0002180
table 0 0 -10 136.14 2.14 459.62 86.41 0.0002151
table 0 0 -10 19.10 373.85 298.65 528.67 0.0002126
dresser 0 0 -10 372.95 114.89 424.15 424.49 0.0002118
table 0 0 -10 621.07 50.94 726.87 421.99 0.0002101
desk 0 0 -10 577.33 95.46 671.23 272.57 0.0002090
chair 0 0 -10 271.15 12.11 410.19 71.62 0.0002086
chair 0 0 -10 267.79 101.88 431.01 453.05 0.0002086
chair 0 0 -10 523.23 0.67 594.44 54.34 0.0002076
chair 0 0 -10 417.68 0.00 523.23 87.20 0.0002034
dresser 0 0 -10 289.10 97.99 332.10 464.31 0.0001993
dresser 0 0 -10 225.14 93.63 283.64 511.79 0.0001986
table 0 0 -10 279.25 26.61 401.37 62.53 0.0001951
bathtub 0 0 -10 68.87 80.20 218.94 489.95 0.0001916
desk 0 0 -10 171.45 231.54 309.54 520.58 0.0001837
table 0 0 -10 682.38 248.30 729.90 504.69 0.0001824
desk 0 0 -10 171.50 178.10 502.84 497.56 0.0001814
table 0 0 -10 161.76 411.38 352.53 526.01 0.0001764
night_stand 0 0 -10 278.05 92.16 461.48 463.43 0.0001736
dresser 0 0 -10 433.54 17.25 690.13 286.74 0.0001726
chair 0 0 -10 130.39 245.14 302.89 509.46 0.0001692
table 0 0 -10 648.86 141.56 678.28 285.07 0.0001648
dresser 0 0 -10 311.44 128.59 527.70 450.27 0.0001636
table 0 0 -10 120.59 94.82 327.46 527.57 0.0001609
