chair 0 0 -10 5.79 145.90 208.08 407.80 0.9902958
table 0 0 -10 164.65 152.08 540.90 466.92 0.9341948
table 0 0 -10 435.89 130.44 587.31 207.13 0.9300911
desk 0 0 -10 170.75 84.44 251.69 160.12 0.6823513
table 0 0 -10 590.06 119.55 729.55 211.89 0.5873279
desk 0 0 -10 600.87 122.45 725.26 207.41 0.4646123
chair 0 0 -10 129.77 115.22 216.78 233.76 0.4109905
desk 0 0 -10 138.48 103.63 243.98 200.08 0.2305649
chair 0 0 -10 137.36 118.82 202.12 196.61 0.1850337
table 0 0 -10 431.60 117.81 700.17 210.66 0.1583996
table 0 0 -10 375.19 325.63 576.61 527.87 0.1469349
desk 0 0 -10 165.58 148.63 558.52 516.68 0.1386227
desk 0 0 -10 135.80 110.07 192.65 192.26 0.1260135
table 0 0 -10 169.36 83.55 254.50 185.89 0.0962237
table 0 0 -10 136.55 102.87 245.57 198.75 0.0940675
table 0 0 -10 651.64 133.83 729.73 223.61 0.0845631
desk 0 0 -10 649.72 131.30 728.73 218.28 0.0822752
table 0 0 -10 586.35 126.37 681.50 192.23 0.0795084
chair 0 0 -10 151.72 92.47 246.80 222.19 0.0782152
chair 0 0 -10 143.98 87.88 218.15 191.94 0.0693561
table 0 0 -10 366.07 132.56 607.31 239.38 0.0603169
chair 0 0 -10 107.95 121.07 199.44 269.12 0.0573329
desk 0 0 -10 437.51 121.54 571.52 209.15 0.0572768
table 0 0 -10 132.92 114.78 188.72 185.27 0.0552817
table 0 0 -10 296.33 215.69 586.85 515.58 0.0486250
desk 0 0 -10 119.87 92.91 232.48 170.43 0.0482648
desk 0 0 -10 621.05 118.54 702.23 188.52 0.0465017
chair 0 0 -10 672.81 118.18 728.66 213.21 0.0453004
chair 0 0 -10 185.89 95.51 235.77 207.31 0.0450673
table 0 0 -10 438.77 124.31 580.01 167.72 0.0399044
chair 0 0 -10 346.81 278.13 592.75 529.38 0.0375532
chair 0 0 -10 609.25 117.05 668.55 185.00 0.0350144
desk 0 0 -10 360.65 326.83 588.38 530.00 0.0332956
table 0 0 -10 448.34 110.20 546.45 195.39 0.0331382
chair 0 0 -10 28.11 77.20 178.13 261.90 0.0319552
chair 0 0 -10 67.30 131.03 218.94 329.99 0.0268297
chair 0 0 -10 167.22 96.13 226.33 165.64 0.0242074
table 0 0 -10 390.52 105.38 468.70 160.65 0.0242072
table 0 0 -10 618.55 119.71 705.78 187.97 0.0238803
desk 0 0 -10 390.97 104.11 468.09 162.28 0.0234883
chair 0 0 -10 681.93 112.20 729.93 171.84 0.0232403
desk 0 0 -10 185.01 97.60 227.74 158.21 0.0208585
desk 0 0 -10 174.36 73.14 257.22 220.53 0.0202041
desk 0 0 -10 209.11 80.22 255.01 163.44 0.0201542
chair 0 0 -10 633.19 116.82 702.57 189.75 0.0192889
table 0 0 -10 186.86 140.43 527.78 312.03 0.0178813
chair 0 0 -10 436.15 115.13 488.44 176.95 0.0167772
table 0 0 -10 403.51 151.45 549.07 246.20 0.0167659
chair 0 0 -10 447.57 120.85 500.47 196.68 0.0158642
chair 0 0 -10 129.42 98.24 177.83 191.89 0.0155785
bed 0 0 -10 163.11 139.19 566.59 524.16 0.0150257
chair 0 0 -10 6.81 131.14 142.46 340.43 0.0145941
chair 0 0 -10 343.98 126.19 522.96 302.26 0.0137023
desk 0 0 -10 26.63 43.90 162.53 239.65 0.0135641
table 0 0 -10 536.64 126.79 683.22 215.08 0.0130820
chair 0 0 -10 185.87 100.80 203.38 162.01 0.0120603
table 0 0 -10 429.63 117.44 571.19 267.65 0.0117974
table 0 0 -10 437.44 126.59 518.67 188.02 0.0115930
table 0 0 -10 674.76 126.31 729.60 201.09 0.0111158
chair 0 0 -10 90.23 101.39 273.81 245.35 0.0109210
table 0 0 -10 169.01 149.49 286.76 258.12 0.0105763
chair 0 0 -10 182.91 68.88 249.38 157.40 0.0104000
night_stand 0 0 -10 369.86 319.01 584.16 528.21 0.0101289
chair 0 0 -10 73.33 113.20 184.55 238.68 0.0100864
table 0 0 -10 210.10 127.41 554.47 233.06 0.0094403
table 0 0 -10 139.08 125.93 247.93 266.58 0.0093165
desk 0 0 -10 200.68 88.54 222.37 158.69 0.0092102
table 0 0 -10 472.75 137.19 615.89 227.63 0.0091955
sofa 0 0 -10 165.91 146.45 570.07 522.48 0.0088491
desk 0 0 -10 51.75 66.91 247.39 221.30 0.0085322
desk 0 0 -10 430.46 115.40 699.64 216.56 0.0084118
chair 0 0 -10 324.95 151.80 465.65 249.13 0.0080333
desk 0 0 -10 187.51 98.84 209.64 162.06 0.0077313
chair 0 0 -10 195.08 96.59 217.81 159.69 0.0077311
desk 0 0 -10 587.56 124.59 677.51 193.81 0.0071018
chair 0 0 -10 463.01 109.54 507.92 186.82 0.0070146
chair 0 0 -10 179.81 95.88 195.29 170.27 0.0068722
chair 0 0 -10 135.27 119.02 177.11 172.52 0.0067335
table 0 0 -10 607.57 118.98 722.03 160.04 0.0064788
chair 0 0 -10 369.61 154.80 470.10 295.74 0.0064787
table 0 0 -10 230.68 142.54 447.34 221.69 0.0062007
table 0 0 -10 4.61 121.97 211.08 307.42 0.0060454
chair 0 0 -10 469.55 121.72 525.89 201.21 0.0060095
chair 0 0 -10 3.62 153.85 84.24 419.35 0.0059358
table 0 0 -10 35.81 41.26 144.33 262.39 0.0058192
desk 0 0 -10 117.86 106.09 262.52 265.02 0.0055522
chair 0 0 -10 704.09 133.87 722.09 203.50 0.0051434
desk 0 0 -10 606.97 113.40 726.10 168.57 0.0051145
chair 0 0 -10 409.65 168.29 513.26 297.15 0.0050291
chair 0 0 -10 2.09 98.55 84.75 311.49 0.0048858
chair 0 0 -10 442.35 113.18 551.69 191.07 0.0048627
desk 0 0 -10 183.71 105.00 200.22 163.49 0.0046718
table 0 0 -10 97.86 110.03 258.65 306.03 0.0045914
table 0 0 -10 292.25 151.07 496.99 236.12 0.0045781
chair 0 0 -10 216.39 64.01 254.27 153.11 0.0045370
chair 0 0 -10 396.54 107.97 483.88 179.40 0.0044881
dresser 0 0 -10 360.29 320.43 585.95 530.00 0.0044442
table 0 0 -10 668.56 136.45 729.35 291.09 0.0043348
desk 0 0 -10 439.45 122.00 506.20 194.90 0.0042932
desk 0 0 -10 0.00 71.97 125.36 343.03 0.0042828
