chair 0 0 -10 271.91 160.73 481.27 516.79 0.9944243
chair 0 0 -10 457.72 155.93 670.52 499.88 0.9861206
desk 0 0 -10 329.91 148.47 598.09 333.08 0.9318288
chair 0 0 -10 620.44 216.91 727.97 388.22 0.8848463
table 0 0 -10 2.97 155.55 398.15 469.10 0.5985795
desk 0 0 -10 291.36 140.68 617.37 454.70 0.5099267
desk 0 0 -10 0.00 140.91 557.12 478.31 0.4827628
desk 0 0 -10 439.39 148.65 605.66 286.18 0.2226741
chair 0 0 -10 667.45 158.08 728.88 352.51 0.2190232
table 0 0 -10 340.29 142.16 613.44 293.58 0.1413887
table 0 0 -10 266.16 140.21 649.84 433.93 0.1207289
chair 0 0 -10 439.79 136.56 589.64 323.39 0.0772921
chair 0 0 -10 684.85 160.91 727.50 243.96 0.0514740
chair 0 0 -10 540.94 162.01 719.99 388.25 0.0342678
desk 0 0 -10 481.25 144.49 703.64 380.27 0.0341385
chair 0 0 -10 652.18 63.98 729.93 382.74 0.0320878
desk 0 0 -10 557.89 139.48 718.06 253.78 0.0319077
table 0 0 -10 558.17 143.76 724.22 345.12 0.0262834
chair 0 0 -10 630.92 243.05 715.47 349.04 0.0262384
chair 0 0 -10 303.86 150.33 472.63 346.74 0.0247827
table 0 0 -10 487.67 146.82 682.45 369.63 0.0224701
desk 0 0 -10 9.56 149.18 334.76 414.35 0.0224116
desk 0 0 -10 515.90 142.34 608.09 276.02 0.0218453
desk 0 0 -10 200.97 155.72 496.62 450.62 0.0170658
chair 0 0 -10 41.66 146.32 254.98 389.83 0.0165229
table 0 0 -10 85.63 162.95 620.64 521.44 0.0155817
table 0 0 -10 634.32 233.49 729.32 399.91 0.0148479
table 0 0 -10 667.90 218.61 728.54 355.36 0.0135660
chair 0 0 -10 613.45 164.46 724.90 324.93 0.0130888
chair 0 0 -10 387.55 133.91 547.48 360.88 0.0130034
chair 0 0 -10 361.84 142.06 580.51 482.31 0.0129929
table 0 0 -10 189.14 150.10 497.30 428.65 0.0129639
desk 0 0 -10 656.24 231.21 727.68 418.98 0.0124467
chair 0 0 -10 120.46 102.93 265.31 330.99 0.0113323
chair 0 0 -10 454.57 173.17 635.34 295.90 0.0113214
desk 0 0 -10 494.74 143.07 677.58 277.11 0.0100445
chair 0 0 -10 673.98 214.79 728.34 320.30 0.0097445
table 0 0 -10 483.09 147.17 612.56 300.80 0.0090771
chair 0 0 -10 639.35 160.12 728.93 263.03 0.0089271
desk 0 0 -10 585.04 150.33 722.93 346.83 0.0083601
chair 0 0 -10 482.45 138.05 603.48 276.91 0.0076928
desk 0 0 -10 405.05 143.53 536.04 322.28 0.0075338
chair 0 0 -10 499.19 158.38 641.51 362.79 0.0071101
chair 0 0 -10 2.76 150.24 160.21 405.05 0.0068133
chair 0 0 -10 421.73 115.58 488.45 284.26 0.0062877
table 0 0 -10 0.47 161.76 144.15 413.45 0.0059852
chair 0 0 -10 432.02 128.81 514.16 315.26 0.0058398
chair 0 0 -10 100.81 138.85 439.46 478.55 0.0056822
chair 0 0 -10 673.76 84.41 728.50 263.44 0.0050967
desk 0 0 -10 361.66 137.41 587.83 199.69 0.0048579
desk 0 0 -10 381.24 206.19 701.29 501.04 0.0048271
chair 0 0 -10 693.95 149.10 729.74 314.41 0.0044070
chair 0 0 -10 687.77 207.12 730.00 471.10 0.0040678
table 0 0 -10 10.83 135.09 274.87 375.77 0.0039322
chair 0 0 -10 102.47 167.03 233.37 323.47 0.0038390
table 0 0 -10 455.22 164.44 707.47 480.82 0.0037639
table 0 0 -10 579.66 143.82 721.72 254.77 0.0036910
table 0 0 -10 401.79 140.78 541.16 317.56 0.0036898
chair 0 0 -10 510.55 116.84 663.57 264.87 0.0036634
chair 0 0 -10 556.85 216.85 719.42 517.48 0.0032387
chair 0 0 -10 443.58 124.75 534.00 254.01 0.0030311
table 0 0 -10 5.08 161.91 375.49 300.81 0.0030249
chair 0 0 -10 0.00 160.49 84.06 400.31 0.0028254
table 0 0 -10 319.21 147.61 512.86 330.44 0.0027845
chair 0 0 -10 214.76 150.46 441.17 402.97 0.0027335
chair 0 0 -10 27.96 243.93 337.45 519.64 0.0025495
table 0 0 -10 357.50 137.64 592.73 200.76 0.0024947
desk 0 0 -10 671.88 212.94 728.67 355.40 0.0024505
table 0 0 -10 27.87 125.09 623.77 358.26 0.0024356
chair 0 0 -10 654.85 278.79 724.14 389.62 0.0024095
chair 0 0 -10 699.75 161.51 719.67 240.92 0.0023829
chair 0 0 -10 354.07 131.36 447.73 302.69 0.0022391
table 0 0 -10 0.00 214.21 237.29 442.90 0.0021270
desk 0 0 -10 10.94 163.03 370.55 299.61 0.0021189
table 0 0 -10 547.50 146.08 608.63 280.21 0.0020239
table 0 0 -10 695.43 191.01 727.83 367.11 0.0019631
chair 0 0 -10 386.91 125.32 438.97 219.73 0.0019587
table 0 0 -10 599.77 231.21 723.89 510.75 0.0018711
sofa 0 0 -10 380.60 149.84 691.55 466.31 0.0018671
chair 0 0 -10 408.23 110.16 672.94 308.85 0.0018593
table 0 0 -10 102.08 149.11 409.53 366.21 0.0018519
chair 0 0 -10 420.27 86.62 490.30 145.64 0.0018402
chair 0 0 -10 401.19 98.02 561.88 255.82 0.0014940
bookshelf 0 0 -10 389.47 139.42 644.11 436.02 0.0014605
table 0 0 -10 276.07 201.00 503.17 513.10 0.0014466
desk 0 0 -10 306.23 138.00 620.30 238.04 0.0013978
dresser 0 0 -10 384.73 145.37 647.74 443.24 0.0013863
table 0 0 -10 5.78 281.22 270.43 519.90 0.0013860
chair 0 0 -10 86.78 253.35 565.18 526.80 0.0013760
desk 0 0 -10 104.53 143.81 405.54 372.25 0.0013192
table 0 0 -10 688.00 226.18 728.69 475.89 0.0013167
desk 0 0 -10 92.36 157.51 332.89 259.45 0.0012117
chair 0 0 -10 695.43 275.27 729.30 429.44 0.0011843
table 0 0 -10 197.48 141.91 563.56 309.58 0.0011779
desk 0 0 -10 614.57 209.12 727.14 383.73 0.0011733
sofa 0 0 -10 628.83 222.48 730.00 371.14 0.0011660
table 0 0 -10 86.04 158.61 338.00 261.34 0.0011608
chair 0 0 -10 474.25 116.28 527.74 221.18 0.0010846
chair 0 0 -10 11.12 166.38 178.52 308.64 0.0010579
chair 0 0 -10 706.33 138.22 730.00 276.99 0.0010470
