chair 0 0 -10 8.65 263.13 202.20 504.96 0.9893259
desk 0 0 -10 31.66 206.70 532.81 523.37 0.8528908
table 0 0 -10 18.37 219.44 469.45 530.00 0.5567165
desk 0 0 -10 1.47 186.90 75.55 295.36 0.2123525
desk 0 0 -10 523.50 191.28 728.64 517.46 0.0893236
table 0 0 -10 0.00 186.90 48.42 288.19 0.0642222
desk 0 0 -10 0.68 192.58 41.70 286.44 0.0606747
table 0 0 -10 1.84 198.36 117.32 293.57 0.0604564
desk 0 0 -10 357.25 150.77 677.01 530.00 0.0566431
chair 0 0 -10 0.00 145.81 48.66 285.21 0.0557676
chair 0 0 -10 326.90 158.51 574.62 497.13 0.0503759
table 0 0 -10 537.59 237.79 729.61 508.32 0.0461829
chair 0 0 -10 3.00 263.15 122.43 464.40 0.0422159
desk 0 0 -10 255.02 129.68 581.87 502.95 0.0329840
chair 0 0 -10 80.58 246.38 371.55 520.03 0.0279399
chair 0 0 -10 7.44 186.83 127.87 320.16 0.0261234
table 0 0 -10 0.26 186.95 24.77 296.87 0.0190662
desk 0 0 -10 0.39 116.07 596.00 408.30 0.0132086
chair 0 0 -10 0.59 183.74 36.88 271.29 0.0129894
desk 0 0 -10 3.75 194.94 121.50 318.61 0.0128546
table 0 0 -10 123.01 138.13 579.11 522.06 0.0113874
chair 0 0 -10 1.66 213.70 115.78 390.83 0.0104055
desk 0 0 -10 25.22 127.48 560.98 285.91 0.0103808
chair 0 0 -10 12.30 181.99 80.06 293.82 0.0102120
desk 0 0 -10 121.61 293.28 465.83 528.35 0.0097430
desk 0 0 -10 538.45 283.27 730.00 452.38 0.0096648
table 0 0 -10 0.00 208.68 124.36 369.18 0.0091442
table 0 0 -10 1.14 224.96 163.54 448.42 0.0091021
chair 0 0 -10 18.20 217.21 180.58 349.22 0.0078404
desk 0 0 -10 0.94 227.41 159.80 453.54 0.0075261
desk 0 0 -10 2.00 187.56 22.00 290.98 0.0073707
chair 0 0 -10 325.50 269.25 699.66 525.44 0.0073349
chair 0 0 -10 1.26 279.47 68.00 478.82 0.0072969
table 0 0 -10 1.07 209.11 37.39 265.49 0.0068303
chair 0 0 -10 0.56 212.30 49.34 294.75 0.0064901
table 0 0 -10 0.00 181.43 32.29 439.53 0.0060541
table 0 0 -10 385.86 204.49 696.63 528.79 0.0057905
bathtub 0 0 -10 534.15 273.23 729.60 511.83 0.0051294
table 0 0 -10 0.00 196.57 65.92 256.79 0.0042129
sofa 0 0 -10 1.44 238.33 177.37 461.24 0.0040855
chair 0 0 -10 2.16 256.45 66.02 298.76 0.0035432
table 0 0 -10 12.33 124.50 536.56 241.01 0.0035260
chair 0 0 -10 308.57 157.19 461.58 433.26 0.0034192
chair 0 0 -10 532.25 295.84 724.34 523.49 0.0033707
chair 0 0 -10 20.20 153.81 60.26 264.67 0.0032723
chair 0 0 -10 1.33 159.76 23.37 291.16 0.0032461
desk 0 0 -10 148.98 166.49 585.67 364.18 0.0032042
table 0 0 -10 3.96 193.44 10.54 292.20 0.0031793
table 0 0 -10 3.47 193.07 16.33 295.88 0.0031701
chair 0 0 -10 2.32 133.71 66.75 203.07 0.0031532
chair 0 0 -10 190.93 169.59 407.00 383.89 0.0031456
desk 0 0 -10 32.36 180.90 463.23 320.71 0.0031380
desk 0 0 -10 4.06 192.35 13.06 288.36 0.0029733
desk 0 0 -10 0.99 212.80 28.18 263.98 0.0029390
chair 0 0 -10 428.45 159.07 640.59 513.85 0.0025692
desk 0 0 -10 0.00 210.55 103.75 391.81 0.0025034
desk 0 0 -10 412.72 120.53 590.93 460.04 0.0024907
sofa 0 0 -10 36.15 231.47 409.94 519.66 0.0024043
table 0 0 -10 0.02 310.18 205.43 514.80 0.0022826
table 0 0 -10 12.48 216.81 311.57 455.95 0.0022465
chair 0 0 -10 109.91 120.25 499.22 495.84 0.0022323
table 0 0 -10 31.77 184.16 461.25 319.09 0.0022074
sofa 0 0 -10 0.00 192.55 125.26 294.39 0.0022062
sofa 0 0 -10 0.65 133.74 57.90 288.06 0.0021757
table 0 0 -10 4.61 192.49 113.94 248.73 0.0021512
dresser 0 0 -10 381.49 135.38 580.75 520.13 0.0021222
chair 0 0 -10 3.43 259.62 45.04 388.76 0.0020639
bookshelf 0 0 -10 53.68 103.22 580.83 525.56 0.0020563
desk 0 0 -10 0.00 159.03 64.12 256.05 0.0020381
chair 0 0 -10 212.96 258.21 418.01 518.10 0.0020048
desk 0 0 -10 31.36 204.49 312.98 365.72 0.0019996
desk 0 0 -10 3.62 190.60 115.24 249.85 0.0019832
chair 0 0 -10 0.39 139.01 76.91 251.99 0.0019400
desk 0 0 -10 51.41 214.75 444.22 415.95 0.0019373
chair 0 0 -10 1.34 210.05 28.63 261.79 0.0018787
dresser 0 0 -10 34.41 145.33 593.80 527.72 0.0018419
desk 0 0 -10 502.36 30.36 730.00 455.89 0.0018245
desk 0 0 -10 0.00 144.57 62.13 348.19 0.0017920
table 0 0 -10 0.00 149.13 62.58 350.17 0.0017347
table 0 0 -10 24.87 211.98 169.16 341.40 0.0017220
desk 0 0 -10 0.64 302.28 199.67 514.70 0.0016995
chair 0 0 -10 49.35 159.70 214.09 357.50 0.0016657
chair 0 0 -10 0.46 180.21 33.28 449.08 0.0016417
table 0 0 -10 4.25 151.15 20.01 339.49 0.0016287
desk 0 0 -10 0.00 177.10 31.81 442.18 0.0016232
dresser 0 0 -10 481.40 171.57 718.87 526.33 0.0015525
chair 0 0 -10 5.26 169.83 11.18 285.26 0.0015499
desk 0 0 -10 22.26 206.88 257.44 475.88 0.0015271
table 0 0 -10 213.24 195.40 591.40 415.25 0.0015263
table 0 0 -10 2.15 131.50 66.02 198.33 0.0014935
table 0 0 -10 9.46 180.91 72.01 282.15 0.0014919
chair 0 0 -10 2.40 121.84 29.25 264.22 0.0014435
chair 0 0 -10 283.61 414.26 596.28 530.00 0.0014189
table 0 0 -10 3.02 102.53 594.07 332.78 0.0013860
table 0 0 -10 0.00 317.16 34.02 519.11 0.0013466
desk 0 0 -10 288.49 162.54 484.63 458.58 0.0012728
dresser 0 0 -10 0.70 176.63 57.64 288.17 0.0012546
table 0 0 -10 1.11 217.09 21.65 264.41 0.0012237
bed 0 0 -10 45.24 209.17 406.28 526.38 0.0012231
desk 0 0 -10 38.29 217.68 178.52 310.16 0.0012090
