chair 0 0 -10 40.43 209.30 294.66 507.77 0.9796967
table 0 0 -10 305.54 147.83 713.61 326.67 0.6853816
desk 0 0 -10 291.18 146.34 728.70 345.91 0.4013161
table 0 0 -10 264.71 145.28 720.96 476.68 0.2159635
desk 0 0 -10 251.18 130.58 730.00 515.85 0.2061446
table 0 0 -10 296.75 149.64 730.00 241.34 0.1790983
desk 0 0 -10 300.02 150.21 730.00 240.59 0.1470881
bed 0 0 -10 557.07 357.14 723.66 530.00 0.1097250
dresser 0 0 -10 225.27 178.76 310.65 259.32 0.0404937
bed 0 0 -10 665.08 250.36 730.00 526.60 0.0376583
chair 0 0 -10 555.65 335.87 730.00 530.00 0.0326766
table 0 0 -10 543.61 345.08 728.63 530.00 0.0249928
chair 0 0 -10 504.14 219.95 634.98 358.97 0.0244660
chair 0 0 -10 656.16 170.26 730.00 519.96 0.0244626
sofa 0 0 -10 554.67 337.06 730.00 530.00 0.0227485
desk 0 0 -10 479.43 348.14 696.33 529.99 0.0164823
bed 0 0 -10 470.74 304.99 726.61 527.32 0.0134268
table 0 0 -10 261.09 311.02 683.42 520.75 0.0131524
dresser 0 0 -10 185.43 109.54 234.09 238.40 0.0126016
night_stand 0 0 -10 226.17 175.24 310.37 259.56 0.0119820
table 0 0 -10 310.15 1.91 457.07 120.16 0.0109702
sofa 0 0 -10 670.71 231.55 726.72 523.73 0.0109325
desk 0 0 -10 559.19 376.83 723.84 528.70 0.0098122
table 0 0 -10 561.42 397.43 682.17 526.42 0.0094711
table 0 0 -10 488.24 320.97 667.60 529.17 0.0089915
dresser 0 0 -10 666.56 265.65 729.84 528.15 0.0086728
chair 0 0 -10 420.14 124.53 491.42 213.70 0.0084861
desk 0 0 -10 113.82 277.66 717.77 529.81 0.0084780
night_stand 0 0 -10 561.40 385.20 725.02 526.45 0.0082814
chair 0 0 -10 68.36 211.51 274.89 389.10 0.0082506
chair 0 0 -10 498.31 217.34 726.40 504.62 0.0081075
chair 0 0 -10 655.35 74.27 730.00 389.76 0.0079731
dresser 0 0 -10 552.18 329.12 730.00 526.65 0.0074734
table 0 0 -10 225.16 163.61 331.38 277.76 0.0073220
chair 0 0 -10 425.51 130.27 522.29 252.87 0.0064724
chair 0 0 -10 393.03 144.52 646.88 334.86 0.0063321
desk 0 0 -10 306.89 132.86 551.19 313.18 0.0062365
bookshelf 0 0 -10 286.60 133.36 730.00 518.42 0.0062303
bed 0 0 -10 604.01 231.74 725.93 530.00 0.0061898
table 0 0 -10 668.71 284.33 729.94 530.00 0.0059713
desk 0 0 -10 307.53 0.00 465.53 113.88 0.0052385
table 0 0 -10 60.73 178.45 492.78 509.83 0.0050728
chair 0 0 -10 682.80 129.51 728.91 419.01 0.0047959
chair 0 0 -10 223.63 158.01 346.88 245.53 0.0044566
chair 0 0 -10 400.89 103.82 480.63 244.46 0.0040396
chair 0 0 -10 618.95 113.87 730.00 285.36 0.0038666
desk 0 0 -10 223.79 175.58 311.81 262.55 0.0038257
chair 0 0 -10 217.19 100.26 362.03 274.26 0.0038167
dresser 0 0 -10 496.96 282.95 659.63 521.39 0.0038117
night_stand 0 0 -10 174.96 100.59 241.31 240.40 0.0037104
bed 0 0 -10 271.74 123.79 729.63 526.58 0.0036218
chair 0 0 -10 358.30 135.29 575.99 294.97 0.0035984
desk 0 0 -10 669.32 278.45 730.00 524.79 0.0035841
chair 0 0 -10 163.88 93.34 235.59 244.19 0.0035445
table 0 0 -10 316.45 3.15 649.67 121.00 0.0034931
chair 0 0 -10 434.19 111.69 474.70 249.40 0.0034585
chair 0 0 -10 339.75 83.86 430.54 230.58 0.0033717
dresser 0 0 -10 283.47 151.34 730.00 524.44 0.0033496
chair 0 0 -10 668.71 57.25 729.12 262.45 0.0033477
chair 0 0 -10 369.73 185.87 461.77 268.84 0.0032662
table 0 0 -10 513.58 222.77 728.92 519.71 0.0032351
chair 0 0 -10 228.69 97.63 314.07 176.70 0.0030584
table 0 0 -10 66.95 218.15 305.40 453.97 0.0030482
desk 0 0 -10 392.26 153.02 686.34 437.29 0.0029168
chair 0 0 -10 343.37 123.68 468.09 257.72 0.0028065
chair 0 0 -10 513.29 163.09 714.29 369.88 0.0027876
desk 0 0 -10 54.68 170.34 493.67 518.66 0.0027848
table 0 0 -10 225.62 105.66 318.34 175.98 0.0027704
dresser 0 0 -10 690.85 179.63 729.10 446.65 0.0027557
dresser 0 0 -10 223.09 149.96 325.63 287.11 0.0027355
sofa 0 0 -10 285.37 163.75 730.00 518.76 0.0026632
desk 0 0 -10 309.81 0.00 663.08 123.36 0.0024720
sofa 0 0 -10 625.43 283.73 729.90 497.06 0.0024593
table 0 0 -10 395.09 204.91 690.06 513.44 0.0023911
chair 0 0 -10 524.68 134.35 628.75 250.34 0.0023452
chair 0 0 -10 130.34 166.64 330.54 373.70 0.0023191
chair 0 0 -10 609.06 169.09 730.00 428.19 0.0023048
sofa 0 0 -10 42.46 205.55 303.31 501.66 0.0022896
table 0 0 -10 325.21 274.12 500.66 345.50 0.0022823
table 0 0 -10 681.44 135.38 727.74 416.99 0.0022727
dresser 0 0 -10 559.58 390.62 681.28 523.16 0.0022649
chair 0 0 -10 316.21 209.15 416.22 340.44 0.0022574
chair 0 0 -10 457.67 0.00 621.75 109.63 0.0022425
chair 0 0 -10 396.85 0.00 560.62 111.44 0.0022027
chair 0 0 -10 688.10 183.32 728.23 341.59 0.0021914
bookshelf 0 0 -10 538.65 314.76 728.61 522.08 0.0020648
desk 0 0 -10 344.72 324.11 723.71 526.29 0.0020422
chair 0 0 -10 322.65 142.84 434.50 301.76 0.0020380
chair 0 0 -10 347.08 88.20 431.52 165.76 0.0020130
bookshelf 0 0 -10 325.96 134.73 721.06 319.74 0.0020074
chair 0 0 -10 491.67 233.35 644.21 462.81 0.0019375
desk 0 0 -10 682.97 131.09 727.66 415.44 0.0018416
table 0 0 -10 34.19 281.57 326.29 525.08 0.0018353
bed 0 0 -10 689.14 167.81 729.52 466.84 0.0017814
night_stand 0 0 -10 159.80 139.07 231.83 221.97 0.0017581
bed 0 0 -10 678.89 362.00 729.86 529.51 0.0017149
chair 0 0 -10 417.04 1.04 490.65 86.59 0.0017127
table 0 0 -10 497.39 213.33 650.82 350.57 0.0017053
sofa 0 0 -10 404.99 268.93 719.09 528.09 0.0016530
table 0 0 -10 683.12 294.49 728.37 409.92 0.0016410
