table 0 0 -10 284.35 170.44 465.14 401.91 0.5081432
chair 0 0 -10 576.90 96.55 621.75 151.91 0.1501335
desk 0 0 -10 288.80 173.86 464.84 404.77 0.1036796
chair 0 0 -10 547.95 94.48 588.70 155.40 0.0959420
table 0 0 -10 603.77 95.78 726.01 195.56 0.0304530
night_stand 0 0 -10 282.01 165.49 468.60 403.47 0.0251333
desk 0 0 -10 612.29 94.06 727.28 196.11 0.0196857
chair 0 0 -10 551.09 84.62 620.07 156.79 0.0151956
table 0 0 -10 157.52 257.88 314.78 503.08 0.0102885
chair 0 0 -10 607.18 87.81 707.77 182.34 0.0101418
chair 0 0 -10 532.89 81.58 587.85 169.52 0.0093792
dresser 0 0 -10 282.03 174.43 458.97 403.56 0.0091813
dresser 0 0 -10 646.43 76.04 729.14 178.26 0.0059232
chair 0 0 -10 548.63 78.41 591.83 129.34 0.0057404
table 0 0 -10 624.22 73.00 728.19 409.28 0.0056705
chair 0 0 -10 654.34 95.72 726.70 204.60 0.0054482
chair 0 0 -10 595.36 95.40 647.06 153.90 0.0050504
chair 0 0 -10 553.79 82.56 570.62 149.49 0.0049093
table 0 0 -10 180.58 240.53 683.94 530.00 0.0048239
chair 0 0 -10 567.66 87.98 660.35 164.50 0.0046803
chair 0 0 -10 532.71 74.78 577.55 132.29 0.0043687
chair 0 0 -10 548.02 95.87 564.22 157.71 0.0043350
table 0 0 -10 239.76 164.79 517.14 491.44 0.0032471
chair 0 0 -10 604.35 98.04 623.01 157.12 0.0030518
chair 0 0 -10 540.42 46.24 595.73 159.57 0.0028483
chair 0 0 -10 510.64 95.87 589.06 140.90 0.0028075
table 0 0 -10 647.05 107.44 728.50 301.42 0.0028052
chair 0 0 -10 605.87 94.03 670.51 169.06 0.0025711
table 0 0 -10 92.43 217.08 403.10 522.14 0.0024693
table 0 0 -10 284.46 174.04 462.21 270.96 0.0018153
chair 0 0 -10 649.66 118.99 730.00 300.39 0.0017175
chair 0 0 -10 637.82 68.44 727.54 166.58 0.0016569
desk 0 0 -10 626.61 93.83 728.30 299.19 0.0014327
chair 0 0 -10 689.49 100.54 729.06 211.29 0.0013185
desk 0 0 -10 548.25 96.84 607.36 156.82 0.0011836
bed 0 0 -10 130.74 309.57 719.82 530.00 0.0011717
chair 0 0 -10 508.56 99.10 622.34 169.02 0.0011700
chair 0 0 -10 604.04 112.91 727.78 251.35 0.0011039
table 0 0 -10 547.91 98.81 607.47 156.34 0.0010735
chair 0 0 -10 500.51 0.88 574.74 164.02 0.0010414
table 0 0 -10 643.02 86.28 725.49 173.56 0.0010268
table 0 0 -10 673.48 141.21 729.88 387.35 0.0010114
chair 0 0 -10 599.19 72.75 729.05 405.68 0.0010054
table 0 0 -10 313.53 171.81 625.37 417.88 0.0009199
chair 0 0 -10 501.32 0.91 576.28 74.42 0.0009091
chair 0 0 -10 580.60 85.98 637.39 136.26 0.0008711
bookshelf 0 0 -10 414.39 0.67 576.86 174.52 0.0008268
desk 0 0 -10 644.78 75.33 730.00 157.30 0.0007679
chair 0 0 -10 519.51 72.86 580.97 110.79 0.0007457
sofa 0 0 -10 189.21 243.61 719.41 530.00 0.0007096
table 0 0 -10 550.69 92.26 596.73 133.57 0.0007055
chair 0 0 -10 698.78 122.13 730.00 260.53 0.0006922
table 0 0 -10 51.15 303.74 313.56 527.03 0.0006710
desk 0 0 -10 177.95 230.94 718.86 530.00 0.0006425
table 0 0 -10 497.29 95.02 565.88 164.89 0.0006222
table 0 0 -10 223.82 37.91 569.75 387.49 0.0006109
chair 0 0 -10 618.68 99.74 663.55 152.21 0.0005980
table 0 0 -10 59.44 420.35 185.80 529.88 0.0005860
table 0 0 -10 10.31 372.69 209.22 529.96 0.0005821
desk 0 0 -10 548.65 95.83 572.28 152.51 0.0005094
night_stand 0 0 -10 163.92 244.45 319.72 500.32 0.0004967
bookshelf 0 0 -10 619.94 70.94 726.28 181.18 0.0004910
table 0 0 -10 575.80 89.65 723.45 283.99 0.0004878
desk 0 0 -10 542.44 115.17 595.09 160.78 0.0004687
table 0 0 -10 548.05 96.95 572.76 153.15 0.0004665
chair 0 0 -10 686.00 109.44 730.00 380.19 0.0004623
chair 0 0 -10 547.80 74.27 578.36 113.29 0.0004461
table 0 0 -10 541.97 116.83 595.45 160.19 0.0004355
bookshelf 0 0 -10 493.73 2.94 562.92 163.49 0.0004330
table 0 0 -10 709.03 110.44 729.37 342.44 0.0004218
sofa 0 0 -10 675.49 174.06 728.03 429.20 0.0004199
table 0 0 -10 346.39 309.93 711.71 513.62 0.0004173
table 0 0 -10 86.33 431.36 257.75 528.50 0.0004090
chair 0 0 -10 561.44 17.96 628.03 149.23 0.0004035
chair 0 0 -10 503.74 74.35 577.07 180.92 0.0004032
sofa 0 0 -10 599.96 68.17 727.07 415.97 0.0003871
chair 0 0 -10 687.94 120.10 729.50 172.29 0.0003820
table 0 0 -10 699.05 122.52 728.69 259.33 0.0003770
desk 0 0 -10 601.69 62.85 727.90 418.32 0.0003739
desk 0 0 -10 539.07 91.83 582.91 155.86 0.0003679
chair 0 0 -10 634.62 92.46 651.75 146.17 0.0003635
chair 0 0 -10 546.13 95.25 574.47 130.83 0.0003571
desk 0 0 -10 658.90 65.01 725.57 211.85 0.0003546
dresser 0 0 -10 160.12 237.04 316.42 499.66 0.0003544
sofa 0 0 -10 547.36 93.19 605.56 155.99 0.0003509
table 0 0 -10 670.26 99.71 726.57 223.49 0.0003487
desk 0 0 -10 550.86 91.62 597.04 134.60 0.0003468
sofa 0 0 -10 617.53 81.47 729.38 179.99 0.0003449
table 0 0 -10 310.83 202.23 416.83 416.68 0.0003411
desk 0 0 -10 600.76 69.00 716.58 168.29 0.0003346
chair 0 0 -10 200.25 250.06 700.47 530.00 0.0003341
bathtub 0 0 -10 649.43 112.57 730.00 308.55 0.0003309
bookshelf 0 0 -10 287.07 176.26 460.90 416.58 0.0003243
table 0 0 -10 516.50 93.59 594.58 169.42 0.0003231
chair 0 0 -10 481.62 17.24 625.59 172.15 0.0003123
table 0 0 -10 537.60 93.61 586.28 147.28 0.0003079
table 0 0 -10 4.38 450.10 165.53 530.00 0.0003024
chair 0 0 -10 278.44 137.35 458.42 391.92 0.0002983
chair 0 0 -10 530.60 58.96 634.65 131.88 0.0002922
chair 0 0 -10 556.58 0.00 647.06 90.83 0.0002812
