chair 0 0 -10 397.19 148.93 526.33 322.73 0.9859704
chair 0 0 -10 515.42 109.74 657.31 286.03 0.9822940
chair 0 0 -10 113.83 152.72 388.12 530.00 0.9674910
chair 0 0 -10 0.51 172.79 65.12 306.21 0.7601544
table 0 0 -10 21.59 159.28 300.95 417.64 0.7098973
table 0 0 -10 595.79 134.50 730.00 456.83 0.5697256
desk 0 0 -10 601.24 130.16 730.00 423.15 0.5026880
table 0 0 -10 526.07 100.83 652.92 186.79 0.4756649
desk 0 0 -10 27.37 157.39 409.17 434.99 0.3927643
chair 0 0 -10 0.33 154.41 92.62 345.44 0.3212352
table 0 0 -10 652.28 75.12 729.33 155.09 0.2950717
desk 0 0 -10 524.86 102.28 654.38 182.97 0.2617286
desk 0 0 -10 581.15 136.94 712.96 309.44 0.2525646
table 0 0 -10 33.67 155.11 429.09 513.36 0.2376261
table 0 0 -10 583.55 136.51 716.89 306.88 0.2068098
chair 0 0 -10 0.37 164.24 43.00 380.46 0.1495294
chair 0 0 -10 0.00 186.04 74.30 455.00 0.1051739
desk 0 0 -10 658.02 64.59 728.10 159.63 0.1010463
chair 0 0 -10 208.97 131.48 397.30 409.95 0.0958568
table 0 0 -10 561.06 105.83 707.74 217.46 0.0929875
chair 0 0 -10 7.42 157.95 175.14 396.12 0.0869663
chair 0 0 -10 447.00 127.56 594.13 311.82 0.0718486
chair 0 0 -10 538.00 94.94 639.56 192.05 0.0509021
table 0 0 -10 624.69 59.61 730.00 290.68 0.0507764
chair 0 0 -10 665.68 41.90 730.00 196.46 0.0480202
table 0 0 -10 531.55 115.00 700.36 277.17 0.0449720
table 0 0 -10 2.81 158.60 109.54 485.12 0.0430738
table 0 0 -10 5.35 195.51 83.52 297.44 0.0421004
chair 0 0 -10 1.29 199.08 48.80 281.56 0.0396836
desk 0 0 -10 18.82 132.45 599.93 502.78 0.0377941
table 0 0 -10 646.42 34.00 729.81 187.89 0.0318099
desk 0 0 -10 628.13 56.81 730.00 293.93 0.0317744
chair 0 0 -10 78.72 152.97 299.63 433.92 0.0315035
table 0 0 -10 13.78 166.10 159.38 391.82 0.0307449
table 0 0 -10 76.25 155.07 417.94 346.62 0.0292010
table 0 0 -10 0.00 207.26 32.59 514.62 0.0256775
desk 0 0 -10 529.91 74.94 682.05 210.24 0.0214720
chair 0 0 -10 173.00 184.03 386.62 323.17 0.0205620
desk 0 0 -10 520.37 100.07 654.58 264.16 0.0195102
table 0 0 -10 674.37 56.58 730.00 266.41 0.0194906
chair 0 0 -10 676.11 73.02 728.68 153.42 0.0160403
chair 0 0 -10 145.16 133.05 338.40 384.68 0.0154930
table 0 0 -10 657.90 49.77 727.03 126.92 0.0146726
chair 0 0 -10 2.44 142.33 16.63 334.77 0.0143503
desk 0 0 -10 3.58 155.69 106.83 493.01 0.0136506
chair 0 0 -10 531.19 62.42 619.58 173.49 0.0127115
desk 0 0 -10 173.01 154.58 429.67 387.46 0.0117526
table 0 0 -10 2.10 313.84 20.99 507.26 0.0113795
chair 0 0 -10 563.07 130.82 699.16 399.88 0.0112378
chair 0 0 -10 0.49 285.18 27.15 488.89 0.0108092
table 0 0 -10 0.76 176.67 41.79 396.18 0.0107742
desk 0 0 -10 560.95 93.25 713.46 256.37 0.0105780
desk 0 0 -10 510.40 132.31 706.70 361.82 0.0104435
chair 0 0 -10 0.00 242.49 135.89 510.83 0.0104043
table 0 0 -10 9.62 166.71 108.42 316.78 0.0100164
table 0 0 -10 609.46 84.95 729.21 193.58 0.0098412
desk 0 0 -10 26.03 167.70 230.47 426.64 0.0096932
chair 0 0 -10 523.72 133.45 642.24 205.15 0.0091935
table 0 0 -10 673.77 37.49 727.92 105.24 0.0088276
table 0 0 -10 528.26 99.34 640.91 144.25 0.0083132
desk 0 0 -10 1.66 183.95 59.07 323.65 0.0080915
table 0 0 -10 33.07 126.16 564.73 389.11 0.0078350
chair 0 0 -10 302.16 139.16 468.27 382.72 0.0076163
chair 0 0 -10 3.01 146.98 28.26 316.18 0.0070011
night_stand 0 0 -10 666.44 47.72 726.93 159.85 0.0069346
table 0 0 -10 673.38 152.79 730.00 442.64 0.0068830
chair 0 0 -10 3.13 174.46 19.94 483.52 0.0066757
table 0 0 -10 1.83 170.66 58.63 320.43 0.0066336
table 0 0 -10 629.50 103.24 730.00 166.86 0.0063070
chair 0 0 -10 637.83 61.41 727.05 159.04 0.0062141
table 0 0 -10 653.73 114.59 730.00 209.58 0.0060969
table 0 0 -10 3.35 315.55 11.55 499.96 0.0059515
chair 0 0 -10 639.30 68.08 726.14 264.04 0.0059269
desk 0 0 -10 537.63 97.65 638.50 153.53 0.0056924
chair 0 0 -10 196.75 117.31 324.97 291.90 0.0056901
table 0 0 -10 1.83 205.82 62.97 456.95 0.0056180
sofa 0 0 -10 0.23 169.03 42.20 383.14 0.0055319
chair 0 0 -10 373.46 155.21 553.26 398.12 0.0050562
chair 0 0 -10 1.81 185.24 67.60 251.34 0.0049279
table 0 0 -10 240.78 159.44 406.42 359.32 0.0047775
chair 0 0 -10 145.85 0.00 267.36 98.87 0.0046281
chair 0 0 -10 689.29 65.16 729.73 292.09 0.0045840
desk 0 0 -10 675.94 119.81 730.00 386.52 0.0045027
chair 0 0 -10 574.56 92.35 647.06 167.98 0.0044377
desk 0 0 -10 676.73 59.88 729.15 269.41 0.0041807
desk 0 0 -10 2.60 205.41 61.11 455.05 0.0041409
desk 0 0 -10 639.26 45.35 722.04 188.64 0.0040938
table 0 0 -10 388.76 162.87 529.03 312.04 0.0039965
desk 0 0 -10 0.00 175.37 41.20 392.76 0.0038252
table 0 0 -10 512.14 106.02 718.19 391.48 0.0036885
sofa 0 0 -10 0.30 190.14 56.12 285.55 0.0036611
table 0 0 -10 495.58 98.37 650.54 248.14 0.0036319
chair 0 0 -10 6.33 157.64 110.68 268.20 0.0034494
chair 0 0 -10 2.52 220.94 37.80 496.03 0.0034289
chair 0 0 -10 2.95 296.29 12.04 495.06 0.0033158
desk 0 0 -10 390.75 162.17 527.96 312.66 0.0032732
chair 0 0 -10 408.59 134.84 545.86 249.87 0.0031605
chair 0 0 -10 0.91 173.09 12.28 302.74 0.0030542
chair 0 0 -10 284.67 156.52 397.96 368.58 0.0029358
table 0 0 -10 530.01 79.95 680.51 149.04 0.0028382
