chair 0 0 -10 3.85 177.00 290.44 526.56 0.9777439
table 0 0 -10 1.91 100.33 216.93 201.23 0.9292949
table 0 0 -10 121.87 147.80 578.71 455.88 0.8258888
table 0 0 -10 479.34 202.59 727.42 530.00 0.6499090
desk 0 0 -10 140.28 133.16 583.78 487.22 0.5426232
chair 0 0 -10 484.06 182.95 722.36 497.42 0.3965778
desk 0 0 -10 480.24 209.60 727.97 526.55 0.3428746
table 0 0 -10 0.00 78.53 229.72 271.92 0.2867930
desk 0 0 -10 2.27 100.34 213.49 192.43 0.0845333
chair 0 0 -10 0.40 107.37 65.89 196.98 0.0829352
sofa 0 0 -10 0.00 120.23 58.05 325.82 0.0698233
table 0 0 -10 298.37 154.22 646.76 507.97 0.0602920
chair 0 0 -10 608.70 173.77 726.36 451.10 0.0575410
chair 0 0 -10 0.00 113.63 67.90 316.87 0.0510533
table 0 0 -10 15.45 103.17 203.59 155.90 0.0428865
table 0 0 -10 455.16 395.90 721.60 530.00 0.0273690
chair 0 0 -10 100.81 147.15 304.97 396.80 0.0221551
chair 0 0 -10 0.00 117.30 103.67 255.23 0.0217508
chair 0 0 -10 570.32 174.71 699.82 370.22 0.0199188
desk 0 0 -10 182.79 8.19 634.62 275.23 0.0185213
chair 0 0 -10 1.17 144.36 230.78 386.06 0.0184411
table 0 0 -10 64.64 123.47 272.12 332.84 0.0180276
chair 0 0 -10 0.63 125.94 40.03 298.16 0.0149501
sofa 0 0 -10 1.13 140.12 25.45 347.51 0.0145602
table 0 0 -10 4.15 118.48 289.88 437.63 0.0136911
chair 0 0 -10 0.25 135.96 152.50 516.48 0.0135919
table 0 0 -10 137.53 132.42 566.54 291.54 0.0135096
table 0 0 -10 123.81 149.07 211.38 199.53 0.0132876
desk 0 0 -10 602.33 226.89 722.70 487.01 0.0116831
table 0 0 -10 1.26 107.72 103.32 303.87 0.0115878
chair 0 0 -10 1.14 170.95 35.61 260.84 0.0111148
sofa 0 0 -10 0.43 124.90 43.75 248.24 0.0104104
table 0 0 -10 0.56 125.44 59.83 326.20 0.0102286
table 0 0 -10 386.32 208.53 596.56 499.97 0.0095646
table 0 0 -10 152.81 48.15 585.32 347.79 0.0080076
chair 0 0 -10 122.41 158.20 282.60 294.84 0.0072433
sofa 0 0 -10 0.00 150.53 281.99 480.48 0.0071761
table 0 0 -10 127.57 133.46 409.43 369.85 0.0070213
desk 0 0 -10 454.93 390.37 729.86 527.19 0.0066431
desk 0 0 -10 0.00 92.66 217.75 349.00 0.0063130
desk 0 0 -10 16.55 103.44 199.45 155.60 0.0061398
chair 0 0 -10 7.56 134.87 111.67 203.41 0.0057693
table 0 0 -10 29.95 214.03 266.32 526.35 0.0052825
chair 0 0 -10 663.59 147.30 727.48 459.10 0.0052546
table 0 0 -10 1.52 104.96 61.92 189.11 0.0051867
table 0 0 -10 580.51 218.89 728.42 484.54 0.0048430
chair 0 0 -10 9.88 107.88 149.71 198.12 0.0047328
chair 0 0 -10 129.40 167.96 433.39 437.91 0.0043658
sofa 0 0 -10 481.32 184.02 725.16 519.92 0.0043591
desk 0 0 -10 1.02 161.85 264.63 512.62 0.0042678
chair 0 0 -10 234.86 161.37 520.37 461.48 0.0042368
table 0 0 -10 1.24 154.15 34.25 344.82 0.0041812
chair 0 0 -10 0.00 131.87 128.38 331.91 0.0040455
table 0 0 -10 6.82 94.18 119.93 195.03 0.0039735
night_stand 0 0 -10 45.20 0.00 121.06 63.09 0.0038727
sofa 0 0 -10 0.37 176.76 34.43 259.38 0.0037230
chair 0 0 -10 3.28 116.95 205.86 287.24 0.0037138
desk 0 0 -10 137.72 135.16 564.01 289.42 0.0036429
table 0 0 -10 91.66 131.27 227.56 198.67 0.0035290
chair 0 0 -10 56.77 92.07 179.33 178.76 0.0035090
sofa 0 0 -10 0.58 134.58 54.90 199.88 0.0034570
table 0 0 -10 32.37 119.99 201.49 183.62 0.0033006
chair 0 0 -10 0.44 135.57 40.60 199.42 0.0031790
sofa 0 0 -10 122.13 144.45 514.94 408.53 0.0030247
chair 0 0 -10 0.91 141.87 51.88 243.63 0.0028296
table 0 0 -10 522.56 207.46 696.61 345.81 0.0027456
desk 0 0 -10 7.24 92.08 117.41 198.08 0.0024382
desk 0 0 -10 1.69 122.03 58.99 327.26 0.0024036
sofa 0 0 -10 0.43 150.49 27.33 193.88 0.0023430
chair 0 0 -10 48.43 2.51 120.73 46.83 0.0023420
chair 0 0 -10 1.11 82.16 68.77 164.50 0.0022974
table 0 0 -10 133.49 142.48 269.09 209.63 0.0022792
bookshelf 0 0 -10 469.94 217.26 725.37 529.98 0.0022709
table 0 0 -10 112.77 127.37 451.00 225.51 0.0022360
desk 0 0 -10 1.49 103.28 60.72 191.06 0.0021845
chair 0 0 -10 0.64 173.58 66.72 500.34 0.0020277
bed 0 0 -10 466.43 207.05 721.94 530.00 0.0020116
desk 0 0 -10 520.02 253.65 716.73 355.64 0.0019932
table 0 0 -10 145.87 11.09 658.48 202.67 0.0019702
chair 0 0 -10 582.79 156.92 720.97 300.94 0.0019586
table 0 0 -10 0.67 184.86 33.01 260.71 0.0018622
desk 0 0 -10 388.07 170.88 624.00 483.78 0.0017131
chair 0 0 -10 0.03 95.07 28.59 202.00 0.0017034
sofa 0 0 -10 0.48 153.23 38.17 408.30 0.0016847
chair 0 0 -10 134.81 147.91 242.95 201.92 0.0016725
chair 0 0 -10 103.26 90.28 199.61 189.57 0.0016483
desk 0 0 -10 135.18 134.86 397.92 373.02 0.0016474
table 0 0 -10 1.14 190.96 76.41 367.15 0.0016071
chair 0 0 -10 117.37 190.92 562.34 526.95 0.0016044
table 0 0 -10 89.03 124.85 233.23 257.82 0.0015175
chair 0 0 -10 390.06 247.38 694.40 523.69 0.0015174
chair 0 0 -10 687.84 242.64 728.27 508.22 0.0014577
chair 0 0 -10 34.22 63.90 143.73 153.42 0.0013923
chair 0 0 -10 36.73 91.88 105.63 186.43 0.0013701
bed 0 0 -10 0.18 112.50 59.97 323.90 0.0013569
chair 0 0 -10 44.30 1.69 158.23 68.54 0.0013385
sofa 0 0 -10 4.96 145.44 11.37 313.12 0.0013364
chair 0 0 -10 690.31 80.05 726.11 448.71 0.0013153
chair 0 0 -10 51.53 113.97 136.00 187.47 0.0012808
chair 0 0 -10 538.47 115.29 730.00 360.23 0.0012707
