chair 0 0 -10 50.48 223.84 352.66 520.51 0.9902352
chair 0 0 -10 523.98 173.05 683.15 368.79 0.9864371
chair 0 0 -10 2.04 169.23 136.67 341.92 0.9700320
chair 0 0 -10 503.38 143.39 596.27 260.20 0.9335766
chair 0 0 -10 335.91 140.43 440.77 248.69 0.9252651
chair 0 0 -10 605.71 326.37 730.00 529.79 0.9244552
chair 0 0 -10 118.24 147.55 269.50 314.21 0.9239628
chair 0 0 -10 0.00 230.21 174.17 523.35 0.9036406
chair 0 0 -10 431.91 153.60 516.69 250.64 0.8489869
table 0 0 -10 54.55 175.74 525.29 512.20 0.8129264
chair 0 0 -10 252.20 125.83 353.47 247.74 0.7959567
chair 0 0 -10 619.35 248.37 729.75 456.39 0.7937571
chair 0 0 -10 151.49 135.26 270.02 233.54 0.7822746
chair 0 0 -10 257.29 130.07 338.79 196.93 0.6932960
chair 0 0 -10 88.33 170.70 307.22 392.00 0.5617825
chair 0 0 -10 157.65 143.63 249.74 204.97 0.5106660
chair 0 0 -10 172.09 130.46 305.70 266.07 0.4058278
chair 0 0 -10 106.23 152.18 207.48 258.30 0.3408072
chair 0 0 -10 1.05 277.23 109.25 487.82 0.3367319
chair 0 0 -10 597.28 205.48 724.19 394.21 0.3194547
desk 0 0 -10 23.39 184.68 524.27 528.05 0.2993310
chair 0 0 -10 54.30 183.00 240.31 443.52 0.2733198
chair 0 0 -10 244.88 136.88 519.10 246.02 0.2582754
chair 0 0 -10 78.53 158.48 207.94 319.47 0.1769620
chair 0 0 -10 372.87 146.61 580.13 259.00 0.1714075
chair 0 0 -10 347.02 144.35 432.24 201.94 0.1674380
chair 0 0 -10 201.77 132.22 358.55 288.11 0.1470830
chair 0 0 -10 462.77 149.66 553.30 259.03 0.1444540
chair 0 0 -10 222.47 134.91 319.02 237.20 0.1298775
chair 0 0 -10 0.00 173.18 52.71 354.92 0.1291834
chair 0 0 -10 133.24 132.68 420.45 225.30 0.1098271
chair 0 0 -10 1.14 255.77 54.96 514.39 0.0932396
chair 0 0 -10 208.65 138.31 290.02 218.81 0.0866879
chair 0 0 -10 273.99 135.95 423.17 278.08 0.0813289
chair 0 0 -10 362.35 144.76 430.48 180.08 0.0581908
chair 0 0 -10 666.34 258.13 729.69 403.85 0.0575675
chair 0 0 -10 442.75 143.08 509.62 212.93 0.0539899
table 0 0 -10 73.74 167.89 496.63 350.72 0.0485943
chair 0 0 -10 2.18 160.38 89.74 303.62 0.0447423
table 0 0 -10 31.74 191.77 325.34 444.16 0.0416887
table 0 0 -10 212.26 170.77 520.58 277.43 0.0398724
chair 0 0 -10 669.63 286.99 727.84 507.36 0.0377767
chair 0 0 -10 219.55 140.35 270.63 201.38 0.0346441
chair 0 0 -10 6.72 138.04 214.03 380.59 0.0279628
chair 0 0 -10 272.35 133.10 326.84 179.94 0.0246999
chair 0 0 -10 1.15 262.94 41.02 433.93 0.0245196
chair 0 0 -10 248.19 219.17 501.48 516.51 0.0223039
table 0 0 -10 615.62 260.17 727.54 504.91 0.0217506
chair 0 0 -10 534.95 240.19 727.13 501.63 0.0216789
chair 0 0 -10 0.07 146.35 74.91 404.69 0.0204504
table 0 0 -10 232.18 142.33 632.99 235.61 0.0194914
table 0 0 -10 0.45 213.38 199.81 474.58 0.0191920
desk 0 0 -10 66.83 171.82 482.65 397.71 0.0186311
desk 0 0 -10 27.70 207.03 365.20 461.33 0.0184634
chair 0 0 -10 0.80 207.63 34.89 391.25 0.0160339
table 0 0 -10 277.34 167.06 466.41 255.16 0.0153239
table 0 0 -10 690.67 262.99 729.10 476.78 0.0147524
chair 0 0 -10 689.41 251.41 728.73 454.13 0.0140453
chair 0 0 -10 349.13 164.67 514.03 374.15 0.0125898
chair 0 0 -10 334.82 136.86 403.90 222.30 0.0105653
chair 0 0 -10 277.76 134.24 375.53 228.15 0.0104570
chair 0 0 -10 381.20 179.60 652.29 355.09 0.0102486
table 0 0 -10 576.53 344.56 714.54 530.00 0.0095672
desk 0 0 -10 13.46 231.98 147.08 471.04 0.0094788
chair 0 0 -10 635.71 55.79 730.00 415.03 0.0094545
table 0 0 -10 268.25 132.40 622.52 366.53 0.0092398
chair 0 0 -10 163.19 170.00 394.71 440.74 0.0085789
chair 0 0 -10 282.42 152.20 450.93 394.05 0.0083750
table 0 0 -10 0.00 216.57 142.44 381.86 0.0081826
table 0 0 -10 0.00 274.33 104.23 451.28 0.0076611
chair 0 0 -10 502.63 135.78 667.65 289.31 0.0071695
table 0 0 -10 67.14 167.96 273.10 320.38 0.0065951
chair 0 0 -10 667.12 163.28 724.79 360.88 0.0061556
sofa 0 0 -10 695.36 280.93 729.03 510.78 0.0061120
table 0 0 -10 93.48 160.83 397.81 297.86 0.0059094
table 0 0 -10 341.78 156.44 625.19 276.80 0.0058285
chair 0 0 -10 506.53 136.84 579.99 214.50 0.0054976
table 0 0 -10 78.77 165.73 271.82 250.01 0.0054745
desk 0 0 -10 0.75 276.61 101.21 456.09 0.0054709
desk 0 0 -10 617.85 255.81 727.54 509.56 0.0051512
sofa 0 0 -10 607.37 319.72 730.00 523.58 0.0051429
chair 0 0 -10 488.63 150.48 531.02 251.64 0.0047084
table 0 0 -10 231.21 176.24 517.83 410.44 0.0047028
table 0 0 -10 516.50 183.01 682.97 313.05 0.0045505
table 0 0 -10 305.97 140.82 434.13 234.30 0.0045227
desk 0 0 -10 1.06 212.95 133.73 380.23 0.0043527
desk 0 0 -10 519.12 183.65 683.73 316.51 0.0043436
table 0 0 -10 0.79 242.62 47.59 375.95 0.0041675
chair 0 0 -10 470.14 142.80 536.76 214.43 0.0041129
chair 0 0 -10 48.48 116.93 215.50 264.72 0.0039794
table 0 0 -10 644.34 247.84 726.75 383.85 0.0039768
chair 0 0 -10 410.46 128.01 533.53 289.49 0.0039677
table 0 0 -10 425.52 167.83 664.97 343.00 0.0038586
chair 0 0 -10 358.55 187.72 560.61 456.84 0.0036526
table 0 0 -10 20.29 196.48 245.59 359.67 0.0034080
table 0 0 -10 0.72 262.15 48.84 501.29 0.0033947
desk 0 0 -10 223.50 167.67 516.13 282.08 0.0033368
table 0 0 -10 590.35 234.52 720.89 424.55 0.0032984
sofa 0 0 -10 0.00 164.88 120.71 330.88 0.0032879
desk 0 0 -10 294.65 177.15 577.30 356.31 0.0032725
