chair 0 0 -10 254.39 238.93 429.37 448.69 0.9854050
chair 0 0 -10 517.06 258.60 728.43 517.97 0.9765222
chair 0 0 -10 39.74 237.46 202.39 350.63 0.9559454
chair 0 0 -10 456.55 180.27 569.49 331.75 0.9491562
chair 0 0 -10 592.88 184.09 724.83 338.52 0.9335240
chair 0 0 -10 221.19 182.87 326.43 322.56 0.9214674
chair 0 0 -10 31.50 168.19 132.40 272.82 0.8851517
table 0 0 -10 4.88 197.76 351.29 385.46 0.8676403
chair 0 0 -10 133.70 176.74 222.37 273.66 0.8608240
table 0 0 -10 241.67 216.09 730.00 484.58 0.8194816
chair 0 0 -10 39.97 240.03 210.16 448.60 0.8177178
chair 0 0 -10 0.94 162.78 49.84 312.38 0.5711720
chair 0 0 -10 535.87 241.53 728.66 408.78 0.4582685
chair 0 0 -10 8.94 169.96 92.20 301.32 0.4400625
chair 0 0 -10 41.52 192.13 170.64 313.85 0.3226338
desk 0 0 -10 246.06 202.37 729.81 516.94 0.2260540
chair 0 0 -10 74.93 173.25 223.83 290.17 0.2151163
table 0 0 -10 0.00 190.48 341.62 284.57 0.2111074
desk 0 0 -10 7.74 175.92 380.77 469.38 0.1816176
table 0 0 -10 8.95 189.58 205.16 343.14 0.1388833
chair 0 0 -10 611.58 189.38 720.17 238.63 0.1208747
chair 0 0 -10 233.70 200.36 360.31 354.38 0.1147798
chair 0 0 -10 241.94 179.79 324.27 260.42 0.1047331
chair 0 0 -10 470.13 182.23 567.97 227.78 0.1029811
chair 0 0 -10 92.06 181.65 345.80 292.21 0.0949681
chair 0 0 -10 146.30 181.11 260.80 305.50 0.0947051
chair 0 0 -10 475.85 186.20 651.75 346.22 0.0828703
chair 0 0 -10 100.37 195.25 212.35 329.80 0.0770244
chair 0 0 -10 19.74 189.20 127.47 340.59 0.0602620
chair 0 0 -10 116.42 173.38 205.91 245.22 0.0601837
chair 0 0 -10 452.41 178.16 571.51 257.94 0.0579992
desk 0 0 -10 10.50 192.85 298.14 338.31 0.0567416
chair 0 0 -10 244.33 183.95 324.77 218.10 0.0439791
chair 0 0 -10 648.04 185.96 728.06 440.11 0.0439770
chair 0 0 -10 0.00 161.16 57.77 245.96 0.0382558
table 0 0 -10 285.48 205.85 719.31 369.46 0.0371752
chair 0 0 -10 34.58 169.46 128.35 219.80 0.0312189
table 0 0 -10 592.73 218.19 730.00 429.74 0.0293426
chair 0 0 -10 330.52 191.16 372.94 264.43 0.0278298
table 0 0 -10 0.00 196.35 46.55 375.52 0.0241263
table 0 0 -10 504.89 205.20 728.47 514.05 0.0232242
table 0 0 -10 260.89 214.04 476.30 391.85 0.0225505
chair 0 0 -10 147.22 179.56 209.60 213.90 0.0223696
table 0 0 -10 4.35 203.39 568.38 482.12 0.0223602
table 0 0 -10 2.37 194.69 96.82 349.47 0.0213640
chair 0 0 -10 691.03 194.17 729.92 482.92 0.0213079
table 0 0 -10 198.38 210.73 369.42 404.68 0.0195517
chair 0 0 -10 3.80 184.84 75.14 369.27 0.0186739
chair 0 0 -10 0.87 187.44 34.87 347.19 0.0183882
table 0 0 -10 128.08 201.40 531.61 313.00 0.0164625
desk 0 0 -10 1.07 191.32 62.54 355.15 0.0157881
table 0 0 -10 257.42 201.86 674.79 297.12 0.0153395
chair 0 0 -10 292.37 227.42 424.54 378.81 0.0152065
desk 0 0 -10 9.83 192.10 130.00 345.64 0.0144018
chair 0 0 -10 667.57 273.15 730.00 523.28 0.0129422
chair 0 0 -10 70.03 161.25 152.61 241.59 0.0112974
chair 0 0 -10 571.55 179.34 726.52 263.84 0.0108237
table 0 0 -10 329.64 211.07 607.33 450.48 0.0108048
chair 0 0 -10 697.89 343.63 728.91 510.41 0.0105687
table 0 0 -10 87.72 188.29 281.55 271.34 0.0098907
desk 0 0 -10 551.86 212.45 730.00 474.61 0.0098009
table 0 0 -10 0.37 210.73 27.73 351.85 0.0097998
table 0 0 -10 382.62 187.93 574.49 297.06 0.0094815
chair 0 0 -10 197.48 199.01 519.45 314.34 0.0092216
desk 0 0 -10 266.52 223.03 594.43 443.20 0.0091883
chair 0 0 -10 332.92 207.75 414.50 339.92 0.0091873
table 0 0 -10 148.30 190.24 325.73 301.92 0.0090724
chair 0 0 -10 152.40 166.90 307.69 338.08 0.0088083
table 0 0 -10 521.93 210.71 724.54 360.83 0.0087659
chair 0 0 -10 265.96 210.07 518.69 491.45 0.0085637
chair 0 0 -10 15.84 154.58 186.87 286.15 0.0081852
chair 0 0 -10 120.66 162.52 167.26 238.80 0.0079620
table 0 0 -10 148.14 221.18 458.46 440.63 0.0077571
chair 0 0 -10 451.54 195.07 632.57 445.82 0.0076578
chair 0 0 -10 1.91 162.18 44.57 207.80 0.0075499
chair 0 0 -10 0.71 167.27 15.92 318.89 0.0073838
chair 0 0 -10 0.00 223.26 134.37 485.06 0.0070265
table 0 0 -10 90.20 169.76 602.69 254.37 0.0069425
sofa 0 0 -10 0.00 161.53 54.81 256.56 0.0069132
chair 0 0 -10 205.30 184.50 262.71 291.85 0.0065708
table 0 0 -10 2.38 187.52 146.56 296.75 0.0065312
chair 0 0 -10 165.59 223.56 397.99 457.96 0.0059859
chair 0 0 -10 333.95 253.92 603.32 494.46 0.0057575
chair 0 0 -10 320.75 188.43 406.02 288.25 0.0057373
chair 0 0 -10 619.05 189.35 699.98 273.77 0.0055474
table 0 0 -10 296.04 194.71 563.02 343.42 0.0054042
table 0 0 -10 686.55 214.15 729.16 482.13 0.0053819
table 0 0 -10 23.91 180.86 233.79 262.70 0.0052322
table 0 0 -10 246.35 224.68 403.11 360.31 0.0052010
table 0 0 -10 23.91 242.20 267.88 463.50 0.0051416
desk 0 0 -10 16.68 218.56 234.30 456.25 0.0050891
desk 0 0 -10 1.42 192.77 36.57 335.33 0.0044281
desk 0 0 -10 120.60 214.92 390.29 409.59 0.0043571
chair 0 0 -10 222.07 177.79 297.37 278.15 0.0043284
table 0 0 -10 710.91 220.63 727.97 483.83 0.0042890
chair 0 0 -10 270.68 182.50 372.82 289.12 0.0039532
chair 0 0 -10 422.50 132.86 576.96 355.11 0.0039433
chair 0 0 -10 1.65 233.87 40.98 304.09 0.0038471
sofa 0 0 -10 2.97 162.09 116.48 254.77 0.0036377
chair 0 0 -10 329.45 203.41 590.26 383.14 0.0036237
