chair 0 0 -10 293.62 155.51 404.28 295.07 0.9913691
chair 0 0 -10 82.06 249.86 325.20 519.53 0.9851746
table 0 0 -10 415.51 201.66 730.00 452.42 0.9677935
chair 0 0 -10 188.01 152.01 265.68 244.99 0.9333757
table 0 0 -10 1.01 191.66 271.22 394.35 0.9261857
table 0 0 -10 187.28 140.62 560.70 319.91 0.8378986
chair 0 0 -10 83.72 151.10 196.98 274.66 0.5423916
chair 0 0 -10 119.34 151.65 240.11 274.67 0.3325354
desk 0 0 -10 190.85 141.59 483.55 290.68 0.3027111
table 0 0 -10 0.00 180.10 77.27 338.48 0.2178327
table 0 0 -10 9.84 188.87 246.25 276.92 0.2157826
chair 0 0 -10 2.74 161.45 69.14 316.38 0.1883954
chair 0 0 -10 191.24 145.98 271.14 200.08 0.1600462
table 0 0 -10 199.75 159.13 637.90 437.49 0.1541606
chair 0 0 -10 67.80 145.91 150.14 279.18 0.1539262
table 0 0 -10 1.17 167.08 69.97 256.56 0.1413477
table 0 0 -10 351.16 156.72 544.80 385.10 0.1412631
chair 0 0 -10 88.60 102.58 163.47 189.09 0.1348692
desk 0 0 -10 7.87 184.23 265.21 414.06 0.1266782
chair 0 0 -10 61.18 92.92 146.58 209.03 0.1263833
table 0 0 -10 11.72 157.53 171.13 296.15 0.1229934
chair 0 0 -10 102.35 139.00 171.59 191.05 0.1112699
table 0 0 -10 201.75 142.90 445.93 269.25 0.1044647
table 0 0 -10 49.54 164.94 503.38 473.49 0.1040208
table 0 0 -10 1.44 144.83 99.45 242.76 0.1025927
chair 0 0 -10 85.42 127.81 179.46 210.51 0.0998760
table 0 0 -10 16.26 197.30 330.79 505.61 0.0889165
table 0 0 -10 3.84 164.53 123.49 375.20 0.0779122
chair 0 0 -10 74.86 210.24 279.24 400.91 0.0719906
desk 0 0 -10 408.80 195.80 728.32 466.43 0.0646528
chair 0 0 -10 189.95 145.86 376.30 286.06 0.0593607
chair 0 0 -10 107.25 129.63 214.23 236.84 0.0593534
chair 0 0 -10 2.68 136.05 83.20 226.21 0.0568334
chair 0 0 -10 20.42 140.07 276.33 260.69 0.0557589
table 0 0 -10 0.00 148.42 224.31 250.53 0.0503466
chair 0 0 -10 0.20 192.28 76.52 387.79 0.0477804
table 0 0 -10 0.06 200.98 65.00 281.93 0.0444381
table 0 0 -10 0.00 202.72 28.72 437.55 0.0418784
chair 0 0 -10 185.73 149.47 240.28 190.50 0.0416743
chair 0 0 -10 90.07 138.79 245.76 205.72 0.0408432
chair 0 0 -10 205.52 120.15 294.34 208.01 0.0394216
chair 0 0 -10 1.00 272.37 29.13 439.71 0.0390170
chair 0 0 -10 304.45 117.67 408.42 241.86 0.0373135
desk 0 0 -10 182.57 135.29 551.78 405.20 0.0346793
chair 0 0 -10 220.18 134.50 275.62 217.09 0.0325620
chair 0 0 -10 64.65 137.98 152.64 196.91 0.0322922
chair 0 0 -10 185.05 149.59 234.32 227.26 0.0314791
chair 0 0 -10 210.19 122.18 266.72 185.66 0.0294037
chair 0 0 -10 438.30 210.12 701.70 451.43 0.0271292
chair 0 0 -10 114.03 114.50 182.14 185.36 0.0269715
table 0 0 -10 0.04 167.84 21.79 371.45 0.0254163
desk 0 0 -10 0.72 182.91 62.10 362.24 0.0249345
chair 0 0 -10 294.07 163.96 396.26 236.77 0.0239711
table 0 0 -10 0.89 178.32 114.17 270.50 0.0236958
chair 0 0 -10 67.79 157.56 222.50 328.33 0.0222505
chair 0 0 -10 169.24 207.75 322.92 433.34 0.0222127
desk 0 0 -10 289.75 148.77 532.80 314.42 0.0217375
chair 0 0 -10 156.40 131.27 295.72 275.95 0.0202521
table 0 0 -10 430.31 190.56 729.59 332.48 0.0195829
desk 0 0 -10 40.13 158.19 508.27 493.11 0.0193954
chair 0 0 -10 25.51 139.97 130.24 281.26 0.0190567
chair 0 0 -10 247.82 143.41 429.85 314.81 0.0189171
chair 0 0 -10 107.44 130.32 118.17 181.58 0.0173560
chair 0 0 -10 79.70 92.28 146.58 163.38 0.0167013
chair 0 0 -10 141.06 133.55 262.80 191.07 0.0166316
table 0 0 -10 37.88 139.80 153.40 228.10 0.0165390
chair 0 0 -10 399.21 94.66 488.55 187.29 0.0159915
table 0 0 -10 262.09 89.00 709.88 313.52 0.0152957
chair 0 0 -10 41.15 121.68 133.58 230.51 0.0145351
table 0 0 -10 0.74 280.91 16.48 456.77 0.0139848
table 0 0 -10 209.63 141.45 281.32 240.50 0.0138744
table 0 0 -10 167.95 149.92 269.70 247.28 0.0131954
table 0 0 -10 192.09 156.93 293.04 275.21 0.0129487
chair 0 0 -10 341.40 107.30 433.95 229.49 0.0124620
chair 0 0 -10 291.95 100.77 383.72 210.38 0.0113559
desk 0 0 -10 11.14 166.62 250.79 279.46 0.0108375
sofa 0 0 -10 0.90 142.51 68.96 276.03 0.0106049
chair 0 0 -10 0.36 207.90 27.35 373.72 0.0103408
desk 0 0 -10 1.06 153.08 67.39 279.97 0.0103274
table 0 0 -10 365.91 155.02 541.74 203.32 0.0102593
desk 0 0 -10 200.06 148.06 368.88 269.50 0.0098758
table 0 0 -10 576.86 175.49 730.00 363.30 0.0098678
desk 0 0 -10 1.97 143.05 99.45 245.49 0.0096894
chair 0 0 -10 20.23 161.28 186.01 360.71 0.0094095
table 0 0 -10 206.87 138.53 540.17 197.72 0.0092744
table 0 0 -10 70.31 158.40 269.97 300.85 0.0092173
chair 0 0 -10 234.20 147.58 264.53 193.92 0.0090144
desk 0 0 -10 211.74 142.67 277.68 244.19 0.0085489
table 0 0 -10 184.09 131.35 580.71 235.55 0.0082493
table 0 0 -10 166.80 150.26 344.95 288.07 0.0082369
desk 0 0 -10 251.10 143.63 686.08 476.86 0.0079118
table 0 0 -10 179.33 161.95 335.29 393.24 0.0079093
chair 0 0 -10 1.75 125.25 57.37 267.20 0.0078534
chair 0 0 -10 239.43 94.27 337.79 194.01 0.0077961
desk 0 0 -10 181.49 143.06 556.54 229.03 0.0077252
desk 0 0 -10 5.00 165.11 120.56 385.57 0.0075986
chair 0 0 -10 57.41 123.09 136.08 175.24 0.0075416
desk 0 0 -10 194.17 158.61 288.84 280.16 0.0070965
table 0 0 -10 427.36 117.45 727.85 287.78 0.0068020
table 0 0 -10 650.30 195.23 728.46 349.35 0.0067693
