chair 0 0 -10 235.70 197.65 396.52 425.38 0.9938877
chair 0 0 -10 307.57 216.70 519.88 511.93 0.9849941
chair 0 0 -10 91.06 182.77 216.11 378.44 0.9663792
chair 0 0 -10 1.59 151.90 104.72 274.12 0.9475849
bookshelf 0 0 -10 268.45 5.01 503.63 316.66 0.9344541
chair 0 0 -10 1.83 204.79 107.37 441.21 0.8920501
chair 0 0 -10 118.64 146.52 271.26 298.27 0.7303396
sofa 0 0 -10 118.91 139.51 278.79 288.73 0.2823434
chair 0 0 -10 1.51 154.32 93.21 217.04 0.2166617
chair 0 0 -10 26.92 186.62 179.36 401.97 0.1189787
chair 0 0 -10 4.86 101.80 125.65 324.99 0.1137288
chair 0 0 -10 0.00 223.00 63.26 470.17 0.0708549
desk 0 0 -10 257.87 36.47 537.65 304.00 0.0534098
chair 0 0 -10 1.05 175.51 70.08 364.88 0.0494451
chair 0 0 -10 117.23 186.14 309.16 398.99 0.0305870
chair 0 0 -10 1.88 195.86 88.56 286.79 0.0262475
chair 0 0 -10 380.96 198.09 556.45 427.53 0.0240147
table 0 0 -10 93.26 161.13 224.00 313.15 0.0170335
table 0 0 -10 283.16 128.51 487.88 328.42 0.0130224
bookshelf 0 0 -10 277.09 0.00 502.81 138.80 0.0115939
chair 0 0 -10 265.10 186.38 398.95 329.27 0.0114699
chair 0 0 -10 349.99 187.67 496.49 358.14 0.0092535
chair 0 0 -10 0.79 111.59 59.10 308.77 0.0075167
chair 0 0 -10 92.38 230.94 211.84 299.57 0.0073056
desk 0 0 -10 284.74 128.97 491.60 332.15 0.0071077
chair 0 0 -10 251.36 139.57 490.38 462.38 0.0067591
bookshelf 0 0 -10 268.02 0.00 660.32 385.10 0.0067283
chair 0 0 -10 0.35 143.54 39.55 385.32 0.0064581
table 0 0 -10 2.39 208.98 92.18 440.90 0.0063112
desk 0 0 -10 7.82 244.72 108.52 491.38 0.0061195
dresser 0 0 -10 267.50 9.37 537.39 297.04 0.0061150
table 0 0 -10 121.10 148.10 276.27 295.17 0.0059158
desk 0 0 -10 236.70 102.95 563.62 458.57 0.0059093
chair 0 0 -10 120.30 140.82 261.51 228.27 0.0055213
chair 0 0 -10 56.10 205.44 245.25 456.44 0.0050909
table 0 0 -10 238.58 24.50 536.48 331.34 0.0045720
chair 0 0 -10 106.92 190.84 412.65 498.19 0.0043199
chair 0 0 -10 1.75 323.62 95.07 389.33 0.0042491
desk 0 0 -10 126.50 80.48 509.33 370.87 0.0035663
chair 0 0 -10 3.37 179.95 28.39 448.66 0.0034277
table 0 0 -10 1.54 211.24 46.38 469.37 0.0032973
table 0 0 -10 24.77 212.02 282.41 430.66 0.0032722
chair 0 0 -10 16.82 183.88 98.96 251.00 0.0031174
table 0 0 -10 251.86 227.79 509.79 478.12 0.0030660
desk 0 0 -10 0.72 214.34 90.70 386.47 0.0030262
chair 0 0 -10 86.53 132.72 221.37 256.19 0.0030214
chair 0 0 -10 2.01 177.45 59.83 268.99 0.0028524
bookshelf 0 0 -10 114.38 0.00 439.02 289.26 0.0027969
chair 0 0 -10 0.00 147.92 25.49 273.96 0.0027474
desk 0 0 -10 94.51 160.75 223.45 313.81 0.0026640
table 0 0 -10 40.29 249.73 515.63 521.81 0.0025446
chair 0 0 -10 0.32 144.68 45.06 232.95 0.0024406
sofa 0 0 -10 299.32 195.50 524.37 509.02 0.0024383
desk 0 0 -10 245.10 160.84 433.09 390.38 0.0023324
chair 0 0 -10 262.37 26.88 478.30 348.07 0.0022893
table 0 0 -10 244.43 157.68 437.39 381.15 0.0022163
table 0 0 -10 238.46 113.24 556.76 447.40 0.0021265
sofa 0 0 -10 90.52 165.02 223.12 315.22 0.0020434
chair 0 0 -10 0.85 312.14 57.20 449.57 0.0020029
table 0 0 -10 3.27 239.29 170.16 499.71 0.0019955
bookshelf 0 0 -10 271.22 42.26 327.80 277.46 0.0019744
table 0 0 -10 4.47 165.92 90.39 271.62 0.0019682
desk 0 0 -10 253.67 224.93 509.53 479.83 0.0018736
table 0 0 -10 3.99 85.09 132.21 305.41 0.0017773
table 0 0 -10 65.94 178.92 212.61 372.25 0.0017557
chair 0 0 -10 1.81 189.38 17.52 434.12 0.0017550
chair 0 0 -10 251.07 325.70 506.23 525.68 0.0017416
table 0 0 -10 228.41 221.08 391.13 403.57 0.0016963
sofa 0 0 -10 243.50 99.29 516.47 397.76 0.0016833
desk 0 0 -10 119.47 149.93 273.03 292.73 0.0015540
chair 0 0 -10 31.97 194.26 100.42 350.67 0.0015390
chair 0 0 -10 0.00 93.42 81.95 214.85 0.0015055
sofa 0 0 -10 239.23 179.57 421.19 404.79 0.0015037
table 0 0 -10 307.27 340.39 519.28 526.42 0.0014656
table 0 0 -10 1.97 185.81 150.33 377.10 0.0014587
chair 0 0 -10 0.15 272.63 86.36 345.73 0.0014572
dresser 0 0 -10 244.54 73.73 519.59 409.78 0.0014553
bookshelf 0 0 -10 300.75 140.86 517.48 494.66 0.0013952
desk 0 0 -10 24.54 189.76 197.60 407.25 0.0013761
chair 0 0 -10 0.74 250.54 51.05 342.17 0.0013435
desk 0 0 -10 41.30 241.61 516.94 526.47 0.0013200
table 0 0 -10 103.81 223.80 397.77 450.26 0.0012949
sofa 0 0 -10 0.00 193.45 101.65 397.16 0.0012527
table 0 0 -10 308.16 192.76 505.63 407.47 0.0012380
chair 0 0 -10 2.96 267.49 36.94 475.35 0.0012306
table 0 0 -10 2.76 317.27 22.83 515.32 0.0011364
bed 0 0 -10 116.29 139.28 282.51 298.05 0.0011054
table 0 0 -10 121.52 148.97 242.68 201.27 0.0010598
chair 0 0 -10 0.47 153.30 16.84 211.96 0.0010531
chair 0 0 -10 25.85 202.18 109.11 265.19 0.0010511
desk 0 0 -10 76.88 207.54 222.88 371.96 0.0010281
table 0 0 -10 0.19 92.96 102.03 222.38 0.0009921
toilet 0 0 -10 250.96 0.76 529.76 302.32 0.0009896
chair 0 0 -10 52.66 199.06 111.95 322.00 0.0009821
sofa 0 0 -10 0.08 144.57 97.22 251.88 0.0009553
chair 0 0 -10 3.80 298.67 207.33 505.92 0.0009462
desk 0 0 -10 16.83 219.38 275.10 456.68 0.0009374
bathtub 0 0 -10 257.14 8.98 546.92 276.50 0.0009136
table 0 0 -10 0.42 139.73 71.98 209.50 0.0009132
table 0 0 -10 227.51 171.97 288.00 223.84 0.0008468
