sofa 0 0 -10 4.85 180.67 442.28 490.43 0.9864080
chair 0 0 -10 390.54 216.42 581.07 520.77 0.9686620
sofa 0 0 -10 175.06 180.53 608.12 510.74 0.0161669
desk 0 0 -10 561.64 200.78 726.60 519.47 0.0096967
sofa 0 0 -10 365.70 220.60 580.42 487.50 0.0076134
desk 0 0 -10 414.37 229.72 678.66 517.25 0.0066262
chair 0 0 -10 128.91 192.21 493.24 507.87 0.0053489
table 0 0 -10 0.00 157.84 125.61 341.30 0.0049779
dresser 0 0 -10 670.97 329.30 722.67 528.33 0.0046220
table 0 0 -10 352.16 226.83 604.61 491.38 0.0040486
chair 0 0 -10 540.83 296.11 729.86 530.00 0.0037266
desk 0 0 -10 651.01 271.18 728.69 529.57 0.0032686
table 0 0 -10 0.34 296.47 78.08 522.10 0.0026654
table 0 0 -10 561.78 206.97 721.79 525.58 0.0025460
table 0 0 -10 17.50 266.84 553.27 524.97 0.0024738
table 0 0 -10 0.58 211.69 25.11 350.06 0.0023763
table 0 0 -10 1.54 215.00 90.14 348.38 0.0023219
chair 0 0 -10 0.00 238.72 67.68 503.82 0.0022646
table 0 0 -10 0.14 218.42 37.31 512.26 0.0021207
dresser 0 0 -10 575.40 180.03 725.34 511.05 0.0020772
desk 0 0 -10 358.63 227.84 585.78 476.82 0.0018978
dresser 0 0 -10 648.58 269.21 727.85 526.55 0.0018031
chair 0 0 -10 637.20 309.61 720.66 527.33 0.0017115
table 0 0 -10 690.57 335.06 728.39 530.00 0.0016599
sofa 0 0 -10 1.78 167.58 189.26 387.47 0.0016370
desk 0 0 -10 9.26 253.44 558.45 524.72 0.0014342
table 0 0 -10 0.63 236.17 64.92 460.89 0.0014147
table 0 0 -10 2.60 186.94 18.29 387.94 0.0013393
chair 0 0 -10 0.52 168.78 51.83 354.46 0.0013333
chair 0 0 -10 348.36 337.94 563.77 523.83 0.0012909
table 0 0 -10 649.66 278.13 726.91 530.00 0.0012639
chair 0 0 -10 414.43 186.73 554.12 355.43 0.0011573
chair 0 0 -10 434.75 203.50 661.76 473.25 0.0010006
table 0 0 -10 24.22 144.94 443.38 469.96 0.0009771
table 0 0 -10 0.80 220.40 48.56 383.50 0.0009311
dresser 0 0 -10 695.04 180.73 730.00 519.09 0.0009298
sofa 0 0 -10 73.59 161.25 424.82 310.59 0.0008703
chair 0 0 -10 448.59 120.24 517.70 314.79 0.0008579
bed 0 0 -10 1.75 179.13 434.16 513.18 0.0008152
table 0 0 -10 0.00 202.32 26.17 280.12 0.0007707
table 0 0 -10 331.69 149.65 525.71 317.37 0.0007592
table 0 0 -10 5.64 198.08 12.36 354.67 0.0007316
sofa 0 0 -10 201.18 175.07 453.69 368.93 0.0006720
sofa 0 0 -10 3.00 197.96 143.33 490.03 0.0006667
chair 0 0 -10 385.11 246.68 567.26 397.49 0.0006068
table 0 0 -10 0.09 326.13 49.31 475.08 0.0005750
table 0 0 -10 0.00 206.85 76.09 293.73 0.0005703
table 0 0 -10 0.00 181.56 47.27 306.24 0.0005609
chair 0 0 -10 0.08 342.70 97.39 501.64 0.0005373
table 0 0 -10 5.47 326.36 128.37 501.41 0.0005334
table 0 0 -10 3.99 202.55 9.97 367.09 0.0005271
table 0 0 -10 2.74 319.81 17.94 528.11 0.0005265
table 0 0 -10 316.00 311.41 681.83 530.00 0.0005046
chair 0 0 -10 0.00 198.14 28.84 353.33 0.0004946
chair 0 0 -10 2.15 202.35 89.96 358.21 0.0004904
table 0 0 -10 456.09 211.72 696.78 493.18 0.0004811
desk 0 0 -10 690.42 332.20 730.00 530.00 0.0004339
table 0 0 -10 1.02 217.37 13.71 350.23 0.0004246
chair 0 0 -10 372.89 145.66 574.10 382.48 0.0004054
chair 0 0 -10 0.68 206.97 143.04 501.73 0.0003965
chair 0 0 -10 429.22 211.16 526.41 402.05 0.0003793
bookshelf 0 0 -10 371.96 212.45 575.74 480.70 0.0003632
chair 0 0 -10 279.76 283.79 684.97 528.73 0.0003594
desk 0 0 -10 598.20 322.31 722.71 524.54 0.0003531
desk 0 0 -10 566.20 290.85 727.40 423.88 0.0003479
night_stand 0 0 -10 361.86 225.13 582.39 487.44 0.0003461
toilet 0 0 -10 391.88 214.71 581.81 526.83 0.0003440
chair 0 0 -10 8.26 192.52 282.26 514.22 0.0003428
table 0 0 -10 0.00 13.75 245.86 298.06 0.0003397
table 0 0 -10 383.79 203.97 573.18 394.03 0.0003292
dresser 0 0 -10 696.33 345.29 729.68 530.00 0.0003179
chair 0 0 -10 0.25 200.35 37.76 283.69 0.0003160
table 0 0 -10 228.34 148.99 469.71 318.90 0.0003127
desk 0 0 -10 695.21 180.47 730.00 517.73 0.0003064
dresser 0 0 -10 601.42 311.84 721.56 498.38 0.0002984
dresser 0 0 -10 447.82 203.29 701.86 517.80 0.0002910
table 0 0 -10 5.17 225.83 14.89 411.99 0.0002891
table 0 0 -10 266.17 408.12 690.91 523.41 0.0002824
chair 0 0 -10 10.51 135.27 437.87 469.52 0.0002809
table 0 0 -10 109.68 176.54 423.13 283.77 0.0002708
table 0 0 -10 596.57 322.98 717.26 527.94 0.0002594
desk 0 0 -10 629.96 187.38 726.57 472.00 0.0002581
bookshelf 0 0 -10 27.98 166.27 451.44 493.86 0.0002486
dresser 0 0 -10 368.15 222.91 579.09 483.56 0.0002460
chair 0 0 -10 685.18 330.38 728.75 530.00 0.0002419
chair 0 0 -10 6.39 197.36 16.38 341.30 0.0002404
desk 0 0 -10 319.07 170.67 720.08 477.28 0.0002386
table 0 0 -10 125.93 3.49 236.21 106.16 0.0002363
chair 0 0 -10 336.24 414.41 703.55 526.51 0.0002333
table 0 0 -10 561.65 286.64 724.44 411.62 0.0002331
chair 0 0 -10 667.57 205.80 729.26 511.22 0.0002322
table 0 0 -10 369.42 354.88 597.55 527.80 0.0002314
dresser 0 0 -10 16.75 189.74 460.31 499.44 0.0002291
table 0 0 -10 188.12 193.90 595.29 505.21 0.0002264
bathtub 0 0 -10 687.66 335.77 730.00 530.00 0.0002259
bed 0 0 -10 688.53 326.24 729.84 530.00 0.0002209
table 0 0 -10 337.69 170.45 467.94 292.42 0.0002161
desk 0 0 -10 260.63 407.63 711.82 523.27 0.0002156
desk 0 0 -10 19.99 134.06 449.12 471.45 0.0002143
chair 0 0 -10 590.11 167.02 726.93 481.67 0.0002053
