chair 0 0 -10 206.40 238.45 469.78 508.92 0.9742777
chair 0 0 -10 295.46 161.76 428.92 292.67 0.9652963
table 0 0 -10 49.84 172.79 346.47 463.50 0.8420004
desk 0 0 -10 56.41 173.35 320.79 452.78 0.7744132
chair 0 0 -10 218.02 151.84 338.22 312.17 0.3516018
table 0 0 -10 115.64 163.09 339.44 298.87 0.3230482
table 0 0 -10 209.15 154.97 371.60 304.97 0.1737994
chair 0 0 -10 213.48 194.87 420.37 396.05 0.1450817
table 0 0 -10 283.47 134.11 424.60 251.13 0.1283292
chair 0 0 -10 252.92 140.61 394.60 285.63 0.0716561
desk 0 0 -10 37.87 181.56 484.23 529.58 0.0602062
chair 0 0 -10 324.62 153.31 428.42 250.13 0.0584822
chair 0 0 -10 654.01 223.94 730.00 453.71 0.0572209
table 0 0 -10 137.40 165.44 389.66 407.45 0.0475034
dresser 0 0 -10 0.00 38.73 100.06 521.44 0.0380973
desk 0 0 -10 0.00 35.33 98.75 529.19 0.0370652
chair 0 0 -10 38.83 189.37 270.29 453.74 0.0362068
desk 0 0 -10 297.57 136.88 425.04 255.33 0.0331687
table 0 0 -10 294.48 137.06 425.29 187.12 0.0246800
desk 0 0 -10 94.52 157.13 356.07 329.51 0.0218760
chair 0 0 -10 260.20 154.34 459.92 332.57 0.0216390
desk 0 0 -10 41.05 96.15 425.13 409.79 0.0177969
desk 0 0 -10 214.94 150.88 373.12 311.46 0.0177477
chair 0 0 -10 0.00 160.81 141.87 501.75 0.0174039
chair 0 0 -10 148.56 45.62 354.03 308.68 0.0162108
chair 0 0 -10 297.08 148.50 382.95 237.07 0.0153643
chair 0 0 -10 47.10 97.33 355.41 476.17 0.0124330
table 0 0 -10 322.31 250.11 704.60 530.00 0.0108823
desk 0 0 -10 0.00 177.85 164.59 508.60 0.0099860
chair 0 0 -10 260.75 132.16 416.06 226.53 0.0099425
table 0 0 -10 140.20 198.53 606.63 522.29 0.0090304
desk 0 0 -10 146.20 164.82 392.15 419.76 0.0084589
chair 0 0 -10 30.90 7.96 334.90 348.93 0.0079213
table 0 0 -10 217.03 225.19 337.09 300.49 0.0076620
chair 0 0 -10 59.39 151.22 195.60 337.43 0.0067020
table 0 0 -10 659.00 238.85 728.35 463.26 0.0065761
chair 0 0 -10 10.20 4.15 174.79 421.50 0.0065201
sofa 0 0 -10 203.18 238.89 616.70 530.00 0.0064916
chair 0 0 -10 265.38 149.03 331.95 272.94 0.0062517
table 0 0 -10 2.87 220.33 106.92 530.00 0.0061697
chair 0 0 -10 290.31 28.53 440.91 293.26 0.0060179
table 0 0 -10 276.15 152.15 436.72 316.25 0.0058973
table 0 0 -10 161.68 149.15 347.59 243.12 0.0058577
desk 0 0 -10 20.54 12.72 391.92 297.27 0.0056290
chair 0 0 -10 323.70 131.62 413.34 213.40 0.0055691
sofa 0 0 -10 39.28 13.07 365.83 299.58 0.0053705
sofa 0 0 -10 660.90 231.86 728.42 460.20 0.0053204
chair 0 0 -10 582.96 227.94 730.00 489.95 0.0049565
dresser 0 0 -10 660.01 230.73 729.35 459.19 0.0047894
desk 0 0 -10 266.57 87.07 432.24 278.27 0.0044987
chair 0 0 -10 658.87 225.84 729.71 296.75 0.0041778
chair 0 0 -10 204.47 61.14 451.91 344.90 0.0041706
chair 0 0 -10 222.85 216.20 339.06 298.66 0.0039751
table 0 0 -10 22.33 79.06 429.72 428.55 0.0038827
table 0 0 -10 203.53 129.55 415.41 200.91 0.0035470
dresser 0 0 -10 23.90 4.42 365.81 230.19 0.0031516
chair 0 0 -10 69.90 150.26 259.41 283.62 0.0031316
sofa 0 0 -10 292.96 156.07 431.49 277.80 0.0030787
chair 0 0 -10 266.39 149.71 357.04 217.91 0.0029871
chair 0 0 -10 358.76 25.91 448.07 163.42 0.0027553
sofa 0 0 -10 129.40 236.16 451.69 498.74 0.0025409
table 0 0 -10 71.57 118.74 360.31 337.18 0.0023588
chair 0 0 -10 24.81 228.95 206.80 518.48 0.0022672
dresser 0 0 -10 41.84 186.14 317.98 465.89 0.0021679
table 0 0 -10 312.29 132.97 394.31 230.11 0.0021336
night_stand 0 0 -10 37.37 181.64 319.81 462.13 0.0021325
table 0 0 -10 256.65 133.54 368.90 269.43 0.0019919
sofa 0 0 -10 28.47 5.09 356.71 155.34 0.0019589
bookshelf 0 0 -10 358.66 35.92 450.07 175.56 0.0018688
desk 0 0 -10 156.91 129.61 419.20 285.35 0.0018397
chair 0 0 -10 283.01 132.62 345.43 252.35 0.0018201
desk 0 0 -10 211.88 234.83 650.36 530.00 0.0017323
table 0 0 -10 28.07 20.22 385.40 297.65 0.0017194
desk 0 0 -10 660.41 237.21 729.51 462.86 0.0016875
bookshelf 0 0 -10 40.16 0.00 377.07 304.43 0.0016851
chair 0 0 -10 57.83 175.27 153.18 473.97 0.0015695
table 0 0 -10 219.17 309.81 443.36 523.48 0.0015336
desk 0 0 -10 278.33 152.17 434.21 323.44 0.0014454
chair 0 0 -10 336.59 84.20 438.64 236.23 0.0014070
table 0 0 -10 54.72 174.82 140.72 479.14 0.0013993
chair 0 0 -10 318.24 120.68 447.54 192.52 0.0013737
chair 0 0 -10 284.28 186.35 504.25 423.28 0.0013715
sofa 0 0 -10 484.40 245.30 723.35 530.00 0.0012613
table 0 0 -10 599.79 242.10 722.24 505.60 0.0011949
desk 0 0 -10 293.52 97.95 434.34 199.23 0.0011947
chair 0 0 -10 265.84 247.08 591.98 525.69 0.0011821
chair 0 0 -10 243.26 165.93 337.38 241.32 0.0011596
dresser 0 0 -10 1.83 240.08 119.15 475.61 0.0011550
sofa 0 0 -10 610.49 233.73 725.83 505.58 0.0011496
chair 0 0 -10 169.04 171.78 353.46 405.49 0.0011126
dresser 0 0 -10 355.81 37.34 448.07 149.96 0.0011008
bookshelf 0 0 -10 661.86 221.06 728.84 457.94 0.0010944
desk 0 0 -10 353.64 31.62 449.61 151.57 0.0010255
bed 0 0 -10 275.45 144.66 415.30 289.55 0.0009884
desk 0 0 -10 459.54 92.66 713.49 251.45 0.0009779
table 0 0 -10 282.01 60.07 444.94 266.79 0.0009239
chair 0 0 -10 490.58 286.12 730.00 527.07 0.0009115
chair 0 0 -10 199.76 131.56 366.76 226.60 0.0009025
chair 0 0 -10 674.37 229.42 729.97 352.05 0.0009005
chair 0 0 -10 653.95 8.53 730.00 294.05 0.0009002
