chair 0 0 -10 260.55 189.79 407.65 393.87 0.9958145
desk 0 0 -10 8.00 193.40 614.72 528.82 0.8282942
desk 0 0 -10 260.49 200.80 571.16 526.78 0.4728000
table 0 0 -10 229.13 198.35 568.82 506.71 0.2584364
table 0 0 -10 19.31 193.90 498.49 497.58 0.2029057
desk 0 0 -10 0.00 183.06 324.74 519.83 0.2025981
desk 0 0 -10 1.63 263.84 92.91 528.66 0.1306030
chair 0 0 -10 464.03 195.47 723.81 472.23 0.1047059
desk 0 0 -10 380.57 204.61 661.49 522.23 0.0876094
desk 0 0 -10 100.32 187.96 446.80 388.74 0.0527935
table 0 0 -10 95.83 189.05 449.73 379.13 0.0490019
table 0 0 -10 312.09 188.01 705.02 528.21 0.0485729
desk 0 0 -10 4.84 203.00 154.42 516.74 0.0466504
chair 0 0 -10 274.29 210.28 472.88 505.80 0.0448103
chair 0 0 -10 0.00 271.26 93.46 528.69 0.0323853
chair 0 0 -10 547.59 240.48 729.07 528.85 0.0292262
chair 0 0 -10 668.67 254.29 730.00 526.04 0.0193737
table 0 0 -10 0.04 310.77 94.11 530.00 0.0183832
chair 0 0 -10 278.59 183.29 373.40 344.73 0.0129984
chair 0 0 -10 408.50 34.72 730.00 414.59 0.0114539
chair 0 0 -10 1.93 140.44 121.54 339.61 0.0105972
chair 0 0 -10 22.65 236.71 253.41 522.75 0.0100084
table 0 0 -10 354.70 29.01 455.50 101.35 0.0096908
table 0 0 -10 696.95 323.04 729.65 530.00 0.0091252
chair 0 0 -10 452.73 134.88 681.43 387.66 0.0081074
table 0 0 -10 6.94 183.63 308.30 425.32 0.0071623
chair 0 0 -10 54.71 150.55 148.89 275.56 0.0067674
desk 0 0 -10 2.30 249.96 48.18 530.00 0.0065349
dresser 0 0 -10 0.00 306.59 91.01 530.00 0.0063202
desk 0 0 -10 679.15 311.50 729.99 530.00 0.0057803
chair 0 0 -10 692.47 364.63 730.00 530.00 0.0049751
chair 0 0 -10 132.00 209.42 392.25 517.00 0.0045966
chair 0 0 -10 23.25 165.21 214.25 395.53 0.0045297
desk 0 0 -10 5.41 189.04 588.09 266.66 0.0040139
desk 0 0 -10 0.00 162.64 618.17 371.44 0.0039696
table 0 0 -10 253.83 183.70 399.12 338.40 0.0037974
chair 0 0 -10 297.76 181.41 379.87 285.81 0.0035795
chair 0 0 -10 352.77 275.90 534.66 524.76 0.0035630
chair 0 0 -10 290.44 174.10 466.92 376.41 0.0032529
dresser 0 0 -10 688.20 296.75 729.73 530.00 0.0032473
chair 0 0 -10 356.13 22.09 459.18 102.77 0.0031383
table 0 0 -10 674.91 264.23 728.52 530.00 0.0031207
table 0 0 -10 4.90 212.15 157.55 511.81 0.0030350
desk 0 0 -10 352.39 27.89 458.15 101.29 0.0029577
table 0 0 -10 7.66 252.84 298.63 526.71 0.0027010
chair 0 0 -10 0.02 173.56 100.47 430.37 0.0025868
table 0 0 -10 0.00 189.56 597.44 265.57 0.0025668
table 0 0 -10 430.30 248.56 638.18 530.00 0.0025300
chair 0 0 -10 95.31 187.20 352.32 408.00 0.0023465
table 0 0 -10 371.45 186.28 572.88 470.74 0.0021000
desk 0 0 -10 3.98 178.44 83.22 458.34 0.0019957
bookshelf 0 0 -10 655.22 139.27 728.30 517.14 0.0019355
bed 0 0 -10 695.14 274.44 730.00 530.00 0.0018956
desk 0 0 -10 223.61 194.86 508.64 414.74 0.0018728
sofa 0 0 -10 696.44 281.32 729.07 530.00 0.0018468
dresser 0 0 -10 653.26 169.54 730.00 515.91 0.0017045
chair 0 0 -10 207.00 173.07 371.04 357.56 0.0016733
chair 0 0 -10 282.26 124.64 599.26 510.75 0.0016441
dresser 0 0 -10 501.48 107.22 727.84 514.26 0.0015946
chair 0 0 -10 504.71 250.90 617.46 372.57 0.0015815
chair 0 0 -10 329.97 154.94 396.00 296.90 0.0015161
chair 0 0 -10 60.63 147.14 244.43 328.31 0.0014725
table 0 0 -10 1.76 257.72 49.28 530.00 0.0014464
chair 0 0 -10 246.77 340.72 544.82 526.64 0.0013920
desk 0 0 -10 2.89 165.37 126.27 360.99 0.0012481
desk 0 0 -10 7.33 186.51 329.07 347.23 0.0012160
bookshelf 0 0 -10 361.99 23.08 456.15 106.19 0.0012126
desk 0 0 -10 214.30 184.15 410.25 366.31 0.0012105
chair 0 0 -10 450.51 348.74 730.00 525.30 0.0012071
table 0 0 -10 177.76 199.52 430.67 314.06 0.0011709
chair 0 0 -10 589.75 348.10 728.08 530.00 0.0011301
chair 0 0 -10 534.95 202.50 572.21 307.37 0.0011056
dresser 0 0 -10 615.76 23.75 726.51 472.38 0.0010708
desk 0 0 -10 702.81 377.31 730.00 530.00 0.0010598
chair 0 0 -10 119.47 301.46 656.86 525.30 0.0010225
bookshelf 0 0 -10 688.64 285.93 729.77 530.00 0.0010083
night_stand 0 0 -10 677.03 320.87 730.00 529.40 0.0010024
desk 0 0 -10 462.29 59.56 647.05 470.34 0.0009814
dresser 0 0 -10 354.34 30.56 454.36 102.47 0.0009663
desk 0 0 -10 340.98 33.04 730.00 470.85 0.0009247
table 0 0 -10 252.54 192.22 591.33 372.35 0.0009091
desk 0 0 -10 361.30 197.68 568.57 358.30 0.0008999
chair 0 0 -10 402.67 158.60 537.01 298.97 0.0008881
chair 0 0 -10 1.58 149.95 121.06 247.04 0.0008502
bed 0 0 -10 3.51 0.17 385.99 106.05 0.0008392
chair 0 0 -10 8.73 211.69 178.76 469.54 0.0008018
chair 0 0 -10 333.32 146.14 492.50 310.19 0.0007672
table 0 0 -10 729.93 335.90 730.00 530.00 0.0007669
table 0 0 -10 729.98 340.87 730.00 530.00 0.0007664
table 0 0 -10 707.69 383.05 730.00 530.00 0.0007621
table 0 0 -10 490.59 259.96 721.02 530.00 0.0007567
night_stand 0 0 -10 1.20 317.51 94.39 530.00 0.0007340
chair 0 0 -10 264.10 170.17 327.69 333.01 0.0007264
table 0 0 -10 729.85 327.85 730.00 530.00 0.0007259
bookshelf 0 0 -10 506.33 65.63 721.39 513.04 0.0007135
table 0 0 -10 729.63 344.41 730.00 530.00 0.0007106
chair 0 0 -10 417.11 106.82 613.04 317.17 0.0007089
chair 0 0 -10 247.24 38.97 338.85 103.99 0.0006712
dresser 0 0 -10 1.35 254.63 48.07 530.00 0.0006672
chair 0 0 -10 331.01 171.35 372.47 280.22 0.0006622
