chair 0 0 -10 4.50 202.00 187.75 419.47 0.9862463
chair 0 0 -10 585.56 190.64 723.30 439.89 0.9695570
table 0 0 -10 131.66 182.04 522.22 524.11 0.9142654
desk 0 0 -10 520.26 275.51 691.48 367.47 0.6750426
desk 0 0 -10 518.11 254.01 714.74 429.80 0.4668939
table 0 0 -10 520.23 268.58 625.68 367.97 0.3120872
desk 0 0 -10 136.79 186.85 520.13 519.90 0.2216596
table 0 0 -10 506.33 255.92 721.90 414.91 0.2028864
chair 0 0 -10 659.31 191.16 728.78 422.07 0.1750388
table 0 0 -10 676.86 361.13 729.44 530.00 0.1019761
desk 0 0 -10 533.58 266.25 609.50 372.35 0.0975132
chair 0 0 -10 325.36 180.34 433.17 335.27 0.0861400
chair 0 0 -10 692.49 195.03 725.01 395.17 0.0761115
chair 0 0 -10 709.78 216.27 729.76 422.69 0.0656772
chair 0 0 -10 658.74 329.42 729.93 525.71 0.0494817
chair 0 0 -10 676.39 127.02 729.51 357.50 0.0385576
chair 0 0 -10 339.81 185.30 433.37 239.55 0.0342618
desk 0 0 -10 677.50 360.36 730.00 530.00 0.0286452
chair 0 0 -10 182.45 156.66 226.76 243.77 0.0280146
table 0 0 -10 710.22 217.36 729.32 424.75 0.0221358
table 0 0 -10 180.32 138.83 275.16 191.82 0.0173507
chair 0 0 -10 341.42 178.11 515.56 398.37 0.0139113
chair 0 0 -10 291.99 182.58 433.98 274.22 0.0138116
table 0 0 -10 266.18 259.16 471.74 526.34 0.0133787
desk 0 0 -10 627.27 207.96 728.57 396.24 0.0130885
chair 0 0 -10 699.73 134.22 728.71 339.95 0.0127214
chair 0 0 -10 263.62 128.80 412.00 346.36 0.0126993
table 0 0 -10 462.47 213.98 682.26 376.80 0.0125688
table 0 0 -10 631.91 225.14 728.74 493.92 0.0121361
desk 0 0 -10 608.27 270.85 725.21 498.14 0.0118175
chair 0 0 -10 267.95 181.61 473.79 428.09 0.0117274
night_stand 0 0 -10 523.38 271.53 608.17 369.19 0.0098016
chair 0 0 -10 182.08 136.69 273.67 262.02 0.0096888
chair 0 0 -10 619.37 255.83 728.03 374.41 0.0094028
chair 0 0 -10 441.00 199.58 718.75 375.09 0.0082019
chair 0 0 -10 168.85 119.05 239.59 259.37 0.0080645
desk 0 0 -10 180.71 137.81 275.92 192.79 0.0079968
table 0 0 -10 317.28 220.90 517.16 430.25 0.0077437
table 0 0 -10 535.29 259.27 606.16 332.07 0.0075920
chair 0 0 -10 354.81 184.49 437.89 289.41 0.0072069
table 0 0 -10 518.10 285.53 676.69 349.23 0.0071423
chair 0 0 -10 1.80 191.45 97.67 416.48 0.0066653
table 0 0 -10 685.27 235.03 729.08 495.49 0.0064797
chair 0 0 -10 266.82 101.24 364.32 208.58 0.0061591
sofa 0 0 -10 665.41 334.86 729.63 530.00 0.0056682
desk 0 0 -10 278.18 105.54 366.81 204.50 0.0055739
table 0 0 -10 387.74 229.52 708.52 496.06 0.0055044
desk 0 0 -10 675.07 227.80 728.86 477.12 0.0052165
chair 0 0 -10 234.30 120.85 377.96 282.14 0.0051000
table 0 0 -10 533.10 261.46 614.63 296.75 0.0047543
chair 0 0 -10 544.38 351.15 725.39 527.91 0.0046938
chair 0 0 -10 371.49 186.63 653.80 521.23 0.0046560
sofa 0 0 -10 0.00 188.02 185.72 400.35 0.0046164
chair 0 0 -10 719.00 241.31 729.35 406.74 0.0045019
chair 0 0 -10 163.60 212.07 441.78 512.55 0.0041891
desk 0 0 -10 700.37 214.60 727.62 400.79 0.0041839
chair 0 0 -10 621.08 161.67 729.12 358.54 0.0039997
table 0 0 -10 694.47 197.74 725.68 394.97 0.0039825
table 0 0 -10 460.35 257.17 608.91 370.56 0.0039043
table 0 0 -10 280.26 107.83 363.55 203.12 0.0038879
table 0 0 -10 594.96 191.42 727.60 410.21 0.0035076
desk 0 0 -10 683.09 158.41 729.23 381.32 0.0034062
chair 0 0 -10 529.58 235.98 725.91 367.08 0.0027841
desk 0 0 -10 393.67 220.36 712.31 506.81 0.0025984
table 0 0 -10 418.33 249.77 516.36 398.32 0.0025544
chair 0 0 -10 31.71 198.98 259.64 524.90 0.0025120
desk 0 0 -10 462.61 208.59 683.12 376.95 0.0024680
chair 0 0 -10 286.35 0.34 346.93 58.22 0.0023956
table 0 0 -10 171.14 118.13 331.06 183.28 0.0022828
sofa 0 0 -10 542.17 185.76 725.34 410.07 0.0022726
table 0 0 -10 21.99 219.85 180.11 403.64 0.0021356
chair 0 0 -10 397.21 227.69 517.91 419.65 0.0021095
table 0 0 -10 176.25 156.06 279.14 207.10 0.0021020
sofa 0 0 -10 1.12 194.57 50.42 424.77 0.0020606
chair 0 0 -10 712.32 210.20 721.46 306.68 0.0019773
chair 0 0 -10 520.87 268.21 596.68 354.74 0.0019731
table 0 0 -10 170.29 190.60 417.69 290.77 0.0019658
table 0 0 -10 215.00 128.77 286.03 198.78 0.0019488
chair 0 0 -10 556.72 228.34 656.54 401.45 0.0019230
desk 0 0 -10 183.77 125.42 360.45 195.00 0.0018726
table 0 0 -10 178.84 127.38 266.52 164.17 0.0018330
table 0 0 -10 157.78 170.95 513.61 369.61 0.0018286
desk 0 0 -10 519.55 242.63 726.24 348.02 0.0018276
chair 0 0 -10 5.19 65.63 231.36 416.86 0.0018049
table 0 0 -10 166.38 128.34 255.42 213.79 0.0017849
chair 0 0 -10 22.07 147.20 202.78 344.90 0.0017048
dresser 0 0 -10 281.08 102.75 365.01 203.54 0.0016520
chair 0 0 -10 194.26 148.33 282.73 205.19 0.0016443
desk 0 0 -10 216.64 126.53 286.15 200.12 0.0016424
desk 0 0 -10 180.69 129.44 294.35 232.60 0.0016070
table 0 0 -10 173.31 140.88 288.06 243.98 0.0015933
table 0 0 -10 716.43 215.96 728.47 375.63 0.0015753
chair 0 0 -10 174.83 145.53 234.07 209.52 0.0015438
bed 0 0 -10 140.29 147.85 529.45 519.18 0.0015279
bed 0 0 -10 675.98 353.99 730.00 530.00 0.0014918
table 0 0 -10 651.47 224.91 729.77 392.68 0.0014667
chair 0 0 -10 681.64 159.06 730.00 274.71 0.0014342
table 0 0 -10 181.55 132.57 651.29 444.77 0.0013879
table 0 0 -10 176.82 176.42 230.78 205.93 0.0013802
table 0 0 -10 530.07 279.75 696.99 308.54 0.0013777
