sofa 0 0 -10 189.64 218.01 480.97 481.18 0.2355402
table 0 0 -10 157.62 256.86 475.69 507.62 0.0191003
bed 0 0 -10 167.72 222.73 461.57 482.49 0.0096947
bed 0 0 -10 199.50 221.36 340.25 461.81 0.0065301
dresser 0 0 -10 200.04 235.51 471.63 495.44 0.0060559
desk 0 0 -10 163.92 247.19 497.89 498.27 0.0052003
dresser 0 0 -10 466.74 186.37 724.08 442.86 0.0049276
bathtub 0 0 -10 471.27 191.19 725.59 430.23 0.0048607
sofa 0 0 -10 109.88 235.26 657.78 517.81 0.0042288
table 0 0 -10 675.69 341.17 728.19 527.31 0.0041825
chair 0 0 -10 656.35 306.94 728.88 527.14 0.0033549
chair 0 0 -10 562.90 239.46 727.63 506.21 0.0030346
bookshelf 0 0 -10 205.96 232.12 471.33 493.70 0.0029983
table 0 0 -10 1.04 288.04 119.39 454.77 0.0024948
sofa 0 0 -10 400.96 149.38 727.64 507.05 0.0024428
chair 0 0 -10 184.94 208.13 494.06 501.31 0.0024054
table 0 0 -10 186.87 284.02 382.56 452.63 0.0019483
table 0 0 -10 684.06 353.90 728.41 417.16 0.0019220
table 0 0 -10 0.62 220.71 79.42 495.42 0.0017995
bookshelf 0 0 -10 482.17 23.11 716.98 508.73 0.0016670
table 0 0 -10 2.40 294.37 206.84 484.98 0.0016142
chair 0 0 -10 644.01 140.36 727.02 514.77 0.0014195
table 0 0 -10 683.05 135.54 729.53 443.72 0.0014152
table 0 0 -10 452.10 108.75 720.22 517.16 0.0012115
table 0 0 -10 503.28 284.74 718.12 511.03 0.0011806
table 0 0 -10 670.00 400.32 726.72 496.80 0.0011149
chair 0 0 -10 605.67 324.96 721.89 530.00 0.0011133
table 0 0 -10 626.75 337.49 722.80 529.50 0.0010149
chair 0 0 -10 461.14 192.84 722.01 445.88 0.0009431
dresser 0 0 -10 624.89 132.71 726.36 502.21 0.0009414
table 0 0 -10 28.82 248.29 366.73 521.42 0.0009198
desk 0 0 -10 486.68 191.36 727.09 498.37 0.0008856
chair 0 0 -10 682.21 127.01 730.00 434.85 0.0008642
sofa 0 0 -10 270.79 217.88 474.59 294.18 0.0008432
bed 0 0 -10 90.63 226.34 660.41 521.30 0.0008372
chair 0 0 -10 181.73 0.00 301.30 55.65 0.0007711
table 0 0 -10 692.19 413.12 728.50 530.00 0.0007538
bathtub 0 0 -10 476.86 261.67 719.87 368.25 0.0007499
table 0 0 -10 118.51 312.06 670.24 530.00 0.0007338
bathtub 0 0 -10 143.24 243.49 508.45 510.45 0.0007233
chair 0 0 -10 362.20 0.00 451.27 119.68 0.0006625
table 0 0 -10 698.67 206.84 726.57 413.66 0.0006510
sofa 0 0 -10 662.92 326.27 728.26 530.00 0.0006502
dresser 0 0 -10 421.50 9.43 729.71 477.63 0.0005760
desk 0 0 -10 677.26 330.54 728.56 530.00 0.0005513
bed 0 0 -10 168.87 277.16 479.98 389.86 0.0005282
bed 0 0 -10 384.40 135.70 730.00 516.32 0.0005252
desk 0 0 -10 623.81 142.58 727.64 506.35 0.0005157
chair 0 0 -10 532.36 340.56 721.31 470.92 0.0004977
toilet 0 0 -10 146.66 232.13 498.32 525.54 0.0004967
table 0 0 -10 621.32 144.78 724.29 516.88 0.0004955
table 0 0 -10 320.94 215.72 687.50 520.47 0.0004884
dresser 0 0 -10 351.94 201.14 694.61 509.14 0.0004617
chair 0 0 -10 597.74 330.99 729.75 437.98 0.0004594
table 0 0 -10 202.91 319.62 317.35 455.07 0.0004567
sofa 0 0 -10 705.01 195.30 727.18 464.31 0.0004521
table 0 0 -10 169.46 292.57 478.69 401.80 0.0004275
dresser 0 0 -10 564.32 229.35 724.48 507.42 0.0004265
table 0 0 -10 95.11 318.80 322.59 502.12 0.0004239
chair 0 0 -10 438.00 358.67 707.03 526.47 0.0004161
desk 0 0 -10 312.73 96.81 730.00 511.49 0.0004057
table 0 0 -10 289.65 391.47 494.04 494.03 0.0003989
table 0 0 -10 129.37 63.88 709.10 500.92 0.0003973
bed 0 0 -10 19.43 237.66 380.61 530.00 0.0003833
chair 0 0 -10 686.03 352.21 729.10 418.51 0.0003755
chair 0 0 -10 168.95 0.00 290.32 123.26 0.0003671
table 0 0 -10 534.77 341.81 715.97 470.18 0.0003562
sofa 0 0 -10 164.93 64.91 729.75 505.08 0.0003516
chair 0 0 -10 687.97 235.47 730.00 519.09 0.0003510
table 0 0 -10 389.32 356.74 706.68 526.35 0.0003401
night_stand 0 0 -10 209.47 249.33 475.21 492.08 0.0003367
chair 0 0 -10 335.59 0.00 476.10 152.25 0.0003357
chair 0 0 -10 236.54 0.00 361.41 57.20 0.0003265
table 0 0 -10 599.54 334.91 725.36 435.43 0.0003257
table 0 0 -10 687.16 269.20 728.85 431.72 0.0003256
table 0 0 -10 649.80 349.58 726.95 425.44 0.0003215
bathtub 0 0 -10 509.00 292.24 724.93 513.33 0.0003163
chair 0 0 -10 679.88 386.41 729.61 530.00 0.0003112
chair 0 0 -10 1.18 289.07 113.08 528.74 0.0003090
chair 0 0 -10 376.31 0.00 449.36 60.73 0.0003012
table 0 0 -10 0.00 185.59 161.25 413.80 0.0003006
sofa 0 0 -10 29.94 241.67 389.62 527.43 0.0002978
table 0 0 -10 40.55 283.38 290.88 451.30 0.0002914
bed 0 0 -10 65.94 21.44 730.00 462.16 0.0002870
chair 0 0 -10 562.66 0.00 628.88 33.08 0.0002791
table 0 0 -10 414.53 234.02 475.85 487.70 0.0002725
sofa 0 0 -10 684.79 136.20 729.17 444.46 0.0002724
table 0 0 -10 511.94 272.46 720.03 400.12 0.0002720
sofa 0 0 -10 689.18 242.54 729.17 524.76 0.0002661
toilet 0 0 -10 462.41 195.58 716.09 438.73 0.0002625
table 0 0 -10 3.99 154.52 78.59 376.12 0.0002537
table 0 0 -10 651.92 222.23 726.10 429.86 0.0002521
chair 0 0 -10 51.36 0.00 378.75 114.21 0.0002515
chair 0 0 -10 597.51 205.74 726.23 421.55 0.0002506
sofa 0 0 -10 600.30 323.70 724.22 530.00 0.0002501
chair 0 0 -10 517.03 263.71 719.30 392.06 0.0002471
table 0 0 -10 318.42 0.00 438.26 126.13 0.0002345
chair 0 0 -10 695.73 192.93 727.22 420.84 0.0002302
chair 0 0 -10 420.81 24.58 724.57 472.04 0.0002217
bathtub 0 0 -10 426.95 12.75 730.00 445.13 0.0002191
