desk 0 0 -10 0.00 203.10 690.38 508.19 0.8099213
table 0 0 -10 262.31 201.88 696.64 510.69 0.3804697
table 0 0 -10 0.54 195.25 488.93 513.46 0.0538231
chair 0 0 -10 409.55 185.06 506.10 418.96 0.0256340
desk 0 0 -10 4.62 184.81 703.23 293.44 0.0127492
table 0 0 -10 379.24 255.20 599.27 463.76 0.0126005
bathtub 0 0 -10 334.93 189.89 686.43 504.89 0.0107907
desk 0 0 -10 7.93 128.00 709.93 346.01 0.0102546
bathtub 0 0 -10 405.72 185.44 642.82 254.46 0.0085958
desk 0 0 -10 325.27 207.76 632.69 494.45 0.0082731
table 0 0 -10 12.39 129.08 688.14 345.15 0.0068283
bathtub 0 0 -10 115.60 171.67 680.94 267.34 0.0058371
table 0 0 -10 4.78 178.70 599.76 274.52 0.0057758
chair 0 0 -10 395.74 166.02 561.46 462.75 0.0051007
chair 0 0 -10 122.28 260.03 387.98 504.28 0.0034384
bookshelf 0 0 -10 162.75 0.00 262.16 86.21 0.0033477
desk 0 0 -10 81.50 235.65 449.96 517.19 0.0033258
desk 0 0 -10 2.88 197.36 177.05 490.89 0.0031160
desk 0 0 -10 0.00 200.95 509.21 264.57 0.0027631
chair 0 0 -10 0.00 301.00 51.40 508.27 0.0023537
bathtub 0 0 -10 380.61 158.22 663.83 321.50 0.0022436
bathtub 0 0 -10 3.89 198.39 683.33 488.59 0.0019519
table 0 0 -10 36.62 335.30 691.77 523.43 0.0018279
chair 0 0 -10 427.40 178.96 543.95 372.92 0.0017723
table 0 0 -10 392.14 280.95 501.32 448.11 0.0017531
chair 0 0 -10 0.09 312.61 40.83 392.44 0.0015076
bookshelf 0 0 -10 88.45 0.00 256.31 94.46 0.0014884
chair 0 0 -10 146.06 151.43 412.94 442.17 0.0013557
chair 0 0 -10 100.09 122.10 299.43 331.11 0.0013219
table 0 0 -10 0.00 210.96 538.60 257.68 0.0012863
bookshelf 0 0 -10 47.89 0.00 525.55 94.78 0.0012841
table 0 0 -10 0.44 285.38 34.32 482.93 0.0012494
table 0 0 -10 626.22 217.97 722.68 516.56 0.0012465
chair 0 0 -10 335.63 133.83 693.25 485.43 0.0011663
desk 0 0 -10 0.00 165.65 362.59 483.98 0.0011560
table 0 0 -10 488.95 288.81 655.75 518.90 0.0010526
desk 0 0 -10 177.95 194.25 528.21 485.91 0.0010458
dresser 0 0 -10 0.00 136.50 447.22 519.84 0.0010185
desk 0 0 -10 2.18 214.64 64.16 471.05 0.0010174
bathtub 0 0 -10 3.57 108.51 703.76 324.45 0.0009796
table 0 0 -10 489.19 385.30 627.23 509.92 0.0009356
chair 0 0 -10 1.04 157.93 46.83 398.41 0.0009177
bookshelf 0 0 -10 190.00 3.10 334.06 81.34 0.0009043
table 0 0 -10 366.12 346.78 673.54 518.24 0.0008559
table 0 0 -10 183.27 55.72 262.08 82.77 0.0008421
bookshelf 0 0 -10 323.88 0.00 447.38 90.26 0.0008413
bathtub 0 0 -10 449.93 177.06 559.13 248.09 0.0008374
toilet 0 0 -10 354.68 168.67 687.07 501.24 0.0008325
chair 0 0 -10 0.00 0.84 102.72 99.94 0.0008208
table 0 0 -10 0.00 316.01 39.37 393.45 0.0008055
chair 0 0 -10 459.25 264.39 671.76 509.79 0.0008003
desk 0 0 -10 70.15 137.70 427.80 392.56 0.0007860
table 0 0 -10 418.83 301.08 494.82 392.07 0.0007843
bookshelf 0 0 -10 266.39 0.00 701.92 73.91 0.0007551
chair 0 0 -10 440.80 0.00 540.49 56.39 0.0007213
bookshelf 0 0 -10 18.71 62.51 522.68 506.76 0.0007125
chair 0 0 -10 325.48 158.45 515.39 411.42 0.0007111
table 0 0 -10 180.61 204.62 552.25 462.49 0.0007028
table 0 0 -10 6.14 208.18 177.90 489.66 0.0006569
table 0 0 -10 263.41 0.44 685.19 73.28 0.0006449
desk 0 0 -10 26.84 143.89 587.37 251.21 0.0006198
dresser 0 0 -10 1.11 211.66 44.75 477.26 0.0006152
chair 0 0 -10 377.35 5.60 464.06 129.22 0.0006048
bathtub 0 0 -10 363.61 3.93 668.90 73.07 0.0006040
chair 0 0 -10 131.20 173.92 592.05 508.86 0.0005969
table 0 0 -10 2.43 228.48 63.54 474.25 0.0005956
dresser 0 0 -10 333.34 192.90 684.50 516.81 0.0005642
table 0 0 -10 59.00 126.74 422.00 269.06 0.0005526
chair 0 0 -10 0.00 183.73 137.73 442.06 0.0005523
chair 0 0 -10 31.19 173.91 356.02 516.74 0.0005487
table 0 0 -10 32.14 104.17 549.78 219.70 0.0005333
table 0 0 -10 331.85 181.13 671.61 308.63 0.0005161
bathtub 0 0 -10 184.41 125.80 677.96 432.89 0.0004996
chair 0 0 -10 661.52 162.59 687.62 262.45 0.0004983
bathtub 0 0 -10 319.03 83.05 612.95 262.24 0.0004956
bathtub 0 0 -10 626.93 203.26 730.00 480.24 0.0004837
bookshelf 0 0 -10 247.93 2.79 318.11 81.06 0.0004705
bookshelf 0 0 -10 368.08 1.71 467.21 106.01 0.0004696
chair 0 0 -10 9.81 232.76 255.06 493.37 0.0004573
table 0 0 -10 0.00 55.40 682.73 276.63 0.0004392
chair 0 0 -10 408.53 282.46 497.87 452.02 0.0004387
desk 0 0 -10 1.13 160.34 47.72 408.20 0.0004331
chair 0 0 -10 187.81 52.10 272.17 214.21 0.0004253
chair 0 0 -10 0.00 142.93 74.86 475.99 0.0004164
bathtub 0 0 -10 399.75 160.66 625.59 438.45 0.0004063
chair 0 0 -10 613.39 155.63 699.21 264.04 0.0003862
chair 0 0 -10 409.26 146.38 514.37 324.60 0.0003634
desk 0 0 -10 18.31 87.89 603.17 208.97 0.0003407
table 0 0 -10 3.97 271.78 11.54 474.94 0.0003398
chair 0 0 -10 1.56 319.86 178.39 515.92 0.0003375
table 0 0 -10 2.52 285.57 19.72 505.12 0.0003342
table 0 0 -10 293.82 213.26 656.60 275.88 0.0003320
chair 0 0 -10 0.00 292.43 80.81 450.17 0.0003290
sofa 0 0 -10 184.06 58.72 263.97 83.72 0.0003288
table 0 0 -10 28.33 0.00 683.10 105.76 0.0003287
dresser 0 0 -10 266.47 2.34 701.14 72.78 0.0003269
table 0 0 -10 104.91 278.65 398.55 510.10 0.0003265
bookshelf 0 0 -10 61.83 0.47 405.34 63.08 0.0003246
chair 0 0 -10 423.83 290.49 495.27 393.83 0.0003229
table 0 0 -10 678.14 157.90 685.48 282.70 0.0003184
