sofa 0 0 -10 99.57 215.20 473.43 524.50 0.9537191
table 0 0 -10 424.50 276.37 548.14 389.43 0.7552689
chair 0 0 -10 663.68 275.32 728.14 483.45 0.3095252
table 0 0 -10 677.13 325.78 727.87 510.01 0.1561992
table 0 0 -10 464.25 285.53 547.22 364.50 0.0432823
chair 0 0 -10 686.93 337.44 728.44 489.75 0.0419017
table 0 0 -10 707.61 334.78 729.30 505.99 0.0415196
table 0 0 -10 715.63 369.21 729.25 504.45 0.0358809
table 0 0 -10 403.00 183.37 548.93 386.84 0.0318843
chair 0 0 -10 644.42 303.48 726.38 421.38 0.0288320
chair 0 0 -10 675.14 160.92 723.47 439.84 0.0224578
chair 0 0 -10 639.99 101.86 728.91 513.79 0.0219644
table 0 0 -10 686.15 367.13 727.24 467.96 0.0208961
table 0 0 -10 645.83 269.45 726.96 511.89 0.0192576
desk 0 0 -10 422.18 275.46 547.09 402.52 0.0183227
chair 0 0 -10 668.57 372.49 727.77 448.41 0.0173359
dresser 0 0 -10 547.45 92.46 726.72 322.78 0.0159135
chair 0 0 -10 708.05 331.15 729.92 504.11 0.0156760
dresser 0 0 -10 631.14 90.39 729.39 284.93 0.0122436
desk 0 0 -10 667.03 318.72 725.91 511.39 0.0115368
chair 0 0 -10 631.58 333.54 728.25 458.64 0.0107862
sofa 0 0 -10 662.07 356.12 729.01 522.89 0.0104234
chair 0 0 -10 669.37 261.73 727.66 388.41 0.0098400
table 0 0 -10 711.20 383.77 728.94 461.94 0.0083566
chair 0 0 -10 683.96 412.51 729.30 466.59 0.0072549
sofa 0 0 -10 384.06 256.16 556.15 403.46 0.0064180
chair 0 0 -10 716.32 349.08 728.19 486.00 0.0060161
chair 0 0 -10 699.91 383.88 729.37 471.60 0.0058421
table 0 0 -10 697.82 392.96 727.98 483.58 0.0055518
chair 0 0 -10 417.39 256.74 544.04 386.70 0.0050179
table 0 0 -10 648.46 377.02 725.50 496.32 0.0050098
chair 0 0 -10 662.36 86.60 729.43 354.60 0.0041962
chair 0 0 -10 673.05 326.33 727.64 404.73 0.0041050
chair 0 0 -10 704.97 419.70 729.74 470.42 0.0040773
chair 0 0 -10 710.78 369.71 729.77 446.49 0.0040699
desk 0 0 -10 687.98 345.01 726.65 494.33 0.0040016
sofa 0 0 -10 101.93 191.63 409.39 389.27 0.0037975
table 0 0 -10 709.08 404.71 728.76 433.48 0.0037284
chair 0 0 -10 620.39 269.36 725.73 390.75 0.0036079
table 0 0 -10 717.02 391.50 728.93 440.79 0.0035992
table 0 0 -10 684.90 420.59 727.12 472.61 0.0033617
chair 0 0 -10 99.70 218.08 468.59 517.14 0.0033416
sofa 0 0 -10 9.94 136.42 368.99 471.14 0.0031285
table 0 0 -10 425.24 268.55 508.62 348.11 0.0029142
night_stand 0 0 -10 425.63 274.76 551.09 403.25 0.0028879
sofa 0 0 -10 704.72 420.99 729.01 472.06 0.0028208
sofa 0 0 -10 707.37 365.81 729.59 516.74 0.0027420
sofa 0 0 -10 691.36 395.92 728.60 487.67 0.0024762
desk 0 0 -10 402.29 173.50 548.08 388.95 0.0024415
chair 0 0 -10 651.54 376.70 730.00 495.32 0.0024222
table 0 0 -10 717.15 425.25 728.76 461.33 0.0022923
table 0 0 -10 430.16 238.19 546.86 346.54 0.0021819
table 0 0 -10 721.76 371.34 728.87 493.51 0.0020685
table 0 0 -10 683.68 303.86 727.21 429.54 0.0020324
desk 0 0 -10 708.08 330.82 729.50 508.51 0.0019898
chair 0 0 -10 721.57 318.87 729.16 480.57 0.0018684
chair 0 0 -10 709.73 403.79 729.56 432.34 0.0017412
table 0 0 -10 405.25 256.31 627.53 406.72 0.0017069
chair 0 0 -10 713.18 434.80 729.76 461.48 0.0016333
chair 0 0 -10 563.75 296.53 727.74 513.32 0.0015873
table 0 0 -10 533.18 120.75 729.37 491.82 0.0015767
sofa 0 0 -10 17.41 200.56 208.47 520.66 0.0015006
sofa 0 0 -10 713.39 435.61 729.27 462.37 0.0014718
table 0 0 -10 719.72 405.33 728.63 446.78 0.0014035
chair 0 0 -10 724.83 325.82 729.71 470.41 0.0013828
chair 0 0 -10 717.23 389.87 729.22 437.82 0.0013787
table 0 0 -10 443.38 269.52 540.63 331.35 0.0013592
sofa 0 0 -10 48.83 33.45 530.43 498.65 0.0013331
sofa 0 0 -10 404.78 168.63 547.86 385.40 0.0013198
table 0 0 -10 412.45 101.35 477.96 378.31 0.0012762
chair 0 0 -10 714.40 259.05 728.86 495.93 0.0012644
table 0 0 -10 667.81 269.22 727.58 405.21 0.0012636
table 0 0 -10 0.00 193.50 151.62 481.11 0.0012607
table 0 0 -10 122.67 257.16 490.93 520.30 0.0011858
sofa 0 0 -10 250.74 204.28 502.62 411.75 0.0011263
table 0 0 -10 623.60 340.15 726.33 459.66 0.0011043
table 0 0 -10 369.20 257.52 523.54 408.01 0.0010905
chair 0 0 -10 319.24 0.00 421.37 55.73 0.0010803
toilet 0 0 -10 650.63 330.46 727.84 497.43 0.0010763
chair 0 0 -10 394.12 152.26 551.47 390.38 0.0010734
sofa 0 0 -10 717.65 371.05 729.17 523.22 0.0010612
table 0 0 -10 459.85 271.12 577.84 416.44 0.0010437
desk 0 0 -10 645.52 272.80 719.86 490.10 0.0010410
desk 0 0 -10 524.00 86.74 730.00 319.92 0.0009723
table 0 0 -10 725.25 329.88 729.71 515.57 0.0009640
table 0 0 -10 719.76 307.80 728.45 503.35 0.0009581
sofa 0 0 -10 332.63 237.00 542.18 492.35 0.0009533
bathtub 0 0 -10 658.79 366.33 730.00 521.22 0.0009504
chair 0 0 -10 713.29 424.08 729.53 449.37 0.0009443
table 0 0 -10 712.46 440.03 728.98 466.01 0.0009220
chair 0 0 -10 691.94 356.34 728.28 434.70 0.0008675
desk 0 0 -10 669.04 374.27 726.81 451.68 0.0008634
table 0 0 -10 720.02 435.91 728.94 467.93 0.0008569
desk 0 0 -10 535.45 115.52 730.00 490.42 0.0007951
table 0 0 -10 373.63 103.64 545.45 351.62 0.0007495
dresser 0 0 -10 539.51 128.06 694.20 238.14 0.0007394
sofa 0 0 -10 68.82 202.05 291.50 464.12 0.0007235
desk 0 0 -10 367.81 92.26 553.06 353.41 0.0006858
table 0 0 -10 448.09 290.24 517.06 394.02 0.0006745
bed 0 0 -10 707.95 330.72 729.69 508.15 0.0006441
