table 0 0 -10 122.33 317.10 268.89 454.52 0.0151837
bathtub 0 0 -10 98.53 293.88 178.49 369.63 0.0145882
table 0 0 -10 295.04 210.00 444.16 447.69 0.0110060
bookshelf 0 0 -10 1.91 8.42 81.93 160.18 0.0048120
chair 0 0 -10 293.81 183.42 455.01 451.53 0.0039853
table 0 0 -10 99.31 294.13 175.43 371.26 0.0031338
table 0 0 -10 76.92 325.90 321.37 477.45 0.0028252
sofa 0 0 -10 220.21 177.11 724.93 530.00 0.0024625
night_stand 0 0 -10 123.39 317.75 271.54 452.11 0.0020576
sofa 0 0 -10 300.53 187.18 466.77 432.60 0.0019454
night_stand 0 0 -10 94.74 287.68 184.36 381.05 0.0019283
table 0 0 -10 1.64 18.94 95.43 160.11 0.0017766
sofa 0 0 -10 676.98 149.99 729.46 426.94 0.0017098
table 0 0 -10 675.57 154.21 729.69 425.64 0.0015991
table 0 0 -10 1.12 157.23 81.80 470.66 0.0014107
dresser 0 0 -10 98.74 295.83 178.01 370.70 0.0012884
bathtub 0 0 -10 39.09 286.79 171.67 373.30 0.0011823
table 0 0 -10 227.42 181.92 703.58 530.00 0.0011763
table 0 0 -10 324.89 196.01 564.38 441.28 0.0011376
table 0 0 -10 99.75 273.19 426.85 476.08 0.0010476
sofa 0 0 -10 695.21 115.52 729.07 247.41 0.0010112
table 0 0 -10 649.97 164.16 727.34 518.42 0.0009951
chair 0 0 -10 635.25 112.02 730.00 489.53 0.0009691
desk 0 0 -10 113.48 322.56 275.94 458.81 0.0009434
toilet 0 0 -10 92.20 294.50 176.38 405.11 0.0009077
table 0 0 -10 691.12 147.43 727.55 313.39 0.0008811
table 0 0 -10 66.52 283.62 245.75 452.09 0.0008690
desk 0 0 -10 98.55 293.94 176.98 373.67 0.0008599
dresser 0 0 -10 1.79 148.60 129.99 427.09 0.0008187
table 0 0 -10 81.21 299.76 198.14 409.44 0.0008031
night_stand 0 0 -10 304.17 193.00 446.96 448.62 0.0007859
sofa 0 0 -10 651.92 143.82 728.55 521.51 0.0007689
table 0 0 -10 694.54 114.94 728.46 243.23 0.0007566
table 0 0 -10 419.95 127.42 485.70 226.38 0.0007504
bed 0 0 -10 32.73 170.29 457.39 523.08 0.0007404
table 0 0 -10 1.71 203.32 116.88 350.82 0.0007143
table 0 0 -10 678.14 148.15 726.33 236.59 0.0006660
sofa 0 0 -10 691.80 141.80 728.01 316.30 0.0006096
bed 0 0 -10 212.08 177.51 730.00 530.00 0.0005971
chair 0 0 -10 97.12 316.38 270.53 480.17 0.0005312
dresser 0 0 -10 481.96 0.00 726.76 223.86 0.0005209
dresser 0 0 -10 47.89 285.86 167.63 374.05 0.0005157
bed 0 0 -10 99.73 294.72 178.47 372.08 0.0005139
sofa 0 0 -10 316.54 187.47 610.53 446.17 0.0004933
bathtub 0 0 -10 81.25 294.72 193.47 421.58 0.0004745
desk 0 0 -10 290.98 204.55 448.94 450.82 0.0004720
chair 0 0 -10 674.23 144.99 730.00 421.48 0.0004503
bed 0 0 -10 294.40 187.83 447.05 449.77 0.0004366
bed 0 0 -10 87.69 305.31 283.05 458.85 0.0004346
chair 0 0 -10 93.00 283.44 197.43 386.40 0.0004286
chair 0 0 -10 39.26 344.38 252.68 517.94 0.0004190
table 0 0 -10 573.71 129.39 727.44 424.63 0.0004152
dresser 0 0 -10 409.36 118.19 487.31 223.46 0.0004133
dresser 0 0 -10 300.23 189.36 443.54 441.52 0.0003853
table 0 0 -10 494.25 168.96 723.75 529.86 0.0003793
dresser 0 0 -10 2.43 16.93 99.51 159.00 0.0003459
sofa 0 0 -10 90.90 177.76 536.71 497.51 0.0003400
toilet 0 0 -10 42.04 287.72 170.41 377.11 0.0003396
dresser 0 0 -10 656.33 4.05 728.33 160.12 0.0003385
desk 0 0 -10 0.00 145.51 101.68 469.31 0.0003351
bookshelf 0 0 -10 301.11 179.42 444.75 444.00 0.0003186
table 0 0 -10 9.35 365.59 234.66 524.79 0.0003152
table 0 0 -10 91.16 362.90 436.21 504.90 0.0003059
table 0 0 -10 59.40 322.14 626.56 530.00 0.0003020
bathtub 0 0 -10 99.50 301.48 273.79 464.22 0.0002918
table 0 0 -10 403.32 191.03 658.96 473.82 0.0002817
table 0 0 -10 651.36 135.65 726.21 275.54 0.0002786
table 0 0 -10 95.09 287.45 140.99 383.44 0.0002759
bed 0 0 -10 0.00 37.61 646.30 473.73 0.0002694
table 0 0 -10 45.28 284.63 166.71 378.23 0.0002502
chair 0 0 -10 610.80 72.91 730.00 339.01 0.0002499
desk 0 0 -10 56.78 282.45 253.56 455.04 0.0002459
bathtub 0 0 -10 1.88 262.79 134.34 357.38 0.0002441
desk 0 0 -10 0.00 16.91 99.97 161.06 0.0002412
sofa 0 0 -10 651.93 136.02 728.39 277.91 0.0002358
bathtub 0 0 -10 101.73 284.09 232.35 378.87 0.0002336
table 0 0 -10 0.00 178.57 51.19 317.27 0.0002331
sofa 0 0 -10 577.14 162.97 730.00 530.00 0.0002315
chair 0 0 -10 569.75 0.00 699.76 112.91 0.0002297
table 0 0 -10 0.00 152.98 30.97 477.72 0.0002250
table 0 0 -10 105.66 228.20 287.11 447.62 0.0002211
dresser 0 0 -10 2.45 260.94 126.30 361.52 0.0002195
chair 0 0 -10 419.30 116.88 507.22 227.07 0.0002122
desk 0 0 -10 215.01 175.96 726.45 530.00 0.0002122
desk 0 0 -10 95.15 297.64 202.08 408.76 0.0002096
table 0 0 -10 103.92 284.82 221.91 384.54 0.0002048
toilet 0 0 -10 413.55 115.79 494.62 232.15 0.0002041
dresser 0 0 -10 22.68 126.05 236.79 443.64 0.0002018
table 0 0 -10 2.06 239.62 150.29 444.79 0.0001998
table 0 0 -10 349.07 248.16 479.63 426.32 0.0001995
chair 0 0 -10 76.91 303.49 226.35 430.76 0.0001992
table 0 0 -10 134.40 215.27 523.83 511.03 0.0001989
chair 0 0 -10 274.12 179.56 618.92 516.81 0.0001945
toilet 0 0 -10 296.35 194.16 444.96 459.90 0.0001941
chair 0 0 -10 581.05 0.00 687.42 62.07 0.0001940
chair 0 0 -10 46.53 282.83 175.12 373.91 0.0001931
table 0 0 -10 614.48 222.55 726.03 387.91 0.0001904
chair 0 0 -10 694.22 111.16 730.00 242.84 0.0001892
table 0 0 -10 23.99 129.80 230.93 457.61 0.0001852
chair 0 0 -10 676.54 105.94 730.00 295.58 0.0001821
