table 0 0 -10 41.47 145.44 636.52 458.92 0.9404222
table 0 0 -10 241.83 145.31 614.64 361.76 0.2012671
desk 0 0 -10 19.84 148.67 646.62 480.04 0.1627960
table 0 0 -10 357.23 132.10 602.03 313.60 0.0198074
desk 0 0 -10 241.68 144.27 617.50 368.32 0.0129683
sofa 0 0 -10 39.35 165.16 687.80 515.37 0.0097990
table 0 0 -10 36.14 183.02 411.08 415.20 0.0082150
sofa 0 0 -10 295.60 425.78 508.87 530.00 0.0081848
table 0 0 -10 289.01 429.59 502.25 529.89 0.0063188
chair 0 0 -10 137.93 217.43 657.60 512.01 0.0056869
chair 0 0 -10 141.69 176.77 491.78 444.37 0.0045246
chair 0 0 -10 371.62 79.13 533.05 286.57 0.0040123
chair 0 0 -10 434.43 131.60 618.08 325.26 0.0035937
chair 0 0 -10 297.15 425.21 514.26 529.16 0.0029271
table 0 0 -10 447.46 145.84 595.51 253.29 0.0027993
table 0 0 -10 478.50 159.48 561.96 249.65 0.0026096
bed 0 0 -10 24.07 100.76 630.76 496.18 0.0022970
chair 0 0 -10 421.39 33.71 590.24 262.73 0.0016529
bed 0 0 -10 294.99 426.48 510.50 529.98 0.0015092
chair 0 0 -10 157.92 109.82 383.26 308.23 0.0014799
table 0 0 -10 414.22 134.15 549.71 260.46 0.0014667
chair 0 0 -10 204.95 106.66 556.92 354.93 0.0014514
chair 0 0 -10 10.94 157.94 174.93 418.62 0.0014193
table 0 0 -10 17.97 135.14 259.03 401.80 0.0013790
chair 0 0 -10 601.68 321.67 729.40 495.82 0.0013055
desk 0 0 -10 287.07 427.27 506.03 529.61 0.0012658
chair 0 0 -10 379.24 271.17 721.44 530.00 0.0012649
chair 0 0 -10 136.82 38.55 475.26 288.02 0.0011107
table 0 0 -10 245.51 349.68 488.48 528.65 0.0010472
table 0 0 -10 684.17 191.99 727.66 306.92 0.0010326
chair 0 0 -10 470.77 92.26 551.83 248.52 0.0009828
table 0 0 -10 423.96 164.72 626.43 365.68 0.0008489
table 0 0 -10 51.12 329.05 577.08 527.84 0.0008202
chair 0 0 -10 47.19 189.90 357.77 495.71 0.0008176
table 0 0 -10 474.93 198.15 550.29 258.99 0.0008078
chair 0 0 -10 697.24 138.41 729.31 301.48 0.0007929
table 0 0 -10 155.82 120.12 504.73 386.37 0.0007894
desk 0 0 -10 54.61 177.55 394.23 476.17 0.0007783
table 0 0 -10 100.78 127.88 590.43 262.21 0.0007732
chair 0 0 -10 285.13 245.09 533.14 485.42 0.0007705
table 0 0 -10 256.39 174.44 547.07 471.05 0.0007551
chair 0 0 -10 355.92 78.96 412.24 262.12 0.0007506
table 0 0 -10 94.54 189.66 329.61 496.37 0.0007224
sofa 0 0 -10 232.72 343.99 524.03 523.20 0.0007199
chair 0 0 -10 36.09 216.06 207.45 474.49 0.0007193
chair 0 0 -10 181.18 383.45 511.77 526.82 0.0007128
table 0 0 -10 24.93 3.93 411.82 212.27 0.0006749
chair 0 0 -10 38.50 51.88 467.29 407.13 0.0006314
chair 0 0 -10 250.05 351.07 600.11 516.05 0.0006174
chair 0 0 -10 269.30 0.00 430.87 54.84 0.0006036
bookshelf 0 0 -10 50.89 151.96 674.93 507.35 0.0006027
chair 0 0 -10 342.38 172.75 606.72 416.21 0.0005990
dresser 0 0 -10 42.78 163.33 678.81 513.66 0.0005968
table 0 0 -10 602.67 328.89 725.27 497.49 0.0005963
chair 0 0 -10 472.14 334.57 707.10 519.65 0.0005869
table 0 0 -10 29.82 28.43 662.16 331.36 0.0005723
table 0 0 -10 358.35 127.82 504.51 271.26 0.0005254
bathtub 0 0 -10 48.18 170.35 685.49 511.53 0.0005116
chair 0 0 -10 324.83 0.39 420.01 43.27 0.0004979
chair 0 0 -10 509.73 113.33 556.42 241.13 0.0004841
chair 0 0 -10 331.05 14.88 510.03 251.24 0.0004833
chair 0 0 -10 0.00 327.18 158.11 517.69 0.0004523
chair 0 0 -10 364.24 49.15 631.25 320.29 0.0004330
chair 0 0 -10 411.43 0.00 549.20 125.45 0.0004299
table 0 0 -10 641.84 211.72 725.96 298.82 0.0004282
table 0 0 -10 69.54 13.43 375.62 142.21 0.0004267
table 0 0 -10 129.73 129.44 411.78 300.42 0.0004221
chair 0 0 -10 51.74 428.94 481.47 530.00 0.0004201
chair 0 0 -10 400.84 93.68 471.83 249.93 0.0004010
night_stand 0 0 -10 26.17 156.68 643.34 483.36 0.0003995
table 0 0 -10 699.32 165.46 728.43 343.56 0.0003952
chair 0 0 -10 376.70 0.00 443.16 66.97 0.0003912
table 0 0 -10 715.66 234.28 729.07 259.39 0.0003773
chair 0 0 -10 369.79 426.58 621.82 530.00 0.0003712
chair 0 0 -10 47.80 131.33 246.78 372.21 0.0003585
chair 0 0 -10 135.43 269.01 309.69 519.90 0.0003505
sofa 0 0 -10 53.11 423.60 504.66 530.00 0.0003342
table 0 0 -10 466.62 232.05 534.99 266.28 0.0003275
sofa 0 0 -10 40.17 343.24 621.68 530.00 0.0003256
table 0 0 -10 1.29 348.17 68.98 523.78 0.0003242
chair 0 0 -10 481.13 246.64 703.90 458.70 0.0003231
desk 0 0 -10 356.46 128.16 602.36 323.28 0.0003194
sofa 0 0 -10 358.82 426.51 613.24 530.00 0.0003187
chair 0 0 -10 170.88 253.30 426.88 501.64 0.0003134
chair 0 0 -10 488.89 122.76 542.49 237.46 0.0003118
chair 0 0 -10 440.83 169.56 668.72 378.34 0.0003023
table 0 0 -10 366.41 426.39 587.55 530.00 0.0002952
table 0 0 -10 494.54 146.71 653.18 240.92 0.0002905
chair 0 0 -10 373.04 1.55 560.06 214.66 0.0002868
bathtub 0 0 -10 278.16 429.02 508.96 530.00 0.0002832
table 0 0 -10 100.04 33.93 355.54 105.08 0.0002797
chair 0 0 -10 682.76 186.26 729.45 283.95 0.0002761
chair 0 0 -10 372.83 92.44 441.78 253.34 0.0002746
chair 0 0 -10 571.34 0.20 687.31 49.26 0.0002708
chair 0 0 -10 296.70 104.56 407.34 253.72 0.0002678
table 0 0 -10 325.00 128.69 409.96 272.85 0.0002628
dresser 0 0 -10 0.00 174.69 47.88 311.56 0.0002620
dresser 0 0 -10 296.26 426.14 506.18 527.31 0.0002616
chair 0 0 -10 81.26 264.78 247.89 513.34 0.0002602
chair 0 0 -10 0.00 353.91 73.53 525.04 0.0002588
