chair 0 0 -10 201.45 246.56 316.17 447.22 0.6600264
desk 0 0 -10 1.70 239.08 317.69 487.68 0.4902366
table 0 0 -10 16.65 225.26 401.69 514.46 0.4038552
bathtub 0 0 -10 312.07 221.82 709.79 504.51 0.3040831
desk 0 0 -10 114.04 217.87 703.20 530.00 0.2514988
table 0 0 -10 117.55 216.88 702.12 530.00 0.1704949
bathtub 0 0 -10 365.93 214.03 680.07 329.46 0.1559022
bed 0 0 -10 311.55 205.47 711.58 527.98 0.0744780
bed 0 0 -10 527.88 246.37 730.00 530.00 0.0556039
bathtub 0 0 -10 494.94 236.86 730.00 520.72 0.0510922
table 0 0 -10 43.73 238.96 297.95 431.88 0.0509466
table 0 0 -10 4.74 293.83 245.13 529.58 0.0479344
table 0 0 -10 292.36 232.89 610.71 508.65 0.0228732
table 0 0 -10 482.14 245.66 728.10 530.00 0.0113553
chair 0 0 -10 198.43 239.39 394.04 474.97 0.0101927
desk 0 0 -10 303.35 233.61 597.50 525.82 0.0099480
chair 0 0 -10 402.62 150.19 496.81 240.87 0.0098958
chair 0 0 -10 503.53 275.45 729.06 530.00 0.0097819
desk 0 0 -10 10.64 338.39 232.16 527.26 0.0095701
chair 0 0 -10 326.99 248.14 537.41 519.12 0.0086518
table 0 0 -10 162.14 233.18 423.37 448.38 0.0075325
table 0 0 -10 367.08 220.37 677.21 318.06 0.0071645
chair 0 0 -10 199.34 203.17 572.41 497.97 0.0065904
chair 0 0 -10 114.91 257.75 331.96 514.40 0.0060867
chair 0 0 -10 6.54 256.29 269.59 522.40 0.0053524
toilet 0 0 -10 431.74 233.61 711.31 528.33 0.0046138
table 0 0 -10 172.63 244.78 309.42 429.23 0.0043958
desk 0 0 -10 131.93 232.25 309.24 447.80 0.0041190
dresser 0 0 -10 311.24 225.00 713.02 530.00 0.0039402
chair 0 0 -10 83.48 104.68 246.26 358.85 0.0038107
chair 0 0 -10 361.03 377.15 601.70 529.33 0.0030937
dresser 0 0 -10 2.46 240.95 332.95 528.47 0.0030069
dresser 0 0 -10 88.90 110.57 214.13 267.08 0.0027779
bed 0 0 -10 411.52 372.81 724.67 526.52 0.0024122
chair 0 0 -10 179.48 162.35 330.90 414.48 0.0024023
toilet 0 0 -10 227.10 212.78 671.79 522.41 0.0023006
desk 0 0 -10 464.71 245.11 730.00 530.00 0.0020282
dresser 0 0 -10 534.34 259.63 725.97 530.00 0.0019866
table 0 0 -10 38.79 231.45 294.85 328.09 0.0018931
bathtub 0 0 -10 5.36 231.02 481.78 514.67 0.0018133
chair 0 0 -10 57.96 276.41 490.87 529.25 0.0018053
table 0 0 -10 407.72 168.90 488.16 227.98 0.0016200
chair 0 0 -10 196.15 146.82 264.06 338.02 0.0015853
chair 0 0 -10 241.63 213.27 455.42 445.80 0.0015537
desk 0 0 -10 81.05 111.81 221.08 266.31 0.0015204
desk 0 0 -10 0.93 286.40 49.38 528.62 0.0014754
chair 0 0 -10 574.42 0.69 627.44 69.95 0.0014309
table 0 0 -10 420.10 308.77 576.73 524.03 0.0014137
night_stand 0 0 -10 4.15 245.38 297.81 526.06 0.0013867
chair 0 0 -10 218.26 290.23 297.52 406.49 0.0012832
chair 0 0 -10 48.83 190.32 402.20 461.93 0.0012649
chair 0 0 -10 433.63 354.61 678.90 530.00 0.0011947
sofa 0 0 -10 288.32 219.09 713.25 525.65 0.0011726
chair 0 0 -10 377.40 235.60 693.67 525.98 0.0011388
table 0 0 -10 1.34 297.62 49.77 530.00 0.0011255
table 0 0 -10 85.92 118.44 215.81 262.60 0.0011114
desk 0 0 -10 57.18 151.91 278.72 413.82 0.0010882
chair 0 0 -10 0.00 242.13 75.76 514.63 0.0010866
bathtub 0 0 -10 334.10 175.48 661.08 387.34 0.0010787
dresser 0 0 -10 0.69 324.83 53.99 529.80 0.0010761
bed 0 0 -10 293.14 236.64 525.03 497.37 0.0010682
bathtub 0 0 -10 234.46 237.96 572.01 489.61 0.0010186
desk 0 0 -10 208.03 253.21 320.32 439.56 0.0009990
chair 0 0 -10 539.07 379.70 708.69 530.00 0.0009848
desk 0 0 -10 14.42 139.16 622.61 469.10 0.0009660
bathtub 0 0 -10 4.79 127.98 685.81 419.25 0.0009513
chair 0 0 -10 554.46 2.56 634.30 96.81 0.0009471
night_stand 0 0 -10 302.53 225.28 716.63 520.75 0.0009068
night_stand 0 0 -10 11.86 345.38 215.80 523.66 0.0008941
chair 0 0 -10 48.68 347.01 248.22 518.18 0.0008917
desk 0 0 -10 168.04 227.44 428.08 456.77 0.0008727
table 0 0 -10 19.41 137.80 622.11 462.69 0.0008727
chair 0 0 -10 23.92 205.44 245.20 414.27 0.0008725
chair 0 0 -10 531.07 0.00 625.82 61.97 0.0008494
chair 0 0 -10 118.91 198.65 293.49 435.97 0.0008397
chair 0 0 -10 402.15 323.04 533.09 506.16 0.0008377
bed 0 0 -10 11.79 205.43 401.36 521.42 0.0008274
dresser 0 0 -10 10.86 343.44 213.71 526.16 0.0007744
desk 0 0 -10 374.28 225.01 678.43 317.71 0.0007507
table 0 0 -10 370.52 189.81 704.52 458.01 0.0007502
chair 0 0 -10 396.24 85.78 493.73 227.91 0.0007364
table 0 0 -10 30.15 206.17 411.93 342.16 0.0006713
bed 0 0 -10 0.00 2.32 240.98 107.57 0.0006702
toilet 0 0 -10 306.82 198.05 535.60 479.96 0.0006592
chair 0 0 -10 562.14 1.88 671.03 71.55 0.0006489
chair 0 0 -10 178.41 130.81 439.39 363.22 0.0006308
bookshelf 0 0 -10 4.02 234.08 327.69 527.21 0.0006050
chair 0 0 -10 215.14 256.75 286.72 354.66 0.0005981
chair 0 0 -10 88.55 189.81 211.56 344.82 0.0005964
bed 0 0 -10 527.25 426.99 730.00 528.66 0.0005762
bookshelf 0 0 -10 296.95 219.57 711.19 525.11 0.0005506
chair 0 0 -10 30.98 110.06 205.29 325.82 0.0005499
chair 0 0 -10 0.08 71.49 49.93 267.34 0.0005478
chair 0 0 -10 362.01 6.91 515.54 262.44 0.0004930
desk 0 0 -10 23.79 233.56 296.44 350.28 0.0004918
chair 0 0 -10 584.20 0.24 596.77 74.16 0.0004850
chair 0 0 -10 154.63 153.28 245.06 342.74 0.0004741
table 0 0 -10 82.68 130.67 248.87 329.00 0.0004715
chair 0 0 -10 0.94 61.33 105.99 316.50 0.0004577
desk 0 0 -10 1.64 255.12 240.07 415.89 0.0004570
