chair 0 0 -10 70.41 247.18 285.63 515.25 0.9896348
table 0 0 -10 0.00 220.71 421.14 502.11 0.6950878
table 0 0 -10 350.64 350.12 608.22 525.49 0.6620895
desk 0 0 -10 12.59 219.28 426.44 527.30 0.6382661
desk 0 0 -10 350.65 344.97 619.39 522.33 0.4438420
table 0 0 -10 0.00 221.32 265.05 401.22 0.3095550
desk 0 0 -10 226.96 316.66 680.23 529.09 0.2887462
desk 0 0 -10 0.00 221.40 296.24 440.50 0.2046721
chair 0 0 -10 47.16 237.57 219.96 457.54 0.1702106
dresser 0 0 -10 646.00 274.90 730.00 529.55 0.1580989
table 0 0 -10 241.54 321.21 683.40 526.60 0.1138651
table 0 0 -10 181.17 263.83 400.82 526.42 0.0857438
table 0 0 -10 0.00 232.82 44.15 430.34 0.0730455
desk 0 0 -10 643.15 262.88 729.87 530.00 0.0617756
desk 0 0 -10 4.24 217.28 357.27 348.01 0.0302648
desk 0 0 -10 177.63 267.04 481.07 530.00 0.0287769
table 0 0 -10 0.00 222.90 72.27 386.19 0.0270422
chair 0 0 -10 247.26 234.60 394.41 390.48 0.0229982
desk 0 0 -10 26.63 219.60 214.73 387.68 0.0157690
table 0 0 -10 643.03 277.34 729.85 530.00 0.0145268
chair 0 0 -10 226.92 204.50 320.37 390.51 0.0144193
chair 0 0 -10 643.41 269.60 730.00 527.70 0.0142396
chair 0 0 -10 287.44 195.03 455.64 444.90 0.0136115
dresser 0 0 -10 618.24 112.46 728.37 530.00 0.0120116
chair 0 0 -10 128.64 236.23 248.74 459.23 0.0117732
table 0 0 -10 0.00 229.20 21.70 393.35 0.0109291
table 0 0 -10 0.00 245.51 39.55 323.12 0.0106354
chair 0 0 -10 81.77 223.08 217.30 370.48 0.0093011
chair 0 0 -10 518.54 291.77 719.83 522.76 0.0086244
chair 0 0 -10 170.87 184.10 344.40 359.38 0.0084160
sofa 0 0 -10 657.86 4.42 729.01 127.52 0.0077714
table 0 0 -10 0.00 222.75 124.11 416.09 0.0071078
bookshelf 0 0 -10 646.40 267.06 730.00 530.00 0.0066116
sofa 0 0 -10 648.56 268.99 727.99 528.64 0.0065434
desk 0 0 -10 335.84 238.60 427.37 418.85 0.0063719
chair 0 0 -10 0.60 183.48 61.24 360.81 0.0055976
chair 0 0 -10 32.36 218.59 174.87 400.58 0.0055607
chair 0 0 -10 656.24 1.47 730.00 128.32 0.0054535
dresser 0 0 -10 360.50 340.65 645.29 530.00 0.0054186
bookshelf 0 0 -10 616.32 128.02 729.70 530.00 0.0051771
chair 0 0 -10 368.58 214.37 444.41 388.42 0.0051691
chair 0 0 -10 180.75 197.48 295.42 329.10 0.0051049
chair 0 0 -10 182.34 221.13 291.81 438.91 0.0049823
desk 0 0 -10 1.34 209.00 91.46 398.67 0.0049122
chair 0 0 -10 395.42 330.44 660.46 525.35 0.0048639
chair 0 0 -10 236.13 179.60 316.03 310.41 0.0047812
desk 0 0 -10 436.87 315.26 720.89 529.93 0.0045047
night_stand 0 0 -10 648.07 285.13 730.00 528.73 0.0044948
chair 0 0 -10 135.61 213.71 264.06 366.23 0.0044211
desk 0 0 -10 129.55 203.30 426.99 387.94 0.0038595
chair 0 0 -10 1.87 145.59 97.63 341.16 0.0038513
chair 0 0 -10 136.61 232.11 379.70 503.19 0.0037257
night_stand 0 0 -10 361.31 338.93 618.21 514.85 0.0036961
table 0 0 -10 1.22 212.81 391.42 302.30 0.0036228
desk 0 0 -10 4.43 215.51 215.75 291.74 0.0032509
table 0 0 -10 3.75 262.50 58.65 490.57 0.0032098
table 0 0 -10 1.69 215.48 221.46 292.97 0.0031803
bed 0 0 -10 646.00 254.03 730.00 530.00 0.0031731
table 0 0 -10 0.00 221.03 58.96 313.23 0.0030051
table 0 0 -10 333.54 243.51 428.37 418.51 0.0027804
bathtub 0 0 -10 647.39 290.83 729.46 528.13 0.0027684
table 0 0 -10 122.39 386.66 564.24 525.11 0.0027048
table 0 0 -10 0.00 191.91 103.31 348.04 0.0026703
desk 0 0 -10 35.49 273.85 273.04 520.18 0.0026535
desk 0 0 -10 263.19 211.70 441.14 455.63 0.0026099
desk 0 0 -10 321.27 408.47 703.74 528.86 0.0026037
table 0 0 -10 181.76 220.52 417.33 391.51 0.0025073
chair 0 0 -10 0.00 245.13 43.36 446.59 0.0024028
chair 0 0 -10 2.68 266.49 136.38 505.93 0.0023867
desk 0 0 -10 122.00 387.08 566.82 527.23 0.0023780
table 0 0 -10 298.47 269.69 470.30 518.92 0.0023507
chair 0 0 -10 145.45 195.21 255.32 306.37 0.0022656
table 0 0 -10 2.04 229.53 13.78 372.02 0.0022074
chair 0 0 -10 313.89 210.98 412.63 389.32 0.0021101
dresser 0 0 -10 569.80 272.53 720.77 521.10 0.0020846
chair 0 0 -10 0.67 238.28 40.44 316.02 0.0020719
chair 0 0 -10 160.95 171.53 201.61 232.44 0.0020699
desk 0 0 -10 0.00 229.12 43.53 439.72 0.0020403
table 0 0 -10 28.53 273.44 279.57 519.82 0.0020402
chair 0 0 -10 340.42 369.06 579.69 529.77 0.0019671
chair 0 0 -10 253.75 178.90 311.07 261.66 0.0019671
chair 0 0 -10 236.05 252.43 432.54 514.85 0.0019086
desk 0 0 -10 569.33 199.60 730.00 517.13 0.0018469
chair 0 0 -10 433.73 352.93 601.19 500.93 0.0017402
bed 0 0 -10 355.07 332.25 609.52 524.14 0.0017237
desk 0 0 -10 246.12 236.09 410.10 378.25 0.0017213
desk 0 0 -10 304.80 255.87 413.14 464.15 0.0016490
chair 0 0 -10 0.02 285.76 53.07 524.65 0.0016386
table 0 0 -10 3.42 249.16 21.53 493.21 0.0015827
table 0 0 -10 302.98 259.26 414.71 461.60 0.0015701
chair 0 0 -10 0.00 249.45 94.73 444.13 0.0015216
chair 0 0 -10 90.13 193.05 211.98 295.55 0.0015007
chair 0 0 -10 330.95 201.49 536.52 400.19 0.0014956
desk 0 0 -10 0.00 179.50 390.61 293.37 0.0014801
chair 0 0 -10 219.21 177.31 376.19 440.60 0.0014588
table 0 0 -10 3.83 148.99 115.94 211.87 0.0014579
desk 0 0 -10 334.97 259.47 638.31 489.02 0.0014408
chair 0 0 -10 316.81 292.28 599.87 489.87 0.0014304
bookshelf 0 0 -10 342.19 358.10 624.53 529.13 0.0013814
sofa 0 0 -10 357.22 337.97 611.90 521.97 0.0011964
