chair 0 0 -10 0.60 73.83 75.65 189.05 0.9567207
chair 0 0 -10 468.50 290.59 727.77 530.00 0.9348401
desk 0 0 -10 42.89 168.18 474.12 512.63 0.6444306
table 0 0 -10 42.70 170.93 482.31 521.66 0.6067497
chair 0 0 -10 0.00 81.08 85.14 272.04 0.5869461
desk 0 0 -10 29.33 160.70 246.49 362.39 0.1307540
chair 0 0 -10 319.88 152.23 483.02 378.23 0.1228693
chair 0 0 -10 8.11 103.03 123.16 348.41 0.1187616
sofa 0 0 -10 466.58 293.53 722.91 530.00 0.1069948
chair 0 0 -10 297.26 120.38 402.99 298.56 0.1037115
chair 0 0 -10 30.52 108.08 198.26 342.50 0.0968946
table 0 0 -10 25.95 160.85 253.57 357.31 0.0966756
table 0 0 -10 37.46 157.69 400.36 390.75 0.0813770
chair 0 0 -10 124.32 124.47 211.41 173.58 0.0805266
chair 0 0 -10 117.25 115.39 218.10 293.65 0.0762407
chair 0 0 -10 87.62 275.52 380.78 524.07 0.0645650
chair 0 0 -10 261.63 107.11 363.52 255.77 0.0597731
table 0 0 -10 36.53 188.96 151.49 366.63 0.0523440
desk 0 0 -10 40.27 118.32 207.59 177.30 0.0511180
chair 0 0 -10 22.22 72.63 139.00 208.79 0.0418678
chair 0 0 -10 62.32 114.15 215.94 181.64 0.0388016
desk 0 0 -10 5.25 104.81 370.75 192.47 0.0317374
chair 0 0 -10 72.02 110.88 201.03 262.52 0.0298225
chair 0 0 -10 34.53 198.35 140.05 360.46 0.0289988
desk 0 0 -10 38.02 185.87 147.83 371.67 0.0271544
desk 0 0 -10 27.97 153.63 397.25 308.95 0.0263860
chair 0 0 -10 278.41 163.77 444.25 263.04 0.0262715
chair 0 0 -10 326.69 150.29 440.62 305.30 0.0249868
chair 0 0 -10 178.13 119.62 353.22 298.81 0.0236683
chair 0 0 -10 2.96 77.78 202.46 182.25 0.0211406
table 0 0 -10 40.01 118.98 212.42 177.24 0.0208184
table 0 0 -10 688.21 375.27 728.92 530.00 0.0199081
chair 0 0 -10 146.27 122.69 250.23 316.39 0.0198658
chair 0 0 -10 244.95 98.97 364.22 191.37 0.0194611
chair 0 0 -10 63.52 142.30 263.30 408.31 0.0192228
table 0 0 -10 53.74 154.93 453.82 283.22 0.0191820
table 0 0 -10 150.73 284.95 661.88 527.18 0.0180424
chair 0 0 -10 52.53 77.05 120.59 179.82 0.0178675
chair 0 0 -10 295.26 98.37 358.81 179.96 0.0157366
desk 0 0 -10 38.23 184.31 267.25 486.71 0.0144161
chair 0 0 -10 690.29 207.16 727.47 481.78 0.0138721
chair 0 0 -10 65.91 69.77 156.23 186.78 0.0133873
desk 0 0 -10 111.04 115.92 202.45 171.92 0.0130302
desk 0 0 -10 69.29 175.36 372.11 254.63 0.0128303
dresser 0 0 -10 344.39 124.86 401.12 189.39 0.0127608
chair 0 0 -10 6.05 120.28 69.64 343.66 0.0121521
table 0 0 -10 712.35 325.35 728.70 493.04 0.0105048
chair 0 0 -10 0.06 54.11 39.78 209.68 0.0101863
table 0 0 -10 33.78 182.64 276.37 479.36 0.0100254
chair 0 0 -10 128.50 79.03 293.30 329.41 0.0098313
chair 0 0 -10 105.79 162.66 341.36 456.17 0.0094414
chair 0 0 -10 243.74 192.82 465.92 484.40 0.0091774
chair 0 0 -10 128.51 159.73 502.58 523.90 0.0091625
table 0 0 -10 10.26 162.77 106.22 349.00 0.0091068
chair 0 0 -10 288.77 189.78 652.45 508.22 0.0090729
chair 0 0 -10 23.49 84.42 232.42 240.84 0.0087796
chair 0 0 -10 682.48 302.90 730.00 522.35 0.0085823
table 0 0 -10 496.74 294.85 721.08 513.85 0.0085232
chair 0 0 -10 190.13 3.90 291.36 55.04 0.0082364
chair 0 0 -10 0.18 63.34 46.81 319.70 0.0070931
chair 0 0 -10 353.31 107.59 401.77 192.51 0.0070384
desk 0 0 -10 55.71 135.99 352.45 429.04 0.0067963
chair 0 0 -10 25.74 0.00 111.50 72.47 0.0067295
chair 0 0 -10 4.42 155.42 79.51 248.03 0.0063509
table 0 0 -10 19.28 125.19 414.60 225.13 0.0061327
desk 0 0 -10 12.38 160.60 99.82 352.12 0.0060961
chair 0 0 -10 21.07 190.71 227.34 491.18 0.0060814
chair 0 0 -10 255.56 137.91 492.83 299.01 0.0058536
table 0 0 -10 695.74 265.38 729.23 518.35 0.0058049
chair 0 0 -10 241.47 137.98 381.29 292.24 0.0057459
chair 0 0 -10 605.56 290.44 726.84 517.28 0.0054833
chair 0 0 -10 309.64 107.52 398.50 206.37 0.0050282
chair 0 0 -10 0.71 59.70 20.32 221.67 0.0050243
chair 0 0 -10 650.74 233.92 730.00 497.53 0.0048956
desk 0 0 -10 357.90 120.46 402.93 188.95 0.0048943
table 0 0 -10 109.40 168.01 403.10 249.58 0.0047836
desk 0 0 -10 106.99 155.57 374.51 223.18 0.0047723
desk 0 0 -10 326.59 117.56 399.61 195.69 0.0046166
desk 0 0 -10 186.57 189.07 476.57 419.46 0.0046064
chair 0 0 -10 134.08 106.30 224.78 228.30 0.0045239
chair 0 0 -10 57.44 44.95 238.60 177.68 0.0041654
desk 0 0 -10 10.79 121.70 255.30 232.87 0.0041169
desk 0 0 -10 84.51 86.77 308.16 165.62 0.0040376
chair 0 0 -10 320.26 127.57 429.47 232.25 0.0040119
chair 0 0 -10 171.58 131.15 445.58 254.41 0.0039483
dresser 0 0 -10 314.32 108.89 395.16 195.69 0.0039092
desk 0 0 -10 144.10 148.55 308.31 268.22 0.0039064
desk 0 0 -10 135.44 282.18 684.39 527.61 0.0038899
chair 0 0 -10 248.41 150.98 410.14 231.95 0.0038748
table 0 0 -10 109.63 117.41 205.20 171.29 0.0037480
desk 0 0 -10 7.03 90.89 204.03 200.65 0.0034711
table 0 0 -10 12.54 157.21 174.39 319.13 0.0034495
table 0 0 -10 5.39 141.07 212.56 233.00 0.0033711
chair 0 0 -10 89.69 385.56 458.67 522.95 0.0033272
table 0 0 -10 721.53 325.28 727.69 499.84 0.0032708
desk 0 0 -10 76.25 117.83 208.13 253.49 0.0032364
chair 0 0 -10 420.38 279.87 585.62 526.49 0.0030018
chair 0 0 -10 193.65 131.88 287.07 326.14 0.0029842
dresser 0 0 -10 348.88 119.48 434.76 210.56 0.0029131
table 0 0 -10 359.00 123.60 401.48 187.31 0.0028502
