table 0 0 -10 231.10 186.00 662.11 424.03 0.9708510
table 0 0 -10 4.88 222.99 271.34 492.18 0.9602716
chair 0 0 -10 234.87 108.44 349.55 291.74 0.3798265
desk 0 0 -10 0.36 218.14 264.72 496.77 0.1229157
desk 0 0 -10 209.32 161.90 669.16 479.83 0.0530707
chair 0 0 -10 248.96 118.14 492.99 353.73 0.0327629
chair 0 0 -10 5.43 252.65 189.22 500.77 0.0278264
table 0 0 -10 67.29 205.10 685.60 508.32 0.0177449
table 0 0 -10 12.13 222.55 254.96 355.11 0.0117189
chair 0 0 -10 233.41 77.00 628.31 403.15 0.0115803
chair 0 0 -10 33.85 303.10 256.39 517.93 0.0102549
table 0 0 -10 229.30 180.13 631.77 260.09 0.0078280
table 0 0 -10 415.43 205.45 593.85 427.36 0.0070296
table 0 0 -10 247.62 203.18 527.46 356.44 0.0048792
chair 0 0 -10 323.67 86.68 556.09 307.60 0.0046867
chair 0 0 -10 64.10 217.78 268.46 471.00 0.0040782
chair 0 0 -10 128.28 108.38 215.08 181.28 0.0037218
chair 0 0 -10 0.00 195.62 135.73 452.04 0.0035013
chair 0 0 -10 471.18 123.53 534.85 298.27 0.0025485
chair 0 0 -10 277.20 224.68 529.99 425.97 0.0024070
chair 0 0 -10 3.37 321.86 144.57 471.19 0.0023902
desk 0 0 -10 346.55 196.06 645.49 435.35 0.0020430
chair 0 0 -10 159.29 98.19 378.68 299.52 0.0018777
chair 0 0 -10 281.38 92.41 384.94 274.81 0.0017989
chair 0 0 -10 228.62 54.99 419.81 301.91 0.0017817
bed 0 0 -10 225.60 148.75 652.93 438.53 0.0017518
table 0 0 -10 466.04 208.16 682.09 503.38 0.0016355
table 0 0 -10 0.00 304.57 185.99 458.89 0.0016128
chair 0 0 -10 235.42 115.08 296.93 246.64 0.0015803
sofa 0 0 -10 228.48 145.93 657.67 435.31 0.0014677
chair 0 0 -10 486.18 1.91 550.41 52.10 0.0013986
table 0 0 -10 0.35 224.85 129.91 489.73 0.0013790
table 0 0 -10 223.94 116.30 341.66 276.76 0.0013637
chair 0 0 -10 421.06 115.89 491.13 286.44 0.0012813
chair 0 0 -10 498.31 7.29 533.92 45.41 0.0012561
table 0 0 -10 236.40 134.55 627.17 341.31 0.0012342
chair 0 0 -10 422.71 143.64 541.17 294.98 0.0012149
table 0 0 -10 0.03 272.83 40.47 511.33 0.0011945
chair 0 0 -10 374.10 1.78 471.78 55.35 0.0011234
chair 0 0 -10 0.05 240.26 55.79 488.91 0.0010525
chair 0 0 -10 481.85 1.35 653.39 60.38 0.0010521
table 0 0 -10 0.06 217.63 85.61 401.14 0.0009681
chair 0 0 -10 97.05 173.84 246.48 379.90 0.0008875
chair 0 0 -10 367.17 114.98 446.90 294.34 0.0008847
table 0 0 -10 285.65 169.47 564.22 242.90 0.0008595
table 0 0 -10 28.86 168.88 250.66 319.80 0.0008521
chair 0 0 -10 201.86 64.32 334.95 350.37 0.0008479
chair 0 0 -10 135.33 112.07 258.97 205.75 0.0008281
table 0 0 -10 577.10 247.74 722.77 506.77 0.0008033
chair 0 0 -10 341.85 187.09 618.43 425.02 0.0007661
chair 0 0 -10 477.97 158.00 581.94 296.53 0.0007454
chair 0 0 -10 532.22 221.13 724.17 504.81 0.0007401
desk 0 0 -10 234.17 156.57 552.03 382.38 0.0007220
table 0 0 -10 80.33 192.45 321.86 436.84 0.0006533
chair 0 0 -10 368.66 140.79 510.52 288.05 0.0006405
table 0 0 -10 176.88 208.63 436.14 452.33 0.0005933
bed 0 0 -10 137.43 112.64 219.92 188.38 0.0005810
chair 0 0 -10 514.48 0.00 610.87 46.95 0.0005757
table 0 0 -10 21.43 202.54 121.98 342.49 0.0005680
bed 0 0 -10 1.56 225.30 242.84 506.74 0.0005639
chair 0 0 -10 382.85 0.20 526.23 77.81 0.0005623
chair 0 0 -10 156.12 272.64 672.57 517.80 0.0005291
chair 0 0 -10 120.11 166.27 480.90 522.87 0.0005267
table 0 0 -10 3.02 310.49 24.15 524.67 0.0005224
chair 0 0 -10 468.04 239.59 672.53 455.76 0.0005209
chair 0 0 -10 258.00 143.40 448.15 275.36 0.0005124
chair 0 0 -10 444.03 74.45 604.30 314.69 0.0005014
table 0 0 -10 284.75 219.41 584.13 496.16 0.0004818
chair 0 0 -10 461.13 168.36 625.42 356.86 0.0004524
chair 0 0 -10 476.13 185.11 571.69 385.80 0.0004452
chair 0 0 -10 472.61 1.63 537.28 72.98 0.0004261
table 0 0 -10 65.64 220.02 222.78 325.97 0.0004238
chair 0 0 -10 0.00 66.25 107.12 417.16 0.0004102
night_stand 0 0 -10 0.00 208.71 270.15 500.43 0.0004024
chair 0 0 -10 457.28 310.96 561.47 475.11 0.0003706
chair 0 0 -10 355.85 28.85 666.54 322.83 0.0003677
chair 0 0 -10 155.03 233.50 274.67 425.15 0.0003665
chair 0 0 -10 330.66 0.00 380.37 53.77 0.0003613
sofa 0 0 -10 5.89 218.22 268.41 499.24 0.0003518
chair 0 0 -10 459.08 0.13 509.19 54.31 0.0003494
table 0 0 -10 159.89 218.01 264.46 446.82 0.0003459
desk 0 0 -10 1.30 306.38 182.87 463.08 0.0003434
chair 0 0 -10 12.96 116.27 239.08 437.03 0.0003344
chair 0 0 -10 263.12 310.33 306.14 354.96 0.0003329
chair 0 0 -10 103.17 195.08 215.54 321.27 0.0003293
chair 0 0 -10 1.47 210.45 110.30 362.56 0.0003248
night_stand 0 0 -10 216.44 174.01 665.78 479.34 0.0003227
table 0 0 -10 355.72 103.00 480.40 228.30 0.0003187
chair 0 0 -10 34.23 382.00 373.00 530.00 0.0003171
table 0 0 -10 234.33 181.04 389.79 335.19 0.0003109
chair 0 0 -10 228.90 119.08 338.41 191.99 0.0003062
bookshelf 0 0 -10 221.88 177.33 657.87 484.71 0.0002994
table 0 0 -10 372.19 2.73 538.11 74.70 0.0002963
chair 0 0 -10 425.87 0.91 531.21 44.79 0.0002729
chair 0 0 -10 694.27 66.74 730.00 277.64 0.0002726
chair 0 0 -10 136.13 0.10 229.19 56.21 0.0002678
table 0 0 -10 344.48 0.40 476.48 81.25 0.0002645
chair 0 0 -10 240.22 10.51 471.99 209.83 0.0002610
table 0 0 -10 687.90 108.22 728.28 296.64 0.0002600
sofa 0 0 -10 689.37 104.43 728.77 297.35 0.0002574
