dresser 0 0 -10 227.74 118.65 566.11 526.01 0.2863956
desk 0 0 -10 168.46 111.46 570.24 528.22 0.1773372
bookshelf 0 0 -10 220.37 105.76 556.71 530.00 0.0644158
table 0 0 -10 183.38 116.24 566.77 528.40 0.0210444
bathtub 0 0 -10 143.26 130.88 569.46 510.88 0.0075863
table 0 0 -10 519.46 433.27 713.18 528.28 0.0044169
bed 0 0 -10 170.76 78.90 576.40 530.00 0.0039940
chair 0 0 -10 267.52 101.20 586.44 530.00 0.0035325
toilet 0 0 -10 217.80 91.04 571.25 530.00 0.0030703
table 0 0 -10 66.55 134.50 157.16 276.45 0.0029483
table 0 0 -10 72.45 194.89 149.51 246.33 0.0027691
table 0 0 -10 530.29 348.24 724.32 528.12 0.0024919
night_stand 0 0 -10 218.77 97.44 572.55 513.11 0.0014942
chair 0 0 -10 55.87 124.97 150.85 273.87 0.0014620
dresser 0 0 -10 72.08 123.96 148.73 277.89 0.0013819
desk 0 0 -10 363.14 100.27 564.84 528.73 0.0011655
table 0 0 -10 532.78 38.87 730.00 530.00 0.0009571
table 0 0 -10 85.69 165.08 147.57 267.39 0.0009041
table 0 0 -10 68.80 174.10 144.28 225.19 0.0007725
table 0 0 -10 635.85 14.19 730.00 511.96 0.0006456
sofa 0 0 -10 195.75 113.57 571.96 519.80 0.0006316
table 0 0 -10 367.25 105.30 555.47 530.00 0.0006111
bookshelf 0 0 -10 72.71 99.09 148.92 278.95 0.0005928
desk 0 0 -10 63.32 133.72 158.17 278.48 0.0005528
table 0 0 -10 20.43 138.64 408.93 514.56 0.0005001
table 0 0 -10 70.71 151.33 133.75 249.53 0.0004744
night_stand 0 0 -10 71.25 121.66 151.68 274.78 0.0004576
table 0 0 -10 600.90 418.39 723.49 530.00 0.0004482
chair 0 0 -10 142.33 0.00 232.37 47.90 0.0004387
bookshelf 0 0 -10 35.81 2.93 248.31 146.05 0.0004179
dresser 0 0 -10 11.34 7.16 224.11 275.80 0.0003915
chair 0 0 -10 71.16 121.74 128.63 249.01 0.0003842
chair 0 0 -10 55.90 0.18 220.60 47.99 0.0003610
chair 0 0 -10 403.44 85.73 689.05 527.42 0.0003560
table 0 0 -10 1.15 210.49 94.61 504.16 0.0003555
chair 0 0 -10 499.85 409.66 720.05 529.86 0.0003367
chair 0 0 -10 19.62 0.93 230.70 126.21 0.0003271
chair 0 0 -10 127.57 0.00 230.34 108.19 0.0003097
dresser 0 0 -10 0.39 83.19 58.50 215.45 0.0003073
bookshelf 0 0 -10 32.44 5.95 184.42 258.11 0.0002998
dresser 0 0 -10 173.05 118.75 404.41 471.19 0.0002980
table 0 0 -10 43.01 173.19 166.00 309.40 0.0002954
dresser 0 0 -10 60.37 81.92 450.98 521.56 0.0002918
chair 0 0 -10 510.11 262.95 729.51 524.33 0.0002794
table 0 0 -10 36.30 272.81 597.55 530.00 0.0002694
table 0 0 -10 0.00 194.83 43.05 412.03 0.0002493
bookshelf 0 0 -10 141.21 0.96 241.15 121.52 0.0002450
dresser 0 0 -10 3.39 68.07 146.90 252.64 0.0002409
chair 0 0 -10 168.49 3.48 230.07 75.68 0.0002374
dresser 0 0 -10 31.51 4.62 248.50 141.61 0.0002348
table 0 0 -10 1.24 0.22 255.60 120.28 0.0002340
table 0 0 -10 3.67 126.58 35.61 257.30 0.0002322
dresser 0 0 -10 144.44 40.36 645.68 460.44 0.0002257
desk 0 0 -10 23.78 0.00 258.23 139.08 0.0002218
desk 0 0 -10 259.75 110.60 454.20 520.52 0.0002155
dresser 0 0 -10 140.76 1.37 239.89 119.27 0.0002104
table 0 0 -10 1.09 159.31 55.76 240.77 0.0001984
bed 0 0 -10 534.57 28.27 730.00 530.00 0.0001921
bookshelf 0 0 -10 91.24 2.52 227.41 259.00 0.0001871
dresser 0 0 -10 24.19 118.64 197.37 279.32 0.0001857
bed 0 0 -10 0.96 93.58 110.80 493.54 0.0001855
desk 0 0 -10 540.06 406.15 729.64 530.00 0.0001842
table 0 0 -10 645.39 357.35 730.00 524.98 0.0001788
table 0 0 -10 1.83 198.41 174.45 392.81 0.0001783
bathtub 0 0 -10 511.80 433.24 718.74 526.05 0.0001754
chair 0 0 -10 166.66 0.00 274.88 120.57 0.0001717
table 0 0 -10 66.81 152.30 143.75 205.22 0.0001716
table 0 0 -10 2.98 232.73 101.36 338.54 0.0001712
table 0 0 -10 444.39 482.03 623.64 529.99 0.0001706
table 0 0 -10 1.81 147.98 111.72 244.14 0.0001657
chair 0 0 -10 103.74 102.52 468.31 523.96 0.0001643
dresser 0 0 -10 2.41 127.14 79.56 238.60 0.0001567
table 0 0 -10 4.28 248.23 44.98 515.91 0.0001559
desk 0 0 -10 74.37 167.33 137.60 255.63 0.0001523
table 0 0 -10 341.80 414.56 694.16 530.00 0.0001487
bathtub 0 0 -10 169.04 126.56 326.31 426.00 0.0001472
chair 0 0 -10 20.93 0.43 166.49 60.21 0.0001450
table 0 0 -10 1.15 252.61 168.39 474.76 0.0001426
sofa 0 0 -10 0.50 201.44 43.02 416.97 0.0001417
table 0 0 -10 6.54 10.50 227.27 281.51 0.0001415
table 0 0 -10 63.14 164.07 111.87 254.02 0.0001412
table 0 0 -10 131.69 0.00 240.02 120.82 0.0001407
desk 0 0 -10 7.43 130.61 423.77 515.91 0.0001397
table 0 0 -10 0.21 63.14 30.72 296.45 0.0001385
desk 0 0 -10 495.24 61.73 730.00 530.00 0.0001381
table 0 0 -10 0.00 150.81 76.04 340.76 0.0001379
table 0 0 -10 66.30 1.40 235.37 72.58 0.0001366
bathtub 0 0 -10 530.68 344.79 730.00 526.27 0.0001338
sofa 0 0 -10 2.16 211.61 97.79 513.57 0.0001329
chair 0 0 -10 126.88 1.08 299.67 59.71 0.0001325
table 0 0 -10 155.71 110.70 358.80 469.26 0.0001315
bed 0 0 -10 7.88 196.91 458.05 527.27 0.0001308
bathtub 0 0 -10 0.77 77.38 60.62 210.30 0.0001285
table 0 0 -10 282.22 217.64 444.29 530.00 0.0001274
chair 0 0 -10 57.67 124.84 121.30 206.16 0.0001270
chair 0 0 -10 1.68 0.00 121.36 132.60 0.0001229
chair 0 0 -10 511.76 460.80 684.29 529.12 0.0001222
chair 0 0 -10 15.94 112.64 198.53 280.23 0.0001220
dresser 0 0 -10 382.85 71.37 671.11 529.59 0.0001209
dresser 0 0 -10 281.15 193.49 451.14 530.00 0.0001205
