table 0 0 -10 587.67 225.79 729.58 427.94 0.9352864
table 0 0 -10 13.16 184.60 391.18 451.91 0.8085606
desk 0 0 -10 15.15 171.73 401.55 471.07 0.1583841
chair 0 0 -10 27.68 98.04 400.13 447.21 0.1039760
desk 0 0 -10 593.60 214.46 726.64 421.69 0.0656538
chair 0 0 -10 140.52 180.26 373.55 428.57 0.0634278
table 0 0 -10 604.62 179.13 728.45 332.32 0.0397547
table 0 0 -10 30.53 198.90 376.06 331.47 0.0394966
table 0 0 -10 676.12 250.81 729.93 476.01 0.0384465
bed 0 0 -10 8.99 127.52 428.81 469.92 0.0332859
chair 0 0 -10 630.34 153.76 718.86 297.85 0.0182070
table 0 0 -10 534.23 241.15 727.53 504.38 0.0155670
chair 0 0 -10 0.00 277.90 56.69 463.76 0.0155082
table 0 0 -10 611.44 189.13 727.59 270.58 0.0102518
table 0 0 -10 0.99 271.46 22.34 462.52 0.0099793
chair 0 0 -10 221.51 191.70 387.33 378.76 0.0099267
table 0 0 -10 618.76 289.41 729.59 475.68 0.0092848
table 0 0 -10 31.23 166.54 645.65 476.08 0.0089218
table 0 0 -10 231.52 272.72 362.43 447.80 0.0081302
chair 0 0 -10 1.98 131.05 95.82 308.67 0.0079738
sofa 0 0 -10 8.87 134.93 424.71 464.03 0.0070081
chair 0 0 -10 577.77 221.23 713.07 434.92 0.0063306
table 0 0 -10 6.88 287.33 13.37 440.20 0.0062105
table 0 0 -10 714.43 261.40 729.93 474.58 0.0061203
table 0 0 -10 1.80 324.39 62.50 458.82 0.0060033
chair 0 0 -10 0.00 125.26 98.34 464.25 0.0052930
table 0 0 -10 5.18 266.18 9.86 451.93 0.0052847
chair 0 0 -10 602.36 271.12 728.49 492.56 0.0048552
chair 0 0 -10 1.64 332.80 73.47 445.54 0.0041670
chair 0 0 -10 9.83 153.62 243.80 435.91 0.0040537
bookshelf 0 0 -10 25.09 80.95 389.41 451.48 0.0039600
desk 0 0 -10 609.74 180.78 726.15 333.18 0.0039554
table 0 0 -10 4.28 235.67 31.24 455.44 0.0038980
toilet 0 0 -10 29.77 103.93 410.29 460.87 0.0038749
table 0 0 -10 694.54 333.10 728.09 476.46 0.0038020
bathtub 0 0 -10 0.00 136.73 466.80 483.26 0.0034604
chair 0 0 -10 595.78 171.10 699.43 378.77 0.0034319
table 0 0 -10 2.84 290.54 11.74 444.76 0.0033692
dresser 0 0 -10 5.08 135.56 429.08 473.53 0.0032368
chair 0 0 -10 1.53 43.44 81.15 364.23 0.0031557
table 0 0 -10 702.35 238.01 728.48 438.25 0.0031107
desk 0 0 -10 27.78 199.27 378.80 329.32 0.0029235
chair 0 0 -10 0.00 114.17 160.13 367.28 0.0028188
chair 0 0 -10 0.00 243.50 151.27 504.24 0.0023752
chair 0 0 -10 651.37 315.09 730.00 528.99 0.0023074
chair 0 0 -10 4.42 259.59 31.89 439.93 0.0022272
chair 0 0 -10 0.00 96.46 51.84 414.98 0.0021503
chair 0 0 -10 1.87 231.37 120.99 355.18 0.0018985
night_stand 0 0 -10 10.24 145.12 426.83 471.28 0.0017673
chair 0 0 -10 6.47 273.64 13.87 437.78 0.0015907
chair 0 0 -10 129.88 182.00 365.74 313.40 0.0015823
table 0 0 -10 2.61 327.45 19.59 516.04 0.0015537
chair 0 0 -10 694.09 178.60 730.00 425.41 0.0015399
table 0 0 -10 39.84 178.29 341.08 276.78 0.0013792
table 0 0 -10 481.29 219.03 714.28 406.08 0.0012408
chair 0 0 -10 2.46 270.32 12.33 442.83 0.0012041
table 0 0 -10 717.14 333.13 728.37 456.52 0.0011833
chair 0 0 -10 685.61 264.65 730.00 490.39 0.0011558
sofa 0 0 -10 33.30 193.21 375.78 327.69 0.0011473
chair 0 0 -10 1.17 281.88 111.80 458.79 0.0011361
table 0 0 -10 0.00 268.67 50.24 416.01 0.0011351
chair 0 0 -10 678.49 156.01 730.00 268.90 0.0010909
table 0 0 -10 6.56 228.54 11.74 469.94 0.0010898
desk 0 0 -10 687.42 206.20 728.76 446.69 0.0010705
table 0 0 -10 671.37 337.87 726.29 449.76 0.0010565
table 0 0 -10 148.00 236.66 385.19 448.60 0.0009976
table 0 0 -10 5.80 224.91 206.95 493.88 0.0009971
chair 0 0 -10 680.38 186.78 730.00 328.98 0.0009944
bed 0 0 -10 14.26 12.35 622.63 399.52 0.0009918
table 0 0 -10 2.04 212.65 65.77 488.75 0.0009744
table 0 0 -10 720.17 242.55 728.44 456.92 0.0009515
chair 0 0 -10 629.28 236.34 725.86 399.72 0.0009386
chair 0 0 -10 2.59 183.01 74.60 396.44 0.0009149
table 0 0 -10 7.71 248.86 16.33 428.65 0.0008932
chair 0 0 -10 46.48 67.49 231.49 274.38 0.0008857
table 0 0 -10 0.69 332.78 37.60 423.30 0.0008463
table 0 0 -10 711.92 358.86 728.98 439.87 0.0008226
chair 0 0 -10 685.54 346.69 728.84 455.95 0.0008195
table 0 0 -10 627.38 205.34 729.91 247.93 0.0008123
table 0 0 -10 30.18 30.94 482.13 343.14 0.0008099
table 0 0 -10 1.16 273.29 8.19 476.83 0.0008060
bed 0 0 -10 13.91 157.35 370.48 325.44 0.0007737
table 0 0 -10 589.55 230.98 621.10 377.68 0.0007330
table 0 0 -10 1.45 276.32 93.08 441.70 0.0007252
desk 0 0 -10 618.31 189.97 729.20 269.27 0.0007245
chair 0 0 -10 32.57 135.88 345.11 322.79 0.0007080
chair 0 0 -10 3.94 213.38 17.47 434.62 0.0007036
table 0 0 -10 689.60 341.03 727.90 411.98 0.0007028
table 0 0 -10 2.53 235.61 133.23 411.46 0.0006977
table 0 0 -10 710.10 199.20 730.00 391.23 0.0006960
bathtub 0 0 -10 45.56 85.94 412.69 266.53 0.0006921
chair 0 0 -10 179.73 20.97 386.64 405.30 0.0006891
chair 0 0 -10 0.37 325.49 39.83 419.95 0.0006776
chair 0 0 -10 229.87 224.86 416.76 465.94 0.0006629
chair 0 0 -10 579.55 197.58 657.25 387.64 0.0006595
desk 0 0 -10 620.95 286.77 730.00 482.60 0.0006522
chair 0 0 -10 705.14 178.02 729.84 333.41 0.0006436
chair 0 0 -10 521.54 281.23 720.32 525.23 0.0006264
chair 0 0 -10 622.03 160.47 720.38 234.93 0.0006113
desk 0 0 -10 534.59 236.64 730.00 486.78 0.0006062
