night_stand 0 0 -10 211.02 162.28 491.92 413.46 0.7883324
table 0 0 -10 215.31 159.72 495.92 403.99 0.3746883
desk 0 0 -10 207.54 158.82 496.18 406.73 0.1941513
table 0 0 -10 0.76 294.48 32.23 488.09 0.1634907
desk 0 0 -10 535.75 53.99 637.95 182.73 0.1293626
chair 0 0 -10 0.55 273.46 35.32 473.87 0.1285603
table 0 0 -10 14.36 297.14 187.86 465.05 0.0785440
table 0 0 -10 535.24 54.95 636.37 179.05 0.0668034
dresser 0 0 -10 213.19 171.95 493.92 409.18 0.0268539
chair 0 0 -10 10.35 295.22 168.94 474.57 0.0256918
desk 0 0 -10 0.48 290.67 32.15 487.79 0.0116886
desk 0 0 -10 20.47 305.52 182.88 464.19 0.0108169
chair 0 0 -10 2.62 252.74 17.84 474.65 0.0096650
chair 0 0 -10 0.52 321.69 23.14 487.47 0.0096603
chair 0 0 -10 0.00 256.68 71.81 465.17 0.0096419
night_stand 0 0 -10 335.21 168.81 498.47 355.37 0.0090008
table 0 0 -10 6.17 297.93 12.93 483.80 0.0072768
table 0 0 -10 5.52 277.98 21.24 494.93 0.0060702
table 0 0 -10 3.33 297.96 10.56 480.19 0.0049828
chair 0 0 -10 0.47 314.34 45.37 419.15 0.0049030
desk 0 0 -10 527.13 13.66 674.94 205.77 0.0045389
chair 0 0 -10 674.99 307.27 730.00 517.58 0.0043144
chair 0 0 -10 6.51 293.17 13.93 476.15 0.0042995
bed 0 0 -10 219.33 159.53 506.25 416.97 0.0042358
chair 0 0 -10 0.30 304.35 53.46 508.27 0.0040594
chair 0 0 -10 8.27 315.30 16.89 490.59 0.0033266
table 0 0 -10 627.18 247.84 727.27 393.71 0.0028083
chair 0 0 -10 27.89 224.90 180.58 438.14 0.0027092
chair 0 0 -10 2.74 292.66 10.95 478.42 0.0025039
dresser 0 0 -10 533.12 19.26 646.38 173.82 0.0024503
table 0 0 -10 675.94 304.27 729.27 517.97 0.0024135
sofa 0 0 -10 678.42 310.68 730.00 524.53 0.0023157
sofa 0 0 -10 0.71 276.01 33.31 477.34 0.0021963
table 0 0 -10 530.11 84.38 583.36 175.54 0.0021915
bookshelf 0 0 -10 526.86 0.79 651.86 181.37 0.0021498
chair 0 0 -10 262.09 154.31 495.26 395.36 0.0019598
night_stand 0 0 -10 14.29 292.83 192.34 468.13 0.0019204
night_stand 0 0 -10 411.31 181.08 498.41 364.34 0.0017914
desk 0 0 -10 526.43 7.02 644.79 123.90 0.0017851
table 0 0 -10 39.78 272.19 405.42 511.91 0.0017723
chair 0 0 -10 531.02 8.45 623.76 145.89 0.0016726
night_stand 0 0 -10 4.22 290.36 30.61 477.07 0.0015926
desk 0 0 -10 425.28 3.66 709.83 235.01 0.0015164
table 0 0 -10 8.70 320.88 16.49 493.64 0.0013904
table 0 0 -10 528.56 17.36 669.04 206.58 0.0013903
night_stand 0 0 -10 530.44 46.35 642.68 178.94 0.0013811
sofa 0 0 -10 219.13 177.71 500.20 414.83 0.0013197
table 0 0 -10 153.83 167.40 588.58 487.43 0.0012489
table 0 0 -10 0.36 350.29 25.60 457.16 0.0012101
desk 0 0 -10 135.69 158.30 607.77 488.85 0.0011606
table 0 0 -10 691.93 410.25 727.83 459.97 0.0011561
table 0 0 -10 3.90 291.56 58.72 491.59 0.0011320
table 0 0 -10 632.12 274.69 725.84 509.34 0.0010954
bookshelf 0 0 -10 217.75 172.37 495.11 414.02 0.0010412
chair 0 0 -10 0.00 195.08 45.64 440.52 0.0010399
desk 0 0 -10 7.14 292.22 13.36 476.95 0.0010188
chair 0 0 -10 4.70 283.53 252.25 513.86 0.0010017
dresser 0 0 -10 542.76 6.63 662.92 93.57 0.0009957
chair 0 0 -10 181.40 201.93 504.17 465.92 0.0009944
table 0 0 -10 6.72 262.33 269.25 434.90 0.0009519
bookshelf 0 0 -10 543.14 1.40 664.10 97.97 0.0009428
chair 0 0 -10 612.37 271.72 729.45 524.24 0.0009385
desk 0 0 -10 475.97 40.25 638.48 240.60 0.0009269
table 0 0 -10 527.14 7.84 642.92 125.71 0.0009066
table 0 0 -10 480.94 49.31 634.63 242.13 0.0008871
chair 0 0 -10 0.01 257.32 126.22 422.06 0.0008597
table 0 0 -10 36.32 317.27 252.32 506.34 0.0008561
bed 0 0 -10 0.87 283.40 33.29 492.07 0.0008482
table 0 0 -10 34.82 33.06 486.08 348.70 0.0008350
table 0 0 -10 0.71 320.52 30.67 418.92 0.0008293
table 0 0 -10 597.69 74.98 727.38 392.26 0.0008261
table 0 0 -10 0.05 302.77 6.37 478.86 0.0008184
chair 0 0 -10 4.82 280.24 10.20 438.99 0.0008103
table 0 0 -10 707.59 371.56 729.04 522.45 0.0007788
desk 0 0 -10 2.59 288.57 271.44 490.48 0.0007757
chair 0 0 -10 0.00 299.28 6.73 478.47 0.0007703
chair 0 0 -10 352.43 136.82 513.96 336.60 0.0007680
chair 0 0 -10 523.47 39.80 602.89 171.46 0.0007561
table 0 0 -10 0.00 399.16 19.54 421.83 0.0007512
toilet 0 0 -10 220.55 178.16 503.02 428.94 0.0007412
dresser 0 0 -10 443.01 7.73 703.68 225.79 0.0007261
toilet 0 0 -10 4.64 283.09 29.82 480.99 0.0007188
table 0 0 -10 316.11 157.24 498.17 346.48 0.0007138
sofa 0 0 -10 700.40 330.72 727.98 510.19 0.0006980
desk 0 0 -10 321.68 164.12 497.27 357.88 0.0006936
table 0 0 -10 4.08 316.76 17.88 454.33 0.0006845
chair 0 0 -10 0.55 365.49 26.81 392.15 0.0006831
bathtub 0 0 -10 207.92 174.05 493.48 405.81 0.0006802
dresser 0 0 -10 0.38 290.30 32.79 490.33 0.0006792
desk 0 0 -10 17.36 14.96 506.39 355.26 0.0006122
desk 0 0 -10 182.13 43.65 686.22 382.09 0.0006076
table 0 0 -10 484.90 35.64 697.64 325.09 0.0006072
chair 0 0 -10 31.02 198.54 142.50 350.74 0.0005995
chair 0 0 -10 701.78 309.38 730.00 508.39 0.0005973
table 0 0 -10 431.66 79.69 606.12 187.31 0.0005920
sofa 0 0 -10 615.55 269.86 728.17 529.59 0.0005620
chair 0 0 -10 0.00 281.89 53.47 385.07 0.0005584
chair 0 0 -10 544.72 39.15 642.35 179.08 0.0005415
chair 0 0 -10 506.03 2.15 638.69 68.41 0.0005342
chair 0 0 -10 530.24 84.21 579.96 175.59 0.0005024
