chair 0 0 -10 153.75 252.99 386.73 524.73 0.9886458
chair 0 0 -10 14.56 139.89 163.93 322.78 0.9824828
desk 0 0 -10 175.22 141.53 687.09 522.81 0.9282353
desk 0 0 -10 74.15 104.00 302.20 317.87 0.9052697
desk 0 0 -10 577.01 249.43 727.36 530.00 0.8507844
table 0 0 -10 175.50 185.49 562.15 498.66 0.5692576
desk 0 0 -10 484.85 116.05 712.27 530.00 0.3819378
desk 0 0 -10 77.42 148.36 235.89 300.05 0.3055707
chair 0 0 -10 1.52 102.98 48.84 250.71 0.2716695
chair 0 0 -10 4.18 136.42 117.06 265.75 0.2574668
table 0 0 -10 572.81 243.22 730.00 528.60 0.1351589
chair 0 0 -10 4.87 117.99 28.34 253.04 0.1112252
table 0 0 -10 74.96 149.53 242.78 297.62 0.0958379
table 0 0 -10 48.31 133.61 306.22 329.55 0.0694897
desk 0 0 -10 148.99 140.97 410.36 425.38 0.0669836
chair 0 0 -10 1.16 122.43 33.69 197.48 0.0652859
table 0 0 -10 48.98 152.06 172.51 309.10 0.0555074
desk 0 0 -10 387.98 121.35 575.39 470.99 0.0542037
desk 0 0 -10 30.67 121.57 197.22 288.42 0.0524599
chair 0 0 -10 2.66 132.52 80.33 229.51 0.0401984
chair 0 0 -10 6.75 120.25 16.02 253.64 0.0341924
desk 0 0 -10 638.90 231.70 727.56 485.27 0.0333194
table 0 0 -10 147.73 139.43 412.57 414.04 0.0323210
desk 0 0 -10 69.91 145.72 169.34 276.40 0.0310191
desk 0 0 -10 217.03 183.28 530.81 480.56 0.0266949
table 0 0 -10 340.65 109.19 713.60 529.17 0.0243457
desk 0 0 -10 22.11 80.90 199.89 228.78 0.0203870
desk 0 0 -10 76.46 102.48 494.19 478.76 0.0193686
desk 0 0 -10 333.93 130.75 703.67 375.25 0.0178867
table 0 0 -10 72.35 145.92 163.76 246.25 0.0175218
desk 0 0 -10 187.66 110.06 508.14 310.29 0.0169783
chair 0 0 -10 9.03 131.55 20.88 251.55 0.0162660
dresser 0 0 -10 542.62 103.41 728.92 505.92 0.0144277
chair 0 0 -10 2.15 97.81 11.69 252.91 0.0144031
chair 0 0 -10 304.99 140.34 429.22 270.67 0.0140545
table 0 0 -10 0.00 142.59 108.19 257.82 0.0121939
chair 0 0 -10 94.50 142.52 153.15 242.04 0.0115229
chair 0 0 -10 3.17 97.86 18.07 268.71 0.0114527
desk 0 0 -10 0.00 143.96 108.51 260.22 0.0104469
chair 0 0 -10 532.31 229.15 723.26 530.00 0.0101433
chair 0 0 -10 336.50 112.76 511.32 329.69 0.0095803
chair 0 0 -10 1.83 112.87 63.17 199.04 0.0092481
chair 0 0 -10 130.66 162.93 311.42 422.90 0.0092477
desk 0 0 -10 67.89 136.43 253.97 206.27 0.0086433
table 0 0 -10 11.67 121.40 152.19 244.70 0.0086320
chair 0 0 -10 396.31 144.02 603.62 420.99 0.0081039
table 0 0 -10 0.00 138.76 18.59 267.62 0.0080016
table 0 0 -10 0.38 133.39 25.51 197.46 0.0076967
dresser 0 0 -10 147.56 89.38 327.67 317.13 0.0076483
chair 0 0 -10 78.12 138.78 365.35 481.66 0.0073285
table 0 0 -10 0.90 135.78 34.59 254.78 0.0067852
table 0 0 -10 0.34 118.80 53.36 218.92 0.0063712
chair 0 0 -10 198.44 68.55 277.00 147.11 0.0063416
chair 0 0 -10 469.41 160.79 690.52 507.55 0.0060045
desk 0 0 -10 13.09 67.88 559.34 286.04 0.0057141
table 0 0 -10 143.70 103.87 300.02 308.19 0.0052907
chair 0 0 -10 73.05 133.67 172.57 270.64 0.0051032
bookshelf 0 0 -10 149.17 84.86 320.65 319.50 0.0050257
desk 0 0 -10 110.37 116.00 303.54 228.88 0.0049809
chair 0 0 -10 43.07 138.14 239.58 341.24 0.0049552
chair 0 0 -10 159.41 105.02 335.23 336.90 0.0049352
desk 0 0 -10 592.65 237.13 722.66 406.49 0.0049238
bookshelf 0 0 -10 166.59 0.00 254.79 90.44 0.0048989
table 0 0 -10 150.38 319.04 368.09 529.17 0.0045259
table 0 0 -10 21.18 85.99 199.62 228.79 0.0045217
chair 0 0 -10 78.93 0.00 178.23 78.31 0.0039469
desk 0 0 -10 8.24 158.98 158.92 310.59 0.0039074
chair 0 0 -10 166.59 0.11 242.51 88.22 0.0038351
table 0 0 -10 350.69 6.10 507.50 84.04 0.0036983
chair 0 0 -10 1.30 97.86 7.66 216.30 0.0035959
table 0 0 -10 385.15 128.57 579.75 460.18 0.0035865
desk 0 0 -10 401.14 98.63 623.48 349.28 0.0034468
desk 0 0 -10 155.97 123.89 322.59 279.93 0.0034388
chair 0 0 -10 418.35 95.87 517.86 328.84 0.0033576
desk 0 0 -10 9.98 108.41 136.32 229.33 0.0033533
chair 0 0 -10 322.14 161.72 525.11 424.87 0.0033451
chair 0 0 -10 643.11 297.17 730.00 516.67 0.0033133
table 0 0 -10 6.57 124.93 15.74 256.21 0.0033011
sofa 0 0 -10 6.95 136.06 161.31 304.06 0.0031333
chair 0 0 -10 204.50 189.52 437.24 481.50 0.0031261
table 0 0 -10 4.69 136.54 11.63 267.77 0.0030214
chair 0 0 -10 105.09 93.03 229.02 258.92 0.0029591
table 0 0 -10 277.92 134.32 538.60 344.25 0.0029285
table 0 0 -10 0.00 148.47 77.46 225.51 0.0026823
bookshelf 0 0 -10 354.22 2.07 510.24 86.71 0.0026292
table 0 0 -10 77.76 71.37 442.09 315.62 0.0026268
chair 0 0 -10 542.28 11.37 645.64 101.01 0.0025614
desk 0 0 -10 349.49 3.95 512.82 84.46 0.0025116
chair 0 0 -10 117.20 0.78 176.75 65.89 0.0024945
chair 0 0 -10 623.20 133.91 727.59 493.89 0.0024112
desk 0 0 -10 0.87 105.75 33.83 258.43 0.0024073
chair 0 0 -10 284.66 101.82 473.02 286.01 0.0023952
table 0 0 -10 2.37 151.29 134.64 321.32 0.0023943
dresser 0 0 -10 389.37 105.33 717.02 530.00 0.0023600
bookshelf 0 0 -10 556.98 12.09 651.51 107.00 0.0023576
chair 0 0 -10 20.12 88.25 163.60 257.99 0.0023005
chair 0 0 -10 259.74 208.89 546.63 520.97 0.0021950
chair 0 0 -10 357.55 4.86 500.71 81.24 0.0021489
chair 0 0 -10 24.80 1.00 148.11 79.32 0.0021454
chair 0 0 -10 259.47 131.24 414.90 212.84 0.0021415
