table 0 0 -10 200.80 171.87 390.87 417.48 0.0217363
dresser 0 0 -10 0.46 154.65 42.49 488.17 0.0025642
chair 0 0 -10 0.00 176.22 62.12 517.04 0.0023241
table 0 0 -10 45.03 137.53 530.76 504.02 0.0010292
bed 0 0 -10 25.62 123.84 536.36 508.97 0.0008918
night_stand 0 0 -10 219.37 197.46 392.78 413.09 0.0008271
dresser 0 0 -10 205.66 170.07 390.72 411.85 0.0007808
table 0 0 -10 71.44 0.97 718.22 476.50 0.0007385
table 0 0 -10 32.12 167.08 315.12 483.46 0.0007029
bed 0 0 -10 0.00 119.93 275.26 497.08 0.0006925
dresser 0 0 -10 0.79 127.46 245.99 459.31 0.0005502
dresser 0 0 -10 636.80 0.00 724.63 449.48 0.0005116
dresser 0 0 -10 1.49 104.88 84.97 490.51 0.0004870
bookshelf 0 0 -10 1.11 137.23 41.92 488.50 0.0004826
dresser 0 0 -10 556.44 83.46 722.48 415.33 0.0004527
bed 0 0 -10 51.95 0.00 730.00 479.58 0.0003884
chair 0 0 -10 0.00 119.99 36.04 470.86 0.0003581
chair 0 0 -10 2.28 342.47 77.55 526.37 0.0003581
table 0 0 -10 214.64 170.82 382.09 282.41 0.0003188
bed 0 0 -10 197.81 169.92 396.79 432.39 0.0003094
dresser 0 0 -10 79.36 0.00 721.59 460.19 0.0003060
table 0 0 -10 0.94 377.52 46.11 520.74 0.0002937
chair 0 0 -10 0.00 153.69 147.80 487.00 0.0002485
sofa 0 0 -10 12.23 58.46 428.45 502.52 0.0002420
table 0 0 -10 1.62 176.04 57.97 511.94 0.0002300
bookshelf 0 0 -10 209.54 168.37 391.57 420.67 0.0002119
desk 0 0 -10 28.67 130.20 552.14 504.06 0.0002053
table 0 0 -10 56.49 340.70 683.66 530.00 0.0002051
bathtub 0 0 -10 689.01 241.90 729.75 500.44 0.0001996
desk 0 0 -10 202.91 171.97 402.72 428.93 0.0001920
dresser 0 0 -10 445.32 68.23 693.85 416.65 0.0001916
bed 0 0 -10 0.00 144.64 44.48 498.03 0.0001907
table 0 0 -10 1.88 81.55 216.74 494.42 0.0001906
table 0 0 -10 177.58 248.79 458.15 522.73 0.0001901
bathtub 0 0 -10 638.65 87.26 730.00 514.32 0.0001841
chair 0 0 -10 515.52 185.13 730.00 500.05 0.0001776
table 0 0 -10 181.83 91.98 403.33 284.40 0.0001743
dresser 0 0 -10 688.55 73.14 729.46 457.71 0.0001739
chair 0 0 -10 0.54 280.51 41.24 526.20 0.0001734
bed 0 0 -10 14.54 2.95 724.69 121.39 0.0001660
desk 0 0 -10 636.21 1.56 728.11 460.10 0.0001589
bookshelf 0 0 -10 2.30 67.07 84.18 491.61 0.0001571
sofa 0 0 -10 32.03 344.70 728.75 530.00 0.0001526
chair 0 0 -10 209.38 142.60 403.24 404.48 0.0001482
table 0 0 -10 332.36 185.34 628.01 433.04 0.0001459
bathtub 0 0 -10 4.93 133.71 250.50 440.41 0.0001420
chair 0 0 -10 2.08 261.38 279.20 503.85 0.0001341
chair 0 0 -10 586.77 0.00 730.00 358.56 0.0001308
chair 0 0 -10 9.59 356.78 381.49 528.95 0.0001258
sofa 0 0 -10 7.58 136.95 272.82 487.33 0.0001241
table 0 0 -10 637.35 10.88 724.14 466.66 0.0001220
table 0 0 -10 2.83 322.48 29.22 522.35 0.0001156
bathtub 0 0 -10 697.17 120.50 730.00 465.44 0.0001128
bookshelf 0 0 -10 89.86 0.00 711.54 456.51 0.0001127
table 0 0 -10 225.59 248.31 597.90 459.55 0.0001105
toilet 0 0 -10 183.63 164.54 397.13 430.43 0.0001105
bathtub 0 0 -10 33.28 0.00 730.00 113.65 0.0001102
bathtub 0 0 -10 671.18 75.10 725.99 435.85 0.0001066
sofa 0 0 -10 206.52 173.45 395.26 411.84 0.0001002
table 0 0 -10 0.44 460.14 41.54 530.00 0.0000986
dresser 0 0 -10 42.32 138.34 509.89 499.92 0.0000984
bathtub 0 0 -10 633.53 268.95 730.00 426.56 0.0000961
bathtub 0 0 -10 534.89 154.67 730.00 383.19 0.0000957
bookshelf 0 0 -10 603.46 40.48 727.78 473.48 0.0000943
chair 0 0 -10 250.01 300.77 706.68 527.81 0.0000917
bathtub 0 0 -10 588.16 48.76 730.00 352.21 0.0000887
sofa 0 0 -10 63.91 174.84 666.86 504.24 0.0000859
bed 0 0 -10 2.66 59.24 147.40 517.60 0.0000818
bed 0 0 -10 242.34 143.85 687.51 488.64 0.0000816
bathtub 0 0 -10 623.90 161.77 730.00 335.23 0.0000813
table 0 0 -10 47.88 0.58 701.47 122.39 0.0000812
bed 0 0 -10 31.27 343.82 730.00 530.00 0.0000804
bathtub 0 0 -10 172.90 167.44 406.20 414.87 0.0000791
chair 0 0 -10 2.68 393.48 182.56 530.00 0.0000782
chair 0 0 -10 0.81 459.62 45.15 530.00 0.0000760
table 0 0 -10 88.09 288.36 354.90 511.20 0.0000751
bathtub 0 0 -10 485.58 12.99 729.75 388.05 0.0000739
chair 0 0 -10 430.83 377.69 721.15 529.95 0.0000737
bookshelf 0 0 -10 5.05 104.12 244.23 482.73 0.0000728
bathtub 0 0 -10 694.64 329.56 730.00 465.38 0.0000719
table 0 0 -10 3.22 381.80 13.29 498.91 0.0000694
chair 0 0 -10 3.09 434.10 111.83 530.00 0.0000681
bed 0 0 -10 169.62 66.36 400.55 280.92 0.0000679
bathtub 0 0 -10 627.34 94.43 693.46 423.53 0.0000643
dresser 0 0 -10 345.62 186.79 639.96 423.19 0.0000619
bathtub 0 0 -10 51.73 5.95 730.00 433.46 0.0000616
bed 0 0 -10 509.53 147.67 730.00 494.99 0.0000613
chair 0 0 -10 7.12 212.71 26.78 529.66 0.0000607
sofa 0 0 -10 186.65 16.95 693.67 449.60 0.0000606
chair 0 0 -10 213.75 437.15 709.28 530.00 0.0000598
chair 0 0 -10 463.57 22.54 715.92 444.61 0.0000598
dresser 0 0 -10 38.79 0.81 710.87 214.00 0.0000579
table 0 0 -10 387.03 96.84 698.22 476.64 0.0000577
bathtub 0 0 -10 408.65 117.74 666.21 421.44 0.0000567
table 0 0 -10 6.66 20.68 324.42 421.84 0.0000556
chair 0 0 -10 180.95 29.23 395.17 267.59 0.0000554
dresser 0 0 -10 10.14 135.18 25.85 506.28 0.0000549
table 0 0 -10 4.27 369.35 9.78 510.97 0.0000540
table 0 0 -10 695.86 434.88 728.37 530.00 0.0000528
desk 0 0 -10 0.00 130.51 255.66 467.84 0.0000520
