chair 0 0 -10 217.75 165.23 473.73 512.71 0.9929284
table 0 0 -10 0.13 197.18 100.17 486.13 0.5643946
desk 0 0 -10 0.24 196.99 88.66 468.62 0.5240565
night_stand 0 0 -10 37.58 217.15 136.18 371.34 0.4808793
night_stand 0 0 -10 0.63 221.36 113.01 462.58 0.4037805
bed 0 0 -10 319.75 484.44 601.24 530.00 0.2581038
table 0 0 -10 3.11 300.85 113.05 458.17 0.2445303
table 0 0 -10 300.85 483.20 622.19 530.00 0.1932673
table 0 0 -10 0.74 212.68 135.20 386.64 0.1501761
desk 0 0 -10 12.48 215.43 131.05 399.73 0.1431087
chair 0 0 -10 303.36 489.03 614.58 529.60 0.0689134
table 0 0 -10 0.00 194.16 70.66 321.10 0.0486548
chair 0 0 -10 234.09 421.02 629.07 525.35 0.0372090
desk 0 0 -10 0.00 195.04 67.96 365.06 0.0353685
table 0 0 -10 304.14 423.78 668.63 526.11 0.0327431
sofa 0 0 -10 310.60 486.98 613.65 529.03 0.0317059
dresser 0 0 -10 0.00 195.36 106.66 460.31 0.0264035
chair 0 0 -10 238.99 269.96 608.38 526.12 0.0240283
desk 0 0 -10 299.46 482.39 620.59 529.08 0.0217358
dresser 0 0 -10 34.78 219.43 135.94 363.18 0.0194959
table 0 0 -10 336.95 449.96 558.13 515.06 0.0169412
table 0 0 -10 0.77 135.46 158.43 459.94 0.0152347
chair 0 0 -10 0.00 201.02 66.97 459.66 0.0148883
chair 0 0 -10 28.76 212.35 136.17 381.62 0.0140486
desk 0 0 -10 0.00 120.43 162.80 466.87 0.0122453
chair 0 0 -10 225.56 285.02 417.63 525.20 0.0117569
bookshelf 0 0 -10 298.98 489.11 607.15 529.41 0.0113577
table 0 0 -10 373.62 294.23 711.45 527.53 0.0111066
chair 0 0 -10 291.91 465.38 649.86 522.06 0.0098888
bed 0 0 -10 302.02 453.04 661.15 530.00 0.0098865
chair 0 0 -10 2.08 170.79 77.38 357.77 0.0093330
desk 0 0 -10 299.66 422.25 678.45 524.51 0.0080048
chair 0 0 -10 239.83 136.49 458.29 356.06 0.0073895
table 0 0 -10 47.59 219.02 127.60 358.19 0.0070366
chair 0 0 -10 0.89 178.42 52.27 298.08 0.0067464
table 0 0 -10 212.17 359.13 528.20 523.41 0.0062352
table 0 0 -10 0.00 214.31 66.01 404.31 0.0054898
chair 0 0 -10 0.00 163.75 107.94 487.05 0.0053885
bookshelf 0 0 -10 318.74 465.76 628.28 523.76 0.0052628
table 0 0 -10 5.45 189.52 27.67 427.30 0.0051805
bed 0 0 -10 1.41 182.60 106.70 464.70 0.0050608
table 0 0 -10 187.50 272.29 641.84 530.00 0.0043792
desk 0 0 -10 1.90 188.90 45.67 317.18 0.0043448
chair 0 0 -10 0.00 185.08 34.94 264.23 0.0042719
dresser 0 0 -10 307.95 486.83 612.05 528.82 0.0042131
night_stand 0 0 -10 318.49 473.63 631.17 524.35 0.0040463
table 0 0 -10 385.05 448.28 498.08 505.04 0.0039931
table 0 0 -10 0.00 276.24 67.78 484.43 0.0037171
table 0 0 -10 0.00 188.84 56.83 274.33 0.0036091
chair 0 0 -10 239.62 216.68 474.47 327.52 0.0034473
table 0 0 -10 292.26 418.26 520.80 506.67 0.0031977
night_stand 0 0 -10 384.99 446.24 480.49 502.01 0.0030625
sofa 0 0 -10 284.48 459.10 669.60 530.00 0.0028735
table 0 0 -10 7.04 212.45 279.05 519.57 0.0028194
table 0 0 -10 80.32 209.60 476.98 519.25 0.0028068
desk 0 0 -10 371.44 286.54 726.98 529.76 0.0023982
desk 0 0 -10 0.00 310.66 116.34 463.39 0.0022016
bathtub 0 0 -10 289.84 490.48 613.69 529.16 0.0021758
table 0 0 -10 156.73 310.79 234.53 379.32 0.0021747
table 0 0 -10 0.00 174.69 35.32 503.41 0.0021600
table 0 0 -10 2.45 26.61 203.32 330.28 0.0020310
desk 0 0 -10 202.76 258.20 531.40 529.44 0.0019072
night_stand 0 0 -10 332.97 443.47 536.24 519.00 0.0019072
table 0 0 -10 0.00 267.05 24.62 468.63 0.0018068
table 0 0 -10 137.74 291.15 286.27 386.14 0.0017709
table 0 0 -10 10.57 288.66 232.03 470.95 0.0017402
sofa 0 0 -10 172.44 148.67 515.89 501.66 0.0017113
table 0 0 -10 2.35 173.57 17.04 518.69 0.0016885
sofa 0 0 -10 4.87 199.72 105.44 460.68 0.0016188
dresser 0 0 -10 299.31 462.83 624.12 519.89 0.0015964
bed 0 0 -10 201.20 407.36 714.85 527.92 0.0015490
toilet 0 0 -10 315.64 489.78 598.69 529.82 0.0014778
bathtub 0 0 -10 307.42 467.10 662.92 523.49 0.0013553
desk 0 0 -10 9.66 165.56 367.33 517.12 0.0013341
sofa 0 0 -10 196.37 410.03 719.86 530.00 0.0013154
table 0 0 -10 2.08 198.02 12.45 415.10 0.0013097
bookshelf 0 0 -10 2.96 198.24 104.87 458.94 0.0013048
bathtub 0 0 -10 2.93 204.82 105.03 446.42 0.0013016
desk 0 0 -10 1.19 277.87 92.82 345.67 0.0012722
night_stand 0 0 -10 4.83 187.00 94.05 388.43 0.0012391
chair 0 0 -10 252.26 146.54 388.48 322.15 0.0011574
dresser 0 0 -10 300.55 420.76 675.76 524.83 0.0011530
sofa 0 0 -10 19.26 213.89 133.86 390.87 0.0011524
desk 0 0 -10 5.24 184.88 27.32 426.20 0.0011269
night_stand 0 0 -10 309.15 426.92 679.84 523.63 0.0011003
bed 0 0 -10 30.74 214.48 139.65 368.21 0.0010936
table 0 0 -10 0.00 289.30 93.28 360.13 0.0010482
chair 0 0 -10 210.21 461.22 473.98 530.00 0.0009993
toilet 0 0 -10 5.08 202.78 101.84 456.78 0.0009649
table 0 0 -10 0.00 200.45 33.20 269.95 0.0009551
chair 0 0 -10 323.44 77.78 411.01 405.89 0.0009479
chair 0 0 -10 170.69 135.94 405.98 448.13 0.0009314
table 0 0 -10 362.20 478.35 577.24 515.91 0.0009086
bathtub 0 0 -10 30.07 221.75 139.38 361.85 0.0009003
bed 0 0 -10 296.72 507.33 618.22 530.00 0.0008938
desk 0 0 -10 251.00 439.79 547.86 524.44 0.0008696
night_stand 0 0 -10 291.73 491.71 587.56 529.61 0.0008346
toilet 0 0 -10 33.52 221.35 137.56 365.25 0.0008143
chair 0 0 -10 159.02 399.14 471.26 527.51 0.0007905
desk 0 0 -10 0.00 13.38 211.56 335.25 0.0007810
