bed 0 0 -10 22.82 104.75 594.94 530.00 0.9807483
table 0 0 -10 0.93 107.75 149.36 263.46 0.9198295
chair 0 0 -10 1.32 137.29 66.77 330.32 0.3401484
chair 0 0 -10 1.17 199.11 56.83 310.15 0.1039675
desk 0 0 -10 4.75 99.32 144.58 255.88 0.0566287
chair 0 0 -10 0.00 72.49 59.45 279.19 0.0554756
table 0 0 -10 1.62 93.54 102.76 360.96 0.0553962
chair 0 0 -10 3.58 117.46 39.34 293.56 0.0380531
table 0 0 -10 2.08 118.44 598.01 520.73 0.0352562
table 0 0 -10 0.89 217.16 59.11 338.75 0.0291562
table 0 0 -10 0.00 206.50 36.42 431.64 0.0274999
table 0 0 -10 0.00 110.25 51.85 230.75 0.0256326
bed 0 0 -10 45.81 217.93 417.35 530.00 0.0188281
chair 0 0 -10 0.20 180.59 55.43 434.48 0.0175050
table 0 0 -10 0.58 119.13 41.56 339.72 0.0166433
chair 0 0 -10 5.80 102.89 98.89 246.00 0.0154645
chair 0 0 -10 0.00 161.90 103.47 286.87 0.0119068
table 0 0 -10 1.61 118.24 96.50 239.95 0.0108079
table 0 0 -10 0.57 129.28 37.84 211.26 0.0102337
table 0 0 -10 0.30 202.47 32.74 334.29 0.0099132
chair 0 0 -10 0.30 106.01 48.98 230.44 0.0096413
bed 0 0 -10 0.00 82.88 325.98 433.04 0.0091342
table 0 0 -10 3.88 193.11 99.16 319.23 0.0088403
sofa 0 0 -10 8.89 89.66 598.39 529.98 0.0078649
chair 0 0 -10 65.30 281.12 460.68 530.00 0.0076066
chair 0 0 -10 0.37 133.39 26.43 319.56 0.0072358
table 0 0 -10 1.41 97.52 138.71 170.02 0.0069446
table 0 0 -10 690.39 271.84 728.40 517.71 0.0062817
bed 0 0 -10 0.00 71.00 178.38 331.97 0.0061908
chair 0 0 -10 92.41 138.47 561.52 528.23 0.0056883
table 0 0 -10 1.40 148.83 65.39 217.04 0.0053685
table 0 0 -10 0.00 37.17 155.70 221.95 0.0053231
table 0 0 -10 1.11 194.50 20.42 369.25 0.0049644
chair 0 0 -10 0.52 207.08 37.48 291.09 0.0048990
table 0 0 -10 38.50 96.79 162.62 222.90 0.0047575
table 0 0 -10 0.20 136.63 24.47 316.63 0.0043142
table 0 0 -10 0.00 134.03 77.41 459.57 0.0039886
desk 0 0 -10 0.00 112.03 600.18 525.51 0.0038814
table 0 0 -10 4.19 133.44 65.87 301.32 0.0038569
chair 0 0 -10 0.23 186.58 29.27 388.35 0.0037530
table 0 0 -10 2.13 238.95 70.48 306.95 0.0033930
chair 0 0 -10 2.63 120.40 164.11 275.64 0.0032734
table 0 0 -10 685.46 242.80 720.22 454.86 0.0025484
table 0 0 -10 0.00 95.94 196.96 379.61 0.0024771
table 0 0 -10 46.81 120.08 121.75 232.86 0.0024636
bed 0 0 -10 689.80 261.38 729.65 517.45 0.0022883
table 0 0 -10 692.20 347.00 727.77 470.44 0.0021670
chair 0 0 -10 0.35 12.00 57.34 194.49 0.0021523
table 0 0 -10 1.51 227.18 13.65 376.34 0.0021405
chair 0 0 -10 1.38 149.07 35.49 246.14 0.0021240
dresser 0 0 -10 0.00 107.09 596.35 530.00 0.0021165
chair 0 0 -10 40.24 91.63 144.65 230.67 0.0020936
table 0 0 -10 4.59 220.46 19.55 466.60 0.0019972
table 0 0 -10 0.50 230.49 56.52 488.84 0.0019845
chair 0 0 -10 2.46 133.13 16.43 273.81 0.0019564
night_stand 0 0 -10 6.90 104.99 159.59 285.55 0.0019545
chair 0 0 -10 1.65 165.85 57.43 229.46 0.0019428
night_stand 0 0 -10 32.99 125.08 597.49 530.00 0.0019292
bed 0 0 -10 16.96 377.54 436.15 529.16 0.0018868
table 0 0 -10 3.81 230.93 9.70 378.40 0.0017515
table 0 0 -10 38.41 149.77 184.81 253.22 0.0016666
chair 0 0 -10 4.01 177.99 133.57 332.31 0.0016356
table 0 0 -10 2.31 189.35 163.14 494.13 0.0016306
dresser 0 0 -10 684.80 259.25 726.41 444.16 0.0016165
chair 0 0 -10 692.40 351.21 729.05 474.37 0.0016136
chair 0 0 -10 7.23 180.21 25.20 278.61 0.0016099
chair 0 0 -10 2.55 76.61 128.73 417.49 0.0015577
chair 0 0 -10 0.00 103.09 75.01 191.39 0.0015201
desk 0 0 -10 4.26 116.54 90.17 331.21 0.0014688
chair 0 0 -10 3.50 124.95 10.65 305.58 0.0014670
table 0 0 -10 0.07 216.50 45.08 298.13 0.0014631
bathtub 0 0 -10 682.12 254.68 729.53 496.55 0.0014011
desk 0 0 -10 682.68 254.55 729.28 475.38 0.0012847
chair 0 0 -10 680.58 255.01 728.37 478.48 0.0012770
night_stand 0 0 -10 110.40 165.82 208.33 248.34 0.0011097
chair 0 0 -10 1.87 143.85 56.10 207.89 0.0010613
chair 0 0 -10 72.19 59.19 156.48 192.61 0.0010165
table 0 0 -10 658.80 232.73 728.95 448.39 0.0010036
chair 0 0 -10 4.32 47.58 202.36 297.03 0.0009713
sofa 0 0 -10 0.45 194.87 36.59 439.22 0.0009457
chair 0 0 -10 0.76 155.26 13.07 314.24 0.0009084
sofa 0 0 -10 1.38 141.78 53.38 398.80 0.0008875
night_stand 0 0 -10 692.21 294.71 728.65 459.77 0.0008840
table 0 0 -10 0.78 153.60 45.32 257.75 0.0008726
bed 0 0 -10 0.00 175.52 169.60 497.59 0.0008590
desk 0 0 -10 1.18 108.12 65.21 257.99 0.0008539
bathtub 0 0 -10 702.84 344.09 730.00 502.53 0.0008511
table 0 0 -10 1.53 181.70 10.12 340.41 0.0008489
table 0 0 -10 709.50 343.54 729.48 516.60 0.0008139
bathtub 0 0 -10 651.92 236.81 730.00 443.88 0.0007938
sofa 0 0 -10 691.26 267.71 728.78 518.16 0.0007933
chair 0 0 -10 1.74 204.27 34.09 226.92 0.0007922
sofa 0 0 -10 0.45 104.92 125.20 333.53 0.0007911
bed 0 0 -10 306.33 146.86 607.63 498.66 0.0007906
table 0 0 -10 2.08 137.68 15.48 264.72 0.0007848
table 0 0 -10 115.83 175.14 208.71 245.59 0.0007841
bed 0 0 -10 702.08 345.43 730.00 507.15 0.0007709
table 0 0 -10 0.22 267.01 51.38 398.53 0.0007648
chair 0 0 -10 329.08 208.42 577.14 526.80 0.0007575
bed 0 0 -10 13.33 94.42 149.06 247.63 0.0007476
