bed 0 0 -10 0.00 0.00 678.81 529.80 0.9893662
night_stand 0 0 -10 560.34 110.13 730.00 384.11 0.9232061
dresser 0 0 -10 562.55 118.83 730.00 378.09 0.1645907
table 0 0 -10 0.41 76.07 586.12 530.00 0.0454784
table 0 0 -10 692.98 344.02 727.92 444.37 0.0287362
night_stand 0 0 -10 689.97 290.44 730.00 512.30 0.0171071
table 0 0 -10 701.39 313.47 728.19 491.62 0.0164111
bed 0 0 -10 499.81 97.59 727.81 482.45 0.0130420
night_stand 0 0 -10 653.34 174.09 730.00 484.95 0.0102970
table 0 0 -10 677.57 319.75 729.36 515.70 0.0091228
desk 0 0 -10 568.13 104.06 730.00 407.90 0.0084925
chair 0 0 -10 687.91 321.41 729.27 463.09 0.0084422
chair 0 0 -10 264.30 0.00 395.74 230.05 0.0076261
chair 0 0 -10 15.37 105.94 476.39 526.06 0.0055706
desk 0 0 -10 0.00 58.31 605.78 530.00 0.0052191
dresser 0 0 -10 35.65 69.73 167.19 198.13 0.0048610
dresser 0 0 -10 689.60 283.49 729.96 514.89 0.0046335
bed 0 0 -10 689.11 280.99 730.00 516.19 0.0042498
table 0 0 -10 714.03 301.67 729.37 491.12 0.0038684
sofa 0 0 -10 4.12 14.10 602.52 530.00 0.0037766
sofa 0 0 -10 678.63 306.67 730.00 516.77 0.0037177
night_stand 0 0 -10 691.17 128.30 730.00 466.87 0.0036904
chair 0 0 -10 698.30 355.90 729.09 442.74 0.0036639
dresser 0 0 -10 655.61 167.83 729.98 490.32 0.0035274
bed 0 0 -10 187.77 1.36 638.13 315.50 0.0032772
desk 0 0 -10 693.12 343.19 729.08 445.15 0.0032769
night_stand 0 0 -10 590.74 105.55 730.00 231.23 0.0031933
table 0 0 -10 712.22 363.16 729.12 439.74 0.0031079
dresser 0 0 -10 137.97 0.98 351.04 172.37 0.0030926
chair 0 0 -10 40.01 31.80 167.60 198.03 0.0029686
bed 0 0 -10 339.84 101.18 708.37 527.72 0.0029083
night_stand 0 0 -10 314.29 84.21 401.53 118.54 0.0027481
night_stand 0 0 -10 699.02 321.55 730.00 454.38 0.0027309
bed 0 0 -10 0.00 120.53 397.39 530.00 0.0026653
chair 0 0 -10 22.35 0.77 362.83 308.17 0.0021020
table 0 0 -10 564.33 127.65 726.79 414.70 0.0020887
chair 0 0 -10 132.60 1.64 283.64 61.39 0.0019946
desk 0 0 -10 652.84 157.01 730.00 494.23 0.0019484
bed 0 0 -10 389.47 0.00 676.75 379.87 0.0018736
chair 0 0 -10 576.99 6.31 728.20 281.79 0.0018735
dresser 0 0 -10 0.01 0.00 615.01 477.32 0.0018442
table 0 0 -10 3.01 124.85 154.12 342.02 0.0016163
sofa 0 0 -10 698.47 357.28 728.95 446.01 0.0015767
table 0 0 -10 704.38 391.89 728.63 441.39 0.0015703
chair 0 0 -10 129.95 2.74 618.13 336.75 0.0015616
table 0 0 -10 0.86 319.60 39.84 517.92 0.0015311
night_stand 0 0 -10 37.40 80.78 670.30 522.20 0.0015260
bed 0 0 -10 692.59 339.76 729.26 445.92 0.0014850
sofa 0 0 -10 701.58 310.33 728.61 494.60 0.0014184
chair 0 0 -10 26.72 7.41 229.47 255.30 0.0013400
dresser 0 0 -10 579.63 12.54 722.67 275.26 0.0013129
desk 0 0 -10 689.97 284.70 730.00 517.05 0.0012501
dresser 0 0 -10 98.27 1.95 265.86 186.60 0.0012457
bed 0 0 -10 47.22 0.00 484.64 263.29 0.0012062
chair 0 0 -10 0.00 231.74 182.84 527.51 0.0011533
table 0 0 -10 693.66 403.55 727.35 459.89 0.0010915
night_stand 0 0 -10 713.14 301.99 730.00 468.44 0.0010717
table 0 0 -10 652.69 352.07 725.09 461.68 0.0010379
chair 0 0 -10 178.68 0.00 404.81 332.49 0.0009922
table 0 0 -10 653.52 163.28 730.00 510.45 0.0009860
night_stand 0 0 -10 556.86 199.13 728.85 498.63 0.0009731
dresser 0 0 -10 415.75 15.50 665.46 346.95 0.0009600
chair 0 0 -10 181.38 1.55 339.99 213.63 0.0009463
bookshelf 0 0 -10 14.40 0.00 599.69 483.35 0.0009461
table 0 0 -10 714.21 374.63 729.05 407.22 0.0009293
dresser 0 0 -10 226.77 0.00 364.42 206.87 0.0009147
table 0 0 -10 77.92 11.28 657.59 337.90 0.0009094
chair 0 0 -10 0.00 27.58 263.98 438.50 0.0009087
chair 0 0 -10 198.38 2.28 268.47 66.75 0.0008810
toilet 0 0 -10 688.63 285.36 730.00 519.29 0.0008608
chair 0 0 -10 664.53 277.04 730.00 492.85 0.0008235
table 0 0 -10 0.00 236.02 59.37 515.27 0.0008080
table 0 0 -10 652.58 93.98 727.08 159.57 0.0007651
sofa 0 0 -10 1.81 294.88 59.70 525.24 0.0007621
night_stand 0 0 -10 334.95 70.11 408.74 158.17 0.0007601
table 0 0 -10 1.77 190.53 84.40 309.93 0.0007496
table 0 0 -10 720.78 332.92 729.01 473.63 0.0007412
table 0 0 -10 626.51 98.19 724.53 195.27 0.0007329
chair 0 0 -10 521.24 75.91 729.96 390.66 0.0007263
bed 0 0 -10 289.00 13.35 599.85 487.30 0.0007149
table 0 0 -10 2.68 309.90 18.63 510.90 0.0006996
chair 0 0 -10 106.78 3.95 302.63 239.63 0.0006753
night_stand 0 0 -10 292.93 103.64 382.34 179.52 0.0006575
chair 0 0 -10 693.90 401.29 729.47 458.67 0.0006426
night_stand 0 0 -10 318.16 94.18 407.28 134.05 0.0006424
table 0 0 -10 714.87 403.64 728.86 431.77 0.0006165
table 0 0 -10 0.19 144.08 35.46 390.58 0.0006153
chair 0 0 -10 655.83 346.44 729.39 456.88 0.0006125
table 0 0 -10 1.75 159.59 282.99 511.39 0.0006062
chair 0 0 -10 393.72 115.10 719.24 530.00 0.0005823
bathtub 0 0 -10 687.77 286.95 730.00 518.86 0.0005682
dresser 0 0 -10 140.64 38.59 238.10 178.47 0.0005574
dresser 0 0 -10 246.56 49.08 686.23 495.54 0.0005569
night_stand 0 0 -10 352.00 91.63 379.27 114.93 0.0005441
bed 0 0 -10 0.00 106.16 211.30 453.44 0.0005380
night_stand 0 0 -10 634.27 84.31 730.00 187.97 0.0005343
chair 0 0 -10 704.60 389.53 729.63 439.58 0.0005160
dresser 0 0 -10 699.13 314.29 729.68 456.40 0.0005155
night_stand 0 0 -10 688.99 357.78 729.16 414.82 0.0005080
table 0 0 -10 707.53 326.40 724.65 449.03 0.0005060
