table 0 0 -10 54.15 173.62 385.12 526.88 0.7206185
table 0 0 -10 0.74 211.42 117.38 424.51 0.6110775
desk 0 0 -10 62.82 159.67 392.87 522.28 0.6026956
table 0 0 -10 0.00 213.85 92.18 346.04 0.5080997
table 0 0 -10 0.00 222.05 213.78 445.69 0.1552996
desk 0 0 -10 0.00 211.14 89.01 345.46 0.1102451
table 0 0 -10 633.49 231.11 729.12 472.93 0.1090086
table 0 0 -10 0.00 220.39 27.42 433.19 0.0752817
desk 0 0 -10 0.00 213.43 139.76 448.49 0.0678365
chair 0 0 -10 636.63 133.98 726.17 475.05 0.0640294
desk 0 0 -10 48.47 98.26 564.46 457.40 0.0636167
chair 0 0 -10 0.04 232.60 27.35 442.00 0.0501734
table 0 0 -10 47.75 195.04 156.83 463.20 0.0408306
table 0 0 -10 0.00 232.72 67.32 418.68 0.0341420
chair 0 0 -10 0.26 199.34 35.08 344.16 0.0329047
dresser 0 0 -10 82.05 158.18 380.61 501.23 0.0306725
chair 0 0 -10 0.00 235.55 17.65 374.66 0.0300447
desk 0 0 -10 638.44 205.66 729.39 460.10 0.0272020
desk 0 0 -10 558.96 127.41 727.77 366.71 0.0268615
table 0 0 -10 1.26 203.85 182.55 356.96 0.0263362
table 0 0 -10 0.59 272.34 17.99 436.62 0.0245916
chair 0 0 -10 3.78 184.71 21.43 400.31 0.0219298
dresser 0 0 -10 546.33 53.79 614.49 265.56 0.0204133
desk 0 0 -10 572.26 153.20 677.45 343.19 0.0176283
table 0 0 -10 0.00 228.68 17.68 372.23 0.0176091
chair 0 0 -10 3.12 220.00 13.00 366.57 0.0173876
chair 0 0 -10 136.81 152.52 381.01 512.07 0.0158724
table 0 0 -10 0.96 207.72 41.35 342.29 0.0122436
dresser 0 0 -10 556.89 123.31 729.88 362.16 0.0122411
table 0 0 -10 2.39 265.27 11.73 455.36 0.0117710
dresser 0 0 -10 639.60 238.62 729.45 362.80 0.0111719
desk 0 0 -10 1.76 156.61 213.46 424.74 0.0102861
dresser 0 0 -10 633.33 137.04 730.00 404.85 0.0101429
desk 0 0 -10 642.27 235.77 730.00 368.47 0.0098587
chair 0 0 -10 546.97 17.62 618.33 258.38 0.0096821
chair 0 0 -10 3.35 242.62 9.69 405.56 0.0094516
dresser 0 0 -10 524.00 48.93 647.80 282.17 0.0088685
table 0 0 -10 641.81 238.74 727.99 370.84 0.0088083
chair 0 0 -10 1.49 219.25 69.61 336.85 0.0087619
table 0 0 -10 54.00 102.51 543.01 455.03 0.0087293
table 0 0 -10 4.22 219.23 13.49 357.66 0.0085819
chair 0 0 -10 633.08 240.65 724.42 409.35 0.0085083
bathtub 0 0 -10 104.23 119.69 450.47 508.20 0.0083212
bookshelf 0 0 -10 636.29 125.78 728.38 407.92 0.0083133
table 0 0 -10 2.42 207.60 137.64 306.93 0.0078354
table 0 0 -10 5.24 210.08 10.19 343.51 0.0076278
chair 0 0 -10 5.07 202.54 10.33 343.55 0.0072903
table 0 0 -10 3.47 236.64 9.71 404.51 0.0070110
table 0 0 -10 557.26 92.47 726.17 486.13 0.0067808
chair 0 0 -10 138.94 59.52 268.92 185.99 0.0064322
desk 0 0 -10 550.01 74.54 617.58 282.39 0.0063306
table 0 0 -10 553.36 134.92 708.62 356.29 0.0058949
bookshelf 0 0 -10 101.73 141.17 376.00 530.00 0.0057631
table 0 0 -10 602.42 157.95 726.81 398.14 0.0057225
table 0 0 -10 0.66 230.59 7.15 421.20 0.0054370
table 0 0 -10 0.13 273.18 44.86 499.30 0.0053944
chair 0 0 -10 0.00 271.78 51.13 488.08 0.0050024
table 0 0 -10 6.85 191.54 21.18 375.18 0.0048743
chair 0 0 -10 7.81 271.94 21.70 382.86 0.0048582
chair 0 0 -10 602.38 262.88 724.33 530.00 0.0047977
chair 0 0 -10 510.80 0.63 646.00 123.37 0.0047869
dresser 0 0 -10 5.49 106.82 70.52 199.47 0.0047216
chair 0 0 -10 3.78 328.24 20.97 353.69 0.0046965
chair 0 0 -10 645.42 247.46 705.73 358.54 0.0046903
chair 0 0 -10 250.00 66.38 364.65 179.06 0.0045923
dresser 0 0 -10 572.43 156.68 675.28 344.39 0.0045607
bed 0 0 -10 83.49 153.30 387.24 530.00 0.0045255
chair 0 0 -10 41.12 178.07 295.41 476.09 0.0042160
chair 0 0 -10 4.74 253.18 14.60 401.80 0.0042014
chair 0 0 -10 0.02 234.85 8.21 389.52 0.0040830
desk 0 0 -10 0.00 219.55 26.95 441.26 0.0039444
desk 0 0 -10 595.50 202.54 724.49 353.62 0.0037195
chair 0 0 -10 36.51 169.46 215.37 391.52 0.0037067
desk 0 0 -10 3.58 186.86 21.17 403.68 0.0036152
chair 0 0 -10 1.40 281.10 34.51 371.99 0.0033863
table 0 0 -10 654.55 227.18 699.83 393.15 0.0031999
chair 0 0 -10 641.20 222.77 728.65 329.90 0.0031953
chair 0 0 -10 4.97 302.67 20.06 357.31 0.0031742
sofa 0 0 -10 77.23 172.22 383.92 528.66 0.0031473
dresser 0 0 -10 687.75 122.74 730.00 374.51 0.0029340
dresser 0 0 -10 496.23 12.87 638.58 156.49 0.0028952
table 0 0 -10 1.17 294.91 8.47 459.93 0.0028508
bookshelf 0 0 -10 679.71 93.15 727.77 336.76 0.0027216
bed 0 0 -10 640.87 217.68 728.95 381.27 0.0026179
chair 0 0 -10 5.37 233.12 206.70 440.48 0.0025889
bookshelf 0 0 -10 572.47 71.28 719.26 369.60 0.0025833
chair 0 0 -10 2.66 95.96 89.11 214.35 0.0025758
table 0 0 -10 7.80 269.04 22.08 383.43 0.0025368
desk 0 0 -10 466.96 51.64 723.16 494.58 0.0024509
chair 0 0 -10 10.26 288.69 22.44 357.78 0.0024366
bookshelf 0 0 -10 549.23 38.00 622.45 279.14 0.0023944
bookshelf 0 0 -10 670.31 132.40 707.91 266.78 0.0023944
chair 0 0 -10 685.90 120.67 730.00 365.42 0.0023774
chair 0 0 -10 1.98 260.25 11.89 456.01 0.0023642
table 0 0 -10 4.94 252.51 14.47 405.35 0.0023629
dresser 0 0 -10 548.54 77.02 689.46 306.87 0.0023475
chair 0 0 -10 6.28 170.28 108.16 339.12 0.0023087
desk 0 0 -10 109.25 110.83 359.43 206.64 0.0022384
desk 0 0 -10 0.28 231.75 64.80 430.58 0.0022372
bed 0 0 -10 631.42 119.42 729.56 419.21 0.0022174
