chair 0 0 -10 1.58 111.11 116.60 311.21 0.9875831
chair 0 0 -10 67.77 61.71 171.57 223.39 0.8711982
chair 0 0 -10 151.60 69.79 218.22 189.69 0.8209398
table 0 0 -10 2.83 63.90 165.03 235.11 0.6738629
chair 0 0 -10 2.64 31.59 94.61 155.80 0.6256980
chair 0 0 -10 108.38 56.79 229.47 209.89 0.5541943
chair 0 0 -10 192.87 44.65 243.12 135.16 0.3479541
desk 0 0 -10 11.15 67.22 201.50 241.36 0.3033242
chair 0 0 -10 1.25 61.55 99.47 217.81 0.2451096
chair 0 0 -10 164.05 46.67 238.58 170.86 0.2250904
chair 0 0 -10 0.94 30.56 51.96 202.36 0.2112896
desk 0 0 -10 191.44 182.08 485.00 453.38 0.1666568
desk 0 0 -10 57.60 69.21 224.65 193.29 0.1349312
chair 0 0 -10 111.90 58.44 174.53 199.43 0.1086489
table 0 0 -10 150.43 64.96 221.59 153.36 0.1030688
table 0 0 -10 49.41 71.16 224.84 190.09 0.0865850
table 0 0 -10 220.79 100.72 390.89 202.88 0.0836881
desk 0 0 -10 220.17 98.71 391.15 208.03 0.0768896
table 0 0 -10 0.00 66.52 54.65 201.90 0.0742048
chair 0 0 -10 18.18 47.41 185.48 193.66 0.0472979
table 0 0 -10 0.00 55.31 223.76 314.58 0.0464767
table 0 0 -10 194.41 181.08 473.82 453.94 0.0460826
desk 0 0 -10 151.94 64.01 220.92 154.78 0.0446327
table 0 0 -10 0.00 65.85 109.85 155.59 0.0437382
desk 0 0 -10 0.90 99.69 153.22 317.54 0.0435440
chair 0 0 -10 59.99 53.39 117.13 203.03 0.0385814
chair 0 0 -10 2.37 52.37 69.96 129.66 0.0309035
chair 0 0 -10 148.16 59.86 183.53 178.55 0.0289509
chair 0 0 -10 158.44 60.97 223.87 140.71 0.0224227
desk 0 0 -10 201.65 118.93 527.38 236.04 0.0218726
chair 0 0 -10 132.69 66.14 203.15 160.94 0.0217426
desk 0 0 -10 0.40 66.39 114.00 223.91 0.0204695
table 0 0 -10 21.27 52.53 218.03 132.50 0.0174448
desk 0 0 -10 4.31 40.87 477.99 295.74 0.0168176
table 0 0 -10 103.33 67.10 214.05 137.38 0.0166331
chair 0 0 -10 3.13 35.45 114.94 97.61 0.0159494
chair 0 0 -10 1.01 26.21 23.43 225.46 0.0158791
chair 0 0 -10 101.02 107.46 168.01 223.66 0.0156006
table 0 0 -10 137.54 65.96 200.95 192.99 0.0149476
desk 0 0 -10 368.49 119.45 520.22 229.62 0.0137508
chair 0 0 -10 114.66 47.84 243.33 122.93 0.0134704
chair 0 0 -10 210.89 64.07 224.25 148.58 0.0128909
chair 0 0 -10 1.22 89.62 44.31 276.14 0.0125314
table 0 0 -10 373.83 117.40 522.34 221.47 0.0124584
table 0 0 -10 2.02 117.93 119.08 283.13 0.0122976
chair 0 0 -10 7.60 32.96 157.47 129.42 0.0113580
table 0 0 -10 114.78 69.74 181.16 207.58 0.0111051
desk 0 0 -10 151.92 73.71 231.80 206.59 0.0103316
chair 0 0 -10 2.88 29.51 9.80 200.88 0.0099727
desk 0 0 -10 85.57 77.01 185.17 219.83 0.0098274
desk 0 0 -10 138.96 66.46 199.70 192.80 0.0095037
desk 0 0 -10 4.20 35.82 226.73 158.98 0.0093040
table 0 0 -10 0.44 36.74 22.04 231.49 0.0088351
desk 0 0 -10 96.01 58.91 523.27 454.74 0.0085540
table 0 0 -10 163.78 77.92 222.52 194.43 0.0084038
chair 0 0 -10 15.10 71.24 209.67 280.84 0.0080850
chair 0 0 -10 3.74 30.78 16.00 194.01 0.0080202
desk 0 0 -10 104.00 67.02 213.96 136.98 0.0077183
table 0 0 -10 10.99 51.43 472.94 284.96 0.0076939
chair 0 0 -10 202.36 70.63 219.98 150.37 0.0072763
chair 0 0 -10 172.77 71.23 201.43 131.03 0.0071659
chair 0 0 -10 163.86 69.58 281.48 196.49 0.0065767
table 0 0 -10 169.40 61.29 239.47 133.99 0.0065150
chair 0 0 -10 54.26 64.89 170.98 133.96 0.0063260
chair 0 0 -10 196.65 67.18 388.26 233.53 0.0062927
chair 0 0 -10 203.23 76.10 260.11 153.69 0.0059152
table 0 0 -10 124.19 181.20 586.06 512.63 0.0058831
chair 0 0 -10 181.38 65.70 216.80 135.44 0.0058682
chair 0 0 -10 209.21 73.76 239.07 133.13 0.0057932
table 0 0 -10 0.00 54.05 38.24 296.89 0.0056615
chair 0 0 -10 4.91 21.48 11.37 167.56 0.0056400
dresser 0 0 -10 196.09 177.66 484.85 451.74 0.0055985
chair 0 0 -10 125.31 54.58 187.49 132.92 0.0055815
desk 0 0 -10 186.06 56.76 235.43 157.21 0.0047864
desk 0 0 -10 191.23 187.02 501.75 235.92 0.0046326
chair 0 0 -10 171.28 20.84 250.23 127.26 0.0045671
chair 0 0 -10 90.77 67.56 161.45 166.88 0.0045313
table 0 0 -10 170.68 76.56 190.04 125.62 0.0044328
chair 0 0 -10 198.92 57.87 239.81 181.94 0.0039356
chair 0 0 -10 169.33 76.32 188.59 126.91 0.0038934
table 0 0 -10 115.98 85.51 241.22 200.80 0.0037970
sofa 0 0 -10 157.41 62.20 233.51 185.28 0.0036702
night_stand 0 0 -10 215.43 96.44 384.61 216.90 0.0036606
table 0 0 -10 5.62 45.49 346.82 213.86 0.0034386
chair 0 0 -10 400.19 97.11 533.23 221.65 0.0033922
desk 0 0 -10 194.88 45.35 552.40 312.69 0.0033768
table 0 0 -10 189.94 187.13 501.61 234.94 0.0033238
desk 0 0 -10 98.52 65.78 379.84 213.92 0.0033098
chair 0 0 -10 206.83 84.55 229.03 130.41 0.0031544
table 0 0 -10 2.15 68.47 10.31 240.26 0.0031164
chair 0 0 -10 100.12 62.70 200.64 117.70 0.0031034
table 0 0 -10 0.00 67.42 45.97 142.41 0.0030338
chair 0 0 -10 6.86 48.38 20.04 169.46 0.0030163
table 0 0 -10 251.10 109.64 494.55 223.92 0.0025899
chair 0 0 -10 0.49 49.60 36.82 136.14 0.0025843
table 0 0 -10 2.28 41.10 14.28 195.65 0.0023250
chair 0 0 -10 156.12 116.00 209.37 154.60 0.0022472
desk 0 0 -10 18.21 81.99 258.63 308.78 0.0022022
table 0 0 -10 156.37 78.70 185.40 122.89 0.0022009
chair 0 0 -10 10.76 56.54 25.11 147.47 0.0021523
