chair 0 0 -10 324.00 240.69 527.13 494.46 0.9930546
chair 0 0 -10 102.64 191.30 320.67 456.20 0.9521369
desk 0 0 -10 89.72 181.81 561.33 426.02 0.8119540
table 0 0 -10 151.13 193.56 537.91 395.22 0.3377657
table 0 0 -10 1.45 337.62 39.77 528.15 0.0912087
toilet 0 0 -10 1.27 277.98 70.19 530.00 0.0682670
desk 0 0 -10 218.11 195.50 456.83 389.91 0.0420587
table 0 0 -10 65.79 166.17 552.12 488.53 0.0351021
bathtub 0 0 -10 2.05 279.09 72.95 525.25 0.0287054
table 0 0 -10 5.27 324.69 62.12 507.69 0.0235218
chair 0 0 -10 4.66 255.79 64.18 520.23 0.0224508
table 0 0 -10 185.83 190.31 488.55 262.58 0.0176748
chair 0 0 -10 379.31 228.48 527.92 413.23 0.0158451
desk 0 0 -10 98.98 209.49 311.86 401.25 0.0149989
table 0 0 -10 99.22 206.91 311.28 400.46 0.0140730
chair 0 0 -10 112.94 212.89 425.98 525.39 0.0114158
chair 0 0 -10 157.95 182.76 362.18 372.19 0.0101949
sofa 0 0 -10 5.04 298.78 55.48 529.56 0.0100910
bed 0 0 -10 3.73 300.11 55.67 530.00 0.0079414
desk 0 0 -10 190.36 189.50 484.58 263.44 0.0078227
chair 0 0 -10 204.14 141.68 251.07 202.77 0.0078211
chair 0 0 -10 242.54 206.95 478.48 480.33 0.0068817
toilet 0 0 -10 4.45 301.56 42.28 527.31 0.0068463
table 0 0 -10 196.37 150.14 254.03 197.07 0.0062095
chair 0 0 -10 131.50 190.88 300.76 339.37 0.0054953
desk 0 0 -10 247.48 210.23 538.41 503.90 0.0053232
table 0 0 -10 97.56 251.57 265.12 506.31 0.0052681
table 0 0 -10 256.63 253.03 533.42 498.95 0.0052406
bathtub 0 0 -10 5.37 302.96 41.79 515.49 0.0048463
table 0 0 -10 105.09 175.84 552.22 250.13 0.0043862
desk 0 0 -10 107.30 169.06 541.70 287.05 0.0042373
dresser 0 0 -10 4.25 281.10 68.61 530.00 0.0041749
chair 0 0 -10 198.97 134.63 263.12 228.52 0.0041405
desk 0 0 -10 63.51 222.81 274.42 475.79 0.0040628
chair 0 0 -10 1.47 327.62 44.72 524.66 0.0040565
table 0 0 -10 0.55 343.00 20.50 527.77 0.0040474
desk 0 0 -10 0.00 323.11 64.45 519.51 0.0039895
bookshelf 0 0 -10 3.48 240.03 63.06 527.32 0.0036588
chair 0 0 -10 313.95 187.44 510.71 407.18 0.0036498
table 0 0 -10 204.11 164.97 483.99 334.62 0.0032470
table 0 0 -10 0.00 217.20 70.09 527.54 0.0031158
chair 0 0 -10 232.87 175.65 421.24 369.72 0.0030840
desk 0 0 -10 97.44 240.25 226.68 446.68 0.0029637
chair 0 0 -10 191.77 138.09 294.31 271.97 0.0029211
chair 0 0 -10 414.15 116.45 518.32 229.59 0.0025689
table 0 0 -10 110.87 290.77 238.06 450.35 0.0021945
chair 0 0 -10 116.34 215.14 236.17 466.78 0.0021929
desk 0 0 -10 93.67 122.92 509.59 232.56 0.0020222
dresser 0 0 -10 84.02 196.85 304.37 433.58 0.0019878
table 0 0 -10 0.29 260.37 131.04 524.56 0.0019262
table 0 0 -10 430.56 118.90 517.21 210.28 0.0018857
sofa 0 0 -10 104.52 202.70 312.40 401.01 0.0018675
chair 0 0 -10 275.50 190.39 617.49 522.94 0.0018660
desk 0 0 -10 426.81 121.16 520.68 202.49 0.0017790
night_stand 0 0 -10 5.82 294.15 71.14 522.49 0.0017611
desk 0 0 -10 258.11 175.79 543.83 357.50 0.0017337
table 0 0 -10 102.40 127.58 317.11 201.05 0.0017009
table 0 0 -10 164.33 138.30 264.04 220.80 0.0016282
bathtub 0 0 -10 31.02 277.51 58.34 507.66 0.0016269
table 0 0 -10 312.76 194.11 540.41 367.05 0.0016196
chair 0 0 -10 244.71 118.06 364.95 202.54 0.0016043
chair 0 0 -10 190.54 132.87 362.67 312.35 0.0014989
table 0 0 -10 253.59 198.82 449.98 248.87 0.0014952
table 0 0 -10 0.27 351.31 10.32 523.69 0.0014853
table 0 0 -10 101.06 127.39 510.99 230.03 0.0014824
table 0 0 -10 263.37 121.13 371.74 186.37 0.0014116
bathtub 0 0 -10 14.15 313.66 63.92 461.42 0.0013813
sofa 0 0 -10 78.74 189.43 570.33 505.28 0.0013779
desk 0 0 -10 108.23 223.95 432.82 502.81 0.0013660
table 0 0 -10 128.73 152.88 298.13 211.33 0.0013476
table 0 0 -10 0.23 350.51 4.64 529.03 0.0013422
chair 0 0 -10 244.22 188.46 447.48 261.38 0.0013346
table 0 0 -10 30.30 277.63 58.20 510.05 0.0013309
sofa 0 0 -10 265.85 223.61 536.95 478.09 0.0013299
toilet 0 0 -10 20.34 288.43 59.82 479.45 0.0012694
chair 0 0 -10 118.81 119.87 392.65 417.36 0.0012216
table 0 0 -10 6.09 369.87 25.59 491.46 0.0011971
table 0 0 -10 350.56 306.15 529.61 521.28 0.0011762
dresser 0 0 -10 2.66 323.68 38.15 527.24 0.0011642
table 0 0 -10 176.05 167.31 256.09 209.77 0.0011512
bookshelf 0 0 -10 92.12 135.75 552.70 427.65 0.0011154
chair 0 0 -10 28.61 269.82 59.38 493.71 0.0010371
chair 0 0 -10 376.33 176.14 613.49 377.56 0.0010264
chair 0 0 -10 255.82 121.36 438.71 274.59 0.0010231
chair 0 0 -10 0.00 253.09 121.28 525.85 0.0010199
chair 0 0 -10 324.59 289.83 504.50 426.97 0.0009084
table 0 0 -10 254.40 189.49 449.54 412.82 0.0008758
table 0 0 -10 121.06 190.83 325.84 321.85 0.0008519
bathtub 0 0 -10 2.03 255.84 138.39 519.48 0.0008385
bathtub 0 0 -10 65.67 160.38 586.20 404.48 0.0008362
bathtub 0 0 -10 12.30 135.53 56.13 476.09 0.0008269
chair 0 0 -10 291.12 180.14 406.78 304.86 0.0008206
bookshelf 0 0 -10 272.62 216.78 525.30 473.32 0.0008120
desk 0 0 -10 23.06 34.41 603.49 368.70 0.0008111
bathtub 0 0 -10 7.05 270.27 107.87 431.15 0.0007984
dresser 0 0 -10 426.75 116.36 522.43 218.96 0.0007891
chair 0 0 -10 248.21 175.87 374.48 320.52 0.0007814
chair 0 0 -10 321.66 163.74 440.01 265.02 0.0007644
night_stand 0 0 -10 202.97 146.37 251.95 203.08 0.0007566
desk 0 0 -10 0.66 331.95 32.36 530.00 0.0007553
