chair 0 0 -10 171.12 156.90 316.27 350.94 0.9932930
chair 0 0 -10 418.44 117.26 556.01 267.43 0.9743471
chair 0 0 -10 303.67 204.44 527.40 485.21 0.9690641
chair 0 0 -10 175.35 102.42 293.50 224.22 0.9091794
table 0 0 -10 205.40 115.52 509.62 396.19 0.8999226
chair 0 0 -10 365.12 104.07 457.18 224.48 0.8702647
chair 0 0 -10 200.74 88.76 276.41 163.95 0.7227095
chair 0 0 -10 265.49 74.66 324.97 145.14 0.6879452
table 0 0 -10 190.28 99.27 467.74 236.34 0.5881501
chair 0 0 -10 186.72 80.31 242.71 144.24 0.4941214
chair 0 0 -10 353.55 89.52 447.37 181.96 0.4558007
desk 0 0 -10 201.64 126.98 517.51 397.87 0.3976231
chair 0 0 -10 176.44 131.30 317.43 268.66 0.3848121
chair 0 0 -10 332.61 143.65 536.46 341.08 0.3207152
chair 0 0 -10 347.83 75.45 414.35 166.26 0.2743222
chair 0 0 -10 184.68 93.35 248.74 195.10 0.2695024
chair 0 0 -10 358.85 113.62 520.71 257.85 0.2503428
chair 0 0 -10 376.11 105.25 448.61 166.35 0.2444335
chair 0 0 -10 212.23 76.48 312.71 159.58 0.2224567
chair 0 0 -10 175.87 109.03 265.15 172.30 0.2069563
chair 0 0 -10 269.39 63.43 353.51 156.86 0.1590926
table 0 0 -10 205.90 85.72 429.92 171.89 0.1556241
chair 0 0 -10 175.53 87.38 231.49 161.83 0.1458993
chair 0 0 -10 267.45 80.72 321.72 108.96 0.1227997
chair 0 0 -10 237.04 83.10 311.08 139.08 0.1092247
chair 0 0 -10 358.92 92.53 430.06 141.61 0.1036705
chair 0 0 -10 226.51 86.15 263.48 133.60 0.1035517
chair 0 0 -10 182.08 73.42 246.81 119.17 0.0875133
chair 0 0 -10 406.40 107.34 475.29 228.23 0.0862547
chair 0 0 -10 355.20 98.27 412.94 126.42 0.0718818
chair 0 0 -10 242.45 64.33 335.89 128.53 0.0688761
chair 0 0 -10 184.61 73.72 284.85 139.58 0.0633010
chair 0 0 -10 324.51 97.12 463.45 272.76 0.0592199
table 0 0 -10 261.25 123.89 494.25 260.03 0.0583347
chair 0 0 -10 210.22 81.44 293.46 127.92 0.0572237
chair 0 0 -10 263.63 55.14 320.50 119.52 0.0458244
chair 0 0 -10 383.93 109.07 445.44 139.27 0.0436716
chair 0 0 -10 334.38 55.71 460.90 208.73 0.0422460
table 0 0 -10 219.40 81.35 315.47 133.54 0.0406941
chair 0 0 -10 231.67 66.30 284.21 135.82 0.0405443
table 0 0 -10 288.42 84.52 417.50 135.11 0.0360301
chair 0 0 -10 327.45 73.56 391.59 137.06 0.0338250
table 0 0 -10 210.84 104.84 335.96 245.63 0.0324133
table 0 0 -10 300.40 80.64 409.05 115.81 0.0317322
chair 0 0 -10 362.87 77.03 412.71 129.99 0.0271189
chair 0 0 -10 177.96 63.68 317.26 190.60 0.0248914
chair 0 0 -10 294.23 66.63 357.55 130.68 0.0241553
chair 0 0 -10 229.73 90.62 248.52 148.09 0.0236367
chair 0 0 -10 264.37 92.12 312.27 122.16 0.0236037
chair 0 0 -10 378.48 101.32 419.48 135.23 0.0207108
chair 0 0 -10 259.68 73.22 354.85 225.90 0.0207096
desk 0 0 -10 193.51 106.22 488.24 279.27 0.0198583
chair 0 0 -10 304.69 69.74 393.75 169.68 0.0188803
chair 0 0 -10 331.84 49.26 410.49 146.60 0.0188147
table 0 0 -10 300.52 93.53 412.85 192.34 0.0182974
table 0 0 -10 206.64 119.70 375.66 304.22 0.0175474
table 0 0 -10 232.96 85.78 318.41 182.82 0.0167907
chair 0 0 -10 204.63 84.32 242.04 130.44 0.0153152
table 0 0 -10 311.68 105.18 449.86 231.10 0.0144617
chair 0 0 -10 172.93 52.84 248.83 138.04 0.0132247
chair 0 0 -10 230.68 82.95 275.44 117.36 0.0131572
table 0 0 -10 231.83 82.39 278.28 114.13 0.0127651
table 0 0 -10 482.06 90.96 520.44 117.14 0.0122786
table 0 0 -10 400.63 110.66 432.59 136.13 0.0119294
table 0 0 -10 188.28 84.37 327.08 154.46 0.0116167
table 0 0 -10 187.68 74.71 287.75 116.33 0.0115466
chair 0 0 -10 193.64 161.05 371.72 407.11 0.0113321
table 0 0 -10 472.26 93.95 528.66 149.66 0.0112043
chair 0 0 -10 288.21 95.15 387.77 268.84 0.0111039
desk 0 0 -10 187.15 73.36 287.02 117.60 0.0109929
table 0 0 -10 320.63 102.12 427.25 153.85 0.0109296
chair 0 0 -10 215.10 90.56 334.82 252.94 0.0103703
chair 0 0 -10 345.98 71.13 367.83 102.39 0.0099051
chair 0 0 -10 473.57 99.78 558.51 206.32 0.0098555
table 0 0 -10 377.79 126.19 500.62 253.39 0.0095080
chair 0 0 -10 326.13 69.95 347.18 107.96 0.0084330
chair 0 0 -10 672.12 147.54 728.15 231.20 0.0081831
chair 0 0 -10 277.42 71.13 427.59 191.79 0.0081493
sofa 0 0 -10 690.36 184.73 728.90 355.39 0.0080557
chair 0 0 -10 209.45 145.49 511.37 448.63 0.0078936
chair 0 0 -10 391.17 102.70 432.08 132.75 0.0078857
table 0 0 -10 700.09 197.35 729.48 336.71 0.0077926
table 0 0 -10 233.91 95.44 323.13 145.16 0.0072922
table 0 0 -10 338.67 88.50 412.15 128.00 0.0072477
desk 0 0 -10 347.59 131.06 491.45 268.11 0.0072163
desk 0 0 -10 238.69 214.71 522.25 477.47 0.0071924
chair 0 0 -10 357.64 34.64 432.49 144.30 0.0070485
chair 0 0 -10 208.95 57.16 276.61 115.56 0.0068077
chair 0 0 -10 409.64 108.38 432.29 171.34 0.0065957
chair 0 0 -10 273.24 73.34 321.84 96.26 0.0064665
desk 0 0 -10 214.73 97.85 443.85 213.00 0.0064443
table 0 0 -10 227.91 213.51 523.93 472.06 0.0063567
chair 0 0 -10 223.77 127.97 355.75 312.20 0.0062116
chair 0 0 -10 204.37 67.61 410.16 160.54 0.0060338
table 0 0 -10 325.24 79.74 365.64 103.67 0.0059000
chair 0 0 -10 416.51 107.39 454.42 145.88 0.0056203
table 0 0 -10 358.69 86.31 410.07 116.63 0.0054625
chair 0 0 -10 317.44 68.65 365.59 120.72 0.0054150
chair 0 0 -10 412.61 1.78 533.32 96.84 0.0052850
table 0 0 -10 358.12 103.35 448.93 140.82 0.0052400
