chair 0 0 -10 2.50 148.82 337.69 516.53 0.9174833
table 0 0 -10 80.22 88.76 445.60 354.27 0.7946720
chair 0 0 -10 27.52 131.52 259.19 338.73 0.7057171
night_stand 0 0 -10 374.13 209.01 568.01 384.55 0.6928644
desk 0 0 -10 99.85 85.87 442.59 339.96 0.3437284
sofa 0 0 -10 0.00 146.93 375.33 506.81 0.2793921
chair 0 0 -10 4.78 139.12 118.78 230.90 0.2704442
table 0 0 -10 376.30 204.08 568.93 379.10 0.1138263
chair 0 0 -10 111.34 117.19 249.81 270.08 0.1070414
chair 0 0 -10 12.42 136.96 209.55 270.83 0.0845454
desk 0 0 -10 35.27 103.28 491.28 492.73 0.0828460
desk 0 0 -10 381.48 203.93 569.05 385.30 0.0796282
sofa 0 0 -10 1.12 142.99 262.95 346.07 0.0590777
table 0 0 -10 9.26 127.11 124.66 223.69 0.0519461
sofa 0 0 -10 36.12 106.20 460.33 384.66 0.0405412
dresser 0 0 -10 375.23 213.85 563.23 379.76 0.0353495
table 0 0 -10 91.03 139.69 363.25 484.49 0.0289789
table 0 0 -10 23.80 121.78 211.08 270.48 0.0227361
table 0 0 -10 112.37 101.68 344.88 273.59 0.0221125
chair 0 0 -10 566.17 124.65 722.46 497.20 0.0176873
sofa 0 0 -10 5.36 136.52 214.44 267.40 0.0163099
sofa 0 0 -10 3.69 158.39 171.67 445.22 0.0159134
table 0 0 -10 19.07 120.32 122.09 163.82 0.0127969
chair 0 0 -10 125.33 101.36 307.70 230.51 0.0110289
desk 0 0 -10 76.72 101.97 282.06 322.09 0.0098236
table 0 0 -10 213.09 129.49 430.97 343.64 0.0092927
table 0 0 -10 86.65 77.87 423.15 199.46 0.0082633
chair 0 0 -10 116.59 236.30 321.69 526.17 0.0079837
table 0 0 -10 119.76 195.38 261.74 332.78 0.0066785
table 0 0 -10 0.22 131.65 145.86 332.88 0.0064886
chair 0 0 -10 111.30 107.26 361.62 360.33 0.0059388
table 0 0 -10 318.20 155.78 629.46 466.49 0.0054220
table 0 0 -10 561.42 177.26 721.19 484.86 0.0053127
chair 0 0 -10 4.76 146.20 185.88 454.03 0.0049594
sofa 0 0 -10 0.00 138.96 135.96 331.79 0.0049114
chair 0 0 -10 155.97 78.61 266.30 208.59 0.0046902
desk 0 0 -10 125.34 83.98 350.58 200.51 0.0045181
table 0 0 -10 422.04 191.20 702.58 429.50 0.0044502
chair 0 0 -10 127.56 131.63 236.38 225.58 0.0040694
chair 0 0 -10 209.66 78.87 323.46 215.27 0.0037713
bed 0 0 -10 11.15 92.13 478.06 499.87 0.0034491
desk 0 0 -10 5.36 130.59 114.65 220.02 0.0034326
sofa 0 0 -10 0.85 132.43 121.46 237.88 0.0031434
table 0 0 -10 309.52 142.71 538.26 342.33 0.0031269
chair 0 0 -10 1.55 140.03 142.99 330.60 0.0031054
chair 0 0 -10 12.91 108.15 168.80 221.95 0.0029650
table 0 0 -10 382.05 183.40 564.59 265.77 0.0029212
desk 0 0 -10 10.30 97.38 214.17 288.63 0.0028955
table 0 0 -10 375.90 120.72 530.95 256.24 0.0027698
table 0 0 -10 88.89 93.54 299.37 219.82 0.0027524
desk 0 0 -10 106.94 123.30 356.88 286.20 0.0027432
chair 0 0 -10 344.38 193.84 572.35 384.89 0.0026515
table 0 0 -10 4.83 82.99 293.60 345.92 0.0026231
table 0 0 -10 23.93 95.13 192.89 215.09 0.0026151
table 0 0 -10 41.50 182.27 245.50 305.14 0.0023509
chair 0 0 -10 180.46 74.09 386.53 300.11 0.0023356
desk 0 0 -10 220.77 111.19 682.41 500.96 0.0021553
table 0 0 -10 76.48 279.35 348.95 530.00 0.0021027
toilet 0 0 -10 548.66 167.20 726.34 507.05 0.0020469
chair 0 0 -10 241.90 0.00 349.11 96.35 0.0020029
bed 0 0 -10 107.29 61.13 446.55 334.59 0.0018582
sofa 0 0 -10 75.08 255.93 351.48 524.30 0.0018260
night_stand 0 0 -10 34.34 105.24 462.24 481.53 0.0015881
night_stand 0 0 -10 110.02 69.81 444.79 336.86 0.0015794
chair 0 0 -10 175.07 97.75 271.26 174.94 0.0015242
table 0 0 -10 256.27 105.81 491.52 296.12 0.0015084
table 0 0 -10 0.80 139.19 64.85 210.46 0.0014743
table 0 0 -10 107.06 80.22 647.17 463.51 0.0014520
dresser 0 0 -10 19.51 110.30 479.96 499.86 0.0014472
bathtub 0 0 -10 566.88 176.43 721.92 516.22 0.0014295
table 0 0 -10 68.43 202.59 520.44 526.18 0.0013737
desk 0 0 -10 231.24 144.53 481.41 398.46 0.0013606
table 0 0 -10 9.32 144.78 68.03 165.06 0.0013377
bookshelf 0 0 -10 40.72 84.11 452.53 470.67 0.0012706
desk 0 0 -10 30.12 190.60 323.21 521.94 0.0012600
chair 0 0 -10 239.77 89.58 386.36 206.46 0.0012408
table 0 0 -10 0.00 225.73 148.14 418.58 0.0012247
chair 0 0 -10 152.32 41.89 321.72 194.03 0.0012148
desk 0 0 -10 419.78 184.35 711.60 437.51 0.0012069
bed 0 0 -10 373.52 201.98 570.06 393.46 0.0011341
sofa 0 0 -10 81.38 179.95 247.72 322.25 0.0010919
table 0 0 -10 6.33 177.92 221.47 523.59 0.0010271
night_stand 0 0 -10 5.53 134.45 114.53 220.82 0.0009921
table 0 0 -10 12.65 140.46 102.90 167.91 0.0009215
chair 0 0 -10 378.55 121.11 561.89 282.38 0.0009114
table 0 0 -10 188.38 89.05 333.43 234.86 0.0008918
sofa 0 0 -10 57.90 98.39 348.00 302.40 0.0008566
desk 0 0 -10 154.82 124.84 389.14 416.23 0.0008447
toilet 0 0 -10 6.21 109.69 481.95 518.67 0.0008338
chair 0 0 -10 14.52 127.98 109.70 197.54 0.0007307
chair 0 0 -10 642.08 99.84 728.26 479.92 0.0007260
table 0 0 -10 3.72 133.62 81.18 245.29 0.0007203
chair 0 0 -10 418.33 197.26 660.06 422.41 0.0007031
bathtub 0 0 -10 3.97 108.90 540.34 491.91 0.0006776
desk 0 0 -10 535.06 166.94 720.58 498.88 0.0006403
sofa 0 0 -10 136.54 163.60 377.34 427.31 0.0006388
chair 0 0 -10 239.65 108.59 447.62 323.20 0.0006247
table 0 0 -10 204.98 102.77 423.64 223.59 0.0006214
dresser 0 0 -10 111.10 74.24 446.18 332.08 0.0006126
table 0 0 -10 262.30 4.97 352.58 86.18 0.0005824
