bathtub 0 0 -10 404.44 382.36 640.68 522.86 0.0016425
chair 0 0 -10 371.46 97.27 412.42 150.78 0.0014408
table 0 0 -10 0.56 184.17 59.24 499.77 0.0012857
chair 0 0 -10 197.30 235.60 356.09 515.97 0.0011722
table 0 0 -10 0.07 295.01 43.96 429.21 0.0010767
table 0 0 -10 0.74 246.80 37.19 515.52 0.0009562
bed 0 0 -10 209.75 214.51 716.32 522.37 0.0009399
chair 0 0 -10 0.00 147.87 42.95 258.78 0.0009335
table 0 0 -10 379.49 381.76 628.36 529.96 0.0008780
chair 0 0 -10 383.67 380.58 668.53 530.00 0.0007253
bed 0 0 -10 366.95 381.52 641.28 526.03 0.0007136
night_stand 0 0 -10 371.23 101.83 409.43 151.61 0.0006977
table 0 0 -10 0.14 335.37 42.00 383.76 0.0006879
table 0 0 -10 212.38 280.91 349.82 525.47 0.0005716
table 0 0 -10 11.29 153.72 27.49 495.66 0.0005560
dresser 0 0 -10 368.47 382.87 637.57 525.87 0.0005084
table 0 0 -10 0.00 188.25 42.59 307.86 0.0005018
table 0 0 -10 0.14 324.34 26.45 400.37 0.0005011
bed 0 0 -10 0.00 98.35 63.70 516.44 0.0004630
bed 0 0 -10 191.12 240.95 355.78 518.30 0.0004596
chair 0 0 -10 274.19 247.88 660.38 522.86 0.0004492
chair 0 0 -10 0.00 36.00 30.60 281.71 0.0004471
chair 0 0 -10 0.00 171.41 64.86 490.87 0.0004455
dresser 0 0 -10 0.00 103.89 61.81 512.33 0.0004162
chair 0 0 -10 0.00 0.00 80.51 45.21 0.0004038
table 0 0 -10 295.48 266.15 664.49 525.72 0.0003443
table 0 0 -10 2.52 156.79 123.38 517.65 0.0003406
table 0 0 -10 5.52 284.30 27.59 504.83 0.0003152
table 0 0 -10 0.58 292.25 91.60 435.43 0.0003144
chair 0 0 -10 0.00 0.00 60.77 90.25 0.0003055
bathtub 0 0 -10 196.29 244.42 361.29 506.12 0.0003012
dresser 0 0 -10 1.55 135.34 37.49 462.34 0.0002708
table 0 0 -10 29.15 213.43 356.27 527.07 0.0002703
bed 0 0 -10 20.52 109.95 447.61 513.99 0.0002569
table 0 0 -10 3.00 278.21 16.16 518.12 0.0002517
bathtub 0 0 -10 288.07 230.24 668.17 522.04 0.0002492
table 0 0 -10 1.38 87.38 31.35 398.31 0.0002485
table 0 0 -10 7.16 119.35 21.65 506.93 0.0002457
bathtub 0 0 -10 0.44 183.57 42.91 492.58 0.0002448
bathtub 0 0 -10 6.42 194.94 74.54 476.84 0.0002316
chair 0 0 -10 335.63 157.66 431.33 256.34 0.0002307
desk 0 0 -10 375.58 382.44 637.96 527.02 0.0002200
chair 0 0 -10 228.52 385.19 573.94 529.11 0.0002156
chair 0 0 -10 40.16 218.15 393.99 526.95 0.0001999
desk 0 0 -10 210.57 214.15 721.57 515.64 0.0001974
chair 0 0 -10 0.00 41.30 61.99 309.40 0.0001948
table 0 0 -10 293.49 27.64 717.33 522.01 0.0001878
bookshelf 0 0 -10 1.00 160.22 40.75 489.26 0.0001781
dresser 0 0 -10 221.03 211.31 710.55 521.54 0.0001694
table 0 0 -10 371.38 102.71 408.07 152.03 0.0001646
toilet 0 0 -10 198.65 242.03 360.23 521.60 0.0001622
sofa 0 0 -10 220.33 221.55 707.97 520.13 0.0001605
bed 0 0 -10 6.67 86.59 109.41 530.00 0.0001560
bathtub 0 0 -10 254.68 242.85 343.04 400.11 0.0001519
table 0 0 -10 0.61 328.51 56.05 524.68 0.0001500
table 0 0 -10 12.60 146.30 33.72 377.84 0.0001500
bed 0 0 -10 0.00 0.77 81.62 47.49 0.0001497
chair 0 0 -10 377.09 104.88 412.39 133.89 0.0001479
chair 0 0 -10 175.05 218.10 524.85 528.69 0.0001476
chair 0 0 -10 0.00 0.00 48.91 160.50 0.0001464
chair 0 0 -10 268.15 251.72 360.69 442.08 0.0001421
chair 0 0 -10 0.60 157.15 37.23 197.34 0.0001389
bed 0 0 -10 0.88 127.91 38.74 467.03 0.0001325
desk 0 0 -10 3.62 188.47 54.66 494.52 0.0001325
bed 0 0 -10 261.84 251.62 362.29 446.37 0.0001309
table 0 0 -10 280.94 287.04 361.34 526.97 0.0001301
table 0 0 -10 177.46 337.87 324.92 494.29 0.0001297
bathtub 0 0 -10 45.90 229.87 382.20 431.87 0.0001280
sofa 0 0 -10 3.43 183.86 47.09 503.08 0.0001276
dresser 0 0 -10 201.32 239.59 352.50 510.72 0.0001272
bathtub 0 0 -10 26.83 202.31 33.49 274.98 0.0001217
table 0 0 -10 0.02 0.42 41.94 45.21 0.0001210
sofa 0 0 -10 11.56 154.07 27.68 506.48 0.0001183
table 0 0 -10 146.92 319.47 571.51 530.00 0.0001175
desk 0 0 -10 136.64 242.23 355.96 490.80 0.0001141
dresser 0 0 -10 0.00 45.68 29.19 290.63 0.0001117
bookshelf 0 0 -10 372.08 101.49 409.48 151.47 0.0001103
chair 0 0 -10 311.96 202.68 368.91 263.80 0.0001096
sofa 0 0 -10 337.32 372.60 654.13 527.78 0.0001066
bathtub 0 0 -10 11.60 148.74 27.98 498.80 0.0001065
sofa 0 0 -10 0.96 287.83 45.22 430.75 0.0001062
table 0 0 -10 25.26 203.77 33.07 282.26 0.0001034
chair 0 0 -10 4.08 136.18 27.85 310.42 0.0001029
toilet 0 0 -10 0.00 183.93 41.56 506.87 0.0001013
sofa 0 0 -10 2.07 1.53 79.74 46.15 0.0001011
sofa 0 0 -10 33.23 219.01 379.76 528.87 0.0000976
chair 0 0 -10 10.73 141.22 28.72 498.59 0.0000974
toilet 0 0 -10 341.19 369.85 647.17 528.07 0.0000958
chair 0 0 -10 260.08 227.08 333.20 403.90 0.0000940
table 0 0 -10 445.02 323.62 688.81 528.44 0.0000937
sofa 0 0 -10 195.59 246.86 354.32 515.78 0.0000927
bed 0 0 -10 439.82 324.79 703.08 527.30 0.0000924
table 0 0 -10 263.25 250.14 360.88 443.78 0.0000914
chair 0 0 -10 19.21 150.19 25.45 290.48 0.0000913
table 0 0 -10 4.85 166.91 24.48 386.23 0.0000907
chair 0 0 -10 263.30 219.05 426.00 515.09 0.0000905
bathtub 0 0 -10 0.00 184.39 46.31 308.09 0.0000904
bathtub 0 0 -10 23.90 201.46 31.69 277.15 0.0000899
dresser 0 0 -10 0.00 150.68 42.27 265.55 0.0000893
table 0 0 -10 93.09 314.88 321.16 512.36 0.0000877
