chair 0 0 -10 100.85 126.92 320.53 475.51 0.9904029
chair 0 0 -10 94.29 120.24 282.47 306.90 0.0041978
chair 0 0 -10 118.07 273.53 304.11 483.27 0.0041409
table 0 0 -10 78.40 122.86 316.56 417.36 0.0032754
chair 0 0 -10 52.05 79.11 257.97 361.15 0.0020693
table 0 0 -10 76.50 161.58 423.93 520.40 0.0011139
table 0 0 -10 111.13 266.08 319.40 501.59 0.0010219
table 0 0 -10 95.88 149.05 282.69 274.10 0.0009549
desk 0 0 -10 78.87 121.86 314.43 424.83 0.0007959
table 0 0 -10 142.96 193.92 635.13 528.12 0.0007951
chair 0 0 -10 97.68 295.59 188.26 520.40 0.0007215
chair 0 0 -10 107.65 105.48 474.51 508.85 0.0007032
table 0 0 -10 53.85 12.47 664.61 337.58 0.0006420
chair 0 0 -10 685.52 0.00 730.00 181.84 0.0006164
sofa 0 0 -10 95.05 123.90 318.49 447.40 0.0005079
table 0 0 -10 77.14 57.65 309.52 291.50 0.0005077
chair 0 0 -10 68.81 289.24 243.78 527.04 0.0004626
chair 0 0 -10 0.00 287.63 176.95 525.51 0.0003931
chair 0 0 -10 101.29 346.62 424.07 524.68 0.0003701
chair 0 0 -10 45.89 119.73 203.46 498.61 0.0003543
toilet 0 0 -10 95.54 118.39 315.37 447.42 0.0003493
chair 0 0 -10 109.55 60.02 309.67 267.68 0.0003353
chair 0 0 -10 66.22 23.37 402.53 351.89 0.0003030
bookshelf 0 0 -10 103.98 111.93 309.74 439.27 0.0002674
chair 0 0 -10 54.61 318.25 156.99 518.01 0.0002668
chair 0 0 -10 0.00 0.00 53.53 158.12 0.0002655
chair 0 0 -10 170.44 376.76 566.45 527.43 0.0002597
table 0 0 -10 97.68 306.50 183.95 519.09 0.0002189
chair 0 0 -10 95.07 185.45 313.36 341.77 0.0002061
desk 0 0 -10 71.82 152.07 428.79 529.80 0.0001940
chair 0 0 -10 87.04 172.65 170.09 477.04 0.0001859
desk 0 0 -10 112.27 257.88 319.10 503.46 0.0001774
dresser 0 0 -10 98.22 122.19 316.26 440.38 0.0001624
toilet 0 0 -10 698.99 13.24 730.00 188.97 0.0001611
table 0 0 -10 2.37 280.72 171.91 523.79 0.0001548
bathtub 0 0 -10 699.34 12.46 730.00 187.53 0.0001543
chair 0 0 -10 135.46 34.64 243.26 248.67 0.0001477
table 0 0 -10 0.26 457.24 110.06 530.00 0.0001471
bed 0 0 -10 104.19 119.10 312.03 451.79 0.0001465
chair 0 0 -10 202.03 111.58 426.55 439.62 0.0001462
table 0 0 -10 72.38 305.25 239.04 526.91 0.0001438
chair 0 0 -10 728.85 2.63 730.00 170.78 0.0001425
table 0 0 -10 48.12 329.51 436.69 530.00 0.0001398
chair 0 0 -10 274.07 194.12 356.65 440.57 0.0001392
chair 0 0 -10 0.00 6.78 99.89 247.41 0.0001333
toilet 0 0 -10 718.07 5.96 730.00 166.73 0.0001324
table 0 0 -10 112.46 290.80 309.22 405.88 0.0001318
chair 0 0 -10 509.47 0.00 723.92 190.76 0.0001298
chair 0 0 -10 238.74 213.87 447.08 492.28 0.0001290
chair 0 0 -10 239.58 306.12 704.47 530.00 0.0001249
night_stand 0 0 -10 102.66 125.52 313.75 446.35 0.0001212
chair 0 0 -10 158.61 109.84 306.81 363.84 0.0001195
bathtub 0 0 -10 0.00 80.46 50.21 232.12 0.0001186
chair 0 0 -10 717.64 0.00 730.00 165.39 0.0001100
chair 0 0 -10 0.48 401.59 228.87 530.00 0.0001078
table 0 0 -10 273.97 43.50 705.86 489.46 0.0001076
chair 0 0 -10 123.52 5.84 677.03 265.95 0.0001064
chair 0 0 -10 155.38 211.79 337.70 453.39 0.0001053
bathtub 0 0 -10 106.23 117.76 310.66 435.15 0.0000975
chair 0 0 -10 725.96 0.57 730.00 175.26 0.0000958
table 0 0 -10 728.92 18.66 729.95 175.12 0.0000957
table 0 0 -10 179.63 363.12 554.60 525.98 0.0000912
chair 0 0 -10 651.93 1.04 730.00 298.13 0.0000895
bathtub 0 0 -10 0.00 139.14 46.02 284.80 0.0000894
table 0 0 -10 699.45 15.45 729.05 189.59 0.0000849
table 0 0 -10 2.19 406.31 218.26 530.00 0.0000806
chair 0 0 -10 415.61 0.00 718.14 109.20 0.0000783
chair 0 0 -10 554.43 304.05 730.00 529.49 0.0000749
bathtub 0 0 -10 718.44 4.07 730.00 158.99 0.0000734
bathtub 0 0 -10 690.18 129.39 730.00 322.65 0.0000728
chair 0 0 -10 224.58 146.70 637.57 488.84 0.0000718
desk 0 0 -10 129.28 189.76 654.43 530.00 0.0000703
chair 0 0 -10 10.36 447.41 164.86 530.00 0.0000688
chair 0 0 -10 1.61 1.00 44.90 93.92 0.0000674
chair 0 0 -10 0.00 351.66 121.12 522.98 0.0000655
table 0 0 -10 729.72 0.00 729.99 246.65 0.0000640
toilet 0 0 -10 728.89 15.35 730.00 173.46 0.0000586
sofa 0 0 -10 279.29 41.63 722.24 492.08 0.0000581
table 0 0 -10 0.00 74.81 111.65 319.42 0.0000579
chair 0 0 -10 1.70 0.00 144.55 143.02 0.0000548
chair 0 0 -10 278.89 244.04 416.35 414.57 0.0000544
table 0 0 -10 0.22 77.29 48.01 237.46 0.0000541
sofa 0 0 -10 86.33 111.82 529.76 485.75 0.0000539
toilet 0 0 -10 726.01 7.49 730.00 180.28 0.0000535
bed 0 0 -10 269.76 251.65 730.00 530.00 0.0000530
chair 0 0 -10 0.00 55.87 101.42 507.96 0.0000512
bathtub 0 0 -10 726.14 3.67 730.00 172.30 0.0000511
chair 0 0 -10 729.71 0.00 730.00 239.54 0.0000503
chair 0 0 -10 318.65 47.18 718.55 471.22 0.0000487
table 0 0 -10 233.63 312.97 690.90 522.29 0.0000486
chair 0 0 -10 63.21 80.68 166.37 349.02 0.0000476
chair 0 0 -10 109.02 200.28 229.39 479.35 0.0000472
chair 0 0 -10 573.41 0.00 725.97 125.31 0.0000464
table 0 0 -10 134.20 325.06 335.44 453.02 0.0000432
chair 0 0 -10 243.99 141.08 338.01 417.22 0.0000429
bathtub 0 0 -10 728.42 15.49 730.00 169.41 0.0000421
table 0 0 -10 729.29 0.00 730.00 244.40 0.0000420
table 0 0 -10 714.57 17.28 730.00 185.87 0.0000411
chair 0 0 -10 29.84 183.56 143.13 485.25 0.0000404
dresser 0 0 -10 686.19 7.86 729.99 182.77 0.0000390
