chair 0 0 -10 170.81 196.75 351.55 499.13 0.9890218
chair 0 0 -10 40.00 157.70 146.47 326.07 0.9833264
desk 0 0 -10 186.87 193.33 719.36 525.00 0.9023629
desk 0 0 -10 21.43 154.25 710.76 351.70 0.2559251
desk 0 0 -10 55.21 156.81 340.02 334.48 0.2421164
desk 0 0 -10 140.41 170.72 540.34 433.02 0.2154908
desk 0 0 -10 70.12 160.80 221.76 320.08 0.1686146
dresser 0 0 -10 424.11 216.53 727.98 530.00 0.1152362
desk 0 0 -10 421.03 224.92 730.00 527.16 0.1037946
table 0 0 -10 65.30 152.41 549.52 440.02 0.0932305
table 0 0 -10 63.40 159.08 220.46 319.47 0.0564275
table 0 0 -10 55.72 162.67 367.39 339.04 0.0486378
table 0 0 -10 361.10 204.67 715.52 519.75 0.0456330
desk 0 0 -10 163.52 179.12 405.68 393.43 0.0409142
chair 0 0 -10 27.61 151.68 98.67 306.01 0.0301733
desk 0 0 -10 37.50 155.11 385.29 450.73 0.0243990
table 0 0 -10 157.94 174.70 410.38 378.01 0.0232903
chair 0 0 -10 68.87 205.62 149.23 307.61 0.0160698
chair 0 0 -10 215.55 181.27 346.38 390.84 0.0139669
table 0 0 -10 50.98 210.77 138.31 320.84 0.0100714
chair 0 0 -10 39.98 166.68 139.36 240.00 0.0086333
chair 0 0 -10 332.76 2.72 415.29 62.72 0.0081517
desk 0 0 -10 266.83 150.86 474.96 425.01 0.0078057
chair 0 0 -10 101.93 219.89 161.26 309.24 0.0075336
bookshelf 0 0 -10 418.57 0.00 531.71 79.92 0.0073612
desk 0 0 -10 52.99 163.51 579.45 251.24 0.0069374
desk 0 0 -10 60.75 182.80 164.39 324.94 0.0066002
bookshelf 0 0 -10 431.22 208.88 723.02 530.00 0.0064575
desk 0 0 -10 644.24 251.48 724.12 476.66 0.0063100
chair 0 0 -10 273.55 174.85 339.11 385.46 0.0057985
desk 0 0 -10 581.97 239.41 730.00 496.51 0.0055230
table 0 0 -10 639.86 280.02 728.00 505.08 0.0055229
desk 0 0 -10 175.91 157.46 465.60 324.36 0.0045966
chair 0 0 -10 304.44 0.00 373.54 59.69 0.0040949
table 0 0 -10 256.78 151.55 449.24 408.70 0.0039647
chair 0 0 -10 377.45 1.51 435.61 58.45 0.0038176
table 0 0 -10 552.29 233.67 723.88 525.34 0.0035709
bookshelf 0 0 -10 443.49 1.48 508.95 59.45 0.0031836
chair 0 0 -10 303.26 0.28 403.82 82.49 0.0030110
chair 0 0 -10 408.40 1.86 482.87 74.88 0.0024792
chair 0 0 -10 402.55 6.36 502.94 50.25 0.0024768
chair 0 0 -10 353.66 133.22 440.16 184.89 0.0024386
table 0 0 -10 384.97 1.73 544.75 74.09 0.0024204
chair 0 0 -10 23.41 3.07 98.10 65.98 0.0023352
table 0 0 -10 331.14 4.95 419.11 64.49 0.0023130
chair 0 0 -10 487.51 1.82 564.50 72.41 0.0022574
table 0 0 -10 677.49 265.80 729.17 476.79 0.0021921
chair 0 0 -10 407.46 224.61 698.42 530.00 0.0021326
bookshelf 0 0 -10 465.25 2.85 542.26 75.15 0.0021080
bookshelf 0 0 -10 333.70 2.65 412.08 77.88 0.0020719
chair 0 0 -10 233.83 161.77 335.82 302.02 0.0020531
table 0 0 -10 173.48 239.65 336.66 494.53 0.0020433
desk 0 0 -10 202.34 178.88 489.80 263.03 0.0019933
dresser 0 0 -10 332.62 4.56 417.28 63.33 0.0019679
chair 0 0 -10 255.42 0.38 359.25 61.70 0.0019583
desk 0 0 -10 146.01 82.89 730.00 429.65 0.0018412
table 0 0 -10 24.78 162.80 161.01 322.71 0.0017634
chair 0 0 -10 107.53 184.81 297.77 374.95 0.0017354
table 0 0 -10 78.02 222.37 154.84 308.96 0.0017102
chair 0 0 -10 4.45 50.89 99.28 153.91 0.0017046
table 0 0 -10 73.41 168.66 653.73 269.52 0.0016651
chair 0 0 -10 466.43 1.43 548.79 51.34 0.0016351
table 0 0 -10 111.46 213.05 400.43 477.29 0.0016317
chair 0 0 -10 394.46 155.90 678.03 295.62 0.0016128
desk 0 0 -10 172.92 227.84 336.90 490.04 0.0015724
night_stand 0 0 -10 331.94 4.33 417.29 63.12 0.0015462
dresser 0 0 -10 190.83 172.07 720.47 517.62 0.0015013
chair 0 0 -10 20.74 0.00 127.37 89.32 0.0014617
table 0 0 -10 426.52 5.62 530.39 51.48 0.0014210
table 0 0 -10 309.00 3.62 476.12 74.57 0.0014098
chair 0 0 -10 52.79 68.83 94.93 162.66 0.0013872
chair 0 0 -10 1.99 0.77 76.73 59.86 0.0013858
bookshelf 0 0 -10 406.23 1.19 486.28 74.07 0.0013606
chair 0 0 -10 378.00 124.68 562.37 325.22 0.0013118
bookshelf 0 0 -10 184.64 77.57 707.03 530.00 0.0012949
chair 0 0 -10 437.40 3.41 511.80 71.92 0.0012632
chair 0 0 -10 372.90 1.68 468.49 43.36 0.0012573
bed 0 0 -10 330.12 2.67 419.10 66.22 0.0012447
desk 0 0 -10 326.63 193.37 448.30 411.46 0.0012271
desk 0 0 -10 77.27 164.04 356.47 238.62 0.0012227
chair 0 0 -10 343.24 127.48 445.65 226.34 0.0012130
chair 0 0 -10 544.57 0.00 600.69 55.36 0.0012119
chair 0 0 -10 150.45 211.75 242.09 409.02 0.0011444
table 0 0 -10 175.66 187.75 480.75 290.98 0.0011313
table 0 0 -10 8.85 5.08 98.01 59.53 0.0011142
table 0 0 -10 327.19 200.93 457.50 409.67 0.0010573
chair 0 0 -10 360.23 126.79 436.77 301.58 0.0010326
chair 0 0 -10 516.32 0.00 586.68 70.01 0.0010127
bathtub 0 0 -10 431.35 245.70 721.18 526.28 0.0010021
chair 0 0 -10 173.09 1.86 344.31 77.69 0.0009784
chair 0 0 -10 68.02 172.78 219.45 359.54 0.0009566
desk 0 0 -10 34.90 156.77 160.54 285.25 0.0009516
chair 0 0 -10 53.42 204.69 283.66 491.98 0.0009015
table 0 0 -10 39.47 136.54 516.43 236.44 0.0008972
night_stand 0 0 -10 437.60 227.91 728.32 523.77 0.0008808
bed 0 0 -10 419.34 186.14 729.01 530.00 0.0008793
desk 0 0 -10 385.15 0.08 549.13 74.86 0.0008638
desk 0 0 -10 15.20 76.56 718.97 269.72 0.0008488
sofa 0 0 -10 174.10 175.57 358.36 458.10 0.0008256
dresser 0 0 -10 399.33 3.58 546.14 74.28 0.0008172
