bed 0 0 -10 0.00 32.80 592.70 528.22 0.9898844
night_stand 0 0 -10 357.30 125.13 516.16 317.06 0.9254026
dresser 0 0 -10 365.53 133.59 507.03 319.23 0.0880591
bed 0 0 -10 3.23 91.92 300.31 530.00 0.0134857
table 0 0 -10 13.13 189.56 616.36 527.21 0.0131546
chair 0 0 -10 689.06 317.31 728.76 465.42 0.0123350
table 0 0 -10 362.03 109.90 511.34 310.60 0.0116016
table 0 0 -10 695.65 319.32 728.31 490.93 0.0096800
dresser 0 0 -10 691.22 101.14 729.38 500.01 0.0094080
bed 0 0 -10 182.96 116.62 556.68 507.99 0.0083432
chair 0 0 -10 678.07 255.62 729.87 495.11 0.0080250
sofa 0 0 -10 13.79 170.07 614.44 530.00 0.0075471
desk 0 0 -10 356.66 103.60 517.89 315.27 0.0073829
table 0 0 -10 689.82 361.62 727.14 458.47 0.0071902
bed 0 0 -10 340.42 116.19 516.74 337.34 0.0053175
table 0 0 -10 690.82 117.52 729.28 506.88 0.0047937
bed 0 0 -10 56.06 39.51 475.31 379.21 0.0043364
bed 0 0 -10 690.63 94.28 730.00 508.98 0.0037993
sofa 0 0 -10 690.39 318.55 728.82 462.67 0.0036571
bed 0 0 -10 689.15 316.39 729.20 463.37 0.0035839
bed 0 0 -10 3.72 272.83 673.09 530.00 0.0032166
desk 0 0 -10 691.60 113.57 730.00 501.75 0.0030037
night_stand 0 0 -10 354.66 113.47 499.53 239.22 0.0025310
bookshelf 0 0 -10 691.84 98.14 729.31 500.74 0.0023612
bed 0 0 -10 70.32 165.22 490.85 447.39 0.0021354
table 0 0 -10 663.20 318.78 729.19 497.56 0.0021117
bathtub 0 0 -10 691.71 112.22 730.00 500.82 0.0020576
chair 0 0 -10 675.55 87.40 728.79 463.86 0.0020427
chair 0 0 -10 696.96 357.50 729.13 447.21 0.0019978
table 0 0 -10 715.56 342.41 729.54 500.81 0.0018919
bed 0 0 -10 218.27 165.62 521.05 386.75 0.0018902
table 0 0 -10 712.35 369.62 729.12 447.48 0.0016951
dresser 0 0 -10 666.19 86.96 726.53 413.98 0.0015317
table 0 0 -10 372.82 113.09 489.02 159.96 0.0013670
desk 0 0 -10 0.00 180.20 625.34 523.99 0.0013046
bed 0 0 -10 4.70 110.94 163.62 516.76 0.0013022
table 0 0 -10 708.42 363.83 729.24 527.84 0.0012792
table 0 0 -10 370.48 105.12 504.80 213.56 0.0012219
chair 0 0 -10 26.66 198.05 599.74 530.00 0.0012032
toilet 0 0 -10 690.79 116.24 730.00 508.25 0.0011160
night_stand 0 0 -10 337.95 118.53 428.88 237.23 0.0010590
desk 0 0 -10 677.80 261.17 729.73 480.29 0.0010445
sofa 0 0 -10 692.25 120.91 728.81 504.45 0.0010266
chair 0 0 -10 357.83 76.43 516.10 299.32 0.0009963
bed 0 0 -10 702.52 267.69 730.00 448.49 0.0009867
dresser 0 0 -10 1.27 10.58 513.40 501.90 0.0009796
chair 0 0 -10 19.97 22.43 527.25 361.98 0.0009418
chair 0 0 -10 651.41 342.53 729.66 452.14 0.0009144
chair 0 0 -10 371.39 45.00 495.63 213.31 0.0008714
dresser 0 0 -10 677.32 200.37 729.51 438.71 0.0008676
bathtub 0 0 -10 696.22 304.93 728.59 475.71 0.0008518
night_stand 0 0 -10 691.27 132.84 730.00 487.21 0.0008319
toilet 0 0 -10 356.96 94.55 515.86 311.04 0.0008248
chair 0 0 -10 693.27 271.66 729.31 418.62 0.0008196
chair 0 0 -10 710.43 293.08 730.00 492.65 0.0007832
bathtub 0 0 -10 642.12 94.37 730.00 353.50 0.0007438
table 0 0 -10 702.62 376.11 728.43 431.28 0.0007323
desk 0 0 -10 687.66 350.74 729.04 457.20 0.0007242
desk 0 0 -10 696.72 303.80 728.22 486.80 0.0006653
chair 0 0 -10 8.21 93.21 277.69 530.00 0.0006635
chair 0 0 -10 680.86 349.58 728.12 416.76 0.0006441
bed 0 0 -10 677.79 252.43 730.00 483.67 0.0006297
chair 0 0 -10 696.01 349.71 728.89 394.85 0.0006203
sofa 0 0 -10 699.07 358.11 728.87 441.80 0.0005936
chair 0 0 -10 699.90 319.27 729.35 404.17 0.0005544
table 0 0 -10 652.76 98.60 728.21 469.58 0.0005362
bed 0 0 -10 357.97 228.54 712.31 520.46 0.0005190
chair 0 0 -10 628.17 318.76 730.00 489.20 0.0005158
toilet 0 0 -10 688.37 321.30 729.49 457.09 0.0005139
table 0 0 -10 693.68 360.06 727.85 404.21 0.0005021
table 0 0 -10 7.18 23.25 502.95 345.45 0.0004979
table 0 0 -10 702.83 269.39 729.27 442.92 0.0004777
table 0 0 -10 719.86 349.74 728.96 463.41 0.0004727
dresser 0 0 -10 696.41 302.68 728.09 482.83 0.0004589
bookshelf 0 0 -10 359.62 77.72 516.53 314.04 0.0004562
table 0 0 -10 676.52 208.28 728.80 443.10 0.0004511
sofa 0 0 -10 367.19 99.27 516.36 320.75 0.0004295
table 0 0 -10 715.56 390.59 729.08 420.17 0.0004267
chair 0 0 -10 712.00 362.98 729.86 444.79 0.0004250
bed 0 0 -10 318.57 48.21 588.46 328.52 0.0004196
table 0 0 -10 711.80 408.42 729.02 456.71 0.0004121
sofa 0 0 -10 661.32 297.30 730.00 517.53 0.0004110
bathtub 0 0 -10 676.21 259.75 730.00 478.70 0.0004023
dresser 0 0 -10 355.20 113.62 420.03 251.48 0.0003922
dresser 0 0 -10 610.06 84.91 729.76 363.87 0.0003900
bed 0 0 -10 698.56 359.98 729.22 443.53 0.0003895
bed 0 0 -10 711.06 293.65 730.00 497.80 0.0003859
night_stand 0 0 -10 226.40 148.72 542.52 475.38 0.0003778
night_stand 0 0 -10 696.58 313.34 728.76 479.31 0.0003611
chair 0 0 -10 638.36 84.53 729.07 365.18 0.0003610
sofa 0 0 -10 703.73 270.75 729.56 444.13 0.0003570
chair 0 0 -10 717.65 334.98 729.09 474.63 0.0003497
night_stand 0 0 -10 20.26 126.65 606.46 525.37 0.0003395
sofa 0 0 -10 711.92 298.98 729.94 496.10 0.0003323
table 0 0 -10 9.70 203.83 259.88 526.68 0.0003228
night_stand 0 0 -10 318.88 128.11 396.99 255.56 0.0003201
table 0 0 -10 723.22 360.61 729.62 476.83 0.0003068
night_stand 0 0 -10 304.62 143.09 375.96 201.90 0.0003067
bathtub 0 0 -10 685.74 351.95 729.93 446.24 0.0003064
bathtub 0 0 -10 357.34 94.38 518.81 293.78 0.0003010
