chair 0 0 -10 177.85 300.69 424.03 524.82 0.9894338
table 0 0 -10 0.00 265.37 605.99 519.32 0.8151124
desk 0 0 -10 0.00 248.20 626.42 530.00 0.3238234
chair 0 0 -10 56.40 291.06 353.51 519.52 0.0453286
chair 0 0 -10 237.20 258.69 517.11 503.86 0.0366858
chair 0 0 -10 422.57 388.33 688.64 530.00 0.0240824
table 0 0 -10 42.54 243.15 572.25 379.72 0.0202554
chair 0 0 -10 134.75 188.23 290.68 433.66 0.0191770
table 0 0 -10 0.00 279.14 303.93 493.96 0.0174214
chair 0 0 -10 111.72 221.62 463.67 501.75 0.0113350
table 0 0 -10 0.00 320.60 40.07 394.49 0.0112549
desk 0 0 -10 196.99 225.90 583.76 479.48 0.0107077
table 0 0 -10 0.91 286.92 41.21 451.47 0.0093413
desk 0 0 -10 42.97 244.89 573.85 379.45 0.0092709
chair 0 0 -10 359.73 252.79 574.86 505.04 0.0088756
chair 0 0 -10 125.99 183.97 258.40 301.14 0.0079477
desk 0 0 -10 0.00 277.52 296.01 495.30 0.0069500
table 0 0 -10 0.00 328.26 24.39 408.01 0.0063994
table 0 0 -10 0.96 308.44 25.99 488.13 0.0061496
chair 0 0 -10 340.84 201.05 512.99 472.14 0.0061188
table 0 0 -10 1.01 289.33 94.96 476.15 0.0060553
table 0 0 -10 7.00 184.99 675.15 444.95 0.0058003
chair 0 0 -10 156.16 173.22 287.41 257.48 0.0057364
chair 0 0 -10 436.62 260.13 725.45 528.63 0.0056648
table 0 0 -10 257.19 205.39 590.31 477.85 0.0055297
table 0 0 -10 3.07 182.27 119.36 287.80 0.0054389
chair 0 0 -10 11.50 317.53 225.36 516.83 0.0050356
desk 0 0 -10 413.79 186.39 596.66 438.35 0.0044103
desk 0 0 -10 358.13 176.23 703.15 424.43 0.0043250
chair 0 0 -10 185.44 316.19 435.60 428.19 0.0041973
chair 0 0 -10 335.36 309.66 498.48 510.45 0.0040454
chair 0 0 -10 100.63 236.63 266.01 484.06 0.0028696
table 0 0 -10 378.73 180.74 667.34 468.48 0.0027044
table 0 0 -10 164.94 179.67 284.34 264.26 0.0026466
chair 0 0 -10 350.91 258.33 457.99 430.05 0.0023900
chair 0 0 -10 319.11 243.37 427.39 480.74 0.0022936
chair 0 0 -10 267.78 272.04 404.27 476.71 0.0022841
chair 0 0 -10 0.00 288.03 77.01 470.45 0.0020592
chair 0 0 -10 115.91 325.97 277.12 516.89 0.0020342
table 0 0 -10 127.80 268.32 471.89 476.08 0.0020065
desk 0 0 -10 0.74 286.11 93.75 482.94 0.0019758
table 0 0 -10 4.76 308.61 13.74 442.94 0.0018486
chair 0 0 -10 0.87 291.02 37.88 427.63 0.0017742
desk 0 0 -10 0.00 138.06 707.65 464.58 0.0016002
chair 0 0 -10 2.03 170.99 115.48 290.39 0.0014619
chair 0 0 -10 275.28 158.28 451.64 423.43 0.0014418
chair 0 0 -10 290.21 150.30 404.66 246.93 0.0014238
desk 0 0 -10 1.35 177.43 122.99 290.38 0.0013912
chair 0 0 -10 152.13 351.18 369.66 480.37 0.0013113
table 0 0 -10 85.58 161.51 188.87 196.61 0.0011813
table 0 0 -10 0.51 355.49 73.05 419.77 0.0011448
table 0 0 -10 72.01 166.29 183.97 275.82 0.0011340
chair 0 0 -10 96.51 163.62 199.37 286.76 0.0011292
desk 0 0 -10 320.66 201.61 581.54 375.19 0.0011161
chair 0 0 -10 150.23 400.13 503.36 527.20 0.0010830
table 0 0 -10 18.27 184.95 212.25 291.77 0.0010767
sofa 0 0 -10 0.00 269.98 602.90 527.39 0.0010500
table 0 0 -10 293.44 154.04 409.57 245.95 0.0010414
chair 0 0 -10 75.64 374.18 230.10 524.15 0.0010212
table 0 0 -10 0.00 207.79 119.94 385.32 0.0010023
chair 0 0 -10 177.40 222.69 267.98 440.94 0.0009212
table 0 0 -10 322.92 180.93 713.72 280.71 0.0009156
desk 0 0 -10 164.94 176.69 288.15 267.27 0.0008963
chair 0 0 -10 152.00 159.28 197.92 237.27 0.0008602
desk 0 0 -10 320.76 178.44 721.31 283.30 0.0008482
chair 0 0 -10 224.18 159.50 644.54 519.61 0.0008470
chair 0 0 -10 235.48 290.99 357.97 450.23 0.0008276
table 0 0 -10 121.14 191.40 254.94 292.48 0.0008118
table 0 0 -10 316.87 202.04 582.97 373.91 0.0008025
bed 0 0 -10 3.42 246.87 588.34 530.00 0.0006907
chair 0 0 -10 404.00 337.15 580.10 518.67 0.0006601
table 0 0 -10 189.52 172.80 284.30 212.16 0.0006590
table 0 0 -10 5.07 325.01 10.71 501.50 0.0006553
table 0 0 -10 3.03 311.56 10.03 454.80 0.0006334
desk 0 0 -10 135.53 269.70 466.01 491.78 0.0005956
table 0 0 -10 47.41 176.58 411.39 282.63 0.0005780
chair 0 0 -10 389.70 231.38 492.69 454.09 0.0005635
chair 0 0 -10 0.40 294.00 133.99 505.54 0.0005603
chair 0 0 -10 156.17 171.87 345.51 355.59 0.0005487
chair 0 0 -10 411.45 182.63 641.42 495.16 0.0005251
chair 0 0 -10 0.29 322.37 32.40 399.92 0.0005141
table 0 0 -10 118.02 354.90 342.89 530.00 0.0005118
table 0 0 -10 38.00 360.57 275.47 527.44 0.0004933
chair 0 0 -10 151.18 160.86 191.27 195.09 0.0004918
table 0 0 -10 292.81 287.76 513.08 509.86 0.0004916
chair 0 0 -10 171.33 283.38 300.43 494.86 0.0004905
desk 0 0 -10 12.76 178.08 223.87 294.20 0.0004691
table 0 0 -10 7.45 325.69 20.69 506.25 0.0004549
sofa 0 0 -10 417.25 398.69 720.32 530.00 0.0004487
chair 0 0 -10 139.96 232.87 234.87 417.45 0.0004477
table 0 0 -10 171.93 177.54 274.83 228.98 0.0004443
table 0 0 -10 431.27 370.57 703.79 526.83 0.0004093
bookshelf 0 0 -10 13.13 266.70 587.35 528.06 0.0004081
desk 0 0 -10 238.08 190.65 707.68 335.67 0.0004013
chair 0 0 -10 84.60 159.55 237.57 248.44 0.0003895
desk 0 0 -10 0.00 185.15 123.56 467.50 0.0003845
chair 0 0 -10 76.91 210.70 252.03 391.82 0.0003314
table 0 0 -10 0.00 301.04 42.25 365.06 0.0003185
chair 0 0 -10 50.51 165.17 158.69 280.35 0.0003088
chair 0 0 -10 574.72 192.62 730.00 509.68 0.0003016
