dresser 0 0 -10 282.79 160.15 443.74 486.16 0.0583304
desk 0 0 -10 283.89 145.65 447.20 484.19 0.0071794
toilet 0 0 -10 274.54 143.81 455.89 511.98 0.0069107
table 0 0 -10 282.37 150.23 449.48 483.31 0.0062329
bookshelf 0 0 -10 293.71 175.10 436.08 484.95 0.0053374
bathtub 0 0 -10 276.78 167.75 455.47 481.80 0.0036765
night_stand 0 0 -10 282.21 153.56 449.28 471.08 0.0027103
chair 0 0 -10 269.40 157.70 449.99 477.90 0.0010822
dresser 0 0 -10 353.95 160.43 429.35 486.76 0.0006213
dresser 0 0 -10 265.92 297.00 448.43 410.33 0.0005118
bathtub 0 0 -10 261.10 306.12 445.59 404.97 0.0004170
table 0 0 -10 266.02 302.61 442.16 411.62 0.0004041
bed 0 0 -10 276.61 126.92 452.28 494.65 0.0003592
desk 0 0 -10 263.82 302.46 453.69 409.61 0.0002304
toilet 0 0 -10 256.87 299.47 442.26 409.19 0.0002294
chair 0 0 -10 305.41 86.47 342.17 182.19 0.0001871
bathtub 0 0 -10 107.60 144.63 566.40 483.79 0.0001681
bathtub 0 0 -10 278.14 256.71 457.84 385.34 0.0001669
table 0 0 -10 135.24 131.46 529.07 493.78 0.0001646
chair 0 0 -10 305.38 82.53 387.31 169.22 0.0001400
bathtub 0 0 -10 308.14 277.10 444.17 475.02 0.0001391
bookshelf 0 0 -10 275.56 291.35 444.75 412.36 0.0001390
toilet 0 0 -10 288.80 251.61 431.31 481.63 0.0001345
table 0 0 -10 4.30 368.26 633.78 530.00 0.0001154
chair 0 0 -10 310.59 78.64 424.93 199.56 0.0001018
chair 0 0 -10 657.21 276.13 685.86 304.20 0.0000995
bathtub 0 0 -10 371.20 206.02 442.25 472.48 0.0000941
table 0 0 -10 367.08 346.22 444.37 481.13 0.0000900
sofa 0 0 -10 284.31 151.52 447.88 477.87 0.0000856
table 0 0 -10 224.41 206.41 658.17 505.67 0.0000853
bathtub 0 0 -10 259.73 96.36 728.64 412.23 0.0000804
chair 0 0 -10 226.76 0.00 289.40 58.91 0.0000792
table 0 0 -10 306.36 227.10 416.29 477.12 0.0000788
table 0 0 -10 324.21 336.92 456.01 379.73 0.0000784
table 0 0 -10 279.44 93.90 698.18 432.39 0.0000763
bed 0 0 -10 0.00 372.48 680.81 530.00 0.0000754
toilet 0 0 -10 125.59 143.25 540.55 513.94 0.0000750
table 0 0 -10 247.96 273.08 460.89 511.91 0.0000703
sofa 0 0 -10 0.00 368.40 679.46 530.00 0.0000659
dresser 0 0 -10 297.39 197.79 375.39 477.94 0.0000653
bathtub 0 0 -10 422.32 184.38 467.68 391.39 0.0000639
chair 0 0 -10 295.37 85.00 362.60 200.83 0.0000635
bathtub 0 0 -10 211.12 205.69 694.10 505.96 0.0000628
table 0 0 -10 401.44 342.65 468.88 479.95 0.0000615
table 0 0 -10 351.08 170.85 429.52 495.02 0.0000592
toilet 0 0 -10 369.95 201.14 441.03 489.66 0.0000585
desk 0 0 -10 123.55 127.18 553.17 494.17 0.0000575
chair 0 0 -10 306.45 267.52 445.81 472.73 0.0000573
chair 0 0 -10 258.38 292.67 447.71 404.21 0.0000561
bathtub 0 0 -10 456.70 184.03 508.96 391.77 0.0000542
table 0 0 -10 289.54 342.65 449.01 475.62 0.0000535
chair 0 0 -10 71.30 201.80 543.33 522.97 0.0000520
dresser 0 0 -10 282.57 241.02 459.23 387.90 0.0000516
chair 0 0 -10 227.20 0.79 337.82 47.86 0.0000514
desk 0 0 -10 212.35 202.95 681.88 506.05 0.0000497
bathtub 0 0 -10 0.28 363.35 685.54 530.00 0.0000496
table 0 0 -10 0.90 340.46 455.19 494.43 0.0000489
chair 0 0 -10 249.69 193.21 657.39 511.31 0.0000485
bathtub 0 0 -10 402.23 265.72 469.33 468.89 0.0000483
bathtub 0 0 -10 304.96 204.69 395.08 468.59 0.0000472
table 0 0 -10 403.06 323.93 432.31 474.62 0.0000463
table 0 0 -10 448.03 333.17 723.61 399.28 0.0000457
bathtub 0 0 -10 430.35 284.25 455.03 462.94 0.0000431
bathtub 0 0 -10 431.64 212.96 730.00 388.78 0.0000430
desk 0 0 -10 242.55 273.47 469.51 510.33 0.0000426
table 0 0 -10 55.41 0.00 650.04 418.31 0.0000410
dresser 0 0 -10 308.18 296.85 436.24 480.88 0.0000408
bathtub 0 0 -10 5.04 55.31 35.04 410.70 0.0000395
dresser 0 0 -10 150.31 139.51 532.51 488.57 0.0000387
bathtub 0 0 -10 438.81 239.35 460.41 431.00 0.0000385
desk 0 0 -10 347.92 162.87 432.74 488.93 0.0000374
bathtub 0 0 -10 14.36 272.34 480.75 516.45 0.0000371
table 0 0 -10 349.07 392.21 430.73 476.02 0.0000371
chair 0 0 -10 0.00 17.31 50.22 390.50 0.0000369
chair 0 0 -10 460.39 165.67 529.05 378.79 0.0000367
bathtub 0 0 -10 326.09 279.70 504.31 368.69 0.0000364
table 0 0 -10 385.97 370.28 431.63 474.83 0.0000359
table 0 0 -10 284.73 241.00 455.34 393.92 0.0000357
table 0 0 -10 427.79 333.13 458.18 470.23 0.0000350
table 0 0 -10 5.05 67.00 33.20 417.48 0.0000349
bed 0 0 -10 261.93 296.44 448.44 410.29 0.0000341
table 0 0 -10 472.95 354.35 719.86 528.76 0.0000339
table 0 0 -10 308.01 143.32 424.93 194.04 0.0000332
desk 0 0 -10 276.19 86.34 725.10 431.95 0.0000330
night_stand 0 0 -10 354.43 169.20 432.53 473.51 0.0000326
chair 0 0 -10 293.91 1.59 499.44 182.63 0.0000325
table 0 0 -10 6.63 59.35 391.78 484.58 0.0000318
bathtub 0 0 -10 359.21 267.35 479.04 421.20 0.0000315
table 0 0 -10 443.07 354.21 717.91 421.40 0.0000315
table 0 0 -10 678.93 341.17 727.78 389.43 0.0000301
bookshelf 0 0 -10 352.04 236.21 432.62 475.91 0.0000299
bed 0 0 -10 38.84 197.90 580.53 523.26 0.0000297
table 0 0 -10 307.43 95.57 438.63 201.56 0.0000294
bathtub 0 0 -10 262.68 267.84 406.10 444.28 0.0000293
chair 0 0 -10 9.85 364.43 660.91 530.00 0.0000288
bathtub 0 0 -10 8.78 114.37 20.71 418.04 0.0000286
table 0 0 -10 306.16 410.65 466.85 481.50 0.0000279
bathtub 0 0 -10 326.18 335.00 462.10 379.06 0.0000277
chair 0 0 -10 210.17 0.00 330.32 92.88 0.0000274
bathtub 0 0 -10 293.85 334.52 484.01 457.10 0.0000258
