chair 0 0 -10 496.18 222.02 708.15 521.24 0.9640342
table 0 0 -10 95.72 178.20 479.58 359.38 0.8343793
desk 0 0 -10 510.75 188.94 730.00 398.02 0.6134132
chair 0 0 -10 10.25 349.25 254.45 529.66 0.5813166
sofa 0 0 -10 1.98 343.45 248.49 529.07 0.4887046
table 0 0 -10 511.74 180.85 730.00 394.07 0.4209603
chair 0 0 -10 651.04 235.67 728.97 471.22 0.3804863
desk 0 0 -10 74.01 149.07 491.04 383.10 0.3497149
desk 0 0 -10 527.99 188.28 727.32 278.99 0.1938195
table 0 0 -10 77.36 123.30 571.74 427.82 0.1741482
table 0 0 -10 523.97 187.42 730.00 280.96 0.1499412
chair 0 0 -10 684.48 260.31 729.40 522.73 0.1297068
desk 0 0 -10 73.35 129.57 664.17 478.49 0.1112859
desk 0 0 -10 412.26 117.51 730.00 390.46 0.0970332
table 0 0 -10 403.80 118.13 723.03 379.05 0.0851393
chair 0 0 -10 614.06 219.97 729.98 397.72 0.0743162
chair 0 0 -10 560.98 194.02 713.57 370.28 0.0687669
table 0 0 -10 0.00 330.97 216.83 472.37 0.0673577
table 0 0 -10 95.55 175.62 474.33 260.91 0.0604164
sofa 0 0 -10 1.71 364.14 55.33 527.16 0.0410396
chair 0 0 -10 688.85 157.24 729.68 426.88 0.0283781
desk 0 0 -10 453.94 182.56 727.69 517.04 0.0268636
chair 0 0 -10 17.34 498.74 214.22 529.94 0.0253295
chair 0 0 -10 704.31 269.09 729.79 454.01 0.0251795
desk 0 0 -10 96.58 167.89 366.65 345.00 0.0191395
table 0 0 -10 705.39 262.60 729.64 447.94 0.0180570
table 0 0 -10 598.10 195.60 728.25 471.26 0.0179194
table 0 0 -10 367.17 183.38 725.31 511.50 0.0176121
table 0 0 -10 672.87 211.77 728.06 445.33 0.0171171
table 0 0 -10 14.70 241.27 300.44 508.90 0.0148321
desk 0 0 -10 601.68 201.38 725.30 472.63 0.0143666
table 0 0 -10 17.51 359.34 238.60 529.36 0.0132676
desk 0 0 -10 101.44 176.57 471.45 258.95 0.0122898
sofa 0 0 -10 697.18 265.09 728.32 473.95 0.0108212
chair 0 0 -10 672.92 270.32 728.69 418.95 0.0106905
chair 0 0 -10 666.95 136.46 727.16 369.13 0.0099186
bed 0 0 -10 0.71 329.02 238.15 530.00 0.0096718
desk 0 0 -10 672.66 175.15 728.19 433.48 0.0094658
table 0 0 -10 712.94 279.73 728.70 412.39 0.0079015
desk 0 0 -10 1.94 330.56 232.85 528.73 0.0077895
table 0 0 -10 12.47 502.69 202.40 530.00 0.0069555
chair 0 0 -10 384.50 113.03 461.10 266.48 0.0066824
chair 0 0 -10 0.51 289.08 145.99 512.16 0.0064043
sofa 0 0 -10 2.69 355.44 33.49 510.16 0.0062266
desk 0 0 -10 120.27 91.98 464.82 225.44 0.0059989
table 0 0 -10 442.10 88.76 518.99 394.00 0.0056965
chair 0 0 -10 2.02 347.58 59.39 522.45 0.0056936
table 0 0 -10 378.63 98.81 582.59 348.33 0.0054850
chair 0 0 -10 713.69 221.08 729.46 433.36 0.0054246
chair 0 0 -10 509.16 191.57 669.65 347.91 0.0053086
desk 0 0 -10 369.64 103.70 602.80 365.80 0.0046710
bookshelf 0 0 -10 4.53 320.21 240.02 526.25 0.0045301
table 0 0 -10 62.31 178.81 276.14 352.26 0.0044673
chair 0 0 -10 168.01 165.11 420.98 342.15 0.0043593
table 0 0 -10 602.76 250.03 726.43 387.45 0.0043034
table 0 0 -10 0.99 329.60 68.40 507.80 0.0042598
chair 0 0 -10 364.79 88.02 520.96 316.45 0.0042524
desk 0 0 -10 687.45 244.35 727.95 520.36 0.0040894
table 0 0 -10 483.53 275.62 702.89 524.52 0.0035634
desk 0 0 -10 150.50 84.79 592.83 180.31 0.0035571
table 0 0 -10 157.33 88.22 580.29 177.53 0.0033413
sofa 0 0 -10 511.38 208.95 725.82 479.87 0.0033174
table 0 0 -10 124.01 96.19 458.97 223.08 0.0031752
sofa 0 0 -10 1.44 295.98 68.18 500.85 0.0030369
sofa 0 0 -10 712.99 277.08 729.77 472.38 0.0030171
chair 0 0 -10 569.77 171.53 711.26 288.25 0.0029930
table 0 0 -10 384.17 115.38 458.42 220.86 0.0028718
dresser 0 0 -10 3.54 329.44 238.89 527.51 0.0028635
table 0 0 -10 1.47 282.53 58.25 350.44 0.0027041
desk 0 0 -10 441.45 98.42 522.87 366.79 0.0026932
table 0 0 -10 647.79 231.24 728.98 513.86 0.0026686
desk 0 0 -10 65.16 76.69 710.77 337.44 0.0026510
chair 0 0 -10 689.34 375.33 728.38 468.18 0.0023581
chair 0 0 -10 332.50 242.14 683.93 530.00 0.0023019
chair 0 0 -10 0.00 282.61 80.88 493.54 0.0021787
chair 0 0 -10 50.75 273.91 529.71 530.00 0.0021444
desk 0 0 -10 706.14 260.15 729.78 448.24 0.0021099
chair 0 0 -10 678.98 393.38 727.69 446.20 0.0020961
chair 0 0 -10 694.17 238.20 729.44 326.71 0.0019576
chair 0 0 -10 451.56 102.44 529.15 323.99 0.0019316
chair 0 0 -10 536.29 114.86 631.76 263.38 0.0018842
sofa 0 0 -10 672.23 266.19 728.24 524.37 0.0018648
table 0 0 -10 235.19 121.06 659.98 358.98 0.0017134
table 0 0 -10 2.95 343.29 38.22 487.47 0.0017102
chair 0 0 -10 451.86 114.44 639.74 377.52 0.0016117
night_stand 0 0 -10 5.57 335.35 238.65 530.00 0.0015745
chair 0 0 -10 637.59 111.92 727.33 184.59 0.0015641
desk 0 0 -10 395.26 109.21 459.57 229.13 0.0015571
bed 0 0 -10 11.08 499.78 210.96 530.00 0.0015354
chair 0 0 -10 2.62 279.84 62.06 354.86 0.0015070
desk 0 0 -10 150.59 82.87 404.12 166.38 0.0014915
table 0 0 -10 147.36 83.83 440.41 151.47 0.0014832
bookshelf 0 0 -10 503.96 203.57 723.36 477.79 0.0013546
chair 0 0 -10 419.65 97.32 556.05 352.96 0.0013377
table 0 0 -10 408.88 99.45 477.98 189.49 0.0012788
table 0 0 -10 59.88 200.17 179.13 340.74 0.0012578
chair 0 0 -10 706.03 158.44 730.00 360.14 0.0012476
sofa 0 0 -10 1.00 364.18 20.01 507.75 0.0011911
dresser 0 0 -10 515.54 214.29 725.82 485.24 0.0011803
toilet 0 0 -10 0.89 328.18 232.53 530.00 0.0011581
