table 0 0 -10 123.44 215.27 600.70 530.00 0.9678811
chair 0 0 -10 561.00 183.62 725.75 422.84 0.9186778
table 0 0 -10 37.51 169.57 236.88 439.14 0.8453075
table 0 0 -10 24.75 144.86 222.61 331.29 0.6844152
chair 0 0 -10 304.05 141.01 451.34 212.07 0.5670931
desk 0 0 -10 273.90 130.27 689.47 223.31 0.4583825
table 0 0 -10 552.90 174.44 730.00 347.64 0.4363830
chair 0 0 -10 38.71 183.11 196.62 423.04 0.3886313
table 0 0 -10 295.17 128.71 694.90 245.36 0.3677616
chair 0 0 -10 232.38 136.32 405.87 271.26 0.2992466
chair 0 0 -10 301.34 136.93 401.66 250.12 0.2773149
table 0 0 -10 321.83 130.01 600.01 209.29 0.2030206
table 0 0 -10 277.87 130.85 695.67 418.49 0.1926363
chair 0 0 -10 579.43 170.61 716.19 320.61 0.1637909
chair 0 0 -10 289.30 138.15 493.06 353.13 0.1627059
desk 0 0 -10 556.92 163.17 728.75 382.77 0.1449159
desk 0 0 -10 330.29 129.51 600.71 197.14 0.1359306
chair 0 0 -10 325.78 126.18 440.24 254.77 0.1197523
table 0 0 -10 81.21 204.19 369.66 505.07 0.1186944
chair 0 0 -10 335.79 138.70 433.30 193.22 0.1082254
desk 0 0 -10 11.71 127.05 220.22 301.12 0.0998339
chair 0 0 -10 383.70 149.67 454.38 212.51 0.0868496
chair 0 0 -10 22.83 100.32 138.96 270.87 0.0766128
desk 0 0 -10 103.00 206.54 620.27 530.00 0.0713440
table 0 0 -10 308.89 135.62 624.43 319.45 0.0706241
chair 0 0 -10 646.69 201.15 730.00 469.78 0.0685710
table 0 0 -10 5.93 117.47 170.51 295.41 0.0661764
chair 0 0 -10 32.80 166.84 165.01 340.82 0.0655043
chair 0 0 -10 239.84 150.85 426.48 381.41 0.0605083
desk 0 0 -10 33.81 172.65 224.14 471.21 0.0584585
chair 0 0 -10 0.00 102.91 81.18 245.33 0.0558281
table 0 0 -10 621.11 180.03 730.00 318.63 0.0549712
table 0 0 -10 466.09 192.00 699.07 430.89 0.0546590
desk 0 0 -10 278.82 118.70 704.00 431.46 0.0546419
table 0 0 -10 24.45 135.13 339.38 267.98 0.0537437
chair 0 0 -10 323.14 120.49 406.61 202.77 0.0471403
table 0 0 -10 231.37 133.21 395.99 236.60 0.0392625
table 0 0 -10 1.32 147.46 43.44 283.60 0.0360153
chair 0 0 -10 43.91 201.20 282.35 501.88 0.0329361
desk 0 0 -10 1.33 144.03 41.64 286.37 0.0322799
chair 0 0 -10 250.25 248.40 566.14 521.72 0.0322647
chair 0 0 -10 58.77 96.02 166.88 250.12 0.0278147
table 0 0 -10 650.10 179.63 730.00 477.36 0.0257078
chair 0 0 -10 0.99 113.47 45.87 264.62 0.0239975
desk 0 0 -10 308.47 133.73 624.87 320.51 0.0238623
chair 0 0 -10 632.14 140.49 727.89 291.40 0.0229537
desk 0 0 -10 411.85 138.48 723.88 372.60 0.0222463
chair 0 0 -10 282.38 132.23 381.95 217.47 0.0220288
desk 0 0 -10 7.11 121.06 114.30 286.24 0.0208745
desk 0 0 -10 628.85 181.67 729.55 333.48 0.0206068
table 0 0 -10 325.96 213.84 638.66 461.60 0.0195636
desk 0 0 -10 3.42 129.13 67.47 298.37 0.0177564
chair 0 0 -10 367.11 128.66 441.63 206.49 0.0173988
table 0 0 -10 562.77 165.69 729.20 265.59 0.0171701
desk 0 0 -10 239.92 142.90 402.55 259.49 0.0163653
table 0 0 -10 5.39 130.80 238.78 234.04 0.0147883
chair 0 0 -10 301.77 122.80 536.10 244.39 0.0141784
table 0 0 -10 668.19 173.69 730.00 365.96 0.0123987
chair 0 0 -10 352.37 107.43 454.55 193.44 0.0101100
desk 0 0 -10 652.66 178.94 729.82 477.96 0.0100421
table 0 0 -10 0.00 147.89 115.51 263.04 0.0097073
sofa 0 0 -10 221.79 136.03 401.56 273.39 0.0093849
desk 0 0 -10 196.08 111.18 713.62 269.18 0.0090044
chair 0 0 -10 316.03 134.65 418.07 176.27 0.0090019
table 0 0 -10 281.37 133.38 380.29 216.02 0.0089887
chair 0 0 -10 27.28 149.75 113.30 304.00 0.0089244
desk 0 0 -10 33.47 157.42 184.37 365.66 0.0080865
sofa 0 0 -10 221.80 131.42 607.20 264.69 0.0079350
table 0 0 -10 237.55 134.88 493.79 258.22 0.0078379
table 0 0 -10 707.29 184.20 730.00 365.39 0.0072790
table 0 0 -10 16.93 133.36 240.84 179.38 0.0072084
desk 0 0 -10 565.43 167.02 726.53 265.55 0.0071553
table 0 0 -10 198.75 185.99 573.47 428.80 0.0070299
chair 0 0 -10 676.34 149.16 728.37 308.01 0.0067857
desk 0 0 -10 296.57 136.47 423.27 227.02 0.0067612
chair 0 0 -10 517.88 223.57 730.00 520.64 0.0067284
chair 0 0 -10 698.24 134.12 729.83 284.06 0.0065201
chair 0 0 -10 160.47 122.74 469.30 220.65 0.0064668
table 0 0 -10 672.98 258.63 730.00 523.04 0.0063887
sofa 0 0 -10 293.09 138.66 397.63 247.99 0.0063691
chair 0 0 -10 203.92 191.55 479.47 484.34 0.0059799
chair 0 0 -10 35.29 97.84 102.20 229.47 0.0059267
chair 0 0 -10 256.71 123.50 397.69 178.14 0.0054561
chair 0 0 -10 665.75 340.16 730.00 523.24 0.0053471
chair 0 0 -10 319.20 189.38 557.56 442.34 0.0048471
table 0 0 -10 557.97 245.99 728.68 520.23 0.0045143
table 0 0 -10 93.02 129.60 587.42 257.08 0.0045083
chair 0 0 -10 548.07 343.41 730.00 529.82 0.0043624
table 0 0 -10 307.38 142.70 397.44 230.06 0.0042384
chair 0 0 -10 689.39 176.59 729.22 429.95 0.0042248
sofa 0 0 -10 559.05 166.81 727.84 384.66 0.0040671
table 0 0 -10 7.80 158.21 20.75 267.16 0.0039955
table 0 0 -10 265.21 130.92 437.59 195.41 0.0038442
desk 0 0 -10 11.84 110.66 308.35 370.50 0.0037129
table 0 0 -10 215.80 138.31 286.21 174.58 0.0037049
table 0 0 -10 287.15 133.87 391.22 171.17 0.0036927
chair 0 0 -10 381.49 133.56 526.05 224.67 0.0036714
chair 0 0 -10 278.70 129.19 333.54 171.53 0.0036519
table 0 0 -10 666.05 187.50 729.19 283.72 0.0035907
chair 0 0 -10 334.93 165.15 454.45 216.65 0.0035074
