table 0 0 -10 335.80 503.16 404.00 529.81 0.0068877
table 0 0 -10 251.51 486.02 429.23 529.96 0.0041064
chair 0 0 -10 375.42 320.06 539.34 530.00 0.0037921
table 0 0 -10 294.20 505.30 449.97 530.00 0.0028595
table 0 0 -10 98.78 487.20 391.71 528.92 0.0026378
table 0 0 -10 330.60 515.12 411.92 529.67 0.0023359
chair 0 0 -10 248.32 483.38 447.15 530.00 0.0022867
bed 0 0 -10 154.24 491.88 432.54 530.00 0.0020220
table 0 0 -10 337.43 498.15 491.04 530.00 0.0018766
bathtub 0 0 -10 24.25 421.20 396.56 530.00 0.0016360
chair 0 0 -10 8.39 409.38 404.13 530.00 0.0014655
chair 0 0 -10 45.28 333.92 552.03 530.00 0.0014376
bathtub 0 0 -10 104.56 485.65 399.89 528.65 0.0014289
chair 0 0 -10 333.25 490.05 413.09 528.57 0.0014229
table 0 0 -10 117.83 508.62 431.22 530.00 0.0011666
bathtub 0 0 -10 200.92 354.27 403.03 524.13 0.0011152
table 0 0 -10 318.40 521.91 412.73 529.84 0.0010758
table 0 0 -10 23.25 420.95 384.25 530.00 0.0009947
table 0 0 -10 4.43 413.29 198.82 530.00 0.0009759
table 0 0 -10 385.78 325.14 520.55 530.00 0.0009753
table 0 0 -10 313.49 525.74 411.48 529.94 0.0009695
sofa 0 0 -10 252.08 485.59 439.46 530.00 0.0009306
bathtub 0 0 -10 54.06 345.97 451.60 521.18 0.0009195
dresser 0 0 -10 373.35 328.60 526.30 528.09 0.0009185
table 0 0 -10 332.18 482.95 405.40 527.97 0.0008770
sofa 0 0 -10 105.47 486.34 398.14 528.97 0.0008178
night_stand 0 0 -10 335.85 502.66 408.62 529.50 0.0007892
table 0 0 -10 261.66 514.63 502.69 530.00 0.0007018
bathtub 0 0 -10 34.69 363.20 267.55 526.14 0.0006657
table 0 0 -10 217.50 447.04 399.37 529.32 0.0006488
table 0 0 -10 60.83 462.36 336.01 530.00 0.0006450
bathtub 0 0 -10 216.97 415.57 374.43 527.12 0.0006106
table 0 0 -10 305.43 496.89 381.47 529.61 0.0005683
chair 0 0 -10 3.70 282.72 254.70 525.05 0.0005581
bathtub 0 0 -10 56.85 462.79 344.52 529.14 0.0005569
table 0 0 -10 278.81 518.68 406.52 529.96 0.0005102
bed 0 0 -10 79.42 477.45 373.70 527.43 0.0004535
dresser 0 0 -10 198.38 323.36 408.33 522.78 0.0004507
bathtub 0 0 -10 386.09 315.43 525.20 530.00 0.0004332
table 0 0 -10 352.29 492.02 428.63 529.20 0.0004081
chair 0 0 -10 318.19 503.23 395.04 529.77 0.0003992
bathtub 0 0 -10 246.10 484.30 449.15 528.88 0.0003803
chair 0 0 -10 110.99 484.75 406.58 528.74 0.0003790
bed 0 0 -10 25.83 24.90 636.66 530.00 0.0003780
chair 0 0 -10 332.66 496.54 503.72 530.00 0.0003756
bookshelf 0 0 -10 389.69 290.85 520.65 530.00 0.0003715
chair 0 0 -10 211.53 448.03 413.63 529.80 0.0003461
chair 0 0 -10 186.27 329.38 417.43 523.75 0.0003338
table 0 0 -10 271.23 454.63 456.18 529.55 0.0003201
table 0 0 -10 118.36 391.18 459.14 527.96 0.0003171
bathtub 0 0 -10 113.57 508.17 447.71 530.00 0.0003168
toilet 0 0 -10 320.75 330.17 529.37 530.00 0.0003154
toilet 0 0 -10 217.51 393.40 389.88 529.50 0.0003113
bed 0 0 -10 5.64 381.66 423.25 529.98 0.0003097
chair 0 0 -10 5.99 428.44 232.95 530.00 0.0003065
bed 0 0 -10 251.98 505.79 459.76 530.00 0.0002976
table 0 0 -10 1.49 317.57 150.32 524.71 0.0002946
table 0 0 -10 285.05 524.44 393.62 529.99 0.0002878
toilet 0 0 -10 192.54 482.03 425.76 529.19 0.0002836
chair 0 0 -10 56.64 463.53 340.12 529.62 0.0002794
night_stand 0 0 -10 331.71 515.02 417.56 529.74 0.0002742
bed 0 0 -10 301.71 487.60 491.39 530.00 0.0002724
bathtub 0 0 -10 228.88 364.80 334.89 518.73 0.0002684
chair 0 0 -10 178.42 263.07 499.23 490.24 0.0002592
bed 0 0 -10 192.11 327.73 415.43 529.26 0.0002525
table 0 0 -10 346.84 517.84 455.64 530.00 0.0002514
chair 0 0 -10 334.50 508.53 422.21 529.39 0.0002449
bathtub 0 0 -10 274.65 331.45 513.88 524.48 0.0002445
table 0 0 -10 29.67 364.01 253.94 529.39 0.0002426
desk 0 0 -10 249.04 485.04 437.01 530.00 0.0002328
dresser 0 0 -10 120.09 385.13 471.60 524.06 0.0002312
bathtub 0 0 -10 87.77 420.49 242.73 530.00 0.0002298
dresser 0 0 -10 253.62 484.76 435.74 529.44 0.0002287
night_stand 0 0 -10 259.31 486.25 439.71 529.00 0.0002262
table 0 0 -10 309.15 435.42 411.86 529.00 0.0002239
toilet 0 0 -10 21.73 421.30 390.56 530.00 0.0002235
table 0 0 -10 26.70 37.90 619.64 525.12 0.0002183
chair 0 0 -10 304.56 226.32 523.24 521.89 0.0002183
bathtub 0 0 -10 223.12 474.59 376.19 529.26 0.0002150
table 0 0 -10 328.47 484.96 554.12 528.05 0.0002112
table 0 0 -10 361.56 489.26 399.22 525.94 0.0002079
table 0 0 -10 210.82 475.18 338.36 530.00 0.0002068
dresser 0 0 -10 106.81 485.99 393.42 528.81 0.0001984
chair 0 0 -10 28.38 454.21 541.64 530.00 0.0001931
desk 0 0 -10 383.90 326.16 526.65 529.95 0.0001916
bathtub 0 0 -10 275.27 392.67 412.38 525.92 0.0001904
table 0 0 -10 274.78 393.07 401.39 530.00 0.0001904
bathtub 0 0 -10 141.76 377.61 331.86 528.16 0.0001831
chair 0 0 -10 200.49 502.50 473.93 528.94 0.0001793
toilet 0 0 -10 75.73 476.07 367.85 527.26 0.0001769
desk 0 0 -10 110.80 389.93 482.93 525.16 0.0001737
bed 0 0 -10 0.28 273.64 264.76 525.83 0.0001704
sofa 0 0 -10 261.73 512.16 477.44 530.00 0.0001680
chair 0 0 -10 263.17 389.04 408.68 528.43 0.0001667
chair 0 0 -10 302.83 434.07 418.14 529.19 0.0001638
sofa 0 0 -10 197.40 503.11 470.78 529.03 0.0001637
bookshelf 0 0 -10 51.96 1.98 605.53 521.48 0.0001628
table 0 0 -10 354.41 454.42 488.38 530.00 0.0001580
dresser 0 0 -10 239.46 296.01 543.08 522.71 0.0001577
table 0 0 -10 264.52 527.09 395.58 530.00 0.0001503
