chair 0 0 -10 252.62 236.37 518.49 525.67 0.9908037
desk 0 0 -10 149.99 142.63 476.79 326.15 0.8945877
bookshelf 0 0 -10 133.73 0.01 246.97 117.63 0.6084538
desk 0 0 -10 37.20 128.12 228.70 259.62 0.5632333
chair 0 0 -10 436.98 170.95 662.33 373.56 0.4922297
sofa 0 0 -10 435.90 166.24 650.14 349.07 0.4774744
table 0 0 -10 31.12 120.39 234.91 261.07 0.4411133
table 0 0 -10 148.98 139.24 479.22 323.66 0.2667433
chair 0 0 -10 29.51 149.93 119.91 257.16 0.1482684
desk 0 0 -10 125.12 141.97 524.05 454.76 0.0972940
bed 0 0 -10 42.38 106.93 223.73 260.66 0.0942549
bookshelf 0 0 -10 177.76 2.20 267.90 72.54 0.0688203
table 0 0 -10 33.86 107.04 183.65 208.54 0.0679167
desk 0 0 -10 35.69 149.58 155.83 251.09 0.0538099
table 0 0 -10 1.87 98.43 39.92 165.90 0.0478508
table 0 0 -10 34.41 151.27 160.41 246.78 0.0478073
bookshelf 0 0 -10 68.32 3.93 210.77 108.21 0.0470741
night_stand 0 0 -10 89.51 136.92 216.22 276.18 0.0434029
table 0 0 -10 132.16 147.84 522.70 448.41 0.0429177
chair 0 0 -10 2.94 91.45 44.39 163.62 0.0329092
desk 0 0 -10 55.18 128.15 342.40 298.43 0.0286504
table 0 0 -10 33.20 163.61 108.58 250.85 0.0265575
bookshelf 0 0 -10 146.89 2.82 197.98 116.34 0.0259815
chair 0 0 -10 12.02 88.57 68.21 165.10 0.0251345
desk 0 0 -10 34.36 105.83 181.07 208.43 0.0240259
sofa 0 0 -10 29.78 95.73 150.09 178.58 0.0204951
sofa 0 0 -10 27.66 86.46 236.16 248.37 0.0202288
chair 0 0 -10 17.29 103.91 37.58 164.22 0.0195010
sofa 0 0 -10 216.43 226.47 532.00 526.02 0.0194254
desk 0 0 -10 117.43 97.79 668.48 337.31 0.0188326
chair 0 0 -10 25.36 87.07 113.16 169.78 0.0185271
table 0 0 -10 62.96 131.94 345.44 291.53 0.0169011
bed 0 0 -10 32.42 95.94 177.09 204.64 0.0162623
bookshelf 0 0 -10 144.13 21.75 221.29 82.64 0.0153866
chair 0 0 -10 33.23 101.86 114.57 228.38 0.0152450
bookshelf 0 0 -10 46.60 1.50 297.52 86.27 0.0146659
chair 0 0 -10 57.26 141.54 147.25 270.88 0.0143699
bookshelf 0 0 -10 20.70 0.00 282.06 179.36 0.0139393
chair 0 0 -10 54.08 73.12 242.06 254.19 0.0128855
chair 0 0 -10 336.01 216.13 539.51 466.13 0.0104320
table 0 0 -10 3.51 95.93 71.30 172.47 0.0091100
desk 0 0 -10 17.65 79.82 271.91 280.83 0.0087109
desk 0 0 -10 95.41 141.03 152.40 260.88 0.0084654
sofa 0 0 -10 23.78 90.60 222.37 162.12 0.0080310
table 0 0 -10 0.00 95.01 22.28 176.96 0.0078080
table 0 0 -10 19.43 100.90 160.15 170.31 0.0076476
sofa 0 0 -10 27.38 118.31 206.24 208.30 0.0073354
table 0 0 -10 16.54 105.46 37.51 164.16 0.0072092
table 0 0 -10 177.99 70.05 656.13 211.59 0.0071116
table 0 0 -10 68.25 132.30 139.08 201.27 0.0070075
table 0 0 -10 23.76 97.01 102.77 191.73 0.0067215
dresser 0 0 -10 81.74 126.10 212.36 272.79 0.0066671
chair 0 0 -10 53.63 140.20 129.61 205.91 0.0066393
night_stand 0 0 -10 136.84 152.90 234.53 283.90 0.0063568
table 0 0 -10 21.18 119.77 123.31 228.17 0.0062565
table 0 0 -10 153.97 246.37 553.49 524.25 0.0058609
table 0 0 -10 163.72 101.18 504.65 220.95 0.0055164
bed 0 0 -10 25.30 48.47 213.76 225.83 0.0054696
desk 0 0 -10 278.51 244.92 522.87 529.01 0.0053315
dresser 0 0 -10 93.39 4.47 258.05 118.02 0.0053075
table 0 0 -10 94.21 144.04 168.48 237.74 0.0048402
chair 0 0 -10 58.58 92.78 119.20 158.06 0.0047202
chair 0 0 -10 9.72 109.21 84.98 228.75 0.0045846
table 0 0 -10 34.17 150.46 105.12 213.74 0.0045512
table 0 0 -10 105.52 143.35 229.36 276.56 0.0043505
chair 0 0 -10 0.81 97.13 62.08 207.42 0.0043113
table 0 0 -10 0.80 301.37 50.06 523.39 0.0042774
table 0 0 -10 25.54 82.15 315.40 178.44 0.0042120
chair 0 0 -10 29.51 86.64 98.93 139.00 0.0041643
chair 0 0 -10 5.78 87.00 57.46 137.40 0.0041393
table 0 0 -10 37.37 133.05 164.34 187.22 0.0040971
table 0 0 -10 4.16 105.81 40.58 141.99 0.0040315
desk 0 0 -10 68.56 128.96 138.87 203.20 0.0039108
chair 0 0 -10 56.40 89.04 143.24 209.14 0.0038452
chair 0 0 -10 71.92 109.52 184.88 254.45 0.0038005
table 0 0 -10 0.73 93.85 47.58 205.60 0.0037148
desk 0 0 -10 170.87 66.69 674.82 216.98 0.0037020
dresser 0 0 -10 68.03 3.60 187.41 117.17 0.0035885
night_stand 0 0 -10 134.59 132.98 479.52 318.54 0.0034170
table 0 0 -10 14.88 35.36 299.08 255.04 0.0033757
chair 0 0 -10 35.17 128.31 103.22 199.22 0.0033499
chair 0 0 -10 112.60 7.86 246.83 146.61 0.0032802
table 0 0 -10 2.75 90.14 13.94 174.18 0.0032531
chair 0 0 -10 324.04 0.00 410.12 72.52 0.0032055
chair 0 0 -10 82.69 88.93 133.69 187.28 0.0031646
chair 0 0 -10 37.02 77.76 152.54 159.17 0.0031565
table 0 0 -10 186.83 58.57 705.10 151.75 0.0030168
desk 0 0 -10 72.05 1.87 288.68 118.73 0.0029843
chair 0 0 -10 346.45 151.21 491.04 330.28 0.0029418
desk 0 0 -10 57.46 28.57 270.83 212.74 0.0028305
desk 0 0 -10 182.52 98.67 488.45 261.97 0.0027081
chair 0 0 -10 261.07 286.05 422.39 481.05 0.0026520
table 0 0 -10 250.59 286.75 451.30 527.37 0.0026409
desk 0 0 -10 2.07 97.02 48.29 168.25 0.0026202
table 0 0 -10 455.88 167.47 660.33 345.88 0.0026140
table 0 0 -10 9.29 97.70 25.22 165.48 0.0026132
night_stand 0 0 -10 93.72 143.66 166.59 237.86 0.0026118
table 0 0 -10 293.89 157.58 588.13 368.24 0.0025904
chair 0 0 -10 357.84 0.00 425.37 64.50 0.0025293
chair 0 0 -10 7.49 123.74 43.51 163.41 0.0024633
