toilet 0 0 -10 254.07 30.05 661.26 450.34 0.9822692
chair 0 0 -10 239.33 11.90 664.14 479.43 0.0297075
bathtub 0 0 -10 275.73 55.17 679.91 462.23 0.0282383
toilet 0 0 -10 390.48 22.59 662.27 265.07 0.0174863
chair 0 0 -10 52.81 355.27 332.13 528.91 0.0148385
sofa 0 0 -10 54.30 354.84 333.76 530.00 0.0036957
bathtub 0 0 -10 39.84 205.98 325.33 513.82 0.0025749
table 0 0 -10 236.47 43.45 679.01 497.73 0.0019310
toilet 0 0 -10 206.66 108.46 508.87 498.08 0.0019192
toilet 0 0 -10 97.88 322.82 431.81 530.00 0.0018951
bookshelf 0 0 -10 266.43 41.50 660.82 485.62 0.0018904
bed 0 0 -10 240.37 54.11 679.91 503.98 0.0017837
chair 0 0 -10 42.02 254.87 487.86 522.80 0.0015737
desk 0 0 -10 231.83 65.63 681.50 524.51 0.0013659
table 0 0 -10 42.04 330.33 297.12 520.57 0.0012725
toilet 0 0 -10 11.52 142.80 427.05 521.80 0.0011873
dresser 0 0 -10 232.60 44.35 678.63 488.56 0.0011629
sofa 0 0 -10 229.40 52.86 676.45 485.73 0.0010613
toilet 0 0 -10 262.61 34.64 514.05 373.83 0.0010141
toilet 0 0 -10 73.98 269.78 654.81 530.00 0.0008607
table 0 0 -10 3.00 255.06 289.66 455.15 0.0008317
toilet 0 0 -10 501.62 34.16 664.74 197.70 0.0007205
toilet 0 0 -10 246.52 290.83 466.51 484.42 0.0006646
chair 0 0 -10 21.44 253.38 308.17 481.70 0.0006646
night_stand 0 0 -10 229.12 41.38 681.36 489.51 0.0006150
bathtub 0 0 -10 265.09 258.92 641.26 526.08 0.0005227
table 0 0 -10 3.79 138.67 357.90 524.68 0.0005206
bed 0 0 -10 60.14 284.93 307.25 523.65 0.0004532
toilet 0 0 -10 57.96 268.25 318.95 523.66 0.0004449
bathtub 0 0 -10 343.33 31.12 663.94 322.92 0.0004200
table 0 0 -10 76.99 217.62 529.27 530.00 0.0003138
bathtub 0 0 -10 409.96 22.38 660.13 197.41 0.0002280
desk 0 0 -10 55.33 278.52 298.10 524.10 0.0002233
chair 0 0 -10 388.54 13.83 663.91 217.86 0.0002096
toilet 0 0 -10 444.22 46.36 683.55 528.77 0.0001940
toilet 0 0 -10 375.48 37.59 517.83 335.87 0.0001886
table 0 0 -10 504.25 130.46 720.02 530.00 0.0001881
bathtub 0 0 -10 19.77 67.29 414.85 486.78 0.0001714
bathtub 0 0 -10 68.43 349.42 365.69 519.94 0.0001681
table 0 0 -10 19.52 354.51 238.10 448.08 0.0001673
table 0 0 -10 125.00 316.06 409.99 523.97 0.0001644
bathtub 0 0 -10 394.16 126.13 717.95 526.45 0.0001520
bed 0 0 -10 10.16 145.94 362.82 526.49 0.0001426
sofa 0 0 -10 94.71 263.93 653.46 530.00 0.0001408
toilet 0 0 -10 323.32 55.90 403.02 288.89 0.0001159
table 0 0 -10 336.87 19.13 651.66 366.40 0.0001141
table 0 0 -10 675.99 321.99 726.94 520.74 0.0001111
chair 0 0 -10 509.54 6.16 655.99 179.95 0.0001030
table 0 0 -10 250.62 223.49 632.38 528.11 0.0001028
chair 0 0 -10 0.04 77.96 232.08 508.49 0.0001023
table 0 0 -10 80.39 289.37 269.27 424.09 0.0000998
chair 0 0 -10 272.22 0.00 497.40 323.03 0.0000938
table 0 0 -10 684.43 362.85 727.86 404.02 0.0000919
chair 0 0 -10 0.00 31.62 57.62 433.77 0.0000846
toilet 0 0 -10 237.11 195.12 400.58 474.24 0.0000838
chair 0 0 -10 626.42 11.98 730.00 174.22 0.0000808
bed 0 0 -10 90.55 262.11 661.30 526.98 0.0000802
table 0 0 -10 685.98 333.26 727.75 444.51 0.0000771
table 0 0 -10 468.43 81.23 640.40 530.00 0.0000762
table 0 0 -10 526.52 327.39 726.03 530.00 0.0000757
table 0 0 -10 686.95 378.88 727.98 415.22 0.0000757
chair 0 0 -10 652.39 88.86 730.00 520.85 0.0000738
toilet 0 0 -10 525.29 27.25 704.09 344.88 0.0000717
toilet 0 0 -10 363.70 69.66 656.47 198.33 0.0000717
chair 0 0 -10 660.79 26.65 730.00 348.59 0.0000702
chair 0 0 -10 1.66 191.17 155.64 509.69 0.0000701
chair 0 0 -10 528.77 179.55 730.00 530.00 0.0000691
dresser 0 0 -10 61.21 282.18 304.75 519.96 0.0000685
chair 0 0 -10 240.70 207.41 591.80 505.15 0.0000649
bathtub 0 0 -10 51.66 135.68 376.30 382.55 0.0000646
toilet 0 0 -10 19.87 221.71 334.29 433.22 0.0000615
table 0 0 -10 658.26 369.29 725.76 412.82 0.0000595
chair 0 0 -10 608.12 304.49 730.00 414.39 0.0000595
bookshelf 0 0 -10 341.52 33.70 644.71 325.65 0.0000587
bathtub 0 0 -10 600.80 309.59 730.00 411.75 0.0000586
chair 0 0 -10 43.95 352.68 288.33 451.82 0.0000582
desk 0 0 -10 330.95 28.42 661.02 367.04 0.0000577
dresser 0 0 -10 343.14 38.50 645.57 360.53 0.0000561
bathtub 0 0 -10 589.21 110.58 730.00 425.15 0.0000559
chair 0 0 -10 628.17 269.22 730.00 521.70 0.0000543
bathtub 0 0 -10 98.70 250.72 290.71 382.78 0.0000539
chair 0 0 -10 407.08 110.39 714.23 530.00 0.0000538
night_stand 0 0 -10 65.59 357.64 346.66 526.01 0.0000530
table 0 0 -10 3.73 289.69 208.35 522.62 0.0000503
table 0 0 -10 3.01 26.50 133.46 507.59 0.0000488
desk 0 0 -10 71.98 217.80 567.29 530.00 0.0000478
table 0 0 -10 657.16 393.52 725.27 432.89 0.0000471
chair 0 0 -10 0.00 310.56 204.05 523.71 0.0000468
desk 0 0 -10 1.52 133.39 367.21 524.89 0.0000466
bathtub 0 0 -10 225.01 78.40 516.08 431.71 0.0000460
toilet 0 0 -10 321.17 1.69 538.39 253.51 0.0000456
table 0 0 -10 631.13 283.24 726.74 525.31 0.0000440
table 0 0 -10 653.97 107.64 729.11 526.59 0.0000427
table 0 0 -10 58.97 0.00 496.84 490.51 0.0000424
bathtub 0 0 -10 621.70 11.50 730.00 180.73 0.0000424
table 0 0 -10 392.92 19.57 657.08 215.42 0.0000415
bathtub 0 0 -10 655.00 98.36 730.00 525.97 0.0000410
bathtub 0 0 -10 650.38 317.51 730.00 527.47 0.0000400
night_stand 0 0 -10 335.48 29.95 654.56 355.10 0.0000377
bathtub 0 0 -10 453.71 355.54 730.00 530.00 0.0000369
