sofa 0 0 -10 7.11 141.93 557.44 428.28 0.9777345
chair 0 0 -10 0.31 169.05 47.76 379.33 0.8176745
table 0 0 -10 0.16 201.68 39.00 423.58 0.1035142
bed 0 0 -10 627.21 134.65 729.15 309.76 0.0407794
table 0 0 -10 1.14 228.04 55.07 510.00 0.0347453
chair 0 0 -10 220.85 125.25 537.88 395.16 0.0283389
chair 0 0 -10 2.50 131.69 76.55 480.83 0.0252970
sofa 0 0 -10 0.26 159.36 48.52 361.35 0.0242225
chair 0 0 -10 434.89 126.09 543.44 375.67 0.0197574
chair 0 0 -10 0.26 176.50 36.64 277.13 0.0192350
bed 0 0 -10 621.54 10.36 729.81 357.88 0.0189238
table 0 0 -10 0.32 229.98 46.71 343.10 0.0186328
table 0 0 -10 8.23 172.76 43.12 364.20 0.0164559
desk 0 0 -10 0.39 240.94 48.11 475.85 0.0164205
table 0 0 -10 1.18 292.12 49.32 394.12 0.0136014
bed 0 0 -10 0.00 142.59 555.14 433.20 0.0128030
table 0 0 -10 3.24 271.88 22.46 477.20 0.0120667
chair 0 0 -10 0.69 232.93 40.48 352.83 0.0118873
chair 0 0 -10 4.08 146.96 25.32 418.73 0.0099576
table 0 0 -10 0.02 338.54 23.01 420.52 0.0096557
table 0 0 -10 0.10 353.67 13.56 397.87 0.0089274
desk 0 0 -10 0.00 213.74 44.97 373.12 0.0084331
table 0 0 -10 7.49 192.64 555.40 483.12 0.0075639
table 0 0 -10 3.38 316.18 17.19 442.65 0.0072393
table 0 0 -10 1.49 223.93 84.53 394.60 0.0067022
table 0 0 -10 1.82 308.66 56.46 364.13 0.0065112
chair 0 0 -10 13.85 165.72 568.53 484.71 0.0059998
bed 0 0 -10 528.44 117.95 721.12 331.83 0.0058360
table 0 0 -10 5.20 256.38 33.90 502.79 0.0054604
table 0 0 -10 2.01 306.48 11.67 463.05 0.0052540
table 0 0 -10 0.30 315.69 37.90 418.43 0.0049546
table 0 0 -10 1.24 285.83 69.39 440.33 0.0048017
chair 0 0 -10 2.04 218.57 54.48 295.94 0.0044224
chair 0 0 -10 0.93 266.21 54.04 511.95 0.0044156
table 0 0 -10 0.37 179.70 34.35 275.60 0.0043859
sofa 0 0 -10 14.39 148.60 308.18 397.88 0.0043517
night_stand 0 0 -10 1.18 242.12 49.92 473.06 0.0034846
table 0 0 -10 0.57 235.60 22.27 337.41 0.0030727
night_stand 0 0 -10 0.00 183.36 39.67 420.56 0.0028835
sofa 0 0 -10 0.00 175.84 35.75 276.67 0.0026098
chair 0 0 -10 31.17 184.56 39.11 338.15 0.0025992
bed 0 0 -10 676.99 143.15 727.25 357.72 0.0025975
table 0 0 -10 0.00 208.59 108.86 503.13 0.0024189
sofa 0 0 -10 4.34 142.74 200.58 325.90 0.0023986
chair 0 0 -10 6.41 148.65 146.91 450.22 0.0023725
table 0 0 -10 0.82 271.15 41.13 334.55 0.0023149
sofa 0 0 -10 29.76 139.85 451.35 318.82 0.0022472
table 0 0 -10 3.78 174.48 17.53 413.18 0.0022404
bed 0 0 -10 639.63 6.55 730.00 180.56 0.0021323
table 0 0 -10 0.20 353.41 20.73 382.66 0.0020638
night_stand 0 0 -10 3.83 218.30 52.51 375.76 0.0019063
dresser 0 0 -10 0.00 176.94 38.78 420.02 0.0018795
table 0 0 -10 502.67 207.84 665.78 324.09 0.0017949
sofa 0 0 -10 2.46 157.17 91.81 405.44 0.0017861
chair 0 0 -10 1.70 280.86 49.95 392.47 0.0016936
table 0 0 -10 5.54 203.26 54.55 316.15 0.0016825
desk 0 0 -10 0.21 184.04 573.85 477.45 0.0016414
chair 0 0 -10 1.82 197.00 74.53 348.91 0.0016252
chair 0 0 -10 21.20 169.79 44.51 334.62 0.0014872
table 0 0 -10 1.14 235.56 9.41 426.09 0.0014749
chair 0 0 -10 0.03 143.90 3.02 334.14 0.0013798
table 0 0 -10 3.57 277.44 105.49 373.72 0.0013773
bed 0 0 -10 0.00 169.86 39.10 421.19 0.0013653
table 0 0 -10 4.34 270.41 10.03 446.34 0.0013426
chair 0 0 -10 1.38 146.77 16.77 360.11 0.0012597
chair 0 0 -10 1.53 127.09 98.15 311.12 0.0012530
toilet 0 0 -10 0.00 176.45 38.01 427.11 0.0012315
bookshelf 0 0 -10 0.00 161.05 38.88 418.84 0.0011437
dresser 0 0 -10 634.16 6.18 728.10 177.86 0.0011307
table 0 0 -10 0.00 361.84 24.05 391.46 0.0011068
table 0 0 -10 29.22 137.18 501.22 373.91 0.0010184
table 0 0 -10 4.43 226.84 46.11 258.27 0.0010183
table 0 0 -10 0.00 128.88 136.33 356.09 0.0009814
table 0 0 -10 0.65 340.86 45.34 496.70 0.0009641
night_stand 0 0 -10 1.52 294.28 51.35 393.81 0.0009551
bed 0 0 -10 553.76 5.33 727.35 470.75 0.0009324
night_stand 0 0 -10 3.26 285.59 30.44 484.00 0.0009271
sofa 0 0 -10 1.19 184.44 55.53 504.83 0.0009236
table 0 0 -10 2.26 237.34 11.74 367.00 0.0009012
desk 0 0 -10 1.30 265.74 49.15 341.95 0.0008809
bed 0 0 -10 603.15 135.15 728.54 439.52 0.0008309
table 0 0 -10 607.70 242.19 668.84 322.79 0.0008107
dresser 0 0 -10 0.68 202.89 54.90 510.45 0.0007840
chair 0 0 -10 1.04 168.99 9.96 350.67 0.0007470
desk 0 0 -10 0.00 202.25 80.87 463.65 0.0007132
chair 0 0 -10 28.70 197.56 43.80 321.08 0.0007009
sofa 0 0 -10 4.58 152.01 24.59 415.92 0.0006913
chair 0 0 -10 11.93 128.55 270.17 463.27 0.0006752
chair 0 0 -10 23.62 190.14 36.53 322.72 0.0006668
dresser 0 0 -10 619.19 2.34 730.00 301.76 0.0006550
chair 0 0 -10 14.28 171.20 33.35 295.51 0.0006531
chair 0 0 -10 0.93 153.18 5.35 350.80 0.0006409
chair 0 0 -10 2.94 155.23 7.58 326.63 0.0006350
table 0 0 -10 0.49 175.52 28.40 361.90 0.0006334
table 0 0 -10 0.00 178.72 3.99 322.46 0.0006301
chair 0 0 -10 0.54 224.96 23.83 335.11 0.0006298
dresser 0 0 -10 3.48 214.78 51.15 376.43 0.0006017
bathtub 0 0 -10 0.00 187.98 38.37 433.63 0.0006002
table 0 0 -10 0.56 190.74 13.43 350.98 0.0005981
bed 0 0 -10 431.51 0.00 725.35 339.48 0.0005877
