desk 0 0 -10 473.66 156.38 722.00 452.89 0.6192055
table 0 0 -10 475.09 164.86 727.43 456.21 0.6107953
table 0 0 -10 132.18 115.47 241.77 187.98 0.1653305
toilet 0 0 -10 133.99 105.72 251.77 179.68 0.1252346
desk 0 0 -10 481.99 174.86 722.40 316.98 0.0619219
table 0 0 -10 476.22 175.37 726.45 320.21 0.0584719
chair 0 0 -10 498.97 222.45 715.60 465.65 0.0443062
desk 0 0 -10 305.09 102.58 723.05 463.11 0.0413909
table 0 0 -10 1.69 172.91 184.12 425.77 0.0301733
table 0 0 -10 310.21 110.53 713.38 452.50 0.0234966
chair 0 0 -10 464.32 54.50 716.41 458.24 0.0209004
table 0 0 -10 214.22 138.06 433.34 412.79 0.0198444
table 0 0 -10 131.41 120.57 244.38 340.53 0.0133750
table 0 0 -10 688.54 199.87 729.93 477.73 0.0132269
desk 0 0 -10 475.26 50.94 730.00 339.05 0.0094265
dresser 0 0 -10 2.68 155.65 184.75 421.39 0.0045002
table 0 0 -10 606.59 184.99 730.00 498.14 0.0044623
table 0 0 -10 155.61 100.96 546.74 437.00 0.0039525
desk 0 0 -10 205.31 138.75 427.68 435.14 0.0038827
night_stand 0 0 -10 467.87 167.60 709.74 453.51 0.0036916
chair 0 0 -10 668.45 266.71 730.00 496.06 0.0035453
table 0 0 -10 101.42 39.38 261.95 305.97 0.0035411
chair 0 0 -10 655.50 63.57 730.00 440.07 0.0034371
chair 0 0 -10 688.11 135.73 727.79 432.88 0.0031248
table 0 0 -10 208.74 232.66 407.19 348.36 0.0028732
chair 0 0 -10 620.96 211.17 730.00 504.91 0.0028401
night_stand 0 0 -10 7.00 159.06 191.66 422.67 0.0026475
table 0 0 -10 445.44 39.34 723.14 316.23 0.0023062
desk 0 0 -10 687.93 165.49 725.75 433.17 0.0022209
desk 0 0 -10 146.60 94.12 564.41 454.51 0.0021800
chair 0 0 -10 213.01 112.45 422.16 432.14 0.0021319
table 0 0 -10 654.84 185.50 729.67 423.88 0.0020359
chair 0 0 -10 131.32 103.50 250.41 176.73 0.0017329
table 0 0 -10 686.23 238.12 728.69 382.43 0.0016772
chair 0 0 -10 686.42 47.14 729.97 188.69 0.0016692
chair 0 0 -10 494.33 169.56 714.66 349.33 0.0016488
chair 0 0 -10 585.19 117.19 730.00 440.51 0.0015950
bathtub 0 0 -10 0.18 173.05 189.11 436.07 0.0015426
desk 0 0 -10 611.57 177.31 728.40 500.67 0.0014158
chair 0 0 -10 693.43 47.98 729.22 356.70 0.0014095
chair 0 0 -10 196.68 139.05 630.46 497.34 0.0014006
table 0 0 -10 29.34 128.84 286.82 478.00 0.0013845
night_stand 0 0 -10 133.34 112.09 245.88 180.21 0.0013376
chair 0 0 -10 349.83 86.45 657.60 452.14 0.0012888
toilet 0 0 -10 0.00 164.74 183.31 432.71 0.0012804
chair 0 0 -10 475.61 243.34 641.53 436.05 0.0012662
toilet 0 0 -10 82.30 15.12 269.66 188.73 0.0012588
night_stand 0 0 -10 225.26 128.10 441.15 413.03 0.0012206
table 0 0 -10 83.16 160.47 475.82 530.00 0.0011662
sofa 0 0 -10 469.10 153.77 727.29 487.61 0.0011657
chair 0 0 -10 615.03 180.01 727.29 378.45 0.0010826
desk 0 0 -10 655.51 129.67 728.94 456.39 0.0010567
desk 0 0 -10 0.00 174.24 190.51 428.72 0.0010373
bathtub 0 0 -10 137.04 114.16 242.61 176.25 0.0010149
table 0 0 -10 44.40 13.45 730.00 297.51 0.0009247
bed 0 0 -10 466.57 138.37 725.87 464.33 0.0009232
dresser 0 0 -10 469.65 158.49 728.98 490.18 0.0008878
dresser 0 0 -10 219.52 125.51 432.31 410.51 0.0008610
table 0 0 -10 142.52 122.64 364.33 364.67 0.0008303
table 0 0 -10 681.75 118.13 729.19 360.69 0.0008114
table 0 0 -10 710.60 297.51 729.70 485.23 0.0007832
desk 0 0 -10 693.66 56.08 729.00 347.81 0.0007560
table 0 0 -10 714.49 182.07 728.67 474.43 0.0007038
table 0 0 -10 114.00 65.14 526.19 281.87 0.0006953
table 0 0 -10 118.56 92.15 258.19 168.98 0.0006696
chair 0 0 -10 708.10 61.96 730.00 221.51 0.0006324
table 0 0 -10 26.84 0.00 328.01 284.00 0.0005927
chair 0 0 -10 4.30 179.22 204.30 453.44 0.0005761
bookshelf 0 0 -10 472.05 148.36 725.22 489.91 0.0005273
table 0 0 -10 538.53 182.49 726.23 277.92 0.0005208
table 0 0 -10 496.60 226.99 722.46 380.21 0.0005032
chair 0 0 -10 695.27 384.15 729.16 444.10 0.0004974
bathtub 0 0 -10 448.18 164.56 729.51 505.48 0.0004913
table 0 0 -10 246.18 254.63 413.17 403.31 0.0004782
chair 0 0 -10 695.63 312.79 729.54 481.19 0.0004692
bookshelf 0 0 -10 4.43 153.61 184.22 430.00 0.0004663
table 0 0 -10 131.53 0.00 430.13 217.17 0.0004625
chair 0 0 -10 57.29 164.64 497.21 512.40 0.0004515
table 0 0 -10 393.53 243.16 672.21 456.88 0.0004508
table 0 0 -10 695.60 316.96 728.12 485.68 0.0004415
toilet 0 0 -10 460.11 158.62 719.04 503.99 0.0004275
sofa 0 0 -10 6.95 179.36 197.30 445.45 0.0004215
table 0 0 -10 707.26 196.30 729.70 402.13 0.0003896
table 0 0 -10 654.44 292.34 727.80 475.65 0.0003817
chair 0 0 -10 608.18 302.02 724.92 427.84 0.0003731
chair 0 0 -10 561.78 194.55 699.07 402.31 0.0003725
bed 0 0 -10 0.00 152.66 189.01 429.57 0.0003682
table 0 0 -10 706.82 267.86 729.74 358.97 0.0003664
desk 0 0 -10 563.10 157.20 725.50 286.33 0.0003524
chair 0 0 -10 686.58 231.80 729.41 382.91 0.0003518
toilet 0 0 -10 202.27 138.09 419.27 449.02 0.0003439
chair 0 0 -10 473.92 10.86 718.99 197.17 0.0003292
table 0 0 -10 551.10 290.36 726.64 405.56 0.0003119
chair 0 0 -10 615.02 337.51 726.66 476.26 0.0002879
bookshelf 0 0 -10 220.50 121.01 432.12 416.42 0.0002848
chair 0 0 -10 703.07 170.32 729.78 370.37 0.0002821
table 0 0 -10 60.70 4.73 269.33 194.65 0.0002781
chair 0 0 -10 649.05 6.72 730.00 170.89 0.0002632
chair 0 0 -10 577.07 172.06 719.01 280.80 0.0002469
chair 0 0 -10 697.09 119.67 729.80 167.27 0.0002318
