table 0 0 -10 375.50 222.01 724.58 510.33 0.8751308
table 0 0 -10 354.97 181.18 469.79 304.45 0.6893579
chair 0 0 -10 666.37 297.96 726.74 516.56 0.6796613
desk 0 0 -10 376.00 225.52 727.15 509.17 0.3009176
chair 0 0 -10 83.73 145.19 131.73 204.67 0.2199198
table 0 0 -10 670.34 226.11 726.52 475.68 0.0943573
table 0 0 -10 709.60 239.77 729.83 438.90 0.0880254
desk 0 0 -10 341.73 145.06 497.47 304.67 0.0750800
desk 0 0 -10 351.98 174.00 463.40 285.03 0.0749920
table 0 0 -10 353.62 188.56 493.60 398.36 0.0491610
chair 0 0 -10 688.05 322.25 729.69 498.46 0.0449611
table 0 0 -10 693.97 250.07 726.70 424.24 0.0405793
table 0 0 -10 673.79 373.25 727.01 490.01 0.0320642
desk 0 0 -10 340.38 106.71 553.58 264.62 0.0296782
desk 0 0 -10 660.51 226.85 727.47 480.08 0.0256809
chair 0 0 -10 703.10 273.62 730.00 434.75 0.0236240
table 0 0 -10 248.07 179.95 322.06 287.02 0.0207813
table 0 0 -10 428.17 218.66 719.70 385.21 0.0202670
table 0 0 -10 170.87 166.25 314.08 278.67 0.0194771
chair 0 0 -10 609.31 313.88 730.00 512.94 0.0181632
chair 0 0 -10 480.53 157.70 630.60 342.37 0.0170777
desk 0 0 -10 332.40 109.61 450.55 259.65 0.0164620
chair 0 0 -10 709.66 311.42 730.00 485.21 0.0163999
table 0 0 -10 350.03 146.56 478.38 261.07 0.0156099
chair 0 0 -10 463.22 150.87 564.76 321.82 0.0140509
dresser 0 0 -10 172.97 154.01 254.57 277.79 0.0133217
chair 0 0 -10 683.73 191.06 729.74 421.22 0.0129188
table 0 0 -10 331.21 146.71 466.84 357.95 0.0121379
chair 0 0 -10 408.00 242.11 691.86 507.35 0.0114396
sofa 0 0 -10 681.44 344.61 729.29 507.59 0.0113043
table 0 0 -10 346.89 128.06 542.61 330.07 0.0110927
table 0 0 -10 371.48 179.32 455.51 262.79 0.0110649
desk 0 0 -10 337.22 168.52 673.30 279.97 0.0108379
desk 0 0 -10 433.14 218.03 714.51 384.59 0.0107539
desk 0 0 -10 317.03 100.10 674.70 231.83 0.0091175
night_stand 0 0 -10 173.06 157.45 255.72 277.65 0.0090409
table 0 0 -10 380.01 246.47 548.36 437.56 0.0087592
table 0 0 -10 339.22 171.46 674.18 279.50 0.0084980
table 0 0 -10 350.82 185.38 418.18 281.56 0.0081856
table 0 0 -10 586.32 162.26 670.62 219.65 0.0081591
chair 0 0 -10 257.26 128.46 347.66 276.94 0.0079223
dresser 0 0 -10 308.33 130.39 351.13 258.66 0.0077288
night_stand 0 0 -10 257.64 179.36 324.25 283.76 0.0075032
desk 0 0 -10 310.73 62.47 719.62 332.59 0.0071281
table 0 0 -10 653.07 350.86 725.05 518.45 0.0064920
table 0 0 -10 88.70 162.18 127.61 203.88 0.0064499
desk 0 0 -10 555.81 209.89 718.48 419.19 0.0061687
chair 0 0 -10 698.14 380.54 729.59 524.06 0.0060050
table 0 0 -10 609.20 238.30 729.29 405.24 0.0058183
chair 0 0 -10 505.53 216.98 620.09 360.06 0.0053365
chair 0 0 -10 481.28 153.85 566.75 246.37 0.0052108
table 0 0 -10 123.81 176.35 176.23 262.73 0.0050221
table 0 0 -10 397.44 181.20 471.87 279.25 0.0049690
desk 0 0 -10 340.57 110.91 502.78 212.59 0.0049344
table 0 0 -10 305.22 228.59 617.69 433.23 0.0046746
table 0 0 -10 719.31 257.44 728.03 433.60 0.0046556
table 0 0 -10 125.50 199.01 684.21 522.40 0.0043038
table 0 0 -10 284.60 173.48 456.09 285.85 0.0041543
desk 0 0 -10 673.49 349.12 727.99 515.36 0.0041492
sofa 0 0 -10 710.85 311.61 729.79 482.68 0.0039840
desk 0 0 -10 614.20 238.29 727.63 406.03 0.0038110
chair 0 0 -10 689.45 248.68 725.57 394.57 0.0036222
table 0 0 -10 263.74 293.60 347.06 345.68 0.0035708
sofa 0 0 -10 657.34 301.99 725.40 510.75 0.0035619
chair 0 0 -10 499.56 219.01 703.59 441.72 0.0034952
table 0 0 -10 243.48 220.21 480.02 419.88 0.0034793
desk 0 0 -10 162.22 153.41 317.30 286.63 0.0034495
table 0 0 -10 713.65 322.26 728.22 429.26 0.0034117
table 0 0 -10 726.26 313.21 729.92 461.00 0.0031568
chair 0 0 -10 714.29 367.65 729.77 520.47 0.0031537
chair 0 0 -10 355.97 148.94 443.62 270.84 0.0031426
chair 0 0 -10 622.97 246.50 730.00 416.07 0.0031283
chair 0 0 -10 572.40 157.15 648.63 222.13 0.0029421
chair 0 0 -10 382.41 174.68 454.01 251.41 0.0028971
chair 0 0 -10 339.75 145.07 410.29 286.44 0.0028673
table 0 0 -10 725.05 254.67 729.87 442.14 0.0027321
table 0 0 -10 345.66 118.94 698.58 251.87 0.0025470
table 0 0 -10 356.74 177.01 469.19 216.43 0.0024178
sofa 0 0 -10 482.87 7.76 656.97 87.60 0.0023517
table 0 0 -10 702.72 322.38 728.86 495.51 0.0023140
chair 0 0 -10 274.33 111.71 388.60 266.56 0.0023068
table 0 0 -10 240.27 161.67 503.07 330.10 0.0022155
table 0 0 -10 534.78 227.44 728.45 481.74 0.0021018
desk 0 0 -10 353.50 102.86 574.10 178.14 0.0020816
chair 0 0 -10 540.89 157.56 659.34 279.92 0.0019969
table 0 0 -10 320.34 73.35 711.92 332.89 0.0019881
table 0 0 -10 716.54 247.72 725.69 413.35 0.0019422
table 0 0 -10 558.84 188.96 718.21 367.03 0.0019329
chair 0 0 -10 165.39 149.16 241.94 273.15 0.0018919
chair 0 0 -10 691.70 313.75 728.77 420.09 0.0018872
chair 0 0 -10 726.33 311.87 730.00 468.15 0.0018662
table 0 0 -10 616.73 265.10 722.13 510.36 0.0018374
chair 0 0 -10 367.47 168.10 502.95 314.51 0.0018066
table 0 0 -10 407.84 193.86 644.75 349.52 0.0017754
chair 0 0 -10 723.47 362.29 729.77 489.45 0.0017704
chair 0 0 -10 339.87 4.53 417.22 64.99 0.0017129
desk 0 0 -10 189.86 154.46 454.26 300.85 0.0017024
chair 0 0 -10 715.25 266.38 726.58 425.94 0.0017018
desk 0 0 -10 290.38 104.70 571.49 389.17 0.0016888
toilet 0 0 -10 664.47 321.17 728.62 519.80 0.0016628
