toilet 0 0 -10 278.25 115.49 629.01 462.33 0.9929504
bathtub 0 0 -10 6.27 68.50 429.84 386.91 0.9384577
table 0 0 -10 542.19 279.95 728.24 530.00 0.1920367
toilet 0 0 -10 3.02 66.90 399.24 439.01 0.0786463
desk 0 0 -10 547.83 275.77 728.62 530.00 0.0448427
bathtub 0 0 -10 229.00 128.11 633.34 467.19 0.0381033
bathtub 0 0 -10 9.11 60.75 350.29 269.05 0.0288808
bathtub 0 0 -10 555.49 259.68 730.00 520.88 0.0215101
chair 0 0 -10 310.14 89.10 637.01 482.50 0.0182406
toilet 0 0 -10 177.02 68.03 521.48 511.94 0.0165009
table 0 0 -10 0.10 47.27 419.16 430.23 0.0153951
toilet 0 0 -10 553.12 258.38 727.55 528.36 0.0138668
chair 0 0 -10 535.75 263.44 727.66 527.26 0.0094681
bathtub 0 0 -10 60.03 18.61 480.28 290.83 0.0092788
bed 0 0 -10 554.55 275.46 730.00 530.00 0.0066414
bathtub 0 0 -10 218.03 112.74 479.75 383.24 0.0063176
toilet 0 0 -10 290.25 232.38 714.46 530.00 0.0060068
desk 0 0 -10 0.58 59.29 419.02 423.23 0.0053657
table 0 0 -10 313.35 209.87 719.31 530.00 0.0053559
bathtub 0 0 -10 346.07 193.23 676.78 508.30 0.0044997
bathtub 0 0 -10 11.70 7.10 402.21 125.16 0.0037031
night_stand 0 0 -10 537.55 272.59 730.00 530.00 0.0036669
bed 0 0 -10 2.08 41.78 403.09 395.81 0.0036276
table 0 0 -10 148.90 122.17 629.20 527.44 0.0035327
chair 0 0 -10 0.00 251.95 130.74 530.00 0.0032240
bathtub 0 0 -10 217.49 51.74 538.00 269.83 0.0023255
dresser 0 0 -10 553.27 284.41 730.00 530.00 0.0021479
desk 0 0 -10 138.75 119.73 649.18 528.39 0.0020896
toilet 0 0 -10 297.43 96.83 487.07 376.99 0.0020181
dresser 0 0 -10 2.63 60.50 417.67 429.52 0.0020163
bathtub 0 0 -10 54.32 69.72 340.82 190.93 0.0019635
bathtub 0 0 -10 2.52 169.84 381.97 508.95 0.0019198
bathtub 0 0 -10 324.81 107.98 455.96 288.63 0.0016025
toilet 0 0 -10 500.36 90.07 725.25 510.18 0.0015743
chair 0 0 -10 5.01 34.14 378.02 416.87 0.0015271
toilet 0 0 -10 284.90 277.41 451.86 464.41 0.0014919
bathtub 0 0 -10 306.37 95.81 616.22 334.27 0.0013756
toilet 0 0 -10 19.38 235.47 486.61 525.79 0.0012546
table 0 0 -10 616.23 292.68 728.92 495.10 0.0012162
toilet 0 0 -10 212.96 270.14 501.44 497.32 0.0011329
bed 0 0 -10 288.01 120.93 653.88 527.52 0.0011035
toilet 0 0 -10 359.88 99.73 458.71 294.05 0.0010761
chair 0 0 -10 616.22 246.37 730.00 483.93 0.0010499
sofa 0 0 -10 555.00 274.49 729.58 530.00 0.0009481
bookshelf 0 0 -10 287.50 130.75 613.12 504.09 0.0009318
toilet 0 0 -10 311.82 80.77 567.01 299.68 0.0009047
table 0 0 -10 27.29 248.54 319.97 521.49 0.0008768
table 0 0 -10 690.98 279.60 730.00 498.46 0.0008756
dresser 0 0 -10 289.69 115.65 658.07 514.04 0.0008268
sofa 0 0 -10 160.84 110.23 648.64 524.18 0.0008150
bathtub 0 0 -10 0.33 137.92 121.58 264.49 0.0008127
bathtub 0 0 -10 689.17 272.45 730.00 519.35 0.0008027
desk 0 0 -10 302.59 213.60 730.00 530.00 0.0007810
night_stand 0 0 -10 278.02 107.77 657.11 508.78 0.0006571
chair 0 0 -10 287.71 220.23 719.45 521.97 0.0006561
sofa 0 0 -10 17.51 125.51 423.95 490.65 0.0006161
bathtub 0 0 -10 3.87 102.56 208.07 253.89 0.0005858
bookshelf 0 0 -10 13.32 29.94 402.63 428.91 0.0005784
toilet 0 0 -10 405.81 160.65 644.93 526.02 0.0005155
bathtub 0 0 -10 0.73 99.64 73.36 293.77 0.0004981
bookshelf 0 0 -10 556.91 278.78 730.00 530.00 0.0004823
chair 0 0 -10 270.23 0.00 393.48 113.20 0.0004743
chair 0 0 -10 5.83 357.99 223.30 530.00 0.0004590
table 0 0 -10 1.47 357.82 214.54 530.00 0.0004510
bathtub 0 0 -10 23.61 178.29 332.89 381.27 0.0004200
chair 0 0 -10 0.00 254.87 106.25 422.58 0.0004162
table 0 0 -10 147.26 308.95 424.86 514.41 0.0003836
bathtub 0 0 -10 653.86 319.37 730.00 527.80 0.0003757
bathtub 0 0 -10 3.93 379.51 183.54 530.00 0.0003705
table 0 0 -10 729.10 245.65 730.00 514.95 0.0003681
table 0 0 -10 729.81 253.27 730.00 504.23 0.0003609
sofa 0 0 -10 310.99 208.24 726.41 530.00 0.0003519
bed 0 0 -10 0.39 356.64 230.69 530.00 0.0003202
bathtub 0 0 -10 370.02 82.56 458.84 239.09 0.0003141
chair 0 0 -10 689.05 267.94 730.00 482.77 0.0003020
bathtub 0 0 -10 0.00 188.59 135.94 499.28 0.0003000
night_stand 0 0 -10 324.05 239.95 730.00 530.00 0.0002995
chair 0 0 -10 21.90 233.82 442.10 513.49 0.0002963
bed 0 0 -10 6.78 199.05 347.45 392.92 0.0002829
bed 0 0 -10 0.30 298.48 97.41 525.61 0.0002783
toilet 0 0 -10 691.49 279.53 730.00 491.01 0.0002749
toilet 0 0 -10 389.29 48.52 675.61 332.68 0.0002727
chair 0 0 -10 2.46 208.62 249.12 518.81 0.0002723
bathtub 0 0 -10 21.05 105.34 318.04 216.86 0.0002683
table 0 0 -10 626.89 346.23 728.00 444.21 0.0002598
night_stand 0 0 -10 7.90 44.44 416.02 409.52 0.0002598
table 0 0 -10 0.00 1.11 382.84 93.80 0.0002548
bathtub 0 0 -10 0.98 396.76 72.55 497.12 0.0002498
table 0 0 -10 21.45 189.26 362.47 412.89 0.0002482
sofa 0 0 -10 23.24 243.67 323.04 517.37 0.0002451
bathtub 0 0 -10 456.67 381.05 730.00 530.00 0.0002375
bathtub 0 0 -10 708.07 281.38 730.00 506.21 0.0002314
toilet 0 0 -10 73.46 18.48 455.16 308.43 0.0002254
bathtub 0 0 -10 257.20 1.57 395.29 113.48 0.0002141
table 0 0 -10 714.86 255.14 729.60 484.82 0.0002126
toilet 0 0 -10 527.16 130.33 709.44 342.46 0.0002104
table 0 0 -10 679.00 344.18 728.80 439.94 0.0002041
chair 0 0 -10 2.06 357.87 89.30 529.11 0.0001964
chair 0 0 -10 656.26 297.91 730.00 508.83 0.0001924
bathtub 0 0 -10 320.39 76.82 472.85 181.68 0.0001875
