chair 0 0 -10 280.93 193.12 449.18 405.36 0.9780386
chair 0 0 -10 467.64 128.70 570.53 259.12 0.9737302
chair 0 0 -10 641.20 169.27 729.28 341.98 0.9285923
chair 0 0 -10 664.85 323.41 729.28 529.15 0.8409092
table 0 0 -10 344.92 117.57 722.37 268.28 0.7283642
desk 0 0 -10 113.73 168.67 436.83 483.87 0.7238610
table 0 0 -10 115.41 177.81 436.34 486.66 0.5161440
desk 0 0 -10 357.64 115.50 713.25 275.89 0.3003660
table 0 0 -10 666.74 339.93 729.00 530.00 0.2532950
chair 0 0 -10 592.05 317.54 724.77 528.44 0.1599699
table 0 0 -10 261.74 105.67 727.27 355.16 0.1093602
desk 0 0 -10 257.56 103.91 730.00 361.80 0.0710226
chair 0 0 -10 620.72 149.01 725.88 283.93 0.0666539
sofa 0 0 -10 666.86 317.74 730.00 530.00 0.0655576
desk 0 0 -10 363.76 122.64 725.59 204.36 0.0501720
chair 0 0 -10 422.38 120.34 602.50 272.32 0.0492899
chair 0 0 -10 312.46 186.19 455.54 327.98 0.0456452
desk 0 0 -10 372.00 114.61 721.79 161.60 0.0448510
chair 0 0 -10 501.68 113.23 588.11 241.15 0.0443432
desk 0 0 -10 146.12 172.69 427.73 353.20 0.0432339
table 0 0 -10 547.11 126.58 726.17 290.57 0.0419595
desk 0 0 -10 588.20 122.28 724.75 263.55 0.0325300
table 0 0 -10 209.00 177.54 426.89 340.62 0.0293331
table 0 0 -10 380.13 120.75 727.55 160.70 0.0246775
table 0 0 -10 607.88 167.00 727.87 277.25 0.0219558
chair 0 0 -10 569.18 114.10 617.47 236.24 0.0186528
desk 0 0 -10 666.74 331.80 730.00 530.00 0.0174913
chair 0 0 -10 675.52 182.97 726.41 422.59 0.0172032
table 0 0 -10 459.88 4.12 573.95 48.85 0.0169058
chair 0 0 -10 185.45 169.66 441.14 466.81 0.0156834
bed 0 0 -10 665.55 322.39 730.00 530.00 0.0108701
chair 0 0 -10 469.48 134.70 568.28 197.98 0.0105285
table 0 0 -10 653.56 185.79 727.99 322.22 0.0102289
desk 0 0 -10 268.37 181.56 434.26 376.63 0.0100295
chair 0 0 -10 224.51 111.79 369.02 282.33 0.0091159
desk 0 0 -10 405.42 128.65 590.84 267.66 0.0089756
chair 0 0 -10 585.81 118.65 658.71 246.12 0.0084978
table 0 0 -10 313.64 141.53 483.21 319.79 0.0084620
chair 0 0 -10 477.14 3.76 574.16 46.26 0.0084521
chair 0 0 -10 643.90 121.03 728.88 243.55 0.0084413
chair 0 0 -10 520.17 115.89 676.94 255.94 0.0084390
chair 0 0 -10 375.39 313.37 730.00 530.00 0.0082645
table 0 0 -10 406.27 123.61 645.68 226.46 0.0082355
chair 0 0 -10 547.55 100.44 640.29 223.44 0.0078337
desk 0 0 -10 614.09 169.43 728.17 282.81 0.0076015
chair 0 0 -10 464.73 122.44 519.40 246.36 0.0075241
table 0 0 -10 0.86 277.92 165.57 524.85 0.0074800
chair 0 0 -10 612.10 112.12 653.65 232.81 0.0073818
chair 0 0 -10 575.01 95.51 621.80 190.87 0.0070189
chair 0 0 -10 651.42 168.13 730.00 258.72 0.0067700
table 0 0 -10 628.38 173.70 730.00 378.57 0.0063356
table 0 0 -10 473.49 132.60 570.18 234.05 0.0053818
toilet 0 0 -10 651.13 328.51 729.74 526.55 0.0052880
chair 0 0 -10 361.21 130.30 558.61 301.26 0.0051642
chair 0 0 -10 597.27 98.30 639.65 214.45 0.0047548
desk 0 0 -10 548.30 114.45 727.55 170.74 0.0047189
table 0 0 -10 359.85 130.17 563.60 264.22 0.0046584
desk 0 0 -10 503.49 124.06 724.36 314.46 0.0046092
chair 0 0 -10 0.00 323.50 233.25 530.00 0.0045228
chair 0 0 -10 539.47 125.50 599.35 249.34 0.0044388
chair 0 0 -10 673.32 133.45 729.58 225.84 0.0042464
table 0 0 -10 305.13 105.42 730.00 185.96 0.0040265
desk 0 0 -10 482.62 122.53 623.80 161.68 0.0040182
chair 0 0 -10 523.68 101.15 609.42 205.31 0.0039432
chair 0 0 -10 593.86 98.55 723.17 235.23 0.0038434
chair 0 0 -10 167.21 133.46 359.42 374.49 0.0037964
table 0 0 -10 623.71 245.62 727.00 511.91 0.0036531
table 0 0 -10 588.20 136.91 729.19 222.07 0.0034781
table 0 0 -10 473.98 123.77 627.28 160.45 0.0033370
desk 0 0 -10 460.92 114.17 584.84 225.89 0.0032186
chair 0 0 -10 125.48 217.56 383.59 503.68 0.0032149
chair 0 0 -10 251.85 144.67 400.18 367.72 0.0031035
table 0 0 -10 708.42 260.12 729.69 468.16 0.0030928
chair 0 0 -10 691.50 218.60 730.00 391.04 0.0029050
chair 0 0 -10 714.71 174.28 730.00 368.15 0.0028233
chair 0 0 -10 475.88 137.72 683.76 306.25 0.0027545
table 0 0 -10 295.22 176.93 435.06 305.93 0.0027382
table 0 0 -10 88.04 184.21 273.66 510.66 0.0027301
night_stand 0 0 -10 458.49 3.80 576.65 50.20 0.0027068
table 0 0 -10 644.34 141.53 730.00 250.46 0.0026134
chair 0 0 -10 359.42 164.50 477.07 260.14 0.0026071
table 0 0 -10 540.09 114.60 728.45 171.63 0.0026033
chair 0 0 -10 709.97 116.45 729.68 285.93 0.0024569
table 0 0 -10 465.59 116.51 724.98 438.48 0.0023551
sofa 0 0 -10 129.61 161.58 459.41 483.32 0.0023423
chair 0 0 -10 170.00 101.36 427.39 243.13 0.0023320
chair 0 0 -10 617.52 150.45 730.00 456.50 0.0023291
chair 0 0 -10 247.14 82.64 351.70 200.53 0.0023106
desk 0 0 -10 317.34 142.59 479.37 325.85 0.0022800
chair 0 0 -10 522.33 115.30 574.15 211.80 0.0022265
table 0 0 -10 717.60 288.92 729.78 524.99 0.0020685
chair 0 0 -10 713.65 268.86 730.00 508.37 0.0020562
chair 0 0 -10 694.88 138.50 728.05 302.93 0.0020313
table 0 0 -10 474.30 104.98 598.34 195.65 0.0019876
desk 0 0 -10 477.78 141.06 569.89 254.00 0.0019822
table 0 0 -10 117.94 133.13 426.19 280.29 0.0019072
bathtub 0 0 -10 667.57 342.87 729.99 522.93 0.0019010
sofa 0 0 -10 628.58 249.97 729.83 516.37 0.0018350
desk 0 0 -10 653.28 183.32 728.13 323.32 0.0017662
table 0 0 -10 700.63 234.73 729.70 403.42 0.0017656
