sofa 0 0 -10 191.78 107.69 673.21 412.01 0.9719713
table 0 0 -10 417.87 352.64 725.50 530.00 0.9350015
chair 0 0 -10 585.50 148.71 728.50 374.90 0.9281383
table 0 0 -10 1.39 154.56 263.51 520.85 0.8302277
desk 0 0 -10 0.00 162.43 258.45 511.59 0.3117730
chair 0 0 -10 559.31 195.18 730.00 504.57 0.2605002
chair 0 0 -10 486.49 320.88 723.16 514.02 0.1159802
table 0 0 -10 1.68 163.92 249.44 329.77 0.1015105
sofa 0 0 -10 581.33 144.28 721.74 369.20 0.0954792
table 0 0 -10 586.09 140.74 725.78 326.78 0.0455487
desk 0 0 -10 1.34 165.85 252.78 316.61 0.0359079
chair 0 0 -10 568.84 277.12 724.95 373.23 0.0335912
table 0 0 -10 525.26 299.72 728.33 514.29 0.0334610
chair 0 0 -10 367.55 360.35 673.65 526.06 0.0326043
sofa 0 0 -10 254.71 265.55 730.00 520.65 0.0314745
table 0 0 -10 42.98 257.40 567.78 523.58 0.0303937
sofa 0 0 -10 105.61 124.83 507.95 457.98 0.0235077
chair 0 0 -10 579.52 312.94 726.33 478.12 0.0217903
chair 0 0 -10 271.38 277.80 725.38 515.55 0.0216835
desk 0 0 -10 414.32 352.35 730.00 530.00 0.0141992
table 0 0 -10 105.58 152.28 694.12 501.80 0.0119443
chair 0 0 -10 176.79 119.83 641.71 461.69 0.0114559
table 0 0 -10 223.29 337.60 654.55 530.00 0.0108611
sofa 0 0 -10 26.01 141.99 331.15 530.00 0.0092952
chair 0 0 -10 11.43 240.06 250.56 515.32 0.0082362
table 0 0 -10 58.92 156.45 316.16 402.47 0.0081919
desk 0 0 -10 569.59 126.91 724.88 340.62 0.0080586
sofa 0 0 -10 532.25 164.19 730.00 494.90 0.0078387
table 0 0 -10 540.47 70.51 720.31 306.72 0.0073723
table 0 0 -10 588.90 182.68 727.46 440.42 0.0070131
chair 0 0 -10 381.37 149.90 714.38 421.95 0.0065639
chair 0 0 -10 674.61 154.51 730.00 479.90 0.0057098
desk 0 0 -10 266.63 296.02 721.32 524.50 0.0055252
chair 0 0 -10 208.17 378.31 476.86 530.00 0.0054715
chair 0 0 -10 96.36 146.63 467.38 530.00 0.0054094
desk 0 0 -10 591.87 177.04 726.46 436.79 0.0053744
table 0 0 -10 16.29 27.25 457.87 258.31 0.0053037
sofa 0 0 -10 465.52 43.57 710.40 335.65 0.0052396
table 0 0 -10 645.93 259.92 729.07 530.00 0.0050370
table 0 0 -10 576.32 340.68 725.22 485.85 0.0049194
chair 0 0 -10 518.42 65.35 725.84 340.52 0.0043581
bed 0 0 -10 421.70 355.03 714.40 530.00 0.0040711
table 0 0 -10 0.00 235.94 250.34 419.23 0.0039828
table 0 0 -10 181.85 270.68 310.21 528.97 0.0036416
bathtub 0 0 -10 424.90 373.85 718.06 519.51 0.0035769
desk 0 0 -10 0.71 128.66 105.13 431.47 0.0033552
chair 0 0 -10 638.04 251.98 730.00 515.98 0.0031596
desk 0 0 -10 14.15 127.01 332.77 403.91 0.0029440
sofa 0 0 -10 197.38 104.62 570.97 289.59 0.0029354
desk 0 0 -10 107.14 141.34 695.96 503.10 0.0028064
bed 0 0 -10 204.61 107.34 695.57 421.49 0.0027784
chair 0 0 -10 216.59 120.97 363.19 231.27 0.0027375
chair 0 0 -10 125.14 127.50 320.31 413.71 0.0026271
bed 0 0 -10 578.49 141.90 721.39 365.64 0.0023672
chair 0 0 -10 689.33 123.64 726.80 381.59 0.0023638
table 0 0 -10 249.70 358.28 455.58 528.87 0.0022133
desk 0 0 -10 568.69 251.51 722.56 528.46 0.0021414
table 0 0 -10 580.35 269.40 727.01 370.06 0.0020173
table 0 0 -10 4.63 138.68 341.02 282.06 0.0019749
table 0 0 -10 0.00 132.25 107.17 428.86 0.0019472
toilet 0 0 -10 412.45 355.21 693.44 530.00 0.0019427
sofa 0 0 -10 50.17 231.52 618.02 528.29 0.0019103
table 0 0 -10 193.58 185.02 269.45 529.99 0.0015973
toilet 0 0 -10 591.69 141.24 727.09 331.01 0.0015853
chair 0 0 -10 13.94 134.42 213.36 420.61 0.0015804
sofa 0 0 -10 404.28 344.75 730.00 530.00 0.0015346
chair 0 0 -10 192.79 133.18 456.19 416.88 0.0014904
chair 0 0 -10 0.00 19.35 85.97 176.88 0.0014897
table 0 0 -10 97.02 75.54 625.67 381.60 0.0014116
chair 0 0 -10 664.35 145.56 721.55 332.48 0.0012814
sofa 0 0 -10 113.97 143.18 374.09 399.90 0.0012309
bookshelf 0 0 -10 580.97 129.20 720.46 356.91 0.0011736
table 0 0 -10 500.51 147.99 713.25 404.47 0.0011680
chair 0 0 -10 0.00 222.76 111.68 524.00 0.0011663
table 0 0 -10 26.74 297.23 324.18 529.71 0.0011053
chair 0 0 -10 79.75 415.35 444.56 529.15 0.0010968
night_stand 0 0 -10 580.64 145.91 728.31 384.76 0.0010147
chair 0 0 -10 3.16 171.27 63.66 511.65 0.0010018
chair 0 0 -10 0.00 47.02 117.58 307.12 0.0009338
table 0 0 -10 0.00 301.29 58.68 522.19 0.0009152
desk 0 0 -10 583.78 267.47 725.57 369.73 0.0008990
dresser 0 0 -10 582.20 145.27 727.25 380.90 0.0008909
table 0 0 -10 689.31 206.61 729.36 516.76 0.0008817
chair 0 0 -10 0.00 327.16 54.25 529.91 0.0008711
desk 0 0 -10 648.41 256.23 728.41 530.00 0.0008476
bed 0 0 -10 263.44 278.81 730.00 515.68 0.0008342
table 0 0 -10 207.35 323.87 362.78 528.35 0.0008335
table 0 0 -10 0.00 209.64 143.20 517.68 0.0008296
table 0 0 -10 462.16 508.51 720.26 530.00 0.0008194
chair 0 0 -10 619.22 225.52 726.53 377.33 0.0007896
night_stand 0 0 -10 0.00 164.75 257.99 452.78 0.0007777
chair 0 0 -10 9.23 150.93 220.36 294.98 0.0007665
toilet 0 0 -10 570.60 150.09 730.00 482.84 0.0007630
table 0 0 -10 283.43 169.23 676.55 429.67 0.0007437
desk 0 0 -10 7.24 12.53 466.98 264.56 0.0007435
sofa 0 0 -10 197.93 106.63 430.87 360.60 0.0007380
chair 0 0 -10 712.83 125.53 730.00 371.76 0.0007367
chair 0 0 -10 433.01 448.77 677.65 528.87 0.0007273
desk 0 0 -10 597.50 183.01 729.06 310.84 0.0007103
table 0 0 -10 474.60 232.36 727.43 454.03 0.0006584
