table 0 0 -10 260.63 221.90 440.06 441.56 0.0481120
table 0 0 -10 151.67 210.80 270.76 288.86 0.0237680
bookshelf 0 0 -10 3.39 0.00 132.96 506.35 0.0120151
dresser 0 0 -10 0.00 11.30 137.11 495.27 0.0106408
table 0 0 -10 141.55 204.49 279.64 463.90 0.0104404
table 0 0 -10 1.00 253.32 156.73 467.93 0.0077892
chair 0 0 -10 451.23 167.44 541.77 232.72 0.0056618
table 0 0 -10 152.18 189.95 499.67 438.74 0.0052704
chair 0 0 -10 0.00 11.56 166.35 417.78 0.0039981
desk 0 0 -10 0.00 12.47 176.01 420.84 0.0039053
bookshelf 0 0 -10 0.00 0.00 87.54 297.06 0.0039032
table 0 0 -10 303.67 270.18 455.46 421.14 0.0034980
dresser 0 0 -10 0.70 276.62 127.14 455.57 0.0031698
table 0 0 -10 108.39 212.27 681.16 505.90 0.0030999
desk 0 0 -10 0.00 128.42 134.35 504.91 0.0026724
chair 0 0 -10 437.85 150.09 543.00 270.14 0.0024271
desk 0 0 -10 0.00 275.00 131.94 459.96 0.0024049
table 0 0 -10 276.17 197.15 427.38 285.19 0.0024031
table 0 0 -10 3.85 22.80 173.18 415.29 0.0019727
table 0 0 -10 151.16 196.84 449.42 322.62 0.0016129
table 0 0 -10 18.17 219.95 253.72 493.53 0.0016094
night_stand 0 0 -10 269.61 213.81 447.16 441.20 0.0015639
table 0 0 -10 470.27 170.37 552.24 213.59 0.0015231
chair 0 0 -10 0.00 1.79 102.12 269.58 0.0014198
table 0 0 -10 435.60 205.02 632.25 448.04 0.0013595
table 0 0 -10 407.12 290.56 456.16 402.49 0.0013283
chair 0 0 -10 444.19 140.43 582.61 235.69 0.0013164
desk 0 0 -10 95.74 206.23 709.81 506.96 0.0010447
table 0 0 -10 104.26 49.20 316.79 421.91 0.0010374
table 0 0 -10 51.00 24.27 466.06 417.40 0.0010373
table 0 0 -10 458.12 175.43 537.23 232.76 0.0009934
chair 0 0 -10 469.71 177.72 537.94 211.50 0.0007340
dresser 0 0 -10 1.16 4.89 98.47 255.14 0.0007066
table 0 0 -10 235.95 161.97 438.03 300.15 0.0006789
dresser 0 0 -10 7.78 10.47 184.47 310.71 0.0005691
sofa 0 0 -10 72.37 9.72 692.87 287.86 0.0005576
night_stand 0 0 -10 278.50 196.03 430.72 285.48 0.0005545
sofa 0 0 -10 464.24 172.45 559.61 223.64 0.0005048
chair 0 0 -10 420.59 100.61 622.42 272.53 0.0004923
table 0 0 -10 339.18 241.17 670.23 472.92 0.0004795
sofa 0 0 -10 447.16 167.60 587.70 238.26 0.0004492
table 0 0 -10 50.66 278.09 461.49 515.76 0.0004460
table 0 0 -10 369.91 279.83 461.62 411.21 0.0004333
bed 0 0 -10 0.00 0.00 170.59 437.81 0.0004284
table 0 0 -10 445.93 186.06 532.19 262.46 0.0003733
chair 0 0 -10 392.68 174.42 510.27 297.83 0.0003710
chair 0 0 -10 0.00 1.52 83.76 162.11 0.0003633
dresser 0 0 -10 49.05 0.97 587.10 311.81 0.0003551
chair 0 0 -10 471.28 164.36 586.26 216.23 0.0003495
table 0 0 -10 396.36 169.48 538.80 263.00 0.0003386
bed 0 0 -10 49.78 1.23 700.93 303.93 0.0003354
bookshelf 0 0 -10 10.13 7.60 182.51 322.40 0.0003147
table 0 0 -10 369.92 307.37 713.49 526.66 0.0003144
table 0 0 -10 53.49 10.95 685.72 293.52 0.0002991
sofa 0 0 -10 405.64 165.24 545.73 262.72 0.0002974
bookshelf 0 0 -10 39.75 0.00 590.21 442.53 0.0002966
chair 0 0 -10 452.82 160.99 631.12 252.68 0.0002847
table 0 0 -10 100.26 103.14 460.42 296.62 0.0002810
desk 0 0 -10 0.00 3.00 101.47 260.04 0.0002750
table 0 0 -10 0.02 8.89 97.35 260.04 0.0002750
chair 0 0 -10 387.14 148.30 563.69 219.21 0.0002734
toilet 0 0 -10 260.24 218.62 432.30 448.53 0.0002678
bed 0 0 -10 449.42 137.33 603.57 233.48 0.0002640
dresser 0 0 -10 4.65 252.50 77.78 507.46 0.0002624
chair 0 0 -10 420.70 121.88 504.24 281.64 0.0002557
bed 0 0 -10 408.69 105.85 634.51 273.30 0.0002521
bathtub 0 0 -10 129.19 73.51 477.70 270.96 0.0002326
desk 0 0 -10 255.94 220.12 447.28 451.49 0.0002246
table 0 0 -10 2.99 270.34 83.68 510.17 0.0002246
desk 0 0 -10 0.00 100.75 253.30 512.12 0.0002223
table 0 0 -10 437.37 185.77 534.06 430.47 0.0002202
bookshelf 0 0 -10 450.01 197.10 628.86 449.30 0.0002190
night_stand 0 0 -10 5.34 230.34 136.12 492.02 0.0002174
chair 0 0 -10 0.00 181.13 127.34 447.76 0.0002153
bathtub 0 0 -10 585.28 153.42 730.00 425.98 0.0002023
bathtub 0 0 -10 187.33 150.08 392.87 221.62 0.0002002
sofa 0 0 -10 451.09 146.12 611.40 219.32 0.0001999
desk 0 0 -10 36.06 118.87 460.97 526.10 0.0001965
dresser 0 0 -10 448.68 204.23 629.42 447.06 0.0001954
table 0 0 -10 242.37 113.77 461.62 401.37 0.0001931
bathtub 0 0 -10 3.67 9.01 176.12 380.55 0.0001930
bathtub 0 0 -10 0.00 235.66 140.82 509.54 0.0001921
bathtub 0 0 -10 443.19 90.90 588.97 220.12 0.0001883
sofa 0 0 -10 413.68 112.90 628.92 270.87 0.0001797
table 0 0 -10 445.78 197.86 472.62 312.66 0.0001722
dresser 0 0 -10 266.13 211.13 439.47 439.52 0.0001719
table 0 0 -10 143.50 353.25 693.34 530.00 0.0001667
chair 0 0 -10 154.49 209.89 274.84 283.89 0.0001610
table 0 0 -10 507.33 189.40 677.92 445.89 0.0001573
bed 0 0 -10 116.96 199.00 708.82 518.42 0.0001573
table 0 0 -10 442.97 142.57 575.46 230.77 0.0001533
chair 0 0 -10 287.67 189.16 445.83 272.45 0.0001513
dresser 0 0 -10 381.81 53.71 609.75 254.77 0.0001510
dresser 0 0 -10 518.13 189.17 683.64 436.19 0.0001497
desk 0 0 -10 3.16 0.99 651.50 453.18 0.0001487
sofa 0 0 -10 7.89 19.08 167.36 406.97 0.0001484
bathtub 0 0 -10 134.61 214.15 714.84 508.58 0.0001465
chair 0 0 -10 118.84 3.89 653.09 297.01 0.0001460
table 0 0 -10 102.79 356.65 490.48 497.06 0.0001424
table 0 0 -10 277.13 183.63 466.45 344.71 0.0001419
