chair 0 0 -10 234.35 199.45 437.19 464.94 0.9900234
chair 0 0 -10 347.19 189.40 508.21 401.27 0.9868823
chair 0 0 -10 505.28 171.54 633.19 334.20 0.9796347
chair 0 0 -10 435.82 181.59 571.89 352.22 0.9779795
chair 0 0 -10 306.48 134.78 420.76 280.02 0.9601622
chair 0 0 -10 217.13 137.43 347.42 294.36 0.9597238
chair 0 0 -10 555.58 168.29 658.76 308.44 0.9595217
chair 0 0 -10 384.11 130.63 472.48 194.49 0.9201743
chair 0 0 -10 434.00 126.77 504.52 185.48 0.8825558
chair 0 0 -10 612.44 147.30 710.47 250.23 0.6274353
chair 0 0 -10 524.31 302.87 726.33 530.00 0.6024037
chair 0 0 -10 664.88 299.75 730.00 530.00 0.5986633
chair 0 0 -10 575.49 152.96 687.40 281.09 0.5595855
sofa 0 0 -10 5.78 129.12 243.11 350.55 0.4774926
chair 0 0 -10 225.56 161.77 370.66 383.03 0.4307245
chair 0 0 -10 388.65 123.47 482.93 248.21 0.4234180
table 0 0 -10 347.67 115.34 515.65 186.89 0.2600617
sofa 0 0 -10 0.00 107.97 177.93 227.27 0.2370936
chair 0 0 -10 356.16 125.71 456.73 271.17 0.2041977
chair 0 0 -10 428.34 121.52 516.51 241.02 0.1782314
table 0 0 -10 556.42 141.19 705.75 235.07 0.1235363
chair 0 0 -10 220.45 139.51 345.58 216.53 0.1114525
chair 0 0 -10 19.80 142.76 246.62 352.82 0.1105771
chair 0 0 -10 330.84 159.91 463.89 345.03 0.0951536
sofa 0 0 -10 559.14 141.99 727.73 249.19 0.0773705
chair 0 0 -10 648.98 142.30 720.78 227.11 0.0725233
chair 0 0 -10 320.38 134.57 376.93 276.35 0.0709941
table 0 0 -10 321.95 108.16 517.72 231.50 0.0705093
chair 0 0 -10 319.40 139.15 408.49 230.20 0.0621985
chair 0 0 -10 392.16 135.91 443.52 187.20 0.0590190
chair 0 0 -10 3.37 107.74 177.63 232.32 0.0558389
chair 0 0 -10 582.91 148.93 677.10 226.28 0.0555675
chair 0 0 -10 487.05 164.08 576.63 305.17 0.0398411
chair 0 0 -10 358.62 130.23 438.70 200.97 0.0379583
chair 0 0 -10 435.99 142.44 549.12 292.75 0.0343215
chair 0 0 -10 438.52 130.48 471.47 185.09 0.0320639
table 0 0 -10 425.57 201.05 585.82 362.25 0.0312430
sofa 0 0 -10 174.99 141.31 330.05 291.86 0.0301971
table 0 0 -10 557.82 161.73 683.65 290.02 0.0299165
chair 0 0 -10 677.26 147.82 729.12 233.82 0.0236713
chair 0 0 -10 338.62 149.03 561.10 333.02 0.0231654
chair 0 0 -10 517.23 217.16 727.21 450.51 0.0202926
chair 0 0 -10 324.02 269.36 730.00 529.99 0.0196798
chair 0 0 -10 507.50 144.31 614.93 250.06 0.0172964
desk 0 0 -10 349.51 112.65 518.75 190.84 0.0171423
chair 0 0 -10 293.66 181.46 600.13 415.84 0.0146284
sofa 0 0 -10 670.51 141.39 728.62 254.57 0.0141599
table 0 0 -10 670.24 304.77 729.82 530.00 0.0127097
table 0 0 -10 470.00 204.08 636.41 343.97 0.0123468
chair 0 0 -10 623.80 219.32 729.05 527.74 0.0118965
desk 0 0 -10 562.51 151.66 711.33 273.05 0.0116150
chair 0 0 -10 716.00 275.88 730.00 507.03 0.0114817
sofa 0 0 -10 694.93 145.67 729.18 241.92 0.0105609
chair 0 0 -10 341.46 118.89 566.91 240.62 0.0100497
chair 0 0 -10 432.68 182.71 660.18 398.40 0.0098591
sofa 0 0 -10 612.03 149.79 702.97 249.62 0.0094220
chair 0 0 -10 118.70 137.32 328.82 349.06 0.0075689
desk 0 0 -10 334.32 112.47 518.36 262.49 0.0073083
chair 0 0 -10 626.34 141.36 727.92 316.51 0.0071578
chair 0 0 -10 559.26 155.01 650.61 238.18 0.0070766
table 0 0 -10 554.03 143.88 678.40 198.22 0.0067976
table 0 0 -10 354.87 122.88 478.60 219.03 0.0067361
chair 0 0 -10 701.70 298.44 730.00 530.00 0.0066551
chair 0 0 -10 686.49 146.10 727.40 386.93 0.0058562
table 0 0 -10 520.99 189.98 659.25 319.38 0.0057597
table 0 0 -10 425.87 128.32 518.10 237.42 0.0057384
chair 0 0 -10 562.28 145.04 661.47 201.63 0.0055568
chair 0 0 -10 701.39 240.88 727.52 436.97 0.0054781
sofa 0 0 -10 660.91 268.36 728.75 530.00 0.0052809
table 0 0 -10 182.52 154.86 339.84 295.62 0.0049123
sofa 0 0 -10 687.25 150.44 726.14 406.35 0.0049044
table 0 0 -10 433.45 123.64 516.66 185.47 0.0047079
table 0 0 -10 492.02 203.35 716.98 447.51 0.0044388
chair 0 0 -10 438.43 122.25 683.75 254.43 0.0041096
table 0 0 -10 414.44 115.95 696.28 241.87 0.0039793
table 0 0 -10 377.68 128.15 467.51 190.79 0.0038580
table 0 0 -10 609.39 167.48 691.59 252.36 0.0037673
desk 0 0 -10 469.32 198.67 634.45 345.57 0.0037132
table 0 0 -10 383.32 260.98 700.83 523.23 0.0035276
table 0 0 -10 615.41 153.81 712.10 227.77 0.0034443
chair 0 0 -10 724.02 254.75 730.00 527.42 0.0034294
table 0 0 -10 0.07 95.61 21.84 214.25 0.0034052
table 0 0 -10 540.27 135.43 644.76 247.12 0.0033926
sofa 0 0 -10 364.04 123.63 501.33 192.79 0.0031892
chair 0 0 -10 511.89 143.24 713.81 347.10 0.0031808
sofa 0 0 -10 77.57 137.68 353.49 344.11 0.0031619
table 0 0 -10 171.54 192.21 644.34 508.84 0.0031329
desk 0 0 -10 428.18 193.38 583.43 366.24 0.0030913
chair 0 0 -10 2.18 105.93 42.25 213.86 0.0030720
table 0 0 -10 369.48 133.83 514.01 264.55 0.0029928
chair 0 0 -10 505.94 170.18 581.86 232.48 0.0029572
sofa 0 0 -10 711.96 144.74 729.80 260.90 0.0028739
table 0 0 -10 6.40 113.29 137.08 228.93 0.0028331
table 0 0 -10 407.31 98.13 504.84 134.99 0.0028080
table 0 0 -10 196.91 179.59 426.67 403.90 0.0027895
chair 0 0 -10 714.07 232.20 728.12 427.39 0.0026961
table 0 0 -10 295.21 131.56 564.83 307.55 0.0026769
table 0 0 -10 141.82 143.20 425.32 323.37 0.0026651
sofa 0 0 -10 698.78 304.22 729.89 528.39 0.0026200
chair 0 0 -10 703.00 139.96 729.71 350.71 0.0025869
