sofa 0 0 -10 222.51 192.30 730.00 529.41 0.9923516
chair 0 0 -10 59.80 205.64 285.78 474.65 0.9776950
table 0 0 -10 2.24 307.14 115.11 449.38 0.8423361
sofa 0 0 -10 2.92 409.86 114.02 530.00 0.2623197
table 0 0 -10 0.65 365.37 116.41 518.63 0.2373242
table 0 0 -10 0.00 308.63 67.60 425.43 0.1758088
chair 0 0 -10 569.03 462.18 730.00 529.23 0.1723465
table 0 0 -10 0.00 297.38 181.61 480.89 0.1505056
chair 0 0 -10 6.31 213.05 153.63 453.86 0.1159123
table 0 0 -10 0.00 379.30 60.38 446.21 0.0942407
sofa 0 0 -10 41.71 204.81 277.07 457.97 0.0805191
chair 0 0 -10 0.78 279.36 69.51 454.31 0.0626180
bed 0 0 -10 229.22 206.35 730.00 517.52 0.0549797
table 0 0 -10 0.00 287.90 143.78 398.16 0.0462936
table 0 0 -10 0.00 317.53 50.12 510.61 0.0416417
table 0 0 -10 0.42 364.94 84.71 433.46 0.0411595
table 0 0 -10 0.01 392.61 54.17 428.50 0.0339395
table 0 0 -10 16.70 271.94 300.22 492.94 0.0285134
chair 0 0 -10 1.08 396.63 123.26 529.54 0.0200027
chair 0 0 -10 3.28 292.97 116.52 474.06 0.0198948
desk 0 0 -10 0.75 311.25 110.32 440.37 0.0152090
sofa 0 0 -10 274.63 194.52 719.56 344.31 0.0145109
sofa 0 0 -10 566.05 458.93 730.00 530.00 0.0129947
table 0 0 -10 579.97 460.10 726.33 529.22 0.0127751
sofa 0 0 -10 241.99 392.17 730.00 521.02 0.0120269
table 0 0 -10 0.00 235.47 66.21 496.45 0.0107929
sofa 0 0 -10 315.79 453.80 723.14 530.00 0.0096999
chair 0 0 -10 1.06 303.85 60.14 390.65 0.0090096
chair 0 0 -10 0.26 324.10 58.54 510.48 0.0083999
chair 0 0 -10 91.32 206.05 261.55 376.34 0.0083090
table 0 0 -10 0.64 396.59 80.09 464.59 0.0077955
desk 0 0 -10 12.78 271.67 250.91 447.49 0.0077819
bed 0 0 -10 0.00 373.28 116.44 526.44 0.0071251
chair 0 0 -10 639.68 455.36 720.93 528.78 0.0068042
table 0 0 -10 0.00 311.72 101.53 389.67 0.0067579
table 0 0 -10 1.82 289.71 26.60 458.19 0.0066982
table 0 0 -10 0.00 319.74 62.38 380.03 0.0060362
table 0 0 -10 0.00 370.81 57.55 411.62 0.0056668
chair 0 0 -10 0.30 270.94 49.45 340.59 0.0048464
chair 0 0 -10 2.81 271.68 14.98 430.42 0.0047696
chair 0 0 -10 2.40 284.71 40.42 421.38 0.0046468
chair 0 0 -10 235.91 192.96 711.32 509.30 0.0044648
table 0 0 -10 2.77 289.01 11.42 465.34 0.0041603
chair 0 0 -10 469.50 445.63 730.00 530.00 0.0037349
table 0 0 -10 213.90 312.18 724.42 521.91 0.0037339
chair 0 0 -10 3.52 259.64 112.59 395.65 0.0032574
chair 0 0 -10 1.62 267.30 25.98 457.15 0.0031395
table 0 0 -10 93.79 224.92 266.53 416.27 0.0031334
sofa 0 0 -10 2.15 309.96 115.37 502.64 0.0030974
sofa 0 0 -10 5.16 245.62 160.22 441.34 0.0028063
desk 0 0 -10 0.00 303.95 61.25 429.18 0.0027050
chair 0 0 -10 2.16 324.80 93.47 431.17 0.0026875
chair 0 0 -10 21.19 178.30 223.02 424.26 0.0025917
chair 0 0 -10 0.76 349.06 55.92 426.01 0.0025672
desk 0 0 -10 0.00 335.50 115.14 516.85 0.0023390
chair 0 0 -10 3.28 263.72 9.68 412.55 0.0022783
table 0 0 -10 3.53 352.86 37.01 494.79 0.0022670
table 0 0 -10 1.53 362.23 21.44 508.51 0.0022247
table 0 0 -10 4.39 365.35 11.27 511.27 0.0021596
table 0 0 -10 0.00 409.51 29.33 527.52 0.0021204
table 0 0 -10 205.04 447.55 700.23 523.23 0.0020917
night_stand 0 0 -10 2.27 331.64 97.31 433.03 0.0020258
night_stand 0 0 -10 1.67 384.36 117.48 524.65 0.0019028
table 0 0 -10 2.90 297.88 14.78 401.90 0.0017999
chair 0 0 -10 265.19 407.16 728.58 522.49 0.0015827
bed 0 0 -10 433.08 281.53 730.00 502.68 0.0015167
chair 0 0 -10 0.34 74.12 60.89 462.03 0.0014910
desk 0 0 -10 565.52 462.77 727.66 528.33 0.0014101
chair 0 0 -10 690.21 446.69 728.29 529.35 0.0013971
table 0 0 -10 90.98 240.85 267.43 331.92 0.0013732
desk 0 0 -10 0.00 363.77 85.50 435.07 0.0013731
table 0 0 -10 2.44 302.24 8.17 505.28 0.0012900
chair 0 0 -10 0.00 289.83 70.84 332.16 0.0012740
sofa 0 0 -10 57.29 218.54 570.73 529.99 0.0012643
bed 0 0 -10 289.49 346.42 730.00 513.65 0.0012271
desk 0 0 -10 1.33 241.31 155.49 461.88 0.0012089
chair 0 0 -10 0.00 266.59 69.29 369.49 0.0011680
desk 0 0 -10 91.06 223.14 267.32 421.15 0.0011257
chair 0 0 -10 709.02 448.48 730.00 530.00 0.0011225
table 0 0 -10 7.91 314.15 39.48 381.95 0.0010907
table 0 0 -10 3.02 434.89 102.79 529.45 0.0010604
chair 0 0 -10 0.00 387.94 53.64 425.25 0.0010463
table 0 0 -10 2.66 213.19 157.91 441.28 0.0010132
chair 0 0 -10 8.16 297.39 34.11 386.38 0.0010094
desk 0 0 -10 1.15 389.13 53.50 426.76 0.0010050
bookshelf 0 0 -10 45.46 196.22 273.96 451.19 0.0009987
bed 0 0 -10 0.00 264.37 106.61 469.28 0.0009803
table 0 0 -10 0.03 261.35 14.69 428.12 0.0009788
sofa 0 0 -10 1.19 286.80 76.41 455.92 0.0009759
sofa 0 0 -10 35.86 42.98 638.51 439.96 0.0009206
table 0 0 -10 0.00 315.33 26.93 382.20 0.0009137
table 0 0 -10 1.20 279.85 39.91 395.16 0.0008950
table 0 0 -10 3.41 273.45 9.57 405.45 0.0008797
table 0 0 -10 5.01 311.97 14.85 460.98 0.0008706
toilet 0 0 -10 37.17 205.07 291.82 469.07 0.0007897
desk 0 0 -10 0.00 313.48 48.63 516.73 0.0007897
chair 0 0 -10 2.67 205.09 110.44 354.54 0.0007844
chair 0 0 -10 0.47 170.16 34.66 445.83 0.0007746
bed 0 0 -10 44.22 204.64 288.54 464.98 0.0007740
chair 0 0 -10 0.00 374.42 64.18 451.68 0.0007729
