bathtub 0 0 -10 564.16 453.98 729.28 530.00 0.8113132
bookshelf 0 0 -10 273.63 254.17 581.90 530.00 0.2564724
bathtub 0 0 -10 457.21 438.00 728.37 530.00 0.1214009
desk 0 0 -10 27.73 265.74 640.25 525.94 0.1150203
dresser 0 0 -10 281.72 253.46 608.35 528.25 0.0710277
bookshelf 0 0 -10 246.88 44.24 604.04 528.90 0.0675757
table 0 0 -10 32.48 274.72 568.33 529.95 0.0615099
bathtub 0 0 -10 15.52 329.09 672.99 526.70 0.0605393
bathtub 0 0 -10 195.09 442.09 710.96 528.57 0.0487935
bathtub 0 0 -10 525.37 389.32 708.98 520.86 0.0397235
bathtub 0 0 -10 371.29 481.17 673.13 530.00 0.0385451
dresser 0 0 -10 13.06 315.53 698.62 527.07 0.0316321
toilet 0 0 -10 550.12 443.74 721.22 530.00 0.0219103
table 0 0 -10 9.39 317.56 377.64 522.49 0.0179809
table 0 0 -10 274.27 233.35 575.14 528.01 0.0143109
desk 0 0 -10 6.78 314.43 384.70 525.15 0.0129529
desk 0 0 -10 220.33 104.61 628.26 516.96 0.0104284
desk 0 0 -10 227.32 0.00 730.00 334.14 0.0092341
bathtub 0 0 -10 516.62 416.06 643.74 526.34 0.0089346
bathtub 0 0 -10 568.28 492.18 730.00 530.00 0.0086494
desk 0 0 -10 295.62 54.76 565.38 220.76 0.0070485
table 0 0 -10 266.89 13.02 650.43 283.44 0.0062281
desk 0 0 -10 66.32 1.07 721.77 520.66 0.0059705
bathtub 0 0 -10 265.25 242.12 629.55 522.55 0.0059529
bookshelf 0 0 -10 32.26 296.74 679.53 530.00 0.0055506
toilet 0 0 -10 12.09 320.55 652.74 525.95 0.0041578
bed 0 0 -10 29.50 251.05 587.43 530.00 0.0039744
table 0 0 -10 593.15 7.74 730.00 289.92 0.0038070
table 0 0 -10 11.07 387.83 284.94 529.35 0.0037591
dresser 0 0 -10 74.12 64.36 716.33 522.08 0.0036690
toilet 0 0 -10 467.48 375.55 712.69 530.00 0.0035264
desk 0 0 -10 593.46 0.55 730.00 287.09 0.0035156
toilet 0 0 -10 255.11 243.84 609.30 530.00 0.0034258
bathtub 0 0 -10 309.69 345.43 693.79 522.79 0.0032596
chair 0 0 -10 254.19 241.14 616.57 525.07 0.0032090
bathtub 0 0 -10 508.19 513.62 730.00 530.00 0.0029903
table 0 0 -10 541.26 431.43 730.00 530.00 0.0029390
table 0 0 -10 311.13 51.47 562.84 204.50 0.0027385
table 0 0 -10 75.16 104.61 670.81 530.00 0.0025927
toilet 0 0 -10 205.72 442.47 700.18 528.31 0.0025420
sofa 0 0 -10 51.44 271.76 583.59 525.69 0.0024004
toilet 0 0 -10 416.42 447.78 635.73 530.00 0.0022225
table 0 0 -10 277.86 46.68 609.86 448.06 0.0021751
desk 0 0 -10 14.28 385.93 730.00 527.93 0.0020423
night_stand 0 0 -10 286.75 246.65 592.34 517.04 0.0019117
bathtub 0 0 -10 547.16 445.57 604.66 530.00 0.0018061
bathtub 0 0 -10 539.14 226.41 730.00 530.00 0.0017672
table 0 0 -10 9.73 394.52 549.97 528.63 0.0017412
desk 0 0 -10 285.42 252.10 595.15 527.38 0.0016895
chair 0 0 -10 23.32 382.21 537.21 529.13 0.0016440
dresser 0 0 -10 479.20 370.35 718.02 529.14 0.0014668
toilet 0 0 -10 513.36 417.60 638.42 529.01 0.0013561
night_stand 0 0 -10 5.08 376.94 385.01 528.40 0.0012954
desk 0 0 -10 261.37 70.58 643.14 279.52 0.0012855
bathtub 0 0 -10 0.00 372.13 379.05 529.44 0.0012838
bookshelf 0 0 -10 138.75 186.57 553.42 519.25 0.0012605
chair 0 0 -10 533.47 426.44 724.78 530.00 0.0012508
bed 0 0 -10 47.87 375.42 712.12 528.29 0.0011996
bookshelf 0 0 -10 244.06 0.00 711.86 348.23 0.0011925
table 0 0 -10 85.91 231.85 304.72 483.90 0.0011110
chair 0 0 -10 87.53 227.48 318.60 481.87 0.0010378
table 0 0 -10 43.98 314.00 258.77 437.10 0.0010372
dresser 0 0 -10 2.86 320.37 356.03 524.52 0.0010148
chair 0 0 -10 104.55 75.81 609.98 524.14 0.0010034
chair 0 0 -10 406.35 251.96 697.58 530.00 0.0009420
toilet 0 0 -10 369.40 481.30 664.54 530.00 0.0009385
desk 0 0 -10 545.68 434.44 730.00 530.00 0.0009378
bathtub 0 0 -10 582.19 0.00 730.00 246.67 0.0009194
bed 0 0 -10 75.14 43.09 669.07 530.00 0.0009069
table 0 0 -10 522.09 344.67 717.10 530.00 0.0008962
bathtub 0 0 -10 652.99 24.10 730.00 530.00 0.0008604
chair 0 0 -10 11.66 297.26 356.23 515.98 0.0008199
bathtub 0 0 -10 551.82 439.29 639.93 501.91 0.0007978
bathtub 0 0 -10 289.25 25.76 720.28 491.26 0.0007874
dresser 0 0 -10 207.62 442.01 708.25 526.69 0.0007563
night_stand 0 0 -10 50.23 322.97 685.18 520.45 0.0007454
bed 0 0 -10 534.18 411.25 715.39 530.00 0.0007004
sofa 0 0 -10 0.00 399.03 564.87 528.73 0.0006979
chair 0 0 -10 206.74 441.13 700.95 527.36 0.0006720
bathtub 0 0 -10 58.27 166.98 633.57 502.80 0.0006451
table 0 0 -10 292.96 0.71 712.66 89.18 0.0006308
chair 0 0 -10 518.37 333.81 723.35 526.35 0.0006288
dresser 0 0 -10 424.89 447.34 638.41 529.89 0.0006256
dresser 0 0 -10 543.08 432.83 730.00 530.00 0.0006100
bookshelf 0 0 -10 322.55 267.46 380.58 478.48 0.0006043
desk 0 0 -10 5.17 374.50 267.44 525.37 0.0005945
dresser 0 0 -10 235.90 5.56 719.55 329.63 0.0005792
night_stand 0 0 -10 298.31 45.81 553.80 211.70 0.0005726
table 0 0 -10 311.21 47.12 566.91 124.44 0.0005607
chair 0 0 -10 7.72 388.96 292.09 522.50 0.0005561
desk 0 0 -10 469.72 0.00 730.00 517.79 0.0005545
dresser 0 0 -10 14.40 399.33 487.57 530.00 0.0005529
dresser 0 0 -10 303.94 56.90 562.99 218.86 0.0005278
bed 0 0 -10 248.47 295.28 614.86 526.66 0.0005235
chair 0 0 -10 498.36 34.51 729.77 516.76 0.0005160
toilet 0 0 -10 320.25 341.30 677.86 528.16 0.0005158
bookshelf 0 0 -10 369.70 260.12 439.55 505.42 0.0005124
bookshelf 0 0 -10 7.66 391.42 555.56 527.67 0.0004972
dresser 0 0 -10 491.61 13.56 730.00 518.41 0.0004959
table 0 0 -10 667.83 17.25 730.00 305.39 0.0004940
