chair 0 0 -10 2.28 137.27 241.44 489.11 0.9941700
chair 0 0 -10 170.43 111.12 335.06 372.16 0.9922098
chair 0 0 -10 458.17 57.70 541.07 163.33 0.9535286
chair 0 0 -10 256.29 67.60 367.66 253.86 0.9529139
chair 0 0 -10 309.47 56.28 418.15 196.13 0.8791310
chair 0 0 -10 209.05 77.57 336.48 287.68 0.8437181
desk 0 0 -10 360.92 51.99 457.71 182.06 0.6786607
chair 0 0 -10 634.07 142.72 726.15 379.63 0.6563384
chair 0 0 -10 351.36 72.95 414.21 192.52 0.3703485
chair 0 0 -10 233.20 55.81 434.53 212.62 0.2754141
table 0 0 -10 348.90 58.54 461.16 185.24 0.2688884
chair 0 0 -10 515.96 440.48 721.17 530.00 0.1672088
chair 0 0 -10 672.83 158.19 728.53 334.69 0.1667868
desk 0 0 -10 319.07 66.83 447.70 209.92 0.1376409
chair 0 0 -10 185.36 73.35 272.57 223.00 0.1316986
chair 0 0 -10 634.44 356.01 730.00 527.75 0.1089560
chair 0 0 -10 154.60 111.23 266.48 342.06 0.0900506
table 0 0 -10 690.43 152.94 728.57 341.02 0.0756284
chair 0 0 -10 1.57 154.39 57.30 447.97 0.0739684
chair 0 0 -10 4.73 139.90 126.51 459.97 0.0645469
table 0 0 -10 654.35 186.01 726.96 447.94 0.0625955
table 0 0 -10 24.86 111.48 263.98 419.27 0.0623766
chair 0 0 -10 420.44 57.08 464.84 143.05 0.0519086
table 0 0 -10 119.58 140.21 332.26 381.79 0.0460268
chair 0 0 -10 295.59 56.73 367.16 194.92 0.0457449
chair 0 0 -10 633.40 159.15 701.76 305.45 0.0439195
chair 0 0 -10 684.05 162.13 727.62 508.65 0.0362037
chair 0 0 -10 644.69 212.71 728.64 507.71 0.0355240
desk 0 0 -10 691.00 149.97 729.31 342.48 0.0332059
table 0 0 -10 1.17 296.71 44.06 453.50 0.0320504
desk 0 0 -10 658.07 181.04 726.67 449.80 0.0282608
chair 0 0 -10 2.39 271.99 46.94 450.90 0.0267365
chair 0 0 -10 693.29 387.08 728.94 528.69 0.0236402
chair 0 0 -10 461.16 74.26 476.18 145.56 0.0233699
chair 0 0 -10 677.70 334.74 729.57 515.73 0.0228805
chair 0 0 -10 146.23 65.51 292.78 258.32 0.0221664
chair 0 0 -10 693.63 125.56 729.18 279.06 0.0204149
chair 0 0 -10 546.45 329.85 728.24 530.00 0.0195306
table 0 0 -10 640.42 139.04 726.39 346.74 0.0195237
chair 0 0 -10 1.46 259.83 74.84 503.26 0.0189008
chair 0 0 -10 422.58 55.80 518.43 167.03 0.0165251
table 0 0 -10 413.26 64.82 460.80 154.73 0.0161607
chair 0 0 -10 263.67 64.36 343.74 185.52 0.0156764
table 0 0 -10 291.51 56.26 511.41 181.66 0.0155396
desk 0 0 -10 400.59 53.77 461.31 154.00 0.0146254
chair 0 0 -10 314.66 55.89 382.18 148.01 0.0145733
chair 0 0 -10 671.33 142.91 728.68 240.70 0.0139809
table 0 0 -10 432.69 69.06 454.17 151.27 0.0126323
table 0 0 -10 369.26 46.95 461.44 135.17 0.0116915
table 0 0 -10 684.90 191.65 726.15 522.73 0.0114812
chair 0 0 -10 650.91 161.04 719.92 272.84 0.0113149
chair 0 0 -10 243.35 56.84 314.18 204.22 0.0109615
table 0 0 -10 46.28 142.02 389.62 502.25 0.0104338
chair 0 0 -10 384.36 48.42 497.55 183.31 0.0102347
chair 0 0 -10 407.59 390.62 719.57 530.00 0.0102292
chair 0 0 -10 434.23 66.92 452.55 146.58 0.0097205
chair 0 0 -10 439.48 62.60 461.32 150.72 0.0088860
table 0 0 -10 396.12 60.23 529.69 170.07 0.0087612
desk 0 0 -10 433.25 67.35 453.46 154.37 0.0087411
desk 0 0 -10 642.68 138.13 725.20 346.72 0.0085554
table 0 0 -10 4.22 252.28 24.99 455.88 0.0082880
chair 0 0 -10 356.48 50.17 443.65 178.78 0.0082235
chair 0 0 -10 400.86 55.77 456.21 155.07 0.0076382
chair 0 0 -10 444.07 66.70 497.01 150.29 0.0074803
chair 0 0 -10 704.09 168.47 730.00 379.51 0.0071344
desk 0 0 -10 686.82 182.72 725.40 522.00 0.0071298
table 0 0 -10 205.32 120.05 380.61 333.74 0.0068643
table 0 0 -10 210.36 55.98 454.93 194.83 0.0068040
table 0 0 -10 608.55 148.28 722.43 485.98 0.0061399
table 0 0 -10 689.45 306.92 725.47 487.68 0.0060802
desk 0 0 -10 315.73 54.21 540.02 185.46 0.0059324
desk 0 0 -10 15.27 116.20 298.74 434.03 0.0058059
table 0 0 -10 639.09 317.26 726.88 497.04 0.0056554
chair 0 0 -10 457.30 70.93 469.53 154.73 0.0053892
sofa 0 0 -10 643.43 122.73 730.00 388.28 0.0050072
table 0 0 -10 705.13 177.89 729.85 386.49 0.0048899
table 0 0 -10 102.78 101.74 320.38 286.11 0.0048849
chair 0 0 -10 468.77 68.38 478.90 145.33 0.0048722
desk 0 0 -10 401.63 61.17 528.66 171.98 0.0045964
desk 0 0 -10 233.66 96.94 420.47 310.77 0.0043068
desk 0 0 -10 178.35 135.95 369.32 372.80 0.0042997
table 0 0 -10 667.19 161.64 725.84 280.28 0.0042747
chair 0 0 -10 102.59 116.91 225.65 388.37 0.0041631
table 0 0 -10 0.37 270.66 72.17 501.51 0.0041036
dresser 0 0 -10 350.51 51.43 437.37 188.04 0.0038187
chair 0 0 -10 122.07 55.10 367.07 219.72 0.0037712
table 0 0 -10 250.92 75.79 423.86 279.95 0.0037537
chair 0 0 -10 616.72 57.84 730.00 332.44 0.0037418
chair 0 0 -10 597.41 2.72 723.58 173.77 0.0033856
chair 0 0 -10 452.43 69.04 465.09 153.25 0.0033430
night_stand 0 0 -10 349.16 53.43 439.59 187.28 0.0033125
sofa 0 0 -10 674.56 162.05 729.30 331.79 0.0031516
dresser 0 0 -10 689.66 151.57 729.63 339.71 0.0031247
chair 0 0 -10 3.74 251.49 27.30 459.55 0.0030975
chair 0 0 -10 701.74 436.51 730.00 530.00 0.0029772
bookshelf 0 0 -10 690.44 140.99 729.71 336.82 0.0028518
desk 0 0 -10 286.46 50.41 477.73 255.75 0.0028061
desk 0 0 -10 667.38 162.02 725.70 278.63 0.0027103
table 0 0 -10 710.97 316.17 729.42 494.25 0.0026756
chair 0 0 -10 86.90 155.36 311.92 491.69 0.0026583
