table 0 0 -10 158.76 216.04 371.36 446.97 0.9311519
chair 0 0 -10 172.35 249.09 365.56 502.42 0.7637804
chair 0 0 -10 646.64 331.15 729.05 530.00 0.7214543
table 0 0 -10 162.79 215.87 361.79 297.94 0.3832229
sofa 0 0 -10 306.46 206.61 719.23 401.64 0.1623790
desk 0 0 -10 149.54 210.28 370.28 460.74 0.1485457
chair 0 0 -10 191.66 211.71 348.92 410.16 0.1460817
sofa 0 0 -10 651.21 308.13 727.28 530.00 0.0946498
table 0 0 -10 173.91 199.04 717.72 428.42 0.0820581
chair 0 0 -10 217.00 198.66 346.82 296.01 0.0619811
chair 0 0 -10 574.47 309.35 727.39 528.73 0.0618397
desk 0 0 -10 175.15 197.75 730.00 439.85 0.0534695
table 0 0 -10 638.09 350.55 726.42 530.00 0.0381952
table 0 0 -10 63.59 208.56 424.68 516.36 0.0331292
table 0 0 -10 0.00 141.59 201.22 488.37 0.0322958
bed 0 0 -10 0.00 161.33 43.11 319.64 0.0241442
desk 0 0 -10 57.23 199.84 428.87 524.36 0.0114553
table 0 0 -10 16.74 209.43 318.64 444.06 0.0113766
bed 0 0 -10 296.71 205.57 729.34 399.87 0.0104058
bed 0 0 -10 4.42 23.61 47.00 381.27 0.0090053
table 0 0 -10 2.00 287.36 50.09 389.09 0.0089493
sofa 0 0 -10 354.62 292.66 729.59 520.03 0.0080271
bed 0 0 -10 0.00 139.10 166.87 350.61 0.0077929
desk 0 0 -10 0.00 135.36 201.20 490.28 0.0067633
table 0 0 -10 158.74 304.85 360.31 508.21 0.0065001
desk 0 0 -10 160.04 298.90 358.36 509.24 0.0050676
table 0 0 -10 0.00 229.18 163.20 430.21 0.0045600
bed 0 0 -10 2.78 151.58 92.47 323.44 0.0045114
table 0 0 -10 0.00 285.42 147.92 380.72 0.0043740
bed 0 0 -10 0.00 0.00 182.29 493.95 0.0041525
chair 0 0 -10 249.95 187.89 357.31 357.26 0.0041010
chair 0 0 -10 262.92 193.94 329.29 295.11 0.0040271
chair 0 0 -10 2.66 19.85 228.47 438.61 0.0035765
chair 0 0 -10 166.67 246.33 271.75 479.26 0.0034435
bed 0 0 -10 2.77 7.29 93.50 416.36 0.0030665
chair 0 0 -10 78.54 200.83 401.95 530.00 0.0030330
chair 0 0 -10 422.69 309.26 727.26 523.77 0.0030160
table 0 0 -10 532.19 327.43 720.15 529.87 0.0029926
table 0 0 -10 158.11 217.83 255.26 424.49 0.0024945
desk 0 0 -10 650.37 329.47 728.55 519.13 0.0024909
chair 0 0 -10 683.23 287.32 726.92 509.31 0.0023425
chair 0 0 -10 184.04 307.79 305.08 509.46 0.0021850
bathtub 0 0 -10 285.69 204.72 695.89 398.31 0.0021846
sofa 0 0 -10 545.26 310.75 724.28 530.00 0.0020444
table 0 0 -10 592.05 342.17 723.16 478.75 0.0020392
bed 0 0 -10 1.08 218.27 49.09 372.76 0.0018640
bookshelf 0 0 -10 0.00 0.00 172.85 508.00 0.0018540
table 0 0 -10 0.00 162.96 261.30 365.71 0.0017720
table 0 0 -10 0.00 303.47 117.01 513.08 0.0017122
chair 0 0 -10 182.06 237.06 510.67 527.94 0.0015646
chair 0 0 -10 271.10 183.39 688.34 441.13 0.0015393
table 0 0 -10 326.22 295.50 714.83 510.82 0.0015083
sofa 0 0 -10 65.38 199.86 430.87 522.54 0.0014573
dresser 0 0 -10 3.78 0.00 158.21 494.20 0.0014512
night_stand 0 0 -10 137.33 218.21 371.96 488.47 0.0013971
table 0 0 -10 30.93 201.72 105.59 472.18 0.0013261
bed 0 0 -10 156.11 86.11 730.00 407.13 0.0012568
table 0 0 -10 327.56 235.72 685.80 408.28 0.0012519
bathtub 0 0 -10 2.90 142.60 169.67 329.74 0.0012123
table 0 0 -10 2.29 271.36 90.73 434.95 0.0011622
table 0 0 -10 0.00 246.55 205.08 349.73 0.0011453
dresser 0 0 -10 1.02 140.33 162.18 343.09 0.0010632
chair 0 0 -10 33.91 186.37 267.02 495.11 0.0010133
table 0 0 -10 76.92 141.80 165.22 513.94 0.0009944
chair 0 0 -10 122.55 329.89 388.19 526.53 0.0009654
chair 0 0 -10 4.96 135.22 245.61 349.45 0.0009644
dresser 0 0 -10 142.70 223.23 369.91 491.61 0.0009634
sofa 0 0 -10 162.26 274.40 357.39 507.30 0.0009522
table 0 0 -10 166.40 192.38 503.66 335.03 0.0009414
bookshelf 0 0 -10 154.87 217.83 369.28 483.87 0.0009343
chair 0 0 -10 92.82 167.20 292.23 406.58 0.0009194
bookshelf 0 0 -10 313.70 193.04 723.54 399.90 0.0009121
sofa 0 0 -10 177.10 94.73 730.00 396.98 0.0008945
table 0 0 -10 0.79 277.28 42.25 485.96 0.0007863
chair 0 0 -10 711.76 287.16 730.00 502.60 0.0007477
desk 0 0 -10 10.32 205.57 312.72 449.36 0.0007209
table 0 0 -10 3.33 295.48 44.36 352.51 0.0006937
bed 0 0 -10 65.56 190.36 427.03 522.99 0.0006422
dresser 0 0 -10 276.54 206.21 715.33 406.95 0.0006387
bed 0 0 -10 0.00 180.52 232.99 409.23 0.0006228
table 0 0 -10 185.30 291.26 380.01 411.20 0.0006164
bed 0 0 -10 643.40 326.46 727.50 530.00 0.0006094
table 0 0 -10 0.00 395.24 161.70 527.33 0.0006067
table 0 0 -10 55.86 234.90 229.07 511.59 0.0006023
toilet 0 0 -10 161.74 197.86 384.66 522.61 0.0006011
sofa 0 0 -10 3.25 145.48 161.20 346.59 0.0005931
table 0 0 -10 0.00 18.26 172.19 330.11 0.0005822
desk 0 0 -10 162.02 216.05 364.02 298.68 0.0005693
chair 0 0 -10 175.03 275.73 239.57 424.59 0.0005596
toilet 0 0 -10 651.53 318.58 729.74 528.48 0.0005019
table 0 0 -10 1.74 67.73 106.32 436.69 0.0004987
chair 0 0 -10 165.51 199.01 283.48 389.22 0.0004855
chair 0 0 -10 188.98 364.35 333.91 412.54 0.0004674
bed 0 0 -10 167.70 238.49 363.53 418.73 0.0004623
table 0 0 -10 254.46 225.66 374.95 438.12 0.0004604
table 0 0 -10 2.38 344.80 47.48 374.98 0.0004500
chair 0 0 -10 245.96 206.41 305.97 339.65 0.0004444
chair 0 0 -10 7.27 284.96 197.41 384.63 0.0004055
desk 0 0 -10 101.66 40.30 730.00 413.50 0.0004053
bookshelf 0 0 -10 4.79 105.75 148.04 392.54 0.0003937
