chair 0 0 -10 121.39 146.68 462.61 488.04 0.8263157
table 0 0 -10 119.61 136.45 464.04 455.68 0.5409408
chair 0 0 -10 0.00 187.74 55.88 508.93 0.0113007
table 0 0 -10 165.33 137.67 450.22 325.25 0.0103796
table 0 0 -10 0.29 257.19 35.66 530.00 0.0078396
table 0 0 -10 1.49 225.84 62.02 522.24 0.0072856
bookshelf 0 0 -10 4.77 3.79 117.59 325.43 0.0063109
table 0 0 -10 0.12 296.13 27.83 366.79 0.0051669
desk 0 0 -10 122.29 130.02 466.52 483.24 0.0043058
table 0 0 -10 47.18 247.53 624.07 530.00 0.0038478
chair 0 0 -10 162.35 125.63 668.40 511.98 0.0034575
table 0 0 -10 1.39 286.06 56.57 375.23 0.0028930
sofa 0 0 -10 89.41 135.65 508.67 509.47 0.0026713
table 0 0 -10 141.08 136.29 285.74 303.98 0.0026011
table 0 0 -10 39.94 30.50 476.03 320.12 0.0024793
table 0 0 -10 7.93 236.09 25.94 530.00 0.0021946
table 0 0 -10 0.54 178.82 190.12 273.12 0.0020657
chair 0 0 -10 308.75 146.93 461.42 414.76 0.0019738
chair 0 0 -10 24.30 116.10 326.91 519.25 0.0019697
table 0 0 -10 99.03 319.15 496.59 515.83 0.0017540
chair 0 0 -10 92.47 293.32 476.22 513.76 0.0015511
table 0 0 -10 4.27 346.17 29.37 525.25 0.0015412
chair 0 0 -10 185.43 129.48 468.97 352.89 0.0015159
table 0 0 -10 0.29 370.11 46.89 504.93 0.0014562
table 0 0 -10 8.63 133.80 350.73 516.06 0.0014451
table 0 0 -10 1.23 368.54 19.99 522.53 0.0014396
table 0 0 -10 0.54 13.07 214.77 309.77 0.0013992
chair 0 0 -10 577.28 0.00 702.15 54.73 0.0013196
table 0 0 -10 1.79 184.26 36.82 386.42 0.0011820
table 0 0 -10 1.84 145.01 238.99 335.96 0.0011628
table 0 0 -10 114.15 94.16 705.00 398.32 0.0011258
toilet 0 0 -10 127.19 142.54 482.09 512.50 0.0011161
chair 0 0 -10 274.04 172.71 493.54 492.82 0.0009643
table 0 0 -10 0.76 380.94 34.84 458.52 0.0009629
table 0 0 -10 267.74 317.93 697.33 527.20 0.0009299
table 0 0 -10 1.60 286.94 109.20 453.57 0.0008708
bed 0 0 -10 489.11 122.07 730.00 319.24 0.0008613
table 0 0 -10 3.56 234.32 19.17 518.44 0.0008592
table 0 0 -10 499.94 125.81 722.15 320.81 0.0008410
bathtub 0 0 -10 502.59 124.43 729.31 322.22 0.0007699
bed 0 0 -10 134.30 132.28 503.77 508.47 0.0007344
table 0 0 -10 319.40 151.12 458.83 406.44 0.0006876
chair 0 0 -10 0.00 288.49 97.62 486.69 0.0006511
table 0 0 -10 2.52 288.53 164.51 389.30 0.0006407
chair 0 0 -10 1.50 168.20 37.99 388.06 0.0006134
table 0 0 -10 15.29 2.40 456.22 192.08 0.0006086
chair 0 0 -10 375.20 117.67 714.00 326.94 0.0006025
table 0 0 -10 0.00 248.27 145.99 509.85 0.0005866
table 0 0 -10 0.00 187.20 77.76 393.51 0.0005693
desk 0 0 -10 0.00 27.66 157.57 292.08 0.0005659
table 0 0 -10 1.14 385.01 67.78 445.79 0.0005543
chair 0 0 -10 336.04 122.20 534.48 399.68 0.0005180
table 0 0 -10 1.05 69.10 125.01 447.20 0.0005175
bookshelf 0 0 -10 134.62 139.24 471.47 491.15 0.0005148
bookshelf 0 0 -10 21.56 0.00 413.75 198.92 0.0005038
night_stand 0 0 -10 129.69 143.85 487.88 496.42 0.0004916
chair 0 0 -10 113.32 108.75 299.80 417.41 0.0004705
table 0 0 -10 430.87 243.57 720.76 519.83 0.0004556
table 0 0 -10 90.92 0.00 501.18 123.31 0.0004358
chair 0 0 -10 0.24 288.97 30.17 364.34 0.0004194
sofa 0 0 -10 492.13 131.32 726.53 320.53 0.0004187
bookshelf 0 0 -10 0.12 0.00 58.61 250.07 0.0004144
dresser 0 0 -10 129.03 145.19 478.58 495.07 0.0003994
table 0 0 -10 3.72 240.44 14.30 379.00 0.0003907
table 0 0 -10 0.42 335.20 64.51 481.90 0.0003894
table 0 0 -10 324.53 144.88 689.97 338.22 0.0003788
dresser 0 0 -10 492.41 127.80 730.00 318.01 0.0003684
chair 0 0 -10 0.00 257.74 159.36 525.27 0.0003585
bookshelf 0 0 -10 562.66 0.00 717.79 57.94 0.0003546
bathtub 0 0 -10 113.69 140.11 476.82 485.47 0.0003525
table 0 0 -10 116.52 117.19 292.17 399.14 0.0003448
chair 0 0 -10 0.00 360.64 53.24 447.81 0.0003311
bookshelf 0 0 -10 5.58 0.16 204.15 213.09 0.0003215
chair 0 0 -10 609.43 136.63 729.35 265.42 0.0003161
chair 0 0 -10 1.04 298.68 40.63 502.17 0.0003140
chair 0 0 -10 0.00 84.96 117.58 467.38 0.0003085
table 0 0 -10 556.97 0.00 712.06 57.07 0.0003013
chair 0 0 -10 381.76 0.00 492.19 57.16 0.0002893
chair 0 0 -10 298.13 237.48 708.64 525.69 0.0002858
table 0 0 -10 4.01 175.25 100.06 275.70 0.0002774
table 0 0 -10 0.37 417.05 50.54 465.66 0.0002682
table 0 0 -10 1.06 387.30 78.18 529.46 0.0002657
bookshelf 0 0 -10 54.05 0.00 595.87 315.69 0.0002566
chair 0 0 -10 0.00 40.49 67.96 395.35 0.0002560
table 0 0 -10 14.25 2.58 627.54 82.71 0.0002509
desk 0 0 -10 493.35 117.48 730.00 325.12 0.0002460
chair 0 0 -10 302.36 0.00 431.78 43.46 0.0002442
chair 0 0 -10 148.73 134.23 299.61 300.38 0.0002439
table 0 0 -10 0.00 86.61 128.37 265.46 0.0002418
chair 0 0 -10 4.13 250.32 25.95 530.00 0.0002410
chair 0 0 -10 10.24 162.90 215.84 483.95 0.0002399
table 0 0 -10 4.59 284.80 280.61 519.09 0.0002380
chair 0 0 -10 589.20 169.92 730.00 506.64 0.0002365
sofa 0 0 -10 564.27 1.80 714.13 56.94 0.0002318
chair 0 0 -10 461.55 0.00 663.02 154.56 0.0002296
desk 0 0 -10 14.97 0.00 642.51 316.46 0.0002270
table 0 0 -10 0.00 294.38 46.25 434.13 0.0002251
bathtub 0 0 -10 11.83 0.22 432.15 187.55 0.0002234
table 0 0 -10 1.54 370.46 9.13 523.36 0.0002113
table 0 0 -10 369.54 150.38 481.62 330.85 0.0002097
