bathtub 0 0 -10 16.30 182.48 291.23 411.99 0.0053039
bathtub 0 0 -10 286.25 230.97 373.95 426.61 0.0045384
toilet 0 0 -10 277.29 227.07 374.51 426.94 0.0038498
bathtub 0 0 -10 10.31 225.65 346.21 520.66 0.0032052
dresser 0 0 -10 285.94 227.17 373.00 426.51 0.0017938
bed 0 0 -10 0.00 183.84 409.49 528.16 0.0014206
table 0 0 -10 282.47 223.34 375.05 432.83 0.0013716
bathtub 0 0 -10 199.04 240.77 302.43 397.59 0.0012911
bathtub 0 0 -10 281.59 221.27 456.51 422.68 0.0012780
table 0 0 -10 7.95 231.76 381.49 530.00 0.0009293
table 0 0 -10 448.52 218.92 494.60 345.75 0.0008888
bathtub 0 0 -10 195.42 261.90 294.17 334.51 0.0007176
dresser 0 0 -10 0.00 153.60 320.03 522.67 0.0005248
toilet 0 0 -10 225.05 230.95 436.59 439.61 0.0004698
bathtub 0 0 -10 137.64 223.16 381.32 407.87 0.0004305
bathtub 0 0 -10 9.48 154.87 237.66 327.08 0.0003816
bathtub 0 0 -10 92.38 229.95 698.33 519.70 0.0003806
bed 0 0 -10 19.42 342.55 350.75 526.42 0.0003713
bathtub 0 0 -10 216.19 199.80 282.80 373.52 0.0003616
chair 0 0 -10 270.51 212.57 377.76 419.59 0.0003491
desk 0 0 -10 0.00 190.94 421.54 523.91 0.0003421
bathtub 0 0 -10 136.41 177.54 306.00 482.11 0.0003364
bathtub 0 0 -10 213.97 220.66 289.65 312.19 0.0003155
bed 0 0 -10 83.00 224.97 696.80 530.00 0.0003105
table 0 0 -10 97.46 230.37 670.93 530.00 0.0002975
bathtub 0 0 -10 170.38 211.52 295.59 358.57 0.0002931
table 0 0 -10 35.58 361.59 354.28 529.94 0.0002696
bathtub 0 0 -10 238.39 256.70 307.00 461.02 0.0002656
night_stand 0 0 -10 285.72 226.80 375.36 414.46 0.0002627
dresser 0 0 -10 444.75 151.74 487.95 336.64 0.0002517
bathtub 0 0 -10 113.09 291.91 319.69 524.26 0.0002480
bed 0 0 -10 0.00 64.22 248.40 522.14 0.0002461
bathtub 0 0 -10 232.56 225.86 378.02 476.11 0.0002377
chair 0 0 -10 168.63 0.00 262.06 55.05 0.0002374
bathtub 0 0 -10 256.50 263.12 402.57 401.40 0.0002015
bathtub 0 0 -10 286.26 226.48 372.76 321.88 0.0002013
toilet 0 0 -10 0.00 179.08 408.12 529.79 0.0001875
chair 0 0 -10 39.02 171.12 106.70 254.84 0.0001857
chair 0 0 -10 437.21 208.98 507.12 341.14 0.0001828
bathtub 0 0 -10 18.00 253.62 258.53 355.27 0.0001812
bed 0 0 -10 263.10 63.44 642.51 499.20 0.0001804
table 0 0 -10 0.37 75.45 247.39 522.22 0.0001751
bookshelf 0 0 -10 286.35 227.88 372.13 433.26 0.0001743
chair 0 0 -10 442.87 144.35 488.05 334.70 0.0001674
toilet 0 0 -10 233.24 230.34 300.17 443.11 0.0001615
desk 0 0 -10 276.65 236.95 386.92 432.01 0.0001588
desk 0 0 -10 82.00 231.58 702.85 530.00 0.0001570
table 0 0 -10 274.71 218.65 479.42 435.68 0.0001564
bed 0 0 -10 70.94 9.98 479.04 529.75 0.0001534
chair 0 0 -10 0.00 180.84 396.58 525.74 0.0001525
bookshelf 0 0 -10 445.20 130.08 488.31 342.13 0.0001465
bookshelf 0 0 -10 13.86 144.32 390.56 509.69 0.0001422
bathtub 0 0 -10 239.83 225.27 293.18 390.86 0.0001422
toilet 0 0 -10 195.09 219.66 296.41 372.56 0.0001398
dresser 0 0 -10 244.89 230.01 435.64 429.15 0.0001386
bathtub 0 0 -10 273.55 137.01 399.12 421.11 0.0001304
bathtub 0 0 -10 27.89 222.30 255.38 313.80 0.0001236
dresser 0 0 -10 14.93 344.78 337.62 526.54 0.0001236
table 0 0 -10 453.81 225.11 520.96 365.39 0.0001213
table 0 0 -10 0.00 197.45 295.34 438.31 0.0001195
bathtub 0 0 -10 0.00 37.19 447.58 471.02 0.0001166
sofa 0 0 -10 7.64 191.55 405.47 522.17 0.0001144
toilet 0 0 -10 0.00 200.64 311.02 402.29 0.0001115
bathtub 0 0 -10 462.79 197.46 534.11 341.46 0.0001111
bathtub 0 0 -10 13.81 353.18 415.60 527.66 0.0001110
toilet 0 0 -10 200.78 263.89 334.39 386.17 0.0001101
table 0 0 -10 445.00 221.58 527.87 303.30 0.0001064
dresser 0 0 -10 454.14 127.82 501.43 320.11 0.0001057
dresser 0 0 -10 276.48 130.69 392.85 417.95 0.0001019
desk 0 0 -10 448.12 218.29 496.86 345.08 0.0001016
bathtub 0 0 -10 593.03 233.52 730.00 304.83 0.0000995
chair 0 0 -10 36.25 419.45 411.77 529.07 0.0000980
bathtub 0 0 -10 271.03 155.48 715.47 423.80 0.0000980
bathtub 0 0 -10 173.50 297.61 441.34 513.96 0.0000968
table 0 0 -10 262.01 265.33 325.41 448.88 0.0000947
desk 0 0 -10 15.91 342.58 350.96 526.78 0.0000944
dresser 0 0 -10 452.25 216.33 497.82 340.37 0.0000936
bed 0 0 -10 274.06 227.33 412.56 441.93 0.0000928
bathtub 0 0 -10 1.07 173.12 160.79 515.42 0.0000864
bathtub 0 0 -10 227.76 223.54 341.74 381.48 0.0000863
table 0 0 -10 304.11 269.76 566.27 489.43 0.0000852
sofa 0 0 -10 27.20 349.65 402.65 529.13 0.0000839
dresser 0 0 -10 2.10 171.95 155.13 516.19 0.0000838
bathtub 0 0 -10 536.87 186.80 730.00 316.11 0.0000834
bathtub 0 0 -10 203.26 132.43 264.81 343.50 0.0000792
table 0 0 -10 512.33 229.50 721.45 410.32 0.0000780
bed 0 0 -10 2.50 169.78 103.04 267.48 0.0000779
toilet 0 0 -10 146.63 221.21 373.57 423.69 0.0000756
chair 0 0 -10 185.76 0.00 306.86 63.74 0.0000747
chair 0 0 -10 166.50 0.36 348.40 207.91 0.0000728
table 0 0 -10 382.75 264.41 713.03 515.69 0.0000722
bathtub 0 0 -10 193.79 126.12 329.07 212.85 0.0000697
chair 0 0 -10 106.43 228.28 663.23 529.14 0.0000681
table 0 0 -10 448.68 253.48 521.19 317.06 0.0000672
chair 0 0 -10 3.56 382.20 277.77 530.00 0.0000666
bathtub 0 0 -10 444.63 145.21 488.97 336.44 0.0000657
table 0 0 -10 103.30 402.15 294.40 530.00 0.0000639
table 0 0 -10 468.93 212.79 514.13 329.12 0.0000618
bathtub 0 0 -10 311.73 99.22 367.32 279.72 0.0000614
dresser 0 0 -10 225.71 239.70 298.68 433.03 0.0000610
