chair 0 0 -10 455.80 189.13 611.05 387.17 0.9925467
table 0 0 -10 168.01 187.61 376.64 374.17 0.9546872
chair 0 0 -10 275.77 166.09 361.67 282.55 0.3125342
desk 0 0 -10 162.08 193.12 372.68 371.32 0.0678623
table 0 0 -10 187.21 185.66 363.98 277.44 0.0550674
chair 0 0 -10 248.24 163.21 329.85 281.73 0.0469218
chair 0 0 -10 296.16 138.90 381.19 273.85 0.0323044
chair 0 0 -10 299.42 181.64 367.88 258.51 0.0305355
chair 0 0 -10 237.96 178.31 354.67 325.01 0.0262275
table 0 0 -10 267.57 190.04 361.67 268.21 0.0239694
chair 0 0 -10 192.27 203.57 343.36 373.90 0.0216299
chair 0 0 -10 477.21 180.09 606.94 311.27 0.0182330
chair 0 0 -10 462.52 250.35 571.33 361.01 0.0124589
chair 0 0 -10 267.04 14.59 379.16 289.19 0.0115444
table 0 0 -10 113.94 198.15 363.85 467.47 0.0099394
table 0 0 -10 161.09 203.99 260.80 374.90 0.0084917
chair 0 0 -10 224.07 159.19 300.55 282.98 0.0063121
chair 0 0 -10 315.18 167.78 350.86 268.47 0.0056675
chair 0 0 -10 284.63 213.53 376.52 276.55 0.0050653
chair 0 0 -10 161.89 137.41 356.42 352.44 0.0048388
chair 0 0 -10 235.78 132.60 374.89 288.62 0.0043084
table 0 0 -10 43.70 175.72 458.54 518.88 0.0040430
chair 0 0 -10 499.25 187.82 586.27 256.90 0.0038237
chair 0 0 -10 332.19 88.06 376.76 290.82 0.0031211
table 0 0 -10 454.49 215.73 608.47 368.42 0.0029741
chair 0 0 -10 494.15 144.26 601.23 266.56 0.0023451
desk 0 0 -10 108.58 197.11 371.51 472.12 0.0022776
table 0 0 -10 298.70 188.36 350.05 283.52 0.0020139
table 0 0 -10 221.04 156.86 361.68 239.64 0.0018023
desk 0 0 -10 455.49 211.65 609.45 367.08 0.0014855
chair 0 0 -10 340.38 156.28 371.02 265.50 0.0012867
table 0 0 -10 245.31 176.84 314.29 291.39 0.0012273
chair 0 0 -10 444.15 151.47 635.64 482.56 0.0011739
table 0 0 -10 11.00 213.34 275.06 521.16 0.0009715
chair 0 0 -10 356.99 152.53 364.56 266.76 0.0009396
desk 0 0 -10 38.29 170.12 477.38 523.52 0.0009290
table 0 0 -10 296.63 202.47 366.95 260.83 0.0008202
sofa 0 0 -10 467.60 181.75 609.68 371.02 0.0007908
table 0 0 -10 494.95 219.53 552.45 247.84 0.0007861
desk 0 0 -10 211.62 175.42 371.04 318.32 0.0007312
table 0 0 -10 240.12 162.59 372.66 302.81 0.0006964
chair 0 0 -10 320.31 199.05 389.79 249.44 0.0006684
desk 0 0 -10 269.68 187.98 361.29 269.22 0.0006503
chair 0 0 -10 301.01 43.43 353.94 270.58 0.0006486
chair 0 0 -10 332.94 172.18 386.62 245.08 0.0006380
table 0 0 -10 163.25 198.92 499.69 409.95 0.0006085
chair 0 0 -10 207.98 188.06 311.84 261.15 0.0005597
table 0 0 -10 426.20 237.66 620.06 463.22 0.0005118
chair 0 0 -10 238.14 159.51 278.73 297.65 0.0004774
chair 0 0 -10 258.82 0.00 360.88 95.21 0.0004743
bed 0 0 -10 167.57 187.49 368.04 370.13 0.0004658
chair 0 0 -10 112.25 210.69 250.16 368.71 0.0004624
chair 0 0 -10 230.65 170.71 406.92 375.07 0.0004286
table 0 0 -10 250.56 158.45 350.95 198.81 0.0004008
chair 0 0 -10 172.06 180.79 290.35 340.89 0.0003987
chair 0 0 -10 495.23 214.49 557.13 247.88 0.0003986
toilet 0 0 -10 436.91 193.54 606.14 430.38 0.0003887
chair 0 0 -10 243.23 158.63 313.61 231.25 0.0003681
table 0 0 -10 462.41 267.40 568.39 359.65 0.0003640
chair 0 0 -10 327.13 138.28 402.09 259.13 0.0003601
sofa 0 0 -10 167.47 188.15 372.45 366.66 0.0003401
table 0 0 -10 440.32 259.20 691.64 527.24 0.0003377
table 0 0 -10 5.80 306.78 191.77 527.02 0.0003364
chair 0 0 -10 350.79 155.31 381.56 264.22 0.0003273
table 0 0 -10 257.86 211.48 366.02 394.42 0.0003187
chair 0 0 -10 335.11 205.20 638.92 522.94 0.0003181
chair 0 0 -10 260.90 88.17 307.00 281.31 0.0003124
chair 0 0 -10 250.04 157.78 351.87 198.32 0.0003035
night_stand 0 0 -10 163.68 186.62 377.68 376.22 0.0002936
table 0 0 -10 216.38 155.13 528.51 328.44 0.0002925
table 0 0 -10 238.05 157.70 310.18 193.47 0.0002897
chair 0 0 -10 252.59 154.98 290.37 189.65 0.0002892
chair 0 0 -10 0.00 244.90 223.65 518.84 0.0002814
table 0 0 -10 274.79 221.16 379.13 278.38 0.0002771
table 0 0 -10 92.82 92.10 400.51 366.59 0.0002683
chair 0 0 -10 528.34 185.17 582.19 295.38 0.0002668
table 0 0 -10 493.38 200.31 575.32 256.93 0.0002654
bathtub 0 0 -10 1.96 307.43 191.98 523.94 0.0002642
chair 0 0 -10 499.55 124.86 641.03 395.19 0.0002599
table 0 0 -10 225.84 187.12 288.96 298.03 0.0002575
chair 0 0 -10 540.67 138.30 588.68 338.93 0.0002574
table 0 0 -10 588.83 245.06 716.20 527.18 0.0002547
table 0 0 -10 269.07 244.98 301.26 290.68 0.0002423
chair 0 0 -10 494.61 122.65 534.70 267.33 0.0002374
table 0 0 -10 627.81 144.41 725.10 516.53 0.0002328
sofa 0 0 -10 243.91 165.40 372.25 251.30 0.0002300
dresser 0 0 -10 639.28 13.09 726.59 525.14 0.0002276
chair 0 0 -10 332.71 154.47 357.62 292.53 0.0002254
chair 0 0 -10 346.94 13.97 392.19 189.37 0.0002214
chair 0 0 -10 171.37 238.64 393.90 458.72 0.0002191
table 0 0 -10 196.02 82.95 376.64 294.59 0.0002125
table 0 0 -10 295.62 149.07 385.70 269.52 0.0002083
desk 0 0 -10 160.47 200.79 259.31 379.92 0.0002083
chair 0 0 -10 252.87 126.18 388.20 195.96 0.0002034
table 0 0 -10 262.63 221.17 631.14 522.69 0.0001961
table 0 0 -10 280.14 202.83 581.59 390.51 0.0001952
desk 0 0 -10 237.37 172.42 369.22 254.26 0.0001869
dresser 0 0 -10 167.35 192.11 371.77 373.74 0.0001866
chair 0 0 -10 491.34 182.77 550.86 264.78 0.0001864
night_stand 0 0 -10 441.01 198.49 606.51 414.00 0.0001845
