chair 0 0 -10 407.97 113.80 611.31 449.21 0.9888583
chair 0 0 -10 535.58 133.59 705.59 366.59 0.9788043
table 0 0 -10 69.60 153.23 439.81 476.82 0.9140593
sofa 0 0 -10 614.80 76.16 727.74 241.92 0.5728822
chair 0 0 -10 575.92 51.34 672.44 135.92 0.5275058
chair 0 0 -10 664.12 252.75 727.42 518.87 0.3275755
chair 0 0 -10 608.64 87.17 728.35 264.06 0.3152594
chair 0 0 -10 571.38 58.06 673.67 206.30 0.1903343
sofa 0 0 -10 688.89 261.23 728.37 523.49 0.1834535
desk 0 0 -10 45.94 141.61 455.35 512.52 0.1480243
chair 0 0 -10 469.58 103.84 678.53 410.16 0.1360081
chair 0 0 -10 649.96 51.10 729.07 214.87 0.1260734
chair 0 0 -10 589.16 248.39 730.00 530.00 0.1076000
sofa 0 0 -10 660.23 61.11 728.42 219.80 0.0904294
sofa 0 0 -10 709.49 276.48 729.06 463.23 0.0700374
table 0 0 -10 1.77 243.52 148.77 520.97 0.0697506
chair 0 0 -10 692.45 290.53 729.22 525.69 0.0514551
table 0 0 -10 40.12 218.56 218.59 484.71 0.0348761
table 0 0 -10 680.92 273.84 726.63 529.56 0.0341109
sofa 0 0 -10 568.68 97.81 723.10 337.03 0.0305014
sofa 0 0 -10 685.74 42.74 729.11 262.24 0.0275317
sofa 0 0 -10 661.33 216.33 730.00 527.94 0.0268552
chair 0 0 -10 44.55 103.52 427.36 473.79 0.0255773
chair 0 0 -10 632.91 116.15 730.00 517.39 0.0235373
chair 0 0 -10 643.28 66.34 726.44 349.08 0.0231787
table 0 0 -10 682.85 118.51 728.54 408.93 0.0213024
chair 0 0 -10 681.56 66.76 729.21 389.05 0.0207099
chair 0 0 -10 645.95 45.97 725.78 141.42 0.0195588
sofa 0 0 -10 662.73 324.46 728.99 464.71 0.0172605
table 0 0 -10 701.86 334.23 728.97 525.14 0.0158452
chair 0 0 -10 61.16 134.88 260.88 381.12 0.0144103
chair 0 0 -10 683.58 48.10 726.88 240.39 0.0143309
sofa 0 0 -10 634.33 55.38 728.13 363.03 0.0140304
sofa 0 0 -10 682.65 74.80 729.15 404.18 0.0128068
chair 0 0 -10 527.49 119.47 622.85 365.96 0.0120619
table 0 0 -10 637.89 156.32 728.49 513.29 0.0119849
table 0 0 -10 328.22 119.84 595.20 365.05 0.0119230
table 0 0 -10 713.95 347.44 729.59 529.84 0.0118009
table 0 0 -10 127.53 135.52 656.44 504.68 0.0116377
chair 0 0 -10 24.82 198.35 269.00 511.37 0.0116022
chair 0 0 -10 631.39 330.74 730.00 530.00 0.0114919
chair 0 0 -10 712.27 315.15 730.00 524.12 0.0110621
chair 0 0 -10 529.31 43.51 712.68 232.17 0.0108821
chair 0 0 -10 719.13 35.55 728.82 310.79 0.0099151
chair 0 0 -10 243.68 242.17 712.23 526.92 0.0098136
table 0 0 -10 594.17 164.12 726.13 372.40 0.0096595
table 0 0 -10 707.69 106.91 729.62 249.89 0.0094948
chair 0 0 -10 111.25 161.52 224.47 374.88 0.0092636
chair 0 0 -10 101.81 153.86 367.54 400.65 0.0089353
sofa 0 0 -10 580.48 51.48 721.21 173.43 0.0088215
sofa 0 0 -10 707.72 84.46 729.64 250.16 0.0086254
chair 0 0 -10 555.10 106.88 669.79 309.35 0.0086125
chair 0 0 -10 102.81 237.23 406.25 503.83 0.0085045
chair 0 0 -10 4.53 253.39 152.97 518.44 0.0083137
desk 0 0 -10 674.14 291.26 727.32 527.86 0.0076178
chair 0 0 -10 575.19 46.93 716.03 163.22 0.0075443
chair 0 0 -10 692.84 217.86 728.35 393.89 0.0073948
table 0 0 -10 282.60 113.91 484.97 324.85 0.0069530
chair 0 0 -10 209.10 120.51 507.51 480.64 0.0069139
chair 0 0 -10 721.32 64.40 728.43 250.66 0.0068261
table 0 0 -10 719.26 43.88 728.47 321.91 0.0065746
sofa 0 0 -10 680.26 96.05 728.21 191.77 0.0063997
table 0 0 -10 614.93 102.15 727.03 226.13 0.0062509
table 0 0 -10 720.53 104.57 727.83 243.22 0.0059639
table 0 0 -10 350.56 148.45 428.38 247.78 0.0058280
chair 0 0 -10 714.22 41.98 729.04 227.59 0.0057706
chair 0 0 -10 662.03 273.77 730.00 393.63 0.0056848
table 0 0 -10 585.32 55.11 680.31 124.88 0.0056805
table 0 0 -10 683.08 102.16 728.05 196.61 0.0055566
sofa 0 0 -10 713.73 320.48 729.62 526.29 0.0054502
table 0 0 -10 691.78 220.41 726.73 396.72 0.0053895
sofa 0 0 -10 581.60 53.51 679.93 127.13 0.0049558
table 0 0 -10 462.89 135.92 696.70 367.15 0.0046811
sofa 0 0 -10 718.97 62.69 727.92 251.85 0.0043578
table 0 0 -10 142.45 129.19 449.32 337.03 0.0043289
chair 0 0 -10 670.89 215.93 730.00 307.84 0.0041483
bed 0 0 -10 680.11 265.44 727.54 529.65 0.0037912
table 0 0 -10 669.17 347.96 726.32 495.56 0.0037864
table 0 0 -10 373.89 107.11 574.93 286.10 0.0037242
toilet 0 0 -10 679.63 268.45 727.52 529.11 0.0036433
table 0 0 -10 687.72 80.36 728.74 272.15 0.0036016
chair 0 0 -10 706.50 85.32 730.00 245.71 0.0034473
chair 0 0 -10 603.78 210.45 727.71 396.08 0.0034180
bathtub 0 0 -10 679.97 270.62 727.70 524.60 0.0033282
bed 0 0 -10 583.77 53.71 680.40 128.02 0.0033172
bed 0 0 -10 707.63 257.43 729.62 528.91 0.0033005
chair 0 0 -10 708.41 231.48 728.89 417.81 0.0032972
table 0 0 -10 330.78 121.35 438.38 270.98 0.0031947
chair 0 0 -10 723.94 43.37 728.82 229.62 0.0031266
table 0 0 -10 712.78 242.88 728.60 507.43 0.0031080
table 0 0 -10 566.05 113.68 720.12 267.76 0.0029883
dresser 0 0 -10 679.93 270.76 727.30 528.04 0.0028955
desk 0 0 -10 110.50 192.79 707.40 522.48 0.0028544
sofa 0 0 -10 556.93 68.02 706.41 229.20 0.0026608
chair 0 0 -10 687.71 93.62 729.29 194.65 0.0026275
table 0 0 -10 380.66 150.00 669.03 460.34 0.0026069
table 0 0 -10 698.81 276.10 727.94 421.40 0.0025901
sofa 0 0 -10 45.31 126.35 440.42 464.28 0.0025423
sofa 0 0 -10 725.37 281.63 729.97 493.46 0.0025332
table 0 0 -10 657.90 222.25 727.95 407.49 0.0025200
