dresser 0 0 -10 225.77 157.68 388.24 488.17 0.0376308
table 0 0 -10 226.59 164.38 384.40 499.20 0.0197009
night_stand 0 0 -10 227.45 164.64 392.60 487.09 0.0083812
bookshelf 0 0 -10 228.14 160.36 386.26 502.52 0.0053905
table 0 0 -10 229.97 133.61 370.31 228.33 0.0037611
desk 0 0 -10 220.58 179.05 395.67 499.22 0.0034369
toilet 0 0 -10 232.00 168.47 392.01 516.56 0.0026673
chair 0 0 -10 247.90 101.60 363.30 224.81 0.0015212
table 0 0 -10 232.62 157.65 374.76 281.17 0.0013614
table 0 0 -10 239.35 159.08 359.62 210.88 0.0013607
dresser 0 0 -10 480.48 389.76 715.61 525.70 0.0009636
bathtub 0 0 -10 90.16 172.53 625.00 519.31 0.0009556
bathtub 0 0 -10 443.74 370.46 708.13 527.21 0.0008184
bathtub 0 0 -10 227.21 183.12 389.53 504.81 0.0007585
dresser 0 0 -10 126.20 163.61 594.89 530.00 0.0006062
chair 0 0 -10 220.52 161.94 397.43 480.36 0.0005967
table 0 0 -10 241.38 128.52 354.05 190.84 0.0005516
bathtub 0 0 -10 386.80 452.42 622.27 529.42 0.0005501
bed 0 0 -10 479.66 386.87 719.76 528.21 0.0005291
table 0 0 -10 70.51 145.57 385.15 515.13 0.0005206
table 0 0 -10 426.84 417.87 710.98 530.00 0.0004926
dresser 0 0 -10 424.08 312.18 728.95 522.93 0.0004924
desk 0 0 -10 107.05 153.95 606.81 530.00 0.0004795
table 0 0 -10 122.92 161.21 585.33 530.00 0.0004232
chair 0 0 -10 20.45 0.41 99.03 52.22 0.0003747
chair 0 0 -10 248.43 116.21 351.55 180.18 0.0003412
desk 0 0 -10 418.43 416.71 726.08 529.59 0.0003352
table 0 0 -10 389.86 455.68 617.95 530.00 0.0003348
chair 0 0 -10 264.58 397.23 659.39 530.00 0.0003268
table 0 0 -10 266.40 398.78 655.09 530.00 0.0003160
bathtub 0 0 -10 267.55 397.33 667.83 529.11 0.0003075
bathtub 0 0 -10 0.73 243.41 99.16 381.77 0.0002838
bed 0 0 -10 115.64 150.17 611.27 530.00 0.0002435
bathtub 0 0 -10 379.08 267.80 425.37 496.21 0.0002369
table 0 0 -10 235.33 365.43 387.84 498.57 0.0002334
chair 0 0 -10 297.12 281.47 714.65 529.01 0.0002199
table 0 0 -10 278.79 276.50 708.33 530.00 0.0002180
chair 0 0 -10 0.00 0.24 80.00 71.86 0.0002093
bathtub 0 0 -10 401.78 263.26 730.00 526.97 0.0001951
bathtub 0 0 -10 393.44 283.32 573.77 522.85 0.0001868
bathtub 0 0 -10 3.66 211.43 364.90 519.00 0.0001739
toilet 0 0 -10 100.48 167.27 592.37 530.00 0.0001739
table 0 0 -10 214.48 79.82 380.30 295.89 0.0001708
bed 0 0 -10 264.42 402.00 669.66 530.00 0.0001671
table 0 0 -10 144.08 371.07 552.40 530.00 0.0001658
bed 0 0 -10 308.82 78.30 723.24 530.00 0.0001610
bed 0 0 -10 220.01 143.64 391.31 506.33 0.0001557
bathtub 0 0 -10 374.71 439.01 510.00 526.65 0.0001538
bathtub 0 0 -10 395.16 289.93 454.28 498.89 0.0001500
bed 0 0 -10 406.41 247.16 730.00 527.60 0.0001456
bathtub 0 0 -10 385.78 280.89 499.67 413.07 0.0001447
bathtub 0 0 -10 0.94 294.92 113.93 441.74 0.0001408
bathtub 0 0 -10 0.76 243.65 78.15 510.86 0.0001351
dresser 0 0 -10 281.80 397.26 653.04 527.74 0.0001341
bathtub 0 0 -10 11.50 165.24 308.67 417.29 0.0001318
table 0 0 -10 294.84 470.88 474.80 530.00 0.0001273
bathtub 0 0 -10 1.85 226.21 139.82 520.52 0.0001217
chair 0 0 -10 237.03 79.35 383.52 287.35 0.0001175
dresser 0 0 -10 323.98 76.54 717.56 524.04 0.0001171
bathtub 0 0 -10 363.50 267.87 502.36 503.70 0.0001140
table 0 0 -10 178.54 270.31 364.95 530.00 0.0001134
chair 0 0 -10 263.96 109.92 318.30 198.79 0.0001103
bathtub 0 0 -10 40.24 239.89 245.63 387.95 0.0001102
dresser 0 0 -10 88.67 95.92 401.14 500.15 0.0001091
bathtub 0 0 -10 419.03 266.67 475.19 505.28 0.0001089
chair 0 0 -10 385.12 264.23 562.14 517.10 0.0001068
chair 0 0 -10 277.32 101.76 342.18 199.75 0.0001061
desk 0 0 -10 263.17 274.50 728.98 530.00 0.0001056
bathtub 0 0 -10 10.82 252.79 158.23 393.53 0.0001042
chair 0 0 -10 426.27 354.21 721.71 528.08 0.0001016
table 0 0 -10 229.30 268.02 397.31 402.00 0.0001013
desk 0 0 -10 62.54 91.75 417.14 508.62 0.0000995
bed 0 0 -10 45.24 326.54 703.58 530.00 0.0000954
bathtub 0 0 -10 318.43 83.55 723.68 514.53 0.0000944
toilet 0 0 -10 374.84 297.65 426.97 501.74 0.0000941
dresser 0 0 -10 394.16 270.32 564.69 518.66 0.0000935
chair 0 0 -10 249.12 58.56 365.90 186.57 0.0000883
chair 0 0 -10 0.00 0.38 50.92 110.78 0.0000867
table 0 0 -10 376.09 440.97 504.03 529.03 0.0000850
bookshelf 0 0 -10 251.39 116.60 680.31 530.00 0.0000838
bed 0 0 -10 387.46 456.71 627.65 530.00 0.0000821
bathtub 0 0 -10 50.91 338.63 705.97 530.00 0.0000777
desk 0 0 -10 256.11 398.01 665.63 530.00 0.0000773
table 0 0 -10 258.07 431.44 466.36 524.59 0.0000766
dresser 0 0 -10 221.70 255.68 396.72 412.58 0.0000763
toilet 0 0 -10 376.72 261.75 518.13 523.73 0.0000761
night_stand 0 0 -10 240.72 127.69 367.18 240.84 0.0000745
dresser 0 0 -10 419.47 255.09 472.54 505.46 0.0000745
sofa 0 0 -10 227.34 162.41 386.24 490.47 0.0000737
bathtub 0 0 -10 566.76 372.10 728.26 528.66 0.0000720
chair 0 0 -10 7.25 0.00 116.73 104.57 0.0000714
bathtub 0 0 -10 384.98 346.49 486.60 506.13 0.0000705
bathtub 0 0 -10 515.90 298.94 730.00 495.38 0.0000695
dresser 0 0 -10 303.44 167.71 383.47 494.79 0.0000687
chair 0 0 -10 233.53 189.24 506.02 514.34 0.0000683
toilet 0 0 -10 270.09 398.92 666.04 530.00 0.0000670
bathtub 0 0 -10 4.66 59.82 105.37 439.54 0.0000662
chair 0 0 -10 22.97 0.00 167.45 65.32 0.0000647
table 0 0 -10 18.56 1.68 95.95 51.52 0.0000624
chair 0 0 -10 0.00 21.60 59.58 308.26 0.0000616
