sofa 0 0 -10 100.68 146.45 618.14 491.01 0.9858263
chair 0 0 -10 2.82 238.17 152.60 503.62 0.9709552
sofa 0 0 -10 505.77 145.10 720.87 331.03 0.6493028
chair 0 0 -10 660.59 389.16 728.46 530.00 0.1130628
sofa 0 0 -10 0.18 216.58 158.54 519.65 0.0822189
sofa 0 0 -10 120.63 157.20 550.04 359.71 0.0574828
chair 0 0 -10 572.60 388.08 730.00 530.00 0.0573402
table 0 0 -10 2.25 270.20 163.32 521.25 0.0402481
table 0 0 -10 673.42 276.63 728.83 530.00 0.0325515
chair 0 0 -10 693.00 393.50 730.00 530.00 0.0320776
chair 0 0 -10 680.64 297.21 728.62 530.00 0.0173143
chair 0 0 -10 507.43 127.71 730.00 334.98 0.0171267
chair 0 0 -10 4.14 220.81 120.49 388.59 0.0135437
sofa 0 0 -10 682.64 284.56 726.49 530.00 0.0132045
sofa 0 0 -10 663.82 379.98 727.66 530.00 0.0131260
chair 0 0 -10 634.87 291.93 730.00 530.00 0.0129141
sofa 0 0 -10 3.11 463.00 86.40 530.00 0.0126029
sofa 0 0 -10 696.91 381.86 729.69 530.00 0.0104786
sofa 0 0 -10 511.54 177.03 729.98 460.13 0.0104443
sofa 0 0 -10 287.83 112.59 720.84 508.82 0.0102566
sofa 0 0 -10 424.81 141.35 682.97 410.03 0.0093172
desk 0 0 -10 1.49 272.57 145.55 513.34 0.0065590
table 0 0 -10 505.02 153.19 715.87 320.76 0.0061328
bed 0 0 -10 1.71 466.69 88.12 530.00 0.0059111
table 0 0 -10 95.69 182.72 636.67 512.55 0.0047905
sofa 0 0 -10 642.36 280.43 730.00 530.00 0.0045617
chair 0 0 -10 698.14 125.40 730.00 267.53 0.0043526
table 0 0 -10 615.13 248.96 729.80 530.00 0.0041689
sofa 0 0 -10 129.81 312.67 730.00 530.00 0.0041284
bed 0 0 -10 1.07 232.08 161.97 520.61 0.0039221
bed 0 0 -10 101.71 169.62 643.83 504.46 0.0032776
table 0 0 -10 709.97 253.55 729.88 294.46 0.0032742
sofa 0 0 -10 481.10 380.96 726.23 530.00 0.0031864
table 0 0 -10 700.01 354.76 727.43 527.82 0.0030868
sofa 0 0 -10 6.21 460.79 169.75 530.00 0.0030251
desk 0 0 -10 675.74 269.19 728.44 530.00 0.0027500
table 0 0 -10 683.20 316.88 728.86 462.24 0.0026687
chair 0 0 -10 107.79 159.42 620.81 506.14 0.0024578
chair 0 0 -10 686.75 81.87 730.00 186.98 0.0023928
chair 0 0 -10 395.48 392.87 730.00 530.00 0.0022952
sofa 0 0 -10 59.50 206.29 389.83 516.69 0.0022429
table 0 0 -10 0.00 253.51 137.68 426.48 0.0021664
table 0 0 -10 694.52 525.01 728.63 529.99 0.0021342
sofa 0 0 -10 605.47 153.53 724.57 305.92 0.0021077
chair 0 0 -10 681.96 140.62 730.00 234.42 0.0020398
table 0 0 -10 697.24 145.77 729.37 268.31 0.0019952
table 0 0 -10 6.37 374.58 225.76 524.98 0.0017844
table 0 0 -10 636.66 375.94 724.35 530.00 0.0017100
chair 0 0 -10 534.08 290.79 727.13 530.00 0.0017078
table 0 0 -10 686.01 521.78 727.44 530.00 0.0016910
table 0 0 -10 441.64 244.16 713.61 528.65 0.0014403
chair 0 0 -10 1.71 236.95 86.96 356.13 0.0014236
table 0 0 -10 691.96 514.38 727.62 530.00 0.0013979
chair 0 0 -10 1.71 224.31 62.00 466.27 0.0013833
chair 0 0 -10 695.37 507.69 729.88 530.00 0.0013770
chair 0 0 -10 715.06 104.69 730.00 281.30 0.0013307
sofa 0 0 -10 662.87 176.77 727.59 297.02 0.0012851
chair 0 0 -10 2.14 459.34 111.06 530.00 0.0011936
table 0 0 -10 718.43 156.24 728.95 272.30 0.0011627
table 0 0 -10 708.53 272.56 729.98 470.56 0.0011379
table 0 0 -10 715.55 298.57 729.89 525.59 0.0011356
sofa 0 0 -10 605.54 402.34 726.38 530.00 0.0011128
desk 0 0 -10 94.15 173.32 635.64 508.46 0.0011118
dresser 0 0 -10 0.68 241.78 161.49 519.05 0.0011088
chair 0 0 -10 690.56 152.67 729.95 185.21 0.0010069
night_stand 0 0 -10 4.40 251.96 164.90 524.25 0.0009706
sofa 0 0 -10 2.93 168.87 262.01 497.39 0.0009565
chair 0 0 -10 144.46 334.77 725.61 526.08 0.0009050
bed 0 0 -10 692.77 273.05 730.00 530.00 0.0009002
sofa 0 0 -10 629.25 161.06 729.57 455.46 0.0008960
desk 0 0 -10 641.24 314.21 729.63 505.22 0.0008836
table 0 0 -10 712.62 166.58 729.73 297.26 0.0008646
table 0 0 -10 547.97 338.14 721.33 530.00 0.0008629
table 0 0 -10 717.54 275.15 729.47 300.52 0.0008587
table 0 0 -10 0.83 467.29 84.74 526.64 0.0008528
table 0 0 -10 680.48 154.06 729.14 232.53 0.0008327
bookshelf 0 0 -10 3.12 228.52 159.78 519.10 0.0008220
table 0 0 -10 123.85 141.21 520.96 317.90 0.0008033
toilet 0 0 -10 0.37 236.50 160.38 525.21 0.0007755
sofa 0 0 -10 682.86 143.45 728.92 276.44 0.0007640
chair 0 0 -10 683.08 356.00 730.00 453.11 0.0007602
chair 0 0 -10 348.07 1.05 494.69 75.12 0.0007580
chair 0 0 -10 513.75 179.48 730.00 458.30 0.0007333
chair 0 0 -10 31.65 219.27 274.36 525.35 0.0007069
chair 0 0 -10 709.75 366.66 730.00 530.00 0.0007051
table 0 0 -10 687.31 183.21 728.70 224.56 0.0006808
sofa 0 0 -10 4.51 360.21 184.43 524.42 0.0006519
bed 0 0 -10 502.22 146.52 727.87 325.60 0.0006297
table 0 0 -10 5.46 9.15 389.35 294.34 0.0006144
chair 0 0 -10 1.27 363.86 139.58 521.54 0.0006115
table 0 0 -10 299.38 348.60 701.36 530.00 0.0006089
table 0 0 -10 718.00 263.58 729.36 291.89 0.0006044
chair 0 0 -10 6.03 460.26 216.44 530.00 0.0005782
chair 0 0 -10 527.65 0.00 615.27 82.39 0.0005734
bed 0 0 -10 5.26 460.97 172.44 530.00 0.0005241
bathtub 0 0 -10 654.31 328.34 730.00 498.51 0.0005232
chair 0 0 -10 358.36 2.35 492.48 199.48 0.0005072
bathtub 0 0 -10 683.84 317.66 730.00 456.42 0.0004776
table 0 0 -10 691.13 167.74 728.90 355.35 0.0004465
table 0 0 -10 1.02 328.24 94.96 529.11 0.0004422
