sofa 0 0 -10 0.00 141.22 173.05 301.08 0.8664812
sofa 0 0 -10 4.20 226.61 161.33 509.19 0.8451596
chair 0 0 -10 379.22 116.00 512.23 250.85 0.3524162
sofa 0 0 -10 466.17 154.66 629.20 331.14 0.1571041
chair 0 0 -10 463.36 159.84 632.95 323.24 0.1529665
sofa 0 0 -10 372.99 114.40 509.35 251.19 0.1286103
chair 0 0 -10 3.45 144.93 166.93 300.18 0.0309565
chair 0 0 -10 2.95 240.74 163.63 507.73 0.0283532
sofa 0 0 -10 0.00 178.09 88.95 353.50 0.0107694
sofa 0 0 -10 1.58 215.82 157.65 343.17 0.0102023
sofa 0 0 -10 33.10 126.73 190.88 251.19 0.0089290
table 0 0 -10 1.23 237.94 167.89 478.55 0.0086579
sofa 0 0 -10 2.85 187.52 79.64 525.69 0.0067165
table 0 0 -10 464.84 162.76 627.19 306.76 0.0066893
sofa 0 0 -10 528.89 142.97 700.73 342.29 0.0053783
sofa 0 0 -10 3.16 151.05 44.59 395.11 0.0051049
sofa 0 0 -10 1.00 204.11 41.93 516.24 0.0050186
table 0 0 -10 3.55 190.91 159.51 323.83 0.0047464
sofa 0 0 -10 1.42 199.49 154.55 242.44 0.0046797
table 0 0 -10 377.38 112.26 514.13 243.70 0.0041586
table 0 0 -10 571.85 109.66 721.80 518.96 0.0041536
table 0 0 -10 3.84 343.43 152.29 514.57 0.0039310
table 0 0 -10 585.60 141.36 726.65 356.74 0.0023574
sofa 0 0 -10 25.43 205.98 530.50 522.34 0.0020364
sofa 0 0 -10 11.92 172.04 165.30 234.41 0.0019950
table 0 0 -10 0.01 218.56 27.63 517.97 0.0016361
table 0 0 -10 11.22 229.36 156.78 280.00 0.0014330
table 0 0 -10 0.61 304.94 44.78 511.42 0.0013527
sofa 0 0 -10 1.35 189.87 54.67 328.76 0.0012851
table 0 0 -10 34.56 204.56 177.80 374.82 0.0011234
table 0 0 -10 0.63 189.75 34.52 334.43 0.0010490
table 0 0 -10 2.62 224.54 71.35 520.37 0.0009391
table 0 0 -10 0.00 194.67 82.81 350.17 0.0009375
table 0 0 -10 0.80 222.81 46.01 294.53 0.0008849
sofa 0 0 -10 355.26 126.60 567.75 350.02 0.0008829
sofa 0 0 -10 373.75 40.07 716.65 508.70 0.0008765
sofa 0 0 -10 424.97 177.19 635.31 407.98 0.0007968
table 0 0 -10 118.82 163.85 176.99 221.96 0.0007841
bed 0 0 -10 6.99 260.08 165.98 509.66 0.0007809
desk 0 0 -10 3.99 251.98 159.94 483.94 0.0007355
table 0 0 -10 13.20 222.53 177.06 253.63 0.0006569
sofa 0 0 -10 1.38 178.31 26.34 345.23 0.0006483
table 0 0 -10 3.77 143.57 168.28 274.99 0.0006472
chair 0 0 -10 329.89 110.57 517.46 346.56 0.0006045
sofa 0 0 -10 8.98 221.26 174.96 267.69 0.0005817
sofa 0 0 -10 564.31 95.22 729.11 487.72 0.0005582
chair 0 0 -10 527.42 119.31 674.64 355.72 0.0005352
sofa 0 0 -10 4.57 49.36 639.50 323.48 0.0005328
sofa 0 0 -10 2.72 359.67 152.98 521.89 0.0005303
sofa 0 0 -10 3.14 207.83 23.55 518.76 0.0005270
table 0 0 -10 4.10 240.50 17.04 514.96 0.0004988
sofa 0 0 -10 108.88 133.33 668.68 489.13 0.0004754
table 0 0 -10 0.00 334.36 20.48 498.18 0.0004638
sofa 0 0 -10 1.46 224.71 42.44 303.81 0.0004606
sofa 0 0 -10 277.36 115.54 523.32 273.96 0.0004410
desk 0 0 -10 582.69 12.70 730.00 524.14 0.0004305
sofa 0 0 -10 324.52 45.98 635.12 315.56 0.0004295
table 0 0 -10 58.35 259.71 178.62 425.17 0.0004141
table 0 0 -10 1.94 216.12 60.08 326.86 0.0004063
sofa 0 0 -10 21.16 206.12 221.88 438.04 0.0003971
table 0 0 -10 30.25 222.44 254.49 520.96 0.0003882
table 0 0 -10 66.93 214.97 512.71 516.52 0.0003693
table 0 0 -10 440.39 134.94 529.20 265.22 0.0003642
table 0 0 -10 5.32 238.74 139.95 305.45 0.0003345
bed 0 0 -10 0.00 143.96 170.23 317.18 0.0003341
sofa 0 0 -10 4.63 225.98 98.34 317.10 0.0003273
sofa 0 0 -10 1.64 109.09 295.35 336.65 0.0003269
sofa 0 0 -10 24.56 232.27 163.15 301.90 0.0003178
sofa 0 0 -10 3.13 193.76 11.82 338.46 0.0003068
table 0 0 -10 0.00 413.84 49.42 456.53 0.0003016
chair 0 0 -10 4.80 211.23 159.38 349.16 0.0002879
table 0 0 -10 2.33 168.60 43.11 393.96 0.0002836
table 0 0 -10 361.95 174.52 609.91 365.31 0.0002641
chair 0 0 -10 344.42 10.55 505.11 232.40 0.0002630
chair 0 0 -10 409.81 160.53 656.38 433.24 0.0002623
chair 0 0 -10 1.21 140.62 53.99 339.68 0.0002618
night_stand 0 0 -10 16.01 275.40 163.72 516.77 0.0002606
table 0 0 -10 71.76 147.60 172.15 261.07 0.0002598
chair 0 0 -10 4.26 159.35 122.64 436.98 0.0002579
bookshelf 0 0 -10 374.80 114.64 508.39 249.13 0.0002524
bed 0 0 -10 460.63 165.82 630.62 339.75 0.0002399
table 0 0 -10 5.15 201.89 15.11 314.92 0.0002356
table 0 0 -10 138.19 168.51 171.28 256.96 0.0002298
desk 0 0 -10 369.41 126.03 507.89 250.06 0.0002281
night_stand 0 0 -10 467.01 167.09 627.47 342.67 0.0002272
bed 0 0 -10 370.77 118.69 511.91 252.24 0.0002223
chair 0 0 -10 1.74 222.43 43.91 302.47 0.0002213
table 0 0 -10 0.48 178.19 16.16 362.04 0.0002177
dresser 0 0 -10 9.72 264.11 163.58 506.31 0.0002139
table 0 0 -10 1.86 380.69 81.67 524.10 0.0002127
desk 0 0 -10 585.47 137.03 730.00 361.17 0.0002103
table 0 0 -10 224.03 146.32 537.23 331.95 0.0002092
chair 0 0 -10 549.02 82.95 724.04 508.46 0.0002037
table 0 0 -10 70.39 319.19 202.70 524.84 0.0002031
table 0 0 -10 2.77 191.76 10.33 343.29 0.0002010
dresser 0 0 -10 466.09 164.30 627.03 329.71 0.0001991
night_stand 0 0 -10 379.23 112.79 512.59 248.29 0.0001988
table 0 0 -10 84.69 252.34 228.07 484.77 0.0001878
toilet 0 0 -10 462.14 165.30 629.27 354.11 0.0001857
bookshelf 0 0 -10 467.44 156.20 626.98 333.83 0.0001849
