chair 0 0 -10 2.27 276.68 193.33 503.89 0.9505915
chair 0 0 -10 364.87 193.77 516.33 331.81 0.9453412
desk 0 0 -10 15.70 210.45 365.75 386.26 0.7009505
chair 0 0 -10 333.22 188.28 528.81 416.43 0.6222116
desk 0 0 -10 323.78 197.96 557.99 314.11 0.6075860
table 0 0 -10 290.35 247.91 599.29 530.00 0.4875595
desk 0 0 -10 291.19 231.32 580.23 530.00 0.4773680
table 0 0 -10 6.26 197.15 369.50 414.90 0.3998663
table 0 0 -10 337.31 194.17 545.58 314.05 0.3903456
desk 0 0 -10 12.55 189.41 468.76 507.47 0.1968080
table 0 0 -10 14.07 209.74 377.36 288.04 0.0619860
chair 0 0 -10 291.95 198.23 561.80 521.20 0.0618426
chair 0 0 -10 433.23 181.22 579.50 318.34 0.0616702
chair 0 0 -10 373.59 217.65 459.43 327.29 0.0517532
table 0 0 -10 285.86 202.58 581.30 391.00 0.0423783
chair 0 0 -10 147.90 177.81 235.12 275.34 0.0284642
desk 0 0 -10 211.88 196.67 524.52 350.92 0.0280411
chair 0 0 -10 205.69 166.32 294.33 272.13 0.0261254
chair 0 0 -10 144.28 181.85 190.74 271.51 0.0255056
chair 0 0 -10 2.61 284.54 66.76 519.62 0.0232963
chair 0 0 -10 480.56 156.61 597.84 300.50 0.0213888
desk 0 0 -10 161.98 160.06 652.51 508.21 0.0199056
chair 0 0 -10 351.88 234.07 550.42 365.86 0.0161433
table 0 0 -10 273.52 318.47 446.24 530.00 0.0160429
table 0 0 -10 353.40 200.10 518.94 267.29 0.0153639
chair 0 0 -10 238.26 166.56 274.21 272.52 0.0148637
table 0 0 -10 7.52 261.27 277.80 471.51 0.0147653
table 0 0 -10 204.18 199.44 522.80 345.38 0.0138950
table 0 0 -10 351.54 233.92 565.34 343.21 0.0127535
desk 0 0 -10 8.29 251.85 268.07 501.93 0.0125771
desk 0 0 -10 472.67 116.31 724.41 530.00 0.0125333
chair 0 0 -10 397.07 207.46 511.94 491.11 0.0117743
table 0 0 -10 418.16 489.71 545.66 528.80 0.0113118
table 0 0 -10 2.93 336.00 34.41 526.07 0.0111776
chair 0 0 -10 2.19 267.06 133.50 429.72 0.0106170
chair 0 0 -10 354.35 210.61 439.60 300.17 0.0100634
table 0 0 -10 470.97 129.93 716.45 530.00 0.0096495
table 0 0 -10 30.23 223.64 326.23 351.60 0.0091256
desk 0 0 -10 15.43 209.42 376.56 289.04 0.0091145
dresser 0 0 -10 297.21 247.20 578.17 527.43 0.0081063
chair 0 0 -10 358.47 103.19 669.05 515.28 0.0080730
chair 0 0 -10 218.94 169.06 261.46 274.61 0.0070354
chair 0 0 -10 3.18 319.70 36.46 508.47 0.0067407
chair 0 0 -10 147.72 185.72 186.45 219.61 0.0066826
desk 0 0 -10 366.32 217.36 545.44 382.64 0.0065176
desk 0 0 -10 336.69 188.11 709.66 445.43 0.0064940
chair 0 0 -10 374.42 200.12 613.46 446.88 0.0063382
chair 0 0 -10 379.09 169.32 453.99 278.36 0.0061652
chair 0 0 -10 391.38 198.17 478.97 288.06 0.0060480
bookshelf 0 0 -10 10.96 206.09 310.49 500.09 0.0053925
table 0 0 -10 342.32 386.82 564.58 530.00 0.0051147
table 0 0 -10 342.45 193.20 465.79 286.79 0.0050923
table 0 0 -10 158.73 172.65 633.77 496.73 0.0050583
table 0 0 -10 335.18 190.65 569.52 247.48 0.0050227
chair 0 0 -10 442.92 184.25 495.85 328.78 0.0050129
desk 0 0 -10 356.38 199.70 518.67 267.14 0.0046681
chair 0 0 -10 252.88 163.82 298.02 268.20 0.0043957
chair 0 0 -10 179.79 172.83 255.50 288.05 0.0042722
chair 0 0 -10 468.11 126.21 617.81 388.58 0.0042046
table 0 0 -10 342.31 280.90 578.39 406.03 0.0041728
table 0 0 -10 386.40 260.05 526.55 521.58 0.0039026
table 0 0 -10 286.24 179.99 591.70 282.80 0.0037666
table 0 0 -10 331.25 189.50 704.48 441.36 0.0037270
table 0 0 -10 390.43 441.54 553.65 527.23 0.0037092
chair 0 0 -10 11.30 213.60 278.37 464.34 0.0036302
table 0 0 -10 2.58 355.68 20.42 529.01 0.0035685
sofa 0 0 -10 0.43 234.44 315.58 501.53 0.0031390
table 0 0 -10 66.86 197.05 308.98 248.29 0.0031302
table 0 0 -10 517.43 278.91 722.71 527.51 0.0028997
table 0 0 -10 12.38 315.42 195.71 521.63 0.0028737
bathtub 0 0 -10 23.87 194.34 344.85 358.14 0.0028570
chair 0 0 -10 64.88 264.70 442.03 525.46 0.0028399
chair 0 0 -10 394.83 169.46 643.27 342.43 0.0027690
bookshelf 0 0 -10 313.42 185.29 578.33 506.64 0.0027450
table 0 0 -10 168.15 259.99 433.98 530.00 0.0027318
dresser 0 0 -10 9.78 220.76 315.09 508.02 0.0026608
chair 0 0 -10 196.71 204.13 438.84 341.19 0.0024810
table 0 0 -10 1.45 352.17 9.32 530.00 0.0024659
table 0 0 -10 416.41 473.00 648.63 530.00 0.0024578
desk 0 0 -10 345.45 191.88 462.65 287.47 0.0024520
chair 0 0 -10 504.03 136.09 713.92 528.52 0.0022884
chair 0 0 -10 328.33 267.96 489.70 463.57 0.0022723
bed 0 0 -10 301.74 154.57 598.42 530.00 0.0022344
chair 0 0 -10 369.79 158.94 437.06 242.12 0.0022184
table 0 0 -10 461.56 421.50 709.43 530.00 0.0022117
chair 0 0 -10 253.43 187.63 492.28 374.52 0.0021583
chair 0 0 -10 58.98 183.24 310.96 354.12 0.0021174
table 0 0 -10 134.23 182.80 459.40 301.62 0.0021037
table 0 0 -10 0.83 407.86 30.80 437.55 0.0020370
chair 0 0 -10 8.73 272.07 24.56 525.81 0.0020259
dresser 0 0 -10 0.01 202.10 368.17 376.16 0.0019576
table 0 0 -10 35.67 281.35 212.22 410.86 0.0019428
chair 0 0 -10 203.50 168.02 278.51 217.32 0.0019022
table 0 0 -10 140.81 180.40 250.61 272.00 0.0018872
table 0 0 -10 105.32 196.03 265.91 300.68 0.0018730
dresser 0 0 -10 490.36 107.32 716.55 529.87 0.0017675
sofa 0 0 -10 336.03 193.54 536.65 334.04 0.0016991
table 0 0 -10 264.64 197.72 485.24 487.24 0.0016848
chair 0 0 -10 323.95 197.54 448.37 331.99 0.0016725
table 0 0 -10 369.28 180.85 466.50 256.51 0.0016584
