chair 0 0 -10 256.97 205.63 513.07 529.22 0.9925408
chair 0 0 -10 428.26 178.02 626.76 507.13 0.9872335
chair 0 0 -10 497.34 239.20 727.92 530.00 0.9859468
chair 0 0 -10 244.76 118.75 381.27 351.17 0.9857773
chair 0 0 -10 203.81 108.60 322.66 253.72 0.9124033
chair 0 0 -10 329.87 148.32 481.31 366.52 0.7787368
sofa 0 0 -10 32.34 170.89 275.20 424.33 0.6546553
table 0 0 -10 264.44 213.75 645.14 525.22 0.1236631
chair 0 0 -10 29.21 178.98 274.92 432.36 0.1180026
table 0 0 -10 202.02 179.25 393.95 381.45 0.1162960
table 0 0 -10 0.00 148.98 76.64 332.22 0.0909157
chair 0 0 -10 204.94 102.56 402.43 426.23 0.0750453
table 0 0 -10 206.29 213.97 456.92 488.53 0.0539684
table 0 0 -10 410.39 257.41 714.88 527.15 0.0537453
chair 0 0 -10 459.48 184.33 613.43 393.64 0.0499317
table 0 0 -10 508.13 347.95 722.48 530.00 0.0370436
chair 0 0 -10 670.89 242.59 729.35 529.72 0.0279524
chair 0 0 -10 610.33 247.61 727.09 523.80 0.0265799
chair 0 0 -10 250.17 212.82 398.12 494.95 0.0222928
desk 0 0 -10 0.44 144.38 59.29 324.09 0.0214878
table 0 0 -10 115.90 168.67 604.47 468.98 0.0192187
table 0 0 -10 235.66 171.51 342.61 475.44 0.0188477
chair 0 0 -10 397.25 131.09 575.63 453.60 0.0185118
table 0 0 -10 33.84 188.15 311.75 425.31 0.0184063
sofa 0 0 -10 199.42 139.66 382.71 361.43 0.0165506
table 0 0 -10 539.97 235.63 724.36 508.33 0.0144275
chair 0 0 -10 231.96 105.18 316.11 194.49 0.0135617
table 0 0 -10 205.78 161.84 334.46 329.84 0.0135456
chair 0 0 -10 371.02 143.16 536.47 348.16 0.0127016
table 0 0 -10 262.74 180.64 537.34 445.88 0.0119693
chair 0 0 -10 440.71 221.75 620.51 332.10 0.0093314
table 0 0 -10 0.00 210.92 62.03 276.47 0.0082060
table 0 0 -10 4.87 162.97 176.13 382.17 0.0081575
chair 0 0 -10 269.46 103.47 406.12 274.85 0.0074760
chair 0 0 -10 220.76 116.23 282.68 243.97 0.0073163
desk 0 0 -10 162.50 205.77 572.46 523.87 0.0069378
desk 0 0 -10 202.47 161.80 378.87 369.92 0.0066796
chair 0 0 -10 137.77 212.31 421.12 525.02 0.0062128
chair 0 0 -10 337.91 277.00 685.25 525.94 0.0054095
chair 0 0 -10 303.89 124.31 418.29 332.34 0.0052335
chair 0 0 -10 484.19 148.79 669.81 435.69 0.0049755
table 0 0 -10 463.15 197.19 635.92 420.41 0.0047183
desk 0 0 -10 379.52 245.83 699.94 530.00 0.0041143
table 0 0 -10 0.00 174.35 91.63 448.77 0.0039574
sofa 0 0 -10 186.98 209.85 551.83 522.01 0.0039439
chair 0 0 -10 241.99 259.11 339.62 493.87 0.0031451
chair 0 0 -10 560.60 190.47 724.32 440.57 0.0031346
table 0 0 -10 1.15 163.01 34.84 326.78 0.0029482
desk 0 0 -10 34.46 186.17 307.60 429.19 0.0026791
chair 0 0 -10 241.05 136.29 546.92 429.24 0.0026455
chair 0 0 -10 118.60 97.35 344.22 238.61 0.0024445
table 0 0 -10 703.41 397.80 729.20 528.45 0.0022071
table 0 0 -10 339.69 149.79 542.39 353.76 0.0021211
desk 0 0 -10 511.63 335.90 726.18 530.00 0.0018611
bed 0 0 -10 30.21 174.13 305.94 429.66 0.0018510
dresser 0 0 -10 6.57 118.10 33.60 320.49 0.0018019
chair 0 0 -10 336.21 125.01 368.13 317.91 0.0017754
chair 0 0 -10 366.12 122.57 385.83 341.13 0.0017611
sofa 0 0 -10 80.60 160.27 448.18 415.86 0.0017557
chair 0 0 -10 216.96 374.37 576.97 527.61 0.0017479
chair 0 0 -10 688.22 373.03 730.00 530.00 0.0016955
chair 0 0 -10 699.54 259.79 729.60 516.69 0.0015833
desk 0 0 -10 223.35 177.16 461.52 491.58 0.0015272
chair 0 0 -10 362.48 140.28 491.22 276.77 0.0015147
table 0 0 -10 212.00 172.37 312.81 229.45 0.0015062
chair 0 0 -10 294.43 114.66 329.21 330.47 0.0014972
table 0 0 -10 705.12 422.51 728.91 465.99 0.0014231
dresser 0 0 -10 1.54 138.73 58.55 321.32 0.0014009
bed 0 0 -10 197.27 140.89 382.90 362.47 0.0013576
table 0 0 -10 671.39 259.54 728.88 530.00 0.0013558
chair 0 0 -10 212.58 165.02 312.61 227.19 0.0012729
sofa 0 0 -10 0.90 139.57 82.86 338.36 0.0012518
sofa 0 0 -10 535.85 233.94 726.30 514.41 0.0012380
chair 0 0 -10 248.00 108.05 360.91 225.22 0.0012008
table 0 0 -10 226.15 133.98 381.32 311.32 0.0011907
chair 0 0 -10 2.38 133.16 72.96 327.01 0.0011167
desk 0 0 -10 5.87 117.32 33.82 319.57 0.0011129
chair 0 0 -10 548.50 288.52 702.81 493.43 0.0010320
desk 0 0 -10 243.42 152.00 361.45 465.36 0.0010253
table 0 0 -10 201.38 106.04 314.41 230.64 0.0010025
chair 0 0 -10 460.32 128.59 633.36 311.77 0.0009944
chair 0 0 -10 408.15 402.47 715.41 527.91 0.0009835
table 0 0 -10 262.70 150.11 490.98 326.34 0.0009236
chair 0 0 -10 284.20 96.66 384.77 210.74 0.0009189
table 0 0 -10 248.79 295.85 501.00 527.82 0.0009037
table 0 0 -10 628.06 350.74 729.11 530.00 0.0008718
dresser 0 0 -10 33.25 184.48 301.18 425.14 0.0008513
bookshelf 0 0 -10 33.37 176.30 295.34 420.90 0.0008152
table 0 0 -10 113.36 137.44 324.18 281.77 0.0007837
chair 0 0 -10 206.89 125.51 299.07 208.66 0.0007650
table 0 0 -10 196.06 149.57 316.66 267.96 0.0007488
desk 0 0 -10 477.06 199.04 622.47 496.12 0.0007408
chair 0 0 -10 692.76 413.38 729.13 457.25 0.0007207
chair 0 0 -10 311.64 115.25 354.31 280.61 0.0007037
chair 0 0 -10 447.44 148.82 554.97 359.91 0.0006617
table 0 0 -10 0.00 200.57 31.46 292.28 0.0006412
desk 0 0 -10 0.00 208.33 61.75 277.91 0.0006377
night_stand 0 0 -10 35.29 184.80 300.76 436.60 0.0006129
sofa 0 0 -10 398.20 182.11 711.64 524.42 0.0005991
bed 0 0 -10 538.96 225.68 723.64 516.70 0.0005850
