chair 0 0 -10 333.62 233.83 586.65 521.00 0.9974446
chair 0 0 -10 454.36 200.04 653.06 447.70 0.9901235
chair 0 0 -10 137.17 275.39 455.54 529.40 0.9838176
chair 0 0 -10 206.07 150.73 343.03 291.94 0.9390541
chair 0 0 -10 450.27 146.62 560.22 275.64 0.9262147
table 0 0 -10 0.87 179.41 563.72 530.00 0.9057452
chair 0 0 -10 6.14 195.89 169.60 412.23 0.7422854
chair 0 0 -10 139.72 162.72 325.38 387.58 0.5604438
chair 0 0 -10 1.40 207.82 151.81 288.30 0.4012598
chair 0 0 -10 0.94 314.64 149.53 528.14 0.3496760
desk 0 0 -10 2.55 206.98 476.78 530.00 0.3124205
chair 0 0 -10 214.62 154.68 336.91 216.60 0.3061846
desk 0 0 -10 367.81 141.39 475.85 186.26 0.1862198
sofa 0 0 -10 672.17 163.36 728.64 331.96 0.1609159
table 0 0 -10 363.03 147.14 484.64 241.73 0.1599267
table 0 0 -10 361.06 135.08 487.47 192.83 0.1447365
chair 0 0 -10 130.74 157.35 321.55 233.72 0.1380085
chair 0 0 -10 45.43 173.40 229.16 424.48 0.1288896
chair 0 0 -10 339.55 153.20 437.14 257.08 0.1233897
chair 0 0 -10 357.59 187.96 548.79 344.22 0.1185922
desk 0 0 -10 293.37 133.65 479.24 201.95 0.1149955
desk 0 0 -10 2.02 129.41 103.40 229.56 0.1144408
table 0 0 -10 142.32 181.21 545.98 407.02 0.1113814
chair 0 0 -10 214.44 157.35 390.41 359.31 0.0982696
chair 0 0 -10 374.28 150.02 471.92 256.84 0.0968155
chair 0 0 -10 501.68 145.33 569.21 263.39 0.0949999
desk 0 0 -10 257.29 136.68 548.75 245.52 0.0880736
table 0 0 -10 358.11 163.58 554.71 296.29 0.0862987
chair 0 0 -10 464.37 153.07 637.82 324.25 0.0850061
chair 0 0 -10 35.91 260.70 343.81 523.13 0.0825708
desk 0 0 -10 135.34 171.74 547.30 427.91 0.0745058
table 0 0 -10 2.50 206.38 156.44 528.28 0.0725961
chair 0 0 -10 68.95 84.63 291.27 330.12 0.0663829
chair 0 0 -10 42.11 26.44 290.28 241.42 0.0661431
desk 0 0 -10 2.54 116.97 254.69 237.86 0.0632431
table 0 0 -10 241.33 141.01 524.31 251.35 0.0631419
chair 0 0 -10 371.84 155.80 418.46 242.91 0.0624215
desk 0 0 -10 1.49 208.00 152.34 530.00 0.0605029
bookshelf 0 0 -10 230.09 0.00 391.57 180.85 0.0575742
chair 0 0 -10 127.85 133.80 380.72 284.93 0.0440079
desk 0 0 -10 368.96 138.41 482.70 226.21 0.0437353
chair 0 0 -10 123.42 177.40 422.38 433.94 0.0431765
chair 0 0 -10 342.83 143.55 402.15 240.87 0.0378821
dresser 0 0 -10 174.40 96.76 235.47 167.18 0.0375421
chair 0 0 -10 1.42 416.09 136.65 529.26 0.0369293
chair 0 0 -10 107.95 168.96 257.78 362.02 0.0368807
chair 0 0 -10 376.44 154.00 527.49 302.80 0.0342549
table 0 0 -10 299.93 184.90 553.56 352.31 0.0330499
chair 0 0 -10 275.22 130.85 366.28 261.04 0.0322052
table 0 0 -10 5.58 134.54 108.90 233.98 0.0293553
chair 0 0 -10 400.15 127.75 477.43 235.18 0.0260039
chair 0 0 -10 390.46 162.32 402.78 212.10 0.0244322
chair 0 0 -10 470.79 131.01 573.80 206.10 0.0230578
bookshelf 0 0 -10 49.50 1.79 351.68 224.09 0.0230323
dresser 0 0 -10 4.07 133.36 91.70 213.62 0.0229693
table 0 0 -10 360.46 128.80 529.68 216.21 0.0215693
dresser 0 0 -10 301.75 105.79 371.08 181.11 0.0207719
chair 0 0 -10 410.58 114.02 502.58 204.95 0.0206856
desk 0 0 -10 246.04 128.84 400.05 189.53 0.0204085
desk 0 0 -10 225.89 145.72 387.86 211.76 0.0201325
sofa 0 0 -10 60.67 31.11 304.20 213.12 0.0199065
dresser 0 0 -10 254.37 108.44 374.81 192.87 0.0186045
table 0 0 -10 0.77 125.78 151.11 278.08 0.0182797
chair 0 0 -10 299.07 158.39 422.15 274.79 0.0181571
chair 0 0 -10 0.01 187.20 114.37 357.05 0.0178231
chair 0 0 -10 355.28 171.30 701.16 483.01 0.0166823
desk 0 0 -10 349.55 129.38 516.27 192.52 0.0163286
bookshelf 0 0 -10 228.92 0.00 310.53 161.20 0.0162838
desk 0 0 -10 336.23 148.27 494.88 267.87 0.0162419
sofa 0 0 -10 672.08 152.85 729.55 250.19 0.0161385
chair 0 0 -10 246.44 144.46 446.82 289.81 0.0161071
sofa 0 0 -10 424.47 144.70 569.13 266.48 0.0160430
bed 0 0 -10 670.92 162.19 728.86 334.75 0.0158673
dresser 0 0 -10 31.95 66.89 313.26 223.09 0.0156547
table 0 0 -10 9.28 153.87 270.28 293.40 0.0147975
table 0 0 -10 285.82 138.88 483.49 215.64 0.0143508
dresser 0 0 -10 224.14 1.55 379.11 178.76 0.0138077
chair 0 0 -10 399.45 125.39 473.89 184.57 0.0136288
chair 0 0 -10 0.00 200.04 87.59 474.77 0.0135721
table 0 0 -10 7.33 122.02 249.78 237.89 0.0135311
chair 0 0 -10 116.53 175.86 278.97 245.26 0.0130520
desk 0 0 -10 243.19 135.76 394.16 256.60 0.0128651
bed 0 0 -10 22.08 63.35 322.98 227.23 0.0128516
table 0 0 -10 371.07 128.94 489.95 169.50 0.0123422
table 0 0 -10 0.34 188.13 136.81 360.70 0.0119250
bookshelf 0 0 -10 131.33 0.24 622.99 216.53 0.0118259
bookshelf 0 0 -10 252.76 80.18 335.62 145.70 0.0116646
desk 0 0 -10 0.56 122.50 151.51 281.29 0.0107576
chair 0 0 -10 462.05 122.93 533.93 187.98 0.0104643
chair 0 0 -10 283.22 153.23 595.19 365.92 0.0099415
table 0 0 -10 227.50 146.81 371.36 196.95 0.0096954
desk 0 0 -10 365.34 163.08 553.90 297.98 0.0096869
chair 0 0 -10 1.51 136.77 149.39 304.36 0.0095637
dresser 0 0 -10 271.43 139.94 371.03 188.91 0.0091374
night_stand 0 0 -10 4.73 132.31 100.37 226.33 0.0088109
table 0 0 -10 219.97 151.00 420.44 287.89 0.0086591
chair 0 0 -10 305.12 128.65 393.25 247.14 0.0084630
table 0 0 -10 462.53 207.36 636.66 450.42 0.0084035
chair 0 0 -10 223.17 151.50 325.28 190.55 0.0083928
desk 0 0 -10 17.25 131.75 443.56 348.69 0.0083198
