chair 0 0 -10 184.03 260.84 394.38 527.41 0.9781174
chair 0 0 -10 300.05 210.75 429.94 403.85 0.9689780
chair 0 0 -10 370.77 173.26 454.86 300.85 0.9130948
chair 0 0 -10 635.33 194.61 723.64 350.58 0.5867355
table 0 0 -10 620.29 223.95 730.00 499.03 0.5737477
desk 0 0 -10 634.85 236.10 727.87 521.18 0.5569779
chair 0 0 -10 621.85 251.20 725.77 519.74 0.3344104
chair 0 0 -10 646.87 204.09 721.28 295.83 0.1651277
table 0 0 -10 625.70 228.70 729.97 357.67 0.1099371
chair 0 0 -10 611.21 208.57 705.97 383.68 0.0982057
desk 0 0 -10 627.75 233.89 728.26 368.85 0.0939431
chair 0 0 -10 259.39 224.51 434.44 480.91 0.0579223
table 0 0 -10 673.83 242.45 730.00 526.61 0.0512721
chair 0 0 -10 680.15 171.92 729.82 353.47 0.0252564
chair 0 0 -10 323.84 174.34 432.43 286.93 0.0249815
chair 0 0 -10 266.35 210.97 379.67 362.77 0.0237850
chair 0 0 -10 377.84 165.40 416.93 285.98 0.0229052
chair 0 0 -10 633.28 242.29 686.84 405.51 0.0225135
desk 0 0 -10 667.27 226.05 726.25 409.23 0.0196504
chair 0 0 -10 627.14 228.74 694.11 339.66 0.0183836
chair 0 0 -10 605.86 226.97 686.91 465.09 0.0171888
chair 0 0 -10 209.89 232.41 356.90 423.44 0.0167353
table 0 0 -10 680.71 232.03 729.71 400.05 0.0125286
chair 0 0 -10 391.84 164.47 424.15 317.95 0.0112784
chair 0 0 -10 672.32 261.72 729.17 525.14 0.0097852
chair 0 0 -10 640.66 203.55 714.57 254.99 0.0090411
table 0 0 -10 710.36 232.64 729.98 480.13 0.0071669
chair 0 0 -10 300.07 195.65 473.08 337.29 0.0065176
chair 0 0 -10 355.74 167.05 482.76 379.92 0.0061891
chair 0 0 -10 87.31 246.25 339.04 530.00 0.0057854
table 0 0 -10 632.67 235.94 695.07 388.84 0.0055778
desk 0 0 -10 610.12 228.17 703.19 412.63 0.0049285
chair 0 0 -10 338.48 199.57 389.48 368.77 0.0048641
table 0 0 -10 693.26 268.88 730.00 477.20 0.0048194
chair 0 0 -10 713.60 167.58 729.77 355.17 0.0046604
table 0 0 -10 517.46 228.48 723.76 479.90 0.0041288
table 0 0 -10 10.11 298.24 251.58 529.30 0.0040046
chair 0 0 -10 651.62 184.13 728.71 248.29 0.0039135
chair 0 0 -10 290.06 173.23 413.88 320.79 0.0036963
chair 0 0 -10 364.72 171.06 400.75 293.22 0.0036111
desk 0 0 -10 711.03 227.49 729.92 481.24 0.0032852
sofa 0 0 -10 652.51 256.76 729.68 528.30 0.0032793
chair 0 0 -10 303.49 204.12 361.01 356.06 0.0030374
dresser 0 0 -10 637.05 248.84 730.00 530.00 0.0025174
table 0 0 -10 628.24 337.85 725.36 530.00 0.0024888
desk 0 0 -10 694.29 261.82 729.95 481.49 0.0024758
chair 0 0 -10 190.90 253.12 305.69 497.36 0.0022849
chair 0 0 -10 555.72 198.21 713.09 456.54 0.0022340
desk 0 0 -10 559.69 230.21 713.91 514.29 0.0022075
chair 0 0 -10 617.99 216.55 671.24 355.84 0.0021523
chair 0 0 -10 310.33 253.53 426.07 338.04 0.0021150
chair 0 0 -10 708.29 215.04 722.89 318.59 0.0019740
chair 0 0 -10 220.74 202.83 339.17 365.46 0.0017648
table 0 0 -10 582.88 194.09 726.25 386.43 0.0017548
table 0 0 -10 172.79 305.62 384.40 529.65 0.0017225
chair 0 0 -10 30.79 406.30 325.58 530.00 0.0015923
table 0 0 -10 721.61 242.92 730.00 507.01 0.0015557
chair 0 0 -10 314.18 206.99 395.86 290.98 0.0015546
chair 0 0 -10 355.58 188.92 392.83 335.23 0.0015215
chair 0 0 -10 681.60 177.57 729.02 239.51 0.0014837
table 0 0 -10 220.31 259.62 398.41 478.15 0.0014378
table 0 0 -10 603.90 244.69 688.16 473.24 0.0014229
chair 0 0 -10 686.46 228.48 730.00 316.66 0.0014003
table 0 0 -10 718.46 238.79 728.62 428.72 0.0013837
chair 0 0 -10 574.01 361.77 718.75 527.28 0.0013802
table 0 0 -10 77.66 276.08 340.92 527.74 0.0013750
chair 0 0 -10 532.39 279.57 699.42 524.95 0.0013190
desk 0 0 -10 691.58 218.39 728.78 374.25 0.0013079
night_stand 0 0 -10 608.56 227.59 725.13 521.66 0.0012957
chair 0 0 -10 426.79 237.71 714.12 527.79 0.0012834
chair 0 0 -10 582.30 198.91 723.15 270.52 0.0012751
table 0 0 -10 648.25 218.72 729.73 315.09 0.0012617
chair 0 0 -10 699.57 212.63 729.53 398.80 0.0011625
table 0 0 -10 712.91 196.40 729.34 382.64 0.0011542
chair 0 0 -10 694.97 278.03 729.86 477.53 0.0011403
desk 0 0 -10 396.71 224.28 730.00 530.00 0.0011024
chair 0 0 -10 718.40 212.25 728.55 336.12 0.0010951
bed 0 0 -10 637.11 222.19 730.00 530.00 0.0010745
bathtub 0 0 -10 640.24 268.57 729.93 526.10 0.0010018
table 0 0 -10 728.45 265.43 730.00 472.97 0.0009849
chair 0 0 -10 326.62 191.42 367.17 366.06 0.0009780
sofa 0 0 -10 179.16 269.98 389.87 525.62 0.0009617
chair 0 0 -10 294.97 216.29 334.34 364.19 0.0009498
table 0 0 -10 627.87 233.05 721.98 282.96 0.0009463
table 0 0 -10 321.34 206.79 448.00 341.32 0.0009456
chair 0 0 -10 711.36 232.40 730.00 462.99 0.0009104
desk 0 0 -10 173.60 293.39 386.71 527.36 0.0009066
chair 0 0 -10 340.40 155.07 468.99 244.73 0.0008649
table 0 0 -10 230.13 198.87 711.54 499.49 0.0008478
chair 0 0 -10 713.46 212.02 726.08 325.86 0.0008251
chair 0 0 -10 378.81 169.36 493.67 248.35 0.0008195
desk 0 0 -10 638.45 244.77 688.80 405.04 0.0008004
chair 0 0 -10 395.06 170.41 414.90 269.06 0.0007765
desk 0 0 -10 677.93 247.65 729.43 339.42 0.0007688
table 0 0 -10 478.26 207.64 716.96 373.44 0.0007132
table 0 0 -10 639.12 187.49 727.74 287.87 0.0007010
desk 0 0 -10 718.75 234.12 728.47 429.97 0.0006902
chair 0 0 -10 267.34 153.80 516.70 282.24 0.0006873
chair 0 0 -10 301.68 185.49 657.10 413.27 0.0006743
bookshelf 0 0 -10 619.39 213.48 727.81 493.81 0.0006681
