chair 0 0 -10 130.70 189.26 336.94 502.32 0.9929776
chair 0 0 -10 149.98 141.49 260.44 277.83 0.8852412
chair 0 0 -10 437.32 148.49 625.64 366.88 0.8812690
chair 0 0 -10 362.66 138.50 512.01 297.77 0.8161178
desk 0 0 -10 162.32 158.38 644.69 527.23 0.7428700
table 0 0 -10 277.74 109.49 400.70 164.54 0.5905009
table 0 0 -10 191.76 146.80 635.29 519.29 0.5172470
chair 0 0 -10 395.63 132.20 568.29 323.61 0.3936937
chair 0 0 -10 146.48 160.11 305.66 326.43 0.3930386
chair 0 0 -10 478.10 310.66 720.63 526.64 0.3807211
chair 0 0 -10 398.51 124.42 517.88 241.36 0.3240897
sofa 0 0 -10 2.68 127.56 100.49 195.15 0.2826929
chair 0 0 -10 142.56 134.45 219.23 245.55 0.2446740
chair 0 0 -10 345.06 162.84 604.06 495.34 0.2081785
chair 0 0 -10 425.02 150.60 621.33 250.23 0.2060509
chair 0 0 -10 271.35 100.87 327.65 154.83 0.1819903
chair 0 0 -10 151.57 142.20 209.23 201.18 0.1678894
chair 0 0 -10 356.60 119.92 478.13 250.68 0.1567815
chair 0 0 -10 391.15 130.09 484.57 209.44 0.1505569
table 0 0 -10 18.39 184.38 76.13 238.14 0.1377459
table 0 0 -10 0.72 139.85 23.99 275.00 0.1256683
chair 0 0 -10 159.27 151.41 249.09 234.85 0.1217313
bookshelf 0 0 -10 483.07 1.60 670.57 193.64 0.1173063
chair 0 0 -10 409.96 128.06 552.12 204.73 0.1085496
desk 0 0 -10 280.61 109.99 405.69 166.27 0.0869810
chair 0 0 -10 262.75 101.25 347.24 190.84 0.0796271
chair 0 0 -10 394.87 117.06 476.96 179.64 0.0768137
chair 0 0 -10 442.75 119.33 543.41 249.73 0.0738102
table 0 0 -10 137.53 157.24 289.79 310.23 0.0657113
sofa 0 0 -10 1.27 99.58 52.90 156.07 0.0616022
chair 0 0 -10 1.40 136.13 30.88 267.50 0.0555257
table 0 0 -10 274.84 111.48 395.09 211.14 0.0458773
table 0 0 -10 151.53 154.01 363.28 364.28 0.0453842
table 0 0 -10 3.47 150.58 39.66 255.84 0.0432859
chair 0 0 -10 296.92 132.69 469.53 273.04 0.0394390
sofa 0 0 -10 483.33 341.99 728.44 530.00 0.0385968
chair 0 0 -10 296.16 118.96 383.00 200.49 0.0375390
table 0 0 -10 0.89 131.31 36.84 326.72 0.0368111
table 0 0 -10 8.68 140.52 18.08 271.58 0.0364727
table 0 0 -10 2.67 139.94 13.51 276.30 0.0361977
desk 0 0 -10 135.40 154.72 291.08 319.05 0.0347177
desk 0 0 -10 348.66 220.51 698.65 529.93 0.0345380
sofa 0 0 -10 131.47 150.82 268.55 294.58 0.0343104
table 0 0 -10 180.82 162.29 445.65 459.98 0.0336317
chair 0 0 -10 274.29 112.21 394.26 247.05 0.0335559
chair 0 0 -10 377.94 93.07 426.59 159.93 0.0333832
chair 0 0 -10 289.22 94.78 337.96 150.71 0.0322550
chair 0 0 -10 327.65 133.34 508.06 433.62 0.0321822
chair 0 0 -10 425.89 131.46 492.43 236.06 0.0313116
table 0 0 -10 10.43 156.45 25.21 251.41 0.0311349
chair 0 0 -10 142.48 137.54 189.66 210.51 0.0269947
chair 0 0 -10 319.04 106.55 434.24 229.99 0.0264330
chair 0 0 -10 330.41 116.86 595.95 230.05 0.0263916
chair 0 0 -10 461.78 115.12 523.45 213.56 0.0259867
chair 0 0 -10 360.53 98.39 456.84 176.09 0.0258669
chair 0 0 -10 314.92 106.78 370.61 176.77 0.0257867
table 0 0 -10 415.53 137.80 622.28 256.69 0.0247646
table 0 0 -10 475.94 313.34 716.41 521.66 0.0232837
chair 0 0 -10 284.86 117.15 330.05 152.59 0.0229275
chair 0 0 -10 212.91 103.58 294.54 233.04 0.0225155
sofa 0 0 -10 0.50 121.97 40.56 249.27 0.0221750
table 0 0 -10 341.05 223.43 694.97 524.41 0.0210250
desk 0 0 -10 453.24 167.20 631.27 416.98 0.0194926
desk 0 0 -10 183.70 185.02 437.50 517.72 0.0189442
chair 0 0 -10 308.77 93.55 358.06 149.76 0.0183251
table 0 0 -10 287.06 118.83 380.38 151.75 0.0179877
chair 0 0 -10 272.77 97.22 297.70 155.32 0.0173250
chair 0 0 -10 329.54 97.70 379.02 156.59 0.0169241
table 0 0 -10 222.16 150.24 592.99 339.31 0.0169177
chair 0 0 -10 0.00 131.09 17.20 271.99 0.0167454
table 0 0 -10 170.96 143.54 273.90 262.56 0.0163135
table 0 0 -10 389.18 134.07 558.92 217.56 0.0160547
chair 0 0 -10 500.58 156.71 603.33 232.19 0.0159247
chair 0 0 -10 9.81 141.52 25.41 246.62 0.0151949
chair 0 0 -10 152.79 141.98 183.23 188.06 0.0151159
table 0 0 -10 229.17 120.81 520.22 228.53 0.0148556
chair 0 0 -10 167.21 190.86 464.41 510.94 0.0141590
chair 0 0 -10 3.87 105.65 80.80 198.89 0.0141543
desk 0 0 -10 293.32 127.53 641.19 384.89 0.0129200
table 0 0 -10 4.21 135.19 9.55 273.58 0.0125959
chair 0 0 -10 390.16 104.79 441.49 171.80 0.0118806
table 0 0 -10 5.93 147.68 98.68 198.39 0.0118797
desk 0 0 -10 130.73 176.86 328.89 453.86 0.0114899
table 0 0 -10 4.35 159.78 93.67 230.95 0.0113594
chair 0 0 -10 8.17 130.38 18.64 268.83 0.0113075
chair 0 0 -10 110.60 129.29 297.87 255.53 0.0112604
desk 0 0 -10 485.28 283.78 679.59 521.44 0.0110359
chair 0 0 -10 460.10 143.11 556.31 228.20 0.0106486
table 0 0 -10 7.67 146.31 14.10 283.67 0.0101858
desk 0 0 -10 416.95 140.20 621.93 256.83 0.0096466
sofa 0 0 -10 0.02 133.52 26.62 287.97 0.0096300
chair 0 0 -10 1.35 152.25 49.16 239.72 0.0095520
chair 0 0 -10 4.42 95.74 54.74 153.40 0.0095154
chair 0 0 -10 487.59 110.46 554.23 213.30 0.0091675
chair 0 0 -10 6.04 145.04 14.67 270.67 0.0086382
chair 0 0 -10 391.83 99.69 410.58 157.87 0.0078757
table 0 0 -10 255.21 105.95 472.69 192.98 0.0077524
chair 0 0 -10 469.18 200.81 697.80 455.38 0.0076364
chair 0 0 -10 140.22 138.18 261.17 203.93 0.0075899
chair 0 0 -10 341.18 105.25 425.76 169.70 0.0075381
