chair 0 0 -10 224.74 131.15 488.99 442.20 0.9524302
table 0 0 -10 173.74 249.40 280.84 367.20 0.4163219
table 0 0 -10 187.71 242.06 295.16 301.14 0.0261819
table 0 0 -10 390.36 112.70 482.58 136.34 0.0207313
sofa 0 0 -10 187.89 121.36 496.86 434.67 0.0156349
table 0 0 -10 201.32 188.93 497.62 452.73 0.0109775
chair 0 0 -10 388.02 113.82 436.06 135.39 0.0107474
chair 0 0 -10 412.65 53.92 483.77 142.19 0.0086190
chair 0 0 -10 384.48 107.80 451.72 173.77 0.0066750
table 0 0 -10 190.32 257.71 277.60 316.04 0.0064759
table 0 0 -10 185.99 165.08 377.52 387.46 0.0055011
chair 0 0 -10 386.54 106.81 455.01 142.21 0.0053154
toilet 0 0 -10 212.92 156.04 501.44 457.14 0.0050431
desk 0 0 -10 204.29 176.64 497.77 451.33 0.0048633
table 0 0 -10 135.51 245.30 298.43 432.21 0.0038064
table 0 0 -10 191.47 270.16 269.46 297.85 0.0025073
chair 0 0 -10 253.09 247.02 459.15 423.27 0.0020207
chair 0 0 -10 180.76 238.54 513.06 484.07 0.0019800
table 0 0 -10 388.62 107.88 471.53 157.13 0.0019576
table 0 0 -10 252.29 124.96 479.41 220.22 0.0019248
bed 0 0 -10 215.23 155.13 501.03 453.75 0.0015717
chair 0 0 -10 386.21 74.92 472.45 177.05 0.0015241
bookshelf 0 0 -10 224.09 149.91 491.85 449.49 0.0014741
table 0 0 -10 176.66 267.63 249.95 346.82 0.0014309
table 0 0 -10 383.26 115.30 485.88 179.34 0.0014161
table 0 0 -10 223.05 132.81 481.54 361.42 0.0014060
table 0 0 -10 411.88 50.73 481.44 133.51 0.0013981
dresser 0 0 -10 218.05 161.54 497.69 450.85 0.0012347
night_stand 0 0 -10 220.06 168.16 503.64 456.62 0.0010739
chair 0 0 -10 334.51 0.59 471.81 207.85 0.0009992
night_stand 0 0 -10 190.00 249.13 277.86 310.49 0.0008984
bookshelf 0 0 -10 402.79 19.85 480.04 130.23 0.0008760
table 0 0 -10 397.36 87.65 478.76 133.31 0.0007652
chair 0 0 -10 385.92 12.18 474.05 128.34 0.0007570
chair 0 0 -10 347.54 0.42 442.31 89.43 0.0007302
table 0 0 -10 125.33 251.30 532.96 511.95 0.0007036
table 0 0 -10 295.06 110.06 481.06 168.22 0.0007000
desk 0 0 -10 390.07 112.60 482.93 137.52 0.0006947
chair 0 0 -10 388.58 117.13 480.79 136.88 0.0006669
table 0 0 -10 135.65 272.99 375.63 477.28 0.0006609
bathtub 0 0 -10 205.43 182.99 507.35 452.90 0.0006293
table 0 0 -10 291.57 3.48 486.51 150.77 0.0006010
chair 0 0 -10 358.75 30.82 433.92 140.15 0.0005907
chair 0 0 -10 429.76 0.06 491.16 61.02 0.0005711
bookshelf 0 0 -10 432.02 50.05 481.40 132.14 0.0005593
chair 0 0 -10 173.83 134.62 392.61 362.81 0.0005486
table 0 0 -10 368.43 114.37 486.97 254.35 0.0005471
table 0 0 -10 551.46 301.75 721.94 375.23 0.0005298
chair 0 0 -10 409.74 0.06 508.08 99.12 0.0004808
chair 0 0 -10 382.18 105.69 419.14 190.34 0.0004754
chair 0 0 -10 308.54 0.00 429.66 125.07 0.0004563
chair 0 0 -10 1.78 183.47 80.60 460.25 0.0004195
table 0 0 -10 395.73 122.50 478.81 138.69 0.0004179
chair 0 0 -10 255.22 1.34 458.03 160.51 0.0004102
chair 0 0 -10 231.80 74.01 478.16 271.70 0.0004027
table 0 0 -10 201.82 270.73 395.70 401.78 0.0003979
table 0 0 -10 20.16 239.38 273.13 423.84 0.0003876
sofa 0 0 -10 402.23 32.34 480.10 131.96 0.0003865
table 0 0 -10 168.29 256.38 203.20 343.44 0.0003833
chair 0 0 -10 362.99 0.00 463.03 59.32 0.0003832
table 0 0 -10 666.43 332.41 729.45 500.19 0.0003775
table 0 0 -10 355.40 94.06 481.70 146.13 0.0003670
chair 0 0 -10 433.29 48.80 488.91 115.71 0.0003631
table 0 0 -10 1.12 190.53 71.69 457.54 0.0003620
chair 0 0 -10 232.17 282.15 440.93 502.68 0.0003579
table 0 0 -10 226.01 208.77 486.69 274.19 0.0003518
table 0 0 -10 388.80 115.58 439.44 134.83 0.0003501
table 0 0 -10 371.21 3.33 484.55 112.98 0.0003441
chair 0 0 -10 415.74 34.50 477.05 108.25 0.0003435
table 0 0 -10 194.87 250.19 270.14 287.03 0.0003434
sofa 0 0 -10 141.28 184.50 617.93 493.19 0.0003265
night_stand 0 0 -10 191.04 266.16 271.96 296.67 0.0003231
table 0 0 -10 168.84 196.14 287.27 314.38 0.0003160
night_stand 0 0 -10 402.21 32.00 480.14 130.73 0.0003086
table 0 0 -10 379.10 117.97 422.11 196.16 0.0003068
chair 0 0 -10 387.25 6.54 507.53 208.70 0.0002849
table 0 0 -10 417.74 316.83 713.36 450.46 0.0002839
chair 0 0 -10 328.12 0.00 421.32 53.76 0.0002676
chair 0 0 -10 264.32 127.43 374.77 356.60 0.0002592
table 0 0 -10 333.69 123.38 475.90 160.67 0.0002532
table 0 0 -10 266.80 48.37 484.65 290.63 0.0002513
desk 0 0 -10 172.29 244.54 279.86 364.57 0.0002475
chair 0 0 -10 362.31 76.45 441.48 177.11 0.0002469
chair 0 0 -10 250.78 164.76 628.26 514.61 0.0002433
chair 0 0 -10 209.64 141.02 333.11 332.77 0.0002344
night_stand 0 0 -10 174.54 252.38 277.45 369.04 0.0002219
table 0 0 -10 704.53 321.31 729.24 444.52 0.0002166
table 0 0 -10 249.35 243.79 336.39 279.80 0.0002165
chair 0 0 -10 132.61 0.57 512.98 108.17 0.0002157
table 0 0 -10 43.45 336.80 396.19 487.94 0.0002156
table 0 0 -10 621.55 322.09 726.06 487.10 0.0002114
table 0 0 -10 244.36 266.70 460.41 425.59 0.0002094
dresser 0 0 -10 402.81 31.57 480.03 130.15 0.0002035
chair 0 0 -10 266.42 290.58 626.83 462.64 0.0001988
desk 0 0 -10 134.75 214.35 616.80 497.45 0.0001984
bed 0 0 -10 400.86 30.83 481.19 134.48 0.0001945
table 0 0 -10 195.66 227.45 475.76 315.28 0.0001939
table 0 0 -10 115.14 2.16 536.18 110.87 0.0001927
table 0 0 -10 70.06 333.83 661.33 530.00 0.0001898
chair 0 0 -10 358.36 90.43 483.22 150.33 0.0001829
