bathtub 0 0 -10 138.80 117.87 706.68 501.20 0.7237938
desk 0 0 -10 125.29 119.91 730.00 530.00 0.1820501
table 0 0 -10 115.49 110.64 719.34 530.00 0.1337077
bathtub 0 0 -10 286.71 120.15 686.12 314.84 0.0624739
bathtub 0 0 -10 396.58 177.95 730.00 525.63 0.0165308
bathtub 0 0 -10 131.36 125.80 551.06 390.39 0.0160074
toilet 0 0 -10 106.94 109.48 675.28 514.70 0.0148995
bathtub 0 0 -10 695.99 324.55 730.00 530.00 0.0094294
chair 0 0 -10 163.29 201.60 643.04 526.60 0.0071371
bathtub 0 0 -10 418.18 176.24 686.91 299.34 0.0063769
bed 0 0 -10 115.16 120.64 711.28 530.00 0.0059247
chair 0 0 -10 0.00 96.18 42.24 339.43 0.0052009
bathtub 0 0 -10 577.47 136.31 730.00 448.66 0.0048592
bathtub 0 0 -10 56.76 120.78 316.42 326.12 0.0042272
bathtub 0 0 -10 509.18 303.90 730.00 530.00 0.0032544
dresser 0 0 -10 113.62 120.18 730.00 530.00 0.0029270
bathtub 0 0 -10 425.92 139.37 730.00 358.24 0.0027627
bathtub 0 0 -10 278.70 79.56 530.98 357.02 0.0026711
bathtub 0 0 -10 714.28 340.66 730.00 526.76 0.0025031
table 0 0 -10 1.20 171.66 24.86 358.12 0.0020870
sofa 0 0 -10 119.71 150.24 710.33 530.00 0.0020523
bathtub 0 0 -10 682.73 233.88 729.84 502.75 0.0020464
bookshelf 0 0 -10 126.45 134.95 712.99 530.00 0.0016421
chair 0 0 -10 0.45 146.39 27.27 352.19 0.0015973
table 0 0 -10 0.96 202.36 36.90 284.33 0.0012331
bathtub 0 0 -10 708.99 248.91 730.00 516.91 0.0012291
toilet 0 0 -10 0.00 98.68 34.22 367.48 0.0011987
bathtub 0 0 -10 658.48 318.00 730.00 530.00 0.0011909
bathtub 0 0 -10 167.01 103.17 632.05 245.65 0.0010786
chair 0 0 -10 0.00 47.14 74.41 344.35 0.0009799
toilet 0 0 -10 5.74 89.14 19.55 360.29 0.0009448
bathtub 0 0 -10 631.64 200.46 730.00 325.80 0.0009445
night_stand 0 0 -10 126.10 138.09 718.56 526.72 0.0008909
bathtub 0 0 -10 725.35 298.33 730.00 518.71 0.0008668
table 0 0 -10 0.87 167.05 46.40 320.57 0.0008516
bathtub 0 0 -10 2.20 85.27 103.41 320.37 0.0008209
bathtub 0 0 -10 1.90 121.21 189.29 340.69 0.0008180
chair 0 0 -10 5.51 81.32 20.20 358.77 0.0007346
bathtub 0 0 -10 672.52 229.37 730.00 304.43 0.0007204
bathtub 0 0 -10 0.65 104.72 34.68 359.15 0.0007114
toilet 0 0 -10 0.00 93.77 77.06 343.31 0.0007045
bathtub 0 0 -10 726.76 342.89 730.00 500.61 0.0006739
bathtub 0 0 -10 555.57 184.47 730.00 329.67 0.0006596
bathtub 0 0 -10 149.21 28.27 676.60 292.92 0.0006543
table 0 0 -10 3.37 189.35 10.14 362.92 0.0006139
table 0 0 -10 3.84 140.31 16.08 371.81 0.0005698
bathtub 0 0 -10 477.48 224.31 730.00 447.24 0.0005574
bathtub 0 0 -10 721.14 316.94 730.00 514.78 0.0005146
chair 0 0 -10 88.08 79.26 537.84 505.69 0.0004694
table 0 0 -10 125.35 118.39 490.74 463.72 0.0004562
bathtub 0 0 -10 7.81 42.10 23.72 338.78 0.0004394
chair 0 0 -10 393.04 130.81 706.64 507.50 0.0004388
chair 0 0 -10 0.20 196.79 39.41 285.02 0.0004124
bathtub 0 0 -10 642.86 26.38 730.00 475.89 0.0003938
dresser 0 0 -10 1.35 63.73 43.10 330.71 0.0003707
bathtub 0 0 -10 673.91 97.71 730.00 315.74 0.0003525
bathtub 0 0 -10 610.75 210.90 730.00 398.44 0.0003338
bathtub 0 0 -10 103.31 117.74 457.30 292.72 0.0003314
toilet 0 0 -10 231.09 254.53 702.33 530.00 0.0003155
toilet 0 0 -10 0.00 7.21 289.16 349.16 0.0003122
table 0 0 -10 1.49 210.72 60.07 271.63 0.0003122
bathtub 0 0 -10 271.40 121.53 563.97 202.47 0.0003023
toilet 0 0 -10 0.00 118.19 175.92 350.01 0.0003003
bathtub 0 0 -10 94.59 126.39 206.28 322.56 0.0002945
toilet 0 0 -10 147.57 127.23 474.49 448.76 0.0002862
table 0 0 -10 0.02 48.20 32.50 345.86 0.0002855
bathtub 0 0 -10 88.92 114.99 259.20 260.32 0.0002608
toilet 0 0 -10 0.00 160.95 48.28 318.88 0.0002598
toilet 0 0 -10 91.84 92.11 238.64 338.60 0.0002572
table 0 0 -10 0.00 50.53 88.88 352.59 0.0002565
bathtub 0 0 -10 21.45 29.28 240.18 278.77 0.0002540
table 0 0 -10 289.10 234.92 722.95 530.00 0.0002534
chair 0 0 -10 1.23 109.55 15.97 379.93 0.0002518
chair 0 0 -10 0.00 303.30 49.24 525.89 0.0002517
dresser 0 0 -10 0.00 22.16 97.45 322.17 0.0002456
table 0 0 -10 1.60 184.73 88.55 308.51 0.0002333
dresser 0 0 -10 1.12 158.89 25.58 350.41 0.0002327
dresser 0 0 -10 1.02 333.58 62.13 526.59 0.0002242
chair 0 0 -10 0.00 278.94 95.78 526.00 0.0002186
bathtub 0 0 -10 1.36 151.75 65.85 301.06 0.0002162
table 0 0 -10 9.06 160.02 32.38 360.50 0.0002096
bathtub 0 0 -10 33.38 120.68 360.14 493.50 0.0002020
toilet 0 0 -10 228.87 90.86 707.91 381.85 0.0001967
chair 0 0 -10 330.79 316.98 674.44 520.97 0.0001923
chair 0 0 -10 2.95 164.62 10.56 358.53 0.0001888
table 0 0 -10 0.00 192.59 6.02 362.73 0.0001880
chair 0 0 -10 37.68 218.84 383.13 530.00 0.0001819
table 0 0 -10 7.51 47.75 23.17 347.30 0.0001750
table 0 0 -10 189.95 47.95 692.30 350.68 0.0001713
bathtub 0 0 -10 3.90 123.38 16.70 374.38 0.0001711
bathtub 0 0 -10 5.17 183.04 124.31 294.56 0.0001680
bathtub 0 0 -10 90.28 97.76 154.09 317.83 0.0001634
chair 0 0 -10 38.63 359.50 674.08 529.52 0.0001629
dresser 0 0 -10 6.18 89.76 19.25 353.06 0.0001615
chair 0 0 -10 0.00 0.00 268.83 340.66 0.0001611
chair 0 0 -10 0.00 135.77 130.14 356.69 0.0001598
toilet 0 0 -10 0.00 195.84 99.68 317.07 0.0001586
bathtub 0 0 -10 7.89 162.12 38.92 335.12 0.0001535
bathtub 0 0 -10 151.13 63.11 602.29 200.43 0.0001505
bed 0 0 -10 90.50 425.91 638.90 529.65 0.0001463
