chair 0 0 -10 172.91 180.45 421.49 510.23 0.9882206
chair 0 0 -10 471.66 97.61 559.53 239.75 0.9818498
chair 0 0 -10 556.36 87.15 606.36 160.04 0.0715337
chair 0 0 -10 572.83 86.29 621.99 173.53 0.0197070
chair 0 0 -10 485.41 87.17 530.13 233.33 0.0085930
table 0 0 -10 467.23 131.53 554.08 237.77 0.0075460
chair 0 0 -10 531.62 80.20 608.16 175.93 0.0064402
chair 0 0 -10 484.43 83.77 507.92 222.47 0.0062861
table 0 0 -10 167.46 255.44 400.72 522.41 0.0051505
chair 0 0 -10 565.10 80.39 659.02 159.59 0.0046240
chair 0 0 -10 423.73 88.41 593.20 246.48 0.0045001
chair 0 0 -10 591.54 84.81 635.13 173.18 0.0039742
table 0 0 -10 193.87 163.94 588.95 520.73 0.0036267
bookshelf 0 0 -10 626.54 0.00 727.67 175.79 0.0035240
chair 0 0 -10 679.48 70.81 730.00 278.09 0.0033195
chair 0 0 -10 589.20 84.27 697.70 177.06 0.0033171
chair 0 0 -10 551.00 113.15 631.48 172.39 0.0029680
chair 0 0 -10 481.50 97.77 550.00 187.16 0.0027766
chair 0 0 -10 558.18 43.19 632.05 160.24 0.0023998
chair 0 0 -10 182.93 306.05 391.35 525.53 0.0023811
chair 0 0 -10 611.84 2.17 679.08 80.36 0.0019228
chair 0 0 -10 606.01 76.07 730.00 295.02 0.0019227
chair 0 0 -10 595.00 36.90 655.95 180.61 0.0018333
chair 0 0 -10 557.39 88.71 575.35 159.55 0.0018134
chair 0 0 -10 564.30 96.50 598.81 146.50 0.0016045
chair 0 0 -10 600.15 90.76 621.87 151.66 0.0014823
desk 0 0 -10 460.43 120.12 561.58 237.36 0.0014327
bookshelf 0 0 -10 594.66 3.06 696.10 114.54 0.0013863
chair 0 0 -10 631.71 93.30 730.00 210.68 0.0013291
dresser 0 0 -10 628.19 3.85 727.99 104.03 0.0013199
bookshelf 0 0 -10 547.98 2.31 720.02 162.38 0.0013091
chair 0 0 -10 495.82 66.26 565.98 202.25 0.0012815
table 0 0 -10 685.57 131.31 728.06 272.76 0.0012230
chair 0 0 -10 555.20 96.42 568.22 163.20 0.0011597
chair 0 0 -10 605.05 0.00 715.35 100.11 0.0011206
chair 0 0 -10 488.69 89.62 585.22 166.75 0.0010864
chair 0 0 -10 254.27 146.31 444.87 412.70 0.0010759
chair 0 0 -10 575.87 76.06 629.30 140.02 0.0010699
chair 0 0 -10 604.88 1.55 652.97 64.68 0.0010625
chair 0 0 -10 662.75 71.42 730.00 184.79 0.0010334
sofa 0 0 -10 467.66 90.43 557.39 226.47 0.0010071
table 0 0 -10 483.68 88.03 576.03 201.69 0.0009935
bookshelf 0 0 -10 492.36 1.32 649.59 168.40 0.0009903
chair 0 0 -10 604.49 42.53 730.00 183.85 0.0009828
chair 0 0 -10 564.32 1.18 660.46 61.02 0.0008960
table 0 0 -10 404.01 139.29 717.60 460.75 0.0008665
chair 0 0 -10 470.62 94.98 498.60 230.53 0.0008547
chair 0 0 -10 628.11 1.29 682.68 54.27 0.0008291
desk 0 0 -10 166.84 246.35 399.35 517.58 0.0008076
dresser 0 0 -10 562.82 5.97 652.87 110.01 0.0007700
table 0 0 -10 141.27 340.29 334.07 530.00 0.0007473
desk 0 0 -10 189.80 157.33 612.43 530.00 0.0007190
dresser 0 0 -10 595.03 4.65 696.14 111.85 0.0007020
sofa 0 0 -10 169.11 172.28 411.36 495.14 0.0006432
table 0 0 -10 50.82 275.59 351.20 528.75 0.0006400
chair 0 0 -10 23.39 192.46 378.23 530.00 0.0006221
chair 0 0 -10 680.07 126.13 728.77 219.97 0.0006057
chair 0 0 -10 477.52 101.68 487.04 219.76 0.0006001
table 0 0 -10 5.65 359.27 238.86 530.00 0.0005946
chair 0 0 -10 646.06 142.76 730.00 305.63 0.0005909
table 0 0 -10 528.20 141.26 697.55 266.45 0.0005842
bookshelf 0 0 -10 682.74 20.22 728.41 211.08 0.0005773
chair 0 0 -10 182.93 212.56 412.58 365.90 0.0005741
bookshelf 0 0 -10 630.98 2.26 726.44 93.02 0.0005717
table 0 0 -10 631.34 93.29 717.98 178.18 0.0005602
chair 0 0 -10 177.50 182.32 308.75 451.97 0.0005484
table 0 0 -10 556.17 88.08 605.03 159.26 0.0005459
bookshelf 0 0 -10 562.55 5.07 653.49 112.61 0.0005273
chair 0 0 -10 552.12 3.18 723.07 163.73 0.0005244
table 0 0 -10 145.14 171.16 388.55 446.91 0.0005231
sofa 0 0 -10 683.80 82.79 729.09 321.34 0.0005156
chair 0 0 -10 659.07 56.56 730.00 374.91 0.0005008
table 0 0 -10 482.17 54.82 628.20 205.09 0.0005007
table 0 0 -10 516.26 88.36 612.46 165.66 0.0005002
bookshelf 0 0 -10 628.97 0.71 677.56 109.27 0.0004772
chair 0 0 -10 395.81 62.76 560.74 305.52 0.0004556
chair 0 0 -10 607.49 74.19 650.81 164.15 0.0004526
chair 0 0 -10 513.48 94.29 598.15 219.66 0.0004381
desk 0 0 -10 478.69 47.57 604.89 212.90 0.0004342
dresser 0 0 -10 546.00 3.55 722.31 160.18 0.0004323
chair 0 0 -10 447.06 82.04 525.18 231.47 0.0004313
desk 0 0 -10 481.14 5.73 663.34 166.05 0.0004293
dresser 0 0 -10 484.76 3.61 583.95 129.71 0.0004260
chair 0 0 -10 550.80 103.97 562.95 164.87 0.0004183
desk 0 0 -10 578.55 1.34 722.60 107.69 0.0004073
chair 0 0 -10 548.62 0.53 622.94 72.77 0.0003971
table 0 0 -10 437.14 86.27 567.05 234.93 0.0003950
table 0 0 -10 559.48 2.15 652.58 111.73 0.0003903
desk 0 0 -10 557.75 0.12 656.07 110.74 0.0003631
bookshelf 0 0 -10 558.94 16.80 629.95 158.64 0.0003612
chair 0 0 -10 577.52 10.06 646.33 132.96 0.0003553
bookshelf 0 0 -10 605.97 7.83 670.61 173.77 0.0003517
sofa 0 0 -10 633.34 94.56 721.36 179.49 0.0003384
chair 0 0 -10 618.98 2.82 688.71 142.12 0.0003354
chair 0 0 -10 625.96 114.15 730.00 479.33 0.0003256
bed 0 0 -10 693.47 69.75 730.00 256.24 0.0003197
table 0 0 -10 661.91 88.37 726.21 209.75 0.0003186
chair 0 0 -10 355.37 10.09 559.79 208.08 0.0003172
table 0 0 -10 470.96 126.06 710.45 343.74 0.0003031
chair 0 0 -10 628.11 89.15 712.72 164.73 0.0002968
