bathtub 0 0 -10 163.31 143.18 349.65 425.65 0.0528521
bathtub 0 0 -10 434.60 145.11 601.71 238.62 0.0338986
table 0 0 -10 168.54 145.70 333.18 231.24 0.0191319
bathtub 0 0 -10 656.01 283.88 730.00 463.14 0.0128472
bathtub 0 0 -10 175.48 149.31 332.54 218.31 0.0116414
bathtub 0 0 -10 405.15 134.86 613.52 406.74 0.0105947
table 0 0 -10 437.88 144.22 599.81 240.90 0.0072188
bathtub 0 0 -10 83.32 107.15 685.18 399.86 0.0065407
toilet 0 0 -10 164.70 145.73 343.09 437.90 0.0055941
bathtub 0 0 -10 641.93 214.07 730.00 522.48 0.0054179
bathtub 0 0 -10 70.50 138.68 416.51 505.84 0.0052945
chair 0 0 -10 450.68 1.65 591.44 67.73 0.0036221
bathtub 0 0 -10 596.39 265.23 730.00 442.27 0.0025687
bathtub 0 0 -10 683.19 252.30 730.00 518.42 0.0025271
bathtub 0 0 -10 333.17 124.27 652.96 493.06 0.0025224
bathtub 0 0 -10 576.15 117.97 730.00 432.79 0.0025008
chair 0 0 -10 518.81 0.00 590.63 63.50 0.0022950
table 0 0 -10 679.35 319.73 728.98 475.72 0.0018985
bathtub 0 0 -10 52.98 195.39 677.78 499.93 0.0018490
toilet 0 0 -10 438.82 144.12 595.63 237.99 0.0017259
bathtub 0 0 -10 115.55 227.42 448.90 439.29 0.0016751
table 0 0 -10 160.53 135.64 349.16 423.37 0.0015481
bathtub 0 0 -10 464.55 148.85 576.69 217.91 0.0015177
toilet 0 0 -10 413.86 136.43 600.36 452.56 0.0015144
bathtub 0 0 -10 413.94 126.06 638.69 272.13 0.0015124
toilet 0 0 -10 125.00 123.25 406.59 513.06 0.0014059
bathtub 0 0 -10 539.35 222.01 730.00 518.18 0.0013708
toilet 0 0 -10 661.65 255.31 730.00 524.14 0.0013608
bathtub 0 0 -10 3.81 128.95 128.86 526.96 0.0009509
bathtub 0 0 -10 407.10 224.60 609.25 361.38 0.0009295
sofa 0 0 -10 680.17 307.81 729.08 474.50 0.0008603
chair 0 0 -10 389.51 0.00 501.75 59.24 0.0008416
toilet 0 0 -10 514.64 99.41 725.21 530.00 0.0007916
chair 0 0 -10 494.36 1.23 643.24 64.82 0.0007694
bathtub 0 0 -10 405.64 71.04 623.43 224.69 0.0007661
chair 0 0 -10 128.03 0.00 249.33 82.21 0.0007657
toilet 0 0 -10 168.62 145.78 329.73 230.37 0.0007434
bathtub 0 0 -10 22.51 116.47 201.74 499.47 0.0007382
chair 0 0 -10 442.83 16.83 551.70 62.33 0.0007323
chair 0 0 -10 270.67 3.13 373.35 45.33 0.0007293
chair 0 0 -10 673.81 252.66 730.00 517.51 0.0006814
bathtub 0 0 -10 1.03 234.62 36.11 521.37 0.0006636
bathtub 0 0 -10 0.82 345.18 46.63 508.85 0.0006630
night_stand 0 0 -10 167.74 145.30 334.54 227.61 0.0006529
bed 0 0 -10 681.42 296.49 730.00 481.02 0.0006359
bathtub 0 0 -10 1.24 116.50 57.57 530.00 0.0006260
bathtub 0 0 -10 476.20 149.87 689.69 360.00 0.0006091
desk 0 0 -10 171.23 148.34 336.03 229.55 0.0006025
chair 0 0 -10 542.60 1.00 618.66 68.95 0.0005857
chair 0 0 -10 269.30 1.05 436.34 60.38 0.0005775
chair 0 0 -10 48.51 0.00 239.81 98.18 0.0005664
bathtub 0 0 -10 5.16 279.43 237.08 522.99 0.0005631
bathtub 0 0 -10 157.61 187.10 566.50 397.04 0.0005404
chair 0 0 -10 570.81 0.00 640.65 54.50 0.0005387
bathtub 0 0 -10 18.16 212.86 309.39 437.90 0.0005369
chair 0 0 -10 345.68 0.00 467.90 47.57 0.0005294
table 0 0 -10 668.29 264.53 728.60 527.18 0.0005221
toilet 0 0 -10 680.59 297.60 729.97 468.41 0.0005212
toilet 0 0 -10 162.94 114.68 605.56 450.80 0.0004714
bathtub 0 0 -10 147.76 131.34 413.84 322.38 0.0004690
bathtub 0 0 -10 325.71 1.31 455.87 44.45 0.0004648
table 0 0 -10 447.91 2.80 583.74 68.92 0.0004322
table 0 0 -10 428.27 128.96 601.59 392.22 0.0004322
toilet 0 0 -10 0.00 287.89 48.47 527.80 0.0004265
bathtub 0 0 -10 567.47 124.98 643.05 361.20 0.0004129
dresser 0 0 -10 674.78 275.05 730.00 521.62 0.0004098
chair 0 0 -10 186.25 140.45 335.91 224.53 0.0004035
dresser 0 0 -10 0.85 114.18 55.27 530.00 0.0004005
chair 0 0 -10 444.59 133.18 596.35 234.92 0.0003879
bathtub 0 0 -10 152.65 18.33 357.43 224.39 0.0003778
chair 0 0 -10 554.01 0.00 658.14 88.00 0.0003709
bathtub 0 0 -10 17.27 4.08 662.33 259.63 0.0003559
bathtub 0 0 -10 197.45 81.80 588.98 217.69 0.0003461
bathtub 0 0 -10 196.69 282.10 458.81 348.66 0.0003434
toilet 0 0 -10 20.60 119.52 272.27 527.18 0.0003325
toilet 0 0 -10 599.02 245.24 729.36 529.19 0.0003294
bathtub 0 0 -10 167.92 140.40 342.03 272.47 0.0003109
toilet 0 0 -10 420.26 139.21 606.28 301.68 0.0003087
desk 0 0 -10 440.75 147.49 603.04 238.71 0.0002935
bathtub 0 0 -10 520.77 207.77 611.33 375.77 0.0002932
chair 0 0 -10 144.63 0.16 220.06 58.81 0.0002859
night_stand 0 0 -10 437.72 143.71 600.99 235.05 0.0002822
bathtub 0 0 -10 591.24 106.47 669.81 347.23 0.0002759
toilet 0 0 -10 134.16 270.14 478.39 436.13 0.0002702
bathtub 0 0 -10 2.85 293.69 89.55 522.43 0.0002697
table 0 0 -10 1.28 348.92 38.82 530.00 0.0002691
bathtub 0 0 -10 8.08 222.31 25.46 525.77 0.0002516
chair 0 0 -10 0.00 276.77 50.93 513.46 0.0002440
table 0 0 -10 133.91 98.82 415.68 495.12 0.0002415
bookshelf 0 0 -10 452.08 1.49 588.92 69.82 0.0002365
chair 0 0 -10 591.14 226.23 727.58 524.94 0.0002353
bathtub 0 0 -10 678.77 231.62 730.00 372.19 0.0002274
bathtub 0 0 -10 353.00 16.23 592.99 212.66 0.0002228
toilet 0 0 -10 558.59 154.38 729.90 396.42 0.0002206
bathtub 0 0 -10 125.10 285.25 388.58 480.49 0.0002142
chair 0 0 -10 0.00 4.93 80.99 149.16 0.0002140
chair 0 0 -10 276.48 0.68 335.94 61.60 0.0002135
table 0 0 -10 51.88 278.78 670.85 525.71 0.0002116
chair 0 0 -10 0.00 82.83 59.70 518.95 0.0002104
bathtub 0 0 -10 204.21 138.44 570.31 301.90 0.0002053
