desk 0 0 -10 130.21 229.74 730.00 530.00 0.6465437
dresser 0 0 -10 4.12 32.93 205.29 489.69 0.4991673
desk 0 0 -10 185.90 169.36 364.17 284.27 0.4760398
desk 0 0 -10 0.00 19.61 240.28 504.23 0.0957112
desk 0 0 -10 383.50 164.93 729.07 519.74 0.0780180
table 0 0 -10 132.73 183.61 729.09 522.86 0.0497486
table 0 0 -10 516.98 363.93 726.67 529.77 0.0350793
table 0 0 -10 189.58 175.70 363.91 273.65 0.0348113
bookshelf 0 0 -10 6.63 24.21 216.50 512.07 0.0315203
bathtub 0 0 -10 617.28 296.58 730.00 370.65 0.0310907
desk 0 0 -10 517.40 361.11 729.92 530.00 0.0189041
desk 0 0 -10 152.57 241.25 724.14 391.77 0.0165556
table 0 0 -10 412.00 133.95 723.41 515.09 0.0147988
dresser 0 0 -10 3.13 54.92 114.93 411.98 0.0109559
dresser 0 0 -10 139.04 203.37 730.00 530.00 0.0099456
desk 0 0 -10 160.06 203.71 681.55 325.53 0.0096585
desk 0 0 -10 481.18 143.41 729.71 394.17 0.0095504
desk 0 0 -10 37.79 41.74 574.74 518.97 0.0090822
dresser 0 0 -10 187.42 174.33 374.54 284.22 0.0087340
night_stand 0 0 -10 186.96 172.50 367.17 280.77 0.0085166
dresser 0 0 -10 159.96 388.42 536.63 524.87 0.0060467
table 0 0 -10 151.25 239.13 718.91 390.98 0.0049909
bookshelf 0 0 -10 152.73 148.34 717.07 530.00 0.0049831
chair 0 0 -10 0.00 9.88 125.16 503.03 0.0049132
table 0 0 -10 478.20 178.69 730.00 290.48 0.0044246
chair 0 0 -10 374.42 188.52 460.97 335.66 0.0038937
desk 0 0 -10 134.50 282.35 467.76 530.00 0.0037872
desk 0 0 -10 0.00 31.53 118.99 463.47 0.0037126
table 0 0 -10 189.18 159.70 322.55 191.80 0.0036602
table 0 0 -10 158.59 203.10 680.63 323.81 0.0036395
dresser 0 0 -10 6.26 34.51 63.21 404.15 0.0032232
chair 0 0 -10 504.43 375.35 730.00 530.00 0.0031709
bookshelf 0 0 -10 3.26 16.19 114.73 475.86 0.0030609
bathtub 0 0 -10 157.08 140.54 718.52 492.24 0.0029747
night_stand 0 0 -10 542.73 374.55 727.43 528.32 0.0026378
bathtub 0 0 -10 707.78 298.95 729.16 502.53 0.0026201
desk 0 0 -10 273.27 271.47 567.32 530.00 0.0025683
chair 0 0 -10 0.00 19.41 254.12 522.43 0.0025275
dresser 0 0 -10 49.88 22.60 510.57 509.37 0.0023832
bathtub 0 0 -10 488.93 137.78 727.14 465.99 0.0023235
chair 0 0 -10 257.38 152.49 361.77 262.98 0.0022979
chair 0 0 -10 650.46 407.89 730.00 530.00 0.0022373
dresser 0 0 -10 536.10 373.59 727.70 527.39 0.0022275
table 0 0 -10 186.92 147.71 354.11 202.96 0.0022003
bathtub 0 0 -10 601.60 177.74 730.00 494.66 0.0021913
chair 0 0 -10 62.59 307.96 354.49 530.00 0.0019925
bookshelf 0 0 -10 50.61 1.62 498.85 513.05 0.0019622
desk 0 0 -10 7.44 284.83 277.32 516.34 0.0018628
table 0 0 -10 471.39 136.22 719.02 362.40 0.0018210
table 0 0 -10 191.15 163.06 265.88 184.86 0.0017559
desk 0 0 -10 261.22 176.60 367.23 272.18 0.0017455
chair 0 0 -10 2.27 41.78 68.32 406.79 0.0016769
table 0 0 -10 8.03 53.44 247.68 481.02 0.0016569
table 0 0 -10 706.55 354.32 729.39 513.48 0.0016557
dresser 0 0 -10 485.38 142.14 730.00 481.35 0.0016543
table 0 0 -10 150.00 252.75 487.63 525.63 0.0016117
desk 0 0 -10 160.07 393.30 547.98 526.73 0.0015148
chair 0 0 -10 454.64 200.40 714.57 516.08 0.0014249
bathtub 0 0 -10 531.42 354.17 727.95 526.82 0.0013823
bookshelf 0 0 -10 188.77 163.37 370.21 278.68 0.0012984
desk 0 0 -10 0.00 122.23 186.51 418.60 0.0012846
table 0 0 -10 719.52 356.22 728.28 496.99 0.0011617
desk 0 0 -10 52.86 111.53 331.60 386.36 0.0011511
chair 0 0 -10 175.50 287.67 527.48 530.00 0.0011402
table 0 0 -10 68.32 409.83 396.96 530.00 0.0011313
dresser 0 0 -10 4.78 229.91 184.59 498.54 0.0010957
bathtub 0 0 -10 639.74 288.23 730.00 445.43 0.0010914
desk 0 0 -10 183.62 150.33 368.87 237.52 0.0010871
bathtub 0 0 -10 313.04 230.13 727.97 523.17 0.0010826
chair 0 0 -10 283.97 160.02 351.13 240.46 0.0010739
chair 0 0 -10 197.28 160.07 350.21 272.63 0.0010637
table 0 0 -10 284.68 161.04 318.58 189.32 0.0010344
bathtub 0 0 -10 694.02 240.96 730.00 498.98 0.0009727
table 0 0 -10 619.25 150.89 730.00 319.98 0.0009195
dresser 0 0 -10 274.68 291.44 605.34 530.00 0.0009088
bathtub 0 0 -10 182.49 171.12 372.14 277.48 0.0008812
bathtub 0 0 -10 616.32 209.88 724.43 383.11 0.0008491
bathtub 0 0 -10 668.34 314.22 730.00 521.10 0.0008281
desk 0 0 -10 174.76 130.70 460.20 287.39 0.0008130
chair 0 0 -10 327.96 182.37 483.66 351.44 0.0008009
bed 0 0 -10 149.06 159.43 708.98 530.00 0.0007891
table 0 0 -10 388.05 189.83 456.31 271.32 0.0007514
table 0 0 -10 0.83 20.00 121.98 503.63 0.0007463
desk 0 0 -10 501.55 158.42 729.09 292.20 0.0007457
chair 0 0 -10 625.62 223.26 730.00 368.86 0.0007199
chair 0 0 -10 266.34 162.97 328.88 245.13 0.0007189
bathtub 0 0 -10 718.60 303.84 728.92 456.70 0.0006854
chair 0 0 -10 0.00 81.99 112.33 298.68 0.0006714
table 0 0 -10 134.07 457.15 365.89 530.00 0.0006285
desk 0 0 -10 3.48 72.11 80.93 390.19 0.0006153
chair 0 0 -10 195.32 162.30 654.48 519.14 0.0005976
bookshelf 0 0 -10 7.01 28.94 62.43 408.86 0.0005932
dresser 0 0 -10 143.31 283.92 432.38 528.33 0.0005701
bookshelf 0 0 -10 489.78 124.86 725.86 488.12 0.0005633
table 0 0 -10 0.00 232.63 175.18 499.83 0.0005572
chair 0 0 -10 0.00 48.93 34.02 413.21 0.0005500
desk 0 0 -10 147.00 250.96 332.79 514.79 0.0005342
table 0 0 -10 235.54 143.16 345.85 187.45 0.0005339
sofa 0 0 -10 704.08 446.32 728.70 530.00 0.0005179
chair 0 0 -10 537.80 110.45 707.49 345.99 0.0005068
