chair 0 0 -10 102.02 206.29 371.43 372.76 0.7889979
chair 0 0 -10 358.92 208.32 637.84 396.71 0.4686039
chair 0 0 -10 104.73 229.76 264.04 352.17 0.1871008
chair 0 0 -10 355.91 244.06 492.07 364.40 0.1666464
chair 0 0 -10 461.01 246.12 633.42 393.12 0.0588403
chair 0 0 -10 348.62 162.90 508.66 373.59 0.0361096
table 0 0 -10 358.45 258.01 492.49 346.60 0.0341062
table 0 0 -10 264.90 259.07 627.40 389.00 0.0259119
chair 0 0 -10 201.04 238.80 369.15 381.29 0.0252810
table 0 0 -10 263.19 248.25 481.29 324.34 0.0240627
table 0 0 -10 106.48 251.04 417.74 377.01 0.0235114
bookshelf 0 0 -10 2.12 0.00 143.14 163.37 0.0222495
sofa 0 0 -10 67.33 156.70 679.33 383.20 0.0218212
table 0 0 -10 117.54 239.57 248.20 310.64 0.0216744
table 0 0 -10 65.71 178.95 673.82 383.40 0.0136257
sofa 0 0 -10 348.29 236.53 639.42 403.27 0.0114019
sofa 0 0 -10 97.35 224.10 373.41 379.27 0.0111247
bookshelf 0 0 -10 525.30 47.08 637.98 176.27 0.0110491
sofa 0 0 -10 357.62 250.14 545.70 377.39 0.0083359
chair 0 0 -10 121.85 160.66 604.33 383.83 0.0082643
bookshelf 0 0 -10 476.66 3.38 662.03 184.28 0.0071273
bookshelf 0 0 -10 6.83 0.00 379.25 170.40 0.0070634
sofa 0 0 -10 332.68 175.07 649.63 357.57 0.0066410
chair 0 0 -10 107.54 240.40 245.13 311.04 0.0064685
desk 0 0 -10 59.02 171.47 682.41 389.02 0.0060874
bookshelf 0 0 -10 24.12 0.00 692.41 187.33 0.0049007
chair 0 0 -10 88.56 160.38 420.66 319.59 0.0047251
table 0 0 -10 93.74 248.07 245.23 351.78 0.0039138
table 0 0 -10 119.85 240.24 359.98 329.05 0.0037178
chair 0 0 -10 337.77 208.00 487.69 330.17 0.0036765
table 0 0 -10 250.88 198.16 649.23 346.72 0.0035918
chair 0 0 -10 319.89 117.56 658.13 441.25 0.0034228
chair 0 0 -10 393.17 0.00 499.50 48.88 0.0031943
bookshelf 0 0 -10 14.51 0.00 303.61 295.63 0.0030753
sofa 0 0 -10 94.60 157.57 369.51 330.57 0.0029040
chair 0 0 -10 520.35 58.47 638.70 186.99 0.0027679
chair 0 0 -10 57.74 113.32 400.87 418.93 0.0026295
bed 0 0 -10 538.14 69.81 633.28 174.50 0.0023763
table 0 0 -10 101.00 263.03 584.39 493.66 0.0022345
chair 0 0 -10 470.30 142.93 668.08 389.02 0.0021977
bookshelf 0 0 -10 527.75 59.64 591.19 168.61 0.0021686
chair 0 0 -10 337.62 0.00 413.73 48.09 0.0020728
table 0 0 -10 138.08 78.18 283.14 166.15 0.0018288
table 0 0 -10 224.84 237.13 384.36 313.75 0.0017918
chair 0 0 -10 278.68 241.31 471.83 327.61 0.0015462
desk 0 0 -10 322.24 220.95 647.74 384.39 0.0015423
chair 0 0 -10 155.95 249.62 545.22 407.49 0.0015245
desk 0 0 -10 107.57 221.77 462.45 374.48 0.0015147
table 0 0 -10 54.00 187.11 387.88 343.13 0.0015005
table 0 0 -10 414.47 256.24 629.91 343.14 0.0014722
chair 0 0 -10 248.76 192.04 597.63 342.03 0.0014365
chair 0 0 -10 314.42 2.92 447.25 57.53 0.0014110
chair 0 0 -10 209.75 223.04 372.37 318.07 0.0013350
bookshelf 0 0 -10 286.12 5.00 648.55 176.97 0.0013089
chair 0 0 -10 67.05 135.50 286.67 340.16 0.0012933
table 0 0 -10 362.44 280.62 651.25 440.82 0.0011182
table 0 0 -10 341.78 218.31 515.89 365.22 0.0010935
table 0 0 -10 127.00 267.55 321.32 311.94 0.0010468
chair 0 0 -10 527.28 65.72 591.02 172.25 0.0009805
sofa 0 0 -10 104.50 256.00 620.10 409.86 0.0009588
sofa 0 0 -10 109.56 194.40 549.55 333.26 0.0009374
bookshelf 0 0 -10 336.29 88.04 405.21 165.96 0.0009158
chair 0 0 -10 501.43 12.16 674.10 190.14 0.0008789
dresser 0 0 -10 336.29 91.66 404.64 162.52 0.0008552
bed 0 0 -10 67.13 153.56 678.64 383.52 0.0008194
desk 0 0 -10 80.93 179.04 389.84 328.73 0.0008097
chair 0 0 -10 334.48 90.55 404.69 164.36 0.0008061
toilet 0 0 -10 94.90 195.73 359.39 398.70 0.0008048
bed 0 0 -10 105.74 228.41 365.24 371.01 0.0007987
sofa 0 0 -10 107.61 238.07 267.25 338.82 0.0007908
desk 0 0 -10 235.41 184.76 669.67 329.67 0.0007236
table 0 0 -10 336.52 4.97 485.56 55.33 0.0007105
bookshelf 0 0 -10 3.68 23.66 126.64 286.97 0.0006856
chair 0 0 -10 383.00 0.00 449.96 55.24 0.0006621
chair 0 0 -10 296.13 0.70 355.88 59.35 0.0006576
desk 0 0 -10 31.65 65.52 431.15 348.72 0.0006569
table 0 0 -10 84.98 207.48 258.64 320.71 0.0006331
chair 0 0 -10 238.01 0.00 592.12 52.16 0.0006207
table 0 0 -10 364.69 292.06 601.16 333.70 0.0006006
table 0 0 -10 95.26 181.34 560.55 305.76 0.0005946
table 0 0 -10 51.44 9.29 424.20 141.44 0.0005931
bed 0 0 -10 525.94 65.20 593.14 173.34 0.0005907
chair 0 0 -10 251.10 0.00 350.23 90.44 0.0005579
chair 0 0 -10 209.90 99.96 425.57 367.90 0.0005481
bed 0 0 -10 41.70 7.84 427.26 147.61 0.0005242
bookshelf 0 0 -10 97.76 50.36 383.56 363.14 0.0005093
bookshelf 0 0 -10 40.12 0.31 189.14 139.10 0.0004962
sofa 0 0 -10 99.77 171.22 475.36 443.29 0.0004903
table 0 0 -10 37.46 72.46 422.88 342.17 0.0004789
bookshelf 0 0 -10 345.08 6.29 615.38 66.47 0.0004547
chair 0 0 -10 375.70 220.53 617.11 315.47 0.0004505
bookshelf 0 0 -10 106.48 75.66 652.42 335.63 0.0004479
toilet 0 0 -10 357.80 240.46 630.93 413.02 0.0004473
bed 0 0 -10 0.00 0.00 730.00 304.84 0.0004373
bookshelf 0 0 -10 338.95 1.10 720.90 109.98 0.0004335
table 0 0 -10 522.73 119.42 644.92 190.38 0.0004303
desk 0 0 -10 133.96 76.20 290.68 168.25 0.0004291
chair 0 0 -10 112.56 210.73 363.58 287.32 0.0004279
bed 0 0 -10 13.82 2.46 691.35 127.24 0.0004230
bookshelf 0 0 -10 103.30 149.24 455.92 298.84 0.0004123
