chair 0 0 -10 1.26 288.01 74.22 524.65 0.7375999
chair 0 0 -10 4.39 367.07 219.64 530.00 0.3246982
chair 0 0 -10 0.32 306.85 59.74 436.21 0.1315709
chair 0 0 -10 5.44 191.72 90.09 475.74 0.0548059
chair 0 0 -10 2.17 341.54 126.87 523.96 0.0325606
table 0 0 -10 0.00 299.51 69.62 530.00 0.0221647
table 0 0 -10 266.36 294.98 460.95 437.69 0.0141752
chair 0 0 -10 0.00 149.00 56.26 491.63 0.0098899
chair 0 0 -10 0.00 262.81 177.94 519.37 0.0098555
desk 0 0 -10 0.64 296.78 67.38 530.00 0.0049768
table 0 0 -10 1.11 319.95 59.14 439.22 0.0046781
chair 0 0 -10 1.38 372.14 57.96 528.98 0.0040292
chair 0 0 -10 1.28 384.78 63.65 438.59 0.0037926
chair 0 0 -10 1.82 352.45 56.17 411.10 0.0036924
table 0 0 -10 20.98 232.40 559.09 530.00 0.0029329
chair 0 0 -10 1.99 254.02 30.42 438.87 0.0020002
chair 0 0 -10 7.10 270.72 125.60 446.06 0.0018888
table 0 0 -10 227.21 265.75 396.17 437.83 0.0018684
chair 0 0 -10 0.71 123.94 106.68 391.69 0.0018637
table 0 0 -10 4.68 163.55 71.55 458.44 0.0015628
chair 0 0 -10 1.22 333.93 30.27 524.16 0.0014987
chair 0 0 -10 3.49 228.19 124.03 363.97 0.0013823
chair 0 0 -10 28.68 370.33 598.89 530.00 0.0013358
chair 0 0 -10 2.85 202.86 41.00 410.06 0.0012827
table 0 0 -10 0.84 330.77 38.11 528.52 0.0012249
chair 0 0 -10 0.00 41.23 64.76 358.43 0.0011456
table 0 0 -10 224.66 199.21 667.09 530.00 0.0011131
table 0 0 -10 217.58 241.01 509.85 493.77 0.0010570
table 0 0 -10 6.05 266.79 136.41 520.20 0.0010322
table 0 0 -10 1.52 354.06 55.14 414.59 0.0010129
chair 0 0 -10 14.00 289.18 421.14 530.00 0.0009965
chair 0 0 -10 3.51 310.92 10.14 518.65 0.0007869
sofa 0 0 -10 1.14 291.37 73.03 523.10 0.0007850
table 0 0 -10 310.69 307.13 642.56 527.01 0.0007819
chair 0 0 -10 0.00 424.21 406.52 530.00 0.0007397
sofa 0 0 -10 1.19 313.75 60.95 431.83 0.0007326
bed 0 0 -10 200.45 98.90 730.00 529.80 0.0006850
table 0 0 -10 26.75 321.39 213.68 530.00 0.0006394
chair 0 0 -10 3.74 331.96 49.57 391.96 0.0006087
desk 0 0 -10 96.26 265.76 674.66 530.00 0.0005911
desk 0 0 -10 0.39 319.81 57.06 438.60 0.0005520
chair 0 0 -10 9.60 164.05 27.09 526.04 0.0005356
sofa 0 0 -10 14.27 390.50 206.82 528.42 0.0005128
chair 0 0 -10 5.20 259.12 21.90 519.60 0.0004841
chair 0 0 -10 0.97 185.10 73.21 363.96 0.0004728
chair 0 0 -10 0.24 185.64 193.22 385.17 0.0004690
bed 0 0 -10 91.68 261.09 678.24 530.00 0.0004643
table 0 0 -10 132.51 213.92 432.19 445.82 0.0004328
chair 0 0 -10 3.30 251.13 8.88 456.18 0.0004110
chair 0 0 -10 186.84 0.00 250.32 61.26 0.0003978
desk 0 0 -10 4.71 258.13 107.79 526.34 0.0003928
table 0 0 -10 1.22 395.20 58.04 530.00 0.0003853
table 0 0 -10 0.42 382.75 62.10 442.60 0.0003506
chair 0 0 -10 1.58 363.56 42.30 447.77 0.0003182
bathtub 0 0 -10 0.79 70.19 81.35 339.18 0.0003118
sofa 0 0 -10 95.58 266.87 674.32 530.00 0.0003062
chair 0 0 -10 2.35 315.87 13.25 468.01 0.0002913
chair 0 0 -10 257.33 203.48 685.09 521.18 0.0002667
bathtub 0 0 -10 1.43 67.19 84.51 203.77 0.0002640
table 0 0 -10 0.00 108.33 101.27 380.60 0.0002631
chair 0 0 -10 4.18 328.61 19.08 454.06 0.0002455
dresser 0 0 -10 2.79 295.41 66.40 529.67 0.0002423
chair 0 0 -10 2.12 279.74 50.13 369.11 0.0002387
desk 0 0 -10 0.49 90.09 84.52 519.42 0.0002247
table 0 0 -10 344.36 311.24 493.06 445.21 0.0002234
bed 0 0 -10 2.44 84.15 64.46 406.12 0.0002175
table 0 0 -10 3.99 320.64 9.65 524.66 0.0002171
chair 0 0 -10 1.66 255.21 77.87 395.14 0.0002122
sofa 0 0 -10 215.99 106.35 730.00 523.56 0.0002093
chair 0 0 -10 1.27 211.35 17.21 479.52 0.0001984
table 0 0 -10 0.66 213.53 50.13 370.89 0.0001828
bed 0 0 -10 361.10 243.97 730.00 529.13 0.0001818
toilet 0 0 -10 1.18 283.20 67.56 524.93 0.0001722
desk 0 0 -10 192.67 98.05 730.00 518.84 0.0001673
bookshelf 0 0 -10 3.60 284.08 65.70 528.75 0.0001554
table 0 0 -10 409.99 366.34 704.47 530.00 0.0001551
night_stand 0 0 -10 0.54 291.54 68.32 520.36 0.0001488
chair 0 0 -10 4.96 381.03 11.92 524.40 0.0001488
chair 0 0 -10 0.24 213.54 56.09 310.83 0.0001480
chair 0 0 -10 18.21 453.75 293.19 529.96 0.0001466
table 0 0 -10 120.05 20.57 727.00 502.07 0.0001452
bed 0 0 -10 0.24 302.84 68.92 508.94 0.0001446
chair 0 0 -10 6.38 402.21 26.91 526.67 0.0001351
table 0 0 -10 102.98 160.81 355.29 347.30 0.0001328
table 0 0 -10 210.47 231.43 363.23 393.92 0.0001276
table 0 0 -10 1.38 291.86 21.24 520.85 0.0001270
dresser 0 0 -10 202.16 17.96 259.58 181.90 0.0001262
night_stand 0 0 -10 1.82 314.15 59.62 429.32 0.0001256
dresser 0 0 -10 0.00 71.01 84.87 512.26 0.0001256
chair 0 0 -10 0.30 267.31 5.73 480.74 0.0001256
chair 0 0 -10 1.02 286.73 10.42 430.17 0.0001252
table 0 0 -10 31.19 332.74 406.56 526.88 0.0001212
table 0 0 -10 3.03 269.74 85.24 422.69 0.0001210
bathtub 0 0 -10 1.10 284.65 69.40 522.19 0.0001208
table 0 0 -10 5.13 327.58 100.89 489.23 0.0001203
chair 0 0 -10 153.10 0.00 258.64 79.41 0.0001198
table 0 0 -10 5.89 308.31 11.12 517.13 0.0001159
bed 0 0 -10 21.26 388.71 211.64 527.76 0.0001131
table 0 0 -10 4.45 79.00 46.05 443.41 0.0001100
bed 0 0 -10 0.72 167.53 101.72 317.59 0.0001084
