chair 0 0 -10 183.48 230.75 404.22 527.38 0.9856164
chair 0 0 -10 385.85 154.93 489.55 323.18 0.9620554
bookshelf 0 0 -10 405.67 24.89 512.79 275.63 0.1938059
chair 0 0 -10 402.62 160.51 479.97 246.10 0.1077653
table 0 0 -10 399.11 187.09 512.33 321.20 0.0488454
dresser 0 0 -10 419.12 32.75 515.29 195.27 0.0462440
table 0 0 -10 414.72 167.19 514.42 253.18 0.0402422
night_stand 0 0 -10 424.87 166.61 508.97 247.95 0.0352045
chair 0 0 -10 405.64 158.81 452.77 282.33 0.0307030
bathtub 0 0 -10 2.44 147.91 93.69 508.32 0.0254680
bookshelf 0 0 -10 440.41 37.82 497.27 177.23 0.0218925
chair 0 0 -10 388.04 31.91 510.95 324.07 0.0212336
desk 0 0 -10 386.28 181.75 507.16 332.87 0.0161547
dresser 0 0 -10 392.95 16.99 513.39 301.17 0.0109481
desk 0 0 -10 406.98 165.01 513.76 276.01 0.0109067
bookshelf 0 0 -10 426.75 29.98 526.12 191.72 0.0091970
table 0 0 -10 439.11 167.30 510.41 220.67 0.0090690
chair 0 0 -10 401.56 142.24 435.24 311.28 0.0089654
chair 0 0 -10 405.72 150.79 508.49 273.52 0.0079464
desk 0 0 -10 402.83 38.80 521.25 263.76 0.0071406
dresser 0 0 -10 425.02 169.12 509.09 247.04 0.0065595
sofa 0 0 -10 398.47 157.98 508.93 276.68 0.0055050
dresser 0 0 -10 440.55 40.70 497.16 174.81 0.0043680
chair 0 0 -10 386.44 156.81 420.23 299.76 0.0040279
chair 0 0 -10 393.98 173.12 404.34 287.92 0.0036624
night_stand 0 0 -10 440.47 160.92 508.86 218.00 0.0033055
bookshelf 0 0 -10 401.78 117.83 497.40 291.78 0.0031073
chair 0 0 -10 397.48 164.47 409.77 295.87 0.0030522
toilet 0 0 -10 0.00 152.50 91.38 523.83 0.0029230
chair 0 0 -10 192.56 259.24 396.60 392.38 0.0028474
chair 0 0 -10 375.65 144.77 445.81 310.36 0.0028139
bookshelf 0 0 -10 463.16 28.01 511.54 183.72 0.0025757
bathtub 0 0 -10 5.69 150.72 123.92 334.76 0.0025394
chair 0 0 -10 414.48 12.93 515.20 159.41 0.0025363
table 0 0 -10 0.67 152.65 91.89 503.22 0.0025166
chair 0 0 -10 170.83 181.46 334.35 479.38 0.0024972
table 0 0 -10 173.66 305.79 388.40 527.88 0.0022881
table 0 0 -10 405.64 44.37 516.02 260.68 0.0022288
desk 0 0 -10 417.35 16.53 517.27 164.11 0.0021715
night_stand 0 0 -10 417.50 21.22 514.76 158.09 0.0021409
chair 0 0 -10 427.32 169.56 512.54 246.53 0.0020783
chair 0 0 -10 442.67 1.10 531.22 46.53 0.0018862
dresser 0 0 -10 429.74 35.48 511.59 130.53 0.0017624
table 0 0 -10 418.87 21.01 512.64 166.24 0.0017537
bookshelf 0 0 -10 424.11 166.19 510.32 247.88 0.0016513
bathtub 0 0 -10 0.00 154.68 67.13 410.96 0.0016009
dresser 0 0 -10 462.56 33.52 511.63 181.74 0.0015625
chair 0 0 -10 378.39 168.05 408.29 295.14 0.0015606
table 0 0 -10 428.40 181.29 494.24 278.62 0.0014317
chair 0 0 -10 410.38 0.70 507.66 65.53 0.0014301
chair 0 0 -10 411.21 153.23 499.31 209.04 0.0013941
sofa 0 0 -10 381.23 176.60 501.87 337.35 0.0013754
bookshelf 0 0 -10 428.70 0.80 519.54 128.24 0.0013457
dresser 0 0 -10 399.90 139.52 499.68 294.13 0.0012508
chair 0 0 -10 280.62 192.69 455.25 460.87 0.0012345
table 0 0 -10 362.41 177.75 399.24 296.78 0.0011684
desk 0 0 -10 437.74 165.53 513.02 243.46 0.0011077
night_stand 0 0 -10 398.82 145.45 500.32 295.99 0.0011047
chair 0 0 -10 373.68 0.17 466.12 60.48 0.0011046
table 0 0 -10 186.54 229.10 429.49 474.81 0.0010303
chair 0 0 -10 347.63 145.04 522.90 355.04 0.0010027
chair 0 0 -10 448.94 1.00 559.59 79.57 0.0009270
bookshelf 0 0 -10 471.27 65.22 504.71 209.84 0.0009217
table 0 0 -10 436.18 9.08 513.73 60.16 0.0008986
bathtub 0 0 -10 0.79 157.13 83.42 241.29 0.0008897
bed 0 0 -10 389.46 5.97 513.22 309.80 0.0008740
chair 0 0 -10 213.97 162.43 394.40 369.13 0.0008722
chair 0 0 -10 382.55 223.95 468.64 326.14 0.0008696
chair 0 0 -10 393.81 153.50 439.40 237.93 0.0008522
bed 0 0 -10 397.81 141.96 500.89 302.69 0.0008513
chair 0 0 -10 32.58 238.06 344.84 530.00 0.0008451
chair 0 0 -10 392.71 196.15 493.17 251.95 0.0008236
chair 0 0 -10 400.16 157.09 458.56 216.73 0.0007942
table 0 0 -10 392.84 231.54 478.86 320.33 0.0007617
toilet 0 0 -10 387.91 25.53 510.17 311.73 0.0007107
night_stand 0 0 -10 386.75 190.66 504.43 339.13 0.0007081
dresser 0 0 -10 443.34 31.56 561.14 173.14 0.0007045
desk 0 0 -10 184.52 271.77 383.78 525.90 0.0006935
table 0 0 -10 438.17 153.65 547.09 226.68 0.0006891
dresser 0 0 -10 1.65 148.69 112.30 516.53 0.0006876
chair 0 0 -10 396.53 87.29 466.69 305.23 0.0006816
chair 0 0 -10 278.15 137.41 481.43 332.88 0.0006614
chair 0 0 -10 0.00 133.54 98.88 505.45 0.0006511
sofa 0 0 -10 443.23 161.83 498.75 246.94 0.0006502
chair 0 0 -10 417.96 157.03 433.85 243.18 0.0006392
table 0 0 -10 371.97 175.82 474.03 326.88 0.0006212
sofa 0 0 -10 393.35 28.72 511.43 293.70 0.0006043
table 0 0 -10 439.31 170.37 484.18 210.57 0.0006001
bed 0 0 -10 416.88 159.73 503.66 255.23 0.0005986
table 0 0 -10 77.51 399.07 320.48 530.00 0.0005738
chair 0 0 -10 368.30 169.56 399.49 314.17 0.0005738
sofa 0 0 -10 189.39 236.95 395.92 525.67 0.0005723
chair 0 0 -10 354.01 0.00 562.37 174.74 0.0005614
chair 0 0 -10 282.25 127.78 365.14 340.57 0.0005360
bookshelf 0 0 -10 472.32 45.68 528.40 239.83 0.0005175
chair 0 0 -10 388.04 181.75 398.43 271.93 0.0005134
chair 0 0 -10 492.56 0.00 587.22 98.98 0.0005057
bookshelf 0 0 -10 392.93 8.68 576.57 231.52 0.0004975
table 0 0 -10 461.90 157.99 507.44 244.49 0.0004897
chair 0 0 -10 452.15 164.56 515.83 228.03 0.0004772
