sofa 0 0 -10 4.40 233.50 253.59 526.29 0.9015252
chair 0 0 -10 572.92 51.64 663.99 162.38 0.8725729
chair 0 0 -10 503.13 46.56 582.62 144.71 0.7056759
sofa 0 0 -10 376.77 176.57 666.41 446.91 0.6518982
chair 0 0 -10 86.85 123.25 292.78 284.31 0.5744900
table 0 0 -10 532.90 43.77 685.24 143.97 0.5638078
sofa 0 0 -10 89.56 122.66 291.72 288.43 0.2498678
chair 0 0 -10 652.95 32.83 730.00 159.13 0.2211000
desk 0 0 -10 523.34 37.89 684.53 163.67 0.2051169
chair 0 0 -10 376.36 179.84 669.91 450.70 0.1699691
chair 0 0 -10 579.11 38.74 661.54 115.71 0.1320475
chair 0 0 -10 598.89 33.91 705.24 150.56 0.0510759
bed 0 0 -10 8.05 265.86 255.87 524.57 0.0472897
chair 0 0 -10 531.63 48.86 634.30 161.59 0.0363473
chair 0 0 -10 9.74 241.90 263.15 526.75 0.0329019
chair 0 0 -10 511.00 50.00 574.91 105.58 0.0221822
table 0 0 -10 500.10 24.10 708.45 179.34 0.0198064
chair 0 0 -10 668.24 42.18 728.92 112.38 0.0176193
chair 0 0 -10 506.71 34.84 610.04 104.41 0.0123221
table 0 0 -10 11.84 275.77 269.12 524.06 0.0119477
desk 0 0 -10 553.86 49.91 662.98 138.30 0.0119326
sofa 0 0 -10 60.95 164.85 650.27 498.68 0.0118495
chair 0 0 -10 581.70 27.10 650.47 84.85 0.0070972
table 0 0 -10 535.33 42.58 686.36 82.72 0.0062548
chair 0 0 -10 490.70 38.36 607.42 176.46 0.0058146
bed 0 0 -10 371.82 179.14 662.80 449.29 0.0056920
sofa 0 0 -10 12.69 142.87 357.05 486.75 0.0055089
chair 0 0 -10 528.78 36.32 590.45 124.15 0.0053762
chair 0 0 -10 514.48 28.82 697.57 144.23 0.0053164
table 0 0 -10 366.79 212.71 646.84 456.26 0.0047503
chair 0 0 -10 569.64 38.53 625.76 118.30 0.0043885
table 0 0 -10 533.01 40.57 619.71 114.55 0.0039788
chair 0 0 -10 543.43 75.34 673.67 186.84 0.0038334
chair 0 0 -10 712.42 26.01 730.00 167.46 0.0035729
desk 0 0 -10 5.10 256.18 262.33 529.97 0.0033925
desk 0 0 -10 445.95 10.01 719.11 191.17 0.0032930
desk 0 0 -10 512.59 44.95 626.09 148.48 0.0030026
chair 0 0 -10 695.75 24.74 727.85 163.07 0.0029219
sofa 0 0 -10 2.11 216.30 159.81 438.17 0.0029048
chair 0 0 -10 596.79 20.49 695.43 96.22 0.0026828
chair 0 0 -10 626.69 24.76 680.24 128.76 0.0026154
chair 0 0 -10 645.32 86.97 725.31 165.25 0.0026086
table 0 0 -10 517.66 42.39 592.02 129.70 0.0024516
chair 0 0 -10 497.14 5.98 589.85 91.77 0.0021618
table 0 0 -10 91.07 128.24 284.61 275.14 0.0021270
dresser 0 0 -10 1.73 245.92 265.66 530.00 0.0019313
table 0 0 -10 572.64 54.50 664.36 158.86 0.0019063
chair 0 0 -10 582.55 44.73 596.43 90.66 0.0018843
bed 0 0 -10 0.00 6.29 106.25 197.01 0.0018826
chair 0 0 -10 720.72 24.34 728.91 153.40 0.0018448
chair 0 0 -10 647.33 5.08 723.17 114.25 0.0017371
table 0 0 -10 514.56 34.95 671.87 102.77 0.0016383
desk 0 0 -10 363.97 205.87 654.72 451.07 0.0016107
chair 0 0 -10 52.57 193.29 283.52 437.73 0.0015901
chair 0 0 -10 562.99 32.90 707.90 208.58 0.0015064
chair 0 0 -10 359.37 161.44 566.21 397.92 0.0014859
table 0 0 -10 663.07 84.08 726.77 170.73 0.0014101
chair 0 0 -10 581.33 86.82 653.77 123.06 0.0013322
chair 0 0 -10 431.81 56.61 572.19 153.37 0.0013091
chair 0 0 -10 689.35 12.44 730.00 251.61 0.0013065
chair 0 0 -10 588.12 41.37 604.69 90.27 0.0012583
desk 0 0 -10 533.76 41.77 599.03 134.29 0.0012499
chair 0 0 -10 508.95 78.51 571.91 105.82 0.0012020
table 0 0 -10 559.79 40.47 654.76 120.04 0.0011803
table 0 0 -10 385.22 227.31 546.35 411.63 0.0011425
table 0 0 -10 366.35 11.60 712.51 227.23 0.0011394
dresser 0 0 -10 372.51 186.33 662.03 444.32 0.0011114
chair 0 0 -10 664.27 80.69 727.35 121.74 0.0010381
chair 0 0 -10 666.11 3.44 725.42 74.80 0.0010297
chair 0 0 -10 579.15 44.77 603.72 80.15 0.0010097
chair 0 0 -10 4.46 420.15 353.85 527.70 0.0009057
table 0 0 -10 501.63 65.13 568.46 150.74 0.0008980
chair 0 0 -10 466.44 30.22 558.15 126.31 0.0008892
sofa 0 0 -10 527.65 38.92 686.72 164.94 0.0008860
night_stand 0 0 -10 20.38 263.06 270.44 530.00 0.0008820
dresser 0 0 -10 94.75 127.19 293.51 284.94 0.0008790
bookshelf 0 0 -10 97.18 121.41 293.30 287.29 0.0008594
chair 0 0 -10 425.26 1.16 595.01 52.99 0.0007965
desk 0 0 -10 580.39 62.10 659.19 169.12 0.0007959
bed 0 0 -10 92.51 125.29 296.41 290.83 0.0007391
desk 0 0 -10 538.78 40.79 683.94 95.68 0.0007299
dresser 0 0 -10 557.42 44.06 673.07 169.29 0.0007276
night_stand 0 0 -10 376.34 192.30 660.22 460.52 0.0007199
chair 0 0 -10 580.97 6.43 697.40 68.17 0.0007149
bookshelf 0 0 -10 558.22 41.29 672.39 167.22 0.0006944
bathtub 0 0 -10 17.30 292.60 249.30 521.82 0.0006792
chair 0 0 -10 504.79 41.64 665.77 246.22 0.0006716
night_stand 0 0 -10 97.23 129.38 294.13 295.54 0.0006686
table 0 0 -10 486.82 54.30 616.70 153.73 0.0006620
sofa 0 0 -10 358.10 168.14 565.81 396.56 0.0006532
desk 0 0 -10 94.71 131.71 292.38 289.88 0.0006336
desk 0 0 -10 478.23 51.26 576.77 155.19 0.0006211
bookshelf 0 0 -10 383.29 162.83 663.15 441.00 0.0006164
chair 0 0 -10 725.05 12.58 730.00 146.43 0.0006008
night_stand 0 0 -10 559.11 45.56 675.26 169.16 0.0005929
sofa 0 0 -10 77.96 52.54 638.02 389.52 0.0005742
bookshelf 0 0 -10 15.17 264.32 254.60 522.11 0.0005709
table 0 0 -10 577.72 101.10 652.74 171.10 0.0005647
chair 0 0 -10 547.12 15.25 675.52 80.45 0.0005635
chair 0 0 -10 510.74 10.69 621.45 67.22 0.0005593
