chair 0 0 -10 83.27 150.87 245.69 371.44 0.9945682
chair 0 0 -10 242.45 200.54 424.13 499.82 0.9912021
chair 0 0 -10 429.22 191.15 598.05 427.25 0.9903646
table 0 0 -10 169.32 174.15 528.33 421.07 0.9069283
chair 0 0 -10 202.87 134.51 313.19 308.05 0.9001780
chair 0 0 -10 318.99 137.55 442.75 265.92 0.8846388
chair 0 0 -10 195.47 134.21 321.20 211.67 0.6344409
chair 0 0 -10 541.41 129.40 640.25 276.96 0.6107206
table 0 0 -10 634.00 172.18 730.00 354.47 0.5319968
desk 0 0 -10 638.74 164.00 729.51 353.73 0.4342165
chair 0 0 -10 329.18 137.54 436.38 183.28 0.4238400
desk 0 0 -10 142.54 166.70 552.36 460.59 0.3844748
chair 0 0 -10 144.02 151.23 284.08 360.97 0.3480619
chair 0 0 -10 508.13 164.72 625.44 284.91 0.3157671
chair 0 0 -10 251.77 163.32 427.49 366.06 0.2481322
table 0 0 -10 0.22 190.54 64.97 331.15 0.2001729
chair 0 0 -10 211.30 146.53 359.15 351.36 0.1702733
chair 0 0 -10 445.87 187.37 609.79 319.76 0.1318922
table 0 0 -10 183.38 165.99 507.78 280.44 0.0816445
desk 0 0 -10 510.93 167.13 724.82 350.28 0.0516535
chair 0 0 -10 225.42 130.14 286.78 264.84 0.0497705
table 0 0 -10 80.89 172.52 620.78 510.46 0.0479503
chair 0 0 -10 385.51 139.40 621.97 298.11 0.0344277
chair 0 0 -10 89.05 145.85 214.60 284.42 0.0336131
chair 0 0 -10 570.17 162.48 636.42 269.87 0.0331091
chair 0 0 -10 341.21 138.00 401.67 263.63 0.0295342
table 0 0 -10 511.44 171.49 723.84 343.05 0.0293224
table 0 0 -10 179.34 158.72 361.72 369.91 0.0267098
table 0 0 -10 687.77 166.62 729.95 392.70 0.0238241
chair 0 0 -10 352.48 138.97 419.18 172.09 0.0222726
chair 0 0 -10 584.55 125.40 650.77 280.79 0.0215465
desk 0 0 -10 0.70 184.84 63.60 338.04 0.0173673
chair 0 0 -10 326.43 120.91 500.94 290.47 0.0165851
desk 0 0 -10 177.69 159.75 398.06 374.15 0.0161498
table 0 0 -10 477.55 186.23 614.55 290.21 0.0120178
chair 0 0 -10 240.27 137.25 377.65 255.00 0.0114591
chair 0 0 -10 562.22 128.75 614.68 267.96 0.0111044
desk 0 0 -10 419.88 176.55 694.86 388.69 0.0109963
chair 0 0 -10 685.45 212.27 730.00 382.41 0.0108786
chair 0 0 -10 212.66 130.32 282.82 195.85 0.0106654
chair 0 0 -10 543.88 126.99 608.69 214.96 0.0104025
chair 0 0 -10 348.75 134.26 429.06 219.60 0.0101060
table 0 0 -10 0.24 186.21 19.50 352.31 0.0097303
table 0 0 -10 457.61 192.74 610.68 393.59 0.0096831
chair 0 0 -10 246.95 177.20 562.47 455.29 0.0094595
table 0 0 -10 504.83 211.35 607.92 270.14 0.0090581
table 0 0 -10 640.13 146.56 730.00 271.97 0.0073509
desk 0 0 -10 687.74 175.56 729.61 353.05 0.0063707
chair 0 0 -10 136.82 135.07 251.74 262.22 0.0054806
table 0 0 -10 215.30 183.96 458.82 364.73 0.0054144
table 0 0 -10 0.26 185.53 50.85 274.14 0.0053344
chair 0 0 -10 350.23 163.03 527.57 362.39 0.0050950
table 0 0 -10 129.49 160.86 265.81 371.46 0.0050127
chair 0 0 -10 169.97 178.56 377.43 459.78 0.0048241
chair 0 0 -10 230.12 135.71 270.92 179.98 0.0043425
chair 0 0 -10 513.32 206.35 604.95 269.10 0.0042038
chair 0 0 -10 453.35 122.43 660.54 268.43 0.0040923
desk 0 0 -10 184.62 163.40 506.73 279.47 0.0040651
table 0 0 -10 258.09 138.03 456.96 195.13 0.0034400
table 0 0 -10 395.06 173.59 565.11 376.18 0.0033810
desk 0 0 -10 147.49 163.20 305.37 362.64 0.0033722
table 0 0 -10 3.34 190.02 12.74 335.43 0.0033401
table 0 0 -10 233.49 150.95 469.62 230.03 0.0032386
chair 0 0 -10 693.66 116.06 729.71 297.17 0.0032287
chair 0 0 -10 556.95 111.49 692.55 269.96 0.0031930
table 0 0 -10 717.72 161.18 729.61 401.03 0.0027197
chair 0 0 -10 475.81 169.52 682.70 380.88 0.0025228
table 0 0 -10 299.49 143.79 445.25 182.72 0.0024988
table 0 0 -10 107.94 202.90 419.27 482.24 0.0023785
sofa 0 0 -10 194.66 127.84 315.24 189.69 0.0023303
chair 0 0 -10 691.88 259.13 728.53 356.47 0.0022918
table 0 0 -10 707.21 171.39 729.96 358.34 0.0022766
desk 0 0 -10 213.99 222.29 414.44 506.45 0.0021737
sofa 0 0 -10 440.40 192.11 607.76 405.24 0.0021211
table 0 0 -10 477.45 128.64 613.43 267.46 0.0020696
table 0 0 -10 198.38 130.74 325.84 188.65 0.0020559
sofa 0 0 -10 86.81 150.48 234.00 372.80 0.0018225
night_stand 0 0 -10 632.75 174.87 730.00 353.02 0.0017748
table 0 0 -10 6.37 164.88 173.58 354.28 0.0017691
table 0 0 -10 661.69 161.89 729.21 233.42 0.0017146
chair 0 0 -10 551.37 163.29 663.63 322.46 0.0017033
chair 0 0 -10 501.06 44.48 682.88 307.85 0.0016461
desk 0 0 -10 477.23 183.09 615.34 292.51 0.0016095
table 0 0 -10 539.08 185.10 634.30 277.49 0.0015547
chair 0 0 -10 126.69 149.58 448.28 385.23 0.0015102
table 0 0 -10 181.98 149.19 302.33 318.01 0.0013948
table 0 0 -10 690.37 254.33 727.82 356.95 0.0013890
desk 0 0 -10 707.94 163.96 729.92 360.96 0.0013759
desk 0 0 -10 507.23 210.16 609.32 271.15 0.0012933
desk 0 0 -10 97.33 159.45 241.98 378.33 0.0012522
bookshelf 0 0 -10 492.55 114.43 610.80 266.89 0.0012277
table 0 0 -10 324.46 145.93 600.82 295.68 0.0012165
table 0 0 -10 425.24 160.81 699.67 389.43 0.0012144
chair 0 0 -10 273.95 169.02 380.17 309.26 0.0012067
table 0 0 -10 513.52 134.41 710.62 282.17 0.0011443
night_stand 0 0 -10 676.09 190.70 730.00 373.38 0.0011291
chair 0 0 -10 2.13 187.27 62.20 303.74 0.0011242
table 0 0 -10 0.00 214.20 62.68 502.77 0.0010572
table 0 0 -10 49.99 183.66 270.61 407.11 0.0010463
chair 0 0 -10 628.66 215.51 729.98 402.25 0.0010164
