chair 0 0 -10 399.45 85.99 505.85 166.97 0.9701122
chair 0 0 -10 162.14 140.05 315.53 363.14 0.9452775
chair 0 0 -10 242.53 227.00 494.16 518.09 0.9343351
table 0 0 -10 161.53 122.10 599.41 517.67 0.7949972
chair 0 0 -10 291.79 69.99 380.85 125.29 0.6904382
chair 0 0 -10 277.34 62.04 399.33 219.74 0.6177267
desk 0 0 -10 173.03 128.82 591.34 492.65 0.3986668
chair 0 0 -10 361.40 82.64 526.73 230.37 0.2615323
chair 0 0 -10 168.35 137.29 363.85 466.34 0.1708394
chair 0 0 -10 273.59 315.99 490.45 476.18 0.1620114
chair 0 0 -10 309.76 70.09 489.64 251.40 0.1072100
chair 0 0 -10 166.98 130.49 306.84 239.94 0.1002258
chair 0 0 -10 331.44 81.51 470.82 183.99 0.0637099
chair 0 0 -10 290.96 87.36 455.00 342.12 0.0448547
chair 0 0 -10 223.54 76.06 397.30 336.63 0.0393660
chair 0 0 -10 358.35 86.76 486.80 333.17 0.0357049
chair 0 0 -10 411.91 95.21 540.34 206.98 0.0356532
chair 0 0 -10 373.35 116.88 545.45 281.77 0.0285460
table 0 0 -10 181.34 112.41 565.43 326.00 0.0185862
chair 0 0 -10 250.78 115.94 494.27 411.66 0.0176397
chair 0 0 -10 177.68 103.32 332.92 286.19 0.0152881
table 0 0 -10 188.21 120.00 334.59 360.21 0.0146088
chair 0 0 -10 244.01 88.42 605.91 487.64 0.0145618
chair 0 0 -10 371.10 32.03 528.04 186.78 0.0126447
chair 0 0 -10 238.77 66.28 506.35 174.91 0.0123243
desk 0 0 -10 187.58 119.69 330.41 358.57 0.0120761
chair 0 0 -10 167.23 145.56 285.39 209.10 0.0108469
desk 0 0 -10 171.73 136.28 420.76 399.41 0.0105223
chair 0 0 -10 157.93 149.87 237.70 363.37 0.0098571
table 0 0 -10 279.14 99.26 496.05 184.90 0.0094681
table 0 0 -10 202.82 112.19 517.45 217.48 0.0084421
table 0 0 -10 155.45 252.05 485.09 491.35 0.0083180
desk 0 0 -10 180.13 116.62 559.59 322.21 0.0071599
chair 0 0 -10 301.30 57.74 417.83 147.07 0.0059968
chair 0 0 -10 425.53 108.19 509.03 179.17 0.0058485
chair 0 0 -10 375.04 173.67 470.74 438.47 0.0055848
table 0 0 -10 169.59 126.33 431.98 394.92 0.0054306
chair 0 0 -10 201.16 122.91 273.94 203.94 0.0049860
chair 0 0 -10 419.27 85.20 477.01 132.61 0.0037566
chair 0 0 -10 371.72 54.87 474.41 140.92 0.0036965
chair 0 0 -10 185.54 108.05 335.03 199.89 0.0036727
chair 0 0 -10 376.51 140.77 587.11 473.62 0.0029742
desk 0 0 -10 237.90 96.55 514.94 207.78 0.0028712
chair 0 0 -10 123.94 153.70 284.44 451.81 0.0027655
chair 0 0 -10 178.35 55.56 384.73 234.13 0.0026919
bed 0 0 -10 190.85 92.76 582.97 524.17 0.0026304
table 0 0 -10 332.31 79.29 499.36 158.11 0.0025716
chair 0 0 -10 274.42 104.42 388.58 177.99 0.0025609
chair 0 0 -10 375.90 90.10 489.28 131.31 0.0024389
chair 0 0 -10 293.66 63.68 586.84 298.69 0.0023887
desk 0 0 -10 213.15 106.81 421.11 306.07 0.0022565
desk 0 0 -10 241.51 237.56 545.01 525.19 0.0021235
chair 0 0 -10 317.80 97.77 407.79 315.49 0.0021022
chair 0 0 -10 258.47 279.77 481.79 406.12 0.0018672
table 0 0 -10 294.94 68.61 374.63 123.35 0.0018472
table 0 0 -10 257.60 336.56 476.60 527.23 0.0016287
chair 0 0 -10 330.06 62.57 395.45 125.41 0.0016081
chair 0 0 -10 272.70 88.93 395.04 144.40 0.0015326
table 0 0 -10 403.38 75.67 511.09 167.08 0.0015313
sofa 0 0 -10 160.00 151.44 546.12 522.20 0.0015005
table 0 0 -10 255.89 269.69 522.05 450.25 0.0013741
chair 0 0 -10 203.26 349.59 472.45 528.26 0.0013350
table 0 0 -10 368.84 123.20 511.47 185.75 0.0012340
chair 0 0 -10 367.73 65.89 405.57 140.51 0.0011962
chair 0 0 -10 68.23 173.40 326.21 516.27 0.0011522
sofa 0 0 -10 157.54 131.95 309.68 352.76 0.0011171
bookshelf 0 0 -10 180.94 138.72 600.10 523.32 0.0011019
chair 0 0 -10 330.89 205.41 650.93 530.00 0.0010045
chair 0 0 -10 190.48 134.47 252.74 223.36 0.0010000
desk 0 0 -10 347.99 137.32 561.41 302.16 0.0009420
table 0 0 -10 339.53 137.89 569.52 302.03 0.0009328
dresser 0 0 -10 193.90 124.25 583.48 530.00 0.0007987
chair 0 0 -10 262.85 25.19 414.96 163.05 0.0007973
table 0 0 -10 261.71 102.17 474.81 297.85 0.0007949
chair 0 0 -10 333.78 66.02 381.69 168.58 0.0007005
chair 0 0 -10 441.69 123.22 523.90 188.66 0.0006955
chair 0 0 -10 448.35 183.22 673.07 436.08 0.0006923
dresser 0 0 -10 169.10 127.41 319.90 367.79 0.0006879
table 0 0 -10 153.78 167.27 317.17 459.18 0.0006840
table 0 0 -10 256.66 119.46 407.03 178.50 0.0006643
night_stand 0 0 -10 182.16 144.39 610.44 524.82 0.0006636
table 0 0 -10 160.02 146.37 291.22 334.66 0.0006524
chair 0 0 -10 382.05 77.77 455.83 155.65 0.0006156
table 0 0 -10 280.12 74.72 439.06 146.29 0.0005868
chair 0 0 -10 343.47 144.67 389.69 191.71 0.0005856
chair 0 0 -10 118.21 19.56 624.96 204.16 0.0005443
bookshelf 0 0 -10 160.39 119.17 302.56 348.31 0.0005370
sofa 0 0 -10 402.74 81.31 510.66 170.86 0.0005255
chair 0 0 -10 419.84 20.28 601.06 194.12 0.0005086
chair 0 0 -10 183.48 122.97 304.84 175.25 0.0005005
chair 0 0 -10 228.58 114.88 291.30 182.06 0.0004945
night_stand 0 0 -10 165.81 132.23 322.23 363.86 0.0004809
chair 0 0 -10 395.02 162.30 550.10 345.14 0.0004745
bathtub 0 0 -10 182.07 156.51 625.74 518.92 0.0004737
desk 0 0 -10 258.23 328.65 480.54 527.36 0.0004628
table 0 0 -10 190.47 64.15 504.04 166.20 0.0004492
toilet 0 0 -10 149.70 128.40 305.50 354.72 0.0004378
chair 0 0 -10 204.87 342.22 309.35 525.37 0.0004329
sofa 0 0 -10 160.57 120.40 412.84 423.32 0.0004161
desk 0 0 -10 154.54 169.35 310.30 454.97 0.0004112
