chair 0 0 -10 438.20 114.14 510.98 211.06 0.9332032
table 0 0 -10 523.35 129.65 651.21 236.70 0.8984115
chair 0 0 -10 646.13 168.13 729.17 329.90 0.7408618
sofa 0 0 -10 189.46 155.38 477.44 452.33 0.6319963
table 0 0 -10 1.63 328.94 205.68 530.00 0.4483898
chair 0 0 -10 620.74 151.76 718.56 290.26 0.3752610
chair 0 0 -10 4.68 330.59 190.79 530.00 0.3301525
chair 0 0 -10 635.36 124.64 697.65 233.00 0.2035367
chair 0 0 -10 538.37 112.64 608.62 220.90 0.1651473
table 0 0 -10 533.53 155.41 613.04 235.26 0.1418540
table 0 0 -10 426.09 137.72 684.89 244.77 0.1278528
chair 0 0 -10 3.49 395.38 333.02 528.68 0.1243045
chair 0 0 -10 605.25 141.20 695.58 255.80 0.0800802
table 0 0 -10 562.93 140.04 661.11 263.44 0.0719571
chair 0 0 -10 545.42 110.88 599.78 181.41 0.0653180
table 0 0 -10 580.37 151.31 723.87 309.23 0.0638643
chair 0 0 -10 655.35 160.03 727.03 262.90 0.0584050
chair 0 0 -10 682.68 168.52 729.19 374.47 0.0421564
table 0 0 -10 621.07 156.88 725.93 262.66 0.0415518
chair 0 0 -10 639.67 122.89 703.36 185.54 0.0372401
table 0 0 -10 502.43 156.49 685.30 272.42 0.0354856
chair 0 0 -10 187.18 151.28 477.51 476.90 0.0295396
table 0 0 -10 642.31 170.90 728.92 325.34 0.0276633
table 0 0 -10 532.24 130.30 640.50 189.03 0.0256712
chair 0 0 -10 2.38 261.43 110.68 509.81 0.0243779
chair 0 0 -10 614.29 132.76 668.59 240.48 0.0202674
chair 0 0 -10 677.43 195.17 728.36 294.24 0.0189173
chair 0 0 -10 71.31 446.39 339.42 528.67 0.0160219
sofa 0 0 -10 108.99 145.53 579.48 519.34 0.0152016
table 0 0 -10 526.83 150.52 636.33 204.64 0.0149784
table 0 0 -10 595.68 151.73 686.82 273.16 0.0133356
table 0 0 -10 406.18 162.33 591.62 242.06 0.0119452
chair 0 0 -10 708.44 186.14 730.00 340.10 0.0116914
chair 0 0 -10 4.75 229.17 62.30 508.52 0.0099536
chair 0 0 -10 583.23 180.62 717.46 332.35 0.0097809
desk 0 0 -10 616.49 164.38 717.98 332.26 0.0093357
chair 0 0 -10 525.09 119.09 587.14 203.62 0.0091282
desk 0 0 -10 519.21 134.96 654.13 248.27 0.0090939
chair 0 0 -10 559.26 123.72 670.33 175.92 0.0075597
desk 0 0 -10 529.18 156.29 722.55 335.25 0.0066514
bed 0 0 -10 3.16 323.62 190.04 530.00 0.0064164
chair 0 0 -10 718.16 213.47 729.89 334.77 0.0063966
chair 0 0 -10 558.07 117.46 658.52 215.76 0.0062176
chair 0 0 -10 0.01 104.73 50.48 290.98 0.0061955
table 0 0 -10 678.23 174.31 728.36 385.40 0.0058967
table 0 0 -10 549.91 129.66 607.31 219.10 0.0057589
table 0 0 -10 502.23 141.73 715.63 351.51 0.0054088
chair 0 0 -10 671.05 208.22 727.67 246.19 0.0044916
chair 0 0 -10 649.37 205.13 730.00 416.96 0.0042682
desk 0 0 -10 623.24 154.08 726.46 262.76 0.0040169
chair 0 0 -10 572.79 122.38 598.11 168.14 0.0040145
chair 0 0 -10 705.31 141.34 730.00 292.93 0.0038437
table 0 0 -10 444.62 141.80 516.40 219.31 0.0037071
table 0 0 -10 602.74 172.89 726.08 397.31 0.0036893
table 0 0 -10 194.99 184.98 476.13 468.54 0.0036820
chair 0 0 -10 427.67 116.00 640.10 214.05 0.0036724
chair 0 0 -10 634.88 146.76 713.62 208.71 0.0032834
chair 0 0 -10 721.45 203.00 729.66 301.89 0.0032740
table 0 0 -10 542.59 156.25 618.01 180.71 0.0032555
chair 0 0 -10 560.35 129.94 593.40 175.04 0.0031969
desk 0 0 -10 656.64 180.26 728.33 367.48 0.0029643
chair 0 0 -10 724.87 210.91 729.82 328.92 0.0029544
chair 0 0 -10 560.79 114.30 619.11 173.51 0.0029353
table 0 0 -10 541.26 146.01 620.45 173.95 0.0028821
chair 0 0 -10 0.42 174.24 36.38 299.17 0.0026581
chair 0 0 -10 139.13 377.91 358.98 526.72 0.0023942
table 0 0 -10 35.45 383.37 320.50 529.05 0.0023937
table 0 0 -10 63.49 230.45 454.90 528.79 0.0022487
sofa 0 0 -10 644.42 175.47 729.20 355.58 0.0021759
desk 0 0 -10 463.90 138.44 712.78 282.54 0.0021267
chair 0 0 -10 700.08 233.45 730.00 422.42 0.0021139
table 0 0 -10 4.37 283.06 120.59 518.62 0.0020456
chair 0 0 -10 656.97 239.00 727.44 339.20 0.0019689
chair 0 0 -10 79.94 247.27 433.18 529.76 0.0019560
desk 0 0 -10 0.55 327.20 225.35 530.00 0.0018915
chair 0 0 -10 694.23 210.63 729.54 253.79 0.0018435
table 0 0 -10 646.34 147.80 720.49 217.11 0.0017727
table 0 0 -10 535.64 115.98 610.81 177.97 0.0016877
chair 0 0 -10 642.05 146.49 681.26 202.75 0.0015589
sofa 0 0 -10 3.51 325.55 196.72 530.00 0.0015251
chair 0 0 -10 0.00 152.33 17.74 306.93 0.0015221
desk 0 0 -10 568.81 140.60 693.90 263.36 0.0015026
table 0 0 -10 433.84 130.19 570.69 209.33 0.0014339
table 0 0 -10 714.53 192.11 729.78 357.74 0.0014172
table 0 0 -10 345.53 118.95 669.08 209.49 0.0013925
chair 0 0 -10 522.42 130.28 632.46 249.24 0.0013707
chair 0 0 -10 570.19 121.97 637.22 195.41 0.0013657
chair 0 0 -10 544.80 152.62 605.08 180.28 0.0013363
desk 0 0 -10 528.05 129.17 608.37 222.81 0.0013185
table 0 0 -10 550.02 146.29 600.07 196.23 0.0012917
desk 0 0 -10 641.28 100.89 729.72 321.62 0.0012410
chair 0 0 -10 591.91 127.99 662.28 189.93 0.0012272
chair 0 0 -10 554.33 140.29 594.35 193.13 0.0011935
chair 0 0 -10 721.25 211.59 727.84 388.60 0.0011746
table 0 0 -10 660.81 193.73 728.48 287.66 0.0011732
bed 0 0 -10 189.19 146.47 482.78 467.06 0.0011003
table 0 0 -10 143.01 331.96 344.33 525.68 0.0010936
chair 0 0 -10 4.18 152.74 76.78 405.27 0.0010511
chair 0 0 -10 0.00 178.83 182.95 504.14 0.0010247
chair 0 0 -10 714.82 204.40 728.54 289.87 0.0010192
