chair 0 0 -10 291.81 258.24 460.26 503.17 0.9840977
table 0 0 -10 143.64 242.29 375.02 506.38 0.9459544
table 0 0 -10 0.00 210.30 234.55 512.49 0.9300916
chair 0 0 -10 48.09 185.22 149.54 336.05 0.9107049
chair 0 0 -10 4.59 204.29 125.21 377.65 0.8578296
desk 0 0 -10 271.22 163.30 415.73 332.17 0.2421217
chair 0 0 -10 19.61 180.51 123.27 314.37 0.1671268
dresser 0 0 -10 271.39 157.25 411.99 331.66 0.1542304
chair 0 0 -10 0.00 191.08 65.75 381.69 0.1537485
desk 0 0 -10 12.07 211.41 218.93 488.29 0.1331948
chair 0 0 -10 52.86 186.26 167.76 268.94 0.1213877
chair 0 0 -10 0.22 192.10 154.86 502.03 0.1148692
chair 0 0 -10 0.33 205.71 74.68 272.19 0.1132353
desk 0 0 -10 133.47 243.49 367.00 506.22 0.0981158
table 0 0 -10 27.70 193.59 220.41 374.10 0.0672616
table 0 0 -10 272.15 167.73 414.23 335.66 0.0510129
chair 0 0 -10 56.54 188.65 132.87 233.11 0.0490926
chair 0 0 -10 47.04 192.67 192.34 400.94 0.0345912
chair 0 0 -10 87.81 178.20 153.86 287.25 0.0345646
table 0 0 -10 0.00 241.92 129.98 523.39 0.0310959
table 0 0 -10 114.26 208.55 239.49 401.84 0.0261816
chair 0 0 -10 0.00 198.48 45.20 262.19 0.0224891
chair 0 0 -10 2.54 204.03 91.39 323.13 0.0207521
table 0 0 -10 22.63 249.74 207.26 439.10 0.0205850
night_stand 0 0 -10 271.81 143.77 418.23 332.18 0.0158810
table 0 0 -10 7.74 257.44 425.06 525.48 0.0156481
chair 0 0 -10 313.05 250.54 459.86 382.59 0.0153886
chair 0 0 -10 187.94 264.74 376.26 517.22 0.0130275
chair 0 0 -10 37.09 187.94 111.04 255.15 0.0119921
table 0 0 -10 161.84 234.62 360.18 369.26 0.0113031
table 0 0 -10 74.39 195.78 221.60 298.05 0.0105898
desk 0 0 -10 10.85 229.53 164.29 405.10 0.0102617
desk 0 0 -10 0.87 241.31 123.77 520.85 0.0098992
table 0 0 -10 0.00 252.71 105.19 421.70 0.0096718
chair 0 0 -10 285.41 190.62 425.21 377.22 0.0095163
chair 0 0 -10 8.20 185.63 94.10 263.52 0.0091863
desk 0 0 -10 50.78 201.69 211.64 358.70 0.0079262
chair 0 0 -10 5.55 146.95 140.98 276.65 0.0075921
table 0 0 -10 207.12 251.26 441.38 471.95 0.0069721
chair 0 0 -10 200.39 281.25 263.65 355.62 0.0066004
chair 0 0 -10 54.41 163.01 209.49 326.69 0.0062572
chair 0 0 -10 182.62 240.14 314.76 398.42 0.0061028
table 0 0 -10 1.73 219.30 161.29 404.33 0.0058857
bookshelf 0 0 -10 276.99 148.93 407.97 341.52 0.0055797
chair 0 0 -10 1.08 166.85 55.59 278.28 0.0050539
chair 0 0 -10 53.72 262.35 249.34 512.92 0.0049935
table 0 0 -10 76.49 194.78 325.86 356.19 0.0047747
desk 0 0 -10 0.00 254.95 100.09 416.25 0.0045236
chair 0 0 -10 264.03 145.93 409.11 333.50 0.0039653
chair 0 0 -10 136.15 222.73 344.68 451.55 0.0035814
chair 0 0 -10 1.88 189.03 43.48 465.53 0.0035564
desk 0 0 -10 5.93 256.80 428.65 530.00 0.0032874
table 0 0 -10 238.45 233.90 375.79 424.92 0.0032673
chair 0 0 -10 272.73 201.81 361.00 394.51 0.0030608
sofa 0 0 -10 0.66 210.00 81.83 372.17 0.0028747
table 0 0 -10 15.31 183.45 180.43 312.40 0.0028308
chair 0 0 -10 2.11 187.48 64.53 248.48 0.0024773
chair 0 0 -10 0.00 162.60 30.63 392.59 0.0022044
table 0 0 -10 2.50 216.30 64.11 500.25 0.0021011
chair 0 0 -10 139.43 309.82 304.48 521.66 0.0020768
chair 0 0 -10 174.55 252.20 548.25 524.24 0.0019602
chair 0 0 -10 62.99 181.45 113.21 277.89 0.0019135
chair 0 0 -10 7.13 114.84 168.68 342.24 0.0018944
chair 0 0 -10 0.28 176.84 18.44 338.63 0.0017520
table 0 0 -10 224.77 199.77 376.72 337.76 0.0017106
chair 0 0 -10 226.30 237.75 347.73 419.37 0.0015740
bed 0 0 -10 1.59 190.61 188.92 492.59 0.0015623
table 0 0 -10 194.96 285.17 275.56 356.72 0.0014329
table 0 0 -10 282.67 236.83 434.97 403.67 0.0014040
bed 0 0 -10 0.00 236.83 99.16 410.12 0.0014000
desk 0 0 -10 161.20 212.51 386.16 397.20 0.0013884
chair 0 0 -10 355.40 261.69 463.10 346.86 0.0013686
table 0 0 -10 1.26 211.77 86.30 361.81 0.0013256
chair 0 0 -10 4.86 192.99 43.91 217.34 0.0012213
desk 0 0 -10 219.02 253.56 447.31 475.47 0.0012197
sofa 0 0 -10 0.00 202.26 195.13 431.43 0.0011680
table 0 0 -10 283.80 148.98 408.20 204.04 0.0011199
chair 0 0 -10 0.66 188.31 24.54 211.31 0.0011153
desk 0 0 -10 67.61 190.93 325.72 354.66 0.0009845
table 0 0 -10 293.85 143.02 399.94 169.28 0.0009671
chair 0 0 -10 59.76 181.82 187.73 227.93 0.0008817
chair 0 0 -10 3.76 178.56 8.50 297.32 0.0008634
chair 0 0 -10 127.75 204.92 252.49 397.05 0.0008520
chair 0 0 -10 38.31 209.03 55.82 277.33 0.0008268
chair 0 0 -10 2.32 195.47 13.63 280.66 0.0007921
sofa 0 0 -10 0.00 184.42 63.88 301.24 0.0007649
desk 0 0 -10 281.87 144.36 414.55 249.74 0.0007553
desk 0 0 -10 287.48 239.88 435.20 411.83 0.0007446
table 0 0 -10 40.92 189.16 175.87 266.54 0.0007354
table 0 0 -10 0.33 196.88 41.00 429.46 0.0007296
table 0 0 -10 69.06 285.96 259.79 521.16 0.0007273
chair 0 0 -10 0.00 287.35 130.73 401.81 0.0007200
chair 0 0 -10 12.99 318.29 174.82 518.74 0.0006929
chair 0 0 -10 1.26 177.93 9.83 327.66 0.0006773
table 0 0 -10 0.17 197.44 54.98 262.57 0.0006748
chair 0 0 -10 5.84 132.14 230.71 260.20 0.0006716
dresser 0 0 -10 1.87 241.60 94.33 410.67 0.0006649
sofa 0 0 -10 313.97 265.68 469.35 492.37 0.0006537
table 0 0 -10 146.61 217.60 284.70 353.89 0.0006518
chair 0 0 -10 301.58 136.41 392.63 217.12 0.0006454
