chair 0 0 -10 261.42 246.29 442.48 524.64 0.9810764
chair 0 0 -10 347.86 210.94 441.43 354.39 0.7727228
table 0 0 -10 1.40 225.23 428.19 523.87 0.7436349
chair 0 0 -10 368.06 216.10 431.48 300.84 0.5771515
desk 0 0 -10 15.16 227.24 420.06 529.31 0.4312980
table 0 0 -10 350.22 178.21 726.18 278.71 0.3078889
chair 0 0 -10 296.53 145.03 356.52 224.45 0.1891163
chair 0 0 -10 306.67 209.74 435.58 417.74 0.1790784
table 0 0 -10 184.75 176.78 366.50 311.26 0.1677738
table 0 0 -10 339.69 212.18 421.48 321.17 0.1301521
desk 0 0 -10 357.05 181.50 725.57 298.72 0.1285317
desk 0 0 -10 181.71 180.97 361.65 328.16 0.1018109
table 0 0 -10 383.66 182.23 726.43 235.34 0.0850051
chair 0 0 -10 296.38 144.47 338.64 183.71 0.0701131
chair 0 0 -10 274.48 146.28 335.72 226.80 0.0677429
chair 0 0 -10 382.61 238.55 425.11 288.23 0.0521283
desk 0 0 -10 340.18 216.84 420.13 298.12 0.0477556
chair 0 0 -10 151.06 242.40 396.06 516.54 0.0319293
chair 0 0 -10 355.59 203.78 405.71 274.94 0.0311422
night_stand 0 0 -10 185.92 172.39 359.76 320.95 0.0264581
chair 0 0 -10 200.34 172.33 351.75 327.39 0.0260089
table 0 0 -10 318.20 208.72 426.25 375.09 0.0247269
chair 0 0 -10 396.73 209.16 435.65 323.51 0.0243947
chair 0 0 -10 261.95 138.05 354.79 246.06 0.0237079
table 0 0 -10 12.22 298.18 274.11 529.93 0.0230129
chair 0 0 -10 305.32 175.44 444.82 330.61 0.0199805
chair 0 0 -10 295.28 145.91 373.94 270.44 0.0196561
chair 0 0 -10 324.19 147.60 335.73 216.41 0.0190753
table 0 0 -10 206.63 234.91 415.28 479.55 0.0174312
chair 0 0 -10 261.62 152.87 398.01 330.65 0.0168070
chair 0 0 -10 273.93 151.01 395.81 233.67 0.0161023
table 0 0 -10 317.16 167.66 726.41 363.51 0.0160646
chair 0 0 -10 1.78 163.85 407.78 520.38 0.0145106
chair 0 0 -10 277.94 220.31 365.31 421.34 0.0142894
chair 0 0 -10 334.25 192.15 420.85 298.14 0.0136021
sofa 0 0 -10 33.55 237.19 443.86 527.94 0.0132529
table 0 0 -10 124.72 191.87 409.42 421.69 0.0121768
chair 0 0 -10 389.03 206.23 440.17 277.62 0.0121475
table 0 0 -10 211.12 199.98 422.93 363.63 0.0121218
desk 0 0 -10 125.73 194.46 408.56 426.62 0.0114681
chair 0 0 -10 0.81 351.46 222.34 530.00 0.0107410
chair 0 0 -10 310.90 209.07 406.12 263.40 0.0104200
chair 0 0 -10 230.86 211.73 378.10 377.17 0.0100258
chair 0 0 -10 302.23 147.52 372.32 183.76 0.0098563
desk 0 0 -10 216.82 233.54 418.98 484.06 0.0093288
desk 0 0 -10 384.04 181.81 729.29 236.67 0.0090051
chair 0 0 -10 239.27 152.75 297.80 229.37 0.0089889
chair 0 0 -10 368.80 205.66 457.55 412.25 0.0088281
desk 0 0 -10 329.42 170.26 730.00 405.83 0.0084450
desk 0 0 -10 321.14 211.04 424.70 376.25 0.0079861
table 0 0 -10 352.53 206.24 409.33 281.14 0.0075236
bed 0 0 -10 6.19 247.33 379.16 521.02 0.0074446
chair 0 0 -10 256.66 229.41 437.20 344.16 0.0073636
chair 0 0 -10 203.56 359.78 484.80 528.19 0.0065036
dresser 0 0 -10 190.48 174.30 358.51 321.45 0.0062200
desk 0 0 -10 220.74 200.15 422.77 363.52 0.0061592
table 0 0 -10 171.78 246.14 406.51 335.17 0.0060604
chair 0 0 -10 348.72 203.12 400.32 241.33 0.0059626
desk 0 0 -10 40.12 201.71 700.19 513.42 0.0053240
table 0 0 -10 286.22 242.83 433.61 441.07 0.0049786
chair 0 0 -10 300.01 150.32 309.46 214.74 0.0046818
desk 0 0 -10 297.32 216.09 438.83 455.05 0.0045950
chair 0 0 -10 331.55 194.14 379.90 297.12 0.0044805
chair 0 0 -10 370.94 147.82 414.13 201.47 0.0039799
table 0 0 -10 214.06 159.16 355.46 223.12 0.0038032
chair 0 0 -10 265.23 233.39 600.25 530.00 0.0037993
chair 0 0 -10 310.92 159.26 377.76 230.90 0.0037433
table 0 0 -10 3.78 343.77 174.79 520.00 0.0035734
chair 0 0 -10 331.40 139.32 404.72 263.22 0.0035166
chair 0 0 -10 18.10 279.42 302.63 519.87 0.0031245
sofa 0 0 -10 345.37 210.52 437.38 311.32 0.0029117
table 0 0 -10 354.85 198.48 439.67 297.02 0.0026563
desk 0 0 -10 364.19 214.09 436.03 318.35 0.0024822
chair 0 0 -10 320.34 220.41 512.41 391.52 0.0024760
chair 0 0 -10 315.94 144.59 344.88 207.80 0.0024399
toilet 0 0 -10 41.39 230.23 447.14 530.00 0.0023240
chair 0 0 -10 371.83 194.00 452.99 288.97 0.0021518
table 0 0 -10 378.66 190.72 720.79 496.43 0.0020745
chair 0 0 -10 155.77 195.13 365.97 409.53 0.0020667
desk 0 0 -10 354.23 206.21 407.66 281.45 0.0020622
dresser 0 0 -10 32.77 237.64 440.15 530.00 0.0019458
chair 0 0 -10 253.76 141.03 395.26 190.62 0.0019251
chair 0 0 -10 244.39 151.96 333.03 197.73 0.0018852
chair 0 0 -10 360.18 145.75 420.76 260.36 0.0018812
chair 0 0 -10 366.24 205.18 426.45 256.88 0.0018395
chair 0 0 -10 333.72 193.13 396.38 252.40 0.0017126
desk 0 0 -10 177.05 246.17 409.31 335.62 0.0016836
table 0 0 -10 269.37 228.88 370.25 453.46 0.0016260
chair 0 0 -10 206.01 152.80 329.15 263.08 0.0016232
table 0 0 -10 203.47 100.70 730.00 300.42 0.0016008
table 0 0 -10 367.62 234.14 441.11 336.95 0.0015728
chair 0 0 -10 300.23 175.81 416.21 273.09 0.0014854
chair 0 0 -10 360.19 205.05 368.10 279.64 0.0013846
table 0 0 -10 297.72 151.02 336.98 178.97 0.0013581
table 0 0 -10 359.54 214.01 368.03 284.96 0.0012424
chair 0 0 -10 263.29 373.09 453.76 492.56 0.0012198
sofa 0 0 -10 265.38 225.02 428.93 505.23 0.0012150
desk 0 0 -10 252.25 178.30 412.25 281.80 0.0012055
chair 0 0 -10 356.34 143.58 399.08 232.33 0.0012039
bookshelf 0 0 -10 278.84 151.63 725.01 339.23 0.0011977
