table 0 0 -10 184.57 312.86 328.38 465.16 0.0065800
table 0 0 -10 302.96 137.20 431.43 446.39 0.0049222
table 0 0 -10 6.67 363.60 268.51 495.18 0.0037450
dresser 0 0 -10 312.38 142.74 473.01 418.46 0.0036161
night_stand 0 0 -10 302.81 151.26 425.48 425.80 0.0031807
desk 0 0 -10 306.80 137.57 475.59 427.67 0.0025786
table 0 0 -10 21.84 302.04 613.91 515.32 0.0016517
table 0 0 -10 81.72 359.41 314.30 456.76 0.0015224
table 0 0 -10 199.68 351.06 396.49 460.29 0.0011153
dresser 0 0 -10 311.25 174.57 419.44 378.95 0.0011030
chair 0 0 -10 0.40 0.17 80.78 232.69 0.0010080
table 0 0 -10 0.00 6.81 74.94 231.63 0.0008305
table 0 0 -10 20.64 309.37 364.04 491.94 0.0006966
desk 0 0 -10 195.32 222.60 730.00 504.70 0.0006200
table 0 0 -10 312.07 149.62 541.02 410.43 0.0005947
table 0 0 -10 97.53 268.95 414.38 463.58 0.0005792
table 0 0 -10 300.20 291.26 408.51 449.11 0.0005024
table 0 0 -10 202.07 225.21 711.99 508.22 0.0004693
table 0 0 -10 242.39 209.26 438.05 477.88 0.0004110
dresser 0 0 -10 307.56 166.40 598.91 391.05 0.0003778
desk 0 0 -10 296.50 167.70 604.70 402.85 0.0003562
chair 0 0 -10 288.68 146.44 709.76 496.68 0.0003523
bed 0 0 -10 268.28 132.60 719.25 498.82 0.0003224
chair 0 0 -10 341.95 70.11 488.05 377.89 0.0003167
bed 0 0 -10 65.63 135.37 594.84 511.38 0.0003155
chair 0 0 -10 303.09 162.18 480.53 466.88 0.0003145
chair 0 0 -10 11.35 319.45 327.66 512.86 0.0002892
table 0 0 -10 2.82 385.41 127.54 490.94 0.0002802
table 0 0 -10 176.52 311.49 523.09 483.50 0.0002744
night_stand 0 0 -10 308.31 150.52 562.59 392.63 0.0002678
bed 0 0 -10 1.95 370.19 365.03 513.84 0.0002455
chair 0 0 -10 307.95 116.85 432.72 393.52 0.0002401
table 0 0 -10 22.22 382.08 436.51 525.78 0.0002304
bathtub 0 0 -10 196.75 214.28 730.00 510.37 0.0002238
table 0 0 -10 64.73 135.82 432.01 485.25 0.0002210
sofa 0 0 -10 10.08 363.81 434.17 525.78 0.0002209
desk 0 0 -10 28.85 93.50 479.93 491.13 0.0002191
bed 0 0 -10 9.74 301.26 639.94 519.83 0.0002148
desk 0 0 -10 270.29 82.34 640.64 490.57 0.0002135
table 0 0 -10 4.34 307.83 147.75 504.51 0.0002100
bed 0 0 -10 0.00 48.73 352.49 524.73 0.0002079
table 0 0 -10 275.62 88.78 626.45 488.24 0.0002030
chair 0 0 -10 242.65 177.52 427.32 463.62 0.0001971
desk 0 0 -10 10.49 300.23 649.84 517.01 0.0001883
desk 0 0 -10 296.31 193.54 420.84 307.88 0.0001868
chair 0 0 -10 369.74 92.43 460.27 260.78 0.0001864
table 0 0 -10 468.85 306.34 720.89 511.06 0.0001830
dresser 0 0 -10 299.53 196.55 416.03 306.71 0.0001812
chair 0 0 -10 118.94 284.65 320.99 477.76 0.0001757
night_stand 0 0 -10 316.14 179.77 416.42 306.85 0.0001737
desk 0 0 -10 8.81 325.44 376.78 512.50 0.0001706
chair 0 0 -10 37.67 99.48 410.51 490.21 0.0001657
bed 0 0 -10 3.48 288.96 229.86 509.95 0.0001654
table 0 0 -10 307.70 96.14 464.26 342.37 0.0001589
dresser 0 0 -10 284.62 137.19 706.36 489.18 0.0001541
bookshelf 0 0 -10 300.22 139.45 448.58 448.34 0.0001520
chair 0 0 -10 206.95 246.92 335.29 307.44 0.0001501
chair 0 0 -10 215.16 258.81 290.22 302.79 0.0001469
chair 0 0 -10 177.38 185.63 371.60 453.88 0.0001417
sofa 0 0 -10 12.01 305.72 642.48 521.76 0.0001390
desk 0 0 -10 312.13 141.39 415.41 371.36 0.0001373
table 0 0 -10 1.54 277.73 72.24 498.62 0.0001262
chair 0 0 -10 319.60 127.74 566.47 398.55 0.0001232
sofa 0 0 -10 211.15 209.10 730.00 503.36 0.0001229
table 0 0 -10 316.94 130.56 419.02 312.48 0.0001160
sofa 0 0 -10 3.02 2.75 76.68 238.16 0.0001130
table 0 0 -10 216.70 133.85 471.01 412.87 0.0001119
table 0 0 -10 1.12 61.54 118.59 175.14 0.0001109
bathtub 0 0 -10 7.90 301.77 641.57 517.21 0.0001096
desk 0 0 -10 241.90 199.99 442.96 480.40 0.0001067
dresser 0 0 -10 398.33 109.13 449.49 326.15 0.0001006
chair 0 0 -10 341.49 303.25 715.33 515.04 0.0000989
chair 0 0 -10 4.15 0.00 131.70 181.46 0.0000962
bookshelf 0 0 -10 52.64 52.32 433.58 481.22 0.0000940
table 0 0 -10 318.87 209.87 408.73 283.60 0.0000902
chair 0 0 -10 0.00 0.00 201.89 232.67 0.0000901
chair 0 0 -10 5.02 432.01 352.22 530.00 0.0000873
chair 0 0 -10 0.08 264.17 62.13 490.72 0.0000843
dresser 0 0 -10 85.24 137.13 576.81 499.70 0.0000834
chair 0 0 -10 8.89 239.87 191.63 498.48 0.0000832
table 0 0 -10 352.11 299.63 655.21 494.66 0.0000829
chair 0 0 -10 5.48 23.24 115.62 480.84 0.0000825
table 0 0 -10 274.56 197.80 408.46 301.02 0.0000791
bathtub 0 0 -10 0.90 0.00 80.76 219.28 0.0000787
bathtub 0 0 -10 0.90 367.73 349.42 518.96 0.0000779
bed 0 0 -10 0.00 4.67 78.91 242.17 0.0000778
table 0 0 -10 310.79 208.47 451.27 342.17 0.0000770
table 0 0 -10 21.46 0.00 611.95 428.33 0.0000764
desk 0 0 -10 3.45 379.22 254.83 485.62 0.0000755
table 0 0 -10 0.64 0.44 131.24 258.78 0.0000720
desk 0 0 -10 205.96 153.22 534.33 452.81 0.0000716
chair 0 0 -10 59.57 380.20 448.48 517.53 0.0000691
dresser 0 0 -10 1.07 4.07 76.25 232.91 0.0000684
table 0 0 -10 310.99 324.35 531.01 442.30 0.0000624
table 0 0 -10 313.63 249.77 519.63 370.58 0.0000595
bookshelf 0 0 -10 296.08 107.28 699.28 483.42 0.0000590
table 0 0 -10 3.49 90.19 89.78 133.90 0.0000589
bathtub 0 0 -10 291.23 188.09 627.11 430.98 0.0000587
table 0 0 -10 4.27 120.12 132.07 511.08 0.0000580
table 0 0 -10 674.69 323.61 727.15 351.30 0.0000574
