chair 0 0 -10 290.69 221.20 432.86 396.73 0.9791732
chair 0 0 -10 44.12 206.23 181.63 369.17 0.9781721
chair 0 0 -10 514.13 277.23 716.97 420.13 0.9764991
chair 0 0 -10 161.15 239.66 351.11 485.65 0.9718310
chair 0 0 -10 384.94 312.71 687.83 525.61 0.9517822
chair 0 0 -10 448.88 198.46 562.41 316.55 0.8735415
chair 0 0 -10 179.90 191.34 280.55 271.13 0.8439373
chair 0 0 -10 363.35 175.38 425.34 244.55 0.8070232
chair 0 0 -10 634.26 230.64 724.91 338.29 0.7826980
chair 0 0 -10 292.58 181.15 358.43 246.44 0.7668673
table 0 0 -10 71.93 210.95 619.01 506.97 0.7509253
chair 0 0 -10 100.63 155.61 177.23 248.05 0.7238728
chair 0 0 -10 3.82 181.19 78.91 298.35 0.6729759
chair 0 0 -10 243.97 160.97 309.03 242.11 0.6301625
chair 0 0 -10 185.60 153.12 237.34 224.35 0.6140887
table 0 0 -10 42.13 203.21 311.08 384.72 0.5657956
table 0 0 -10 6.97 176.27 484.01 249.56 0.5199762
table 0 0 -10 302.12 206.74 628.74 375.90 0.4659941
chair 0 0 -10 479.56 190.19 576.54 281.41 0.4606087
chair 0 0 -10 407.65 201.40 504.39 311.50 0.3745919
chair 0 0 -10 220.87 172.27 299.10 252.85 0.3580667
table 0 0 -10 135.84 248.85 442.23 521.63 0.3518676
table 0 0 -10 418.54 300.73 717.96 530.00 0.3472423
chair 0 0 -10 359.76 210.33 451.00 338.74 0.3423341
chair 0 0 -10 343.99 174.63 408.27 254.02 0.3386374
chair 0 0 -10 674.61 216.09 728.31 327.22 0.3338506
chair 0 0 -10 697.25 210.53 730.00 313.29 0.3201593
chair 0 0 -10 0.51 169.80 44.57 271.80 0.3095219
chair 0 0 -10 36.91 190.66 133.03 322.08 0.2772115
chair 0 0 -10 165.27 167.25 246.38 255.50 0.2619689
chair 0 0 -10 305.64 181.44 392.84 261.34 0.2603908
chair 0 0 -10 91.85 167.96 169.84 294.10 0.2575253
chair 0 0 -10 365.27 192.68 471.19 285.19 0.2375110
chair 0 0 -10 255.74 176.32 347.88 272.23 0.2281018
table 0 0 -10 238.68 186.70 459.55 261.04 0.2217782
chair 0 0 -10 14.48 166.06 101.94 267.94 0.2046105
chair 0 0 -10 45.75 163.06 125.91 238.19 0.1995440
chair 0 0 -10 172.70 200.98 313.93 387.63 0.1968053
chair 0 0 -10 187.04 164.86 276.58 244.74 0.1918275
table 0 0 -10 36.28 196.69 455.12 438.88 0.1869770
table 0 0 -10 68.71 183.81 522.55 329.11 0.1583427
desk 0 0 -10 144.10 238.54 488.34 526.47 0.1561227
table 0 0 -10 227.70 218.59 549.56 459.44 0.1508765
chair 0 0 -10 117.63 169.39 203.03 257.96 0.1481489
chair 0 0 -10 249.03 235.71 396.30 413.36 0.1466508
chair 0 0 -10 386.93 180.22 414.98 252.93 0.1435720
chair 0 0 -10 204.90 158.06 240.12 211.81 0.1413248
table 0 0 -10 15.55 178.67 279.31 292.03 0.1338697
chair 0 0 -10 101.21 154.91 157.51 209.67 0.1325071
chair 0 0 -10 386.39 180.96 448.22 271.16 0.1298475
chair 0 0 -10 481.41 188.75 536.28 268.89 0.1211790
desk 0 0 -10 40.68 198.81 306.26 393.41 0.1145840
chair 0 0 -10 150.04 176.44 282.28 310.01 0.1122626
table 0 0 -10 4.13 184.96 107.70 302.36 0.1098707
table 0 0 -10 361.34 183.77 461.85 253.06 0.1027487
table 0 0 -10 396.62 210.91 618.87 330.98 0.0926361
table 0 0 -10 78.12 176.42 300.08 250.27 0.0918891
chair 0 0 -10 455.46 263.74 727.72 487.79 0.0884756
table 0 0 -10 132.52 163.32 344.23 217.10 0.0882583
chair 0 0 -10 25.99 174.11 79.54 252.68 0.0803539
chair 0 0 -10 594.51 225.75 726.25 439.86 0.0768709
chair 0 0 -10 152.29 163.15 222.73 238.93 0.0766704
desk 0 0 -10 256.34 217.28 598.35 442.91 0.0745226
table 0 0 -10 18.86 181.37 189.00 266.73 0.0676756
table 0 0 -10 298.40 236.74 666.81 487.23 0.0659134
chair 0 0 -10 283.43 201.24 386.73 338.08 0.0642132
chair 0 0 -10 349.82 213.48 512.34 358.21 0.0639340
chair 0 0 -10 301.43 180.56 345.77 226.78 0.0619148
chair 0 0 -10 295.16 218.39 386.59 264.03 0.0597485
desk 0 0 -10 391.45 331.01 712.38 526.60 0.0568082
desk 0 0 -10 31.62 196.82 626.55 494.39 0.0544582
chair 0 0 -10 333.77 179.27 363.38 248.00 0.0524497
chair 0 0 -10 236.02 181.12 479.95 269.60 0.0521885
chair 0 0 -10 707.05 216.71 727.90 292.94 0.0514959
desk 0 0 -10 246.16 184.11 456.37 265.28 0.0505160
chair 0 0 -10 223.96 163.61 249.96 227.27 0.0494754
table 0 0 -10 536.42 304.86 730.00 466.58 0.0491709
chair 0 0 -10 517.22 257.39 643.71 395.22 0.0480761
chair 0 0 -10 211.03 166.04 255.73 209.44 0.0473265
chair 0 0 -10 112.77 190.99 188.12 323.32 0.0449615
table 0 0 -10 183.81 200.69 614.32 302.50 0.0437024
chair 0 0 -10 123.48 186.49 244.32 271.49 0.0411533
chair 0 0 -10 109.89 184.43 166.66 214.29 0.0400243
chair 0 0 -10 298.99 169.44 444.25 306.09 0.0390483
chair 0 0 -10 0.00 166.43 21.91 285.76 0.0380057
chair 0 0 -10 234.00 163.31 255.97 229.84 0.0376172
chair 0 0 -10 49.38 162.06 103.63 199.64 0.0360565
desk 0 0 -10 378.18 213.87 620.31 367.25 0.0351691
desk 0 0 -10 4.25 173.98 484.36 252.69 0.0331308
desk 0 0 -10 364.50 180.69 459.56 255.03 0.0294682
desk 0 0 -10 100.69 230.94 385.30 461.25 0.0285806
chair 0 0 -10 196.30 158.27 355.20 277.80 0.0283999
table 0 0 -10 327.88 187.52 455.53 299.36 0.0274852
table 0 0 -10 503.92 220.07 623.36 373.61 0.0248610
chair 0 0 -10 133.74 156.03 198.70 222.13 0.0245583
table 0 0 -10 149.19 163.47 247.68 237.31 0.0241859
chair 0 0 -10 175.83 165.58 211.92 212.15 0.0232787
table 0 0 -10 564.42 269.39 724.41 403.16 0.0231044
chair 0 0 -10 310.74 172.42 383.12 233.67 0.0230283
table 0 0 -10 218.80 177.32 414.01 238.36 0.0229169
