toilet 0 0 -10 302.84 179.24 471.63 470.42 0.9713949
chair 0 0 -10 298.80 177.10 472.34 466.39 0.0493777
bathtub 0 0 -10 321.13 196.21 461.34 419.06 0.0069602
table 0 0 -10 313.67 206.28 466.10 470.76 0.0033088
dresser 0 0 -10 316.61 192.19 460.33 450.65 0.0025640
bookshelf 0 0 -10 321.09 193.62 455.89 456.07 0.0023596
bathtub 0 0 -10 292.82 226.36 475.22 509.02 0.0019819
desk 0 0 -10 310.84 196.18 465.42 451.71 0.0019732
sofa 0 0 -10 314.23 181.15 468.68 470.43 0.0017795
toilet 0 0 -10 268.48 239.13 504.13 530.00 0.0017732
bed 0 0 -10 312.52 187.46 467.56 477.68 0.0017012
toilet 0 0 -10 137.32 168.93 580.62 513.31 0.0015297
night_stand 0 0 -10 313.66 198.20 464.39 447.52 0.0013594
bathtub 0 0 -10 124.49 179.54 605.90 486.75 0.0010237
toilet 0 0 -10 313.47 203.40 454.06 351.02 0.0009953
chair 0 0 -10 314.01 200.57 455.11 354.69 0.0004196
bathtub 0 0 -10 538.49 281.36 713.85 527.25 0.0003622
toilet 0 0 -10 343.77 254.08 481.09 501.56 0.0003015
bathtub 0 0 -10 542.76 347.02 721.89 426.30 0.0002505
bathtub 0 0 -10 324.77 193.83 590.99 423.38 0.0002423
table 0 0 -10 151.85 166.11 571.86 504.57 0.0002303
chair 0 0 -10 120.43 169.02 457.71 516.59 0.0002119
toilet 0 0 -10 325.34 183.04 580.54 420.67 0.0002115
toilet 0 0 -10 366.89 223.56 424.79 345.73 0.0002107
chair 0 0 -10 1.16 333.41 246.11 528.94 0.0001979
table 0 0 -10 0.00 30.80 230.33 526.89 0.0001790
table 0 0 -10 539.02 241.28 718.67 530.00 0.0001739
bathtub 0 0 -10 480.83 203.14 630.53 508.92 0.0001688
chair 0 0 -10 20.60 379.14 396.05 530.00 0.0001681
toilet 0 0 -10 300.96 208.58 385.88 456.81 0.0001610
toilet 0 0 -10 320.09 242.91 449.93 295.24 0.0001569
toilet 0 0 -10 418.88 286.40 570.39 528.29 0.0001558
bathtub 0 0 -10 411.81 195.95 725.32 511.73 0.0001555
bathtub 0 0 -10 301.71 249.05 623.95 515.87 0.0001536
toilet 0 0 -10 147.07 319.75 472.25 526.02 0.0001523
bathtub 0 0 -10 242.86 125.38 500.59 483.01 0.0001446
bathtub 0 0 -10 11.44 305.64 305.57 522.47 0.0001375
table 0 0 -10 10.19 267.35 234.27 530.00 0.0001368
desk 0 0 -10 145.81 161.73 598.01 509.95 0.0001331
bathtub 0 0 -10 58.36 348.20 564.07 527.15 0.0001309
bathtub 0 0 -10 534.03 296.42 717.80 366.91 0.0001270
bathtub 0 0 -10 132.03 271.38 357.28 499.73 0.0001211
bed 0 0 -10 9.65 280.60 253.60 529.28 0.0001198
bathtub 0 0 -10 554.48 247.69 730.00 431.42 0.0001182
bathtub 0 0 -10 531.16 285.31 564.91 455.20 0.0001140
chair 0 0 -10 260.68 163.59 573.28 502.61 0.0001133
bathtub 0 0 -10 546.10 266.69 569.64 425.06 0.0001122
bathtub 0 0 -10 442.62 351.98 708.06 525.16 0.0001116
bathtub 0 0 -10 422.12 291.38 569.57 515.69 0.0001105
bed 0 0 -10 27.44 488.24 331.53 530.00 0.0001100
table 0 0 -10 315.80 203.06 450.37 348.44 0.0001060
bathtub 0 0 -10 324.42 245.46 449.57 292.21 0.0001058
bed 0 0 -10 0.00 19.84 255.39 524.11 0.0001019
toilet 0 0 -10 293.54 319.27 606.36 530.00 0.0000963
table 0 0 -10 385.45 61.21 719.78 520.84 0.0000924
bathtub 0 0 -10 327.46 219.75 435.31 312.05 0.0000924
toilet 0 0 -10 309.36 128.96 635.38 530.00 0.0000922
bed 0 0 -10 535.45 240.32 729.39 530.00 0.0000907
chair 0 0 -10 286.81 321.61 489.51 520.47 0.0000898
table 0 0 -10 8.17 463.09 164.44 530.00 0.0000872
chair 0 0 -10 531.21 269.16 725.00 529.81 0.0000859
chair 0 0 -10 94.25 264.63 290.90 526.87 0.0000829
bed 0 0 -10 160.75 170.99 585.61 508.06 0.0000793
bathtub 0 0 -10 20.22 366.52 213.24 527.36 0.0000785
table 0 0 -10 4.58 316.60 131.63 526.53 0.0000784
toilet 0 0 -10 373.03 255.95 460.44 334.15 0.0000772
chair 0 0 -10 50.79 282.89 615.45 529.51 0.0000772
dresser 0 0 -10 536.52 244.91 724.64 530.00 0.0000757
bathtub 0 0 -10 490.26 262.05 569.61 466.96 0.0000749
bathtub 0 0 -10 519.00 263.39 593.16 520.52 0.0000728
bathtub 0 0 -10 545.26 369.13 724.17 475.39 0.0000708
bathtub 0 0 -10 0.00 29.26 256.02 515.87 0.0000703
bathtub 0 0 -10 325.14 87.37 708.86 461.53 0.0000695
toilet 0 0 -10 406.21 270.38 495.75 520.29 0.0000693
table 0 0 -10 23.19 364.78 200.66 530.00 0.0000691
bathtub 0 0 -10 441.27 370.03 631.14 471.05 0.0000687
toilet 0 0 -10 473.33 282.11 729.01 530.00 0.0000681
chair 0 0 -10 20.87 397.72 198.42 529.23 0.0000677
chair 0 0 -10 0.00 35.73 242.14 452.18 0.0000661
bathtub 0 0 -10 465.17 274.29 572.72 385.78 0.0000660
bathtub 0 0 -10 456.15 344.17 617.55 436.20 0.0000643
bathtub 0 0 -10 203.51 167.49 269.53 362.96 0.0000631
toilet 0 0 -10 267.25 214.11 405.15 363.97 0.0000627
chair 0 0 -10 2.02 221.64 142.33 522.77 0.0000611
chair 0 0 -10 93.97 357.47 228.08 525.51 0.0000572
bathtub 0 0 -10 182.79 201.70 458.55 411.63 0.0000571
desk 0 0 -10 285.55 131.93 531.19 464.92 0.0000561
bathtub 0 0 -10 368.82 225.49 424.82 335.06 0.0000558
toilet 0 0 -10 192.56 163.88 448.71 392.02 0.0000543
bathtub 0 0 -10 134.63 35.97 544.24 398.13 0.0000543
bookshelf 0 0 -10 174.03 165.23 563.64 492.51 0.0000540
table 0 0 -10 539.47 348.80 712.24 432.98 0.0000539
bathtub 0 0 -10 348.11 145.22 582.98 337.26 0.0000521
table 0 0 -10 1.93 411.58 85.01 530.00 0.0000510
table 0 0 -10 542.94 366.10 714.34 479.79 0.0000509
table 0 0 -10 252.39 133.04 510.36 447.24 0.0000498
bed 0 0 -10 28.49 377.05 418.72 530.00 0.0000498
bathtub 0 0 -10 486.41 339.04 569.86 516.07 0.0000495
chair 0 0 -10 645.13 109.13 730.00 510.41 0.0000477
bathtub 0 0 -10 507.91 138.00 730.00 448.43 0.0000469
