chair 0 0 -10 111.90 194.65 340.27 498.98 0.9971784
chair 0 0 -10 439.49 148.34 603.06 332.39 0.9958845
chair 0 0 -10 144.23 150.73 243.63 298.55 0.9689066
table 0 0 -10 183.75 157.99 583.68 485.81 0.9537809
chair 0 0 -10 352.04 147.05 442.27 325.59 0.9446936
chair 0 0 -10 290.39 123.17 381.54 242.04 0.8209872
chair 0 0 -10 129.81 146.43 204.56 274.92 0.7635521
chair 0 0 -10 319.31 129.20 424.87 274.16 0.5807234
chair 0 0 -10 138.43 154.77 302.84 327.25 0.5659881
chair 0 0 -10 279.07 118.60 400.75 301.16 0.2747841
chair 0 0 -10 387.15 151.01 474.39 325.67 0.2601053
chair 0 0 -10 344.97 141.96 547.61 337.31 0.2275476
chair 0 0 -10 291.70 120.25 350.55 211.29 0.2248131
chair 0 0 -10 423.43 145.55 514.02 322.09 0.1822992
chair 0 0 -10 267.99 113.05 343.03 232.60 0.1685215
chair 0 0 -10 247.81 130.87 356.22 293.52 0.0831412
desk 0 0 -10 153.45 167.46 588.55 521.35 0.0823517
table 0 0 -10 157.89 145.64 456.48 337.11 0.0736613
chair 0 0 -10 174.76 145.52 365.81 344.68 0.0733234
chair 0 0 -10 258.16 120.27 366.73 193.07 0.0564121
chair 0 0 -10 345.79 139.83 430.71 238.33 0.0435380
chair 0 0 -10 143.97 150.51 221.85 240.80 0.0422143
table 0 0 -10 125.61 155.72 258.70 305.02 0.0372602
chair 0 0 -10 315.05 120.65 405.76 213.84 0.0364473
chair 0 0 -10 123.29 139.26 180.38 239.66 0.0322486
chair 0 0 -10 293.23 122.30 372.68 178.28 0.0301895
chair 0 0 -10 315.90 120.99 334.11 198.32 0.0263105
table 0 0 -10 171.65 154.63 301.77 298.24 0.0239096
table 0 0 -10 233.70 148.69 424.11 266.97 0.0216063
table 0 0 -10 340.65 162.50 584.34 374.16 0.0180229
chair 0 0 -10 173.97 167.23 238.99 259.66 0.0177956
chair 0 0 -10 252.00 152.42 466.46 417.82 0.0177396
chair 0 0 -10 147.49 184.12 483.10 506.48 0.0166682
chair 0 0 -10 391.52 158.96 578.31 438.18 0.0153703
chair 0 0 -10 146.73 211.84 315.77 404.37 0.0148348
chair 0 0 -10 152.44 150.51 196.95 204.35 0.0134634
chair 0 0 -10 216.71 115.09 431.26 239.20 0.0130365
chair 0 0 -10 193.56 148.95 299.69 280.54 0.0105177
chair 0 0 -10 288.42 214.27 554.74 482.31 0.0093633
table 0 0 -10 262.52 164.69 467.53 302.20 0.0091188
chair 0 0 -10 0.00 232.63 38.32 452.78 0.0088732
chair 0 0 -10 317.55 124.96 361.86 168.06 0.0085134
chair 0 0 -10 247.06 127.79 329.31 205.35 0.0080273
chair 0 0 -10 317.80 119.87 329.17 183.10 0.0079575
chair 0 0 -10 164.95 141.69 273.76 257.55 0.0074510
chair 0 0 -10 314.10 121.58 336.47 165.08 0.0073929
table 0 0 -10 214.92 140.65 348.53 281.51 0.0073650
table 0 0 -10 0.63 265.75 17.20 472.03 0.0071816
chair 0 0 -10 313.01 100.49 494.69 303.03 0.0070598
table 0 0 -10 1.41 357.84 24.07 468.81 0.0064919
table 0 0 -10 124.30 159.09 173.46 285.50 0.0061486
sofa 0 0 -10 127.21 169.95 564.69 516.12 0.0060074
chair 0 0 -10 325.98 123.14 345.91 170.53 0.0058446
chair 0 0 -10 0.21 282.64 25.47 460.22 0.0058171
chair 0 0 -10 434.77 153.34 480.76 297.92 0.0057129
chair 0 0 -10 466.55 148.45 522.81 295.28 0.0056978
table 0 0 -10 189.17 158.05 347.45 375.04 0.0050316
table 0 0 -10 322.10 154.24 433.75 340.37 0.0049139
desk 0 0 -10 126.45 154.63 255.37 306.15 0.0045616
chair 0 0 -10 137.34 146.73 184.74 209.20 0.0044774
chair 0 0 -10 2.61 363.30 19.37 456.94 0.0044437
table 0 0 -10 0.00 414.22 21.83 447.82 0.0042388
chair 0 0 -10 423.38 96.75 654.73 370.89 0.0042373
table 0 0 -10 122.61 197.11 305.21 440.95 0.0041442
chair 0 0 -10 118.78 189.18 187.72 282.43 0.0040409
table 0 0 -10 210.64 132.18 372.36 215.55 0.0040020
desk 0 0 -10 162.04 144.82 450.14 341.99 0.0038884
chair 0 0 -10 104.32 141.64 180.91 288.30 0.0037303
table 0 0 -10 164.40 184.44 243.59 297.26 0.0037068
desk 0 0 -10 273.24 166.03 583.01 389.66 0.0035361
table 0 0 -10 0.00 287.63 39.50 466.65 0.0035138
chair 0 0 -10 163.89 153.51 189.80 239.71 0.0034291
chair 0 0 -10 519.78 135.05 616.94 325.43 0.0032916
table 0 0 -10 172.14 122.12 452.82 240.68 0.0030847
table 0 0 -10 408.76 182.54 576.96 328.16 0.0029482
chair 0 0 -10 0.94 355.72 30.60 469.96 0.0028460
chair 0 0 -10 352.91 127.19 439.96 195.00 0.0028332
table 0 0 -10 0.76 424.57 29.22 451.02 0.0028042
chair 0 0 -10 165.95 164.17 205.59 224.76 0.0027569
desk 0 0 -10 172.00 155.32 297.44 301.81 0.0026963
desk 0 0 -10 260.29 156.89 451.83 283.21 0.0026693
table 0 0 -10 2.74 348.76 14.70 461.16 0.0026558
chair 0 0 -10 137.47 146.07 164.37 228.67 0.0023987
table 0 0 -10 139.48 169.26 216.91 293.08 0.0021660
table 0 0 -10 300.20 141.71 442.80 241.79 0.0020058
desk 0 0 -10 165.98 162.61 226.68 289.62 0.0018181
chair 0 0 -10 174.16 166.06 195.79 237.60 0.0016933
chair 0 0 -10 75.75 113.70 345.45 319.20 0.0015770
desk 0 0 -10 123.01 195.86 302.91 444.32 0.0015639
chair 0 0 -10 0.12 319.73 58.18 501.93 0.0015109
desk 0 0 -10 338.64 154.93 436.67 337.27 0.0015088
table 0 0 -10 358.76 172.95 475.68 331.74 0.0014824
sofa 0 0 -10 121.29 198.49 318.45 446.95 0.0014240
chair 0 0 -10 0.00 221.17 72.02 470.88 0.0013888
desk 0 0 -10 228.05 140.33 403.48 249.55 0.0013662
chair 0 0 -10 225.98 116.91 309.61 239.50 0.0013558
table 0 0 -10 83.25 238.86 660.85 530.00 0.0013401
chair 0 0 -10 392.32 100.12 513.90 268.41 0.0013143
chair 0 0 -10 69.67 126.21 232.59 294.43 0.0013033
chair 0 0 -10 179.17 176.43 211.96 220.29 0.0012903
