table 0 0 -10 192.85 122.44 533.39 494.61 0.9437528
bookshelf 0 0 -10 340.18 0.00 395.75 146.51 0.6587917
table 0 0 -10 197.07 119.70 296.66 266.34 0.1940306
bookshelf 0 0 -10 289.00 5.64 388.61 148.03 0.1633417
desk 0 0 -10 182.37 123.37 525.22 494.07 0.1338968
bookshelf 0 0 -10 354.51 0.00 423.19 152.67 0.1242530
chair 0 0 -10 237.20 104.09 286.79 202.41 0.0951122
chair 0 0 -10 191.14 103.40 297.78 270.40 0.0670712
table 0 0 -10 165.38 116.86 372.34 283.72 0.0238653
bookshelf 0 0 -10 328.32 2.89 373.72 139.44 0.0189413
chair 0 0 -10 210.32 112.01 272.19 225.89 0.0187244
chair 0 0 -10 209.47 150.82 510.63 506.70 0.0176396
bookshelf 0 0 -10 356.87 25.38 408.43 126.87 0.0138665
chair 0 0 -10 254.10 92.94 302.38 189.08 0.0104076
bookshelf 0 0 -10 349.45 21.46 398.12 91.75 0.0067208
chair 0 0 -10 281.51 17.89 424.31 219.32 0.0063537
dresser 0 0 -10 274.09 8.74 390.84 133.58 0.0059545
table 0 0 -10 209.48 125.79 531.62 291.55 0.0056828
bookshelf 0 0 -10 224.72 7.94 409.36 161.28 0.0055658
bookshelf 0 0 -10 308.07 55.87 382.34 105.17 0.0053749
bookshelf 0 0 -10 371.34 13.57 401.97 147.74 0.0053511
chair 0 0 -10 227.17 100.38 310.45 235.66 0.0051712
dresser 0 0 -10 0.00 89.95 79.21 218.73 0.0049631
bookshelf 0 0 -10 324.98 48.09 393.22 137.39 0.0049601
bookshelf 0 0 -10 310.86 2.22 421.86 108.00 0.0049262
chair 0 0 -10 172.29 29.84 317.22 259.23 0.0044327
chair 0 0 -10 197.41 109.67 404.54 435.59 0.0041505
bookshelf 0 0 -10 301.72 7.76 439.59 173.53 0.0039551
dresser 0 0 -10 327.26 6.45 394.95 149.08 0.0037042
dresser 0 0 -10 346.91 20.21 419.68 148.79 0.0035467
table 0 0 -10 325.36 151.99 557.19 440.38 0.0034299
bookshelf 0 0 -10 356.11 19.38 362.63 124.06 0.0033060
chair 0 0 -10 327.15 61.09 400.39 204.50 0.0031585
bookshelf 0 0 -10 382.33 0.00 437.21 161.32 0.0031386
bookshelf 0 0 -10 360.64 48.71 396.23 145.62 0.0027438
dresser 0 0 -10 0.00 30.04 65.15 334.07 0.0027317
desk 0 0 -10 196.87 118.50 297.20 270.25 0.0026983
dresser 0 0 -10 309.99 17.30 357.60 136.16 0.0026662
bookshelf 0 0 -10 285.39 8.14 388.45 78.17 0.0025587
bookshelf 0 0 -10 352.74 21.01 359.30 124.17 0.0022114
bookshelf 0 0 -10 367.86 45.84 425.15 130.17 0.0022085
dresser 0 0 -10 305.71 55.54 371.64 125.09 0.0021921
chair 0 0 -10 143.48 96.10 321.95 319.99 0.0020486
bookshelf 0 0 -10 310.59 13.62 357.17 139.33 0.0020034
dresser 0 0 -10 359.49 4.31 398.58 152.14 0.0019685
sofa 0 0 -10 189.93 106.93 532.72 510.41 0.0019398
chair 0 0 -10 239.98 44.51 297.10 196.33 0.0019197
desk 0 0 -10 230.87 4.05 404.91 148.44 0.0018854
chair 0 0 -10 340.04 10.27 392.32 158.51 0.0018650
bookshelf 0 0 -10 358.09 20.86 365.17 116.81 0.0017626
table 0 0 -10 196.47 124.14 269.96 218.92 0.0017059
dresser 0 0 -10 221.81 8.05 417.19 157.37 0.0016775
bookshelf 0 0 -10 346.06 12.43 456.49 119.75 0.0015821
dresser 0 0 -10 381.34 2.27 438.58 157.71 0.0015593
table 0 0 -10 0.67 239.20 71.31 530.00 0.0015472
bookshelf 0 0 -10 347.87 20.85 354.02 118.34 0.0015355
bed 0 0 -10 186.95 88.79 529.69 519.25 0.0015167
dresser 0 0 -10 603.88 0.00 726.70 349.57 0.0012640
table 0 0 -10 218.91 119.45 312.03 220.47 0.0012180
bookshelf 0 0 -10 117.94 10.00 369.84 163.28 0.0012033
chair 0 0 -10 263.76 3.13 378.39 101.90 0.0011700
table 0 0 -10 234.80 4.37 397.88 152.64 0.0011064
chair 0 0 -10 232.23 1.24 285.54 62.99 0.0010328
chair 0 0 -10 260.79 81.80 322.62 214.33 0.0009852
chair 0 0 -10 311.13 77.26 487.96 293.65 0.0009527
desk 0 0 -10 342.25 16.91 398.54 149.02 0.0009486
chair 0 0 -10 334.32 78.45 391.74 149.65 0.0009412
table 0 0 -10 239.56 117.66 397.03 254.23 0.0009409
table 0 0 -10 9.14 263.99 28.32 530.00 0.0009261
chair 0 0 -10 241.74 4.96 397.71 155.20 0.0008750
chair 0 0 -10 2.81 239.99 119.58 527.64 0.0008690
chair 0 0 -10 353.37 5.58 421.42 155.09 0.0008648
bookshelf 0 0 -10 356.97 31.41 372.23 69.81 0.0008509
chair 0 0 -10 194.05 97.68 318.29 176.86 0.0008459
chair 0 0 -10 117.72 0.00 174.50 64.67 0.0008397
bed 0 0 -10 358.23 0.00 397.49 155.41 0.0008376
chair 0 0 -10 352.95 71.12 383.63 160.42 0.0008296
chair 0 0 -10 226.16 5.88 287.71 135.38 0.0008076
dresser 0 0 -10 21.89 102.36 66.94 239.73 0.0007651
chair 0 0 -10 336.14 234.74 508.22 515.92 0.0007548
chair 0 0 -10 165.30 26.92 253.04 209.35 0.0007521
table 0 0 -10 181.78 28.05 571.44 365.30 0.0007474
chair 0 0 -10 71.21 133.24 399.86 514.53 0.0007392
bed 0 0 -10 324.80 0.00 394.04 152.68 0.0007209
dresser 0 0 -10 2.13 110.74 44.94 366.27 0.0007077
chair 0 0 -10 223.95 32.58 367.45 234.91 0.0006991
dresser 0 0 -10 6.04 96.82 48.14 252.96 0.0006963
dresser 0 0 -10 244.68 11.08 347.15 128.97 0.0006939
chair 0 0 -10 180.23 94.35 259.02 247.66 0.0006772
night_stand 0 0 -10 197.47 115.67 536.68 517.87 0.0006641
chair 0 0 -10 248.62 1.48 338.52 54.16 0.0006582
chair 0 0 -10 218.06 95.93 400.99 282.03 0.0006491
table 0 0 -10 252.23 130.73 494.30 228.04 0.0006468
chair 0 0 -10 287.13 65.99 633.24 498.77 0.0006431
bookshelf 0 0 -10 346.43 10.67 603.49 228.34 0.0006407
dresser 0 0 -10 404.34 5.91 684.70 296.88 0.0006139
chair 0 0 -10 282.66 84.67 382.85 219.59 0.0006136
dresser 0 0 -10 190.48 119.68 534.28 517.79 0.0006079
dresser 0 0 -10 15.76 129.02 55.57 272.62 0.0005956
bookshelf 0 0 -10 359.94 62.05 367.94 135.22 0.0005694
