sofa 0 0 -10 280.02 75.39 721.25 269.11 0.9812140
table 0 0 -10 365.42 209.47 730.00 446.99 0.9411139
sofa 0 0 -10 418.71 225.67 730.00 528.47 0.5039290
sofa 0 0 -10 0.00 140.79 287.58 432.55 0.4297411
chair 0 0 -10 684.77 185.18 727.50 329.06 0.3101127
chair 0 0 -10 439.43 257.73 728.22 528.64 0.3039460
chair 0 0 -10 0.52 139.74 292.68 441.09 0.1593552
chair 0 0 -10 681.20 70.69 728.02 264.44 0.1180089
table 0 0 -10 701.00 122.06 728.33 289.19 0.1132759
sofa 0 0 -10 272.52 81.56 729.20 446.84 0.0970932
chair 0 0 -10 671.14 116.16 727.58 349.16 0.0829106
table 0 0 -10 675.51 208.66 729.50 348.80 0.0723709
chair 0 0 -10 705.25 129.39 728.78 335.76 0.0543700
bed 0 0 -10 186.51 2.65 726.38 99.67 0.0431913
table 0 0 -10 677.07 115.40 725.75 312.77 0.0419677
table 0 0 -10 320.83 187.32 722.20 341.28 0.0402207
chair 0 0 -10 582.74 244.14 730.00 456.65 0.0350277
chair 0 0 -10 696.55 233.37 729.90 316.66 0.0276260
chair 0 0 -10 708.20 67.00 728.83 259.23 0.0260111
bed 0 0 -10 252.74 31.21 721.94 229.44 0.0239826
table 0 0 -10 687.18 210.89 728.54 301.58 0.0221073
chair 0 0 -10 689.25 109.30 727.99 192.74 0.0206817
sofa 0 0 -10 682.85 195.44 729.16 303.03 0.0203528
table 0 0 -10 639.84 111.08 727.60 381.44 0.0198477
table 0 0 -10 687.92 127.30 728.54 223.74 0.0196137
chair 0 0 -10 627.79 200.91 730.00 384.15 0.0195540
table 0 0 -10 255.59 32.50 717.49 212.56 0.0190255
desk 0 0 -10 365.18 206.17 730.00 450.93 0.0182166
table 0 0 -10 360.00 208.47 560.80 382.94 0.0170867
table 0 0 -10 695.99 240.06 729.77 316.50 0.0164961
sofa 0 0 -10 694.78 234.01 729.03 530.00 0.0150339
sofa 0 0 -10 640.09 296.08 729.06 510.25 0.0150024
table 0 0 -10 513.03 192.20 723.31 358.04 0.0142223
sofa 0 0 -10 683.75 149.32 728.15 404.42 0.0138183
table 0 0 -10 617.27 187.69 722.94 348.14 0.0135045
table 0 0 -10 707.02 191.94 730.00 347.83 0.0130882
table 0 0 -10 268.78 74.95 705.34 341.86 0.0130876
chair 0 0 -10 694.29 51.88 728.23 206.99 0.0128372
table 0 0 -10 696.90 128.41 729.54 191.17 0.0120984
table 0 0 -10 706.95 131.06 728.42 216.30 0.0112304
chair 0 0 -10 653.15 39.91 730.00 305.45 0.0110225
table 0 0 -10 484.76 222.08 711.12 520.34 0.0104781
table 0 0 -10 199.96 4.74 729.64 97.79 0.0093140
table 0 0 -10 137.36 175.34 282.39 307.76 0.0090491
desk 0 0 -10 306.85 128.68 712.76 389.71 0.0087193
chair 0 0 -10 712.70 184.67 730.00 352.70 0.0086963
table 0 0 -10 714.05 132.18 729.03 253.67 0.0078942
chair 0 0 -10 634.05 108.36 730.00 465.00 0.0076913
desk 0 0 -10 691.75 188.91 728.02 338.10 0.0069228
chair 0 0 -10 90.69 110.11 262.30 247.89 0.0068504
chair 0 0 -10 700.59 202.40 728.69 295.12 0.0068186
desk 0 0 -10 705.66 117.66 728.59 325.83 0.0063520
sofa 0 0 -10 701.01 168.94 728.30 350.19 0.0059830
chair 0 0 -10 525.66 148.73 729.32 432.72 0.0055994
table 0 0 -10 683.85 170.22 727.73 280.31 0.0053665
table 0 0 -10 4.92 158.83 292.29 441.50 0.0053064
chair 0 0 -10 645.21 184.72 730.00 317.20 0.0049199
chair 0 0 -10 683.41 215.08 728.67 280.23 0.0047247
table 0 0 -10 631.65 206.80 728.59 455.48 0.0046710
chair 0 0 -10 719.70 90.77 727.89 257.85 0.0046127
sofa 0 0 -10 32.94 101.58 639.30 483.66 0.0046035
sofa 0 0 -10 305.95 152.14 730.00 332.08 0.0044474
table 0 0 -10 657.54 77.52 727.03 249.02 0.0043600
chair 0 0 -10 37.08 95.33 262.31 329.71 0.0042200
bed 0 0 -10 359.62 174.04 720.67 493.50 0.0041943
sofa 0 0 -10 655.33 100.57 726.51 320.11 0.0041146
chair 0 0 -10 653.40 229.87 730.00 498.94 0.0040046
chair 0 0 -10 692.40 185.49 730.00 432.98 0.0039822
desk 0 0 -10 683.42 143.68 727.90 396.09 0.0038487
desk 0 0 -10 218.62 34.70 730.00 234.97 0.0036825
chair 0 0 -10 722.17 71.35 729.60 220.31 0.0036351
table 0 0 -10 3.92 216.77 75.74 525.06 0.0034245
table 0 0 -10 692.14 182.73 729.15 436.90 0.0033867
chair 0 0 -10 279.80 59.14 692.61 244.70 0.0032753
sofa 0 0 -10 516.36 307.95 717.39 528.81 0.0030986
bed 0 0 -10 305.49 96.19 719.78 367.23 0.0030979
table 0 0 -10 718.18 216.15 729.70 336.81 0.0029911
bed 0 0 -10 692.24 140.47 728.48 336.72 0.0029017
chair 0 0 -10 645.75 109.66 730.00 225.44 0.0028821
night_stand 0 0 -10 700.18 173.17 728.93 345.65 0.0028074
chair 0 0 -10 713.91 131.04 729.62 250.52 0.0026087
table 0 0 -10 720.17 126.53 729.89 278.02 0.0025539
sofa 0 0 -10 250.76 16.29 719.98 185.49 0.0024957
sofa 0 0 -10 710.07 332.67 729.93 522.10 0.0023486
chair 0 0 -10 719.72 197.70 728.95 341.33 0.0023411
bookshelf 0 0 -10 700.77 160.74 728.56 346.65 0.0022736
toilet 0 0 -10 691.44 188.75 728.38 336.23 0.0020569
table 0 0 -10 547.06 228.86 727.47 437.15 0.0019474
night_stand 0 0 -10 682.99 154.13 730.00 396.30 0.0019441
table 0 0 -10 635.00 176.45 728.23 290.69 0.0019431
bed 0 0 -10 507.31 277.42 724.52 527.80 0.0019372
bookshelf 0 0 -10 683.52 142.94 729.48 398.73 0.0018712
bookshelf 0 0 -10 419.29 223.46 727.21 520.48 0.0017986
chair 0 0 -10 690.60 136.97 728.94 255.05 0.0017864
table 0 0 -10 120.37 152.83 271.30 252.18 0.0017508
desk 0 0 -10 695.06 228.53 729.06 311.00 0.0016950
chair 0 0 -10 337.06 100.59 696.61 374.00 0.0016059
bookshelf 0 0 -10 275.27 18.73 713.60 221.29 0.0015883
chair 0 0 -10 723.78 187.26 730.00 304.97 0.0015000
dresser 0 0 -10 691.87 187.47 728.20 335.19 0.0014815
