sofa 0 0 -10 244.82 132.04 498.91 399.87 0.3863533
chair 0 0 -10 246.25 133.57 502.35 400.27 0.1623833
table 0 0 -10 533.55 2.72 724.68 77.18 0.0086818
chair 0 0 -10 547.10 0.00 727.85 85.01 0.0045062
chair 0 0 -10 517.90 0.00 573.01 58.65 0.0022146
table 0 0 -10 233.59 142.07 495.92 397.84 0.0021825
sofa 0 0 -10 157.84 42.14 542.96 399.80 0.0020233
chair 0 0 -10 245.40 14.63 510.30 256.40 0.0018674
sofa 0 0 -10 57.80 136.35 470.14 515.90 0.0017087
chair 0 0 -10 540.11 0.00 644.93 62.31 0.0014759
chair 0 0 -10 512.77 0.00 554.52 46.92 0.0013906
chair 0 0 -10 521.58 2.33 560.37 31.67 0.0011364
desk 0 0 -10 527.75 0.00 726.58 84.43 0.0009571
table 0 0 -10 392.45 0.00 712.70 95.07 0.0009453
table 0 0 -10 551.08 1.44 679.56 57.22 0.0008987
chair 0 0 -10 491.89 2.37 545.68 61.79 0.0008430
sofa 0 0 -10 517.28 4.33 720.25 115.64 0.0008071
bookshelf 0 0 -10 517.85 0.00 721.95 114.69 0.0007651
chair 0 0 -10 597.28 0.00 693.34 61.82 0.0007231
chair 0 0 -10 516.48 0.08 625.38 99.69 0.0007140
table 0 0 -10 0.00 179.44 329.19 521.59 0.0006606
bookshelf 0 0 -10 247.94 128.26 490.09 395.48 0.0006393
table 0 0 -10 255.33 10.27 523.76 179.60 0.0006169
chair 0 0 -10 485.98 0.00 570.26 76.59 0.0005906
bed 0 0 -10 238.81 138.88 504.36 403.19 0.0004822
night_stand 0 0 -10 528.16 0.00 717.47 86.76 0.0004775
bed 0 0 -10 525.75 0.00 703.01 100.35 0.0004478
table 0 0 -10 517.46 0.59 709.42 138.22 0.0004363
dresser 0 0 -10 243.77 140.47 492.29 396.08 0.0004336
table 0 0 -10 5.25 195.31 193.58 420.87 0.0004332
dresser 0 0 -10 528.34 2.64 702.13 97.69 0.0003851
sofa 0 0 -10 265.11 14.46 508.07 290.66 0.0003560
desk 0 0 -10 238.10 147.32 499.33 399.94 0.0003388
toilet 0 0 -10 231.70 143.22 503.82 410.69 0.0003294
chair 0 0 -10 325.28 8.33 522.99 185.27 0.0003275
table 0 0 -10 247.10 30.26 520.60 318.81 0.0003268
bathtub 0 0 -10 244.71 141.52 491.54 398.07 0.0003152
table 0 0 -10 261.41 130.88 471.68 303.84 0.0003152
table 0 0 -10 357.73 1.51 539.87 143.48 0.0003147
chair 0 0 -10 407.81 0.00 708.69 96.22 0.0003079
chair 0 0 -10 269.71 2.40 474.82 154.06 0.0003062
table 0 0 -10 56.64 263.29 637.24 530.00 0.0002953
chair 0 0 -10 550.60 4.55 563.21 58.11 0.0002842
night_stand 0 0 -10 246.13 144.85 488.04 406.14 0.0002814
table 0 0 -10 65.53 7.13 541.99 220.27 0.0002716
chair 0 0 -10 431.07 0.00 601.42 62.57 0.0002645
chair 0 0 -10 536.07 8.65 565.58 32.80 0.0002635
table 0 0 -10 517.33 0.38 648.10 95.09 0.0002534
sofa 0 0 -10 49.96 252.44 673.42 530.00 0.0002520
chair 0 0 -10 659.20 0.00 722.56 67.11 0.0002519
bathtub 0 0 -10 519.81 0.00 717.97 87.06 0.0002481
table 0 0 -10 307.88 61.65 505.19 153.31 0.0002317
table 0 0 -10 520.73 2.33 568.33 52.04 0.0002144
table 0 0 -10 585.54 132.47 730.00 530.00 0.0002097
table 0 0 -10 535.70 11.98 565.00 36.64 0.0002028
chair 0 0 -10 517.99 1.20 604.23 41.01 0.0001986
table 0 0 -10 395.72 16.30 500.91 232.38 0.0001957
chair 0 0 -10 688.72 0.00 730.00 66.96 0.0001938
chair 0 0 -10 555.47 1.73 614.62 47.63 0.0001897
table 0 0 -10 521.99 8.11 559.55 36.26 0.0001896
table 0 0 -10 55.89 215.99 204.96 354.56 0.0001862
sofa 0 0 -10 557.15 4.87 694.73 64.68 0.0001856
table 0 0 -10 530.71 1.31 608.53 57.93 0.0001848
bathtub 0 0 -10 552.06 4.02 695.10 63.25 0.0001784
chair 0 0 -10 626.87 0.00 725.33 121.03 0.0001736
sofa 0 0 -10 537.54 9.64 726.76 204.37 0.0001697
chair 0 0 -10 240.15 127.91 583.98 530.00 0.0001686
sofa 0 0 -10 299.20 28.68 728.98 440.90 0.0001660
bookshelf 0 0 -10 554.18 3.55 696.99 65.08 0.0001651
chair 0 0 -10 492.89 0.00 552.98 126.07 0.0001627
chair 0 0 -10 535.05 5.51 548.18 47.20 0.0001556
chair 0 0 -10 523.45 2.18 704.34 158.04 0.0001544
chair 0 0 -10 527.63 9.50 553.63 33.91 0.0001503
chair 0 0 -10 97.30 125.66 460.64 511.91 0.0001451
table 0 0 -10 245.26 144.12 375.85 387.78 0.0001450
table 0 0 -10 258.99 192.35 484.03 276.34 0.0001408
bed 0 0 -10 553.50 4.28 696.16 66.11 0.0001399
table 0 0 -10 292.41 14.45 465.14 141.02 0.0001391
chair 0 0 -10 205.68 0.00 531.74 101.46 0.0001382
bookshelf 0 0 -10 518.73 0.00 636.92 95.85 0.0001364
dresser 0 0 -10 556.49 5.40 693.51 63.89 0.0001314
table 0 0 -10 358.19 121.37 706.64 503.36 0.0001295
bathtub 0 0 -10 640.11 264.69 730.00 530.00 0.0001283
desk 0 0 -10 251.96 6.36 536.18 180.88 0.0001266
bookshelf 0 0 -10 272.46 5.43 524.31 180.48 0.0001244
chair 0 0 -10 397.77 3.20 583.22 211.77 0.0001241
table 0 0 -10 616.33 0.00 723.34 113.91 0.0001184
bathtub 0 0 -10 0.13 143.27 191.10 344.75 0.0001144
chair 0 0 -10 617.44 0.00 730.00 43.14 0.0001133
night_stand 0 0 -10 551.03 1.39 652.97 64.43 0.0001118
table 0 0 -10 451.24 0.00 555.40 120.88 0.0001114
chair 0 0 -10 340.60 13.64 419.93 189.16 0.0001084
table 0 0 -10 21.47 73.66 428.60 465.32 0.0001078
sofa 0 0 -10 281.01 165.10 669.92 508.15 0.0001057
chair 0 0 -10 447.72 0.00 546.70 49.17 0.0001047
chair 0 0 -10 538.65 3.77 551.64 55.69 0.0001010
table 0 0 -10 1.12 58.05 261.97 416.31 0.0000971
table 0 0 -10 423.04 258.75 504.22 425.60 0.0000970
table 0 0 -10 488.52 3.89 570.18 60.63 0.0000948
bed 0 0 -10 582.50 59.74 730.00 515.35 0.0000919
