table 0 0 -10 444.58 145.70 672.78 429.97 0.9745654
table 0 0 -10 48.84 157.10 375.37 362.64 0.9025406
chair 0 0 -10 2.35 210.49 99.42 530.00 0.5027221
sofa 0 0 -10 3.97 207.78 92.43 530.00 0.2244093
chair 0 0 -10 10.81 213.18 414.63 529.45 0.1549748
desk 0 0 -10 448.17 149.75 681.33 441.34 0.1148435
table 0 0 -10 33.54 183.23 409.00 484.61 0.1059607
desk 0 0 -10 49.59 161.93 380.69 359.72 0.0989529
bed 0 0 -10 41.66 340.84 386.43 530.00 0.0719698
sofa 0 0 -10 2.99 231.34 397.54 528.36 0.0672420
table 0 0 -10 87.21 162.61 663.26 511.70 0.0621343
table 0 0 -10 0.91 269.80 97.05 530.00 0.0447977
chair 0 0 -10 646.74 104.61 728.01 228.73 0.0420952
desk 0 0 -10 23.75 173.90 411.69 492.38 0.0180164
table 0 0 -10 47.03 198.47 213.81 372.08 0.0174702
table 0 0 -10 25.12 217.92 142.19 514.30 0.0169681
chair 0 0 -10 54.21 181.34 327.32 364.40 0.0138178
table 0 0 -10 446.68 134.26 671.93 185.69 0.0135290
table 0 0 -10 444.34 133.88 682.14 265.46 0.0118827
chair 0 0 -10 8.87 205.53 212.11 530.00 0.0107420
chair 0 0 -10 2.84 188.18 141.37 409.53 0.0105548
sofa 0 0 -10 1.00 192.52 44.38 425.05 0.0103431
desk 0 0 -10 69.05 159.00 678.92 522.74 0.0096372
bookshelf 0 0 -10 636.23 0.00 730.00 252.99 0.0094441
night_stand 0 0 -10 82.19 155.07 385.39 355.69 0.0078589
desk 0 0 -10 5.64 250.06 89.22 530.00 0.0077665
table 0 0 -10 59.11 337.91 378.28 530.00 0.0075238
bed 0 0 -10 75.80 150.80 384.74 356.72 0.0063386
bed 0 0 -10 44.12 169.77 422.06 508.16 0.0062392
chair 0 0 -10 5.14 194.55 66.26 418.54 0.0053433
chair 0 0 -10 2.29 380.57 98.94 529.01 0.0053430
table 0 0 -10 642.55 136.89 729.49 219.57 0.0052932
chair 0 0 -10 435.72 153.49 633.99 431.51 0.0048740
bookshelf 0 0 -10 634.73 103.78 730.00 225.14 0.0046450
sofa 0 0 -10 53.10 154.28 382.45 358.62 0.0044844
desk 0 0 -10 644.18 134.50 730.00 220.87 0.0043247
table 0 0 -10 606.57 132.67 727.02 257.77 0.0042334
chair 0 0 -10 545.68 254.50 727.68 513.68 0.0040204
table 0 0 -10 272.51 155.73 366.82 277.76 0.0034079
chair 0 0 -10 502.08 165.81 687.66 441.10 0.0033449
table 0 0 -10 547.24 118.25 718.75 282.36 0.0032840
table 0 0 -10 31.26 215.12 260.11 530.00 0.0029005
table 0 0 -10 91.24 143.30 367.00 276.25 0.0028128
chair 0 0 -10 601.98 37.23 730.00 321.30 0.0027965
dresser 0 0 -10 77.99 154.46 385.21 354.88 0.0027177
chair 0 0 -10 20.84 361.39 380.62 530.00 0.0027156
bookshelf 0 0 -10 662.08 2.63 729.66 177.54 0.0026301
bed 0 0 -10 0.68 208.93 97.66 530.00 0.0023741
dresser 0 0 -10 651.76 113.82 729.23 228.39 0.0021699
table 0 0 -10 526.54 184.79 709.81 452.97 0.0020893
table 0 0 -10 421.37 34.73 715.13 369.89 0.0020539
chair 0 0 -10 2.58 165.03 41.01 397.25 0.0020233
bookshelf 0 0 -10 1.96 199.99 95.87 530.00 0.0018244
table 0 0 -10 9.26 193.91 109.43 453.37 0.0016962
chair 0 0 -10 641.67 101.02 727.05 169.53 0.0016684
sofa 0 0 -10 14.28 388.80 390.45 528.48 0.0016623
desk 0 0 -10 22.07 210.12 141.26 516.82 0.0015549
sofa 0 0 -10 9.79 165.76 30.04 439.19 0.0015214
bathtub 0 0 -10 39.79 138.51 387.87 355.67 0.0014672
chair 0 0 -10 35.10 100.11 417.90 359.29 0.0014034
dresser 0 0 -10 4.21 227.06 97.79 522.94 0.0013149
bathtub 0 0 -10 26.93 252.14 432.06 515.85 0.0012499
toilet 0 0 -10 0.00 209.34 96.81 530.00 0.0011822
table 0 0 -10 538.35 152.56 687.07 249.14 0.0011792
bed 0 0 -10 642.11 116.07 729.75 229.12 0.0011644
desk 0 0 -10 419.45 16.98 721.23 376.01 0.0011335
chair 0 0 -10 350.55 197.10 603.36 473.35 0.0011227
chair 0 0 -10 262.47 1.43 351.05 52.68 0.0010906
chair 0 0 -10 628.19 0.00 730.00 106.51 0.0010885
sofa 0 0 -10 646.65 128.04 729.15 216.50 0.0010788
chair 0 0 -10 39.12 203.22 181.93 376.98 0.0010784
chair 0 0 -10 26.95 143.47 185.88 321.18 0.0010208
bed 0 0 -10 46.73 425.84 361.55 528.94 0.0009548
night_stand 0 0 -10 255.19 10.06 320.13 78.76 0.0009472
chair 0 0 -10 1.51 165.67 96.23 287.84 0.0009154
table 0 0 -10 688.11 279.63 728.96 530.00 0.0008922
chair 0 0 -10 177.41 1.94 280.01 45.35 0.0008901
chair 0 0 -10 242.13 0.00 344.82 81.35 0.0008760
sofa 0 0 -10 28.18 167.67 670.08 522.69 0.0008523
table 0 0 -10 329.24 224.46 696.49 530.00 0.0008456
table 0 0 -10 186.50 10.18 261.72 77.35 0.0008335
table 0 0 -10 617.32 259.42 726.20 530.00 0.0008249
chair 0 0 -10 268.99 2.65 452.04 251.14 0.0008057
dresser 0 0 -10 47.82 167.34 416.53 505.59 0.0008053
bookshelf 0 0 -10 668.07 0.00 718.94 108.85 0.0007678
toilet 0 0 -10 44.24 143.96 377.65 363.28 0.0007644
bed 0 0 -10 443.13 136.29 655.61 435.81 0.0007481
desk 0 0 -10 50.92 336.82 380.29 530.00 0.0007206
table 0 0 -10 236.49 216.47 541.08 520.86 0.0006865
table 0 0 -10 10.46 1.53 334.60 75.97 0.0006845
chair 0 0 -10 112.92 142.16 370.85 328.50 0.0006810
chair 0 0 -10 96.98 232.15 657.43 521.53 0.0006692
sofa 0 0 -10 0.00 190.12 81.04 389.55 0.0006643
chair 0 0 -10 338.43 1.70 522.49 248.33 0.0006552
night_stand 0 0 -10 50.01 175.66 419.07 501.27 0.0006549
chair 0 0 -10 168.50 319.90 501.23 521.19 0.0006469
table 0 0 -10 487.73 147.45 654.38 328.85 0.0006311
chair 0 0 -10 578.65 127.84 730.00 464.33 0.0006289
table 0 0 -10 511.98 139.41 717.95 202.96 0.0006082
chair 0 0 -10 184.80 4.56 300.90 79.37 0.0005921
