chair 0 0 -10 173.45 121.24 286.55 323.79 0.9818480
chair 0 0 -10 391.23 137.72 574.16 368.53 0.9648136
chair 0 0 -10 9.15 139.80 221.17 461.37 0.9063978
chair 0 0 -10 454.60 116.51 583.51 329.87 0.6376151
table 0 0 -10 284.60 136.46 525.64 508.54 0.6021367
desk 0 0 -10 6.47 131.05 276.50 340.86 0.5997562
chair 0 0 -10 408.32 95.14 507.98 210.64 0.5284136
desk 0 0 -10 273.46 169.08 535.90 500.30 0.4831361
table 0 0 -10 7.87 126.07 283.46 397.97 0.4741528
chair 0 0 -10 376.75 182.94 534.48 443.41 0.3052157
chair 0 0 -10 101.45 128.65 262.72 377.32 0.2810379
desk 0 0 -10 0.00 153.26 214.91 478.40 0.2725959
chair 0 0 -10 419.26 100.18 537.33 253.82 0.2306449
chair 0 0 -10 0.80 267.33 41.10 480.99 0.1495932
desk 0 0 -10 112.63 125.01 256.71 309.25 0.1256539
chair 0 0 -10 144.48 102.12 257.43 249.72 0.1015441
desk 0 0 -10 339.80 154.40 512.13 327.24 0.0953036
table 0 0 -10 32.97 137.16 269.52 279.62 0.0878466
desk 0 0 -10 4.61 171.20 115.58 318.25 0.0866353
chair 0 0 -10 486.41 107.74 583.76 257.45 0.0865287
desk 0 0 -10 1.29 148.32 128.16 430.42 0.0637502
table 0 0 -10 0.26 291.65 36.80 484.02 0.0623976
table 0 0 -10 0.00 144.67 180.32 462.40 0.0599978
desk 0 0 -10 7.11 169.20 238.51 290.28 0.0588935
chair 0 0 -10 305.13 123.04 550.15 478.75 0.0550170
chair 0 0 -10 21.07 135.65 192.81 328.92 0.0503210
table 0 0 -10 361.61 159.91 525.74 346.23 0.0477185
chair 0 0 -10 1.45 120.44 114.95 318.14 0.0429962
table 0 0 -10 286.66 209.03 517.74 333.72 0.0369600
chair 0 0 -10 360.16 177.67 470.75 413.60 0.0363206
chair 0 0 -10 0.00 195.00 60.96 474.32 0.0345268
chair 0 0 -10 458.38 97.92 502.32 225.13 0.0332282
table 0 0 -10 113.11 124.80 255.17 348.16 0.0323801
chair 0 0 -10 126.57 69.24 217.48 198.89 0.0292803
desk 0 0 -10 1.11 208.25 46.24 465.09 0.0288941
desk 0 0 -10 20.79 127.21 241.83 223.81 0.0256215
chair 0 0 -10 379.84 67.77 504.37 292.75 0.0256097
desk 0 0 -10 389.36 177.65 536.16 382.08 0.0249928
chair 0 0 -10 116.59 97.83 207.52 242.35 0.0205416
chair 0 0 -10 2.78 285.41 12.61 472.91 0.0204776
desk 0 0 -10 335.54 139.32 500.01 254.24 0.0190964
chair 0 0 -10 131.35 113.34 237.03 318.68 0.0174324
desk 0 0 -10 122.59 129.33 223.36 192.77 0.0169758
chair 0 0 -10 161.87 110.73 281.83 206.71 0.0165273
table 0 0 -10 0.00 175.06 119.77 318.35 0.0164692
table 0 0 -10 1.51 265.58 21.38 493.62 0.0155174
chair 0 0 -10 189.46 106.85 261.12 187.99 0.0149250
chair 0 0 -10 295.04 245.35 484.16 523.87 0.0137403
table 0 0 -10 0.00 214.21 48.52 465.81 0.0126885
table 0 0 -10 117.37 131.16 227.02 192.51 0.0121326
table 0 0 -10 3.01 282.13 11.93 478.14 0.0120239
chair 0 0 -10 503.90 119.91 554.84 317.04 0.0114444
chair 0 0 -10 359.84 117.89 461.52 314.13 0.0113050
chair 0 0 -10 138.18 119.15 221.67 214.01 0.0112485
table 0 0 -10 0.94 148.21 197.56 314.13 0.0112317
chair 0 0 -10 183.64 131.49 252.50 285.18 0.0111756
table 0 0 -10 329.90 142.75 505.17 255.60 0.0109757
chair 0 0 -10 0.00 204.92 119.75 486.22 0.0103676
desk 0 0 -10 8.22 176.53 180.99 357.08 0.0102812
desk 0 0 -10 0.15 290.61 35.95 479.84 0.0086129
desk 0 0 -10 398.37 156.76 573.98 312.70 0.0080484
chair 0 0 -10 74.27 110.79 286.64 290.29 0.0074010
table 0 0 -10 0.00 200.74 96.11 449.67 0.0072509
table 0 0 -10 104.11 113.65 537.05 451.56 0.0066542
chair 0 0 -10 141.13 117.00 365.71 294.79 0.0060240
chair 0 0 -10 34.16 78.60 191.75 234.75 0.0055885
chair 0 0 -10 6.23 79.66 141.23 194.45 0.0050238
chair 0 0 -10 113.81 114.28 250.98 187.22 0.0049594
chair 0 0 -10 330.22 82.44 482.49 363.06 0.0049404
chair 0 0 -10 216.35 109.20 279.20 257.77 0.0048593
table 0 0 -10 238.63 135.31 511.67 306.24 0.0044957
chair 0 0 -10 89.10 117.44 195.39 286.35 0.0043941
chair 0 0 -10 502.57 112.78 582.41 195.27 0.0041184
chair 0 0 -10 4.41 238.04 25.14 467.22 0.0040873
table 0 0 -10 0.16 118.96 282.14 223.70 0.0040262
chair 0 0 -10 532.10 111.49 586.48 239.56 0.0039527
desk 0 0 -10 100.39 104.65 541.64 457.83 0.0038200
chair 0 0 -10 340.53 76.22 435.37 275.21 0.0035638
desk 0 0 -10 1.47 261.00 20.92 484.02 0.0035374
chair 0 0 -10 247.12 120.36 287.01 298.92 0.0035310
chair 0 0 -10 255.06 194.91 437.11 494.84 0.0033439
desk 0 0 -10 167.36 128.41 286.93 330.92 0.0032987
table 0 0 -10 420.98 152.57 563.49 370.03 0.0030730
chair 0 0 -10 197.30 144.90 411.53 329.60 0.0030462
desk 0 0 -10 93.87 125.48 222.60 256.20 0.0029963
table 0 0 -10 353.86 178.56 580.38 442.10 0.0029260
desk 0 0 -10 315.16 153.98 577.66 383.36 0.0028337
chair 0 0 -10 75.69 113.26 346.11 424.47 0.0028115
table 0 0 -10 40.06 126.45 235.53 200.65 0.0028079
desk 0 0 -10 391.62 131.16 488.37 220.79 0.0027247
table 0 0 -10 342.67 183.90 475.46 406.13 0.0026351
chair 0 0 -10 352.67 85.77 591.32 229.78 0.0026331
desk 0 0 -10 235.03 132.22 505.28 305.78 0.0024155
chair 0 0 -10 241.92 100.06 495.43 246.25 0.0024052
chair 0 0 -10 174.72 121.90 229.34 251.32 0.0022664
desk 0 0 -10 3.02 277.63 11.71 471.14 0.0021370
sofa 0 0 -10 2.27 119.23 304.16 441.43 0.0021237
chair 0 0 -10 488.62 118.56 532.64 303.28 0.0020169
chair 0 0 -10 313.49 208.95 493.64 329.18 0.0019707
chair 0 0 -10 114.19 65.63 281.34 225.06 0.0019478
