sofa 0 0 -10 6.36 195.36 289.55 516.13 0.9766898
chair 0 0 -10 294.35 138.66 445.56 358.49 0.9641168
sofa 0 0 -10 355.82 227.40 729.15 530.00 0.9611584
chair 0 0 -10 467.51 129.88 582.49 254.87 0.8790790
chair 0 0 -10 305.71 125.60 375.73 219.23 0.7652606
table 0 0 -10 199.55 146.91 337.08 252.57 0.5520009
chair 0 0 -10 301.39 126.37 409.10 258.99 0.4490191
table 0 0 -10 198.82 139.69 387.04 294.71 0.3891383
chair 0 0 -10 434.79 31.17 577.62 252.01 0.2266019
night_stand 0 0 -10 191.68 144.63 319.48 240.61 0.1398576
table 0 0 -10 430.03 151.05 575.68 262.47 0.1274256
table 0 0 -10 269.23 143.80 429.85 274.44 0.0903396
sofa 0 0 -10 639.28 261.24 728.43 476.55 0.0860765
chair 0 0 -10 462.26 143.42 536.39 238.22 0.0843235
desk 0 0 -10 201.75 145.85 313.09 238.12 0.0831589
chair 0 0 -10 509.30 131.83 605.76 244.08 0.0517784
sofa 0 0 -10 584.38 212.09 726.56 490.27 0.0359438
desk 0 0 -10 432.66 149.36 573.95 264.99 0.0309358
desk 0 0 -10 230.70 145.78 430.12 271.71 0.0305766
table 0 0 -10 191.46 131.87 319.40 213.11 0.0291659
chair 0 0 -10 350.07 138.29 366.65 207.26 0.0265819
chair 0 0 -10 255.90 102.99 353.15 210.84 0.0263145
chair 0 0 -10 429.95 65.12 574.11 173.25 0.0174579
table 0 0 -10 297.28 145.00 381.12 217.24 0.0172174
table 0 0 -10 433.85 128.00 590.97 223.68 0.0164927
chair 0 0 -10 209.67 149.21 306.62 233.68 0.0154072
table 0 0 -10 302.34 135.65 411.08 239.58 0.0145319
chair 0 0 -10 440.67 123.54 607.14 302.59 0.0140473
table 0 0 -10 220.52 152.99 470.69 337.92 0.0135678
chair 0 0 -10 338.55 134.75 359.10 209.18 0.0135508
table 0 0 -10 307.92 139.37 497.30 281.60 0.0125331
chair 0 0 -10 358.82 234.12 730.00 530.00 0.0115851
chair 0 0 -10 230.12 100.99 319.04 213.18 0.0084790
bed 0 0 -10 375.23 379.72 730.00 526.67 0.0079579
sofa 0 0 -10 240.90 137.03 453.01 348.55 0.0079313
chair 0 0 -10 312.18 17.70 459.93 244.23 0.0074166
sofa 0 0 -10 297.49 131.11 683.64 474.72 0.0072750
table 0 0 -10 459.84 150.92 540.89 244.20 0.0071980
chair 0 0 -10 257.10 99.63 310.27 191.63 0.0065394
chair 0 0 -10 8.04 222.25 312.13 525.46 0.0060150
chair 0 0 -10 429.30 115.49 545.34 258.14 0.0057934
sofa 0 0 -10 26.96 133.88 496.01 512.67 0.0056022
table 0 0 -10 403.85 150.18 591.26 325.21 0.0054388
chair 0 0 -10 390.39 16.88 623.57 204.17 0.0053871
table 0 0 -10 312.79 139.43 404.33 201.10 0.0053100
chair 0 0 -10 475.61 108.83 661.62 276.43 0.0050818
chair 0 0 -10 293.66 115.12 361.57 261.17 0.0049046
chair 0 0 -10 258.32 100.70 303.78 146.71 0.0043960
table 0 0 -10 155.37 138.63 313.40 298.86 0.0040554
table 0 0 -10 295.81 46.49 624.91 298.13 0.0040185
desk 0 0 -10 318.92 142.20 590.22 271.02 0.0039906
table 0 0 -10 3.98 378.99 239.36 527.93 0.0039237
bookshelf 0 0 -10 171.01 5.85 347.26 231.88 0.0038391
chair 0 0 -10 299.03 126.15 363.41 179.75 0.0037325
table 0 0 -10 288.29 182.96 495.63 388.53 0.0034956
table 0 0 -10 16.26 257.18 307.04 523.99 0.0033724
table 0 0 -10 352.99 122.60 599.03 255.93 0.0031561
dresser 0 0 -10 203.10 145.29 310.87 240.25 0.0031503
chair 0 0 -10 430.85 20.45 508.27 224.05 0.0028263
table 0 0 -10 328.28 254.52 512.83 357.14 0.0028229
table 0 0 -10 207.33 175.68 328.55 314.00 0.0028098
desk 0 0 -10 197.41 152.14 448.10 370.49 0.0027555
chair 0 0 -10 329.24 123.43 403.37 210.05 0.0027122
chair 0 0 -10 400.23 102.09 570.34 158.46 0.0026896
table 0 0 -10 420.92 35.80 586.04 240.80 0.0026309
bed 0 0 -10 204.13 144.48 312.69 239.14 0.0025526
bookshelf 0 0 -10 196.00 140.27 316.94 241.38 0.0025465
bookshelf 0 0 -10 440.34 5.53 609.63 220.18 0.0024215
desk 0 0 -10 250.67 139.22 500.63 312.47 0.0023810
chair 0 0 -10 494.53 130.13 582.74 209.22 0.0022330
chair 0 0 -10 318.93 74.94 380.45 210.01 0.0021794
chair 0 0 -10 7.54 420.24 264.00 530.00 0.0021675
desk 0 0 -10 444.52 90.63 589.72 245.02 0.0021379
table 0 0 -10 620.84 205.45 728.13 460.48 0.0021321
sofa 0 0 -10 159.60 168.95 306.38 403.77 0.0021244
bookshelf 0 0 -10 291.70 10.36 600.88 162.88 0.0020712
chair 0 0 -10 502.32 118.67 555.43 231.97 0.0019864
sofa 0 0 -10 445.62 139.28 587.37 256.06 0.0019544
sofa 0 0 -10 202.67 148.81 312.15 237.29 0.0019463
sofa 0 0 -10 4.91 187.08 144.46 511.94 0.0019344
bookshelf 0 0 -10 250.77 11.49 318.30 192.34 0.0019056
chair 0 0 -10 343.50 2.15 423.21 80.90 0.0018803
chair 0 0 -10 362.60 107.20 583.07 255.95 0.0018391
desk 0 0 -10 407.22 19.07 599.46 218.60 0.0017740
desk 0 0 -10 191.56 144.28 333.37 289.54 0.0017645
sofa 0 0 -10 380.68 375.80 729.15 530.00 0.0017299
dresser 0 0 -10 434.81 8.99 614.16 212.70 0.0016597
night_stand 0 0 -10 185.03 122.87 236.70 195.00 0.0016554
chair 0 0 -10 446.80 140.54 530.25 197.71 0.0016186
chair 0 0 -10 304.48 117.39 343.95 231.90 0.0016097
chair 0 0 -10 188.38 111.74 318.97 251.83 0.0015698
bookshelf 0 0 -10 233.92 4.12 375.52 154.98 0.0015581
night_stand 0 0 -10 195.65 137.87 235.46 158.20 0.0015515
desk 0 0 -10 297.79 142.27 381.27 218.30 0.0015158
sofa 0 0 -10 0.23 378.28 254.18 529.98 0.0014936
sofa 0 0 -10 712.00 279.07 728.45 483.00 0.0014792
sofa 0 0 -10 340.05 209.91 628.76 431.92 0.0014361
chair 0 0 -10 313.09 128.94 358.24 164.15 0.0013785
chair 0 0 -10 463.78 101.93 609.66 181.11 0.0013542
chair 0 0 -10 345.38 146.94 579.18 357.91 0.0013246
