chair 0 0 -10 287.81 205.97 563.40 516.51 0.9807104
table 0 0 -10 103.69 189.70 514.94 525.97 0.9746690
chair 0 0 -10 551.96 125.33 681.75 293.18 0.9671409
table 0 0 -10 560.41 133.95 728.52 327.79 0.3773195
desk 0 0 -10 560.93 129.78 724.60 338.25 0.1927844
chair 0 0 -10 296.61 164.62 526.72 395.79 0.0681999
desk 0 0 -10 92.10 183.17 514.28 520.24 0.0557607
table 0 0 -10 634.61 143.27 729.83 316.75 0.0485026
chair 0 0 -10 579.53 144.63 658.63 281.57 0.0361457
chair 0 0 -10 450.32 119.41 685.74 315.10 0.0323237
chair 0 0 -10 613.92 138.72 725.55 300.14 0.0264126
chair 0 0 -10 155.13 235.90 444.95 518.47 0.0189713
chair 0 0 -10 288.67 73.52 468.55 343.84 0.0181270
desk 0 0 -10 639.01 138.79 728.28 322.79 0.0168178
table 0 0 -10 7.48 4.72 207.33 71.53 0.0140128
table 0 0 -10 93.65 235.86 237.31 512.70 0.0110425
chair 0 0 -10 522.34 126.92 711.36 407.71 0.0103425
chair 0 0 -10 345.19 102.53 520.64 341.57 0.0096480
table 0 0 -10 661.56 172.09 728.18 291.24 0.0074946
table 0 0 -10 118.98 175.54 485.03 385.44 0.0070213
chair 0 0 -10 175.35 107.62 336.60 336.20 0.0065675
table 0 0 -10 320.27 189.40 497.34 410.63 0.0056856
sofa 0 0 -10 8.30 2.90 213.70 77.84 0.0056078
chair 0 0 -10 59.58 261.35 286.09 529.31 0.0055035
chair 0 0 -10 106.36 198.00 346.93 475.92 0.0044265
table 0 0 -10 529.53 120.81 698.77 267.27 0.0041917
chair 0 0 -10 212.48 147.57 407.63 335.68 0.0035659
table 0 0 -10 689.21 152.48 729.30 402.08 0.0035100
chair 0 0 -10 353.49 111.08 629.74 451.38 0.0034179
chair 0 0 -10 641.66 131.73 680.22 300.34 0.0031995
chair 0 0 -10 230.35 189.97 363.21 352.99 0.0029671
chair 0 0 -10 665.44 137.72 727.98 318.34 0.0028170
chair 0 0 -10 631.47 120.60 664.33 310.46 0.0027935
chair 0 0 -10 292.02 33.36 585.12 362.81 0.0027561
table 0 0 -10 178.91 181.43 451.37 312.23 0.0026111
table 0 0 -10 224.54 204.72 569.89 458.39 0.0025776
table 0 0 -10 496.77 100.59 723.54 380.86 0.0024973
chair 0 0 -10 392.17 90.06 590.18 316.50 0.0023676
chair 0 0 -10 153.39 186.72 318.13 364.22 0.0022010
chair 0 0 -10 546.63 48.76 716.41 314.08 0.0021100
table 0 0 -10 99.13 180.53 351.82 464.17 0.0021063
chair 0 0 -10 381.62 193.34 701.21 530.00 0.0018802
table 0 0 -10 309.65 315.18 523.40 526.52 0.0018790
chair 0 0 -10 338.71 325.20 549.75 528.50 0.0018636
chair 0 0 -10 487.57 108.60 591.01 300.13 0.0015437
table 0 0 -10 280.69 134.88 705.07 458.91 0.0015368
chair 0 0 -10 8.24 0.00 219.80 73.24 0.0013843
desk 0 0 -10 663.02 169.86 728.46 295.60 0.0013053
sofa 0 0 -10 546.12 128.81 721.93 323.38 0.0012500
desk 0 0 -10 9.01 6.32 205.77 68.03 0.0012481
chair 0 0 -10 429.91 58.33 642.78 260.57 0.0012459
table 0 0 -10 611.01 173.76 727.66 376.20 0.0012229
table 0 0 -10 573.20 183.11 664.85 295.71 0.0012108
table 0 0 -10 9.79 7.01 275.74 111.78 0.0011825
bookshelf 0 0 -10 6.72 0.09 214.38 73.02 0.0011538
chair 0 0 -10 87.00 160.03 272.64 396.97 0.0011470
table 0 0 -10 39.91 61.42 478.70 417.44 0.0011404
chair 0 0 -10 690.58 156.19 728.55 343.26 0.0010658
sofa 0 0 -10 4.83 9.75 284.53 162.91 0.0010534
bed 0 0 -10 1.13 1.16 206.97 70.66 0.0010063
table 0 0 -10 617.87 112.33 730.00 253.78 0.0009766
chair 0 0 -10 234.05 2.08 312.14 65.59 0.0009485
table 0 0 -10 705.64 140.07 728.48 343.77 0.0008842
desk 0 0 -10 532.77 119.10 694.83 270.35 0.0008047
chair 0 0 -10 2.27 275.72 191.05 530.00 0.0007870
table 0 0 -10 664.53 218.49 725.69 311.40 0.0007692
chair 0 0 -10 211.41 0.00 332.88 91.62 0.0007658
table 0 0 -10 552.70 103.42 725.77 216.15 0.0007653
table 0 0 -10 0.61 264.13 199.76 528.48 0.0007344
table 0 0 -10 54.41 165.68 240.07 436.95 0.0007109
desk 0 0 -10 312.61 306.64 527.05 526.87 0.0007084
chair 0 0 -10 274.11 0.00 347.68 46.16 0.0006952
chair 0 0 -10 307.53 173.86 438.39 339.31 0.0006939
table 0 0 -10 580.51 45.55 730.00 265.24 0.0006830
table 0 0 -10 702.49 152.17 715.56 284.53 0.0006451
bed 0 0 -10 548.17 118.37 723.32 325.49 0.0006185
chair 0 0 -10 276.66 171.97 376.83 334.36 0.0005973
dresser 0 0 -10 548.31 135.31 722.12 323.50 0.0005910
desk 0 0 -10 180.97 179.95 448.48 311.75 0.0005651
dresser 0 0 -10 5.89 5.04 213.70 71.19 0.0005641
chair 0 0 -10 561.55 180.20 659.43 250.66 0.0005622
sofa 0 0 -10 19.93 2.13 444.24 272.11 0.0005615
bed 0 0 -10 15.94 0.37 481.71 217.02 0.0005560
desk 0 0 -10 493.93 82.53 729.18 424.97 0.0005540
chair 0 0 -10 89.02 225.09 200.71 468.26 0.0005401
bookshelf 0 0 -10 213.16 0.00 328.40 91.37 0.0005331
chair 0 0 -10 603.26 148.72 690.97 257.33 0.0005027
desk 0 0 -10 622.71 108.25 727.97 253.94 0.0005012
table 0 0 -10 674.77 109.13 725.88 314.82 0.0005011
chair 0 0 -10 201.80 81.93 355.70 208.20 0.0004983
sofa 0 0 -10 150.71 196.61 577.70 526.07 0.0004843
chair 0 0 -10 251.32 2.10 435.85 191.73 0.0004805
night_stand 0 0 -10 7.80 1.12 205.16 70.44 0.0004648
table 0 0 -10 346.42 169.51 557.29 366.60 0.0004549
chair 0 0 -10 52.26 4.84 417.62 416.61 0.0004536
chair 0 0 -10 0.00 101.64 257.15 465.08 0.0004518
table 0 0 -10 204.93 94.87 351.59 205.12 0.0004450
table 0 0 -10 232.78 267.43 471.61 529.85 0.0004261
night_stand 0 0 -10 551.35 129.30 714.39 315.70 0.0004167
bed 0 0 -10 0.00 4.60 289.33 166.56 0.0004165
