bookshelf 0 0 -10 0.00 11.37 178.43 530.00 0.9349819
desk 0 0 -10 121.41 227.31 724.01 525.91 0.5330976
bookshelf 0 0 -10 0.00 0.00 139.29 348.04 0.2124891
bookshelf 0 0 -10 23.41 3.05 712.40 530.00 0.1656865
table 0 0 -10 128.08 226.85 719.11 526.43 0.1073184
desk 0 0 -10 0.00 39.71 730.00 517.99 0.0183999
bookshelf 0 0 -10 212.35 8.53 714.21 101.38 0.0150014
dresser 0 0 -10 131.03 237.25 730.00 530.00 0.0145475
desk 0 0 -10 0.00 160.38 226.48 525.57 0.0134565
bathtub 0 0 -10 139.15 225.21 715.80 520.96 0.0130586
bookshelf 0 0 -10 22.47 4.48 232.52 300.89 0.0088691
bed 0 0 -10 662.06 254.68 728.72 373.70 0.0076598
bookshelf 0 0 -10 81.41 2.89 132.25 442.19 0.0068045
bookshelf 0 0 -10 662.68 242.40 729.34 370.02 0.0064175
bookshelf 0 0 -10 3.89 0.00 367.13 346.16 0.0062332
chair 0 0 -10 658.60 263.70 729.37 394.01 0.0056759
bookshelf 0 0 -10 0.00 247.37 224.91 523.39 0.0054704
bookshelf 0 0 -10 0.00 0.50 76.48 274.93 0.0053801
bookshelf 0 0 -10 101.02 0.00 705.18 205.74 0.0041704
dresser 0 0 -10 0.00 176.45 191.08 530.00 0.0039500
bookshelf 0 0 -10 201.38 0.00 314.41 92.05 0.0037890
chair 0 0 -10 2.81 140.01 204.27 524.51 0.0036286
chair 0 0 -10 363.36 225.89 704.80 511.82 0.0035468
dresser 0 0 -10 25.87 29.15 726.19 530.00 0.0034512
table 0 0 -10 2.07 172.38 223.18 523.05 0.0033937
sofa 0 0 -10 664.97 258.76 728.17 368.20 0.0033146
desk 0 0 -10 132.45 107.40 730.00 307.04 0.0032864
table 0 0 -10 179.69 11.34 703.16 94.58 0.0032686
dresser 0 0 -10 661.93 258.37 730.00 365.58 0.0027445
desk 0 0 -10 377.65 268.55 729.31 524.35 0.0023264
bathtub 0 0 -10 348.89 500.08 398.23 530.00 0.0023067
desk 0 0 -10 174.39 167.74 364.83 291.91 0.0022755
bed 0 0 -10 160.11 227.64 718.56 527.06 0.0021314
table 0 0 -10 314.24 10.77 659.42 68.57 0.0020595
table 0 0 -10 660.41 257.16 729.14 367.41 0.0019009
dresser 0 0 -10 12.10 0.86 329.69 530.00 0.0018527
desk 0 0 -10 57.22 5.70 730.00 198.04 0.0017085
chair 0 0 -10 163.63 284.87 606.08 522.67 0.0016999
desk 0 0 -10 169.35 10.77 723.22 95.82 0.0016884
bookshelf 0 0 -10 110.65 4.69 151.59 530.00 0.0015218
desk 0 0 -10 195.56 8.50 697.04 378.64 0.0015074
table 0 0 -10 70.25 7.26 715.19 195.06 0.0014813
desk 0 0 -10 27.51 232.89 393.64 527.68 0.0014229
bathtub 0 0 -10 293.75 520.71 452.51 529.98 0.0013642
table 0 0 -10 147.71 110.29 709.47 304.78 0.0013057
bathtub 0 0 -10 44.65 26.72 709.61 388.59 0.0012865
table 0 0 -10 31.33 37.29 715.92 412.41 0.0012186
table 0 0 -10 378.34 291.02 719.04 526.97 0.0011772
desk 0 0 -10 176.92 172.92 558.59 317.08 0.0011474
desk 0 0 -10 660.56 259.47 730.00 368.69 0.0010507
table 0 0 -10 0.00 352.97 218.75 524.59 0.0010460
desk 0 0 -10 164.65 207.66 652.04 354.01 0.0010361
chair 0 0 -10 46.37 345.03 427.21 530.00 0.0010347
bookshelf 0 0 -10 10.88 4.68 330.09 135.65 0.0009498
chair 0 0 -10 492.46 287.53 712.87 510.56 0.0009355
night_stand 0 0 -10 660.65 263.83 721.37 378.98 0.0009198
bookshelf 0 0 -10 263.30 199.30 722.38 530.00 0.0009064
desk 0 0 -10 0.00 352.93 230.10 524.21 0.0008566
bookshelf 0 0 -10 49.14 0.00 279.29 530.00 0.0008405
bathtub 0 0 -10 256.27 516.74 538.79 530.00 0.0007817
chair 0 0 -10 621.48 260.06 729.75 446.89 0.0007756
table 0 0 -10 179.34 171.92 356.81 285.44 0.0007187
table 0 0 -10 35.36 229.42 382.92 524.99 0.0007044
toilet 0 0 -10 180.55 178.02 688.07 530.00 0.0006688
table 0 0 -10 227.04 498.81 545.37 530.00 0.0006672
bookshelf 0 0 -10 320.97 6.09 664.99 70.89 0.0006424
table 0 0 -10 256.88 517.32 528.52 530.00 0.0005724
desk 0 0 -10 309.39 10.13 673.98 69.27 0.0005588
table 0 0 -10 11.74 472.16 189.72 530.00 0.0005369
bathtub 0 0 -10 205.85 8.58 708.37 100.18 0.0005273
night_stand 0 0 -10 154.24 253.77 701.00 526.87 0.0005053
bookshelf 0 0 -10 7.78 0.00 51.21 490.64 0.0004860
bookshelf 0 0 -10 134.34 0.00 388.78 200.54 0.0004827
bookshelf 0 0 -10 248.87 0.00 665.96 401.15 0.0004536
sofa 0 0 -10 165.38 203.47 705.78 526.22 0.0004410
chair 0 0 -10 125.23 3.83 224.94 50.95 0.0004386
bookshelf 0 0 -10 64.68 6.32 202.95 142.70 0.0004364
chair 0 0 -10 376.54 181.74 586.92 408.03 0.0004171
table 0 0 -10 293.52 521.04 448.06 529.98 0.0003969
desk 0 0 -10 0.00 0.57 325.00 511.93 0.0003966
bathtub 0 0 -10 248.25 490.80 536.19 529.28 0.0003884
sofa 0 0 -10 6.69 138.93 202.22 513.95 0.0003685
bathtub 0 0 -10 662.07 251.07 730.00 358.80 0.0003637
bathtub 0 0 -10 218.80 366.17 707.33 530.00 0.0003458
dresser 0 0 -10 212.10 13.81 718.07 97.08 0.0003321
bookshelf 0 0 -10 0.50 97.87 82.77 523.81 0.0003280
bookshelf 0 0 -10 313.63 0.00 631.73 173.92 0.0003260
bed 0 0 -10 0.00 157.18 183.30 530.00 0.0003182
table 0 0 -10 71.82 357.21 359.87 528.25 0.0003094
bed 0 0 -10 5.46 0.00 730.00 530.00 0.0003054
chair 0 0 -10 35.79 35.51 515.59 514.91 0.0003044
toilet 0 0 -10 0.00 150.81 208.58 530.00 0.0003033
table 0 0 -10 209.63 494.98 372.49 530.00 0.0002990
desk 0 0 -10 70.65 356.83 361.81 527.79 0.0002976
bathtub 0 0 -10 419.61 273.60 730.00 527.15 0.0002922
dresser 0 0 -10 431.90 274.27 722.41 529.88 0.0002913
table 0 0 -10 348.32 500.43 397.85 530.00 0.0002844
bathtub 0 0 -10 159.72 0.47 708.81 250.92 0.0002795
bathtub 0 0 -10 61.02 426.56 433.40 528.85 0.0002717
chair 0 0 -10 679.14 249.56 729.51 358.39 0.0002627
