chair 0 0 -10 346.43 218.06 499.07 413.30 0.9955766
chair 0 0 -10 287.64 165.18 393.01 338.43 0.9901834
chair 0 0 -10 124.24 198.55 283.06 427.21 0.9790951
table 0 0 -10 1.21 168.33 296.68 381.11 0.9506977
chair 0 0 -10 525.42 236.35 686.75 383.49 0.9158796
chair 0 0 -10 537.99 319.56 730.00 513.08 0.8018716
table 0 0 -10 480.95 200.80 723.99 376.51 0.7483312
table 0 0 -10 272.47 163.18 556.80 346.92 0.6482563
table 0 0 -10 176.73 170.84 730.00 398.13 0.5030559
chair 0 0 -10 528.17 271.42 689.76 460.37 0.4856892
table 0 0 -10 527.65 322.58 730.00 530.00 0.4673980
desk 0 0 -10 219.39 160.80 576.27 346.43 0.3175739
desk 0 0 -10 169.84 160.38 730.00 414.94 0.2011208
desk 0 0 -10 0.00 165.97 301.47 408.51 0.1751065
desk 0 0 -10 453.94 200.83 721.73 406.20 0.1742582
table 0 0 -10 0.41 184.97 153.75 402.24 0.1642284
table 0 0 -10 11.02 164.46 291.45 275.50 0.1580586
desk 0 0 -10 538.70 331.11 730.00 527.57 0.1515382
chair 0 0 -10 297.58 172.16 485.64 331.57 0.0880178
table 0 0 -10 571.20 235.80 728.19 426.25 0.0822872
table 0 0 -10 422.62 171.60 725.61 471.94 0.0593605
table 0 0 -10 119.85 168.59 314.70 354.93 0.0541192
chair 0 0 -10 495.18 159.97 714.10 369.01 0.0524340
chair 0 0 -10 576.60 284.30 725.12 441.87 0.0433265
chair 0 0 -10 82.73 176.89 263.33 337.38 0.0334989
desk 0 0 -10 92.35 181.28 296.57 346.96 0.0302323
desk 0 0 -10 312.68 181.80 516.37 356.35 0.0210093
chair 0 0 -10 269.73 143.57 349.22 265.74 0.0200770
chair 0 0 -10 214.91 168.19 371.55 372.33 0.0176847
table 0 0 -10 335.88 201.88 559.82 416.53 0.0164800
desk 0 0 -10 542.01 243.25 691.12 407.72 0.0136276
table 0 0 -10 0.66 180.10 76.63 423.24 0.0133627
desk 0 0 -10 3.03 162.39 290.84 288.49 0.0124995
chair 0 0 -10 247.50 130.47 288.55 229.10 0.0124484
sofa 0 0 -10 531.00 320.69 730.00 528.98 0.0121193
chair 0 0 -10 332.51 304.41 722.48 530.00 0.0118142
chair 0 0 -10 17.07 135.52 189.90 346.35 0.0111828
chair 0 0 -10 242.90 159.16 370.59 295.89 0.0111737
desk 0 0 -10 340.58 204.83 552.11 431.40 0.0107524
table 0 0 -10 609.55 278.71 728.96 470.50 0.0104358
table 0 0 -10 223.00 155.80 568.12 260.59 0.0101222
desk 0 0 -10 571.72 279.36 726.10 453.22 0.0100935
desk 0 0 -10 102.92 167.91 404.55 378.29 0.0095845
table 0 0 -10 210.81 166.14 353.88 323.41 0.0095481
chair 0 0 -10 292.87 165.39 375.12 273.21 0.0092052
desk 0 0 -10 321.64 208.25 730.00 519.50 0.0091781
table 0 0 -10 404.89 158.05 696.99 348.62 0.0088615
table 0 0 -10 158.31 265.10 709.09 530.00 0.0079717
table 0 0 -10 546.88 298.93 697.44 446.72 0.0073550
bed 0 0 -10 531.12 319.81 730.00 530.00 0.0071262
chair 0 0 -10 261.02 211.36 557.13 488.80 0.0070842
chair 0 0 -10 0.00 148.99 68.07 360.45 0.0060089
chair 0 0 -10 21.08 192.21 247.43 443.73 0.0060005
chair 0 0 -10 546.39 229.12 660.68 318.82 0.0058894
chair 0 0 -10 638.49 243.07 726.28 421.44 0.0056810
table 0 0 -10 88.95 169.22 474.03 423.78 0.0052279
table 0 0 -10 280.11 152.11 460.55 289.90 0.0049964
table 0 0 -10 0.16 181.35 42.67 389.34 0.0047257
chair 0 0 -10 1.83 198.54 118.25 399.27 0.0046250
table 0 0 -10 518.27 255.60 686.73 408.78 0.0039005
desk 0 0 -10 233.65 165.87 401.55 319.08 0.0036884
table 0 0 -10 612.44 224.73 725.97 354.31 0.0036759
chair 0 0 -10 232.78 134.35 281.39 249.85 0.0036585
chair 0 0 -10 505.21 192.89 665.02 327.59 0.0035483
sofa 0 0 -10 507.29 253.89 708.62 451.86 0.0035021
chair 0 0 -10 363.62 190.01 530.60 350.80 0.0032597
table 0 0 -10 285.41 157.11 369.17 232.26 0.0029154
chair 0 0 -10 260.96 146.35 309.60 241.43 0.0026820
desk 0 0 -10 614.16 222.20 724.90 393.03 0.0026298
table 0 0 -10 442.17 259.36 679.64 516.98 0.0023571
dresser 0 0 -10 536.55 314.14 730.00 527.50 0.0023270
table 0 0 -10 269.21 146.63 344.24 218.35 0.0022729
chair 0 0 -10 119.74 163.18 262.28 278.34 0.0021978
desk 0 0 -10 174.95 160.38 348.79 329.68 0.0021719
chair 0 0 -10 291.64 141.83 342.75 229.73 0.0020203
chair 0 0 -10 588.21 228.91 715.56 346.26 0.0018586
chair 0 0 -10 0.34 54.84 122.50 367.18 0.0018137
chair 0 0 -10 692.18 232.59 729.57 379.38 0.0017890
table 0 0 -10 273.37 182.90 386.21 342.36 0.0017708
chair 0 0 -10 363.90 195.79 643.15 477.48 0.0017456
table 0 0 -10 678.62 235.59 728.79 361.36 0.0017443
night_stand 0 0 -10 540.64 326.42 730.00 528.36 0.0017026
chair 0 0 -10 263.66 132.03 271.96 202.24 0.0016957
sofa 0 0 -10 306.62 203.91 544.26 398.87 0.0016950
chair 0 0 -10 135.64 168.97 510.28 399.79 0.0016795
table 0 0 -10 272.08 142.30 350.19 175.70 0.0016629
table 0 0 -10 268.30 151.81 392.02 267.19 0.0016138
chair 0 0 -10 472.57 343.49 682.59 527.51 0.0016057
chair 0 0 -10 269.38 125.73 276.35 201.11 0.0016042
chair 0 0 -10 290.86 228.40 368.06 331.01 0.0015847
desk 0 0 -10 281.72 153.02 455.81 299.67 0.0015795
table 0 0 -10 269.13 157.18 355.75 182.71 0.0014600
chair 0 0 -10 272.20 132.84 340.53 195.95 0.0013738
sofa 0 0 -10 44.90 184.39 326.96 387.75 0.0013691
chair 0 0 -10 249.44 132.16 277.06 175.70 0.0013645
bed 0 0 -10 495.94 191.50 723.19 394.53 0.0013400
chair 0 0 -10 253.10 174.05 354.01 224.56 0.0013205
table 0 0 -10 319.54 227.90 658.81 471.39 0.0013035
toilet 0 0 -10 537.75 311.74 726.69 527.94 0.0012750
chair 0 0 -10 597.06 164.96 725.04 383.45 0.0012509
