chair 0 0 -10 397.18 244.80 611.04 497.12 0.9948348
table 0 0 -10 81.84 140.06 655.59 400.55 0.7015738
desk 0 0 -10 108.79 145.23 646.37 377.19 0.6585486
table 0 0 -10 68.93 262.25 221.08 485.82 0.4587299
chair 0 0 -10 405.70 199.42 608.08 385.69 0.2024881
chair 0 0 -10 217.23 151.56 353.68 308.84 0.1079377
table 0 0 -10 110.13 189.56 355.90 370.10 0.0625157
table 0 0 -10 70.21 260.52 201.82 346.54 0.0573293
chair 0 0 -10 0.17 77.25 92.07 290.93 0.0503400
chair 0 0 -10 66.67 275.07 231.57 501.11 0.0492079
chair 0 0 -10 381.36 105.14 562.58 336.82 0.0435284
desk 0 0 -10 303.28 194.20 641.71 400.23 0.0362820
table 0 0 -10 86.74 189.10 436.12 446.62 0.0350458
table 0 0 -10 0.56 201.68 87.00 282.55 0.0247485
chair 0 0 -10 274.07 101.92 355.22 310.62 0.0180526
table 0 0 -10 287.13 156.24 648.67 477.89 0.0179291
chair 0 0 -10 193.38 143.17 303.68 292.74 0.0168522
table 0 0 -10 115.20 142.88 641.44 227.55 0.0164900
table 0 0 -10 95.76 151.18 474.45 340.81 0.0135066
table 0 0 -10 2.37 138.85 122.58 293.30 0.0104944
table 0 0 -10 70.54 187.21 250.01 422.53 0.0102247
chair 0 0 -10 424.73 143.96 533.21 323.77 0.0102233
chair 0 0 -10 4.85 122.10 175.98 286.49 0.0085495
chair 0 0 -10 0.20 195.97 89.10 291.18 0.0080701
chair 0 0 -10 117.19 143.97 308.51 328.90 0.0074031
chair 0 0 -10 70.16 166.53 241.11 420.26 0.0068581
chair 0 0 -10 159.52 143.95 382.08 369.49 0.0066327
table 0 0 -10 366.68 267.73 612.83 505.22 0.0064380
table 0 0 -10 85.81 246.19 311.82 351.16 0.0055204
desk 0 0 -10 314.61 125.74 584.16 349.26 0.0051360
chair 0 0 -10 251.39 99.54 428.76 306.44 0.0049582
chair 0 0 -10 445.40 176.08 530.40 245.89 0.0048114
chair 0 0 -10 248.93 201.35 345.51 304.21 0.0045490
chair 0 0 -10 371.14 128.50 660.49 463.97 0.0041645
desk 0 0 -10 217.72 129.22 444.69 352.32 0.0039295
desk 0 0 -10 114.23 142.27 644.07 228.11 0.0034880
night_stand 0 0 -10 69.44 279.68 226.73 482.94 0.0033114
desk 0 0 -10 379.11 278.57 622.56 512.23 0.0032713
chair 0 0 -10 384.52 68.87 540.99 251.67 0.0032467
chair 0 0 -10 388.17 177.91 527.00 367.46 0.0029891
chair 0 0 -10 159.61 210.76 611.31 506.08 0.0029115
desk 0 0 -10 107.62 179.65 440.35 435.96 0.0028123
chair 0 0 -10 401.76 225.79 539.32 437.47 0.0024742
chair 0 0 -10 408.68 127.63 525.85 246.67 0.0024164
chair 0 0 -10 425.14 65.24 528.69 149.09 0.0023952
table 0 0 -10 310.45 123.62 589.96 340.27 0.0022490
chair 0 0 -10 199.52 191.12 329.99 361.74 0.0022366
chair 0 0 -10 299.11 102.18 385.31 301.03 0.0022253
desk 0 0 -10 68.97 277.39 226.23 487.45 0.0020999
table 0 0 -10 392.37 144.70 651.08 379.22 0.0018472
chair 0 0 -10 281.62 173.18 339.14 299.72 0.0017817
chair 0 0 -10 279.59 69.06 386.15 150.92 0.0017032
desk 0 0 -10 199.17 190.74 569.94 459.71 0.0016393
chair 0 0 -10 0.00 44.59 223.88 353.27 0.0016190
chair 0 0 -10 426.25 158.28 673.64 348.96 0.0015779
chair 0 0 -10 271.18 164.52 501.25 392.96 0.0015616
chair 0 0 -10 325.94 90.89 499.63 323.79 0.0013802
chair 0 0 -10 65.37 234.22 207.11 363.33 0.0013646
chair 0 0 -10 83.62 148.13 206.44 275.72 0.0013186
table 0 0 -10 414.17 244.72 603.93 424.26 0.0013116
sofa 0 0 -10 381.53 255.97 625.41 509.02 0.0012746
table 0 0 -10 418.40 70.21 526.07 141.80 0.0012730
chair 0 0 -10 286.74 164.27 404.84 336.78 0.0012561
desk 0 0 -10 111.06 193.14 359.67 362.12 0.0012419
desk 0 0 -10 2.89 133.38 125.03 297.50 0.0012373
chair 0 0 -10 398.99 207.00 486.93 393.50 0.0012344
table 0 0 -10 0.00 168.73 66.08 310.51 0.0012136
chair 0 0 -10 329.00 115.88 420.12 295.02 0.0011756
table 0 0 -10 134.02 281.53 674.59 524.05 0.0011080
sofa 0 0 -10 120.06 175.81 673.37 502.77 0.0010972
table 0 0 -10 53.28 147.95 269.06 306.47 0.0010970
desk 0 0 -10 346.60 140.86 469.18 345.80 0.0010927
toilet 0 0 -10 380.63 265.99 624.95 513.19 0.0010451
table 0 0 -10 271.60 74.03 380.79 139.45 0.0010296
table 0 0 -10 0.97 25.44 156.76 280.83 0.0010145
chair 0 0 -10 395.60 117.16 489.76 294.64 0.0009901
table 0 0 -10 3.79 45.64 83.35 282.19 0.0009756
chair 0 0 -10 84.14 85.62 517.75 356.52 0.0009697
chair 0 0 -10 164.82 142.82 333.55 232.62 0.0009627
chair 0 0 -10 370.45 205.66 449.89 353.32 0.0008222
chair 0 0 -10 353.76 144.20 437.27 325.65 0.0008098
chair 0 0 -10 455.63 144.50 587.91 295.31 0.0007784
table 0 0 -10 8.26 300.05 178.25 527.33 0.0007594
chair 0 0 -10 32.94 100.42 115.00 295.18 0.0007385
desk 0 0 -10 76.55 198.66 318.81 504.78 0.0007368
night_stand 0 0 -10 75.06 244.20 212.38 413.08 0.0007309
chair 0 0 -10 225.10 147.28 440.66 240.61 0.0007011
table 0 0 -10 186.79 122.19 434.18 304.67 0.0006750
chair 0 0 -10 291.23 66.58 492.23 237.30 0.0006738
chair 0 0 -10 142.67 104.68 318.43 271.61 0.0006403
desk 0 0 -10 0.00 19.90 164.08 283.89 0.0006377
chair 0 0 -10 2.57 325.86 197.21 530.00 0.0006184
chair 0 0 -10 156.76 133.54 258.12 281.89 0.0005825
chair 0 0 -10 237.43 136.16 565.69 321.75 0.0005476
chair 0 0 -10 159.07 155.16 222.73 266.87 0.0005355
chair 0 0 -10 1.20 234.28 138.53 495.63 0.0004538
toilet 0 0 -10 72.80 285.59 219.60 490.45 0.0004478
chair 0 0 -10 287.62 245.79 563.19 474.96 0.0004206
night_stand 0 0 -10 388.89 274.79 628.50 512.76 0.0004146
bookshelf 0 0 -10 140.50 155.25 653.16 496.98 0.0004110
