chair 0 0 -10 341.37 169.70 593.97 514.39 0.9777142
chair 0 0 -10 265.11 124.48 395.77 271.79 0.9092659
table 0 0 -10 300.39 107.75 725.65 510.09 0.8846976
chair 0 0 -10 283.30 130.34 443.60 338.10 0.8634033
chair 0 0 -10 266.23 129.11 358.58 217.76 0.4365648
desk 0 0 -10 306.43 116.93 728.90 524.41 0.1812107
bed 0 0 -10 326.80 84.27 722.03 508.29 0.1567531
table 0 0 -10 431.52 222.42 729.55 528.94 0.1264412
chair 0 0 -10 463.46 223.43 715.62 527.99 0.0871608
chair 0 0 -10 317.72 158.42 501.47 329.02 0.0589615
chair 0 0 -10 286.42 116.43 530.73 451.42 0.0441403
table 0 0 -10 2.26 108.06 26.49 296.19 0.0393797
chair 0 0 -10 276.23 103.08 498.90 279.19 0.0224327
chair 0 0 -10 300.17 169.21 372.45 311.77 0.0215942
table 0 0 -10 0.06 162.58 25.15 250.34 0.0213582
table 0 0 -10 2.33 133.00 12.80 290.97 0.0188736
table 0 0 -10 309.87 97.02 551.90 349.65 0.0185716
table 0 0 -10 0.21 94.69 21.78 156.63 0.0137018
table 0 0 -10 3.05 134.08 20.18 361.42 0.0129343
chair 0 0 -10 0.00 59.76 32.00 292.74 0.0127985
table 0 0 -10 0.08 59.93 37.24 274.18 0.0127490
sofa 0 0 -10 1.91 62.61 30.73 255.55 0.0117202
chair 0 0 -10 398.89 122.40 694.79 481.57 0.0110171
table 0 0 -10 0.23 104.02 21.57 132.50 0.0099541
chair 0 0 -10 536.03 142.75 727.81 434.10 0.0095621
table 0 0 -10 0.00 76.79 21.59 238.38 0.0074905
chair 0 0 -10 282.98 140.09 355.11 293.25 0.0074362
bed 0 0 -10 294.69 95.38 717.44 307.80 0.0069392
sofa 0 0 -10 3.14 88.34 24.42 162.92 0.0066128
sofa 0 0 -10 1.12 65.86 22.56 196.37 0.0064096
sofa 0 0 -10 319.42 124.77 721.46 523.76 0.0060531
chair 0 0 -10 218.46 66.05 482.35 379.24 0.0060155
desk 0 0 -10 289.35 189.33 447.07 334.23 0.0054361
chair 0 0 -10 200.04 91.28 438.55 243.00 0.0051491
table 0 0 -10 0.81 171.98 40.04 266.28 0.0050630
table 0 0 -10 301.89 174.71 468.97 383.29 0.0047815
desk 0 0 -10 458.08 243.22 721.50 530.00 0.0041594
chair 0 0 -10 346.54 90.16 643.26 325.71 0.0040937
table 0 0 -10 0.12 54.96 25.85 181.35 0.0040924
chair 0 0 -10 592.75 265.21 724.48 433.63 0.0040723
chair 0 0 -10 384.06 93.27 513.88 319.86 0.0036489
chair 0 0 -10 384.63 158.38 557.38 356.38 0.0032122
table 0 0 -10 1.41 128.39 52.50 284.18 0.0032075
chair 0 0 -10 0.73 79.15 29.59 201.29 0.0031696
table 0 0 -10 0.35 122.62 34.81 372.74 0.0031207
chair 0 0 -10 3.18 82.26 23.31 157.65 0.0028282
chair 0 0 -10 333.40 168.29 403.04 317.44 0.0028143
bed 0 0 -10 0.02 35.69 30.02 253.47 0.0026722
bed 0 0 -10 486.68 151.80 721.15 501.81 0.0024681
chair 0 0 -10 2.58 41.06 18.94 246.25 0.0023315
desk 0 0 -10 312.21 97.67 545.57 355.50 0.0023212
sofa 0 0 -10 0.34 44.20 47.79 349.48 0.0022988
table 0 0 -10 581.80 277.88 726.85 442.30 0.0022942
table 0 0 -10 4.36 74.26 18.85 177.52 0.0022254
dresser 0 0 -10 321.43 119.01 726.76 527.66 0.0020660
sofa 0 0 -10 2.90 73.90 15.99 174.15 0.0019990
night_stand 0 0 -10 315.21 124.64 730.00 516.21 0.0019880
table 0 0 -10 266.45 132.27 347.78 217.62 0.0018581
sofa 0 0 -10 1.04 52.99 37.72 159.93 0.0018166
table 0 0 -10 1.05 122.96 8.13 332.06 0.0017612
toilet 0 0 -10 281.81 152.10 668.79 526.44 0.0017448
bookshelf 0 0 -10 333.48 116.89 715.23 492.60 0.0017325
bed 0 0 -10 677.66 194.56 730.00 262.35 0.0017182
desk 0 0 -10 303.05 151.08 565.25 471.15 0.0016504
chair 0 0 -10 0.24 39.46 49.47 342.88 0.0015852
chair 0 0 -10 224.40 117.85 373.34 194.28 0.0015449
table 0 0 -10 307.92 95.79 726.04 268.96 0.0014903
chair 0 0 -10 358.34 265.00 521.80 524.18 0.0014174
table 0 0 -10 1.28 70.50 10.04 281.17 0.0013553
table 0 0 -10 526.84 157.56 728.60 473.04 0.0013259
table 0 0 -10 7.37 76.34 23.37 152.80 0.0013139
chair 0 0 -10 617.42 179.70 730.00 487.04 0.0012440
desk 0 0 -10 328.53 128.07 469.75 338.29 0.0011004
bed 0 0 -10 307.59 14.07 724.17 203.08 0.0010449
table 0 0 -10 0.16 113.35 18.57 141.17 0.0009976
table 0 0 -10 3.66 56.54 12.46 248.88 0.0009670
chair 0 0 -10 1.88 59.59 11.08 265.29 0.0009513
desk 0 0 -10 0.00 55.47 30.19 288.71 0.0009456
bed 0 0 -10 0.54 64.16 22.64 201.25 0.0009332
desk 0 0 -10 372.93 202.16 636.35 526.24 0.0009302
night_stand 0 0 -10 3.42 84.52 22.17 156.61 0.0008965
desk 0 0 -10 297.72 97.67 725.60 308.99 0.0008961
bed 0 0 -10 304.48 97.51 525.55 351.91 0.0008656
chair 0 0 -10 0.38 153.27 27.00 247.30 0.0008488
bed 0 0 -10 3.12 82.20 22.20 159.34 0.0008381
night_stand 0 0 -10 0.37 56.31 26.80 178.07 0.0008131
chair 0 0 -10 200.58 130.27 358.76 237.25 0.0008089
table 0 0 -10 0.52 77.00 64.15 353.00 0.0008032
table 0 0 -10 1.04 175.09 49.55 228.69 0.0007978
chair 0 0 -10 283.03 108.30 406.99 210.66 0.0007631
bathtub 0 0 -10 327.89 182.91 721.59 514.69 0.0007468
chair 0 0 -10 170.51 129.90 493.53 514.63 0.0007325
table 0 0 -10 0.86 25.69 49.37 194.16 0.0007106
chair 0 0 -10 0.79 56.49 38.96 161.91 0.0006952
sofa 0 0 -10 1.59 76.06 17.68 312.10 0.0006900
night_stand 0 0 -10 0.00 62.93 30.91 283.72 0.0006798
table 0 0 -10 1.37 207.57 54.13 265.12 0.0006767
table 0 0 -10 314.36 134.30 443.55 327.30 0.0006681
chair 0 0 -10 693.47 102.23 728.39 196.87 0.0006630
bookshelf 0 0 -10 0.49 35.51 26.24 177.41 0.0006591
