chair 0 0 -10 302.76 111.37 462.13 288.96 0.9817973
chair 0 0 -10 140.38 128.88 304.80 295.04 0.9646778
sofa 0 0 -10 425.39 239.89 727.69 529.44 0.8568657
table 0 0 -10 451.31 115.33 723.09 259.17 0.8280660
table 0 0 -10 465.11 166.24 715.89 354.21 0.4094867
chair 0 0 -10 121.33 198.25 500.27 418.29 0.2858733
chair 0 0 -10 133.04 184.35 321.61 356.88 0.2345118
sofa 0 0 -10 123.28 199.92 486.61 435.87 0.2146720
desk 0 0 -10 455.16 121.91 716.82 265.67 0.2135262
chair 0 0 -10 287.49 184.90 474.85 393.29 0.2019160
chair 0 0 -10 415.02 242.25 730.00 517.51 0.1267307
sofa 0 0 -10 480.24 207.15 724.63 396.03 0.0949052
chair 0 0 -10 504.14 208.74 725.20 408.00 0.0775513
table 0 0 -10 451.72 121.26 596.38 230.60 0.0599012
bathtub 0 0 -10 2.59 248.16 109.86 517.25 0.0590369
desk 0 0 -10 466.06 168.03 712.94 362.45 0.0564530
table 0 0 -10 408.11 181.08 726.35 504.73 0.0363711
chair 0 0 -10 177.67 173.32 291.48 229.93 0.0348392
sofa 0 0 -10 628.29 169.79 727.97 469.18 0.0346085
chair 0 0 -10 634.37 161.16 728.96 368.52 0.0316803
chair 0 0 -10 311.58 107.14 442.79 216.42 0.0300190
table 0 0 -10 121.97 212.20 426.17 419.08 0.0295141
chair 0 0 -10 182.78 118.55 383.97 300.74 0.0239558
table 0 0 -10 584.99 135.84 721.34 380.55 0.0201720
table 0 0 -10 331.49 187.70 509.05 406.10 0.0189055
bathtub 0 0 -10 1.17 255.26 57.51 524.61 0.0185241
chair 0 0 -10 636.72 120.16 728.99 287.55 0.0183501
table 0 0 -10 134.59 182.82 329.66 359.37 0.0154541
table 0 0 -10 474.22 208.22 643.93 281.67 0.0150322
table 0 0 -10 132.93 191.22 293.52 288.89 0.0146216
sofa 0 0 -10 76.04 199.98 632.65 524.01 0.0130186
chair 0 0 -10 356.15 189.01 603.48 382.36 0.0120754
table 0 0 -10 530.04 113.30 563.85 140.91 0.0118899
chair 0 0 -10 125.46 224.32 341.67 426.81 0.0099276
table 0 0 -10 465.91 199.32 624.42 345.68 0.0095174
desk 0 0 -10 476.51 206.46 639.91 282.64 0.0093466
table 0 0 -10 626.64 167.75 727.48 460.52 0.0087200
table 0 0 -10 624.33 99.39 726.83 217.37 0.0086890
sofa 0 0 -10 683.38 155.18 726.93 400.64 0.0085095
sofa 0 0 -10 308.89 193.05 485.81 422.97 0.0084450
sofa 0 0 -10 567.29 217.42 726.62 506.57 0.0084223
chair 0 0 -10 450.51 130.96 582.04 263.65 0.0081492
chair 0 0 -10 625.15 203.30 730.00 487.99 0.0079781
table 0 0 -10 557.07 110.41 722.66 233.73 0.0072677
table 0 0 -10 519.29 147.13 654.95 212.22 0.0067338
table 0 0 -10 451.20 105.64 716.87 168.91 0.0061045
table 0 0 -10 294.25 153.04 464.60 294.55 0.0061038
night_stand 0 0 -10 320.04 210.04 484.80 405.53 0.0056639
table 0 0 -10 126.91 153.37 422.13 311.70 0.0056533
toilet 0 0 -10 0.50 257.09 70.37 530.00 0.0055763
night_stand 0 0 -10 129.61 197.81 482.20 438.30 0.0052743
chair 0 0 -10 668.03 114.73 730.00 208.16 0.0051553
dresser 0 0 -10 123.86 198.45 489.33 429.67 0.0050517
sofa 0 0 -10 669.47 214.30 724.13 512.22 0.0049803
dresser 0 0 -10 0.78 224.18 80.71 527.67 0.0048017
chair 0 0 -10 546.58 76.93 728.75 358.68 0.0047798
sofa 0 0 -10 129.95 192.62 323.52 368.17 0.0047692
desk 0 0 -10 408.75 177.39 730.00 507.48 0.0047080
table 0 0 -10 660.54 115.17 728.36 205.34 0.0045509
chair 0 0 -10 172.55 107.95 316.30 235.70 0.0043748
table 0 0 -10 396.92 187.46 555.26 385.38 0.0041593
desk 0 0 -10 124.58 195.67 483.63 432.81 0.0041252
bed 0 0 -10 123.64 194.11 491.04 434.54 0.0040254
desk 0 0 -10 451.11 122.40 585.75 237.82 0.0039750
bed 0 0 -10 1.52 231.96 81.80 530.00 0.0037482
chair 0 0 -10 471.60 162.02 698.05 356.68 0.0035720
chair 0 0 -10 477.10 182.53 613.33 292.31 0.0035141
sofa 0 0 -10 133.51 147.23 297.10 282.65 0.0032864
table 0 0 -10 671.75 262.72 728.25 521.27 0.0030627
table 0 0 -10 226.01 206.78 525.73 447.82 0.0029794
sofa 0 0 -10 471.80 148.28 718.07 272.72 0.0029333
table 0 0 -10 1.21 251.62 58.70 530.00 0.0028733
table 0 0 -10 511.56 117.60 662.59 236.60 0.0028671
desk 0 0 -10 325.88 181.47 511.81 408.39 0.0027922
table 0 0 -10 132.02 251.38 323.30 428.10 0.0027225
table 0 0 -10 617.74 110.10 727.82 312.35 0.0026369
bathtub 0 0 -10 0.00 210.53 178.79 452.78 0.0025800
chair 0 0 -10 1.27 220.76 106.05 529.55 0.0025045
chair 0 0 -10 673.65 107.68 726.79 327.23 0.0024399
dresser 0 0 -10 298.82 190.43 484.22 409.74 0.0022347
bathtub 0 0 -10 124.01 197.41 489.41 430.67 0.0021064
table 0 0 -10 454.42 123.06 546.43 204.94 0.0020295
chair 0 0 -10 629.39 211.77 727.54 319.00 0.0020271
chair 0 0 -10 421.18 110.69 551.50 231.87 0.0019159
toilet 0 0 -10 126.89 196.05 486.57 436.39 0.0018684
table 0 0 -10 2.00 218.62 161.33 530.00 0.0018662
bookshelf 0 0 -10 127.94 189.22 487.29 431.03 0.0018550
chair 0 0 -10 101.16 44.74 318.55 316.56 0.0017908
sofa 0 0 -10 451.69 93.94 720.94 243.42 0.0017849
table 0 0 -10 343.50 136.07 537.28 299.11 0.0017188
sofa 0 0 -10 588.46 198.94 729.55 378.13 0.0017155
chair 0 0 -10 685.36 144.65 724.08 403.51 0.0016888
table 0 0 -10 711.68 262.78 729.27 514.15 0.0016140
table 0 0 -10 532.59 146.73 615.47 240.00 0.0015643
table 0 0 -10 81.97 225.89 591.67 521.75 0.0015240
bed 0 0 -10 472.42 199.50 724.84 395.11 0.0014885
desk 0 0 -10 297.76 139.29 458.56 281.46 0.0014702
chair 0 0 -10 670.53 209.36 729.86 448.89 0.0014640
desk 0 0 -10 132.02 185.83 330.30 368.39 0.0014304
dresser 0 0 -10 2.71 219.85 38.23 526.11 0.0014204
