sofa 0 0 -10 6.75 38.52 638.98 309.20 0.9892215
sofa 0 0 -10 0.00 236.48 386.38 530.00 0.9848818
table 0 0 -10 194.49 185.83 529.73 430.77 0.8052943
bookshelf 0 0 -10 37.86 0.00 167.83 80.15 0.6372048
sofa 0 0 -10 109.91 99.18 588.53 422.34 0.4050256
table 0 0 -10 84.31 212.48 417.08 510.79 0.1784428
sofa 0 0 -10 303.06 52.58 604.53 318.40 0.0808417
table 0 0 -10 383.58 185.80 534.70 347.76 0.0804751
chair 0 0 -10 0.00 241.08 396.20 517.96 0.0705963
desk 0 0 -10 187.48 183.76 536.00 430.66 0.0653764
sofa 0 0 -10 365.71 137.46 547.13 326.16 0.0651525
dresser 0 0 -10 653.41 41.43 730.00 245.99 0.0571583
sofa 0 0 -10 5.91 252.84 165.60 518.50 0.0485211
bookshelf 0 0 -10 665.58 23.36 727.26 251.06 0.0467815
sofa 0 0 -10 5.02 400.53 129.17 530.00 0.0330743
chair 0 0 -10 648.69 25.58 730.00 259.66 0.0313682
table 0 0 -10 0.15 193.83 43.98 308.58 0.0290691
bookshelf 0 0 -10 97.09 0.00 170.77 70.43 0.0193618
sofa 0 0 -10 2.88 176.18 86.72 515.88 0.0169967
sofa 0 0 -10 9.75 387.91 394.99 525.82 0.0165994
table 0 0 -10 1.10 190.67 78.61 322.43 0.0154911
sofa 0 0 -10 168.66 191.53 540.12 469.29 0.0140505
sofa 0 0 -10 7.15 90.31 396.62 334.80 0.0126360
bed 0 0 -10 675.63 11.19 729.28 261.72 0.0117078
chair 0 0 -10 251.50 193.80 522.20 424.39 0.0106372
sofa 0 0 -10 0.97 188.07 63.29 318.90 0.0097148
desk 0 0 -10 75.03 210.47 411.88 515.10 0.0096305
sofa 0 0 -10 1.27 187.65 52.34 430.60 0.0086119
bookshelf 0 0 -10 74.37 0.43 255.60 74.59 0.0081988
table 0 0 -10 0.00 162.37 37.06 381.27 0.0071903
bed 0 0 -10 35.21 217.51 409.61 515.10 0.0069864
table 0 0 -10 193.80 190.97 462.81 338.92 0.0069152
chair 0 0 -10 100.49 216.46 450.25 430.30 0.0056911
table 0 0 -10 119.13 118.84 614.78 458.72 0.0053680
bookshelf 0 0 -10 140.15 1.58 298.57 63.60 0.0050742
bed 0 0 -10 206.06 178.94 537.12 427.19 0.0045069
sofa 0 0 -10 378.48 134.68 605.38 248.87 0.0039805
table 0 0 -10 657.61 82.10 727.30 258.39 0.0038812
table 0 0 -10 0.00 165.62 59.97 438.82 0.0032575
chair 0 0 -10 1.34 180.95 58.94 278.57 0.0028345
chair 0 0 -10 8.57 403.44 393.08 520.33 0.0028322
sofa 0 0 -10 173.49 4.49 313.00 56.89 0.0028293
desk 0 0 -10 655.58 59.29 730.00 253.11 0.0027709
night_stand 0 0 -10 218.63 193.20 534.29 432.36 0.0027504
bookshelf 0 0 -10 1.00 0.00 110.21 84.49 0.0027482
sofa 0 0 -10 198.85 34.30 495.44 267.45 0.0026570
dresser 0 0 -10 704.39 32.69 730.00 251.09 0.0025769
sofa 0 0 -10 0.55 215.85 94.81 355.57 0.0025766
table 0 0 -10 29.42 333.36 402.24 529.22 0.0024264
sofa 0 0 -10 1.02 106.48 90.64 338.54 0.0023814
sofa 0 0 -10 3.38 40.38 168.71 182.75 0.0023595
sofa 0 0 -10 657.98 39.94 728.86 253.97 0.0022427
sofa 0 0 -10 0.69 197.63 208.21 439.19 0.0022301
table 0 0 -10 340.79 164.51 591.95 402.26 0.0021186
table 0 0 -10 0.00 157.04 105.94 372.12 0.0020483
bookshelf 0 0 -10 704.96 19.66 730.00 248.68 0.0020264
table 0 0 -10 1.96 408.31 122.31 530.00 0.0020097
table 0 0 -10 0.16 182.73 57.52 269.80 0.0019170
sofa 0 0 -10 4.40 53.26 310.30 213.24 0.0019146
table 0 0 -10 437.35 209.17 558.65 365.89 0.0018430
table 0 0 -10 0.47 180.59 23.81 319.25 0.0018142
chair 0 0 -10 366.93 80.06 614.01 336.09 0.0017854
chair 0 0 -10 120.01 94.28 561.51 414.64 0.0017684
table 0 0 -10 210.12 242.48 447.48 496.56 0.0017454
bed 0 0 -10 649.74 79.48 728.27 211.14 0.0016915
bed 0 0 -10 1.35 405.00 131.98 530.00 0.0016841
night_stand 0 0 -10 659.86 85.59 729.16 253.72 0.0015604
chair 0 0 -10 1.03 107.90 42.68 269.81 0.0015147
desk 0 0 -10 370.55 178.34 529.90 355.00 0.0014999
table 0 0 -10 0.00 211.09 22.50 425.00 0.0014603
bed 0 0 -10 4.89 387.19 395.70 523.97 0.0014542
table 0 0 -10 30.13 2.76 179.28 88.84 0.0012697
sofa 0 0 -10 0.00 169.23 127.75 377.00 0.0012345
table 0 0 -10 0.33 198.03 38.27 256.06 0.0011986
table 0 0 -10 163.97 7.09 305.09 56.77 0.0011973
sofa 0 0 -10 0.53 206.31 37.02 355.35 0.0010470
chair 0 0 -10 2.67 173.46 86.47 330.93 0.0009978
sofa 0 0 -10 5.25 75.77 156.25 262.26 0.0009897
dresser 0 0 -10 30.35 3.53 162.77 84.09 0.0009891
bed 0 0 -10 159.28 56.13 631.57 421.57 0.0009440
sofa 0 0 -10 0.79 211.37 23.84 435.88 0.0009057
bookshelf 0 0 -10 684.10 38.97 730.00 189.51 0.0009032
dresser 0 0 -10 212.44 192.32 535.79 428.22 0.0008933
night_stand 0 0 -10 51.50 232.13 411.15 513.15 0.0008303
chair 0 0 -10 6.58 407.54 198.94 530.00 0.0008127
desk 0 0 -10 29.88 2.86 181.83 87.41 0.0007853
table 0 0 -10 297.54 4.78 718.80 113.51 0.0007747
chair 0 0 -10 395.46 124.09 530.60 328.36 0.0007333
table 0 0 -10 655.29 155.40 723.60 248.79 0.0007265
table 0 0 -10 307.95 202.47 508.43 353.31 0.0006817
dresser 0 0 -10 663.31 125.11 729.62 258.29 0.0006770
night_stand 0 0 -10 678.92 171.03 729.59 261.35 0.0006764
desk 0 0 -10 117.61 100.68 612.67 460.02 0.0006647
bookshelf 0 0 -10 221.22 182.95 534.15 425.13 0.0006523
bed 0 0 -10 12.03 0.83 172.65 79.35 0.0006308
bookshelf 0 0 -10 50.89 209.55 405.03 501.60 0.0006288
dresser 0 0 -10 42.70 226.00 410.60 511.07 0.0006122
chair 0 0 -10 38.46 3.44 178.71 95.02 0.0005917
bathtub 0 0 -10 224.05 194.99 535.34 418.92 0.0005888
bookshelf 0 0 -10 633.83 25.97 712.81 242.27 0.0005869
