chair 0 0 -10 223.30 113.06 494.04 447.86 0.9914998
table 0 0 -10 354.59 164.79 495.66 351.57 0.3544308
chair 0 0 -10 406.00 159.16 498.30 348.74 0.2820007
bed 0 0 -10 0.77 165.23 160.11 508.76 0.1411244
table 0 0 -10 292.68 127.56 494.95 406.07 0.0496564
desk 0 0 -10 357.31 166.69 495.45 348.38 0.0208576
chair 0 0 -10 330.66 132.98 508.97 387.03 0.0158258
desk 0 0 -10 268.22 131.79 503.05 380.07 0.0136641
chair 0 0 -10 18.52 153.46 353.47 530.00 0.0086334
table 0 0 -10 363.36 183.25 481.75 249.32 0.0077666
table 0 0 -10 0.53 141.40 171.50 530.00 0.0067723
chair 0 0 -10 444.10 181.92 492.87 337.73 0.0057158
chair 0 0 -10 5.91 162.30 164.52 504.85 0.0041780
table 0 0 -10 437.52 179.12 492.42 341.25 0.0041768
bed 0 0 -10 0.00 31.62 239.10 514.06 0.0036161
sofa 0 0 -10 242.25 116.14 507.98 469.79 0.0034565
chair 0 0 -10 319.41 118.39 452.21 323.61 0.0023515
bookshelf 0 0 -10 2.81 108.77 162.87 523.34 0.0023066
table 0 0 -10 17.94 147.12 348.35 523.70 0.0021437
chair 0 0 -10 230.70 101.07 418.48 331.87 0.0019951
sofa 0 0 -10 5.92 168.00 159.19 503.29 0.0019781
table 0 0 -10 347.74 179.01 472.20 223.75 0.0016218
toilet 0 0 -10 247.93 119.88 519.24 496.63 0.0014738
bed 0 0 -10 0.87 152.43 92.55 463.97 0.0013834
chair 0 0 -10 427.88 156.04 517.48 303.46 0.0011920
bed 0 0 -10 137.03 91.07 536.06 520.78 0.0011851
chair 0 0 -10 225.31 143.46 447.66 257.24 0.0011282
bookshelf 0 0 -10 257.48 100.74 483.34 411.30 0.0011095
dresser 0 0 -10 2.73 159.50 160.12 503.46 0.0011013
table 0 0 -10 334.72 133.56 487.63 268.41 0.0010932
table 0 0 -10 170.35 112.27 547.75 487.05 0.0010812
desk 0 0 -10 438.07 177.81 492.09 343.29 0.0010579
dresser 0 0 -10 253.09 122.61 514.36 468.29 0.0010283
table 0 0 -10 301.91 275.19 482.39 460.01 0.0009731
chair 0 0 -10 373.75 143.31 484.34 303.40 0.0009433
chair 0 0 -10 416.78 169.88 491.95 245.85 0.0009148
table 0 0 -10 343.22 153.51 600.24 368.63 0.0009129
desk 0 0 -10 167.66 99.80 566.77 498.43 0.0009061
chair 0 0 -10 301.26 227.85 468.14 455.11 0.0008919
table 0 0 -10 245.12 221.13 521.21 467.99 0.0008632
bed 0 0 -10 0.00 38.76 118.00 398.68 0.0008579
sofa 0 0 -10 1.30 80.53 327.30 525.05 0.0008304
bed 0 0 -10 262.78 108.61 492.79 416.17 0.0006863
bathtub 0 0 -10 3.28 168.79 172.28 477.73 0.0006856
night_stand 0 0 -10 256.85 130.88 520.36 477.08 0.0006809
table 0 0 -10 245.11 204.13 328.07 463.27 0.0006188
table 0 0 -10 232.35 163.86 478.91 263.21 0.0005757
table 0 0 -10 378.68 178.28 473.70 310.62 0.0005634
bookshelf 0 0 -10 375.43 164.01 498.50 354.27 0.0005430
desk 0 0 -10 0.00 133.27 174.19 524.97 0.0005177
night_stand 0 0 -10 372.56 173.74 502.23 351.77 0.0004166
chair 0 0 -10 390.35 109.19 577.73 327.76 0.0003876
desk 0 0 -10 243.95 210.22 514.92 464.67 0.0003801
table 0 0 -10 263.66 345.38 307.21 446.81 0.0003717
chair 0 0 -10 0.83 56.05 239.62 481.77 0.0003704
dresser 0 0 -10 373.51 170.90 499.76 355.38 0.0003294
chair 0 0 -10 437.43 166.24 553.68 342.55 0.0003214
bookshelf 0 0 -10 7.04 11.96 311.02 506.23 0.0003182
table 0 0 -10 231.98 322.28 437.22 455.58 0.0003176
bathtub 0 0 -10 4.93 23.78 246.88 464.50 0.0003096
desk 0 0 -10 0.00 60.94 338.07 521.70 0.0003091
chair 0 0 -10 461.74 150.71 519.60 349.40 0.0002824
desk 0 0 -10 223.60 163.99 479.03 260.61 0.0002654
table 0 0 -10 397.39 198.32 543.48 361.84 0.0002628
chair 0 0 -10 600.64 87.76 730.00 514.78 0.0002607
dresser 0 0 -10 0.00 57.54 317.72 521.00 0.0002579
toilet 0 0 -10 0.49 166.84 159.68 492.43 0.0002440
bathtub 0 0 -10 256.96 109.82 489.92 389.23 0.0002438
sofa 0 0 -10 349.46 152.71 501.14 349.44 0.0002348
desk 0 0 -10 332.32 146.65 608.75 368.51 0.0002331
chair 0 0 -10 246.79 81.28 351.85 288.56 0.0002307
dresser 0 0 -10 439.09 175.70 491.39 340.66 0.0002289
sofa 0 0 -10 52.89 157.95 599.27 530.00 0.0002184
chair 0 0 -10 9.02 284.38 213.13 530.00 0.0002153
dresser 0 0 -10 221.31 181.10 310.25 465.53 0.0002143
chair 0 0 -10 416.38 163.03 468.18 282.24 0.0002133
desk 0 0 -10 363.49 181.27 485.04 251.06 0.0002089
chair 0 0 -10 658.01 8.42 730.00 332.42 0.0002076
chair 0 0 -10 297.81 118.06 644.14 474.18 0.0001948
table 0 0 -10 277.17 85.83 682.17 431.97 0.0001873
chair 0 0 -10 189.39 72.89 381.81 424.96 0.0001820
bathtub 0 0 -10 220.25 202.16 310.29 462.82 0.0001684
night_stand 0 0 -10 5.04 182.56 161.87 485.87 0.0001630
table 0 0 -10 416.59 175.47 486.53 251.71 0.0001629
chair 0 0 -10 435.70 141.98 484.49 241.04 0.0001610
chair 0 0 -10 380.45 182.09 464.40 247.29 0.0001603
chair 0 0 -10 215.40 170.92 480.33 297.76 0.0001601
bed 0 0 -10 9.69 148.60 403.01 530.00 0.0001598
table 0 0 -10 457.04 170.54 508.80 351.07 0.0001595
table 0 0 -10 594.19 171.26 728.81 530.00 0.0001580
chair 0 0 -10 96.53 341.67 405.93 527.91 0.0001570
chair 0 0 -10 277.03 59.97 451.57 267.73 0.0001559
chair 0 0 -10 469.58 169.68 501.61 327.87 0.0001535
table 0 0 -10 449.10 145.15 487.85 252.10 0.0001508
desk 0 0 -10 300.80 273.45 485.20 459.05 0.0001501
bed 0 0 -10 0.00 159.44 110.16 305.37 0.0001496
desk 0 0 -10 242.56 201.19 327.20 460.50 0.0001469
table 0 0 -10 439.07 191.02 457.18 246.35 0.0001446
bookshelf 0 0 -10 439.92 169.33 490.86 341.34 0.0001431
chair 0 0 -10 229.13 168.82 325.39 453.45 0.0001395
