chair 0 0 -10 197.96 218.06 380.99 528.28 0.9757474
chair 0 0 -10 277.29 135.27 374.93 235.76 0.9545668
chair 0 0 -10 295.18 113.38 367.41 197.10 0.7748744
table 0 0 -10 391.53 222.75 728.06 525.65 0.7012601
desk 0 0 -10 391.74 134.50 542.17 241.99 0.4126964
desk 0 0 -10 396.73 112.03 727.29 516.90 0.3676549
chair 0 0 -10 424.03 69.04 595.02 286.97 0.3158682
desk 0 0 -10 396.63 101.72 682.99 245.62 0.3085604
table 0 0 -10 392.80 140.47 505.19 237.84 0.2861731
chair 0 0 -10 390.32 81.05 439.97 180.00 0.2624908
chair 0 0 -10 426.06 151.66 647.54 496.31 0.2477503
chair 0 0 -10 298.91 108.90 362.94 161.64 0.1884287
desk 0 0 -10 386.60 126.74 467.93 245.36 0.1873695
chair 0 0 -10 438.97 129.33 553.77 352.26 0.1710782
desk 0 0 -10 406.45 124.72 716.97 322.04 0.1429588
table 0 0 -10 421.18 134.63 716.03 423.44 0.1333605
chair 0 0 -10 268.93 139.77 381.85 331.17 0.1306222
chair 0 0 -10 441.30 92.96 567.10 233.84 0.0816641
chair 0 0 -10 436.01 137.11 526.25 264.09 0.0713172
chair 0 0 -10 406.04 120.85 591.91 401.76 0.0688072
table 0 0 -10 416.23 132.08 559.35 234.61 0.0669397
table 0 0 -10 395.65 108.83 700.10 268.55 0.0559873
chair 0 0 -10 219.86 205.43 373.03 346.75 0.0547724
chair 0 0 -10 396.52 84.51 413.56 158.04 0.0422855
desk 0 0 -10 427.20 138.68 631.35 237.16 0.0399571
table 0 0 -10 382.76 135.44 455.38 202.03 0.0328561
desk 0 0 -10 385.63 124.44 504.28 204.37 0.0301127
desk 0 0 -10 384.47 134.39 452.22 203.91 0.0290468
chair 0 0 -10 452.99 130.68 510.83 235.81 0.0269547
chair 0 0 -10 375.66 88.22 417.77 186.39 0.0253534
table 0 0 -10 374.99 119.16 436.71 187.31 0.0235423
chair 0 0 -10 273.40 96.71 357.60 214.99 0.0223937
chair 0 0 -10 397.90 64.64 452.35 156.92 0.0218215
chair 0 0 -10 494.81 133.92 505.29 240.50 0.0188416
desk 0 0 -10 375.65 117.42 434.76 186.82 0.0184617
chair 0 0 -10 383.21 75.75 487.60 151.46 0.0176850
desk 0 0 -10 388.45 119.17 566.20 305.18 0.0167626
table 0 0 -10 428.10 146.00 679.56 231.55 0.0166462
chair 0 0 -10 396.29 137.12 472.30 238.62 0.0154108
desk 0 0 -10 456.65 164.47 714.51 401.00 0.0150478
table 0 0 -10 373.99 114.76 449.33 230.36 0.0143654
chair 0 0 -10 500.33 134.87 508.97 240.79 0.0142453
table 0 0 -10 517.89 210.05 724.95 449.26 0.0140354
chair 0 0 -10 472.07 89.84 683.39 375.64 0.0132034
table 0 0 -10 378.86 121.50 425.18 166.85 0.0124878
chair 0 0 -10 426.76 78.79 512.92 228.83 0.0110640
chair 0 0 -10 396.21 94.09 471.84 190.07 0.0105084
desk 0 0 -10 424.04 84.09 533.33 230.62 0.0103381
table 0 0 -10 377.78 114.11 490.48 190.48 0.0090523
chair 0 0 -10 456.21 56.29 586.44 201.80 0.0085806
chair 0 0 -10 416.62 65.49 507.11 156.97 0.0083518
table 0 0 -10 395.01 162.69 547.48 448.07 0.0082210
chair 0 0 -10 470.72 92.89 516.58 215.14 0.0081739
chair 0 0 -10 444.98 152.24 638.23 246.38 0.0079481
chair 0 0 -10 375.02 98.38 435.36 228.76 0.0075873
table 0 0 -10 387.77 121.99 571.49 303.34 0.0074079
chair 0 0 -10 444.47 67.32 496.47 140.77 0.0072736
chair 0 0 -10 317.00 105.08 425.78 185.68 0.0068355
chair 0 0 -10 470.15 129.19 540.59 226.19 0.0064989
chair 0 0 -10 383.86 85.44 451.43 133.75 0.0064604
chair 0 0 -10 380.83 97.03 447.93 157.03 0.0062285
table 0 0 -10 348.03 116.63 615.36 222.71 0.0061890
chair 0 0 -10 439.38 58.65 548.55 146.69 0.0060294
table 0 0 -10 467.05 136.53 554.25 213.30 0.0055830
desk 0 0 -10 306.86 104.76 544.09 225.99 0.0054587
chair 0 0 -10 377.51 113.37 434.16 174.45 0.0051684
night_stand 0 0 -10 404.00 234.30 706.57 528.49 0.0050244
table 0 0 -10 500.01 140.04 508.90 239.68 0.0049117
table 0 0 -10 440.85 143.59 519.15 238.88 0.0048353
chair 0 0 -10 515.68 190.00 721.73 493.92 0.0047083
desk 0 0 -10 407.37 185.17 607.50 477.25 0.0046217
table 0 0 -10 301.84 118.89 505.39 232.13 0.0045037
chair 0 0 -10 406.07 60.73 473.19 126.98 0.0044078
desk 0 0 -10 378.59 122.09 423.99 150.73 0.0043747
table 0 0 -10 502.92 137.81 511.08 220.04 0.0040696
desk 0 0 -10 429.74 137.05 505.95 241.83 0.0040690
chair 0 0 -10 383.21 130.32 441.68 206.42 0.0040289
chair 0 0 -10 284.39 70.49 375.88 180.11 0.0039673
chair 0 0 -10 385.85 53.24 537.53 191.81 0.0036944
chair 0 0 -10 398.69 90.88 504.25 274.13 0.0036436
chair 0 0 -10 254.00 138.88 521.38 337.38 0.0033175
chair 0 0 -10 377.16 126.16 412.75 168.99 0.0031320
chair 0 0 -10 482.57 61.69 565.22 137.13 0.0030456
chair 0 0 -10 322.86 103.27 372.82 215.40 0.0029881
desk 0 0 -10 348.11 111.51 498.30 270.83 0.0028863
chair 0 0 -10 415.99 105.41 479.93 228.23 0.0028656
table 0 0 -10 378.79 110.82 480.90 153.03 0.0028461
table 0 0 -10 388.97 96.69 452.88 189.38 0.0028278
chair 0 0 -10 503.16 133.83 511.14 223.23 0.0027470
chair 0 0 -10 605.26 220.82 723.23 475.49 0.0027287
desk 0 0 -10 387.53 86.71 484.15 183.24 0.0026733
desk 0 0 -10 609.98 238.36 723.89 482.47 0.0026511
chair 0 0 -10 327.00 108.87 457.40 279.25 0.0026330
desk 0 0 -10 382.43 116.50 464.45 172.29 0.0025400
desk 0 0 -10 395.17 98.84 539.27 159.83 0.0025242
desk 0 0 -10 304.41 139.87 463.89 235.57 0.0025059
chair 0 0 -10 382.63 111.08 418.99 156.69 0.0024821
chair 0 0 -10 187.16 114.75 376.58 339.39 0.0024784
chair 0 0 -10 267.43 85.13 449.93 221.10 0.0024504
desk 0 0 -10 410.05 145.84 527.42 367.39 0.0023948
