table 0 0 -10 4.28 101.87 467.55 425.91 0.8669149
sofa 0 0 -10 365.96 99.79 700.76 460.31 0.6672574
chair 0 0 -10 17.77 157.94 307.65 437.08 0.5130367
desk 0 0 -10 0.00 105.31 467.33 442.13 0.2336546
chair 0 0 -10 0.00 101.90 64.08 292.68 0.2068957
sofa 0 0 -10 81.96 103.86 601.78 468.80 0.1748163
table 0 0 -10 0.00 109.07 110.14 296.05 0.1742537
chair 0 0 -10 0.81 150.56 110.76 285.61 0.0879963
chair 0 0 -10 356.97 102.06 688.29 456.00 0.0811158
table 0 0 -10 4.44 111.02 224.29 282.47 0.0552645
chair 0 0 -10 16.95 175.21 247.11 318.73 0.0308517
chair 0 0 -10 158.81 109.36 567.41 451.94 0.0292883
chair 0 0 -10 1.94 71.64 134.10 274.40 0.0291968
chair 0 0 -10 35.72 69.95 123.91 200.55 0.0270773
table 0 0 -10 1.91 119.12 45.04 276.97 0.0243430
chair 0 0 -10 2.43 105.73 33.50 272.82 0.0164631
table 0 0 -10 6.59 102.75 131.39 192.00 0.0138343
sofa 0 0 -10 4.02 120.13 412.89 441.13 0.0106710
table 0 0 -10 120.19 127.83 579.72 484.09 0.0086197
table 0 0 -10 242.87 135.54 463.93 406.38 0.0086009
chair 0 0 -10 0.00 139.04 48.24 224.69 0.0065041
table 0 0 -10 1.66 112.45 25.31 296.56 0.0064239
chair 0 0 -10 0.05 26.21 39.96 294.03 0.0058497
chair 0 0 -10 80.66 17.84 300.88 274.79 0.0056915
chair 0 0 -10 2.05 86.47 19.10 288.94 0.0054617
table 0 0 -10 21.89 90.87 457.43 254.42 0.0050439
chair 0 0 -10 37.40 35.04 217.56 285.45 0.0049286
chair 0 0 -10 50.76 54.45 371.40 364.64 0.0047501
bed 0 0 -10 5.83 95.86 454.97 483.57 0.0047391
table 0 0 -10 0.00 74.10 127.32 428.23 0.0043554
chair 0 0 -10 108.36 151.04 259.34 312.86 0.0043449
table 0 0 -10 0.00 120.25 15.25 310.58 0.0034401
night_stand 0 0 -10 16.77 107.98 452.86 489.29 0.0031699
chair 0 0 -10 0.84 115.71 89.04 228.40 0.0030801
table 0 0 -10 25.55 94.51 126.85 158.01 0.0030293
chair 0 0 -10 0.00 138.01 73.94 406.72 0.0027368
dresser 0 0 -10 13.89 119.84 450.54 481.93 0.0025446
bookshelf 0 0 -10 14.81 111.49 447.72 480.61 0.0025331
table 0 0 -10 311.94 131.64 694.34 471.07 0.0024204
table 0 0 -10 0.00 124.95 70.40 221.72 0.0023981
chair 0 0 -10 3.01 88.35 9.82 270.03 0.0020339
table 0 0 -10 49.95 21.31 617.74 256.44 0.0019763
chair 0 0 -10 53.72 62.79 162.39 212.61 0.0019278
bed 0 0 -10 357.04 140.01 708.29 467.22 0.0018991
bathtub 0 0 -10 6.33 122.71 450.11 503.73 0.0017525
table 0 0 -10 0.00 118.17 75.69 408.88 0.0016858
desk 0 0 -10 0.67 103.52 98.46 306.78 0.0016252
chair 0 0 -10 0.00 112.35 5.69 278.39 0.0015997
chair 0 0 -10 295.74 131.07 465.13 278.45 0.0015950
chair 0 0 -10 1.93 157.26 43.47 298.07 0.0015214
chair 0 0 -10 0.54 182.87 31.39 272.60 0.0014851
chair 0 0 -10 138.07 127.15 433.29 372.28 0.0013202
chair 0 0 -10 218.67 21.78 411.59 256.86 0.0013133
chair 0 0 -10 0.00 102.77 128.95 424.21 0.0012986
chair 0 0 -10 24.26 85.61 85.88 210.86 0.0012153
table 0 0 -10 0.00 146.03 41.12 215.44 0.0011803
toilet 0 0 -10 10.94 124.27 431.83 501.92 0.0011775
table 0 0 -10 297.12 130.51 458.96 302.19 0.0011288
chair 0 0 -10 1.72 185.14 75.92 299.96 0.0011120
table 0 0 -10 112.60 117.06 243.49 321.24 0.0011017
table 0 0 -10 9.80 153.47 313.27 264.01 0.0010652
desk 0 0 -10 1.70 115.76 44.98 279.39 0.0010082
table 0 0 -10 3.22 103.02 84.44 170.26 0.0009316
chair 0 0 -10 1.61 6.48 154.07 206.48 0.0008867
sofa 0 0 -10 552.11 121.15 724.75 492.15 0.0008755
chair 0 0 -10 304.85 96.49 535.14 389.65 0.0008702
chair 0 0 -10 128.55 86.10 232.82 273.44 0.0008699
sofa 0 0 -10 35.81 8.37 305.96 110.87 0.0008605
table 0 0 -10 0.00 184.89 29.57 271.29 0.0008556
sofa 0 0 -10 14.11 23.05 491.44 230.59 0.0008503
chair 0 0 -10 16.81 36.28 111.20 174.78 0.0008282
chair 0 0 -10 47.34 133.68 294.26 257.24 0.0008022
desk 0 0 -10 3.51 108.92 221.54 283.66 0.0007946
chair 0 0 -10 175.80 100.23 339.05 268.87 0.0007404
desk 0 0 -10 196.31 94.84 617.56 487.32 0.0007018
table 0 0 -10 610.51 251.87 727.09 530.00 0.0006865
chair 0 0 -10 22.27 164.20 514.88 514.13 0.0006631
table 0 0 -10 0.98 115.07 56.21 179.14 0.0006505
table 0 0 -10 177.52 0.00 656.66 95.14 0.0006503
chair 0 0 -10 169.44 89.51 264.12 294.86 0.0006431
bed 0 0 -10 162.55 115.72 617.81 490.13 0.0006330
table 0 0 -10 18.75 91.26 177.84 172.81 0.0005865
bed 0 0 -10 652.56 166.11 727.30 363.24 0.0005750
sofa 0 0 -10 55.35 4.93 705.62 118.16 0.0005610
table 0 0 -10 1.38 126.65 8.72 298.73 0.0005336
table 0 0 -10 0.00 169.75 79.11 318.26 0.0005332
table 0 0 -10 71.07 107.55 434.22 195.40 0.0005247
sofa 0 0 -10 16.90 233.17 245.78 489.90 0.0005088
bed 0 0 -10 108.34 2.60 717.19 99.88 0.0005064
chair 0 0 -10 233.28 164.88 471.27 429.01 0.0004888
table 0 0 -10 0.00 125.71 5.31 279.05 0.0004858
chair 0 0 -10 200.11 0.08 298.52 45.17 0.0004832
table 0 0 -10 0.25 56.40 87.80 241.89 0.0004830
table 0 0 -10 630.43 185.30 726.45 444.27 0.0004486
chair 0 0 -10 214.12 61.86 308.42 287.41 0.0004407
table 0 0 -10 0.00 161.13 26.91 237.36 0.0004324
chair 0 0 -10 19.30 89.67 187.42 234.89 0.0004233
table 0 0 -10 3.30 97.50 9.36 265.11 0.0004042
sofa 0 0 -10 1.41 112.19 44.26 276.74 0.0003951
table 0 0 -10 635.57 336.64 725.47 490.76 0.0003738
