chair 0 0 -10 311.83 133.18 642.79 530.00 0.9920120
chair 0 0 -10 75.40 71.61 237.11 282.54 0.9914660
table 0 0 -10 145.28 124.11 412.66 371.34 0.8467582
chair 0 0 -10 10.05 3.27 121.99 116.44 0.4524579
table 0 0 -10 132.45 112.23 308.13 301.36 0.0707883
desk 0 0 -10 142.81 111.81 401.60 388.45 0.0389338
chair 0 0 -10 131.07 67.82 271.67 255.48 0.0333273
table 0 0 -10 232.72 133.72 613.31 525.46 0.0270110
chair 0 0 -10 170.15 123.79 420.50 383.31 0.0100425
table 0 0 -10 161.20 115.44 395.02 253.94 0.0086340
desk 0 0 -10 111.92 106.57 252.60 299.70 0.0085929
chair 0 0 -10 454.35 129.42 677.04 496.14 0.0082967
desk 0 0 -10 200.63 127.68 639.68 530.00 0.0081071
table 0 0 -10 310.99 108.68 390.39 156.52 0.0077855
chair 0 0 -10 271.41 123.50 525.43 414.92 0.0077817
table 0 0 -10 70.38 101.30 251.91 301.70 0.0070530
table 0 0 -10 242.28 155.25 410.95 426.91 0.0058943
chair 0 0 -10 71.47 64.14 213.91 200.39 0.0045146
chair 0 0 -10 187.01 83.08 295.67 263.34 0.0030307
table 0 0 -10 269.78 122.29 440.06 297.85 0.0029394
chair 0 0 -10 153.32 66.43 227.61 136.72 0.0028835
chair 0 0 -10 538.21 153.17 648.43 459.63 0.0028812
chair 0 0 -10 362.53 127.97 480.87 322.55 0.0026532
sofa 0 0 -10 239.26 132.66 659.35 530.00 0.0025332
table 0 0 -10 141.02 203.62 433.21 473.63 0.0024782
chair 0 0 -10 142.71 88.35 345.56 317.00 0.0023540
table 0 0 -10 181.34 113.75 331.13 202.61 0.0023389
table 0 0 -10 319.74 110.99 384.46 140.28 0.0021078
table 0 0 -10 5.14 8.03 149.92 116.97 0.0020763
table 0 0 -10 17.82 45.18 122.11 120.29 0.0020187
chair 0 0 -10 32.59 50.21 131.18 118.44 0.0019988
desk 0 0 -10 9.04 12.02 122.96 114.38 0.0018898
chair 0 0 -10 311.37 109.52 626.02 323.85 0.0017884
table 0 0 -10 313.45 128.40 382.87 161.74 0.0017829
chair 0 0 -10 53.81 81.06 162.04 263.25 0.0016827
chair 0 0 -10 32.56 22.38 140.56 148.12 0.0016103
chair 0 0 -10 3.27 16.19 118.56 191.29 0.0015956
table 0 0 -10 241.16 111.57 398.78 207.50 0.0013210
chair 0 0 -10 156.19 64.26 221.83 202.40 0.0012919
chair 0 0 -10 57.76 21.54 135.68 105.50 0.0012712
table 0 0 -10 193.17 125.37 313.68 179.02 0.0012566
sofa 0 0 -10 72.34 66.65 253.19 275.62 0.0012205
table 0 0 -10 397.28 175.93 626.22 287.28 0.0011519
table 0 0 -10 56.26 6.35 216.25 110.36 0.0011427
chair 0 0 -10 62.61 106.73 265.51 367.40 0.0011088
sofa 0 0 -10 13.73 5.66 126.65 113.79 0.0010814
chair 0 0 -10 9.02 32.09 177.16 238.97 0.0010177
table 0 0 -10 188.96 104.77 296.05 250.31 0.0010136
table 0 0 -10 368.71 119.52 684.82 493.79 0.0009949
table 0 0 -10 218.97 54.65 300.77 119.83 0.0009232
table 0 0 -10 48.92 39.36 229.92 213.69 0.0009231
desk 0 0 -10 152.46 119.66 347.68 301.99 0.0008892
chair 0 0 -10 59.70 5.66 193.08 120.32 0.0008759
table 0 0 -10 33.76 61.52 402.76 270.82 0.0008106
chair 0 0 -10 64.52 53.28 220.62 132.98 0.0007944
bookshelf 0 0 -10 14.33 6.84 120.41 115.96 0.0007705
table 0 0 -10 236.73 108.96 288.03 133.46 0.0007488
desk 0 0 -10 54.22 125.98 276.81 369.54 0.0007466
table 0 0 -10 283.87 81.93 402.70 162.96 0.0007311
chair 0 0 -10 19.32 2.73 121.47 58.57 0.0007190
desk 0 0 -10 11.59 1.13 247.00 123.12 0.0006957
table 0 0 -10 62.82 68.57 188.56 255.44 0.0006768
chair 0 0 -10 311.42 158.95 444.68 432.43 0.0006183
chair 0 0 -10 173.83 34.77 322.82 190.61 0.0006042
night_stand 0 0 -10 72.79 90.29 248.36 301.19 0.0006017
chair 0 0 -10 78.21 66.30 434.19 292.18 0.0005700
chair 0 0 -10 277.10 274.96 513.17 526.23 0.0005457
desk 0 0 -10 41.78 71.49 232.87 294.48 0.0005455
toilet 0 0 -10 57.25 84.30 229.55 339.03 0.0005455
table 0 0 -10 551.76 168.02 645.04 466.16 0.0005365
dresser 0 0 -10 62.82 85.34 231.80 316.90 0.0005267
chair 0 0 -10 20.24 18.40 108.96 86.57 0.0005200
chair 0 0 -10 278.63 80.35 505.20 270.00 0.0005181
bookshelf 0 0 -10 63.54 73.48 231.32 315.42 0.0005098
chair 0 0 -10 115.36 62.20 211.08 126.79 0.0005043
chair 0 0 -10 140.89 71.87 183.10 241.06 0.0004953
table 0 0 -10 168.58 70.80 298.04 192.41 0.0004670
chair 0 0 -10 199.41 86.13 340.73 209.99 0.0004476
chair 0 0 -10 234.08 53.39 304.15 124.90 0.0004183
night_stand 0 0 -10 153.75 124.27 399.35 387.60 0.0004070
desk 0 0 -10 86.62 78.16 313.13 271.79 0.0004030
desk 0 0 -10 66.49 2.55 174.11 112.72 0.0003926
table 0 0 -10 68.71 156.77 339.90 427.25 0.0003880
chair 0 0 -10 103.25 18.89 146.93 103.93 0.0003843
table 0 0 -10 80.41 11.43 301.76 134.12 0.0003821
bed 0 0 -10 10.46 8.40 122.26 118.03 0.0003758
table 0 0 -10 175.21 58.87 295.49 136.17 0.0003732
table 0 0 -10 314.64 220.95 550.32 530.00 0.0003667
chair 0 0 -10 515.94 175.73 730.00 530.00 0.0003664
chair 0 0 -10 127.69 56.67 237.82 158.99 0.0003645
table 0 0 -10 148.56 87.05 261.79 264.42 0.0003615
dresser 0 0 -10 12.40 9.55 121.68 112.86 0.0003459
table 0 0 -10 311.19 54.64 397.39 129.57 0.0003285
chair 0 0 -10 85.05 147.71 173.78 266.75 0.0003087
table 0 0 -10 53.26 58.65 162.79 176.92 0.0003011
chair 0 0 -10 112.37 33.49 166.11 111.57 0.0002973
table 0 0 -10 337.98 139.23 465.22 313.16 0.0002945
chair 0 0 -10 218.37 21.04 299.48 119.33 0.0002875
chair 0 0 -10 148.08 67.96 190.02 179.22 0.0002830
desk 0 0 -10 346.95 168.60 657.53 474.12 0.0002822
