toilet 0 0 -10 306.38 155.32 456.33 423.11 0.9248275
chair 0 0 -10 314.97 152.28 456.67 400.55 0.1529613
toilet 0 0 -10 604.80 116.94 730.00 418.21 0.0269050
chair 0 0 -10 527.96 75.54 725.11 498.12 0.0265222
toilet 0 0 -10 535.94 96.86 728.66 517.20 0.0151963
bathtub 0 0 -10 318.37 171.93 459.55 384.76 0.0144339
table 0 0 -10 314.36 162.45 457.56 399.02 0.0138073
chair 0 0 -10 630.24 66.04 725.35 500.21 0.0099966
bed 0 0 -10 304.92 165.82 458.02 405.50 0.0057579
toilet 0 0 -10 423.37 94.42 714.40 424.71 0.0054171
desk 0 0 -10 312.72 159.57 459.64 401.37 0.0054041
toilet 0 0 -10 666.74 96.78 723.81 439.27 0.0044505
dresser 0 0 -10 318.88 149.88 448.40 389.60 0.0041261
bookshelf 0 0 -10 322.41 151.04 444.16 393.04 0.0038598
sofa 0 0 -10 299.33 168.70 458.38 399.49 0.0038348
chair 0 0 -10 675.23 72.98 729.77 457.28 0.0037316
bathtub 0 0 -10 611.07 125.60 730.00 401.77 0.0036950
table 0 0 -10 667.51 85.02 729.22 457.00 0.0036635
night_stand 0 0 -10 314.08 165.43 458.33 401.55 0.0031771
toilet 0 0 -10 269.89 133.23 553.71 508.48 0.0028627
bathtub 0 0 -10 0.00 112.91 256.21 524.03 0.0026841
table 0 0 -10 511.81 66.65 721.98 452.10 0.0026658
toilet 0 0 -10 640.42 210.15 730.00 391.81 0.0022310
table 0 0 -10 609.88 112.75 726.19 421.13 0.0022047
toilet 0 0 -10 507.64 287.60 719.96 396.91 0.0020098
bathtub 0 0 -10 504.93 122.28 719.78 490.21 0.0018545
chair 0 0 -10 590.57 189.13 724.88 415.44 0.0012076
table 0 0 -10 660.19 285.52 728.18 528.69 0.0011528
table 0 0 -10 690.41 168.73 729.59 511.76 0.0010951
sofa 0 0 -10 679.48 83.81 728.31 446.98 0.0009632
table 0 0 -10 645.20 202.03 728.62 395.94 0.0009220
table 0 0 -10 0.00 28.34 248.42 530.00 0.0008963
bathtub 0 0 -10 667.99 100.94 722.89 419.75 0.0008248
toilet 0 0 -10 565.13 230.38 728.50 428.49 0.0007467
bathtub 0 0 -10 296.82 135.74 485.27 467.78 0.0006729
sofa 0 0 -10 531.68 86.67 723.58 489.67 0.0006462
desk 0 0 -10 523.07 105.00 728.96 506.23 0.0006190
chair 0 0 -10 481.30 63.45 677.90 389.54 0.0006053
bathtub 0 0 -10 51.68 84.77 285.92 360.66 0.0005091
bathtub 0 0 -10 96.24 142.31 660.36 517.78 0.0004839
toilet 0 0 -10 655.54 272.02 730.00 525.90 0.0004809
dresser 0 0 -10 530.60 98.84 724.25 494.14 0.0004563
table 0 0 -10 700.56 385.58 728.76 432.88 0.0004480
table 0 0 -10 604.77 268.90 723.55 528.77 0.0004384
table 0 0 -10 713.19 377.65 729.26 445.68 0.0004153
bathtub 0 0 -10 643.40 213.11 730.00 382.76 0.0004060
bookshelf 0 0 -10 536.70 86.32 720.56 498.20 0.0003693
toilet 0 0 -10 313.12 176.20 448.51 319.85 0.0003523
table 0 0 -10 701.90 311.00 729.01 498.49 0.0003500
chair 0 0 -10 341.27 111.76 576.76 410.13 0.0003483
toilet 0 0 -10 207.07 79.98 674.21 436.41 0.0003435
table 0 0 -10 19.00 265.35 246.90 530.00 0.0003415
bed 0 0 -10 526.60 87.99 726.77 504.76 0.0003103
sofa 0 0 -10 642.89 81.85 723.47 498.21 0.0003064
bathtub 0 0 -10 52.58 165.60 446.04 395.46 0.0003046
bathtub 0 0 -10 514.63 294.30 715.48 394.67 0.0002959
bed 0 0 -10 11.39 247.33 261.31 530.00 0.0002769
bathtub 0 0 -10 195.92 87.23 692.70 400.04 0.0002765
bathtub 0 0 -10 333.55 138.41 630.04 385.92 0.0002754
table 0 0 -10 567.25 186.32 712.55 405.47 0.0002718
table 0 0 -10 694.00 363.10 728.00 439.13 0.0002648
table 0 0 -10 685.66 340.13 726.90 472.86 0.0002569
chair 0 0 -10 653.48 248.70 730.00 522.72 0.0002524
table 0 0 -10 511.80 297.53 703.26 397.06 0.0002138
table 0 0 -10 712.45 245.02 729.61 481.88 0.0002059
chair 0 0 -10 310.59 162.03 441.10 302.84 0.0002037
chair 0 0 -10 387.31 90.98 708.04 521.60 0.0002026
bathtub 0 0 -10 656.43 286.26 730.00 523.01 0.0002018
bed 0 0 -10 237.07 490.15 564.10 530.00 0.0001840
table 0 0 -10 500.22 240.02 714.35 528.78 0.0001800
chair 0 0 -10 516.70 94.60 616.68 374.21 0.0001748
bathtub 0 0 -10 88.67 190.22 283.28 455.21 0.0001704
table 0 0 -10 475.29 8.91 727.08 309.48 0.0001681
table 0 0 -10 709.99 101.50 727.11 424.99 0.0001631
bathtub 0 0 -10 0.00 25.13 83.24 507.79 0.0001603
table 0 0 -10 718.18 380.41 729.19 400.70 0.0001586
bathtub 0 0 -10 691.17 99.47 729.85 452.98 0.0001511
bathtub 0 0 -10 203.08 175.05 461.70 499.64 0.0001484
desk 0 0 -10 678.31 93.76 730.00 451.26 0.0001482
sofa 0 0 -10 704.96 89.17 725.61 403.82 0.0001469
toilet 0 0 -10 443.75 238.95 710.62 526.85 0.0001461
chair 0 0 -10 252.39 100.33 622.54 504.28 0.0001442
chair 0 0 -10 504.78 85.87 552.80 343.13 0.0001437
toilet 0 0 -10 689.05 153.78 730.00 519.46 0.0001428
toilet 0 0 -10 16.19 84.10 326.81 530.00 0.0001424
chair 0 0 -10 303.07 43.76 649.35 352.07 0.0001417
toilet 0 0 -10 370.57 172.05 468.96 410.14 0.0001412
chair 0 0 -10 575.58 229.89 728.98 521.29 0.0001408
table 0 0 -10 245.71 55.90 690.02 415.72 0.0001390
bathtub 0 0 -10 240.05 75.42 503.15 259.88 0.0001385
bathtub 0 0 -10 301.35 124.18 510.90 320.11 0.0001384
chair 0 0 -10 496.71 5.91 724.86 303.61 0.0001376
chair 0 0 -10 0.00 14.33 67.06 490.77 0.0001372
bed 0 0 -10 607.17 111.46 729.00 429.88 0.0001356
chair 0 0 -10 646.27 11.99 730.00 283.71 0.0001281
chair 0 0 -10 516.99 271.77 716.54 395.70 0.0001280
table 0 0 -10 702.14 240.50 729.14 421.60 0.0001261
bathtub 0 0 -10 315.29 264.93 469.16 425.72 0.0001238
chair 0 0 -10 16.53 266.55 267.20 530.00 0.0001237
toilet 0 0 -10 168.67 173.35 456.09 428.28 0.0001188
