chair 0 0 -10 104.39 214.15 259.77 410.04 0.9831329
table 0 0 -10 224.87 261.21 729.54 527.24 0.8499714
chair 0 0 -10 346.46 206.38 518.77 371.43 0.8207728
table 0 0 -10 438.67 231.79 729.91 316.64 0.4430193
table 0 0 -10 412.32 227.75 719.98 465.56 0.4350450
table 0 0 -10 5.08 217.26 233.73 424.62 0.2545457
desk 0 0 -10 216.69 251.00 722.91 530.00 0.1956895
chair 0 0 -10 349.41 221.12 500.68 293.89 0.1843110
desk 0 0 -10 17.92 212.39 235.05 429.14 0.0946009
desk 0 0 -10 409.71 227.46 720.14 466.45 0.0533059
chair 0 0 -10 352.74 176.04 493.52 279.80 0.0477519
chair 0 0 -10 323.53 231.73 555.79 485.20 0.0396857
chair 0 0 -10 350.07 161.43 554.39 330.81 0.0393586
table 0 0 -10 257.23 239.23 628.16 396.81 0.0348695
table 0 0 -10 195.89 271.74 484.65 520.42 0.0346652
chair 0 0 -10 327.49 208.37 429.52 355.63 0.0334849
desk 0 0 -10 0.17 87.23 249.87 469.18 0.0323631
chair 0 0 -10 357.83 217.10 466.52 429.45 0.0315021
chair 0 0 -10 298.22 296.04 618.12 524.92 0.0271694
chair 0 0 -10 395.49 212.13 622.58 415.62 0.0244893
table 0 0 -10 74.31 255.44 263.80 417.89 0.0211471
table 0 0 -10 240.70 223.03 515.22 344.61 0.0205542
chair 0 0 -10 174.23 262.45 481.33 521.03 0.0173210
table 0 0 -10 351.00 231.07 518.54 402.79 0.0158325
table 0 0 -10 358.10 219.27 536.12 306.67 0.0153157
chair 0 0 -10 287.64 212.98 482.17 308.88 0.0146902
table 0 0 -10 20.01 252.03 275.31 505.88 0.0133897
table 0 0 -10 0.11 18.44 217.23 433.09 0.0129929
table 0 0 -10 224.03 220.28 367.71 322.56 0.0127172
table 0 0 -10 396.92 231.85 596.99 359.00 0.0124197
desk 0 0 -10 438.88 229.99 727.13 330.37 0.0112802
chair 0 0 -10 356.41 209.31 465.14 265.37 0.0104484
chair 0 0 -10 44.65 186.58 268.67 463.11 0.0080857
bed 0 0 -10 214.57 219.30 730.00 523.02 0.0070458
table 0 0 -10 187.75 206.54 385.03 357.74 0.0069471
dresser 0 0 -10 63.33 211.79 254.88 436.47 0.0067988
chair 0 0 -10 241.26 192.35 706.43 510.15 0.0064165
chair 0 0 -10 138.33 218.37 382.08 395.21 0.0057321
chair 0 0 -10 353.22 209.73 412.12 337.18 0.0047672
table 0 0 -10 78.76 206.95 252.46 363.04 0.0046617
table 0 0 -10 134.66 248.16 388.70 455.22 0.0045278
dresser 0 0 -10 0.67 52.92 250.66 455.79 0.0044422
chair 0 0 -10 489.08 238.87 722.88 499.08 0.0043781
sofa 0 0 -10 98.54 216.24 252.57 407.22 0.0043268
toilet 0 0 -10 64.66 214.33 258.47 455.80 0.0043248
chair 0 0 -10 53.30 242.61 366.62 522.62 0.0035839
night_stand 0 0 -10 64.39 213.44 258.18 439.72 0.0035630
chair 0 0 -10 259.96 214.71 418.45 337.79 0.0034225
desk 0 0 -10 90.29 220.89 256.40 384.47 0.0030662
desk 0 0 -10 254.52 237.12 620.28 402.73 0.0026197
bathtub 0 0 -10 47.24 211.28 258.82 456.46 0.0024908
chair 0 0 -10 449.54 222.49 720.99 307.93 0.0024618
chair 0 0 -10 3.04 16.59 343.55 449.22 0.0022624
bed 0 0 -10 7.40 213.30 252.19 418.57 0.0022595
chair 0 0 -10 382.67 207.82 556.14 303.99 0.0020996
chair 0 0 -10 355.42 128.43 458.30 264.76 0.0020797
desk 0 0 -10 60.20 241.34 456.64 530.00 0.0019708
sofa 0 0 -10 205.87 254.27 689.12 530.00 0.0019615
chair 0 0 -10 8.49 229.01 203.72 441.08 0.0018581
desk 0 0 -10 224.35 214.59 370.97 315.27 0.0018407
table 0 0 -10 320.30 210.61 480.79 285.62 0.0017950
chair 0 0 -10 298.35 133.29 660.75 391.05 0.0017642
desk 0 0 -10 351.78 225.19 516.04 406.53 0.0017215
bookshelf 0 0 -10 66.40 204.84 253.41 438.79 0.0016489
table 0 0 -10 2.71 287.53 182.69 435.59 0.0015495
bed 0 0 -10 0.00 47.17 255.86 467.73 0.0014195
table 0 0 -10 0.00 208.83 153.97 513.95 0.0013782
chair 0 0 -10 371.72 178.87 586.54 275.21 0.0013609
table 0 0 -10 430.11 174.71 730.00 296.59 0.0013429
chair 0 0 -10 252.07 402.35 672.30 524.16 0.0013368
chair 0 0 -10 281.48 145.97 476.67 376.64 0.0012469
table 0 0 -10 594.16 232.20 726.89 519.26 0.0012332
chair 0 0 -10 0.00 6.29 178.18 344.87 0.0012231
night_stand 0 0 -10 208.61 256.74 697.58 530.00 0.0011811
sofa 0 0 -10 22.81 244.18 276.20 509.45 0.0011588
dresser 0 0 -10 207.95 255.86 693.46 530.00 0.0011543
table 0 0 -10 292.59 151.56 717.62 385.26 0.0010825
chair 0 0 -10 307.80 176.80 407.17 323.94 0.0010787
table 0 0 -10 14.02 0.20 215.32 209.84 0.0010581
dresser 0 0 -10 5.79 5.68 217.99 300.15 0.0010395
sofa 0 0 -10 346.95 214.05 496.04 352.43 0.0010224
bathtub 0 0 -10 311.07 269.54 729.95 523.95 0.0010006
bookshelf 0 0 -10 7.79 13.59 245.15 455.25 0.0009768
table 0 0 -10 290.78 237.08 476.47 382.61 0.0009166
chair 0 0 -10 476.00 223.32 706.36 383.11 0.0009013
chair 0 0 -10 176.13 177.37 496.31 317.67 0.0008253
table 0 0 -10 348.08 259.22 470.01 454.95 0.0008028
chair 0 0 -10 356.03 148.46 698.16 282.15 0.0007825
table 0 0 -10 143.60 210.09 304.68 360.81 0.0007746
toilet 0 0 -10 179.47 250.70 659.70 530.00 0.0007609
chair 0 0 -10 629.56 0.00 719.70 132.22 0.0007600
sofa 0 0 -10 348.40 221.82 502.44 293.08 0.0007269
bed 0 0 -10 288.00 7.05 729.72 295.82 0.0007261
table 0 0 -10 583.63 294.21 724.17 446.21 0.0006977
desk 0 0 -10 241.93 213.61 533.28 338.96 0.0006904
sofa 0 0 -10 311.73 217.94 549.08 411.87 0.0006802
night_stand 0 0 -10 342.81 230.91 499.40 359.82 0.0006511
chair 0 0 -10 164.34 33.22 507.59 375.36 0.0006436
bed 0 0 -10 442.88 221.82 730.00 322.71 0.0006392
chair 0 0 -10 376.77 180.42 465.10 257.57 0.0006362
