sofa 0 0 -10 0.00 203.14 240.64 418.58 0.7390983
table 0 0 -10 0.00 404.43 203.85 529.70 0.5232660
sofa 0 0 -10 446.77 141.99 666.56 343.62 0.4989220
sofa 0 0 -10 279.84 164.26 484.98 388.18 0.3188735
chair 0 0 -10 272.51 162.60 477.28 391.86 0.2048156
chair 0 0 -10 458.45 147.07 668.74 343.89 0.1333239
chair 0 0 -10 1.85 200.27 239.27 433.92 0.1313496
sofa 0 0 -10 326.53 151.97 585.08 385.73 0.0568174
sofa 0 0 -10 18.94 148.96 511.31 416.11 0.0147859
sofa 0 0 -10 0.00 271.82 254.43 515.23 0.0146905
sofa 0 0 -10 0.00 367.75 208.11 522.44 0.0116167
desk 0 0 -10 0.00 401.45 202.13 529.58 0.0088443
table 0 0 -10 0.25 234.90 38.02 402.05 0.0056396
chair 0 0 -10 3.56 340.70 210.96 516.56 0.0054034
table 0 0 -10 278.39 183.83 495.70 385.15 0.0053908
sofa 0 0 -10 38.39 156.30 714.61 513.08 0.0051347
table 0 0 -10 191.36 203.99 307.20 342.25 0.0045607
table 0 0 -10 709.75 167.06 729.31 346.27 0.0041412
table 0 0 -10 28.21 185.04 290.66 408.93 0.0041176
chair 0 0 -10 335.46 156.62 553.50 389.48 0.0039426
chair 0 0 -10 412.79 0.00 464.14 58.26 0.0037853
sofa 0 0 -10 277.28 117.90 684.64 423.76 0.0036059
table 0 0 -10 696.48 248.58 728.11 294.69 0.0033903
table 0 0 -10 64.59 160.88 412.26 344.19 0.0030356
chair 0 0 -10 5.73 417.89 194.50 529.71 0.0027607
bed 0 0 -10 0.00 400.29 206.63 530.00 0.0027347
table 0 0 -10 461.22 129.08 675.80 320.82 0.0024429
table 0 0 -10 591.17 159.29 726.52 270.30 0.0024197
table 0 0 -10 692.20 156.52 728.00 357.71 0.0022942
chair 0 0 -10 707.24 148.11 729.53 314.95 0.0022131
table 0 0 -10 0.00 357.74 113.26 520.12 0.0021173
night_stand 0 0 -10 5.43 396.30 213.04 530.00 0.0019737
table 0 0 -10 0.00 293.98 219.63 461.04 0.0019564
table 0 0 -10 664.85 237.36 726.34 316.76 0.0017996
table 0 0 -10 712.05 237.49 729.14 298.88 0.0017707
table 0 0 -10 693.33 215.42 727.15 291.60 0.0016911
table 0 0 -10 195.59 231.84 302.55 295.94 0.0015135
table 0 0 -10 0.93 247.08 22.45 423.41 0.0013777
table 0 0 -10 660.41 169.10 727.61 292.58 0.0013178
table 0 0 -10 0.04 298.50 57.94 510.78 0.0012145
sofa 0 0 -10 709.91 154.64 729.43 346.93 0.0011182
table 0 0 -10 0.00 243.40 66.98 359.37 0.0010276
chair 0 0 -10 698.26 159.04 729.83 245.01 0.0010048
table 0 0 -10 708.65 224.37 728.69 272.47 0.0009503
bookshelf 0 0 -10 282.59 159.37 478.73 382.33 0.0009005
table 0 0 -10 702.26 177.59 728.19 262.39 0.0008079
bed 0 0 -10 278.41 168.58 481.28 388.64 0.0007699
table 0 0 -10 716.39 170.27 728.23 303.53 0.0007335
sofa 0 0 -10 583.91 146.58 727.98 270.83 0.0007329
sofa 0 0 -10 703.10 169.79 728.58 262.43 0.0007144
bed 0 0 -10 0.00 218.71 239.82 427.52 0.0007000
desk 0 0 -10 243.56 166.89 480.01 386.86 0.0006904
dresser 0 0 -10 280.04 168.92 480.02 383.60 0.0006732
chair 0 0 -10 33.12 404.80 374.00 530.00 0.0006625
table 0 0 -10 344.26 164.23 591.21 380.93 0.0006593
table 0 0 -10 694.05 193.80 728.34 471.76 0.0006256
table 0 0 -10 712.74 226.69 729.01 253.47 0.0006180
bookshelf 0 0 -10 458.73 133.65 668.10 338.41 0.0006016
sofa 0 0 -10 684.88 164.31 728.69 299.92 0.0005794
table 0 0 -10 8.65 110.86 490.89 389.24 0.0005707
chair 0 0 -10 0.68 241.02 60.78 416.73 0.0005526
table 0 0 -10 4.87 251.41 10.76 385.91 0.0005343
desk 0 0 -10 21.44 178.75 298.29 418.90 0.0005252
sofa 0 0 -10 2.89 154.19 162.15 478.31 0.0005033
dresser 0 0 -10 455.95 143.11 669.61 339.40 0.0004988
bed 0 0 -10 461.23 158.40 667.57 346.53 0.0004839
table 0 0 -10 716.45 219.04 728.91 245.91 0.0004782
table 0 0 -10 714.20 241.91 728.90 269.18 0.0004669
toilet 0 0 -10 255.51 165.02 481.29 391.08 0.0004659
night_stand 0 0 -10 284.20 182.65 484.46 402.14 0.0004643
bathtub 0 0 -10 280.43 169.43 480.20 384.71 0.0004494
chair 0 0 -10 31.37 180.52 220.01 326.55 0.0004365
chair 0 0 -10 711.59 169.13 729.99 256.08 0.0004203
table 0 0 -10 716.84 249.53 728.68 283.09 0.0004200
table 0 0 -10 7.07 250.88 12.24 383.14 0.0004081
desk 0 0 -10 0.00 251.50 233.61 438.42 0.0004076
desk 0 0 -10 444.12 137.32 673.98 326.55 0.0004014
table 0 0 -10 660.96 168.68 728.98 457.91 0.0004002
table 0 0 -10 1.30 251.96 102.79 429.00 0.0003931
table 0 0 -10 23.48 330.27 482.37 526.04 0.0003775
bed 0 0 -10 706.75 153.25 729.44 327.88 0.0003699
bookshelf 0 0 -10 6.13 189.08 232.58 427.60 0.0003683
table 0 0 -10 3.39 269.12 14.13 437.80 0.0003575
table 0 0 -10 2.02 309.56 34.39 462.10 0.0003521
sofa 0 0 -10 694.13 130.39 728.79 424.26 0.0003437
table 0 0 -10 616.56 173.44 727.74 350.36 0.0003410
table 0 0 -10 9.54 249.11 15.77 377.95 0.0003389
table 0 0 -10 447.29 150.21 621.57 266.91 0.0003306
chair 0 0 -10 1.34 196.06 84.71 459.85 0.0003295
chair 0 0 -10 7.68 205.32 24.38 438.80 0.0003246
table 0 0 -10 2.79 350.43 24.33 526.04 0.0003245
sofa 0 0 -10 527.23 142.46 710.72 306.85 0.0003208
table 0 0 -10 412.24 174.03 472.47 237.76 0.0003205
chair 0 0 -10 716.20 149.95 728.57 299.07 0.0003186
bathtub 0 0 -10 456.06 142.61 669.30 340.50 0.0003024
night_stand 0 0 -10 458.55 146.58 665.09 347.38 0.0003006
table 0 0 -10 8.38 201.84 26.03 432.43 0.0002991
sofa 0 0 -10 658.48 174.19 729.71 260.94 0.0002974
sofa 0 0 -10 693.97 208.41 728.77 293.19 0.0002923
dresser 0 0 -10 2.83 200.74 234.20 429.43 0.0002876
