desk 0 0 -10 157.78 187.96 657.58 526.76 0.2751438
desk 0 0 -10 356.05 131.48 626.60 510.65 0.0377537
table 0 0 -10 355.75 138.78 620.80 510.12 0.0228833
dresser 0 0 -10 348.18 156.12 635.43 523.43 0.0192826
chair 0 0 -10 330.17 301.12 570.89 526.83 0.0165836
table 0 0 -10 135.38 185.01 638.33 526.26 0.0160379
night_stand 0 0 -10 281.47 15.90 383.39 95.57 0.0118810
desk 0 0 -10 175.64 195.40 416.58 524.31 0.0096473
bathtub 0 0 -10 94.94 190.68 622.98 506.55 0.0089840
desk 0 0 -10 277.87 5.19 426.36 100.01 0.0061859
chair 0 0 -10 281.02 4.31 419.76 98.62 0.0056360
bathtub 0 0 -10 149.42 197.66 422.75 396.84 0.0056046
bathtub 0 0 -10 167.14 204.56 371.56 299.19 0.0046031
table 0 0 -10 278.58 7.63 423.49 97.87 0.0041997
chair 0 0 -10 292.90 7.90 377.27 83.08 0.0034355
dresser 0 0 -10 164.50 241.76 603.37 528.06 0.0030255
bookshelf 0 0 -10 409.51 1.90 502.77 135.14 0.0029645
table 0 0 -10 339.57 282.65 576.57 526.20 0.0028502
bookshelf 0 0 -10 317.54 71.53 644.85 530.00 0.0027196
desk 0 0 -10 336.47 280.65 580.60 525.31 0.0025662
dresser 0 0 -10 163.93 239.49 355.60 519.31 0.0025235
dresser 0 0 -10 288.10 14.22 380.99 96.85 0.0021892
bathtub 0 0 -10 173.54 195.89 529.02 334.95 0.0020595
chair 0 0 -10 351.43 159.43 642.05 520.40 0.0020182
bookshelf 0 0 -10 279.47 3.69 422.24 99.18 0.0019631
chair 0 0 -10 235.94 0.00 350.12 80.28 0.0018916
chair 0 0 -10 249.13 1.39 339.17 51.41 0.0018490
desk 0 0 -10 203.61 0.00 471.14 107.80 0.0017154
table 0 0 -10 413.24 132.02 550.09 303.63 0.0016790
desk 0 0 -10 112.91 321.65 456.88 526.62 0.0015385
chair 0 0 -10 123.16 0.00 208.47 111.30 0.0015225
bathtub 0 0 -10 217.59 222.60 412.35 307.37 0.0013747
table 0 0 -10 290.89 15.42 378.71 89.55 0.0013066
chair 0 0 -10 445.06 143.40 622.43 455.13 0.0012851
table 0 0 -10 339.73 280.86 612.86 412.78 0.0012556
desk 0 0 -10 322.61 1.62 504.58 102.79 0.0012444
night_stand 0 0 -10 139.09 8.99 205.87 111.10 0.0012341
night_stand 0 0 -10 261.41 2.69 420.53 110.34 0.0012065
desk 0 0 -10 450.87 176.27 727.92 530.00 0.0011383
dresser 0 0 -10 264.81 8.05 419.97 108.99 0.0009910
sofa 0 0 -10 279.68 6.54 420.89 98.71 0.0009244
table 0 0 -10 80.91 222.59 425.76 529.57 0.0009126
table 0 0 -10 211.45 2.64 465.19 106.42 0.0008644
bathtub 0 0 -10 272.02 225.38 367.17 296.22 0.0008605
chair 0 0 -10 439.57 97.73 721.18 502.59 0.0008584
chair 0 0 -10 199.39 244.40 536.73 530.00 0.0008087
chair 0 0 -10 315.47 172.29 459.99 251.69 0.0007527
chair 0 0 -10 436.17 61.42 468.22 98.14 0.0007305
chair 0 0 -10 334.66 0.00 458.26 99.59 0.0007174
chair 0 0 -10 529.98 231.53 724.56 443.95 0.0007112
table 0 0 -10 245.75 182.49 619.89 353.46 0.0006747
desk 0 0 -10 163.05 202.00 344.54 444.79 0.0006636
bookshelf 0 0 -10 293.20 1.61 496.05 132.44 0.0006610
desk 0 0 -10 338.52 279.49 614.65 412.06 0.0006534
table 0 0 -10 3.45 346.06 109.91 505.20 0.0006402
table 0 0 -10 13.20 302.81 245.42 525.03 0.0005976
table 0 0 -10 372.92 0.16 512.50 104.84 0.0005863
bathtub 0 0 -10 567.88 211.77 730.00 484.96 0.0005828
toilet 0 0 -10 98.18 177.50 593.92 524.98 0.0005705
bed 0 0 -10 116.56 162.65 643.06 530.00 0.0005566
table 0 0 -10 2.33 298.15 67.23 515.95 0.0005495
dresser 0 0 -10 130.65 317.68 446.30 524.85 0.0005405
chair 0 0 -10 268.57 159.27 448.96 312.93 0.0005397
chair 0 0 -10 207.81 0.48 321.31 63.07 0.0005242
table 0 0 -10 154.30 200.50 384.87 439.62 0.0005072
desk 0 0 -10 255.99 182.88 619.15 351.76 0.0004936
chair 0 0 -10 420.49 57.99 469.90 108.63 0.0004839
bookshelf 0 0 -10 149.99 10.89 619.13 478.58 0.0004819
bathtub 0 0 -10 245.54 158.85 450.73 379.85 0.0004703
table 0 0 -10 313.68 176.93 473.39 248.45 0.0004698
chair 0 0 -10 313.17 168.84 400.26 286.30 0.0004619
bathtub 0 0 -10 80.09 75.08 720.77 435.33 0.0004322
desk 0 0 -10 284.64 22.48 383.42 91.26 0.0004276
chair 0 0 -10 307.08 2.15 398.55 57.39 0.0004232
chair 0 0 -10 168.19 0.00 394.78 106.07 0.0004228
night_stand 0 0 -10 346.45 161.13 638.90 510.54 0.0004175
table 0 0 -10 148.77 191.05 398.20 308.34 0.0004166
chair 0 0 -10 527.48 359.80 728.48 530.00 0.0004131
dresser 0 0 -10 363.61 5.27 498.88 106.33 0.0004048
chair 0 0 -10 355.59 119.16 420.77 287.32 0.0004021
chair 0 0 -10 332.27 7.11 391.42 89.72 0.0003969
chair 0 0 -10 89.68 311.97 385.34 526.71 0.0003877
dresser 0 0 -10 144.64 54.38 630.48 471.89 0.0003858
dresser 0 0 -10 449.46 143.68 614.47 447.85 0.0003757
bathtub 0 0 -10 277.97 4.99 435.51 94.71 0.0003670
table 0 0 -10 558.13 214.72 730.00 496.92 0.0003662
chair 0 0 -10 383.61 111.14 428.82 295.40 0.0003661
table 0 0 -10 333.27 172.36 478.23 316.50 0.0003655
desk 0 0 -10 26.03 209.80 342.76 517.51 0.0003620
chair 0 0 -10 53.91 0.00 300.39 127.46 0.0003605
bathtub 0 0 -10 106.25 209.12 335.39 448.64 0.0003569
table 0 0 -10 332.19 2.74 465.19 100.94 0.0003563
dresser 0 0 -10 139.70 11.64 204.89 111.00 0.0003371
chair 0 0 -10 148.67 0.00 253.19 114.90 0.0003258
toilet 0 0 -10 279.61 5.06 424.46 100.39 0.0003187
bookshelf 0 0 -10 336.30 2.40 463.07 102.61 0.0003163
bathtub 0 0 -10 185.76 209.01 448.11 514.10 0.0003104
bathtub 0 0 -10 197.83 207.33 312.48 287.47 0.0003093
desk 0 0 -10 360.36 11.40 501.87 71.68 0.0003035
dresser 0 0 -10 173.53 6.66 446.08 127.03 0.0002961
