toilet 0 0 -10 96.12 360.33 231.84 523.24 0.9757888
dresser 0 0 -10 385.11 1.96 729.01 516.32 0.0439567
toilet 0 0 -10 88.50 398.63 407.13 527.27 0.0265863
dresser 0 0 -10 0.00 5.78 61.87 521.77 0.0247154
chair 0 0 -10 260.55 381.48 413.33 525.26 0.0200732
bathtub 0 0 -10 82.16 419.51 458.79 526.39 0.0188525
chair 0 0 -10 90.48 339.51 237.95 520.55 0.0181385
toilet 0 0 -10 56.33 340.61 296.88 530.00 0.0170159
bookshelf 0 0 -10 393.77 0.00 722.03 526.84 0.0133554
table 0 0 -10 251.62 414.01 414.86 529.93 0.0119352
desk 0 0 -10 377.45 8.51 730.00 514.36 0.0117630
bed 0 0 -10 390.44 0.00 720.92 530.00 0.0110275
table 0 0 -10 40.11 421.65 404.42 528.72 0.0102661
table 0 0 -10 412.19 33.28 719.73 530.00 0.0082818
sofa 0 0 -10 397.89 10.44 714.18 526.38 0.0070032
toilet 0 0 -10 117.16 376.07 230.99 432.31 0.0067317
desk 0 0 -10 255.79 410.77 415.59 530.00 0.0064967
chair 0 0 -10 394.84 13.20 725.75 517.88 0.0062604
chair 0 0 -10 119.00 416.30 464.31 526.95 0.0057353
table 0 0 -10 64.94 470.17 405.10 526.07 0.0052110
chair 0 0 -10 254.36 257.30 414.80 515.57 0.0051133
bathtub 0 0 -10 113.15 342.02 230.15 469.26 0.0050736
bathtub 0 0 -10 66.12 365.39 247.43 520.40 0.0042266
desk 0 0 -10 55.84 391.24 397.19 530.00 0.0041265
table 0 0 -10 83.71 374.65 234.45 526.13 0.0038872
chair 0 0 -10 212.09 447.74 427.16 530.00 0.0035006
toilet 0 0 -10 124.68 392.02 222.18 503.55 0.0034874
bed 0 0 -10 0.00 0.00 63.20 530.00 0.0031986
table 0 0 -10 2.26 514.18 144.03 529.93 0.0031898
desk 0 0 -10 61.75 460.60 393.28 527.69 0.0029115
table 0 0 -10 1.30 24.66 86.95 530.00 0.0028549
chair 0 0 -10 0.00 11.73 64.77 508.04 0.0026367
bathtub 0 0 -10 121.43 465.12 414.05 527.97 0.0024144
bookshelf 0 0 -10 1.22 2.55 61.08 530.00 0.0021796
bathtub 0 0 -10 120.31 377.19 231.00 428.84 0.0021780
toilet 0 0 -10 56.38 434.88 258.21 530.00 0.0021187
bathtub 0 0 -10 123.04 394.54 234.11 520.81 0.0018992
bathtub 0 0 -10 369.69 30.23 729.35 504.23 0.0017710
desk 0 0 -10 0.00 12.22 63.46 523.50 0.0016809
chair 0 0 -10 65.41 473.66 305.38 525.98 0.0015373
dresser 0 0 -10 25.96 4.02 595.80 479.18 0.0014961
bed 0 0 -10 89.27 418.84 440.04 529.36 0.0013490
table 0 0 -10 8.86 509.73 210.67 528.83 0.0012878
toilet 0 0 -10 90.83 463.95 234.83 526.62 0.0012747
bathtub 0 0 -10 181.40 420.94 404.99 506.09 0.0011602
table 0 0 -10 26.76 7.14 418.93 397.91 0.0011344
chair 0 0 -10 2.50 510.81 121.84 530.00 0.0011277
night_stand 0 0 -10 92.22 419.44 440.25 526.45 0.0011153
table 0 0 -10 5.09 499.01 128.70 529.63 0.0011042
table 0 0 -10 23.87 483.75 217.68 529.17 0.0010992
chair 0 0 -10 2.13 491.55 106.27 530.00 0.0010764
toilet 0 0 -10 174.17 439.77 414.04 526.76 0.0010622
chair 0 0 -10 75.46 298.43 409.49 520.05 0.0010425
toilet 0 0 -10 59.19 461.27 373.44 527.95 0.0010335
dresser 0 0 -10 83.86 418.14 441.32 528.87 0.0009925
bookshelf 0 0 -10 88.57 12.33 613.04 527.75 0.0009734
chair 0 0 -10 301.71 417.56 697.10 528.25 0.0009718
table 0 0 -10 93.71 462.41 225.69 527.51 0.0009437
table 0 0 -10 64.87 333.65 382.61 522.82 0.0009050
desk 0 0 -10 37.75 0.00 677.04 518.62 0.0008942
bed 0 0 -10 0.00 9.03 152.59 433.58 0.0008918
night_stand 0 0 -10 89.29 384.68 242.28 529.24 0.0008907
chair 0 0 -10 323.55 14.88 522.91 514.21 0.0008228
toilet 0 0 -10 79.70 296.26 405.95 491.20 0.0008188
table 0 0 -10 0.50 4.63 102.68 253.63 0.0008137
toilet 0 0 -10 26.08 88.36 415.88 528.73 0.0008105
sofa 0 0 -10 2.28 23.74 61.10 520.65 0.0007942
table 0 0 -10 17.58 475.86 109.32 529.26 0.0007833
bathtub 0 0 -10 64.70 322.71 379.68 515.65 0.0007456
bed 0 0 -10 11.45 0.00 611.22 503.28 0.0007275
bathtub 0 0 -10 34.62 105.76 425.38 498.49 0.0006733
night_stand 0 0 -10 392.68 11.27 730.00 505.42 0.0006682
bookshelf 0 0 -10 91.31 413.39 431.38 528.38 0.0006517
table 0 0 -10 0.00 6.19 151.69 427.24 0.0006252
chair 0 0 -10 63.33 436.23 260.56 527.97 0.0006204
chair 0 0 -10 278.59 218.12 546.55 517.97 0.0006147
desk 0 0 -10 84.73 369.61 243.23 530.00 0.0006064
toilet 0 0 -10 369.76 5.76 722.64 528.35 0.0006030
table 0 0 -10 3.77 59.06 50.35 504.24 0.0005904
chair 0 0 -10 0.00 0.00 153.21 418.51 0.0005834
sofa 0 0 -10 91.71 419.15 444.35 527.00 0.0005752
dresser 0 0 -10 0.00 32.17 35.08 473.49 0.0005630
table 0 0 -10 77.51 504.86 419.70 529.28 0.0005552
table 0 0 -10 49.43 456.03 171.26 530.00 0.0005461
table 0 0 -10 58.01 19.17 643.74 523.72 0.0005385
dresser 0 0 -10 0.00 0.00 182.59 518.45 0.0005242
dresser 0 0 -10 28.48 46.15 66.89 474.18 0.0005220
toilet 0 0 -10 50.87 347.30 549.01 530.00 0.0005160
table 0 0 -10 4.03 523.19 114.43 530.00 0.0005060
table 0 0 -10 35.46 505.28 108.52 529.75 0.0005021
bathtub 0 0 -10 142.38 209.91 714.52 514.64 0.0004869
chair 0 0 -10 112.27 482.28 439.46 525.62 0.0004867
bookshelf 0 0 -10 100.03 319.80 228.69 522.54 0.0004811
bed 0 0 -10 87.88 367.84 236.01 530.00 0.0004555
dresser 0 0 -10 92.05 381.77 240.38 530.00 0.0004495
table 0 0 -10 104.76 517.58 210.42 529.91 0.0004469
sofa 0 0 -10 88.65 364.86 232.83 525.22 0.0004438
table 0 0 -10 119.24 377.10 228.87 435.39 0.0004396
table 0 0 -10 94.97 509.79 178.66 530.00 0.0004287
chair 0 0 -10 295.34 92.10 442.42 470.48 0.0004252
