toilet 0 0 -10 289.78 163.97 434.06 438.29 0.9843497
chair 0 0 -10 276.98 167.43 430.99 433.09 0.0374689
toilet 0 0 -10 299.21 206.02 422.65 332.01 0.0066918
bathtub 0 0 -10 489.02 245.62 716.10 527.63 0.0055164
chair 0 0 -10 479.15 222.38 691.86 497.49 0.0047573
bathtub 0 0 -10 298.69 192.90 424.06 420.09 0.0039648
toilet 0 0 -10 215.79 158.64 499.51 529.14 0.0032318
bathtub 0 0 -10 470.43 356.22 689.60 425.92 0.0022047
table 0 0 -10 290.81 177.02 429.14 430.12 0.0021829
bookshelf 0 0 -10 302.34 170.67 423.46 431.13 0.0016081
bathtub 0 0 -10 474.72 320.60 621.34 426.45 0.0014956
bed 0 0 -10 296.97 181.21 428.22 438.25 0.0013398
dresser 0 0 -10 293.49 173.32 427.36 427.17 0.0012501
night_stand 0 0 -10 296.64 183.81 431.97 427.56 0.0012352
sofa 0 0 -10 298.41 164.18 427.01 435.35 0.0012293
desk 0 0 -10 287.47 172.05 432.30 432.84 0.0011979
bathtub 0 0 -10 529.92 238.08 637.20 470.10 0.0011350
bathtub 0 0 -10 514.10 303.84 719.62 409.69 0.0008261
bathtub 0 0 -10 84.52 211.08 639.39 522.39 0.0007259
table 0 0 -10 483.50 159.89 681.16 530.00 0.0006096
toilet 0 0 -10 489.29 264.87 642.81 525.86 0.0005240
bathtub 0 0 -10 276.70 171.65 495.76 484.32 0.0005018
bathtub 0 0 -10 403.57 93.46 730.00 510.65 0.0004445
bathtub 0 0 -10 424.50 302.14 631.63 526.34 0.0004299
table 0 0 -10 392.35 88.64 730.00 518.51 0.0003658
toilet 0 0 -10 288.51 292.16 448.84 471.91 0.0002907
bed 0 0 -10 483.94 216.59 713.43 528.53 0.0002890
toilet 0 0 -10 294.11 170.54 563.97 441.68 0.0002483
chair 0 0 -10 415.80 114.24 730.00 517.79 0.0002147
bathtub 0 0 -10 464.79 138.25 631.88 512.92 0.0002131
dresser 0 0 -10 483.48 221.28 711.47 529.36 0.0002071
chair 0 0 -10 499.60 65.89 684.66 453.72 0.0002038
toilet 0 0 -10 311.02 289.94 515.84 529.66 0.0001964
bathtub 0 0 -10 306.27 211.07 418.78 317.25 0.0001790
bathtub 0 0 -10 244.59 283.89 519.81 522.27 0.0001781
chair 0 0 -10 320.09 182.98 555.47 511.93 0.0001740
bathtub 0 0 -10 19.49 320.95 264.20 527.53 0.0001656
table 0 0 -10 19.50 314.36 249.11 530.00 0.0001600
chair 0 0 -10 477.25 209.36 536.06 413.89 0.0001565
table 0 0 -10 316.59 402.94 407.64 453.78 0.0001312
chair 0 0 -10 228.96 155.71 492.40 514.54 0.0001310
table 0 0 -10 0.00 74.49 256.54 528.82 0.0001262
toilet 0 0 -10 107.12 170.99 436.62 408.38 0.0001215
bathtub 0 0 -10 474.22 164.19 716.03 427.46 0.0001162
chair 0 0 -10 524.49 223.75 630.77 455.90 0.0001143
desk 0 0 -10 484.23 240.52 717.26 528.87 0.0001106
desk 0 0 -10 392.37 88.77 730.00 514.21 0.0001080
table 0 0 -10 21.38 469.31 206.90 529.87 0.0001061
toilet 0 0 -10 406.72 94.82 730.00 530.00 0.0001038
table 0 0 -10 158.44 97.74 630.81 526.02 0.0000962
chair 0 0 -10 12.40 371.11 327.14 530.00 0.0000956
bathtub 0 0 -10 5.66 154.40 366.77 518.79 0.0000946
toilet 0 0 -10 460.48 226.43 715.88 451.73 0.0000930
bed 0 0 -10 0.00 215.91 288.59 526.75 0.0000913
bed 0 0 -10 104.78 188.59 634.43 530.00 0.0000908
bathtub 0 0 -10 250.18 87.86 604.07 481.74 0.0000884
chair 0 0 -10 428.21 212.29 593.13 519.89 0.0000858
bathtub 0 0 -10 165.66 330.72 699.52 526.58 0.0000851
bathtub 0 0 -10 370.62 302.38 527.46 525.94 0.0000841
bathtub 0 0 -10 188.50 197.93 431.07 426.30 0.0000808
toilet 0 0 -10 44.30 191.14 424.41 530.00 0.0000790
table 0 0 -10 471.56 355.27 676.25 428.64 0.0000785
chair 0 0 -10 2.06 307.27 192.85 528.00 0.0000769
toilet 0 0 -10 273.60 117.15 592.98 354.35 0.0000765
chair 0 0 -10 99.38 198.26 595.62 530.00 0.0000763
toilet 0 0 -10 353.76 188.19 448.39 482.67 0.0000753
chair 0 0 -10 14.84 349.98 600.30 530.00 0.0000742
toilet 0 0 -10 323.69 215.92 628.51 529.65 0.0000712
table 0 0 -10 490.68 335.57 711.73 530.00 0.0000704
bathtub 0 0 -10 500.74 233.62 677.48 408.80 0.0000686
table 0 0 -10 501.49 481.94 717.57 528.38 0.0000683
bookshelf 0 0 -10 425.07 36.52 725.99 510.74 0.0000667
table 0 0 -10 310.56 393.76 411.49 434.87 0.0000660
table 0 0 -10 37.76 60.80 438.98 509.93 0.0000637
chair 0 0 -10 491.32 246.30 670.14 390.39 0.0000608
desk 0 0 -10 148.46 88.13 667.30 530.00 0.0000601
bathtub 0 0 -10 112.64 28.40 700.12 453.07 0.0000573
table 0 0 -10 249.12 259.86 496.07 530.00 0.0000569
table 0 0 -10 3.86 515.40 192.38 530.00 0.0000568
bookshelf 0 0 -10 491.67 205.70 707.49 530.00 0.0000567
toilet 0 0 -10 398.22 192.57 424.58 407.75 0.0000556
toilet 0 0 -10 530.01 241.16 632.45 471.71 0.0000542
chair 0 0 -10 486.36 344.19 719.78 530.00 0.0000514
bathtub 0 0 -10 560.60 212.05 730.00 393.33 0.0000512
toilet 0 0 -10 279.16 178.54 348.39 422.79 0.0000495
chair 0 0 -10 647.74 231.72 730.00 517.92 0.0000495
bathtub 0 0 -10 309.75 143.55 531.86 367.78 0.0000493
table 0 0 -10 3.68 257.24 138.15 526.46 0.0000479
table 0 0 -10 291.16 293.59 441.80 470.81 0.0000464
bathtub 0 0 -10 581.60 324.08 729.32 495.89 0.0000457
toilet 0 0 -10 404.95 294.53 540.74 530.00 0.0000454
dresser 0 0 -10 416.29 86.44 730.00 521.16 0.0000444
bathtub 0 0 -10 465.93 379.01 730.00 529.73 0.0000433
table 0 0 -10 526.96 240.49 634.03 467.54 0.0000432
table 0 0 -10 223.53 113.30 474.23 436.32 0.0000432
table 0 0 -10 406.54 301.96 529.06 530.00 0.0000431
chair 0 0 -10 660.21 26.05 730.00 445.38 0.0000430
chair 0 0 -10 5.91 108.60 214.65 528.96 0.0000424
bathtub 0 0 -10 241.44 279.92 312.31 435.67 0.0000420
toilet 0 0 -10 81.43 53.37 580.52 456.69 0.0000411
