chair 0 0 -10 361.38 91.50 556.17 337.18 0.9746980
chair 0 0 -10 113.91 137.49 331.90 433.39 0.9579374
table 0 0 -10 1.13 63.55 453.79 426.05 0.7847538
desk 0 0 -10 0.00 65.91 457.16 380.14 0.2861004
table 0 0 -10 0.00 131.95 92.51 285.59 0.1285632
chair 0 0 -10 2.22 142.12 89.00 323.98 0.1093243
chair 0 0 -10 152.27 18.99 238.67 202.47 0.0540991
chair 0 0 -10 1.65 133.91 38.83 316.23 0.0492288
chair 0 0 -10 94.04 108.22 322.48 308.11 0.0472845
chair 0 0 -10 1.76 127.08 61.80 270.51 0.0381832
chair 0 0 -10 679.58 77.82 730.00 322.67 0.0374534
toilet 0 0 -10 682.77 87.66 729.36 326.06 0.0370034
table 0 0 -10 0.00 122.34 40.44 356.98 0.0315630
chair 0 0 -10 27.18 56.05 382.42 449.11 0.0265545
desk 0 0 -10 0.74 130.82 89.47 284.70 0.0255901
chair 0 0 -10 98.94 29.33 271.08 219.98 0.0255334
chair 0 0 -10 177.63 71.24 528.66 450.87 0.0228375
chair 0 0 -10 177.24 14.61 263.66 164.20 0.0189299
dresser 0 0 -10 683.06 82.33 729.21 323.35 0.0166266
table 0 0 -10 0.00 104.85 66.17 425.63 0.0161781
chair 0 0 -10 2.72 102.59 121.20 277.45 0.0139311
chair 0 0 -10 263.93 90.01 519.27 311.59 0.0136286
bathtub 0 0 -10 682.94 88.80 729.79 324.02 0.0116526
table 0 0 -10 1.35 127.83 22.02 344.95 0.0109502
table 0 0 -10 1.31 101.52 118.78 358.68 0.0108309
chair 0 0 -10 0.00 132.24 54.14 391.67 0.0097270
chair 0 0 -10 191.34 13.16 339.07 170.84 0.0096061
chair 0 0 -10 654.89 11.70 730.00 341.65 0.0078820
chair 0 0 -10 159.27 27.15 324.67 240.25 0.0078419
table 0 0 -10 687.18 104.08 728.57 338.11 0.0078281
chair 0 0 -10 131.18 184.39 321.62 318.37 0.0074453
chair 0 0 -10 24.67 22.13 212.20 258.75 0.0070981
sofa 0 0 -10 687.98 100.34 728.03 338.11 0.0068989
chair 0 0 -10 0.00 134.97 131.83 374.49 0.0067815
table 0 0 -10 56.11 180.55 340.77 465.84 0.0054050
chair 0 0 -10 156.48 32.59 296.88 137.89 0.0047260
table 0 0 -10 0.00 111.86 321.16 337.63 0.0041151
chair 0 0 -10 22.72 131.24 274.09 332.07 0.0039563
bed 0 0 -10 686.86 92.07 729.07 336.96 0.0039553
desk 0 0 -10 120.02 101.38 407.11 442.37 0.0038407
table 0 0 -10 25.62 19.55 451.98 205.70 0.0037811
desk 0 0 -10 0.99 117.37 67.65 377.11 0.0037178
desk 0 0 -10 5.57 109.73 123.31 327.18 0.0036813
desk 0 0 -10 23.44 40.32 428.21 173.39 0.0036314
chair 0 0 -10 160.93 125.64 421.39 392.90 0.0036141
chair 0 0 -10 239.21 22.08 329.15 133.52 0.0034991
desk 0 0 -10 61.94 175.20 339.23 469.11 0.0034862
chair 0 0 -10 130.30 34.90 212.94 232.68 0.0034528
table 0 0 -10 278.37 70.13 505.83 361.94 0.0033184
chair 0 0 -10 7.29 65.97 27.72 330.67 0.0032690
bookshelf 0 0 -10 688.15 87.89 728.70 334.10 0.0032344
night_stand 0 0 -10 687.81 103.92 730.00 332.91 0.0030065
table 0 0 -10 0.00 117.73 50.19 240.95 0.0029536
chair 0 0 -10 0.84 144.98 44.03 233.00 0.0029140
chair 0 0 -10 394.10 0.24 554.69 196.90 0.0026450
toilet 0 0 -10 707.53 77.00 730.00 315.24 0.0026328
chair 0 0 -10 138.56 99.81 250.74 281.94 0.0026260
chair 0 0 -10 391.51 69.29 543.65 255.39 0.0024620
toilet 0 0 -10 669.84 164.15 728.86 281.62 0.0023195
table 0 0 -10 347.27 75.16 530.85 267.67 0.0022869
toilet 0 0 -10 656.78 30.12 730.00 351.71 0.0022133
dresser 0 0 -10 657.35 11.17 730.00 306.96 0.0021606
chair 0 0 -10 291.02 119.32 586.96 410.03 0.0020402
chair 0 0 -10 0.35 100.93 20.14 333.02 0.0019608
bathtub 0 0 -10 708.22 79.95 730.00 309.35 0.0018725
bathtub 0 0 -10 640.31 125.77 730.00 305.20 0.0018483
toilet 0 0 -10 646.70 138.20 728.25 310.65 0.0018131
table 0 0 -10 0.00 115.11 150.04 249.03 0.0016817
table 0 0 -10 1.36 184.51 81.20 352.68 0.0016401
bathtub 0 0 -10 670.31 168.51 729.95 278.82 0.0015953
chair 0 0 -10 280.17 19.96 685.06 281.40 0.0015406
chair 0 0 -10 1.04 163.34 32.75 253.17 0.0014963
chair 0 0 -10 269.35 19.06 344.50 155.52 0.0014669
chair 0 0 -10 0.81 92.78 80.33 226.30 0.0014507
table 0 0 -10 158.29 56.37 476.63 281.48 0.0014500
table 0 0 -10 0.00 151.88 32.30 227.96 0.0013653
chair 0 0 -10 228.66 22.07 414.97 239.98 0.0013371
chair 0 0 -10 148.58 40.82 387.98 309.18 0.0012965
chair 0 0 -10 227.72 83.41 331.99 281.05 0.0012326
chair 0 0 -10 0.28 218.05 40.79 312.91 0.0012066
desk 0 0 -10 687.75 96.82 729.51 338.72 0.0012028
table 0 0 -10 703.14 140.96 729.27 346.82 0.0011636
sofa 0 0 -10 5.64 2.79 240.00 112.78 0.0010784
chair 0 0 -10 237.15 13.19 493.16 170.47 0.0010219
table 0 0 -10 376.66 121.01 547.92 335.98 0.0009940
table 0 0 -10 7.43 88.88 26.64 337.67 0.0009815
sofa 0 0 -10 0.00 71.70 468.97 473.94 0.0009561
chair 0 0 -10 630.92 121.07 730.00 305.57 0.0009523
table 0 0 -10 261.32 22.51 516.75 249.87 0.0009290
chair 0 0 -10 3.12 155.84 198.31 454.89 0.0009031
chair 0 0 -10 679.36 157.70 729.15 280.05 0.0008942
chair 0 0 -10 172.29 0.00 234.90 69.20 0.0008874
table 0 0 -10 4.27 117.46 13.57 355.24 0.0008745
chair 0 0 -10 179.72 108.37 290.86 261.41 0.0008742
bed 0 0 -10 657.32 12.66 730.00 319.21 0.0007861
sofa 0 0 -10 372.07 100.23 551.49 335.01 0.0007824
desk 0 0 -10 1.68 111.08 45.42 293.08 0.0007774
chair 0 0 -10 0.63 239.61 56.61 351.62 0.0007260
table 0 0 -10 0.00 148.90 64.13 202.94 0.0007218
table 0 0 -10 658.67 37.76 728.98 351.72 0.0007023
