chair 0 0 -10 399.87 197.13 607.13 447.00 0.9928051
chair 0 0 -10 108.66 135.21 259.32 339.00 0.9789449
table 0 0 -10 94.68 149.68 469.11 443.98 0.9624068
chair 0 0 -10 1.61 129.59 112.89 280.20 0.9434489
table 0 0 -10 0.00 124.08 105.74 254.06 0.5895934
table 0 0 -10 85.31 162.72 288.80 351.04 0.3356844
table 0 0 -10 0.14 119.43 78.39 201.54 0.2805748
chair 0 0 -10 32.41 129.01 178.98 306.29 0.2582959
chair 0 0 -10 137.34 103.29 351.00 344.36 0.1662835
chair 0 0 -10 2.74 106.13 68.16 193.02 0.1413498
table 0 0 -10 154.80 92.46 371.52 262.43 0.0828597
chair 0 0 -10 7.64 109.81 93.35 234.12 0.0822858
chair 0 0 -10 2.49 116.20 55.69 267.93 0.0819440
chair 0 0 -10 0.34 108.65 39.77 179.90 0.0782275
chair 0 0 -10 0.97 82.15 46.77 213.00 0.0728529
table 0 0 -10 0.00 100.64 56.09 248.95 0.0704663
chair 0 0 -10 101.86 137.54 163.55 280.53 0.0572441
desk 0 0 -10 72.06 157.14 456.54 442.53 0.0497206
table 0 0 -10 3.42 150.16 166.81 308.79 0.0493564
desk 0 0 -10 0.47 120.84 73.85 266.95 0.0393429
desk 0 0 -10 84.70 158.17 279.86 357.54 0.0384029
table 0 0 -10 0.00 114.42 36.06 221.62 0.0334636
chair 0 0 -10 1.45 99.03 19.07 203.41 0.0261593
chair 0 0 -10 85.71 40.27 241.11 302.53 0.0247524
chair 0 0 -10 2.23 181.73 69.92 278.94 0.0244844
chair 0 0 -10 0.35 94.02 25.27 256.14 0.0210114
chair 0 0 -10 28.19 126.20 56.99 181.57 0.0176544
table 0 0 -10 0.00 120.52 20.06 275.12 0.0149385
chair 0 0 -10 96.77 122.38 205.33 289.15 0.0148186
chair 0 0 -10 26.49 108.21 86.25 190.64 0.0148148
chair 0 0 -10 4.86 90.41 10.74 256.10 0.0144858
table 0 0 -10 0.00 121.61 35.25 170.87 0.0144764
chair 0 0 -10 61.92 100.95 135.74 267.47 0.0142853
chair 0 0 -10 415.95 230.51 709.97 523.39 0.0139934
table 0 0 -10 283.38 176.60 539.66 416.46 0.0129788
table 0 0 -10 139.85 115.78 278.90 300.59 0.0127484
chair 0 0 -10 668.76 234.86 730.00 440.02 0.0115034
chair 0 0 -10 2.60 92.40 14.02 265.97 0.0108876
table 0 0 -10 159.22 150.97 642.62 511.08 0.0096175
desk 0 0 -10 0.00 118.94 67.26 200.74 0.0088289
chair 0 0 -10 203.46 141.54 353.27 308.84 0.0083506
desk 0 0 -10 0.00 109.55 39.06 256.95 0.0077820
chair 0 0 -10 394.64 102.03 514.70 336.35 0.0077754
table 0 0 -10 242.79 157.88 446.02 299.11 0.0075487
desk 0 0 -10 0.00 133.49 128.31 304.11 0.0075044
chair 0 0 -10 1.44 135.14 43.14 226.95 0.0071690
chair 0 0 -10 0.87 129.51 35.45 302.68 0.0071523
table 0 0 -10 25.22 126.22 61.38 183.47 0.0064945
table 0 0 -10 0.00 100.11 177.14 241.99 0.0061768
chair 0 0 -10 0.00 157.30 22.12 280.41 0.0060249
chair 0 0 -10 12.81 119.87 45.62 160.44 0.0053944
table 0 0 -10 1.96 128.23 56.29 180.30 0.0052466
table 0 0 -10 2.98 121.10 10.84 254.48 0.0052333
chair 0 0 -10 108.62 92.38 443.41 420.63 0.0050379
desk 0 0 -10 0.38 122.68 21.96 269.48 0.0049792
table 0 0 -10 0.00 190.29 22.42 295.24 0.0048197
table 0 0 -10 0.00 149.35 51.62 205.45 0.0045667
chair 0 0 -10 47.14 98.23 97.54 201.41 0.0044089
chair 0 0 -10 11.79 120.36 36.32 187.83 0.0042999
table 0 0 -10 171.77 151.04 343.74 309.05 0.0041586
desk 0 0 -10 0.00 120.15 34.15 197.51 0.0039831
chair 0 0 -10 67.24 127.31 165.85 239.78 0.0039198
chair 0 0 -10 52.53 20.40 119.65 214.76 0.0037564
desk 0 0 -10 133.99 99.67 410.11 323.42 0.0037024
chair 0 0 -10 0.43 140.52 24.87 184.97 0.0036732
table 0 0 -10 0.00 82.80 144.90 370.25 0.0035987
chair 0 0 -10 97.08 130.92 159.93 194.02 0.0035880
table 0 0 -10 379.03 195.89 537.86 350.56 0.0035769
chair 0 0 -10 38.80 130.42 108.23 242.33 0.0033923
table 0 0 -10 272.60 163.55 374.76 314.00 0.0032949
chair 0 0 -10 80.23 132.99 114.66 262.78 0.0031636
table 0 0 -10 84.13 148.07 210.78 307.90 0.0030477
chair 0 0 -10 0.15 122.41 20.94 168.45 0.0029169
desk 0 0 -10 35.49 135.22 609.89 530.00 0.0028205
chair 0 0 -10 170.30 135.62 293.84 314.84 0.0027163
chair 0 0 -10 672.30 289.01 728.96 393.27 0.0026860
chair 0 0 -10 642.77 82.75 730.00 487.85 0.0025000
chair 0 0 -10 68.35 118.16 103.60 257.84 0.0024736
table 0 0 -10 328.23 160.58 447.41 334.31 0.0024635
chair 0 0 -10 3.30 86.62 130.53 367.90 0.0024499
desk 0 0 -10 8.15 177.57 215.73 320.52 0.0023893
chair 0 0 -10 27.31 1.20 180.65 200.32 0.0023542
chair 0 0 -10 71.48 120.01 282.91 420.36 0.0023415
chair 0 0 -10 17.82 125.11 48.34 183.48 0.0022826
chair 0 0 -10 692.27 288.25 729.28 460.89 0.0021362
chair 0 0 -10 0.00 75.69 8.08 253.86 0.0021162
table 0 0 -10 1.52 112.51 84.19 155.97 0.0020343
chair 0 0 -10 272.01 138.02 368.16 306.42 0.0020274
chair 0 0 -10 269.32 150.31 617.43 482.50 0.0020113
desk 0 0 -10 0.49 150.32 50.01 205.46 0.0019895
table 0 0 -10 208.68 113.14 458.63 384.19 0.0019865
chair 0 0 -10 0.61 149.38 10.56 274.49 0.0019714
table 0 0 -10 96.35 109.74 245.64 268.81 0.0019523
chair 0 0 -10 11.42 82.62 172.05 239.13 0.0019043
table 0 0 -10 0.00 165.89 35.12 242.77 0.0018579
sofa 0 0 -10 86.14 141.94 269.12 347.14 0.0018430
chair 0 0 -10 399.87 175.69 533.06 390.57 0.0018025
table 0 0 -10 0.00 144.20 26.48 187.53 0.0017902
table 0 0 -10 12.20 98.66 255.33 313.69 0.0017677
desk 0 0 -10 0.08 145.10 30.03 221.48 0.0017413
