desk 0 0 -10 138.41 157.52 699.49 526.06 0.3927130
dresser 0 0 -10 173.44 168.36 715.18 524.73 0.2055111
desk 0 0 -10 400.92 167.93 725.76 527.37 0.0738895
table 0 0 -10 1.09 258.96 124.31 506.52 0.0587684
desk 0 0 -10 2.81 243.99 117.67 495.17 0.0515852
dresser 0 0 -10 2.59 232.03 116.14 489.31 0.0499505
table 0 0 -10 411.43 177.74 715.96 530.00 0.0229396
dresser 0 0 -10 363.85 156.26 622.47 521.63 0.0225891
dresser 0 0 -10 426.46 185.08 728.55 505.52 0.0161676
table 0 0 -10 157.39 167.59 683.67 522.36 0.0125315
desk 0 0 -10 219.29 113.83 393.32 234.17 0.0121913
bathtub 0 0 -10 425.01 180.46 721.54 516.34 0.0116250
desk 0 0 -10 259.17 106.88 513.84 263.51 0.0107484
bed 0 0 -10 400.76 152.35 726.25 530.00 0.0106539
desk 0 0 -10 316.04 110.88 506.79 212.64 0.0105025
table 0 0 -10 208.54 118.35 395.85 228.58 0.0089110
bathtub 0 0 -10 0.04 219.33 136.02 507.97 0.0074811
bathtub 0 0 -10 158.23 167.53 699.41 515.44 0.0074055
bed 0 0 -10 0.35 206.34 123.62 503.53 0.0057990
chair 0 0 -10 298.37 63.03 492.14 281.87 0.0054759
dresser 0 0 -10 146.49 159.83 414.18 519.56 0.0049714
dresser 0 0 -10 324.73 85.56 538.93 311.08 0.0044866
bookshelf 0 0 -10 156.11 139.01 659.56 530.00 0.0044717
table 0 0 -10 310.79 110.92 508.96 212.10 0.0043616
chair 0 0 -10 275.02 77.63 367.65 207.52 0.0039626
table 0 0 -10 246.83 52.67 358.48 110.87 0.0038376
dresser 0 0 -10 233.59 127.09 516.82 530.00 0.0037406
bathtub 0 0 -10 268.42 85.13 550.07 239.73 0.0035223
table 0 0 -10 297.84 125.90 399.11 206.13 0.0034986
night_stand 0 0 -10 5.84 226.23 125.29 496.76 0.0034819
dresser 0 0 -10 102.71 43.97 563.27 509.76 0.0031149
table 0 0 -10 259.58 91.86 537.39 250.09 0.0030652
sofa 0 0 -10 4.27 221.78 121.61 501.41 0.0030588
bed 0 0 -10 137.10 107.28 683.83 530.00 0.0030454
bookshelf 0 0 -10 372.05 177.52 717.26 527.28 0.0030350
desk 0 0 -10 152.01 59.34 538.24 342.90 0.0029240
desk 0 0 -10 349.79 127.57 545.20 503.90 0.0026042
desk 0 0 -10 287.18 122.43 418.21 218.92 0.0025597
chair 0 0 -10 297.05 87.98 345.44 192.44 0.0025287
table 0 0 -10 187.99 56.62 377.40 245.50 0.0025052
chair 0 0 -10 328.48 70.74 469.00 203.82 0.0024123
toilet 0 0 -10 0.00 221.11 124.96 515.99 0.0023843
chair 0 0 -10 257.35 65.51 407.22 254.93 0.0020922
table 0 0 -10 207.49 53.89 375.30 146.64 0.0020552
chair 0 0 -10 438.70 191.64 723.67 523.71 0.0017934
chair 0 0 -10 305.36 73.87 400.42 192.49 0.0016616
bookshelf 0 0 -10 1.63 205.45 120.36 499.79 0.0016376
chair 0 0 -10 509.44 114.27 606.32 250.67 0.0015767
sofa 0 0 -10 399.84 204.94 722.61 530.00 0.0015244
desk 0 0 -10 155.28 96.30 409.22 261.84 0.0014686
table 0 0 -10 0.13 351.55 15.89 517.28 0.0013989
bathtub 0 0 -10 328.52 106.16 530.42 205.21 0.0013430
table 0 0 -10 450.06 123.47 673.51 220.43 0.0013232
dresser 0 0 -10 167.82 85.35 395.65 402.77 0.0012287
chair 0 0 -10 3.73 225.08 122.24 486.31 0.0011845
desk 0 0 -10 139.09 109.56 441.63 519.16 0.0010624
night_stand 0 0 -10 413.69 178.52 726.85 520.91 0.0010009
dresser 0 0 -10 162.11 58.29 541.08 332.23 0.0009833
chair 0 0 -10 281.90 128.99 352.32 201.28 0.0009700
table 0 0 -10 213.16 71.15 357.41 190.44 0.0009343
desk 0 0 -10 306.05 125.45 398.15 188.55 0.0009061
table 0 0 -10 276.59 132.71 361.88 201.65 0.0008711
bathtub 0 0 -10 151.56 88.64 447.31 220.85 0.0008632
night_stand 0 0 -10 180.77 138.15 689.61 518.67 0.0008460
chair 0 0 -10 380.53 59.16 495.22 205.54 0.0008317
table 0 0 -10 258.60 74.20 371.97 133.87 0.0008200
dresser 0 0 -10 212.12 286.91 464.57 517.84 0.0007962
table 0 0 -10 0.27 342.43 33.32 519.29 0.0007563
chair 0 0 -10 251.31 171.97 663.05 517.92 0.0007515
dresser 0 0 -10 340.06 85.54 498.69 215.52 0.0007341
table 0 0 -10 140.11 66.05 567.01 291.21 0.0007226
dresser 0 0 -10 379.03 109.93 595.83 263.69 0.0006998
chair 0 0 -10 338.80 94.05 388.43 184.12 0.0006908
chair 0 0 -10 253.57 53.79 356.29 112.31 0.0006865
dresser 0 0 -10 2.99 199.98 199.53 439.33 0.0006742
desk 0 0 -10 237.41 69.05 568.77 215.44 0.0006709
chair 0 0 -10 294.02 112.78 391.65 180.66 0.0006663
table 0 0 -10 250.92 107.46 409.72 190.51 0.0006528
dresser 0 0 -10 417.97 115.93 726.49 382.48 0.0006289
toilet 0 0 -10 430.13 180.53 718.42 530.00 0.0006223
chair 0 0 -10 278.66 88.42 437.50 168.75 0.0005934
chair 0 0 -10 330.50 49.47 539.74 226.03 0.0005860
table 0 0 -10 320.99 68.58 494.67 125.57 0.0005725
bathtub 0 0 -10 349.57 122.90 541.75 274.47 0.0005664
table 0 0 -10 338.34 124.72 518.23 278.76 0.0005517
chair 0 0 -10 326.52 95.39 404.85 238.90 0.0005363
table 0 0 -10 459.98 111.91 596.99 202.95 0.0005247
chair 0 0 -10 201.00 51.76 354.53 239.75 0.0005188
table 0 0 -10 489.21 124.41 584.40 182.51 0.0005115
dresser 0 0 -10 215.61 64.51 394.62 244.81 0.0005068
bed 0 0 -10 141.74 134.18 429.77 530.00 0.0004983
chair 0 0 -10 319.85 78.10 391.53 152.79 0.0004942
desk 0 0 -10 255.07 106.29 406.94 190.25 0.0004911
bathtub 0 0 -10 142.83 177.04 410.61 509.85 0.0004829
chair 0 0 -10 309.73 76.72 356.75 177.63 0.0004787
bathtub 0 0 -10 357.88 69.69 499.56 226.43 0.0004708
table 0 0 -10 317.62 76.76 509.81 168.41 0.0004635
bathtub 0 0 -10 0.18 156.91 166.84 401.47 0.0004398
chair 0 0 -10 304.29 91.46 343.05 137.58 0.0004186
dresser 0 0 -10 4.09 11.80 230.77 427.67 0.0004102
