bathtub 0 0 -10 0.00 121.34 661.20 398.06 0.1958595
table 0 0 -10 0.00 124.24 659.86 490.95 0.1398659
desk 0 0 -10 0.00 129.64 672.91 492.99 0.1097433
bathtub 0 0 -10 3.77 168.31 239.63 265.07 0.0658891
bathtub 0 0 -10 292.03 158.09 455.51 207.82 0.0401522
bathtub 0 0 -10 279.06 118.80 669.94 463.16 0.0209099
bathtub 0 0 -10 284.98 130.43 535.83 215.04 0.0192281
chair 0 0 -10 1.71 5.73 83.54 87.17 0.0159584
chair 0 0 -10 1.99 0.00 121.03 51.45 0.0090621
sofa 0 0 -10 26.14 180.34 720.26 529.93 0.0075304
bathtub 0 0 -10 43.72 197.20 706.62 524.00 0.0063095
bed 0 0 -10 16.39 167.77 722.95 530.00 0.0055803
bathtub 0 0 -10 459.44 127.37 598.11 179.74 0.0054493
bathtub 0 0 -10 291.61 111.90 638.53 233.15 0.0052226
toilet 0 0 -10 10.49 123.23 634.81 467.28 0.0050404
chair 0 0 -10 3.31 2.06 63.70 42.48 0.0040379
table 0 0 -10 298.07 129.88 532.93 215.95 0.0034234
bathtub 0 0 -10 0.00 150.39 390.91 510.22 0.0033861
chair 0 0 -10 79.94 216.84 690.42 527.97 0.0032268
bathtub 0 0 -10 389.87 124.79 622.52 214.30 0.0030366
chair 0 0 -10 168.28 1.52 258.77 68.52 0.0028021
dresser 0 0 -10 20.62 179.99 721.39 530.00 0.0023623
table 0 0 -10 181.52 61.26 659.25 312.67 0.0023339
chair 0 0 -10 1.09 0.00 316.49 77.87 0.0021889
bookshelf 0 0 -10 58.24 135.17 673.76 512.65 0.0021753
chair 0 0 -10 35.73 0.15 54.06 38.66 0.0018920
chair 0 0 -10 270.11 0.00 386.36 81.84 0.0017501
toilet 0 0 -10 297.46 116.63 694.15 513.71 0.0016808
chair 0 0 -10 85.05 0.00 186.96 56.82 0.0016518
bathtub 0 0 -10 0.00 151.37 320.33 339.80 0.0016322
table 0 0 -10 382.17 122.75 630.03 219.69 0.0016178
chair 0 0 -10 388.88 0.87 455.24 64.07 0.0015855
table 0 0 -10 253.74 118.14 671.07 427.86 0.0015086
desk 0 0 -10 220.64 106.36 683.39 387.14 0.0014768
table 0 0 -10 0.00 168.81 244.24 269.47 0.0014594
chair 0 0 -10 344.17 2.30 405.20 67.80 0.0014393
table 0 0 -10 444.65 119.57 602.53 182.60 0.0014085
chair 0 0 -10 102.80 0.00 235.38 88.96 0.0013844
chair 0 0 -10 292.53 127.47 479.47 219.43 0.0013571
toilet 0 0 -10 288.69 129.80 497.93 216.58 0.0011773
chair 0 0 -10 468.98 110.52 590.38 195.94 0.0011728
toilet 0 0 -10 434.98 122.41 604.09 202.65 0.0010936
bathtub 0 0 -10 309.19 140.45 413.73 203.52 0.0010148
chair 0 0 -10 29.94 0.00 76.01 42.28 0.0010065
chair 0 0 -10 50.75 0.00 165.58 91.05 0.0009440
chair 0 0 -10 127.66 0.00 205.47 71.84 0.0009340
chair 0 0 -10 333.27 0.00 447.48 86.31 0.0009336
chair 0 0 -10 187.14 0.00 289.28 82.33 0.0008989
chair 0 0 -10 0.44 2.67 42.56 89.49 0.0008165
table 0 0 -10 287.96 154.59 458.39 212.12 0.0008163
chair 0 0 -10 434.67 1.34 547.67 64.89 0.0008124
bathtub 0 0 -10 67.55 124.65 522.92 262.73 0.0007979
chair 0 0 -10 0.00 4.77 110.59 226.47 0.0007902
chair 0 0 -10 0.37 3.95 60.41 142.45 0.0007870
night_stand 0 0 -10 45.51 185.38 712.16 527.02 0.0007426
table 0 0 -10 681.56 305.12 727.21 402.43 0.0007331
chair 0 0 -10 157.71 86.69 638.85 474.51 0.0007321
chair 0 0 -10 0.98 3.08 38.56 24.64 0.0006959
bathtub 0 0 -10 1.69 150.41 79.83 524.75 0.0006525
chair 0 0 -10 339.94 17.33 389.58 79.05 0.0005266
bathtub 0 0 -10 582.54 128.24 730.00 377.18 0.0005232
table 0 0 -10 0.00 0.95 289.48 84.84 0.0005081
table 0 0 -10 320.80 95.20 649.62 248.96 0.0004980
chair 0 0 -10 198.94 2.94 249.62 55.80 0.0004853
desk 0 0 -10 300.03 132.54 539.85 217.12 0.0004813
bed 0 0 -10 20.58 346.63 584.22 530.00 0.0004671
bathtub 0 0 -10 253.14 102.02 469.34 240.69 0.0004635
bathtub 0 0 -10 0.00 115.96 158.64 512.54 0.0004311
table 0 0 -10 88.01 4.49 250.36 72.54 0.0004176
table 0 0 -10 729.20 312.01 729.93 405.87 0.0003993
toilet 0 0 -10 10.23 167.49 227.22 262.07 0.0003986
chair 0 0 -10 420.45 23.50 647.10 225.61 0.0003979
bathtub 0 0 -10 207.35 42.01 660.35 310.64 0.0003939
desk 0 0 -10 327.33 102.08 662.30 274.01 0.0003933
toilet 0 0 -10 647.08 289.17 730.00 409.17 0.0003840
chair 0 0 -10 381.24 0.07 507.12 78.59 0.0003832
chair 0 0 -10 41.95 0.00 100.75 44.36 0.0003610
table 0 0 -10 0.00 243.64 445.86 530.00 0.0003553
chair 0 0 -10 2.05 1.98 188.40 112.39 0.0003546
bathtub 0 0 -10 636.11 174.37 730.00 397.85 0.0003517
chair 0 0 -10 13.78 164.89 241.06 269.27 0.0003481
chair 0 0 -10 457.10 64.74 603.83 183.21 0.0003397
toilet 0 0 -10 297.52 157.49 444.89 206.75 0.0003380
chair 0 0 -10 326.78 193.75 640.28 506.72 0.0003026
chair 0 0 -10 344.64 3.39 441.35 46.69 0.0003004
chair 0 0 -10 68.56 0.00 422.67 46.25 0.0002886
chair 0 0 -10 311.50 19.69 383.15 88.12 0.0002863
bathtub 0 0 -10 673.91 316.11 730.00 517.67 0.0002863
table 0 0 -10 10.80 1.73 579.03 86.55 0.0002834
night_stand 0 0 -10 185.80 2.43 264.69 72.72 0.0002788
bathtub 0 0 -10 188.75 88.46 506.54 460.18 0.0002772
chair 0 0 -10 688.13 299.43 730.00 408.37 0.0002761
bathtub 0 0 -10 4.86 301.99 303.06 530.00 0.0002759
bathtub 0 0 -10 682.79 303.86 730.00 398.93 0.0002737
desk 0 0 -10 0.00 0.36 300.90 85.44 0.0002728
chair 0 0 -10 1.02 313.04 188.33 530.00 0.0002674
chair 0 0 -10 252.89 0.00 299.81 88.98 0.0002625
toilet 0 0 -10 581.34 127.61 730.00 385.74 0.0002606
toilet 0 0 -10 632.41 162.73 730.00 456.93 0.0002572
table 0 0 -10 728.67 296.34 729.90 393.20 0.0002514
