table 0 0 -10 174.24 198.19 730.00 523.48 0.9367750
sofa 0 0 -10 17.86 184.92 262.81 413.09 0.5045011
table 0 0 -10 195.77 198.10 606.63 415.99 0.2763717
desk 0 0 -10 197.72 188.08 720.53 508.51 0.1378378
chair 0 0 -10 25.00 186.66 260.21 415.87 0.0612316
sofa 0 0 -10 135.00 176.39 677.65 520.59 0.0403710
table 0 0 -10 0.80 238.23 33.91 493.97 0.0166044
chair 0 0 -10 266.49 208.58 666.16 513.88 0.0160138
table 0 0 -10 204.85 218.83 370.50 381.12 0.0127804
table 0 0 -10 0.20 334.20 25.20 417.46 0.0122258
table 0 0 -10 0.00 257.77 70.26 465.85 0.0121319
chair 0 0 -10 652.32 240.21 729.59 406.69 0.0118836
table 0 0 -10 474.00 217.51 730.00 510.64 0.0111909
table 0 0 -10 1.98 263.37 20.27 491.08 0.0099295
chair 0 0 -10 627.40 133.05 730.00 436.28 0.0098594
table 0 0 -10 56.63 188.05 339.71 413.04 0.0084950
table 0 0 -10 9.54 181.22 230.24 399.81 0.0081615
bed 0 0 -10 186.65 174.25 722.96 503.41 0.0054687
chair 0 0 -10 694.96 187.06 728.54 470.55 0.0054431
table 0 0 -10 642.06 253.62 727.71 408.64 0.0046290
desk 0 0 -10 193.05 205.77 547.66 428.38 0.0044690
table 0 0 -10 2.43 268.14 11.46 488.64 0.0043644
chair 0 0 -10 107.98 187.70 533.92 522.53 0.0040705
chair 0 0 -10 575.13 239.85 725.27 399.02 0.0038266
table 0 0 -10 604.51 238.05 729.19 456.04 0.0034137
table 0 0 -10 0.54 344.46 42.05 403.87 0.0033693
chair 0 0 -10 698.55 379.62 730.00 530.00 0.0032706
chair 0 0 -10 597.37 291.85 730.00 529.06 0.0031326
chair 0 0 -10 545.55 176.18 730.00 479.63 0.0030683
table 0 0 -10 0.56 319.55 55.67 414.00 0.0025379
table 0 0 -10 14.24 177.48 181.15 317.76 0.0023928
sofa 0 0 -10 0.00 263.93 176.36 471.35 0.0021941
table 0 0 -10 699.63 247.67 729.11 521.69 0.0021893
chair 0 0 -10 423.89 153.72 705.74 499.86 0.0021691
table 0 0 -10 672.88 228.60 725.83 445.01 0.0016066
table 0 0 -10 374.30 316.45 707.41 530.00 0.0015885
table 0 0 -10 0.00 359.81 13.77 403.82 0.0015283
table 0 0 -10 708.90 380.55 728.90 529.40 0.0015159
bathtub 0 0 -10 157.56 188.26 709.27 481.71 0.0015021
table 0 0 -10 1.10 325.79 44.47 477.51 0.0014028
chair 0 0 -10 0.00 211.11 61.21 498.32 0.0013541
table 0 0 -10 0.00 287.14 160.01 474.25 0.0013169
table 0 0 -10 251.03 241.88 336.30 326.24 0.0013025
chair 0 0 -10 679.59 280.03 729.30 395.63 0.0012636
table 0 0 -10 2.60 189.11 100.36 318.41 0.0012498
table 0 0 -10 379.88 163.73 726.89 430.86 0.0010880
desk 0 0 -10 46.70 182.66 342.33 423.85 0.0010858
chair 0 0 -10 476.47 204.95 709.31 414.22 0.0010817
bookshelf 0 0 -10 204.75 174.70 719.78 498.51 0.0010351
dresser 0 0 -10 194.84 186.39 727.28 504.22 0.0009940
toilet 0 0 -10 177.00 177.72 691.15 500.01 0.0009594
chair 0 0 -10 713.39 413.09 730.00 530.00 0.0008754
chair 0 0 -10 679.39 136.00 728.85 389.00 0.0008568
chair 0 0 -10 663.57 389.25 730.00 530.00 0.0008310
table 0 0 -10 5.45 233.59 25.26 442.95 0.0007628
chair 0 0 -10 696.71 450.05 728.54 510.21 0.0007624
table 0 0 -10 2.87 320.33 93.73 434.70 0.0007571
table 0 0 -10 258.82 201.60 324.40 310.21 0.0007546
night_stand 0 0 -10 198.71 184.42 718.81 501.32 0.0007378
table 0 0 -10 528.51 224.09 728.12 407.34 0.0007368
sofa 0 0 -10 0.00 241.91 84.99 501.91 0.0007142
table 0 0 -10 713.10 265.07 728.31 504.40 0.0007099
chair 0 0 -10 383.82 340.80 703.30 526.84 0.0006972
table 0 0 -10 3.51 203.91 9.28 472.54 0.0006703
table 0 0 -10 101.00 300.46 596.71 491.37 0.0006192
table 0 0 -10 166.58 245.74 392.21 459.68 0.0006191
desk 0 0 -10 421.24 219.06 725.00 439.69 0.0005931
chair 0 0 -10 714.13 241.79 728.99 464.75 0.0005276
chair 0 0 -10 0.86 340.62 45.70 404.45 0.0005198
chair 0 0 -10 0.00 173.08 101.92 466.13 0.0005053
table 0 0 -10 216.76 158.07 655.84 328.90 0.0004777
bed 0 0 -10 9.74 192.88 265.39 427.33 0.0004569
chair 0 0 -10 227.29 199.67 516.65 407.95 0.0004564
chair 0 0 -10 0.33 327.46 28.24 416.00 0.0004507
chair 0 0 -10 247.36 306.27 371.68 452.46 0.0004503
table 0 0 -10 1.17 273.50 7.68 453.37 0.0004468
chair 0 0 -10 710.14 300.39 730.00 515.85 0.0004417
chair 0 0 -10 674.60 449.36 729.50 528.68 0.0004399
table 0 0 -10 720.90 398.67 729.39 529.85 0.0004311
chair 0 0 -10 545.32 396.75 730.00 529.51 0.0004246
table 0 0 -10 195.49 194.52 475.01 356.27 0.0003907
chair 0 0 -10 0.00 267.76 176.93 478.42 0.0003903
chair 0 0 -10 709.21 439.87 729.15 503.18 0.0003696
table 0 0 -10 199.50 189.07 324.05 339.48 0.0003675
table 0 0 -10 725.28 416.10 729.90 529.03 0.0003601
bookshelf 0 0 -10 20.18 179.11 261.04 423.18 0.0003498
chair 0 0 -10 1.47 324.62 102.56 482.30 0.0003483
table 0 0 -10 1.97 211.09 105.50 403.75 0.0003392
table 0 0 -10 709.53 440.66 728.89 497.98 0.0003361
sofa 0 0 -10 193.55 196.97 613.07 415.56 0.0002969
chair 0 0 -10 220.75 156.42 365.39 358.33 0.0002899
chair 0 0 -10 212.75 97.75 689.93 447.61 0.0002787
dresser 0 0 -10 18.58 192.93 261.45 421.76 0.0002758
table 0 0 -10 0.34 246.10 44.93 377.27 0.0002672
table 0 0 -10 682.77 286.72 728.90 416.95 0.0002611
night_stand 0 0 -10 19.93 195.07 261.60 436.81 0.0002569
chair 0 0 -10 720.43 249.22 727.86 434.93 0.0002501
sofa 0 0 -10 709.88 379.49 729.16 530.00 0.0002361
chair 0 0 -10 0.75 294.86 48.37 467.92 0.0002352
chair 0 0 -10 263.94 196.30 323.88 305.20 0.0002274
