bed 0 0 -10 293.72 149.74 730.00 530.00 0.9969613
night_stand 0 0 -10 231.58 265.07 326.57 366.20 0.9862261
dresser 0 0 -10 0.00 129.53 123.96 523.09 0.9453545
dresser 0 0 -10 91.75 205.64 243.45 429.42 0.3476624
dresser 0 0 -10 8.35 170.14 224.11 518.37 0.2286288
dresser 0 0 -10 176.17 189.36 295.43 276.31 0.1331850
night_stand 0 0 -10 236.28 268.29 322.79 322.35 0.0878332
dresser 0 0 -10 8.85 15.79 215.63 389.59 0.0821574
dresser 0 0 -10 129.81 163.83 315.21 368.87 0.0577366
desk 0 0 -10 0.00 120.05 134.45 529.42 0.0512679
night_stand 0 0 -10 250.92 309.35 335.90 363.92 0.0404620
dresser 0 0 -10 230.20 271.32 321.92 362.11 0.0312636
desk 0 0 -10 10.50 173.23 244.24 522.46 0.0266565
desk 0 0 -10 113.21 204.49 237.63 422.90 0.0202026
night_stand 0 0 -10 218.83 205.48 295.34 279.15 0.0200609
dresser 0 0 -10 184.93 211.62 269.69 286.54 0.0181136
night_stand 0 0 -10 245.48 284.55 328.21 488.91 0.0142168
dresser 0 0 -10 56.44 16.92 181.46 287.92 0.0116573
dresser 0 0 -10 220.87 203.52 332.80 363.63 0.0111807
dresser 0 0 -10 30.28 117.73 308.54 355.18 0.0103444
night_stand 0 0 -10 119.73 209.83 299.19 397.09 0.0081318
table 0 0 -10 5.54 251.10 226.48 525.32 0.0078907
bed 0 0 -10 0.00 112.27 393.94 516.72 0.0078052
bed 0 0 -10 0.00 174.49 172.70 528.88 0.0063254
night_stand 0 0 -10 274.08 309.72 370.53 515.41 0.0057814
dresser 0 0 -10 268.79 158.13 717.16 527.27 0.0047348
night_stand 0 0 -10 185.85 208.04 270.62 287.34 0.0041943
chair 0 0 -10 0.00 95.35 132.68 517.11 0.0040104
sofa 0 0 -10 302.69 154.55 730.00 503.49 0.0035549
night_stand 0 0 -10 20.33 191.06 350.98 502.70 0.0034399
dresser 0 0 -10 127.73 200.47 276.54 314.13 0.0033945
dresser 0 0 -10 2.90 131.73 106.99 335.02 0.0031758
bookshelf 0 0 -10 2.63 65.49 129.01 529.15 0.0031704
table 0 0 -10 4.04 142.90 132.31 530.00 0.0031444
night_stand 0 0 -10 281.11 210.58 709.17 527.67 0.0030434
dresser 0 0 -10 148.02 201.15 252.36 383.61 0.0030185
night_stand 0 0 -10 228.40 266.45 374.12 463.00 0.0029032
chair 0 0 -10 260.76 150.04 659.54 530.00 0.0027735
table 0 0 -10 116.82 217.73 233.44 426.37 0.0027573
night_stand 0 0 -10 231.29 177.44 351.79 365.30 0.0027375
night_stand 0 0 -10 9.49 110.33 210.08 485.09 0.0027212
dresser 0 0 -10 171.12 243.19 235.24 352.11 0.0025830
night_stand 0 0 -10 282.20 313.33 458.75 522.60 0.0025384
dresser 0 0 -10 95.26 21.87 258.11 329.89 0.0023684
night_stand 0 0 -10 9.77 230.83 166.28 514.58 0.0023101
desk 0 0 -10 255.18 160.41 730.00 530.00 0.0021933
night_stand 0 0 -10 227.47 219.84 315.88 338.18 0.0021417
table 0 0 -10 226.99 263.93 330.14 366.44 0.0020789
table 0 0 -10 278.50 177.28 730.00 530.00 0.0019458
night_stand 0 0 -10 235.69 260.82 324.76 298.19 0.0018192
dresser 0 0 -10 61.97 38.65 165.33 200.92 0.0017901
night_stand 0 0 -10 161.00 189.04 294.85 281.20 0.0017793
bed 0 0 -10 448.07 245.41 727.03 528.25 0.0017330
table 0 0 -10 713.04 278.13 730.00 398.74 0.0016826
dresser 0 0 -10 330.92 152.55 367.81 292.91 0.0016535
dresser 0 0 -10 153.41 229.40 212.62 384.99 0.0016287
bed 0 0 -10 692.65 285.06 729.38 525.79 0.0015960
night_stand 0 0 -10 116.06 167.84 316.26 325.92 0.0015060
dresser 0 0 -10 0.73 131.28 51.70 488.90 0.0014854
night_stand 0 0 -10 253.33 235.50 341.70 327.20 0.0014548
night_stand 0 0 -10 170.27 229.53 352.21 387.15 0.0014158
dresser 0 0 -10 224.08 169.35 344.65 301.71 0.0013729
dresser 0 0 -10 218.43 213.88 304.38 276.11 0.0013123
bed 0 0 -10 709.48 282.88 729.44 462.89 0.0012696
dresser 0 0 -10 100.18 201.43 176.28 431.68 0.0012374
chair 0 0 -10 691.25 263.90 730.00 458.86 0.0011815
night_stand 0 0 -10 336.15 150.76 369.07 298.14 0.0011365
bed 0 0 -10 230.39 268.64 323.29 368.91 0.0011192
table 0 0 -10 310.74 379.32 713.63 529.68 0.0011018
dresser 0 0 -10 126.48 166.45 455.66 514.27 0.0010993
table 0 0 -10 5.55 349.49 132.45 530.00 0.0010959
night_stand 0 0 -10 666.46 379.53 730.00 524.12 0.0010902
chair 0 0 -10 2.63 281.37 219.60 520.40 0.0010811
desk 0 0 -10 118.94 195.30 294.80 293.01 0.0010323
table 0 0 -10 693.84 305.84 727.64 523.80 0.0010279
table 0 0 -10 710.03 299.13 728.13 511.01 0.0010202
table 0 0 -10 114.75 185.35 291.43 286.37 0.0009877
table 0 0 -10 710.83 286.15 729.61 323.91 0.0009376
dresser 0 0 -10 60.57 191.42 123.70 452.61 0.0008856
bed 0 0 -10 220.28 150.37 448.95 380.86 0.0008702
night_stand 0 0 -10 133.19 190.88 460.79 512.45 0.0008408
bed 0 0 -10 80.00 173.51 270.23 460.15 0.0008245
dresser 0 0 -10 126.52 258.46 201.20 373.78 0.0007552
night_stand 0 0 -10 292.18 249.52 342.99 297.38 0.0007549
night_stand 0 0 -10 621.48 402.51 726.49 526.72 0.0007425
dresser 0 0 -10 44.41 208.58 340.14 467.54 0.0007240
table 0 0 -10 674.35 419.02 726.46 530.00 0.0007154
bed 0 0 -10 184.24 177.43 301.19 283.42 0.0007120
dresser 0 0 -10 247.08 284.42 326.31 495.54 0.0007011
dresser 0 0 -10 157.57 212.08 234.35 288.60 0.0006987
table 0 0 -10 672.21 280.16 727.84 324.30 0.0006926
chair 0 0 -10 712.28 272.10 730.00 400.62 0.0006847
chair 0 0 -10 679.92 278.33 730.00 325.96 0.0006244
night_stand 0 0 -10 315.09 391.32 729.19 525.49 0.0006222
dresser 0 0 -10 106.57 160.17 294.94 249.54 0.0006220
desk 0 0 -10 119.17 168.86 320.76 382.37 0.0006197
bed 0 0 -10 220.58 203.47 339.46 378.84 0.0006134
bed 0 0 -10 114.88 163.32 350.32 396.42 0.0006089
night_stand 0 0 -10 139.19 218.09 234.32 402.26 0.0005890
bed 0 0 -10 130.46 232.28 635.77 530.00 0.0005872
