chair 0 0 -10 271.37 92.40 392.50 243.58 0.9468520
table 0 0 -10 166.64 210.59 434.82 446.33 0.7666777
desk 0 0 -10 170.07 201.04 428.84 462.35 0.2183182
chair 0 0 -10 229.63 117.34 378.24 293.66 0.2182293
table 0 0 -10 275.67 136.53 379.50 257.09 0.0867092
chair 0 0 -10 188.37 128.42 405.28 408.45 0.0417059
table 0 0 -10 220.68 128.35 415.07 298.65 0.0162262
chair 0 0 -10 322.11 101.96 393.25 231.79 0.0150167
chair 0 0 -10 271.99 91.85 369.77 182.24 0.0116744
table 0 0 -10 76.03 148.77 417.37 528.54 0.0112341
table 0 0 -10 261.81 74.65 391.63 238.03 0.0082349
chair 0 0 -10 361.65 113.34 394.69 229.73 0.0082053
chair 0 0 -10 258.75 86.09 492.85 253.37 0.0072648
table 0 0 -10 192.09 87.49 433.02 374.16 0.0071944
night_stand 0 0 -10 170.24 203.87 435.54 457.61 0.0066519
chair 0 0 -10 278.75 9.48 392.18 190.28 0.0052229
chair 0 0 -10 219.12 62.00 426.33 339.73 0.0044980
chair 0 0 -10 234.79 120.18 288.39 258.02 0.0044738
chair 0 0 -10 213.38 110.12 317.75 342.86 0.0041693
chair 0 0 -10 259.56 68.76 329.10 219.60 0.0040387
chair 0 0 -10 228.56 31.82 383.75 244.01 0.0039166
desk 0 0 -10 244.12 129.34 393.65 263.94 0.0036916
desk 0 0 -10 96.43 91.25 425.89 526.46 0.0034801
table 0 0 -10 466.77 3.74 717.44 365.57 0.0030780
dresser 0 0 -10 164.68 181.05 440.12 460.04 0.0030448
toilet 0 0 -10 174.88 187.54 427.45 456.86 0.0028782
sofa 0 0 -10 167.24 141.52 422.89 485.25 0.0027201
chair 0 0 -10 303.23 96.17 360.41 225.88 0.0024915
bed 0 0 -10 163.05 129.18 424.16 480.15 0.0022877
chair 0 0 -10 233.05 96.74 326.53 256.74 0.0021368
bathtub 0 0 -10 174.11 193.34 433.84 451.53 0.0016521
table 0 0 -10 365.75 140.74 396.74 236.93 0.0016089
chair 0 0 -10 211.45 217.57 441.04 447.11 0.0015916
sofa 0 0 -10 236.46 114.71 389.70 263.72 0.0015873
table 0 0 -10 374.63 150.99 392.32 233.38 0.0015872
chair 0 0 -10 100.06 82.58 402.56 522.76 0.0015221
chair 0 0 -10 372.96 141.75 392.68 229.77 0.0015092
table 0 0 -10 283.78 161.90 395.19 232.81 0.0014522
chair 0 0 -10 222.43 178.43 374.00 352.77 0.0013558
table 0 0 -10 219.06 83.67 687.60 527.48 0.0013276
desk 0 0 -10 275.27 92.67 389.73 233.36 0.0012804
chair 0 0 -10 281.88 121.30 392.22 189.07 0.0012196
chair 0 0 -10 128.88 109.05 327.72 381.29 0.0012020
desk 0 0 -10 195.81 77.97 437.78 382.97 0.0011647
bookshelf 0 0 -10 169.23 159.97 436.00 462.01 0.0010962
table 0 0 -10 278.15 8.36 389.61 164.37 0.0010642
chair 0 0 -10 287.37 1.01 380.82 115.50 0.0010588
bed 0 0 -10 447.33 0.00 730.00 528.38 0.0009200
table 0 0 -10 0.00 41.87 309.84 527.13 0.0008999
chair 0 0 -10 235.31 47.48 342.26 173.73 0.0008990
table 0 0 -10 229.65 204.35 388.38 395.07 0.0008880
chair 0 0 -10 168.98 119.70 282.33 350.16 0.0008409
table 0 0 -10 326.89 5.87 671.01 279.08 0.0007964
table 0 0 -10 318.04 114.09 397.37 236.86 0.0007402
chair 0 0 -10 265.46 87.01 326.01 167.37 0.0007307
chair 0 0 -10 288.90 134.65 390.04 224.33 0.0007116
desk 0 0 -10 452.14 0.00 730.00 514.68 0.0007011
bookshelf 0 0 -10 268.25 93.49 389.37 247.34 0.0006689
bookshelf 0 0 -10 284.00 3.75 388.05 171.98 0.0006380
table 0 0 -10 116.35 23.65 519.58 420.18 0.0006087
chair 0 0 -10 270.93 84.82 307.68 233.48 0.0005900
chair 0 0 -10 320.32 13.07 364.81 131.38 0.0005140
table 0 0 -10 119.65 315.71 413.16 526.75 0.0004922
chair 0 0 -10 173.65 59.89 358.77 286.74 0.0004846
desk 0 0 -10 209.89 66.63 712.15 530.00 0.0004700
desk 0 0 -10 0.00 32.81 316.57 527.47 0.0004650
toilet 0 0 -10 271.98 84.53 396.18 257.12 0.0004305
desk 0 0 -10 207.75 222.16 407.43 390.22 0.0004301
chair 0 0 -10 347.33 19.76 407.97 220.66 0.0004283
table 0 0 -10 311.91 210.18 429.64 438.98 0.0004183
chair 0 0 -10 245.41 10.23 503.64 198.10 0.0003960
desk 0 0 -10 108.12 1.65 532.42 429.34 0.0003790
desk 0 0 -10 277.09 6.88 393.05 164.48 0.0003722
chair 0 0 -10 276.42 92.86 360.41 139.26 0.0003712
chair 0 0 -10 125.08 13.35 505.05 428.74 0.0003530
table 0 0 -10 244.39 205.24 362.34 267.87 0.0003526
night_stand 0 0 -10 256.97 117.30 379.87 268.95 0.0003421
chair 0 0 -10 200.34 102.97 279.19 259.69 0.0003387
chair 0 0 -10 315.87 1.67 390.27 77.10 0.0003323
chair 0 0 -10 277.88 154.04 366.27 239.57 0.0003294
table 0 0 -10 259.53 172.42 368.26 241.64 0.0003281
dresser 0 0 -10 454.97 4.61 730.00 520.94 0.0003202
dresser 0 0 -10 248.88 104.05 399.34 264.01 0.0003085
chair 0 0 -10 316.77 64.52 421.44 207.14 0.0003064
table 0 0 -10 282.63 132.82 393.06 189.54 0.0003030
chair 0 0 -10 359.03 2.96 435.28 76.60 0.0002949
table 0 0 -10 30.35 278.96 295.53 525.31 0.0002931
chair 0 0 -10 176.47 5.26 370.79 180.50 0.0002868
bed 0 0 -10 266.39 96.80 391.77 248.98 0.0002845
table 0 0 -10 218.67 0.65 375.59 123.99 0.0002787
chair 0 0 -10 106.13 127.46 284.25 266.24 0.0002774
chair 0 0 -10 325.60 0.00 440.07 119.75 0.0002766
chair 0 0 -10 323.20 47.94 356.73 143.15 0.0002759
sofa 0 0 -10 279.88 7.91 390.95 163.20 0.0002588
dresser 0 0 -10 279.69 6.47 381.18 122.04 0.0002481
bathtub 0 0 -10 266.62 101.97 391.71 247.03 0.0002353
chair 0 0 -10 362.24 0.00 512.27 88.12 0.0002277
table 0 0 -10 226.63 34.99 482.24 244.40 0.0002158
chair 0 0 -10 289.45 0.88 366.22 67.62 0.0002143
table 0 0 -10 285.00 38.66 364.82 119.13 0.0002132
