toilet 0 0 -10 169.26 217.10 348.65 399.04 0.9457063
chair 0 0 -10 168.12 216.10 350.63 389.35 0.0712077
toilet 0 0 -10 148.28 212.82 387.22 497.83 0.0152558
bathtub 0 0 -10 174.26 231.54 341.99 379.69 0.0121398
table 0 0 -10 178.49 219.06 347.59 390.12 0.0059924
sofa 0 0 -10 176.30 232.22 347.05 396.30 0.0031156
night_stand 0 0 -10 175.02 224.64 352.04 392.96 0.0026230
bed 0 0 -10 177.92 224.59 352.45 395.42 0.0023271
bookshelf 0 0 -10 182.98 224.36 339.36 387.56 0.0021612
toilet 0 0 -10 166.91 234.73 278.37 373.71 0.0021083
desk 0 0 -10 175.91 219.03 348.86 392.27 0.0020929
dresser 0 0 -10 177.35 223.41 348.79 388.45 0.0016641
bathtub 0 0 -10 46.97 229.30 349.54 409.86 0.0016336
bathtub 0 0 -10 152.66 218.65 405.82 487.45 0.0013983
bathtub 0 0 -10 214.11 185.18 724.62 517.52 0.0012397
bathtub 0 0 -10 168.41 259.43 225.86 370.42 0.0010021
bathtub 0 0 -10 344.04 326.41 667.43 522.66 0.0009911
table 0 0 -10 377.08 96.59 728.47 250.32 0.0004633
bathtub 0 0 -10 387.87 102.85 730.00 268.57 0.0004348
bed 0 0 -10 346.99 326.79 718.58 528.67 0.0003937
toilet 0 0 -10 78.72 175.54 581.42 530.00 0.0003463
table 0 0 -10 142.78 96.72 718.87 530.00 0.0003122
toilet 0 0 -10 202.96 232.06 260.06 360.91 0.0002939
toilet 0 0 -10 26.69 234.37 338.42 490.14 0.0002827
bathtub 0 0 -10 162.07 228.86 265.36 369.84 0.0002651
table 0 0 -10 352.66 9.15 696.90 283.10 0.0002529
bathtub 0 0 -10 197.54 291.20 600.48 498.57 0.0001836
bed 0 0 -10 38.41 359.26 723.13 530.00 0.0001757
desk 0 0 -10 132.14 93.19 730.00 528.19 0.0001589
bathtub 0 0 -10 27.16 357.27 715.13 529.21 0.0001487
bed 0 0 -10 155.80 101.65 730.00 530.00 0.0001446
bathtub 0 0 -10 112.79 283.82 328.49 520.55 0.0001370
bathtub 0 0 -10 7.23 319.61 278.46 529.96 0.0001316
chair 0 0 -10 491.59 157.83 728.47 517.96 0.0001316
chair 0 0 -10 353.84 337.26 712.42 530.00 0.0001287
table 0 0 -10 223.59 309.45 666.27 527.92 0.0001251
bathtub 0 0 -10 52.72 239.68 218.01 360.62 0.0001211
chair 0 0 -10 395.53 0.00 688.01 274.08 0.0001190
bathtub 0 0 -10 48.12 294.48 206.32 366.50 0.0001182
bathtub 0 0 -10 4.99 97.91 337.34 492.60 0.0001164
desk 0 0 -10 368.46 103.99 730.00 271.17 0.0001111
chair 0 0 -10 622.14 160.80 730.00 521.70 0.0001074
toilet 0 0 -10 340.22 327.53 665.59 530.00 0.0001033
toilet 0 0 -10 167.85 260.67 223.50 371.13 0.0001011
bathtub 0 0 -10 3.02 244.42 218.16 452.60 0.0000966
bathtub 0 0 -10 69.98 161.67 531.85 452.35 0.0000965
table 0 0 -10 43.09 171.65 359.26 494.23 0.0000932
chair 0 0 -10 121.70 199.55 382.06 455.00 0.0000861
chair 0 0 -10 109.63 179.35 544.01 530.00 0.0000844
bathtub 0 0 -10 167.92 12.31 730.00 379.36 0.0000843
bed 0 0 -10 331.35 490.29 641.87 530.00 0.0000835
chair 0 0 -10 483.39 82.23 722.64 307.24 0.0000801
chair 0 0 -10 0.00 166.96 92.63 505.87 0.0000777
chair 0 0 -10 565.74 292.95 730.00 523.54 0.0000769
table 0 0 -10 650.19 236.03 729.29 523.44 0.0000744
chair 0 0 -10 11.79 366.85 711.65 530.00 0.0000717
chair 0 0 -10 164.09 207.09 267.71 365.91 0.0000694
bathtub 0 0 -10 449.46 366.78 711.36 527.06 0.0000678
bed 0 0 -10 386.21 95.61 730.00 251.99 0.0000670
table 0 0 -10 668.07 365.35 727.31 530.00 0.0000663
table 0 0 -10 369.75 148.31 721.99 227.13 0.0000663
bathtub 0 0 -10 110.93 248.74 213.53 389.99 0.0000658
bathtub 0 0 -10 391.71 125.29 730.00 198.97 0.0000623
bathtub 0 0 -10 211.95 206.00 371.76 347.80 0.0000618
chair 0 0 -10 2.44 402.49 240.14 530.00 0.0000613
toilet 0 0 -10 206.58 223.15 494.96 486.66 0.0000588
bathtub 0 0 -10 204.07 234.70 261.90 350.47 0.0000573
desk 0 0 -10 311.75 13.56 730.00 304.19 0.0000558
bed 0 0 -10 43.66 182.03 361.54 501.19 0.0000554
bed 0 0 -10 14.72 367.99 377.69 530.00 0.0000547
bed 0 0 -10 20.11 482.61 285.38 530.00 0.0000546
bed 0 0 -10 6.86 429.98 257.07 530.00 0.0000530
bathtub 0 0 -10 78.93 121.63 365.43 349.65 0.0000518
chair 0 0 -10 0.07 403.00 106.00 528.69 0.0000516
toilet 0 0 -10 398.63 102.21 730.00 270.95 0.0000490
chair 0 0 -10 443.39 386.33 658.16 523.98 0.0000483
bookshelf 0 0 -10 162.19 210.76 371.55 469.50 0.0000460
bathtub 0 0 -10 650.11 230.87 730.00 523.88 0.0000449
chair 0 0 -10 641.89 333.66 730.00 528.77 0.0000447
bathtub 0 0 -10 327.33 487.77 643.35 530.00 0.0000443
table 0 0 -10 611.13 448.31 723.98 530.00 0.0000432
bathtub 0 0 -10 381.13 453.84 647.15 530.00 0.0000431
chair 0 0 -10 13.19 246.27 309.73 518.50 0.0000424
table 0 0 -10 392.96 136.42 722.38 317.90 0.0000424
toilet 0 0 -10 87.10 129.05 359.34 378.77 0.0000422
chair 0 0 -10 1.31 247.27 153.56 526.14 0.0000418
chair 0 0 -10 1.86 179.23 40.60 503.73 0.0000411
table 0 0 -10 352.00 371.34 677.74 529.22 0.0000410
bathtub 0 0 -10 232.33 423.58 696.47 530.00 0.0000384
desk 0 0 -10 34.80 171.38 372.43 497.73 0.0000363
toilet 0 0 -10 204.08 230.76 314.03 319.41 0.0000358
dresser 0 0 -10 353.47 319.65 714.00 526.57 0.0000348
bed 0 0 -10 374.60 455.68 647.97 529.73 0.0000348
chair 0 0 -10 518.09 379.80 717.19 529.06 0.0000340
bed 0 0 -10 79.85 281.16 505.63 530.00 0.0000330
table 0 0 -10 4.50 7.57 692.97 376.61 0.0000329
table 0 0 -10 445.86 154.17 720.78 528.32 0.0000327
toilet 0 0 -10 302.17 132.05 716.47 530.00 0.0000326
bathtub 0 0 -10 218.47 230.02 499.96 468.21 0.0000325
dresser 0 0 -10 4.55 403.22 97.29 525.04 0.0000315
