bed 0 0 -10 69.26 137.62 466.71 495.51 0.9928361
dresser 0 0 -10 570.08 118.85 730.00 477.45 0.9734588
dresser 0 0 -10 122.37 172.04 237.90 258.08 0.9670788
night_stand 0 0 -10 105.65 338.96 304.29 530.00 0.8683303
dresser 0 0 -10 502.76 184.99 573.07 411.81 0.3923487
dresser 0 0 -10 472.98 162.71 612.28 431.35 0.2623070
dresser 0 0 -10 110.06 337.12 308.92 526.87 0.2077728
night_stand 0 0 -10 109.05 272.55 391.27 520.29 0.1306388
dresser 0 0 -10 67.16 122.88 466.90 528.01 0.0792617
dresser 0 0 -10 540.44 163.65 583.04 442.80 0.0354437
night_stand 0 0 -10 120.52 174.08 233.36 255.47 0.0286981
desk 0 0 -10 85.30 305.04 389.61 530.00 0.0274410
dresser 0 0 -10 24.59 260.51 92.36 466.51 0.0214301
dresser 0 0 -10 689.33 114.83 727.52 481.45 0.0196152
bed 0 0 -10 467.45 177.15 565.07 396.38 0.0170807
dresser 0 0 -10 659.46 111.73 722.84 488.35 0.0161542
dresser 0 0 -10 530.28 207.87 570.33 396.96 0.0142710
dresser 0 0 -10 516.20 217.08 608.66 389.53 0.0141870
desk 0 0 -10 569.98 128.87 730.00 481.51 0.0133416
bookshelf 0 0 -10 498.90 191.31 571.68 404.72 0.0130251
night_stand 0 0 -10 26.19 262.04 91.92 465.79 0.0118857
desk 0 0 -10 118.60 173.83 233.14 256.01 0.0113587
desk 0 0 -10 42.52 163.37 466.90 522.87 0.0100985
dresser 0 0 -10 462.33 188.99 554.56 356.25 0.0092396
dresser 0 0 -10 181.26 169.83 238.72 259.08 0.0088677
dresser 0 0 -10 148.75 109.98 219.04 245.69 0.0085725
bed 0 0 -10 56.05 154.98 270.52 311.21 0.0079568
bed 0 0 -10 90.02 280.42 343.37 525.91 0.0073838
table 0 0 -10 79.82 295.58 428.10 529.73 0.0071614
dresser 0 0 -10 118.80 173.40 198.34 235.54 0.0068552
bathtub 0 0 -10 469.08 183.58 576.25 431.94 0.0060525
table 0 0 -10 108.92 336.41 303.96 530.00 0.0060510
night_stand 0 0 -10 72.84 290.94 280.67 474.20 0.0055508
table 0 0 -10 473.84 187.95 573.21 432.54 0.0047149
bed 0 0 -10 516.35 197.45 565.01 390.21 0.0046357
chair 0 0 -10 89.43 320.98 302.79 530.00 0.0045127
sofa 0 0 -10 65.49 129.56 467.06 519.88 0.0043662
dresser 0 0 -10 444.90 136.40 672.23 484.43 0.0043436
dresser 0 0 -10 558.57 197.81 571.89 460.78 0.0042401
bed 0 0 -10 115.85 166.88 226.40 263.21 0.0042168
dresser 0 0 -10 39.84 240.57 225.51 461.81 0.0041113
bathtub 0 0 -10 467.49 261.73 543.82 343.18 0.0040046
night_stand 0 0 -10 285.89 312.23 415.43 487.91 0.0039942
desk 0 0 -10 483.78 199.54 565.23 386.54 0.0038312
chair 0 0 -10 490.74 183.73 571.38 404.18 0.0037465
night_stand 0 0 -10 566.92 117.06 730.00 472.40 0.0037371
bed 0 0 -10 361.97 96.66 730.00 511.51 0.0035767
bookshelf 0 0 -10 472.77 167.79 586.37 450.69 0.0033142
bathtub 0 0 -10 495.68 211.54 563.27 398.37 0.0032154
chair 0 0 -10 113.49 168.56 215.78 255.55 0.0030685
dresser 0 0 -10 43.49 265.87 140.91 460.56 0.0030440
dresser 0 0 -10 442.63 37.89 708.69 379.80 0.0029842
chair 0 0 -10 75.15 119.68 483.91 525.65 0.0029817
table 0 0 -10 12.42 261.38 89.19 466.67 0.0029578
bookshelf 0 0 -10 571.01 107.10 730.00 486.59 0.0029560
dresser 0 0 -10 146.79 167.12 218.97 228.13 0.0029467
dresser 0 0 -10 510.11 220.58 558.37 372.45 0.0029136
desk 0 0 -10 470.92 159.83 625.25 436.35 0.0027203
night_stand 0 0 -10 476.08 181.69 575.72 411.41 0.0026906
bed 0 0 -10 500.18 204.15 548.21 368.18 0.0026001
bed 0 0 -10 22.73 167.41 284.80 416.23 0.0024389
night_stand 0 0 -10 6.11 347.50 59.88 392.45 0.0023899
toilet 0 0 -10 470.41 185.56 574.52 438.37 0.0023052
chair 0 0 -10 608.88 0.00 695.81 114.35 0.0022403
night_stand 0 0 -10 90.52 171.56 463.01 488.95 0.0022064
chair 0 0 -10 176.48 100.28 209.17 186.89 0.0022013
dresser 0 0 -10 560.00 159.87 603.57 441.90 0.0021376
bookshelf 0 0 -10 119.09 166.48 231.45 257.34 0.0021164
chair 0 0 -10 500.95 253.37 555.48 373.80 0.0020866
table 0 0 -10 120.86 177.33 222.72 264.33 0.0019788
table 0 0 -10 257.70 306.80 438.10 524.48 0.0019311
dresser 0 0 -10 491.20 249.21 631.21 365.07 0.0018784
chair 0 0 -10 556.15 96.69 726.43 489.14 0.0018209
dresser 0 0 -10 565.13 191.01 574.98 464.79 0.0015571
table 0 0 -10 466.88 264.28 538.85 342.81 0.0014851
dresser 0 0 -10 105.93 90.47 255.66 259.51 0.0014011
table 0 0 -10 83.71 151.12 491.14 512.77 0.0013955
bathtub 0 0 -10 491.08 265.65 561.11 359.74 0.0013410
bed 0 0 -10 565.44 78.90 730.00 500.59 0.0013171
bookshelf 0 0 -10 72.35 125.30 464.22 512.88 0.0012820
chair 0 0 -10 647.97 0.00 729.55 153.74 0.0012774
toilet 0 0 -10 495.41 208.54 562.56 401.80 0.0012685
table 0 0 -10 576.55 151.09 729.67 484.61 0.0012552
dresser 0 0 -10 175.21 151.76 212.96 234.76 0.0011664
chair 0 0 -10 8.13 262.10 91.49 465.50 0.0011350
bed 0 0 -10 465.72 139.05 619.19 448.30 0.0011205
night_stand 0 0 -10 463.66 195.99 554.59 350.69 0.0010885
dresser 0 0 -10 587.76 64.60 723.70 344.63 0.0010400
table 0 0 -10 1.28 326.11 110.14 523.79 0.0010393
bed 0 0 -10 102.98 151.57 435.06 320.73 0.0010343
chair 0 0 -10 448.52 154.50 593.53 401.60 0.0010241
dresser 0 0 -10 509.65 291.98 631.15 390.32 0.0009679
night_stand 0 0 -10 43.07 279.72 127.33 473.69 0.0009440
night_stand 0 0 -10 265.56 262.08 446.17 517.97 0.0009324
chair 0 0 -10 558.75 4.75 673.71 130.48 0.0008820
sofa 0 0 -10 96.63 332.32 307.93 530.00 0.0008767
table 0 0 -10 4.82 346.36 66.92 406.19 0.0008637
table 0 0 -10 0.62 352.75 36.77 389.24 0.0008553
sofa 0 0 -10 476.30 182.10 575.04 417.27 0.0008526
dresser 0 0 -10 575.40 151.44 662.25 453.80 0.0008526
