chair 0 0 -10 268.68 135.53 516.28 523.88 0.9892811
chair 0 0 -10 212.77 67.94 343.97 270.55 0.9825137
table 0 0 -10 237.18 78.92 730.00 494.42 0.7700564
chair 0 0 -10 384.38 47.11 513.66 189.61 0.7495809
chair 0 0 -10 543.25 35.32 630.93 123.79 0.7429004
desk 0 0 -10 295.55 86.81 728.28 512.42 0.6600903
chair 0 0 -10 610.62 30.56 708.92 132.87 0.6453468
chair 0 0 -10 581.44 91.82 727.72 289.68 0.5190321
table 0 0 -10 584.65 57.76 728.23 143.99 0.4361886
table 0 0 -10 409.00 32.45 721.05 140.51 0.2951359
chair 0 0 -10 601.02 66.35 721.05 147.56 0.2678109
chair 0 0 -10 559.87 71.17 723.38 208.54 0.1990050
desk 0 0 -10 412.96 30.72 722.59 146.63 0.1921366
table 0 0 -10 539.45 50.07 727.87 188.72 0.1610410
chair 0 0 -10 248.92 91.80 427.41 411.06 0.1239376
chair 0 0 -10 538.77 39.95 667.84 152.53 0.0974624
chair 0 0 -10 682.62 86.56 730.00 225.68 0.0914752
chair 0 0 -10 634.28 71.53 727.56 251.03 0.0852566
chair 0 0 -10 227.12 106.32 405.11 249.43 0.0833624
chair 0 0 -10 508.49 56.53 711.45 260.07 0.0816145
chair 0 0 -10 679.89 62.49 729.79 167.00 0.0787899
chair 0 0 -10 353.90 55.07 537.87 243.22 0.0776631
desk 0 0 -10 538.26 53.80 721.59 147.40 0.0753166
chair 0 0 -10 0.00 105.26 41.21 333.41 0.0725706
table 0 0 -10 260.73 74.67 547.15 307.41 0.0643829
table 0 0 -10 235.41 66.61 421.35 299.55 0.0547025
chair 0 0 -10 650.94 32.95 727.46 151.56 0.0472741
chair 0 0 -10 686.83 77.73 726.99 348.12 0.0363626
chair 0 0 -10 349.83 42.39 505.44 134.50 0.0351370
table 0 0 -10 536.86 98.27 727.13 274.41 0.0339287
chair 0 0 -10 602.08 27.30 694.56 94.29 0.0329018
table 0 0 -10 363.07 34.90 726.55 271.88 0.0325376
desk 0 0 -10 464.54 17.32 717.94 97.32 0.0324963
desk 0 0 -10 239.58 68.14 416.17 309.60 0.0311742
chair 0 0 -10 0.00 273.82 74.98 511.37 0.0295691
desk 0 0 -10 227.94 69.95 652.70 343.99 0.0279568
chair 0 0 -10 416.01 52.22 615.57 241.21 0.0279364
table 0 0 -10 58.94 42.83 623.92 352.98 0.0278092
desk 0 0 -10 501.98 37.95 651.82 127.83 0.0260792
chair 0 0 -10 535.77 103.42 730.00 408.69 0.0254301
chair 0 0 -10 284.59 96.84 507.74 309.40 0.0230621
desk 0 0 -10 562.71 54.64 726.06 272.23 0.0229601
table 0 0 -10 566.23 35.51 721.37 109.69 0.0222964
table 0 0 -10 512.87 37.43 682.41 123.52 0.0201801
chair 0 0 -10 702.26 65.34 729.23 217.31 0.0198784
desk 0 0 -10 597.89 44.53 724.72 122.93 0.0160721
chair 0 0 -10 391.49 49.70 499.25 115.76 0.0149744
table 0 0 -10 398.57 41.57 633.95 114.18 0.0148124
chair 0 0 -10 654.07 91.96 728.28 370.55 0.0144524
desk 0 0 -10 592.71 59.34 727.73 187.25 0.0140874
table 0 0 -10 449.09 124.03 730.00 470.62 0.0140821
chair 0 0 -10 698.39 72.76 723.49 155.60 0.0140763
chair 0 0 -10 560.09 53.80 683.34 123.24 0.0139787
chair 0 0 -10 388.91 112.78 688.85 466.64 0.0127650
table 0 0 -10 651.27 162.80 728.28 454.98 0.0124889
chair 0 0 -10 704.13 82.63 718.67 175.40 0.0123733
table 0 0 -10 466.87 19.18 716.13 96.27 0.0122868
chair 0 0 -10 571.38 36.77 659.37 105.44 0.0118370
desk 0 0 -10 560.68 119.18 728.25 458.26 0.0118156
desk 0 0 -10 280.21 20.73 719.35 249.36 0.0115859
chair 0 0 -10 704.83 36.08 730.00 158.11 0.0097023
table 0 0 -10 358.62 29.32 553.75 154.21 0.0096990
table 0 0 -10 363.87 45.81 528.26 117.96 0.0094455
chair 0 0 -10 0.00 42.32 61.50 463.90 0.0094017
desk 0 0 -10 428.00 33.91 728.00 330.37 0.0093872
desk 0 0 -10 400.51 40.42 630.56 117.41 0.0089293
chair 0 0 -10 524.77 36.63 612.52 85.66 0.0087424
chair 0 0 -10 644.36 70.30 722.98 130.13 0.0075104
table 0 0 -10 0.22 74.59 74.51 326.23 0.0075053
desk 0 0 -10 656.22 160.25 725.87 462.09 0.0073519
table 0 0 -10 672.08 236.71 730.00 495.89 0.0073217
chair 0 0 -10 705.83 104.28 730.00 280.95 0.0073075
table 0 0 -10 613.81 93.77 730.00 367.89 0.0071595
chair 0 0 -10 704.26 86.98 730.00 132.33 0.0071284
table 0 0 -10 2.66 139.50 95.65 505.74 0.0070099
chair 0 0 -10 716.90 68.80 728.57 165.89 0.0070080
chair 0 0 -10 653.33 135.08 730.00 228.52 0.0068514
table 0 0 -10 592.30 163.15 729.07 504.84 0.0066606
table 0 0 -10 503.95 30.16 617.40 113.84 0.0066603
table 0 0 -10 153.47 20.73 716.60 208.21 0.0065412
desk 0 0 -10 480.72 58.97 721.82 204.77 0.0059120
desk 0 0 -10 2.98 33.27 499.05 312.16 0.0058681
chair 0 0 -10 494.82 27.33 717.99 128.67 0.0056510
chair 0 0 -10 494.03 20.17 633.82 180.57 0.0055332
chair 0 0 -10 605.73 191.85 728.77 491.36 0.0052367
table 0 0 -10 0.00 97.41 30.77 365.11 0.0052167
chair 0 0 -10 440.61 42.42 590.67 116.29 0.0052104
chair 0 0 -10 192.76 48.37 379.00 385.03 0.0051974
chair 0 0 -10 3.28 204.00 50.25 479.20 0.0050994
chair 0 0 -10 547.65 5.29 640.41 98.98 0.0050542
chair 0 0 -10 377.48 43.05 615.11 155.86 0.0046070
chair 0 0 -10 289.01 34.91 583.34 130.95 0.0045781
desk 0 0 -10 0.00 32.78 675.92 485.35 0.0045615
desk 0 0 -10 618.87 91.55 728.33 371.83 0.0045604
chair 0 0 -10 527.67 31.99 592.85 117.48 0.0045048
chair 0 0 -10 421.85 5.95 538.55 107.80 0.0044654
table 0 0 -10 118.53 56.47 398.49 258.10 0.0041291
chair 0 0 -10 231.27 61.89 623.18 444.71 0.0040265
table 0 0 -10 681.27 111.71 726.62 374.64 0.0039839
table 0 0 -10 672.49 73.02 728.90 280.33 0.0037056
