sofa 0 0 -10 126.33 181.91 407.02 466.45 0.9185101
bookshelf 0 0 -10 315.06 3.72 717.21 196.50 0.8977389
sofa 0 0 -10 281.96 129.41 425.94 278.42 0.5644119
desk 0 0 -10 547.29 226.23 728.48 462.94 0.5113347
chair 0 0 -10 45.59 68.52 144.45 179.18 0.4737209
table 0 0 -10 0.00 81.00 99.50 219.60 0.4586378
table 0 0 -10 91.13 244.89 376.57 487.31 0.4437904
table 0 0 -10 549.99 219.38 729.89 457.88 0.3204418
bookshelf 0 0 -10 188.53 79.29 316.55 172.48 0.2024832
table 0 0 -10 3.83 87.03 111.01 160.35 0.1873521
dresser 0 0 -10 548.86 214.02 724.97 464.49 0.1154128
chair 0 0 -10 268.67 123.04 435.56 275.80 0.1001229
table 0 0 -10 0.00 82.63 50.45 246.62 0.0871973
desk 0 0 -10 5.97 82.73 126.91 187.66 0.0835464
table 0 0 -10 0.00 91.01 19.47 232.59 0.0813665
sofa 0 0 -10 214.49 165.43 434.46 399.31 0.0742769
bookshelf 0 0 -10 544.38 66.79 726.70 449.91 0.0590232
bookshelf 0 0 -10 304.14 0.00 727.96 387.39 0.0563849
night_stand 0 0 -10 549.82 210.80 730.00 468.53 0.0554428
table 0 0 -10 1.08 93.47 75.08 181.77 0.0470747
chair 0 0 -10 0.34 50.91 63.17 206.89 0.0461915
chair 0 0 -10 3.89 57.21 120.12 218.33 0.0373921
desk 0 0 -10 280.65 38.60 730.00 312.45 0.0353044
sofa 0 0 -10 144.92 131.71 655.78 484.11 0.0295832
table 0 0 -10 275.82 167.73 421.87 299.88 0.0285536
chair 0 0 -10 548.51 217.05 727.45 461.96 0.0259601
sofa 0 0 -10 254.34 155.49 459.13 310.27 0.0212564
desk 0 0 -10 94.55 229.08 399.25 472.83 0.0208289
table 0 0 -10 188.54 84.20 302.09 173.97 0.0206207
desk 0 0 -10 1.42 84.61 83.19 224.95 0.0203576
table 0 0 -10 107.65 321.45 292.88 503.95 0.0202333
chair 0 0 -10 0.00 59.33 33.76 220.22 0.0190335
bookshelf 0 0 -10 477.73 9.95 719.07 310.32 0.0177522
chair 0 0 -10 287.77 125.73 438.49 195.31 0.0166673
table 0 0 -10 4.08 88.79 169.52 248.69 0.0158576
table 0 0 -10 355.69 138.31 445.45 194.07 0.0149763
chair 0 0 -10 123.03 171.38 407.08 447.12 0.0149564
table 0 0 -10 287.56 41.71 722.22 315.71 0.0140704
table 0 0 -10 315.43 139.35 439.00 280.13 0.0138419
table 0 0 -10 0.00 107.50 36.07 198.16 0.0132736
table 0 0 -10 1.29 96.10 10.00 223.36 0.0131076
bookshelf 0 0 -10 407.32 0.00 516.93 175.39 0.0130993
sofa 0 0 -10 288.50 133.51 442.96 202.65 0.0126751
table 0 0 -10 3.42 92.34 14.10 220.27 0.0122059
chair 0 0 -10 0.00 83.83 20.13 231.47 0.0121874
desk 0 0 -10 2.19 87.83 88.94 160.02 0.0116324
bed 0 0 -10 547.91 213.60 727.37 465.24 0.0111866
bookshelf 0 0 -10 304.07 0.00 502.70 186.30 0.0110389
desk 0 0 -10 187.07 87.78 318.04 171.21 0.0106351
dresser 0 0 -10 292.79 22.45 730.00 312.85 0.0103925
sofa 0 0 -10 81.62 164.14 301.52 372.47 0.0102574
bed 0 0 -10 98.31 194.99 431.37 469.54 0.0095743
sofa 0 0 -10 294.35 28.52 723.16 304.54 0.0089506
chair 0 0 -10 5.74 59.56 88.85 154.55 0.0087530
chair 0 0 -10 50.28 107.79 153.09 161.35 0.0084316
table 0 0 -10 144.72 119.64 342.25 261.37 0.0081442
table 0 0 -10 31.56 98.27 134.76 172.10 0.0072677
chair 0 0 -10 187.16 84.36 299.43 177.37 0.0066154
sofa 0 0 -10 554.04 221.39 726.93 461.98 0.0065782
chair 0 0 -10 1.44 88.57 48.40 169.43 0.0063717
sofa 0 0 -10 345.05 127.96 442.15 240.15 0.0062408
table 0 0 -10 0.02 128.21 25.84 211.72 0.0061505
chair 0 0 -10 3.85 77.72 9.68 217.11 0.0061488
bookshelf 0 0 -10 304.25 0.00 376.59 162.44 0.0057217
table 0 0 -10 140.99 161.92 291.09 266.38 0.0054500
table 0 0 -10 6.35 93.06 29.44 259.40 0.0053368
bookshelf 0 0 -10 585.33 0.00 727.86 205.55 0.0047787
bookshelf 0 0 -10 189.88 24.26 346.30 170.90 0.0047339
table 0 0 -10 285.91 5.93 724.23 195.45 0.0046782
chair 0 0 -10 6.44 73.16 14.15 217.52 0.0046578
chair 0 0 -10 63.78 90.31 142.74 150.58 0.0045018
table 0 0 -10 1.76 130.33 70.56 199.78 0.0041717
table 0 0 -10 403.31 149.33 721.90 469.51 0.0040461
dresser 0 0 -10 188.87 84.76 318.34 172.54 0.0039754
chair 0 0 -10 290.79 127.79 385.79 182.75 0.0037959
chair 0 0 -10 0.00 125.02 26.24 211.86 0.0035049
table 0 0 -10 0.00 79.52 30.58 363.86 0.0034660
table 0 0 -10 3.39 114.12 122.83 192.30 0.0034329
table 0 0 -10 0.83 81.17 73.14 143.95 0.0034061
table 0 0 -10 4.44 86.63 9.33 241.75 0.0032883
bookshelf 0 0 -10 326.65 0.00 625.24 125.62 0.0031917
bed 0 0 -10 187.55 80.06 316.29 174.32 0.0031194
bookshelf 0 0 -10 690.71 0.00 729.65 237.48 0.0029699
bookshelf 0 0 -10 269.89 59.85 377.79 177.97 0.0028306
table 0 0 -10 62.50 144.61 424.28 444.21 0.0028221
desk 0 0 -10 390.57 141.15 730.00 469.69 0.0027587
bookshelf 0 0 -10 320.77 0.00 424.66 154.19 0.0026705
chair 0 0 -10 24.79 82.22 112.71 149.71 0.0026645
desk 0 0 -10 288.95 19.47 730.00 184.49 0.0026606
toilet 0 0 -10 537.70 220.25 724.31 461.70 0.0025810
table 0 0 -10 292.86 134.83 441.99 200.44 0.0025446
desk 0 0 -10 33.84 96.95 137.28 157.65 0.0025058
table 0 0 -10 175.54 152.70 400.76 303.97 0.0024894
chair 0 0 -10 190.65 84.27 348.85 254.01 0.0024843
bookshelf 0 0 -10 285.44 80.97 450.45 252.97 0.0023766
bathtub 0 0 -10 544.88 222.40 726.16 457.26 0.0022958
chair 0 0 -10 0.00 86.53 10.27 235.76 0.0022656
bookshelf 0 0 -10 495.96 0.00 592.01 179.34 0.0022141
dresser 0 0 -10 104.23 202.56 425.66 466.50 0.0022119
sofa 0 0 -10 165.34 108.72 430.24 267.38 0.0022015
