bed 0 0 -10 48.62 195.16 649.67 529.78 0.9939532
bed 0 0 -10 0.00 246.93 272.27 528.91 0.9028704
dresser 0 0 -10 311.39 187.18 418.31 273.66 0.6846182
night_stand 0 0 -10 330.67 102.68 420.29 189.50 0.6608506
bed 0 0 -10 377.00 101.58 649.16 324.07 0.5206807
dresser 0 0 -10 38.37 193.22 322.32 313.16 0.2715805
bed 0 0 -10 36.49 188.49 348.38 322.91 0.2445020
bed 0 0 -10 0.00 265.19 160.88 488.32 0.2287283
bed 0 0 -10 388.62 218.54 643.83 311.57 0.1566472
bed 0 0 -10 0.00 202.12 310.73 406.37 0.1501189
dresser 0 0 -10 369.84 119.50 637.12 319.89 0.1202449
dresser 0 0 -10 231.81 184.43 460.07 277.73 0.1049783
dresser 0 0 -10 328.38 104.87 429.18 189.74 0.0908130
chair 0 0 -10 238.08 292.51 650.59 528.21 0.0720120
bed 0 0 -10 605.10 219.25 729.67 316.15 0.0684789
bed 0 0 -10 61.62 206.79 380.96 499.16 0.0614933
bed 0 0 -10 295.12 248.99 666.43 502.02 0.0586908
night_stand 0 0 -10 317.34 105.61 381.54 197.45 0.0586401
chair 0 0 -10 289.42 348.52 526.43 530.00 0.0574127
night_stand 0 0 -10 314.56 189.12 398.50 266.55 0.0506484
chair 0 0 -10 2.73 272.05 279.81 530.00 0.0450074
table 0 0 -10 33.25 219.63 671.60 530.00 0.0422388
dresser 0 0 -10 40.53 189.52 151.37 309.81 0.0395092
dresser 0 0 -10 301.37 140.41 470.51 267.47 0.0327352
dresser 0 0 -10 348.47 185.68 454.45 287.39 0.0303579
night_stand 0 0 -10 366.14 107.64 456.10 197.77 0.0270837
bed 0 0 -10 0.00 261.51 104.96 418.34 0.0260600
dresser 0 0 -10 130.08 194.49 317.73 247.03 0.0241389
dresser 0 0 -10 317.10 109.42 381.35 196.35 0.0219789
dresser 0 0 -10 41.87 158.90 349.31 271.92 0.0197376
desk 0 0 -10 46.28 197.53 322.62 316.25 0.0187463
night_stand 0 0 -10 335.14 119.32 376.82 156.20 0.0166983
bed 0 0 -10 451.69 248.65 681.92 438.36 0.0163131
table 0 0 -10 11.04 308.84 276.25 530.00 0.0149772
desk 0 0 -10 20.06 212.84 672.20 530.00 0.0148541
night_stand 0 0 -10 49.23 195.79 324.37 315.18 0.0145316
bed 0 0 -10 272.13 81.00 685.12 377.19 0.0143520
dresser 0 0 -10 319.94 184.53 390.17 244.50 0.0135296
dresser 0 0 -10 234.61 205.73 326.11 241.65 0.0120693
bed 0 0 -10 0.00 258.12 64.71 389.35 0.0120497
desk 0 0 -10 327.58 100.19 426.17 187.16 0.0114906
night_stand 0 0 -10 397.28 120.53 627.71 314.52 0.0111325
dresser 0 0 -10 324.84 115.35 409.85 233.43 0.0109892
dresser 0 0 -10 211.06 192.97 381.08 262.85 0.0109457
chair 0 0 -10 41.54 418.94 279.13 530.00 0.0097889
sofa 0 0 -10 32.88 206.90 669.52 530.00 0.0097585
sofa 0 0 -10 299.95 289.18 667.01 530.00 0.0095572
table 0 0 -10 329.54 103.07 423.83 185.29 0.0093670
night_stand 0 0 -10 11.59 291.96 274.14 526.10 0.0088611
night_stand 0 0 -10 0.57 271.43 136.26 446.87 0.0084181
dresser 0 0 -10 147.64 174.10 341.34 295.78 0.0082135
dresser 0 0 -10 365.22 109.61 455.33 195.69 0.0079037
dresser 0 0 -10 119.04 124.95 329.60 253.29 0.0075246
night_stand 0 0 -10 521.03 298.61 661.48 444.67 0.0074648
dresser 0 0 -10 289.50 182.43 361.74 241.29 0.0074456
table 0 0 -10 1.21 281.19 72.56 403.66 0.0073586
night_stand 0 0 -10 16.14 281.56 87.24 340.87 0.0071964
night_stand 0 0 -10 2.51 266.33 80.88 398.53 0.0071915
bed 0 0 -10 79.37 203.82 567.76 409.37 0.0069685
sofa 0 0 -10 610.18 224.05 729.08 312.47 0.0065458
night_stand 0 0 -10 251.65 111.42 404.09 178.28 0.0064348
table 0 0 -10 1.08 189.94 39.94 266.47 0.0060003
table 0 0 -10 0.00 208.25 46.52 374.88 0.0059731
night_stand 0 0 -10 316.37 123.95 393.35 238.95 0.0059370
table 0 0 -10 0.00 272.58 141.15 458.21 0.0055970
chair 0 0 -10 0.00 244.01 161.43 473.48 0.0054738
dresser 0 0 -10 211.94 155.67 317.75 239.00 0.0054084
dresser 0 0 -10 56.46 187.98 128.95 253.38 0.0053317
bookshelf 0 0 -10 393.12 105.29 627.70 312.89 0.0052951
desk 0 0 -10 7.69 185.30 119.48 266.68 0.0051724
dresser 0 0 -10 176.88 150.97 550.69 275.68 0.0048825
chair 0 0 -10 313.80 98.42 422.87 187.26 0.0047289
sofa 0 0 -10 391.30 113.88 636.90 320.01 0.0046899
dresser 0 0 -10 380.40 195.48 464.25 263.81 0.0046657
bed 0 0 -10 314.97 181.15 407.04 274.35 0.0046199
dresser 0 0 -10 284.69 196.99 398.37 250.25 0.0045652
sofa 0 0 -10 0.00 256.95 276.01 530.00 0.0043628
night_stand 0 0 -10 298.84 192.54 429.74 289.90 0.0043324
chair 0 0 -10 46.92 233.60 449.38 530.00 0.0042117
chair 0 0 -10 385.90 96.53 646.49 329.06 0.0042000
dresser 0 0 -10 308.56 97.74 465.01 214.79 0.0041874
table 0 0 -10 521.23 295.84 659.75 448.09 0.0041706
table 0 0 -10 59.37 204.11 314.12 316.30 0.0041388
dresser 0 0 -10 11.30 167.52 118.76 310.62 0.0038529
desk 0 0 -10 1.63 186.04 39.71 268.78 0.0037742
dresser 0 0 -10 227.16 185.34 369.53 237.89 0.0037608
bed 0 0 -10 527.38 186.01 727.92 321.81 0.0037499
sofa 0 0 -10 483.70 284.40 657.95 500.12 0.0037454
chair 0 0 -10 46.83 169.96 120.70 244.48 0.0036799
sofa 0 0 -10 0.79 258.49 69.38 392.48 0.0035623
dresser 0 0 -10 100.58 235.33 356.98 308.76 0.0035435
desk 0 0 -10 316.19 187.46 398.57 273.25 0.0035395
night_stand 0 0 -10 246.62 190.82 470.35 310.56 0.0034786
dresser 0 0 -10 387.77 219.95 637.63 310.37 0.0034650
bed 0 0 -10 150.33 146.17 575.83 285.99 0.0033616
chair 0 0 -10 433.29 283.14 676.78 497.44 0.0033455
chair 0 0 -10 2.09 181.06 45.23 259.64 0.0032666
table 0 0 -10 2.03 190.78 54.76 302.19 0.0031894
chair 0 0 -10 0.57 258.16 62.62 397.74 0.0031860
night_stand 0 0 -10 233.13 278.57 652.07 526.52 0.0031419
