chair 0 0 -10 377.20 160.14 615.49 519.20 0.9853463
chair 0 0 -10 586.50 157.04 728.19 511.27 0.9655271
chair 0 0 -10 233.53 146.77 417.19 389.23 0.9617033
chair 0 0 -10 0.75 129.21 72.76 244.57 0.8702845
chair 0 0 -10 280.53 104.14 358.40 244.52 0.8695087
chair 0 0 -10 261.21 103.08 337.13 213.15 0.6943282
chair 0 0 -10 219.74 106.40 307.73 218.03 0.6677154
table 0 0 -10 112.70 112.64 240.38 240.42 0.6578724
chair 0 0 -10 258.07 108.18 388.40 290.88 0.6466030
chair 0 0 -10 112.56 105.51 243.01 254.21 0.5744827
table 0 0 -10 253.66 162.43 595.56 382.93 0.4919670
chair 0 0 -10 223.58 130.34 281.15 223.01 0.3857645
chair 0 0 -10 174.66 117.14 283.62 239.24 0.3763762
desk 0 0 -10 243.86 174.89 618.69 401.71 0.3622901
chair 0 0 -10 251.68 113.86 321.36 187.85 0.3275391
chair 0 0 -10 304.61 110.28 321.11 235.26 0.2020335
table 0 0 -10 223.13 154.01 681.71 485.12 0.1807666
chair 0 0 -10 157.51 97.83 249.77 221.46 0.1528223
chair 0 0 -10 312.94 109.47 326.05 232.75 0.1325216
chair 0 0 -10 195.05 97.36 332.48 248.05 0.1066388
chair 0 0 -10 0.39 142.26 36.07 266.78 0.0990057
chair 0 0 -10 320.54 109.55 335.30 223.78 0.0961190
bookshelf 0 0 -10 490.67 3.81 725.47 182.14 0.0947184
chair 0 0 -10 636.52 126.25 729.78 434.37 0.0915228
chair 0 0 -10 269.95 146.64 524.31 423.50 0.0826381
chair 0 0 -10 287.41 102.24 348.77 189.81 0.0768679
desk 0 0 -10 113.32 118.67 245.03 252.02 0.0686908
chair 0 0 -10 3.05 139.68 26.61 230.07 0.0627341
desk 0 0 -10 271.78 154.82 693.02 523.78 0.0625409
chair 0 0 -10 212.14 109.38 280.94 187.63 0.0580418
chair 0 0 -10 167.04 95.01 227.91 187.92 0.0518491
table 0 0 -10 587.02 194.59 727.48 518.01 0.0513360
table 0 0 -10 455.47 168.35 709.84 512.71 0.0460846
chair 0 0 -10 312.07 111.34 319.35 207.93 0.0439823
chair 0 0 -10 227.14 105.39 303.32 167.92 0.0423385
table 0 0 -10 269.76 135.87 416.25 352.27 0.0384661
chair 0 0 -10 195.09 115.25 246.25 214.79 0.0382465
chair 0 0 -10 446.75 135.18 717.90 512.78 0.0359759
chair 0 0 -10 1.87 132.81 51.27 202.40 0.0308255
chair 0 0 -10 5.19 139.86 15.50 235.07 0.0298139
chair 0 0 -10 271.22 100.48 389.63 200.77 0.0232991
chair 0 0 -10 217.67 101.43 427.89 227.13 0.0228938
chair 0 0 -10 213.46 123.09 257.48 209.47 0.0225988
table 0 0 -10 199.01 119.08 274.15 200.00 0.0219932
chair 0 0 -10 2.52 142.75 11.96 239.30 0.0208925
chair 0 0 -10 109.48 76.81 198.65 212.14 0.0206297
chair 0 0 -10 256.11 117.72 278.08 186.99 0.0205811
chair 0 0 -10 4.35 121.10 18.37 279.08 0.0201180
desk 0 0 -10 403.65 165.43 697.50 432.04 0.0171898
table 0 0 -10 629.53 180.49 729.13 422.72 0.0160215
chair 0 0 -10 462.32 149.07 657.09 403.26 0.0157299
chair 0 0 -10 0.00 158.27 19.55 250.34 0.0156072
chair 0 0 -10 179.57 94.79 296.97 166.55 0.0153857
table 0 0 -10 334.38 201.44 606.99 520.67 0.0143452
table 0 0 -10 159.29 107.04 287.85 213.34 0.0140451
bookshelf 0 0 -10 483.01 0.00 719.07 342.22 0.0140444
chair 0 0 -10 251.98 121.70 295.24 173.54 0.0135935
chair 0 0 -10 0.00 129.44 117.66 288.33 0.0132283
desk 0 0 -10 623.98 172.46 726.62 508.05 0.0129240
chair 0 0 -10 261.12 108.17 308.09 169.53 0.0114425
desk 0 0 -10 516.06 171.90 718.31 494.16 0.0108450
table 0 0 -10 553.59 129.49 725.00 374.92 0.0101513
chair 0 0 -10 109.64 87.94 319.26 226.25 0.0096907
bookshelf 0 0 -10 188.81 0.06 348.60 215.56 0.0096354
chair 0 0 -10 232.47 119.28 256.76 148.91 0.0092187
chair 0 0 -10 264.53 95.95 315.83 142.70 0.0088880
chair 0 0 -10 679.69 99.54 727.38 359.45 0.0088263
chair 0 0 -10 269.16 103.96 329.23 159.76 0.0083942
table 0 0 -10 393.45 156.44 654.37 390.34 0.0080106
table 0 0 -10 121.96 99.56 248.73 186.99 0.0075051
chair 0 0 -10 3.44 132.91 29.81 169.53 0.0071599
chair 0 0 -10 118.08 106.84 171.92 216.68 0.0064981
sofa 0 0 -10 104.86 116.39 252.44 259.09 0.0063138
table 0 0 -10 97.26 89.83 319.39 219.68 0.0059701
bookshelf 0 0 -10 282.43 0.00 717.07 192.97 0.0058821
table 0 0 -10 143.47 113.54 222.96 201.47 0.0057638
chair 0 0 -10 241.51 114.28 267.20 145.38 0.0057386
chair 0 0 -10 245.93 125.59 263.40 182.54 0.0056343
chair 0 0 -10 199.91 106.31 284.50 153.47 0.0050450
sofa 0 0 -10 125.83 92.06 312.47 236.82 0.0046271
sofa 0 0 -10 228.10 136.80 568.35 392.00 0.0044684
table 0 0 -10 133.91 128.28 299.52 251.53 0.0044140
table 0 0 -10 0.81 134.43 53.58 289.52 0.0043024
chair 0 0 -10 249.98 109.94 267.65 163.11 0.0041980
chair 0 0 -10 0.00 147.45 9.27 256.03 0.0041865
chair 0 0 -10 650.05 65.17 729.16 262.50 0.0040638
table 0 0 -10 90.09 123.51 270.25 321.45 0.0040623
sofa 0 0 -10 193.86 101.93 306.15 215.66 0.0039147
sofa 0 0 -10 0.82 126.88 64.96 236.28 0.0038767
table 0 0 -10 287.49 129.51 404.90 267.13 0.0038744
table 0 0 -10 0.92 148.78 41.30 232.75 0.0038401
night_stand 0 0 -10 117.17 116.90 246.94 254.53 0.0037522
chair 0 0 -10 187.06 90.55 247.52 160.78 0.0037122
chair 0 0 -10 232.18 111.89 284.65 143.54 0.0035947
bookshelf 0 0 -10 639.27 0.00 727.39 244.38 0.0035698
chair 0 0 -10 225.75 127.10 238.18 178.16 0.0035129
desk 0 0 -10 252.51 65.54 686.43 360.14 0.0034475
chair 0 0 -10 2.27 118.89 7.70 241.00 0.0034422
table 0 0 -10 251.24 215.85 419.19 398.68 0.0033630
table 0 0 -10 208.18 110.18 293.72 177.02 0.0031485
