sofa 0 0 -10 59.38 197.07 461.88 426.38 0.9914321
sofa 0 0 -10 444.79 227.09 728.50 504.95 0.9770160
sofa 0 0 -10 2.51 193.95 124.67 328.57 0.6459413
table 0 0 -10 435.56 184.66 535.75 238.87 0.0982608
desk 0 0 -10 436.00 182.06 536.95 236.56 0.0495060
night_stand 0 0 -10 433.42 175.97 540.20 240.83 0.0326907
sofa 0 0 -10 27.82 192.40 252.97 360.60 0.0231333
dresser 0 0 -10 433.29 182.45 538.02 235.76 0.0227741
table 0 0 -10 426.31 186.17 534.12 284.05 0.0220819
table 0 0 -10 529.19 220.78 619.35 272.03 0.0215622
sofa 0 0 -10 1.95 210.93 68.50 334.34 0.0197572
dresser 0 0 -10 430.00 183.07 540.34 284.13 0.0167010
table 0 0 -10 4.46 195.41 129.87 319.82 0.0164775
table 0 0 -10 246.27 170.17 387.14 263.18 0.0162785
sofa 0 0 -10 432.33 201.85 538.30 281.42 0.0158574
night_stand 0 0 -10 435.07 202.50 539.15 276.22 0.0151672
sofa 0 0 -10 688.23 242.24 728.09 504.91 0.0118820
sofa 0 0 -10 693.05 254.55 728.16 364.48 0.0100001
chair 0 0 -10 5.46 194.66 126.11 314.80 0.0080623
desk 0 0 -10 429.58 185.41 539.34 280.51 0.0072998
desk 0 0 -10 225.70 163.32 429.58 216.47 0.0068530
sofa 0 0 -10 538.48 218.63 624.55 281.59 0.0064130
sofa 0 0 -10 1.32 229.58 41.60 341.19 0.0062361
table 0 0 -10 230.68 165.01 424.96 216.64 0.0057172
table 0 0 -10 88.10 136.03 258.55 194.68 0.0057085
bed 0 0 -10 81.82 82.52 432.67 209.64 0.0052554
table 0 0 -10 0.89 180.04 88.71 284.62 0.0051106
sofa 0 0 -10 311.65 187.89 557.09 321.26 0.0050794
sofa 0 0 -10 428.78 182.17 535.92 242.63 0.0046374
desk 0 0 -10 247.39 171.59 505.88 225.30 0.0043692
table 0 0 -10 433.62 295.45 721.15 512.92 0.0039520
sofa 0 0 -10 670.90 207.08 725.33 379.75 0.0039059
sofa 0 0 -10 173.34 176.62 501.98 279.29 0.0037564
table 0 0 -10 538.97 217.31 616.35 247.59 0.0036383
chair 0 0 -10 421.18 181.30 538.46 288.21 0.0034613
bed 0 0 -10 428.92 201.74 541.66 282.69 0.0033857
table 0 0 -10 446.26 209.46 580.36 285.20 0.0031748
chair 0 0 -10 531.65 198.99 641.14 299.35 0.0028186
chair 0 0 -10 442.08 176.27 536.13 235.19 0.0027218
sofa 0 0 -10 0.00 156.92 165.48 388.11 0.0027175
table 0 0 -10 391.11 194.46 555.80 326.99 0.0026581
sofa 0 0 -10 242.67 178.36 360.42 288.13 0.0025465
desk 0 0 -10 233.85 166.51 386.90 254.73 0.0025411
sofa 0 0 -10 596.59 215.33 727.26 370.58 0.0023683
table 0 0 -10 117.21 156.54 533.21 234.18 0.0022717
night_stand 0 0 -10 528.14 219.02 621.79 274.26 0.0022693
bed 0 0 -10 70.58 137.16 520.07 224.87 0.0022162
bed 0 0 -10 3.61 193.25 134.32 324.68 0.0021511
chair 0 0 -10 463.20 236.58 730.00 496.71 0.0021430
desk 0 0 -10 102.79 153.89 550.70 232.93 0.0021101
table 0 0 -10 249.04 178.52 382.96 219.69 0.0020831
bed 0 0 -10 421.63 171.25 539.22 238.85 0.0019953
chair 0 0 -10 639.45 179.32 720.57 253.23 0.0019836
table 0 0 -10 251.06 173.13 499.01 224.65 0.0018885
sofa 0 0 -10 443.51 205.13 679.16 351.83 0.0018421
desk 0 0 -10 277.22 162.12 375.41 219.97 0.0017083
sofa 0 0 -10 8.14 208.84 81.11 287.47 0.0017036
table 0 0 -10 0.00 220.02 30.67 357.96 0.0016251
table 0 0 -10 279.40 161.63 369.43 214.49 0.0015772
desk 0 0 -10 3.95 191.72 121.94 310.63 0.0014530
table 0 0 -10 267.46 207.96 363.88 270.18 0.0014339
sofa 0 0 -10 321.48 208.18 592.43 409.81 0.0013176
sofa 0 0 -10 711.01 269.57 729.44 481.17 0.0013055
table 0 0 -10 112.38 150.23 369.68 205.02 0.0012699
table 0 0 -10 435.60 207.65 549.22 246.90 0.0012516
chair 0 0 -10 643.46 181.78 728.92 305.94 0.0012263
table 0 0 -10 606.89 193.44 726.13 322.24 0.0012157
table 0 0 -10 715.73 334.06 728.36 520.83 0.0011901
sofa 0 0 -10 209.46 178.89 411.38 253.47 0.0010212
table 0 0 -10 191.18 168.64 500.71 272.66 0.0010084
chair 0 0 -10 678.39 180.13 726.74 280.37 0.0010009
table 0 0 -10 327.30 181.18 552.08 286.17 0.0009937
sofa 0 0 -10 2.02 224.70 19.69 352.45 0.0009919
chair 0 0 -10 63.82 184.76 472.52 444.44 0.0009572
sofa 0 0 -10 122.96 197.19 363.37 300.89 0.0009504
sofa 0 0 -10 422.13 188.29 533.50 358.09 0.0009437
table 0 0 -10 437.28 168.78 530.12 214.77 0.0009421
chair 0 0 -10 403.70 59.54 497.76 170.89 0.0009357
table 0 0 -10 65.45 219.09 462.82 434.69 0.0009068
bed 0 0 -10 63.58 191.29 477.33 438.96 0.0008831
chair 0 0 -10 263.89 183.67 358.05 293.02 0.0008249
table 0 0 -10 624.96 177.32 726.37 254.75 0.0007928
bed 0 0 -10 0.00 179.74 95.88 292.39 0.0007661
table 0 0 -10 232.65 199.60 352.35 253.08 0.0007611
table 0 0 -10 395.15 166.15 524.24 227.20 0.0007577
dresser 0 0 -10 430.04 205.23 552.62 246.37 0.0007541
table 0 0 -10 83.32 89.24 431.62 205.32 0.0007441
desk 0 0 -10 528.07 219.59 620.93 274.04 0.0007256
table 0 0 -10 696.95 331.65 728.28 519.39 0.0007120
sofa 0 0 -10 526.09 215.47 715.35 331.54 0.0007066
table 0 0 -10 379.16 206.53 506.78 239.74 0.0007029
sofa 0 0 -10 265.88 208.18 366.84 275.51 0.0006896
table 0 0 -10 485.60 219.02 626.04 292.38 0.0006752
bookshelf 0 0 -10 404.20 60.96 498.34 176.62 0.0006672
sofa 0 0 -10 10.02 157.15 148.34 286.32 0.0006448
sofa 0 0 -10 437.46 195.06 594.37 313.48 0.0006438
bed 0 0 -10 691.88 256.64 728.80 370.80 0.0006248
table 0 0 -10 499.02 230.48 594.72 274.99 0.0006199
table 0 0 -10 361.94 204.91 443.61 239.44 0.0006174
chair 0 0 -10 2.03 213.88 69.86 330.84 0.0006014
