bed 0 0 -10 48.74 159.73 583.51 530.00 0.9983311
bed 0 0 -10 1.79 169.22 197.74 391.76 0.9719822
bed 0 0 -10 1.53 159.13 371.32 411.70 0.5303951
bed 0 0 -10 0.18 192.57 186.59 309.63 0.3987679
bed 0 0 -10 567.35 163.40 728.51 335.90 0.1271367
bed 0 0 -10 0.00 190.72 99.54 330.26 0.0802394
bed 0 0 -10 382.19 183.96 600.46 405.28 0.0762527
dresser 0 0 -10 460.08 200.64 595.61 347.51 0.0751152
bed 0 0 -10 246.72 190.30 589.83 470.74 0.0490890
dresser 0 0 -10 303.07 184.47 357.49 240.33 0.0318810
bed 0 0 -10 448.95 190.77 674.34 366.09 0.0313705
bed 0 0 -10 13.77 268.45 197.18 514.65 0.0302462
bed 0 0 -10 1.05 387.84 155.93 530.00 0.0281564
chair 0 0 -10 1.24 187.90 80.17 221.49 0.0224511
sofa 0 0 -10 1.47 189.34 78.61 222.34 0.0210639
bed 0 0 -10 295.55 188.23 429.82 346.36 0.0186530
chair 0 0 -10 0.00 180.83 86.65 294.59 0.0185012
sofa 0 0 -10 29.95 207.97 577.70 530.00 0.0159534
bed 0 0 -10 0.00 188.22 85.11 251.00 0.0150010
bed 0 0 -10 0.00 10.56 128.66 372.35 0.0148240
table 0 0 -10 6.98 230.81 167.50 394.97 0.0120619
night_stand 0 0 -10 455.23 206.50 598.75 335.62 0.0116116
dresser 0 0 -10 1.61 189.52 77.60 221.09 0.0114934
bed 0 0 -10 25.76 274.17 405.85 530.00 0.0108879
dresser 0 0 -10 316.58 183.82 408.31 240.22 0.0099459
sofa 0 0 -10 0.76 179.92 81.12 289.80 0.0098457
sofa 0 0 -10 2.69 384.85 154.71 530.00 0.0091563
bed 0 0 -10 0.00 84.42 180.75 297.86 0.0086094
dresser 0 0 -10 498.05 210.51 593.06 298.32 0.0082973
night_stand 0 0 -10 3.34 189.76 77.14 222.46 0.0081781
table 0 0 -10 26.58 235.88 584.21 530.00 0.0074854
bed 0 0 -10 0.00 17.22 648.11 408.92 0.0074643
dresser 0 0 -10 358.85 187.06 423.57 241.13 0.0074463
bookshelf 0 0 -10 592.16 165.39 727.33 275.44 0.0073294
bed 0 0 -10 0.00 23.87 322.31 324.66 0.0067175
table 0 0 -10 3.48 368.20 149.22 527.10 0.0052656
night_stand 0 0 -10 8.48 237.98 163.63 397.60 0.0052595
dresser 0 0 -10 544.56 150.90 729.67 333.98 0.0052445
bed 0 0 -10 403.48 145.23 717.91 321.30 0.0051598
bed 0 0 -10 0.00 241.50 192.91 344.91 0.0050528
dresser 0 0 -10 0.11 144.86 210.68 310.32 0.0050081
dresser 0 0 -10 301.96 185.64 428.75 264.31 0.0049988
dresser 0 0 -10 588.84 171.54 730.00 275.11 0.0049630
bed 0 0 -10 3.11 185.55 168.24 259.38 0.0048092
sofa 0 0 -10 10.08 167.78 197.79 275.79 0.0047496
bed 0 0 -10 59.47 233.96 289.50 319.60 0.0047032
bed 0 0 -10 279.08 181.10 529.61 313.66 0.0045529
bed 0 0 -10 3.85 231.55 180.03 277.57 0.0043318
dresser 0 0 -10 6.42 28.66 102.21 233.22 0.0039921
sofa 0 0 -10 0.88 222.85 175.32 396.95 0.0038809
table 0 0 -10 2.20 194.72 102.85 293.39 0.0037847
night_stand 0 0 -10 303.46 235.32 415.61 286.45 0.0037786
night_stand 0 0 -10 304.23 184.20 357.51 240.73 0.0037762
bed 0 0 -10 71.49 162.76 199.61 273.15 0.0037294
table 0 0 -10 1.53 191.66 76.98 221.62 0.0034871
sofa 0 0 -10 591.47 175.31 728.27 275.40 0.0033791
night_stand 0 0 -10 510.80 220.25 590.42 299.58 0.0033109
bed 0 0 -10 0.71 267.51 163.81 397.36 0.0031773
night_stand 0 0 -10 114.00 241.78 195.66 310.49 0.0031736
chair 0 0 -10 34.82 239.03 549.87 530.00 0.0030092
night_stand 0 0 -10 2.86 196.62 86.81 303.88 0.0029687
night_stand 0 0 -10 295.60 210.30 417.65 316.78 0.0028852
dresser 0 0 -10 293.95 178.00 517.64 301.19 0.0028180
bookshelf 0 0 -10 2.78 24.38 105.45 255.62 0.0027485
dresser 0 0 -10 256.81 149.04 439.30 282.06 0.0026801
dresser 0 0 -10 1.47 13.89 121.16 347.44 0.0026313
bed 0 0 -10 65.85 154.54 341.78 302.23 0.0025296
dresser 0 0 -10 449.54 137.07 680.26 317.21 0.0024605
chair 0 0 -10 584.74 173.19 728.91 277.88 0.0024001
dresser 0 0 -10 102.26 169.70 188.44 251.65 0.0024000
night_stand 0 0 -10 145.20 240.29 213.62 306.35 0.0023846
table 0 0 -10 673.93 308.86 729.23 495.32 0.0022853
table 0 0 -10 705.89 343.21 729.18 498.20 0.0022797
chair 0 0 -10 304.18 176.57 428.28 319.68 0.0022685
dresser 0 0 -10 3.07 192.88 86.81 304.34 0.0022008
table 0 0 -10 1.23 215.35 70.51 331.27 0.0021617
table 0 0 -10 0.00 191.63 83.37 247.17 0.0021600
bed 0 0 -10 448.27 190.16 591.29 309.56 0.0019182
dresser 0 0 -10 304.01 145.95 409.99 236.26 0.0019057
chair 0 0 -10 7.14 165.16 191.94 277.89 0.0018569
chair 0 0 -10 7.99 224.59 173.00 400.53 0.0017397
chair 0 0 -10 319.07 177.06 518.50 328.50 0.0017121
dresser 0 0 -10 395.02 187.33 593.23 395.80 0.0017098
bed 0 0 -10 17.34 186.61 79.80 296.32 0.0016851
dresser 0 0 -10 0.21 187.52 82.04 247.08 0.0015837
table 0 0 -10 439.75 211.49 603.04 366.92 0.0015511
desk 0 0 -10 463.03 199.91 603.43 351.65 0.0015388
dresser 0 0 -10 356.30 162.63 464.35 242.29 0.0015369
table 0 0 -10 1.84 216.72 106.86 439.85 0.0015324
bed 0 0 -10 6.76 183.58 90.33 223.73 0.0015315
bed 0 0 -10 77.10 214.08 210.98 330.48 0.0015249
table 0 0 -10 1.04 396.87 50.28 478.80 0.0015009
dresser 0 0 -10 523.87 201.89 607.77 363.30 0.0014503
night_stand 0 0 -10 524.86 212.02 601.00 374.49 0.0014451
bed 0 0 -10 613.46 170.58 729.94 277.89 0.0014388
night_stand 0 0 -10 118.92 238.42 332.50 320.14 0.0014315
dresser 0 0 -10 0.87 61.37 213.23 260.72 0.0014279
night_stand 0 0 -10 298.38 191.44 405.45 271.90 0.0014183
chair 0 0 -10 1.09 387.07 155.02 530.00 0.0013943
bed 0 0 -10 179.43 165.41 426.56 317.27 0.0013884
