bed 0 0 -10 7.84 184.04 637.67 530.00 0.9933022
dresser 0 0 -10 250.54 220.51 363.94 313.02 0.9535219
dresser 0 0 -10 612.37 235.86 730.00 499.96 0.8761271
dresser 0 0 -10 0.00 98.97 210.81 366.57 0.6352380
dresser 0 0 -10 0.21 232.32 218.22 354.00 0.3155290
night_stand 0 0 -10 568.92 419.41 729.59 529.84 0.2914931
night_stand 0 0 -10 581.89 257.37 730.00 519.12 0.2077125
dresser 0 0 -10 233.76 145.74 371.17 308.14 0.1261866
dresser 0 0 -10 195.17 149.80 286.07 302.22 0.0975534
dresser 0 0 -10 203.38 202.40 315.26 301.54 0.0922874
bed 0 0 -10 0.00 86.85 213.40 423.83 0.0793398
night_stand 0 0 -10 250.44 221.19 360.61 314.54 0.0680939
dresser 0 0 -10 516.36 205.81 707.09 518.87 0.0548283
dresser 0 0 -10 1.02 126.51 62.94 341.25 0.0483613
bed 0 0 -10 505.52 184.77 710.09 530.00 0.0389355
dresser 0 0 -10 177.63 198.11 270.00 309.98 0.0383296
dresser 0 0 -10 231.52 117.40 316.33 296.69 0.0281599
bed 0 0 -10 0.00 226.12 321.53 498.44 0.0276617
sofa 0 0 -10 42.83 195.36 641.22 530.00 0.0260429
dresser 0 0 -10 185.02 104.28 350.47 295.89 0.0252347
dresser 0 0 -10 0.00 196.06 49.67 326.82 0.0251426
dresser 0 0 -10 249.33 218.26 316.35 286.08 0.0208128
dresser 0 0 -10 6.05 230.92 67.76 359.81 0.0204871
dresser 0 0 -10 229.97 209.19 379.87 363.93 0.0197705
dresser 0 0 -10 230.03 211.71 292.10 279.66 0.0189192
night_stand 0 0 -10 245.43 208.62 307.21 267.26 0.0154042
dresser 0 0 -10 1.18 255.85 54.10 338.23 0.0145688
dresser 0 0 -10 11.80 213.54 357.83 340.64 0.0133673
dresser 0 0 -10 46.38 109.74 315.12 324.22 0.0113708
desk 0 0 -10 591.99 220.95 730.00 522.01 0.0106001
dresser 0 0 -10 188.89 229.08 251.32 299.75 0.0103936
table 0 0 -10 580.43 426.08 729.42 530.00 0.0098453
dresser 0 0 -10 242.17 211.91 303.16 252.61 0.0089573
bookshelf 0 0 -10 0.35 94.23 201.81 351.88 0.0088046
desk 0 0 -10 243.22 220.47 366.56 316.24 0.0081857
night_stand 0 0 -10 242.88 213.41 315.52 302.53 0.0080912
dresser 0 0 -10 1.60 155.90 168.15 484.04 0.0068831
night_stand 0 0 -10 626.33 228.81 730.00 456.67 0.0068080
dresser 0 0 -10 2.70 223.91 74.02 466.74 0.0067654
bed 0 0 -10 0.00 216.55 238.13 384.70 0.0060858
bed 0 0 -10 0.00 101.69 187.47 238.43 0.0055009
dresser 0 0 -10 561.17 341.97 730.00 520.09 0.0051215
dresser 0 0 -10 202.40 196.44 274.61 275.96 0.0050691
chair 0 0 -10 315.74 73.84 384.78 216.59 0.0048417
bed 0 0 -10 7.45 305.75 229.80 517.78 0.0048239
bed 0 0 -10 9.59 67.09 443.26 435.89 0.0045780
night_stand 0 0 -10 6.87 105.33 207.61 379.02 0.0044512
night_stand 0 0 -10 232.68 208.55 379.58 361.15 0.0043996
bed 0 0 -10 63.83 284.45 501.52 530.00 0.0043081
night_stand 0 0 -10 2.48 358.82 67.99 521.23 0.0042515
bookshelf 0 0 -10 198.91 113.93 294.93 291.98 0.0042507
bed 0 0 -10 213.36 202.93 405.02 386.75 0.0041716
bed 0 0 -10 178.69 187.89 504.05 487.28 0.0039987
table 0 0 -10 198.65 199.58 283.10 239.06 0.0036105
table 0 0 -10 569.93 291.69 727.11 530.00 0.0034165
bed 0 0 -10 242.96 216.20 365.19 318.37 0.0033293
dresser 0 0 -10 1.53 350.93 65.98 529.38 0.0032879
dresser 0 0 -10 144.02 234.43 248.77 307.21 0.0032529
dresser 0 0 -10 70.20 214.41 651.07 529.53 0.0028243
dresser 0 0 -10 0.00 187.69 37.23 435.91 0.0028129
night_stand 0 0 -10 494.96 229.10 698.69 517.89 0.0027910
chair 0 0 -10 182.52 100.92 338.75 290.13 0.0027791
dresser 0 0 -10 652.06 219.53 726.24 403.83 0.0026133
table 0 0 -10 16.08 310.14 496.21 530.00 0.0025923
bed 0 0 -10 590.22 230.03 730.00 510.53 0.0025896
desk 0 0 -10 0.00 108.29 207.49 351.19 0.0024377
night_stand 0 0 -10 1.37 126.63 44.56 363.69 0.0024249
dresser 0 0 -10 24.17 110.28 195.10 272.52 0.0024102
bed 0 0 -10 180.54 95.53 353.55 303.00 0.0023844
table 0 0 -10 1.04 102.31 202.25 309.28 0.0023667
dresser 0 0 -10 6.01 239.05 122.32 434.59 0.0023520
night_stand 0 0 -10 229.03 110.24 376.32 304.29 0.0023204
desk 0 0 -10 562.92 356.48 730.00 526.94 0.0022975
night_stand 0 0 -10 188.69 193.25 264.76 299.40 0.0022724
dresser 0 0 -10 301.67 111.41 376.78 297.05 0.0022551
bed 0 0 -10 213.22 373.55 545.68 526.63 0.0022478
dresser 0 0 -10 0.86 281.88 86.57 374.58 0.0021175
chair 0 0 -10 62.77 189.07 618.59 530.00 0.0020711
sofa 0 0 -10 210.82 476.08 559.37 530.00 0.0018893
dresser 0 0 -10 320.46 89.89 382.23 239.48 0.0018520
dresser 0 0 -10 662.86 275.65 730.00 519.64 0.0018248
dresser 0 0 -10 2.87 233.23 28.99 380.14 0.0017384
dresser 0 0 -10 175.83 252.74 236.18 308.95 0.0016535
table 0 0 -10 249.09 225.13 360.33 314.67 0.0016411
chair 0 0 -10 239.09 218.64 364.89 311.04 0.0015833
table 0 0 -10 190.71 199.59 251.66 287.21 0.0015612
bed 0 0 -10 21.55 81.93 335.00 311.97 0.0015433
chair 0 0 -10 12.19 348.26 261.98 530.00 0.0015056
bed 0 0 -10 234.54 96.32 408.81 325.91 0.0014933
desk 0 0 -10 0.00 238.22 219.31 358.19 0.0014784
chair 0 0 -10 200.34 107.29 302.75 241.67 0.0014000
bed 0 0 -10 395.42 186.45 660.64 517.48 0.0013766
bookshelf 0 0 -10 244.94 215.95 364.99 315.50 0.0013522
night_stand 0 0 -10 1.90 268.00 73.43 400.20 0.0013407
dresser 0 0 -10 78.54 256.41 229.05 327.77 0.0013180
bookshelf 0 0 -10 226.63 97.01 374.15 312.34 0.0013131
chair 0 0 -10 564.00 230.83 730.00 522.07 0.0013017
dresser 0 0 -10 711.35 265.02 729.97 461.39 0.0012905
night_stand 0 0 -10 9.00 362.66 118.32 523.91 0.0012744
dresser 0 0 -10 216.74 199.80 297.60 250.83 0.0012425
