bed 0 0 -10 16.90 143.80 560.77 523.34 0.9927428
sofa 0 0 -10 527.05 248.55 727.53 449.98 0.9585930
bed 0 0 -10 136.54 157.29 561.76 385.79 0.8801970
sofa 0 0 -10 544.20 228.58 674.26 308.09 0.6751549
sofa 0 0 -10 541.57 240.38 727.98 328.02 0.4490239
bed 0 0 -10 0.00 121.98 145.40 254.45 0.1022994
bed 0 0 -10 0.00 140.70 154.54 517.72 0.0714159
bed 0 0 -10 539.91 232.64 669.81 310.29 0.0657839
sofa 0 0 -10 463.06 291.69 726.66 519.45 0.0652189
dresser 0 0 -10 0.00 114.71 142.89 251.84 0.0442830
sofa 0 0 -10 630.43 236.43 730.00 325.22 0.0363220
bed 0 0 -10 275.80 218.03 667.23 530.00 0.0362256
chair 0 0 -10 0.00 113.77 145.07 255.52 0.0345254
sofa 0 0 -10 621.08 241.40 726.67 432.63 0.0334293
bed 0 0 -10 530.27 237.69 730.00 441.68 0.0326429
bed 0 0 -10 332.47 192.20 447.31 288.23 0.0315120
bed 0 0 -10 9.62 119.73 272.32 526.90 0.0308903
chair 0 0 -10 12.08 115.36 144.49 503.75 0.0305471
chair 0 0 -10 520.92 237.92 723.96 449.36 0.0284063
sofa 0 0 -10 451.60 404.79 727.76 530.00 0.0279917
table 0 0 -10 12.32 245.88 167.10 530.00 0.0198619
bed 0 0 -10 285.44 165.44 382.28 319.38 0.0170010
bed 0 0 -10 435.54 208.36 721.53 510.29 0.0133958
table 0 0 -10 21.30 209.67 473.49 530.00 0.0130851
chair 0 0 -10 550.01 236.56 675.62 308.55 0.0130554
bed 0 0 -10 311.39 194.29 526.09 293.82 0.0120061
bed 0 0 -10 265.92 89.26 556.62 287.59 0.0099403
bed 0 0 -10 136.17 153.58 391.58 250.59 0.0098509
bed 0 0 -10 294.39 164.58 384.89 232.03 0.0098192
bed 0 0 -10 124.55 144.25 496.33 284.05 0.0092047
table 0 0 -10 0.99 456.12 49.83 517.12 0.0091450
night_stand 0 0 -10 336.41 207.22 392.07 244.85 0.0087905
night_stand 0 0 -10 2.39 119.44 144.93 250.05 0.0080827
dresser 0 0 -10 324.53 91.38 537.50 257.82 0.0079424
table 0 0 -10 0.74 266.19 97.27 524.31 0.0075194
night_stand 0 0 -10 333.49 205.30 404.17 274.36 0.0072209
bed 0 0 -10 176.61 199.87 502.43 514.29 0.0071744
sofa 0 0 -10 0.00 125.98 148.98 263.42 0.0071363
bed 0 0 -10 519.39 212.36 715.08 337.42 0.0069366
sofa 0 0 -10 23.54 203.35 477.94 530.00 0.0067457
table 0 0 -10 619.34 222.04 730.00 263.21 0.0066354
dresser 0 0 -10 280.41 165.49 371.02 226.00 0.0061149
table 0 0 -10 595.29 216.65 729.39 288.28 0.0056533
sofa 0 0 -10 541.42 217.84 720.36 285.37 0.0056515
bookshelf 0 0 -10 4.93 102.07 140.59 251.91 0.0051414
dresser 0 0 -10 420.80 120.71 533.15 223.54 0.0050028
bed 0 0 -10 337.28 192.68 381.29 292.70 0.0047519
bed 0 0 -10 152.34 206.63 546.14 304.45 0.0044388
desk 0 0 -10 12.30 207.71 478.37 530.00 0.0043809
bed 0 0 -10 338.75 206.85 421.77 248.23 0.0043475
bed 0 0 -10 319.84 182.13 512.56 237.88 0.0042288
bed 0 0 -10 347.77 190.31 404.26 289.91 0.0042072
table 0 0 -10 528.84 265.50 701.26 441.63 0.0041298
sofa 0 0 -10 568.90 220.42 672.39 265.80 0.0041137
night_stand 0 0 -10 349.75 213.58 390.83 239.04 0.0038373
dresser 0 0 -10 345.55 101.58 423.81 218.65 0.0036511
bed 0 0 -10 580.80 215.90 730.00 294.10 0.0035340
bed 0 0 -10 342.80 189.85 420.85 219.81 0.0035041
bed 0 0 -10 328.80 197.99 392.17 252.51 0.0032817
table 0 0 -10 3.59 134.06 156.60 256.84 0.0031234
bed 0 0 -10 300.33 179.14 395.24 266.30 0.0029447
bed 0 0 -10 233.29 195.49 406.42 321.31 0.0029260
chair 0 0 -10 37.08 246.42 455.90 529.04 0.0027360
night_stand 0 0 -10 342.52 208.27 381.57 235.04 0.0027114
bed 0 0 -10 311.60 158.08 499.30 224.15 0.0026992
sofa 0 0 -10 662.61 273.28 730.00 468.53 0.0025982
bed 0 0 -10 295.32 195.61 544.67 418.81 0.0025825
table 0 0 -10 544.27 232.62 675.28 307.61 0.0024983
bed 0 0 -10 335.98 195.62 391.25 226.36 0.0024476
bed 0 0 -10 456.80 419.54 729.71 527.13 0.0024417
chair 0 0 -10 454.52 289.75 727.50 524.22 0.0022533
chair 0 0 -10 23.85 161.94 290.82 520.07 0.0022004
bed 0 0 -10 343.43 108.01 415.30 243.79 0.0020858
bed 0 0 -10 115.08 92.26 438.87 254.31 0.0020722
chair 0 0 -10 335.00 185.19 433.45 288.47 0.0020138
night_stand 0 0 -10 499.17 234.98 544.39 311.14 0.0019849
night_stand 0 0 -10 537.33 252.95 727.81 443.35 0.0019385
bed 0 0 -10 306.72 185.17 427.28 237.63 0.0019351
chair 0 0 -10 6.12 263.77 125.35 522.89 0.0019329
night_stand 0 0 -10 286.37 165.91 375.54 235.24 0.0019325
chair 0 0 -10 39.56 232.13 180.95 518.87 0.0018365
chair 0 0 -10 447.82 405.42 726.23 529.16 0.0018341
bed 0 0 -10 506.80 150.27 698.06 313.72 0.0017949
night_stand 0 0 -10 544.19 238.19 664.77 311.91 0.0017486
dresser 0 0 -10 0.00 129.28 149.21 390.78 0.0017241
bed 0 0 -10 364.14 194.54 417.64 272.59 0.0016945
chair 0 0 -10 308.50 169.40 398.72 290.13 0.0015922
sofa 0 0 -10 3.85 142.48 138.36 501.54 0.0015908
night_stand 0 0 -10 364.13 217.66 387.86 237.19 0.0015429
dresser 0 0 -10 457.35 128.20 560.11 233.46 0.0015352
sofa 0 0 -10 289.93 229.20 687.21 530.00 0.0015341
sofa 0 0 -10 529.80 178.02 730.00 320.23 0.0014957
table 0 0 -10 5.93 446.90 157.98 528.69 0.0014825
chair 0 0 -10 572.37 220.57 662.44 267.59 0.0014231
chair 0 0 -10 338.45 186.15 391.24 280.15 0.0014072
table 0 0 -10 0.00 473.37 17.56 495.46 0.0012627
desk 0 0 -10 0.00 126.06 150.88 260.05 0.0012232
bed 0 0 -10 42.97 105.88 228.69 253.73 0.0011976
bed 0 0 -10 343.90 111.97 480.53 227.87 0.0011953
bed 0 0 -10 592.72 245.62 730.00 330.01 0.0011649
