bed 0 0 -10 127.41 90.11 631.98 530.00 0.9600366
dresser 0 0 -10 2.60 141.40 179.91 371.28 0.9350095
dresser 0 0 -10 503.99 264.75 725.78 516.81 0.4092712
dresser 0 0 -10 110.97 214.43 645.12 530.00 0.3001080
table 0 0 -10 0.41 300.50 34.34 444.79 0.2644036
night_stand 0 0 -10 1.90 136.93 179.61 384.07 0.1302811
night_stand 0 0 -10 153.13 233.62 642.66 527.60 0.1069263
night_stand 0 0 -10 441.23 275.84 518.92 325.04 0.0899353
dresser 0 0 -10 642.82 270.17 728.56 508.15 0.0832117
desk 0 0 -10 113.53 280.69 677.88 530.00 0.0581888
night_stand 0 0 -10 512.98 264.94 730.00 512.72 0.0570759
night_stand 0 0 -10 1.85 302.73 41.30 429.00 0.0507145
dresser 0 0 -10 142.74 114.64 503.94 399.42 0.0427184
bed 0 0 -10 168.64 130.39 512.92 438.82 0.0307862
desk 0 0 -10 512.02 263.28 730.00 529.35 0.0306957
table 0 0 -10 3.69 308.29 22.40 436.92 0.0306552
night_stand 0 0 -10 603.27 292.67 727.48 521.01 0.0269712
bed 0 0 -10 76.69 83.61 429.88 471.51 0.0263834
desk 0 0 -10 1.86 136.78 180.14 377.60 0.0166136
dresser 0 0 -10 196.81 339.85 670.67 528.18 0.0161407
table 0 0 -10 2.04 300.28 13.00 446.10 0.0149788
table 0 0 -10 136.93 288.53 664.57 530.00 0.0126903
dresser 0 0 -10 384.00 253.04 681.72 516.46 0.0126664
dresser 0 0 -10 435.29 120.58 564.29 345.62 0.0122634
dresser 0 0 -10 650.76 147.98 730.00 442.81 0.0109140
bed 0 0 -10 3.56 122.79 189.22 389.38 0.0085431
night_stand 0 0 -10 87.65 281.03 178.83 480.39 0.0082760
night_stand 0 0 -10 6.86 303.92 23.62 444.43 0.0076411
desk 0 0 -10 2.85 296.85 30.10 444.01 0.0076017
table 0 0 -10 515.86 274.33 724.77 528.21 0.0073004
dresser 0 0 -10 459.75 259.88 571.20 351.75 0.0067523
dresser 0 0 -10 162.66 95.68 216.77 332.37 0.0064478
dresser 0 0 -10 1.12 139.77 46.52 407.51 0.0063809
bed 0 0 -10 172.41 264.36 498.04 353.36 0.0062729
night_stand 0 0 -10 0.66 147.39 47.65 401.16 0.0060829
dresser 0 0 -10 58.43 127.66 357.83 510.05 0.0059151
night_stand 0 0 -10 157.35 114.38 524.64 487.18 0.0057858
night_stand 0 0 -10 440.06 267.40 544.46 348.66 0.0057658
night_stand 0 0 -10 352.72 343.47 648.92 525.97 0.0056425
bed 0 0 -10 124.16 306.41 659.24 530.00 0.0050481
dresser 0 0 -10 83.34 279.39 166.11 519.01 0.0049757
dresser 0 0 -10 9.65 249.07 168.18 514.31 0.0049489
dresser 0 0 -10 449.99 279.06 517.54 343.32 0.0039363
dresser 0 0 -10 0.40 308.11 36.70 425.36 0.0039071
table 0 0 -10 8.36 148.27 168.14 398.32 0.0035691
dresser 0 0 -10 4.18 166.78 89.36 408.61 0.0035645
night_stand 0 0 -10 3.54 170.33 91.42 407.46 0.0033130
table 0 0 -10 1.34 307.41 7.22 435.44 0.0032249
night_stand 0 0 -10 46.69 273.27 218.09 517.68 0.0029827
sofa 0 0 -10 128.06 122.94 650.34 524.93 0.0028405
dresser 0 0 -10 477.72 89.63 724.28 476.60 0.0025243
table 0 0 -10 1.31 298.87 44.76 376.88 0.0024225
bookshelf 0 0 -10 123.85 56.59 632.99 506.82 0.0023151
dresser 0 0 -10 526.22 270.18 706.03 421.75 0.0022044
desk 0 0 -10 117.10 435.53 661.18 523.00 0.0021258
bed 0 0 -10 443.26 218.18 720.71 530.00 0.0021055
table 0 0 -10 2.55 294.59 54.09 481.80 0.0020851
night_stand 0 0 -10 111.63 314.61 460.62 522.96 0.0020728
night_stand 0 0 -10 65.15 263.03 175.16 389.03 0.0019125
desk 0 0 -10 127.62 117.95 537.70 517.14 0.0018693
chair 0 0 -10 0.00 258.63 40.73 442.70 0.0018570
sofa 0 0 -10 1.69 295.98 43.67 462.06 0.0018431
dresser 0 0 -10 496.14 269.90 666.73 360.52 0.0018215
night_stand 0 0 -10 46.77 181.61 208.11 414.62 0.0017895
night_stand 0 0 -10 440.42 128.86 566.23 341.39 0.0017587
dresser 0 0 -10 35.26 129.11 310.60 363.65 0.0017540
night_stand 0 0 -10 2.20 322.56 48.73 386.12 0.0017240
dresser 0 0 -10 687.34 289.06 727.99 523.93 0.0017233
dresser 0 0 -10 171.60 104.62 247.71 318.40 0.0016994
chair 0 0 -10 116.19 99.11 560.23 530.00 0.0016124
desk 0 0 -10 2.98 239.42 180.82 517.48 0.0015543
night_stand 0 0 -10 105.19 265.27 276.40 512.02 0.0015356
chair 0 0 -10 0.00 136.62 159.36 385.38 0.0015184
table 0 0 -10 137.26 435.95 636.39 522.35 0.0015057
dresser 0 0 -10 438.20 215.64 610.49 474.62 0.0015025
night_stand 0 0 -10 67.80 157.58 360.31 507.37 0.0014101
dresser 0 0 -10 69.20 115.35 222.88 307.66 0.0013455
table 0 0 -10 621.93 328.26 727.17 530.00 0.0013219
table 0 0 -10 153.17 115.46 532.18 494.93 0.0013095
table 0 0 -10 3.96 273.35 9.14 440.03 0.0012670
desk 0 0 -10 618.11 320.81 730.00 530.00 0.0012327
night_stand 0 0 -10 480.70 256.61 594.27 359.42 0.0011873
bed 0 0 -10 0.48 305.58 37.02 430.74 0.0011760
bookshelf 0 0 -10 0.00 137.39 186.99 375.46 0.0011650
bookshelf 0 0 -10 143.58 336.57 657.29 529.79 0.0011198
bookshelf 0 0 -10 147.58 106.03 504.01 399.39 0.0011119
dresser 0 0 -10 124.35 431.31 655.29 523.88 0.0010924
dresser 0 0 -10 711.87 319.41 727.91 530.00 0.0010834
night_stand 0 0 -10 426.05 266.22 569.03 392.46 0.0010432
dresser 0 0 -10 7.12 305.21 23.03 443.13 0.0010345
night_stand 0 0 -10 686.45 293.91 730.00 515.23 0.0010261
table 0 0 -10 5.12 299.14 154.82 528.64 0.0010249
table 0 0 -10 2.05 193.03 55.69 436.90 0.0010098
chair 0 0 -10 322.80 374.40 678.39 529.82 0.0009974
chair 0 0 -10 2.82 284.21 23.99 447.15 0.0009764
dresser 0 0 -10 471.83 129.59 682.72 343.81 0.0009653
table 0 0 -10 76.76 279.64 164.15 530.00 0.0009463
dresser 0 0 -10 96.24 306.75 458.82 522.58 0.0009324
sofa 0 0 -10 5.65 139.63 179.52 374.21 0.0009167
dresser 0 0 -10 510.40 261.73 608.53 349.13 0.0008856
