bed 0 0 -10 0.00 34.49 586.96 520.53 0.9938720
sofa 0 0 -10 644.06 211.30 728.95 321.07 0.5777008
chair 0 0 -10 638.72 200.94 727.79 335.01 0.2129682
bed 0 0 -10 340.08 181.20 708.40 530.00 0.0657274
chair 0 0 -10 644.51 115.63 730.00 369.11 0.0325036
bed 0 0 -10 0.00 57.26 420.51 384.78 0.0210204
sofa 0 0 -10 666.33 204.41 727.55 441.29 0.0104347
sofa 0 0 -10 674.13 234.96 729.11 343.24 0.0090324
bed 0 0 -10 255.07 155.65 585.80 517.56 0.0088780
sofa 0 0 -10 647.30 126.65 729.74 361.89 0.0067981
chair 0 0 -10 625.83 196.52 730.00 435.92 0.0066126
chair 0 0 -10 381.79 202.11 719.07 530.00 0.0050678
sofa 0 0 -10 626.00 208.50 726.10 482.55 0.0045426
table 0 0 -10 629.19 199.01 726.64 325.20 0.0037239
sofa 0 0 -10 653.83 200.20 727.88 269.23 0.0029566
sofa 0 0 -10 0.00 30.49 590.37 463.82 0.0028573
bed 0 0 -10 631.75 204.99 730.00 338.97 0.0026726
chair 0 0 -10 424.49 325.36 690.79 530.00 0.0024548
chair 0 0 -10 673.29 235.62 729.10 346.28 0.0019743
bed 0 0 -10 213.97 50.69 716.73 503.12 0.0014917
bed 0 0 -10 1.52 56.57 45.87 310.23 0.0014828
sofa 0 0 -10 701.25 193.78 729.22 346.39 0.0014390
table 0 0 -10 73.79 116.36 610.00 519.26 0.0013643
bed 0 0 -10 2.40 40.18 175.77 406.71 0.0013527
chair 0 0 -10 573.78 254.00 723.43 530.00 0.0013126
chair 0 0 -10 654.27 200.29 728.72 282.67 0.0012648
dresser 0 0 -10 258.25 1.06 453.01 166.41 0.0011452
table 0 0 -10 324.79 186.92 702.61 530.00 0.0010782
bed 0 0 -10 484.53 238.02 716.49 530.00 0.0010623
table 0 0 -10 514.53 1.23 723.34 90.90 0.0010510
sofa 0 0 -10 349.77 185.95 715.79 530.00 0.0008817
night_stand 0 0 -10 640.18 210.48 729.48 340.13 0.0008713
dresser 0 0 -10 638.98 205.25 729.02 330.94 0.0008629
chair 0 0 -10 8.12 26.56 579.61 456.43 0.0008455
table 0 0 -10 678.97 253.73 725.50 528.93 0.0008232
chair 0 0 -10 90.23 250.32 694.61 527.09 0.0007794
table 0 0 -10 635.10 234.24 729.47 396.86 0.0007393
sofa 0 0 -10 716.94 195.50 728.43 363.45 0.0007283
bookshelf 0 0 -10 639.80 198.61 729.30 333.12 0.0007082
chair 0 0 -10 712.70 181.59 730.00 367.81 0.0006550
bed 0 0 -10 595.66 221.88 728.98 500.82 0.0006368
chair 0 0 -10 663.35 0.27 730.00 82.50 0.0006000
table 0 0 -10 599.01 238.55 723.78 500.71 0.0005957
dresser 0 0 -10 323.05 7.80 396.29 160.20 0.0005949
chair 0 0 -10 670.15 230.93 727.42 509.73 0.0005837
bookshelf 0 0 -10 655.28 0.00 729.64 354.33 0.0005806
desk 0 0 -10 638.41 208.44 728.22 334.60 0.0005418
bed 0 0 -10 82.89 6.66 473.38 171.76 0.0005375
dresser 0 0 -10 5.28 24.50 573.75 490.62 0.0005359
toilet 0 0 -10 637.50 206.13 729.34 347.82 0.0005295
table 0 0 -10 653.98 201.00 725.79 263.53 0.0005171
table 0 0 -10 642.24 128.30 729.92 361.54 0.0004858
night_stand 0 0 -10 21.81 50.58 572.92 482.32 0.0004618
chair 0 0 -10 246.55 107.60 394.17 244.40 0.0004536
bed 0 0 -10 15.31 3.07 693.79 109.70 0.0004282
dresser 0 0 -10 361.22 178.60 702.29 530.00 0.0004044
bathtub 0 0 -10 429.79 324.34 682.17 530.00 0.0004029
sofa 0 0 -10 670.00 239.25 726.73 295.72 0.0003974
bed 0 0 -10 289.70 5.92 506.15 181.14 0.0003827
table 0 0 -10 674.16 209.87 728.51 368.27 0.0003779
bed 0 0 -10 201.10 12.22 619.13 303.88 0.0003763
bed 0 0 -10 1.07 112.84 238.30 495.54 0.0003653
table 0 0 -10 2.85 2.99 239.71 68.43 0.0003604
bathtub 0 0 -10 646.18 203.99 730.00 336.17 0.0003569
bed 0 0 -10 404.66 6.63 729.70 332.37 0.0003489
chair 0 0 -10 648.65 0.00 730.00 151.75 0.0003478
night_stand 0 0 -10 271.53 124.63 374.64 212.61 0.0003443
bed 0 0 -10 644.72 117.50 730.00 365.16 0.0003433
bed 0 0 -10 4.23 5.00 276.66 80.20 0.0003256
sofa 0 0 -10 719.85 236.37 727.10 325.98 0.0003173
bed 0 0 -10 175.63 114.01 359.40 194.99 0.0003170
desk 0 0 -10 0.00 42.93 580.30 508.71 0.0002993
bookshelf 0 0 -10 15.37 4.16 569.89 443.02 0.0002833
sofa 0 0 -10 682.72 199.77 729.00 245.16 0.0002790
night_stand 0 0 -10 404.13 251.61 715.49 518.37 0.0002666
bed 0 0 -10 243.77 332.91 715.30 525.59 0.0002623
dresser 0 0 -10 241.80 7.48 363.93 143.07 0.0002474
chair 0 0 -10 720.47 228.21 729.06 357.94 0.0002428
sofa 0 0 -10 696.93 239.44 729.61 399.13 0.0002423
dresser 0 0 -10 645.63 101.85 730.00 346.72 0.0002396
bookshelf 0 0 -10 353.74 0.00 710.34 264.92 0.0002381
table 0 0 -10 472.04 247.91 711.42 526.17 0.0002315
chair 0 0 -10 666.83 185.84 729.40 253.29 0.0002296
bed 0 0 -10 0.56 55.30 92.34 367.46 0.0002214
table 0 0 -10 711.69 252.39 729.56 530.00 0.0002173
bed 0 0 -10 23.16 125.81 316.65 234.97 0.0002030
desk 0 0 -10 651.31 11.20 730.00 345.62 0.0001995
table 0 0 -10 697.27 201.28 729.09 238.60 0.0001987
bed 0 0 -10 344.17 17.05 584.80 234.20 0.0001957
chair 0 0 -10 4.59 302.29 214.65 530.00 0.0001933
bathtub 0 0 -10 317.71 114.28 438.22 166.29 0.0001915
chair 0 0 -10 698.79 198.72 730.00 240.09 0.0001803
bookshelf 0 0 -10 303.87 5.57 495.35 174.94 0.0001768
table 0 0 -10 42.85 1.27 683.95 106.24 0.0001760
table 0 0 -10 376.74 91.97 448.97 242.80 0.0001755
desk 0 0 -10 641.69 147.07 729.80 301.59 0.0001742
table 0 0 -10 358.23 17.26 718.51 262.73 0.0001697
table 0 0 -10 9.71 294.79 210.56 530.00 0.0001682
table 0 0 -10 315.08 116.83 407.56 162.00 0.0001645
bed 0 0 -10 2.31 126.71 125.94 462.37 0.0001644
