table 0 0 -10 243.84 210.40 355.53 302.69 0.6000016
sofa 0 0 -10 354.59 219.42 635.51 360.20 0.5244969
table 0 0 -10 2.89 209.26 207.19 367.70 0.3626494
bed 0 0 -10 0.00 203.42 207.62 368.41 0.2336897
bed 0 0 -10 358.85 221.75 640.70 363.31 0.1673232
desk 0 0 -10 238.83 204.65 353.84 302.35 0.1074067
sofa 0 0 -10 0.89 203.65 197.73 369.03 0.0883214
chair 0 0 -10 248.09 220.29 343.22 298.97 0.0781630
sofa 0 0 -10 358.51 102.47 662.52 349.45 0.0652227
chair 0 0 -10 149.35 133.12 218.56 209.05 0.0484172
night_stand 0 0 -10 253.11 218.09 344.56 300.72 0.0376577
chair 0 0 -10 362.33 213.07 645.27 364.02 0.0271629
table 0 0 -10 241.88 206.71 357.64 258.93 0.0252210
dresser 0 0 -10 248.29 219.82 343.50 296.60 0.0226876
table 0 0 -10 193.66 199.77 404.07 306.19 0.0215252
table 0 0 -10 370.38 228.50 636.05 361.62 0.0195308
bed 0 0 -10 340.90 49.89 691.65 364.99 0.0189875
table 0 0 -10 219.42 191.54 330.30 288.89 0.0146969
bookshelf 0 0 -10 348.23 0.00 710.62 334.14 0.0117437
sofa 0 0 -10 202.74 5.40 723.24 377.23 0.0098387
bed 0 0 -10 253.47 212.96 345.52 304.64 0.0073306
chair 0 0 -10 340.80 11.14 710.60 393.50 0.0065730
chair 0 0 -10 7.04 204.45 208.04 368.44 0.0062052
desk 0 0 -10 0.00 204.07 211.46 369.76 0.0056600
sofa 0 0 -10 248.65 208.79 351.73 305.02 0.0055468
bed 0 0 -10 4.42 347.37 713.66 530.00 0.0038221
table 0 0 -10 234.99 198.66 381.96 239.83 0.0030845
sofa 0 0 -10 0.00 236.51 711.66 523.51 0.0022071
table 0 0 -10 0.65 261.03 20.80 406.45 0.0021051
bed 0 0 -10 84.85 8.27 709.26 380.98 0.0019447
chair 0 0 -10 221.24 195.81 319.81 300.98 0.0017312
sofa 0 0 -10 164.14 125.20 672.95 466.23 0.0015934
table 0 0 -10 0.06 210.08 33.56 415.79 0.0015681
table 0 0 -10 157.01 201.83 250.01 304.02 0.0015380
table 0 0 -10 338.20 227.54 394.86 276.14 0.0015303
night_stand 0 0 -10 7.20 210.28 201.59 370.20 0.0014968
bookshelf 0 0 -10 253.50 211.54 344.53 299.22 0.0014614
table 0 0 -10 193.35 190.26 351.96 249.96 0.0013899
dresser 0 0 -10 349.67 11.14 718.93 322.58 0.0013691
desk 0 0 -10 340.45 220.93 639.39 379.48 0.0013070
desk 0 0 -10 217.42 173.98 385.63 309.25 0.0012525
table 0 0 -10 135.90 204.23 484.44 364.15 0.0010850
dresser 0 0 -10 0.00 204.40 196.19 367.29 0.0010740
table 0 0 -10 195.41 249.84 380.09 324.96 0.0010471
bathtub 0 0 -10 249.79 221.26 342.93 291.94 0.0010114
sofa 0 0 -10 234.76 215.77 414.17 316.33 0.0009645
sofa 0 0 -10 246.15 211.25 645.27 421.39 0.0009581
table 0 0 -10 0.00 262.34 681.94 516.90 0.0009386
chair 0 0 -10 274.75 201.66 344.29 282.87 0.0009340
toilet 0 0 -10 250.26 221.33 340.37 296.36 0.0008493
chair 0 0 -10 285.48 152.27 359.00 297.09 0.0007902
table 0 0 -10 234.32 225.16 631.50 419.69 0.0007896
bed 0 0 -10 0.00 90.31 208.53 331.08 0.0007661
sofa 0 0 -10 5.36 51.74 270.06 352.25 0.0007452
table 0 0 -10 266.20 18.04 706.72 377.20 0.0007114
chair 0 0 -10 229.60 157.62 377.65 307.79 0.0006916
night_stand 0 0 -10 353.68 224.48 637.15 384.03 0.0006847
table 0 0 -10 2.97 147.08 203.60 298.73 0.0006814
bed 0 0 -10 11.88 436.90 704.90 527.65 0.0006776
bookshelf 0 0 -10 358.34 201.79 644.18 356.93 0.0006716
table 0 0 -10 4.25 260.99 43.09 391.85 0.0006538
bookshelf 0 0 -10 657.21 0.00 728.58 324.28 0.0006487
sofa 0 0 -10 221.36 163.48 388.83 303.55 0.0006480
bed 0 0 -10 163.04 163.36 698.25 480.90 0.0006222
chair 0 0 -10 278.72 97.96 346.70 248.39 0.0006122
table 0 0 -10 103.85 200.10 231.89 350.07 0.0005943
dresser 0 0 -10 352.17 214.55 644.69 359.67 0.0005620
bed 0 0 -10 217.43 188.63 331.45 292.38 0.0005150
chair 0 0 -10 557.68 0.00 727.83 293.16 0.0005060
table 0 0 -10 244.20 261.88 355.52 313.21 0.0005008
chair 0 0 -10 270.11 172.76 360.47 226.09 0.0004972
toilet 0 0 -10 341.47 219.22 637.60 405.24 0.0004929
chair 0 0 -10 132.78 119.58 213.08 241.51 0.0004655
table 0 0 -10 148.81 141.20 215.78 216.65 0.0004508
bed 0 0 -10 239.61 189.92 562.90 330.25 0.0004495
table 0 0 -10 2.66 181.97 15.43 443.69 0.0004422
night_stand 0 0 -10 230.07 201.10 385.96 313.56 0.0004354
table 0 0 -10 440.56 234.39 646.10 322.37 0.0004293
table 0 0 -10 55.14 220.31 349.24 379.60 0.0004269
desk 0 0 -10 259.16 201.40 339.56 275.99 0.0004260
bathtub 0 0 -10 352.61 211.98 646.87 356.07 0.0004253
night_stand 0 0 -10 222.93 197.39 322.86 297.17 0.0004223
table 0 0 -10 0.97 204.70 76.64 374.76 0.0004134
table 0 0 -10 4.16 189.15 21.73 382.34 0.0004026
table 0 0 -10 355.25 101.73 654.71 346.30 0.0004006
bed 0 0 -10 19.84 141.51 589.25 377.24 0.0003936
desk 0 0 -10 241.89 210.46 375.40 250.71 0.0003895
bookshelf 0 0 -10 4.83 189.11 207.43 367.86 0.0003784
table 0 0 -10 2.69 251.94 167.36 507.65 0.0003688
chair 0 0 -10 270.46 225.00 310.57 257.84 0.0003685
chair 0 0 -10 1.18 107.13 60.02 192.65 0.0003639
bathtub 0 0 -10 0.00 200.34 213.76 387.29 0.0003304
sofa 0 0 -10 148.27 133.72 215.97 208.20 0.0003231
table 0 0 -10 30.39 213.62 442.61 471.27 0.0003118
sofa 0 0 -10 21.12 141.70 606.12 372.66 0.0003069
table 0 0 -10 216.82 160.18 387.82 227.96 0.0002979
chair 0 0 -10 0.24 216.54 49.12 398.76 0.0002975
table 0 0 -10 10.83 184.77 288.05 419.86 0.0002924
toilet 0 0 -10 0.00 205.37 206.63 376.05 0.0002906
table 0 0 -10 390.84 243.62 521.24 296.23 0.0002814
