bed 0 0 -10 95.83 163.07 720.11 530.00 0.9967229
night_stand 0 0 -10 632.70 287.99 730.00 516.30 0.9699270
table 0 0 -10 636.09 299.50 730.00 510.07 0.1516909
desk 0 0 -10 636.37 295.66 730.00 509.64 0.1258284
dresser 0 0 -10 631.18 290.06 730.00 520.69 0.0311960
bed 0 0 -10 631.31 276.85 730.00 523.09 0.0224528
bed 0 0 -10 538.55 187.73 725.40 484.52 0.0185551
chair 0 0 -10 8.25 304.86 122.97 530.00 0.0115662
table 0 0 -10 691.65 232.22 728.23 304.71 0.0110731
bed 0 0 -10 7.58 299.60 120.02 530.00 0.0107657
bed 0 0 -10 78.88 233.50 470.76 530.00 0.0067071
table 0 0 -10 652.11 379.46 727.22 459.55 0.0065789
chair 0 0 -10 640.20 316.26 728.32 520.45 0.0062359
table 0 0 -10 684.76 209.82 728.22 332.59 0.0059710
bathtub 0 0 -10 628.21 307.64 730.00 515.38 0.0050789
sofa 0 0 -10 633.84 281.77 730.00 518.96 0.0044612
toilet 0 0 -10 630.56 294.79 727.42 517.56 0.0043595
table 0 0 -10 12.37 325.28 117.97 529.09 0.0043297
night_stand 0 0 -10 676.42 199.74 727.01 465.46 0.0042070
bed 0 0 -10 23.98 13.22 592.69 460.82 0.0036756
bed 0 0 -10 274.42 157.08 686.20 441.01 0.0033208
bookshelf 0 0 -10 631.08 285.50 730.00 519.50 0.0031205
sofa 0 0 -10 81.99 128.56 730.00 513.94 0.0027220
night_stand 0 0 -10 692.17 232.64 730.00 287.85 0.0026345
table 0 0 -10 96.50 176.04 688.86 530.00 0.0025105
table 0 0 -10 665.41 367.74 729.19 528.11 0.0024615
night_stand 0 0 -10 658.72 186.61 728.13 352.63 0.0022902
table 0 0 -10 703.15 265.68 728.21 294.17 0.0022383
table 0 0 -10 654.13 232.90 728.00 336.77 0.0017019
table 0 0 -10 696.22 227.56 729.18 375.45 0.0015130
table 0 0 -10 2.59 202.51 97.86 525.73 0.0014143
sofa 0 0 -10 10.20 307.85 121.00 529.44 0.0014103
chair 0 0 -10 63.80 383.27 279.27 530.00 0.0013268
night_stand 0 0 -10 9.96 342.76 129.18 522.42 0.0013267
bed 0 0 -10 655.41 174.55 729.49 368.17 0.0012679
bed 0 0 -10 343.57 352.30 617.88 524.61 0.0011088
night_stand 0 0 -10 692.56 159.04 729.18 404.94 0.0010599
table 0 0 -10 675.69 192.14 725.72 464.96 0.0010147
dresser 0 0 -10 643.61 161.29 724.20 488.11 0.0009759
table 0 0 -10 711.98 242.83 728.14 307.38 0.0009606
dresser 0 0 -10 8.78 299.83 118.59 525.93 0.0009448
chair 0 0 -10 91.70 196.93 535.44 530.00 0.0009413
night_stand 0 0 -10 685.47 206.27 730.00 330.27 0.0009225
table 0 0 -10 706.53 159.07 728.08 339.33 0.0008827
night_stand 0 0 -10 697.34 261.14 730.00 439.77 0.0008432
chair 0 0 -10 692.77 131.86 729.06 390.86 0.0008320
table 0 0 -10 718.28 264.85 729.79 512.60 0.0007875
bed 0 0 -10 91.15 309.67 328.38 530.00 0.0007716
table 0 0 -10 715.80 265.63 728.79 294.87 0.0007624
table 0 0 -10 693.51 127.39 729.49 345.12 0.0007532
table 0 0 -10 692.81 262.45 729.16 338.06 0.0007527
night_stand 0 0 -10 703.28 265.63 730.00 293.92 0.0007525
table 0 0 -10 531.99 346.83 720.92 530.00 0.0006921
chair 0 0 -10 653.68 164.51 727.77 357.17 0.0006509
bed 0 0 -10 9.54 226.92 183.78 530.00 0.0006409
night_stand 0 0 -10 717.86 271.07 730.00 506.38 0.0005504
desk 0 0 -10 676.40 186.21 725.67 469.25 0.0005461
table 0 0 -10 710.48 385.99 729.82 528.97 0.0005364
dresser 0 0 -10 659.05 177.95 726.68 353.99 0.0005152
chair 0 0 -10 634.52 145.04 726.60 482.51 0.0005044
table 0 0 -10 717.70 234.70 728.64 335.92 0.0005020
table 0 0 -10 707.45 228.30 729.30 291.82 0.0004894
bookshelf 0 0 -10 10.21 277.06 118.81 522.38 0.0004553
chair 0 0 -10 69.54 226.66 327.47 530.00 0.0004538
bathtub 0 0 -10 0.02 290.50 45.48 394.43 0.0004528
table 0 0 -10 674.51 253.56 726.59 310.15 0.0004471
night_stand 0 0 -10 560.41 266.23 724.83 509.68 0.0004441
desk 0 0 -10 649.92 355.79 729.54 463.12 0.0004394
bathtub 0 0 -10 10.25 302.94 117.37 521.76 0.0004075
desk 0 0 -10 1.12 277.17 122.06 526.14 0.0003908
chair 0 0 -10 382.16 414.16 708.58 530.00 0.0003893
table 0 0 -10 0.02 295.44 44.21 391.56 0.0003844
night_stand 0 0 -10 692.92 256.51 730.00 304.74 0.0003841
table 0 0 -10 696.63 249.91 725.60 289.37 0.0003803
bed 0 0 -10 525.78 349.24 729.65 529.75 0.0003784
bed 0 0 -10 0.39 140.77 62.30 496.75 0.0003651
bed 0 0 -10 692.40 159.03 729.74 281.08 0.0003556
table 0 0 -10 711.75 430.26 729.16 493.74 0.0003330
table 0 0 -10 5.37 313.54 63.44 530.00 0.0003295
bathtub 0 0 -10 1.59 250.84 108.58 372.39 0.0003245
toilet 0 0 -10 8.77 302.34 117.74 528.38 0.0003224
dresser 0 0 -10 91.35 118.99 714.68 501.79 0.0003167
night_stand 0 0 -10 676.21 261.86 730.00 391.94 0.0003082
dresser 0 0 -10 678.46 179.64 725.56 467.08 0.0003057
night_stand 0 0 -10 660.83 241.10 730.00 324.34 0.0002996
bed 0 0 -10 0.00 293.49 45.37 391.44 0.0002896
table 0 0 -10 2.64 275.77 107.49 395.35 0.0002755
chair 0 0 -10 0.21 95.97 78.13 513.78 0.0002720
dresser 0 0 -10 694.03 155.01 728.43 407.89 0.0002716
bed 0 0 -10 676.29 164.96 726.24 475.74 0.0002672
table 0 0 -10 708.86 254.40 729.68 457.80 0.0002655
table 0 0 -10 603.94 395.30 722.51 530.00 0.0002614
desk 0 0 -10 85.07 162.59 708.44 529.83 0.0002608
chair 0 0 -10 518.15 360.76 722.22 529.31 0.0002565
chair 0 0 -10 701.53 154.05 727.97 316.16 0.0002557
night_stand 0 0 -10 92.41 175.23 668.91 521.44 0.0002439
table 0 0 -10 697.47 271.70 728.24 304.76 0.0002438
desk 0 0 -10 718.31 253.49 729.89 516.19 0.0002436
chair 0 0 -10 591.46 251.52 726.42 530.00 0.0002429
chair 0 0 -10 187.07 420.85 464.41 530.00 0.0002427
