bed 0 0 -10 0.00 73.49 385.78 524.42 0.9931340
dresser 0 0 -10 585.71 207.13 730.00 528.73 0.7666733
desk 0 0 -10 592.29 218.26 728.74 530.00 0.2279170
sofa 0 0 -10 448.14 85.42 677.60 274.11 0.2221495
chair 0 0 -10 442.96 82.50 672.31 279.47 0.2156560
bed 0 0 -10 51.13 89.84 689.10 530.00 0.0922307
night_stand 0 0 -10 583.95 206.33 730.00 530.00 0.0755567
table 0 0 -10 591.22 206.13 727.82 530.00 0.0482096
chair 0 0 -10 571.66 185.42 720.92 530.00 0.0294531
bed 0 0 -10 0.30 67.72 166.80 437.02 0.0293602
dresser 0 0 -10 656.34 169.91 730.00 464.15 0.0213970
bed 0 0 -10 0.00 40.88 178.69 248.08 0.0194875
bed 0 0 -10 584.88 188.20 728.48 530.00 0.0155199
bed 0 0 -10 0.00 21.79 386.05 214.23 0.0154119
sofa 0 0 -10 587.13 180.12 728.64 530.00 0.0142276
dresser 0 0 -10 679.82 216.11 726.41 526.79 0.0125242
table 0 0 -10 634.40 152.73 725.67 314.52 0.0086144
bookshelf 0 0 -10 586.34 197.97 727.85 530.00 0.0080940
desk 0 0 -10 656.55 174.34 729.86 465.46 0.0076729
table 0 0 -10 23.43 83.15 638.32 528.06 0.0062023
bed 0 0 -10 0.00 83.09 347.90 332.45 0.0057991
table 0 0 -10 605.47 117.21 727.21 390.97 0.0046668
bed 0 0 -10 4.16 84.80 165.63 177.72 0.0045378
sofa 0 0 -10 18.78 85.71 641.44 530.00 0.0042130
bed 0 0 -10 0.00 50.79 106.53 348.34 0.0040869
toilet 0 0 -10 572.04 209.48 721.68 530.00 0.0039609
bed 0 0 -10 1.59 9.84 314.94 142.71 0.0039069
bathtub 0 0 -10 590.58 230.01 722.60 526.24 0.0038281
table 0 0 -10 656.01 149.96 726.75 221.63 0.0029627
chair 0 0 -10 645.94 202.24 729.79 518.80 0.0029474
bed 0 0 -10 0.00 74.18 91.73 232.27 0.0028975
bed 0 0 -10 3.95 70.72 51.28 410.26 0.0027876
table 0 0 -10 1.02 1.62 87.58 84.60 0.0026813
table 0 0 -10 655.51 181.36 728.08 468.51 0.0026168
chair 0 0 -10 8.40 111.41 387.71 530.00 0.0024896
table 0 0 -10 479.51 76.21 680.65 262.01 0.0022007
night_stand 0 0 -10 625.95 164.88 730.00 398.26 0.0021929
bed 0 0 -10 0.00 61.70 147.43 134.12 0.0021694
bed 0 0 -10 176.68 131.34 430.56 527.36 0.0019694
bed 0 0 -10 0.00 5.71 90.80 101.87 0.0016672
dresser 0 0 -10 704.25 234.64 728.68 501.80 0.0016659
sofa 0 0 -10 487.03 67.25 700.88 374.92 0.0016326
desk 0 0 -10 689.47 196.16 728.88 522.67 0.0016305
bookshelf 0 0 -10 691.44 183.36 728.04 530.00 0.0015430
bed 0 0 -10 0.00 4.11 174.52 121.97 0.0014765
chair 0 0 -10 529.14 0.30 649.66 121.00 0.0014153
bookshelf 0 0 -10 18.76 0.00 204.78 111.69 0.0013363
bed 0 0 -10 59.94 66.84 162.91 206.52 0.0013112
chair 0 0 -10 636.04 123.54 730.00 402.88 0.0012030
chair 0 0 -10 682.02 164.06 728.39 463.66 0.0011578
table 0 0 -10 689.16 202.97 727.62 530.00 0.0011497
bookshelf 0 0 -10 657.37 147.48 730.00 468.17 0.0011438
chair 0 0 -10 60.49 46.68 165.28 203.76 0.0011300
chair 0 0 -10 2.01 0.74 96.36 84.63 0.0010815
bookshelf 0 0 -10 65.76 0.00 148.11 118.12 0.0010481
table 0 0 -10 8.57 1.07 239.53 115.24 0.0010426
bed 0 0 -10 441.97 89.93 678.27 275.12 0.0010417
dresser 0 0 -10 10.12 92.71 629.79 530.00 0.0010282
desk 0 0 -10 634.24 148.52 727.47 317.02 0.0010219
chair 0 0 -10 592.11 76.86 722.98 361.30 0.0010153
bed 0 0 -10 27.97 350.82 632.72 527.37 0.0010128
bookshelf 0 0 -10 446.09 74.63 671.92 279.47 0.0010102
desk 0 0 -10 3.82 72.00 657.86 528.66 0.0010071
table 0 0 -10 6.14 0.00 138.01 102.20 0.0009746
chair 0 0 -10 365.74 102.50 695.07 471.38 0.0009647
bookshelf 0 0 -10 510.64 1.26 685.71 177.28 0.0009091
chair 0 0 -10 0.00 28.34 185.32 224.80 0.0008608
table 0 0 -10 641.24 132.69 677.70 258.34 0.0008564
dresser 0 0 -10 18.90 2.15 203.99 111.19 0.0008531
table 0 0 -10 520.47 149.52 704.14 313.38 0.0008339
chair 0 0 -10 606.59 88.78 697.13 284.08 0.0008154
table 0 0 -10 672.70 120.21 727.32 211.21 0.0007996
bookshelf 0 0 -10 528.74 1.18 651.62 114.53 0.0007868
night_stand 0 0 -10 46.52 68.47 153.24 203.04 0.0007500
dresser 0 0 -10 442.93 84.56 674.43 279.81 0.0007369
bed 0 0 -10 4.52 1.84 590.01 112.68 0.0007283
chair 0 0 -10 112.44 186.15 678.22 530.00 0.0007275
sofa 0 0 -10 0.00 61.60 339.27 522.44 0.0007040
chair 0 0 -10 71.96 2.21 152.19 106.10 0.0006949
chair 0 0 -10 672.81 152.16 729.87 232.76 0.0006944
bed 0 0 -10 56.65 430.75 641.86 523.23 0.0006917
sofa 0 0 -10 465.34 153.49 724.08 524.76 0.0006895
chair 0 0 -10 461.66 15.85 706.76 236.91 0.0006693
dresser 0 0 -10 65.82 7.24 147.41 116.89 0.0006605
table 0 0 -10 77.73 64.06 152.31 106.23 0.0006516
desk 0 0 -10 681.16 114.40 725.08 444.34 0.0006440
night_stand 0 0 -10 450.88 93.81 674.49 282.39 0.0006342
bed 0 0 -10 73.05 26.67 626.28 372.17 0.0006287
bed 0 0 -10 448.62 150.28 723.85 525.50 0.0006227
toilet 0 0 -10 438.74 91.58 676.60 294.81 0.0006086
sofa 0 0 -10 303.51 113.28 694.92 505.83 0.0005823
chair 0 0 -10 446.44 107.49 558.90 252.68 0.0005791
bed 0 0 -10 630.16 74.23 730.00 472.03 0.0005608
table 0 0 -10 598.36 146.08 689.79 338.15 0.0005585
table 0 0 -10 1.97 71.82 380.23 458.91 0.0005470
bathtub 0 0 -10 657.90 163.43 730.00 452.92 0.0005433
sofa 0 0 -10 563.95 69.46 708.16 289.71 0.0005410
table 0 0 -10 518.85 1.12 660.61 114.98 0.0005158
desk 0 0 -10 605.41 109.01 727.48 388.92 0.0005149
table 0 0 -10 451.66 130.13 518.49 193.76 0.0005051
