sofa 0 0 -10 11.93 56.01 609.99 311.84 0.9765247
chair 0 0 -10 578.96 179.53 727.95 358.58 0.9633476
chair 0 0 -10 372.93 179.56 613.12 420.38 0.9625098
chair 0 0 -10 116.74 200.48 355.92 499.94 0.9597927
table 0 0 -10 520.20 159.46 702.94 327.69 0.7412393
table 0 0 -10 106.84 190.87 404.25 394.84 0.2172382
sofa 0 0 -10 50.17 136.23 460.45 446.95 0.1719261
sofa 0 0 -10 259.59 132.56 603.61 388.68 0.0803752
table 0 0 -10 34.96 128.87 590.54 459.21 0.0679190
chair 0 0 -10 1.82 64.26 50.94 338.53 0.0564384
desk 0 0 -10 503.02 177.62 725.54 362.00 0.0475930
chair 0 0 -10 514.00 165.16 696.38 366.80 0.0375577
sofa 0 0 -10 264.17 72.96 592.54 291.85 0.0320329
desk 0 0 -10 106.38 192.25 405.17 403.78 0.0296161
table 0 0 -10 402.84 170.71 679.74 373.07 0.0294050
table 0 0 -10 362.37 170.34 526.17 318.01 0.0260744
sofa 0 0 -10 109.89 161.66 432.46 342.58 0.0254411
sofa 0 0 -10 35.27 1.87 543.03 76.93 0.0231474
chair 0 0 -10 673.10 162.16 728.58 335.44 0.0227124
table 0 0 -10 6.37 0.00 548.91 84.82 0.0218970
chair 0 0 -10 20.38 62.66 241.74 342.54 0.0186818
chair 0 0 -10 382.27 186.71 533.78 359.43 0.0184415
sofa 0 0 -10 117.94 178.02 354.50 459.28 0.0143156
bed 0 0 -10 10.14 2.15 545.33 74.04 0.0129517
table 0 0 -10 492.75 182.69 721.43 448.90 0.0122352
chair 0 0 -10 643.04 46.04 730.00 333.30 0.0119136
desk 0 0 -10 68.98 131.88 629.19 499.18 0.0107588
table 0 0 -10 88.73 209.22 494.27 514.56 0.0106054
table 0 0 -10 191.84 186.13 683.40 509.57 0.0099820
chair 0 0 -10 25.33 82.98 414.60 469.54 0.0096968
table 0 0 -10 189.77 198.92 353.75 416.80 0.0092748
chair 0 0 -10 693.43 177.30 729.85 387.72 0.0090404
chair 0 0 -10 710.57 165.81 729.25 324.62 0.0089613
table 0 0 -10 591.73 173.73 729.00 323.93 0.0088569
chair 0 0 -10 649.93 208.29 730.00 450.50 0.0087199
chair 0 0 -10 529.96 188.50 730.00 449.92 0.0085427
chair 0 0 -10 102.13 136.67 310.08 388.43 0.0077345
table 0 0 -10 692.09 210.17 730.00 479.79 0.0062304
table 0 0 -10 553.79 16.22 727.35 244.08 0.0055403
sofa 0 0 -10 385.62 182.21 598.19 352.88 0.0054244
table 0 0 -10 309.24 180.08 577.72 408.23 0.0053147
chair 0 0 -10 584.23 200.83 682.16 313.50 0.0051779
chair 0 0 -10 335.76 76.86 581.29 243.46 0.0050701
desk 0 0 -10 398.62 169.83 683.83 382.75 0.0048818
chair 0 0 -10 0.00 138.04 37.37 360.99 0.0047772
chair 0 0 -10 217.98 99.51 564.78 450.39 0.0047585
table 0 0 -10 150.47 212.06 383.19 337.32 0.0047383
desk 0 0 -10 382.65 189.20 522.88 354.30 0.0045793
chair 0 0 -10 6.36 67.83 27.47 346.32 0.0045646
chair 0 0 -10 0.00 205.09 24.72 349.35 0.0043716
chair 0 0 -10 347.09 128.55 570.96 351.81 0.0043384
table 0 0 -10 95.51 198.36 247.23 356.41 0.0042255
night_stand 0 0 -10 107.95 193.91 360.14 453.04 0.0041506
table 0 0 -10 378.20 191.48 484.66 344.12 0.0040841
table 0 0 -10 645.65 224.17 729.13 508.61 0.0038234
sofa 0 0 -10 267.61 174.39 431.59 309.95 0.0036217
table 0 0 -10 33.45 73.06 496.93 344.39 0.0035621
chair 0 0 -10 2.84 63.79 16.42 350.02 0.0033771
sofa 0 0 -10 508.48 170.71 728.53 349.64 0.0033255
chair 0 0 -10 698.01 200.12 729.55 312.39 0.0033174
table 0 0 -10 124.26 245.36 350.63 506.28 0.0032085
chair 0 0 -10 280.27 189.20 637.24 509.84 0.0030944
chair 0 0 -10 420.05 148.34 546.73 319.36 0.0030625
chair 0 0 -10 540.58 63.69 728.92 339.82 0.0030031
table 0 0 -10 669.09 173.20 729.10 317.99 0.0028314
chair 0 0 -10 193.17 154.09 376.55 432.97 0.0026801
table 0 0 -10 59.73 153.02 345.31 354.04 0.0025675
bookshelf 0 0 -10 113.28 185.89 355.71 447.14 0.0025353
chair 0 0 -10 685.91 10.14 728.14 324.61 0.0025241
bed 0 0 -10 21.89 59.81 507.19 345.89 0.0025150
table 0 0 -10 0.00 110.91 79.88 317.09 0.0024102
sofa 0 0 -10 362.31 97.34 681.45 368.12 0.0023967
table 0 0 -10 377.08 211.65 642.82 444.99 0.0022471
bed 0 0 -10 55.03 136.34 462.91 459.89 0.0022245
desk 0 0 -10 11.87 53.84 580.78 370.70 0.0021997
table 0 0 -10 696.56 179.19 728.30 315.30 0.0021886
toilet 0 0 -10 108.25 192.89 354.56 460.52 0.0021369
chair 0 0 -10 688.23 234.14 730.00 497.75 0.0021042
dresser 0 0 -10 112.09 192.45 359.00 453.46 0.0020308
bookshelf 0 0 -10 18.53 0.00 549.31 88.81 0.0019941
sofa 0 0 -10 142.06 46.03 442.84 284.66 0.0019583
night_stand 0 0 -10 381.89 193.80 531.67 356.63 0.0019568
table 0 0 -10 205.52 189.31 432.71 303.87 0.0019495
chair 0 0 -10 0.00 137.63 50.92 484.55 0.0019340
bed 0 0 -10 107.25 188.81 381.54 424.04 0.0018440
chair 0 0 -10 713.37 195.56 722.20 303.64 0.0017917
desk 0 0 -10 211.44 132.05 604.56 387.67 0.0017468
night_stand 0 0 -10 503.95 166.57 724.55 352.95 0.0016877
chair 0 0 -10 421.63 92.81 679.63 335.56 0.0016769
sofa 0 0 -10 292.56 97.95 579.07 217.62 0.0016074
desk 0 0 -10 124.49 238.75 349.70 503.97 0.0015789
chair 0 0 -10 698.21 268.73 729.05 312.90 0.0015645
desk 0 0 -10 593.24 171.65 728.95 326.86 0.0014837
bookshelf 0 0 -10 64.79 93.94 443.22 440.45 0.0014775
chair 0 0 -10 123.41 195.98 357.96 346.42 0.0014756
bathtub 0 0 -10 16.84 0.00 550.90 76.62 0.0014385
table 0 0 -10 0.00 131.38 33.60 358.35 0.0014268
sofa 0 0 -10 28.45 25.18 571.59 191.13 0.0014170
table 0 0 -10 581.59 198.36 666.03 310.82 0.0013580
bathtub 0 0 -10 106.32 189.43 363.99 441.94 0.0013450
