bed 0 0 -10 263.57 199.27 682.58 524.02 0.9943926
bed 0 0 -10 6.61 148.53 455.99 530.00 0.9788867
dresser 0 0 -10 496.56 213.09 571.47 317.89 0.9310546
dresser 0 0 -10 562.82 218.00 688.38 336.61 0.9160340
dresser 0 0 -10 623.27 52.03 730.00 223.83 0.8890424
dresser 0 0 -10 0.00 122.85 71.18 299.27 0.7789748
dresser 0 0 -10 631.49 40.72 729.61 395.24 0.6767579
dresser 0 0 -10 450.80 203.67 528.45 302.05 0.2878928
dresser 0 0 -10 678.54 208.09 729.33 442.95 0.2814549
night_stand 0 0 -10 682.40 293.28 728.97 412.63 0.2445993
dresser 0 0 -10 446.25 211.17 579.18 329.53 0.2006333
dresser 0 0 -10 685.97 218.82 729.38 342.92 0.1345192
dresser 0 0 -10 613.68 222.16 724.93 326.33 0.1087525
dresser 0 0 -10 699.57 126.57 728.80 290.75 0.1069702
dresser 0 0 -10 570.14 216.51 717.12 404.92 0.0996578
dresser 0 0 -10 642.17 227.96 726.11 412.99 0.0846187
dresser 0 0 -10 694.29 74.98 728.34 358.42 0.0646279
night_stand 0 0 -10 692.05 282.49 728.36 344.23 0.0633693
chair 0 0 -10 14.87 140.13 465.99 530.00 0.0545832
bed 0 0 -10 215.51 275.43 546.71 530.00 0.0518616
sofa 0 0 -10 7.14 143.02 472.31 520.22 0.0481171
dresser 0 0 -10 665.56 63.68 728.37 255.45 0.0405579
dresser 0 0 -10 358.40 141.37 432.76 266.66 0.0353310
dresser 0 0 -10 657.22 153.10 726.32 368.16 0.0320866
dresser 0 0 -10 581.96 153.44 728.67 307.22 0.0306251
dresser 0 0 -10 0.00 138.32 36.06 296.55 0.0291339
bed 0 0 -10 677.74 193.96 729.59 459.72 0.0263102
dresser 0 0 -10 691.70 283.76 728.30 397.02 0.0250912
dresser 0 0 -10 703.09 72.90 729.70 243.34 0.0246268
bed 0 0 -10 0.00 112.93 76.76 303.42 0.0236832
table 0 0 -10 231.90 160.02 368.38 279.27 0.0203643
dresser 0 0 -10 666.42 188.44 728.82 303.17 0.0187160
night_stand 0 0 -10 1.64 131.70 79.34 294.58 0.0186372
night_stand 0 0 -10 499.61 212.67 573.72 320.09 0.0178804
dresser 0 0 -10 233.72 157.44 416.29 280.10 0.0145980
night_stand 0 0 -10 622.62 102.40 728.63 226.06 0.0133794
dresser 0 0 -10 532.79 211.24 630.37 323.57 0.0133202
dresser 0 0 -10 719.12 85.34 726.11 206.24 0.0121204
bed 0 0 -10 678.63 295.66 729.42 417.12 0.0120582
night_stand 0 0 -10 681.95 228.94 728.08 344.31 0.0118803
dresser 0 0 -10 446.45 205.63 507.51 274.24 0.0112902
bed 0 0 -10 366.40 217.90 716.89 443.34 0.0111059
night_stand 0 0 -10 565.88 221.65 679.29 342.55 0.0110201
desk 0 0 -10 617.29 50.10 730.00 233.58 0.0108751
dresser 0 0 -10 641.07 223.13 697.74 329.94 0.0102197
dresser 0 0 -10 422.76 203.73 511.55 322.44 0.0099164
dresser 0 0 -10 678.89 314.34 729.34 412.81 0.0092037
dresser 0 0 -10 714.98 159.23 729.83 419.64 0.0088287
night_stand 0 0 -10 705.94 127.51 728.67 282.22 0.0087476
dresser 0 0 -10 266.11 189.31 688.74 527.15 0.0085517
chair 0 0 -10 462.94 318.52 690.93 530.00 0.0082219
chair 0 0 -10 495.37 208.41 570.82 307.67 0.0080478
bed 0 0 -10 418.91 331.74 668.26 530.00 0.0080273
sofa 0 0 -10 269.67 162.51 671.83 514.60 0.0076936
dresser 0 0 -10 571.80 71.73 727.42 275.87 0.0073431
dresser 0 0 -10 729.98 79.98 730.00 218.14 0.0072306
dresser 0 0 -10 501.57 213.76 567.63 272.33 0.0070863
chair 0 0 -10 606.32 38.94 727.24 229.28 0.0069563
dresser 0 0 -10 715.47 37.83 729.71 223.73 0.0068895
dresser 0 0 -10 688.52 112.00 726.80 238.83 0.0067879
dresser 0 0 -10 729.14 76.43 730.00 216.54 0.0065963
night_stand 0 0 -10 709.20 230.67 729.79 412.29 0.0064968
bed 0 0 -10 217.33 150.95 427.11 288.01 0.0064623
table 0 0 -10 682.05 289.67 729.12 415.92 0.0062599
bookshelf 0 0 -10 0.00 114.27 72.02 296.52 0.0060389
dresser 0 0 -10 466.98 216.47 560.28 292.64 0.0059597
night_stand 0 0 -10 663.55 230.47 729.29 443.73 0.0058407
night_stand 0 0 -10 686.37 196.96 729.30 295.09 0.0056697
night_stand 0 0 -10 357.98 141.43 432.48 265.18 0.0055185
chair 0 0 -10 157.11 325.82 505.79 530.00 0.0053817
dresser 0 0 -10 0.24 135.78 10.57 296.19 0.0051703
dresser 0 0 -10 722.55 79.02 728.34 218.26 0.0051027
table 0 0 -10 274.05 257.39 700.80 530.00 0.0049989
bookshelf 0 0 -10 357.97 136.08 433.69 271.19 0.0048676
dresser 0 0 -10 663.15 222.79 707.62 358.40 0.0047881
dresser 0 0 -10 14.20 146.45 415.33 524.26 0.0047324
table 0 0 -10 13.10 151.73 467.11 528.64 0.0043038
dresser 0 0 -10 440.91 132.85 611.87 307.54 0.0042666
dresser 0 0 -10 491.93 49.41 721.23 430.29 0.0042258
dresser 0 0 -10 579.36 261.02 679.09 449.24 0.0041475
dresser 0 0 -10 611.70 236.96 700.55 436.62 0.0041441
dresser 0 0 -10 338.86 163.96 510.24 304.65 0.0040783
desk 0 0 -10 486.80 211.20 573.28 314.96 0.0039715
night_stand 0 0 -10 449.67 207.26 510.37 289.20 0.0038818
dresser 0 0 -10 267.44 52.15 714.44 392.72 0.0037963
dresser 0 0 -10 320.37 178.85 426.08 274.07 0.0037920
bed 0 0 -10 0.00 66.94 411.28 372.79 0.0037354
bed 0 0 -10 2.34 124.80 244.83 504.57 0.0036345
dresser 0 0 -10 308.40 189.78 645.13 304.46 0.0034864
bed 0 0 -10 131.05 29.04 730.00 384.31 0.0034069
bed 0 0 -10 266.49 196.75 600.44 402.07 0.0033775
dresser 0 0 -10 729.60 116.72 730.00 230.13 0.0032873
bed 0 0 -10 210.97 161.72 438.55 411.45 0.0032456
bed 0 0 -10 540.19 202.12 713.52 426.32 0.0031773
desk 0 0 -10 448.63 206.22 510.90 292.04 0.0031621
dresser 0 0 -10 402.30 193.66 702.40 433.11 0.0031030
bookshelf 0 0 -10 21.93 144.20 408.72 518.80 0.0029375
night_stand 0 0 -10 691.14 149.21 728.75 452.06 0.0029238
sofa 0 0 -10 679.97 324.80 728.50 413.28 0.0029106
desk 0 0 -10 560.34 225.20 681.34 345.45 0.0028426
