bed 0 0 -10 51.78 126.49 622.68 529.98 0.9967800
night_stand 0 0 -10 0.52 262.59 88.67 426.52 0.9483197
night_stand 0 0 -10 606.30 259.76 725.24 451.40 0.7293994
dresser 0 0 -10 354.19 170.67 445.28 253.80 0.5775959
night_stand 0 0 -10 5.72 304.80 191.86 521.10 0.2896969
dresser 0 0 -10 610.52 246.90 721.80 452.08 0.1796713
table 0 0 -10 4.46 298.36 168.05 527.35 0.1740202
night_stand 0 0 -10 7.45 266.96 139.01 463.68 0.1416581
dresser 0 0 -10 413.71 209.41 605.01 327.34 0.1362814
chair 0 0 -10 0.00 309.41 182.33 528.08 0.1201823
sofa 0 0 -10 1.52 173.38 79.69 267.62 0.1200299
bed 0 0 -10 395.50 186.36 619.86 343.99 0.1019618
dresser 0 0 -10 334.71 128.89 460.39 268.39 0.0935839
night_stand 0 0 -10 1.08 236.91 80.71 359.37 0.0690785
dresser 0 0 -10 358.20 162.48 427.96 227.49 0.0592052
dresser 0 0 -10 359.44 82.67 607.38 278.96 0.0583818
table 0 0 -10 6.17 261.60 115.85 481.85 0.0528101
table 0 0 -10 607.61 246.31 725.06 450.08 0.0489762
night_stand 0 0 -10 29.64 215.08 83.80 279.54 0.0409826
table 0 0 -10 2.84 283.54 91.84 418.11 0.0392134
bed 0 0 -10 360.11 82.43 615.45 313.46 0.0372186
bed 0 0 -10 604.24 228.75 729.38 470.57 0.0354383
dresser 0 0 -10 0.49 262.58 83.20 413.98 0.0343429
bed 0 0 -10 0.00 154.25 77.83 265.22 0.0273323
dresser 0 0 -10 507.13 220.19 602.62 332.31 0.0267231
bed 0 0 -10 0.00 242.52 191.01 528.84 0.0250630
bed 0 0 -10 394.05 203.43 722.25 385.47 0.0243934
night_stand 0 0 -10 413.87 213.09 607.69 334.34 0.0220649
dresser 0 0 -10 227.90 144.60 327.82 217.74 0.0216401
desk 0 0 -10 605.48 248.21 727.73 469.78 0.0212447
dresser 0 0 -10 682.13 255.87 726.10 460.05 0.0189612
desk 0 0 -10 0.15 261.41 84.53 428.86 0.0180203
bed 0 0 -10 286.70 201.46 626.17 477.02 0.0175596
desk 0 0 -10 1.17 292.86 168.90 527.49 0.0169411
night_stand 0 0 -10 348.73 173.77 448.44 266.34 0.0165755
night_stand 0 0 -10 329.34 210.96 459.93 303.60 0.0165418
night_stand 0 0 -10 26.22 217.60 95.55 331.44 0.0139210
night_stand 0 0 -10 37.45 260.38 86.03 336.15 0.0135766
table 0 0 -10 33.30 213.72 80.37 274.97 0.0126794
table 0 0 -10 1.51 217.59 78.02 282.31 0.0120610
bed 0 0 -10 480.53 234.91 730.00 454.18 0.0119547
bed 0 0 -10 13.27 127.47 274.15 521.03 0.0110910
bed 0 0 -10 393.59 191.68 603.58 276.08 0.0109565
dresser 0 0 -10 321.61 171.02 530.68 300.32 0.0108805
table 0 0 -10 603.91 220.79 725.65 274.47 0.0105671
table 0 0 -10 3.58 223.89 86.94 331.10 0.0092125
dresser 0 0 -10 2.24 273.70 174.19 525.00 0.0087661
dresser 0 0 -10 324.94 177.92 415.66 238.13 0.0087022
table 0 0 -10 1.39 244.95 45.57 521.01 0.0082119
dresser 0 0 -10 378.93 123.38 668.89 326.82 0.0079794
sofa 0 0 -10 6.07 151.12 78.72 219.97 0.0077733
bed 0 0 -10 422.45 196.65 585.79 234.58 0.0076094
bed 0 0 -10 0.00 147.40 68.54 220.67 0.0075815
chair 0 0 -10 609.63 250.69 724.26 451.87 0.0074015
bed 0 0 -10 356.36 167.04 469.10 264.01 0.0072130
chair 0 0 -10 0.00 212.69 91.95 404.14 0.0070814
night_stand 0 0 -10 364.79 73.36 623.38 244.05 0.0070707
dresser 0 0 -10 366.32 182.56 517.59 267.57 0.0069890
bed 0 0 -10 404.28 175.91 588.56 246.18 0.0068077
night_stand 0 0 -10 661.11 273.50 727.15 463.32 0.0067428
night_stand 0 0 -10 356.86 177.54 433.87 232.62 0.0066449
bed 0 0 -10 450.31 203.34 691.35 260.82 0.0063567
table 0 0 -10 637.87 213.19 720.22 244.88 0.0063262
bed 0 0 -10 252.21 177.71 600.60 365.01 0.0058582
dresser 0 0 -10 400.98 197.39 594.29 270.22 0.0057888
sofa 0 0 -10 17.00 207.78 80.69 259.83 0.0055748
dresser 0 0 -10 453.34 78.51 613.57 224.07 0.0052772
bed 0 0 -10 690.43 262.76 729.91 480.07 0.0052693
dresser 0 0 -10 307.32 142.68 409.51 245.40 0.0051362
dresser 0 0 -10 4.79 250.00 116.32 478.96 0.0047531
sofa 0 0 -10 607.62 246.45 727.21 469.12 0.0046104
bed 0 0 -10 328.63 150.59 489.25 305.43 0.0040676
bed 0 0 -10 0.00 219.92 92.22 415.13 0.0040553
sofa 0 0 -10 1.65 247.31 189.65 530.00 0.0040251
dresser 0 0 -10 416.80 88.16 551.70 212.31 0.0039554
dresser 0 0 -10 448.02 222.08 643.95 302.15 0.0038674
dresser 0 0 -10 326.28 189.82 443.91 297.30 0.0037314
chair 0 0 -10 1.16 272.90 113.54 488.49 0.0035112
dresser 0 0 -10 419.86 214.71 705.61 380.01 0.0034116
chair 0 0 -10 12.75 207.07 89.25 308.28 0.0032539
dresser 0 0 -10 462.34 205.54 675.93 258.32 0.0032044
night_stand 0 0 -10 639.73 211.89 721.78 245.67 0.0031734
chair 0 0 -10 48.41 135.63 339.83 530.00 0.0031288
dresser 0 0 -10 55.97 129.77 316.49 264.85 0.0030436
dresser 0 0 -10 353.62 122.69 461.12 213.82 0.0029173
dresser 0 0 -10 245.77 146.79 355.86 248.74 0.0028239
dresser 0 0 -10 697.60 281.84 728.27 445.55 0.0027711
night_stand 0 0 -10 9.25 190.20 85.54 276.47 0.0026942
dresser 0 0 -10 525.67 217.49 589.89 287.54 0.0026886
dresser 0 0 -10 28.54 215.01 82.91 277.94 0.0025431
chair 0 0 -10 3.52 186.23 80.65 271.82 0.0025197
table 0 0 -10 23.32 219.78 72.69 253.13 0.0024801
dresser 0 0 -10 648.32 226.98 728.28 390.12 0.0024535
table 0 0 -10 0.34 217.63 31.44 447.41 0.0024214
chair 0 0 -10 672.89 296.27 729.30 502.91 0.0024153
dresser 0 0 -10 533.69 218.95 715.17 315.05 0.0023808
sofa 0 0 -10 692.55 271.34 728.65 480.27 0.0023469
dresser 0 0 -10 358.73 157.61 489.44 225.40 0.0023371
night_stand 0 0 -10 5.75 221.05 46.61 349.06 0.0022524
night_stand 0 0 -10 430.54 224.50 704.62 376.73 0.0022404
