bed 0 0 -10 62.36 155.94 564.27 530.00 0.9942884
dresser 0 0 -10 309.44 199.29 408.01 303.39 0.8974587
bed 0 0 -10 400.87 248.33 640.18 424.03 0.5290349
dresser 0 0 -10 412.85 257.74 624.68 427.59 0.4670766
dresser 0 0 -10 0.55 261.26 92.63 415.83 0.4289133
night_stand 0 0 -10 4.36 266.57 96.21 445.58 0.4096329
night_stand 0 0 -10 302.42 198.83 408.23 300.19 0.2387541
sofa 0 0 -10 600.96 334.71 726.75 530.00 0.2194939
night_stand 0 0 -10 434.57 266.04 634.91 437.19 0.1496104
sofa 0 0 -10 692.37 329.26 729.23 527.24 0.0934950
dresser 0 0 -10 286.74 152.36 406.69 320.80 0.0810869
dresser 0 0 -10 393.78 129.94 644.89 412.59 0.0719041
sofa 0 0 -10 3.47 447.85 220.38 530.00 0.0715969
sofa 0 0 -10 658.19 309.54 723.01 526.89 0.0526935
table 0 0 -10 601.38 355.86 709.21 525.25 0.0324372
table 0 0 -10 7.91 451.29 211.83 526.66 0.0308570
desk 0 0 -10 0.05 256.02 96.60 445.23 0.0231855
chair 0 0 -10 597.64 342.46 727.92 526.81 0.0217159
sofa 0 0 -10 405.83 253.42 628.33 434.55 0.0208795
dresser 0 0 -10 521.63 259.38 619.70 407.50 0.0199747
bookshelf 0 0 -10 680.73 204.23 725.02 366.24 0.0186052
dresser 0 0 -10 352.70 207.20 408.80 297.57 0.0184345
desk 0 0 -10 309.75 200.90 408.70 296.20 0.0178930
desk 0 0 -10 406.74 257.86 626.93 433.74 0.0178687
sofa 0 0 -10 77.06 210.62 590.03 530.00 0.0154850
sofa 0 0 -10 693.75 244.41 726.84 412.20 0.0153170
bed 0 0 -10 685.25 209.13 726.99 372.21 0.0137527
bed 0 0 -10 332.35 215.76 670.05 489.37 0.0105624
table 0 0 -10 4.60 268.11 95.75 436.87 0.0104494
table 0 0 -10 700.67 383.93 728.43 528.71 0.0094634
dresser 0 0 -10 1.26 277.62 87.99 350.87 0.0094359
dresser 0 0 -10 323.60 133.59 588.35 330.46 0.0093474
sofa 0 0 -10 697.46 305.29 726.64 452.28 0.0086196
dresser 0 0 -10 680.61 214.45 724.84 368.11 0.0083024
night_stand 0 0 -10 520.74 271.98 633.96 417.15 0.0081265
sofa 0 0 -10 709.84 322.19 729.44 518.73 0.0080197
bookshelf 0 0 -10 411.03 127.77 629.09 411.61 0.0075031
bookshelf 0 0 -10 669.13 224.01 711.30 367.19 0.0072681
bed 0 0 -10 2.90 451.98 217.78 528.50 0.0071752
chair 0 0 -10 659.57 208.85 728.58 365.86 0.0065335
night_stand 0 0 -10 600.73 357.45 715.47 530.00 0.0065255
chair 0 0 -10 401.96 239.17 630.88 425.05 0.0064951
chair 0 0 -10 540.41 250.07 632.83 416.85 0.0063739
table 0 0 -10 410.18 263.52 623.55 433.59 0.0060674
dresser 0 0 -10 324.49 195.90 379.74 293.12 0.0059904
bookshelf 0 0 -10 667.75 213.73 692.14 358.62 0.0052513
bed 0 0 -10 379.67 115.88 649.53 435.00 0.0047646
dresser 0 0 -10 8.74 199.50 128.57 430.86 0.0045680
dresser 0 0 -10 560.08 264.45 624.67 365.78 0.0044578
night_stand 0 0 -10 415.06 162.61 626.55 407.74 0.0044520
bed 0 0 -10 0.08 251.58 93.24 426.09 0.0044014
chair 0 0 -10 2.33 451.33 225.45 527.72 0.0042769
desk 0 0 -10 657.14 218.04 730.00 367.42 0.0041592
sofa 0 0 -10 639.91 234.73 727.51 469.04 0.0041573
night_stand 0 0 -10 333.06 194.06 402.54 274.10 0.0040585
table 0 0 -10 71.86 238.00 586.66 530.00 0.0038064
chair 0 0 -10 0.00 259.20 90.64 418.09 0.0037606
bookshelf 0 0 -10 658.54 252.16 724.20 340.88 0.0036853
table 0 0 -10 596.10 428.99 723.71 530.00 0.0036413
table 0 0 -10 717.09 388.67 727.38 502.88 0.0035658
table 0 0 -10 644.27 389.16 722.89 529.05 0.0033393
table 0 0 -10 315.10 206.21 405.01 294.79 0.0032911
dresser 0 0 -10 83.45 149.27 544.96 520.99 0.0032536
bed 0 0 -10 310.96 196.53 408.09 300.35 0.0031677
bed 0 0 -10 14.54 183.51 278.60 509.98 0.0030554
bed 0 0 -10 593.91 322.44 730.00 525.33 0.0026616
dresser 0 0 -10 583.44 190.84 727.87 375.70 0.0025820
chair 0 0 -10 558.34 235.70 645.10 343.22 0.0025305
night_stand 0 0 -10 270.77 181.43 413.12 337.54 0.0024872
bookshelf 0 0 -10 654.14 188.55 729.70 335.21 0.0023376
dresser 0 0 -10 364.79 209.19 604.45 386.42 0.0022104
table 0 0 -10 657.53 220.49 728.87 369.09 0.0021998
bed 0 0 -10 91.19 329.23 553.75 524.74 0.0021811
chair 0 0 -10 673.58 251.17 727.64 497.50 0.0021699
dresser 0 0 -10 392.35 251.20 542.56 376.25 0.0021554
table 0 0 -10 705.02 483.40 728.75 524.89 0.0021092
chair 0 0 -10 604.55 230.01 728.44 455.11 0.0020750
night_stand 0 0 -10 295.78 191.60 345.95 283.11 0.0020717
chair 0 0 -10 683.81 359.78 730.00 526.47 0.0020630
dresser 0 0 -10 559.69 272.42 635.41 433.13 0.0020117
table 0 0 -10 611.30 293.77 647.81 417.94 0.0019545
dresser 0 0 -10 299.09 192.79 363.74 289.90 0.0018539
table 0 0 -10 715.95 419.07 728.80 446.07 0.0018026
night_stand 0 0 -10 4.92 291.64 82.42 375.20 0.0017592
sofa 0 0 -10 703.09 405.95 729.75 530.00 0.0017534
desk 0 0 -10 676.03 254.86 729.97 354.25 0.0017007
chair 0 0 -10 77.72 167.09 440.91 522.19 0.0016408
sofa 0 0 -10 669.50 249.38 729.36 355.28 0.0016073
desk 0 0 -10 404.93 121.04 657.69 329.39 0.0015706
toilet 0 0 -10 401.61 259.46 637.32 431.83 0.0015110
sofa 0 0 -10 717.36 381.96 727.59 506.82 0.0014861
table 0 0 -10 714.01 422.81 729.47 526.60 0.0014739
table 0 0 -10 593.67 298.03 712.25 439.59 0.0014241
chair 0 0 -10 701.70 411.10 730.00 527.38 0.0014014
chair 0 0 -10 315.76 202.70 407.29 293.16 0.0014009
dresser 0 0 -10 5.94 153.64 84.08 398.18 0.0013819
dresser 0 0 -10 210.56 134.89 446.78 311.43 0.0013609
dresser 0 0 -10 652.02 196.57 730.00 331.37 0.0013434
chair 0 0 -10 657.23 235.19 685.35 359.58 0.0013321
desk 0 0 -10 59.07 231.23 595.83 530.00 0.0013311
