toilet 0 0 -10 83.39 159.15 292.31 521.80 0.9884306
desk 0 0 -10 398.36 112.71 730.00 530.00 0.6266287
table 0 0 -10 379.44 129.42 730.00 529.36 0.2991593
bathtub 0 0 -10 349.42 139.11 730.00 515.50 0.0408226
table 0 0 -10 542.09 4.93 722.33 120.36 0.0276141
toilet 0 0 -10 374.06 118.95 715.85 530.00 0.0181613
chair 0 0 -10 81.01 142.72 299.17 518.14 0.0150894
dresser 0 0 -10 397.77 133.45 730.00 530.00 0.0137729
table 0 0 -10 466.84 261.60 722.64 530.00 0.0117647
bed 0 0 -10 382.53 107.04 730.00 528.85 0.0115546
chair 0 0 -10 501.34 401.99 689.92 530.00 0.0108284
chair 0 0 -10 387.39 199.35 678.65 524.95 0.0097938
chair 0 0 -10 468.96 316.41 665.63 530.00 0.0060581
bathtub 0 0 -10 560.10 99.05 730.00 409.94 0.0052505
night_stand 0 0 -10 395.02 130.69 730.00 529.79 0.0044977
toilet 0 0 -10 74.67 323.99 257.19 528.77 0.0041620
desk 0 0 -10 372.47 115.54 617.41 404.74 0.0041108
bathtub 0 0 -10 51.40 174.39 379.34 506.24 0.0039596
table 0 0 -10 0.69 351.75 47.96 512.89 0.0038275
table 0 0 -10 375.23 114.39 615.02 401.39 0.0033475
dresser 0 0 -10 0.07 314.85 48.82 522.50 0.0033226
bed 0 0 -10 0.38 350.39 49.81 518.63 0.0031855
chair 0 0 -10 516.04 89.60 645.05 233.71 0.0031849
sofa 0 0 -10 1.82 346.21 46.26 530.00 0.0031463
table 0 0 -10 435.64 234.23 619.58 530.00 0.0028511
table 0 0 -10 494.10 381.88 633.29 526.87 0.0022653
table 0 0 -10 470.82 63.85 730.00 409.05 0.0022452
toilet 0 0 -10 98.92 140.92 509.87 530.00 0.0020446
toilet 0 0 -10 176.49 167.97 289.79 463.32 0.0020054
sofa 0 0 -10 507.48 368.38 709.81 530.00 0.0016177
chair 0 0 -10 535.52 51.52 726.42 339.14 0.0015984
desk 0 0 -10 448.41 270.15 712.31 530.00 0.0015946
table 0 0 -10 59.32 156.99 332.20 529.75 0.0014853
chair 0 0 -10 531.76 123.11 711.60 231.98 0.0014592
toilet 0 0 -10 0.00 309.00 59.77 530.00 0.0014041
bookshelf 0 0 -10 403.17 118.56 729.26 530.00 0.0013499
chair 0 0 -10 222.43 137.84 604.10 530.00 0.0012950
chair 0 0 -10 1.31 352.25 52.02 509.60 0.0011956
bathtub 0 0 -10 3.83 193.34 51.06 500.78 0.0011874
bed 0 0 -10 53.34 6.80 282.61 65.41 0.0011590
bathtub 0 0 -10 0.00 304.02 63.69 523.60 0.0011415
table 0 0 -10 336.45 249.29 470.30 371.95 0.0010841
bathtub 0 0 -10 98.36 151.88 297.91 440.17 0.0010034
sofa 0 0 -10 405.07 126.42 729.28 530.00 0.0009566
bathtub 0 0 -10 383.26 56.21 730.00 383.83 0.0008942
bathtub 0 0 -10 369.22 83.23 729.65 236.27 0.0008707
night_stand 0 0 -10 0.92 346.73 50.85 522.31 0.0008289
bookshelf 0 0 -10 93.17 168.79 292.41 516.66 0.0008185
desk 0 0 -10 58.86 153.42 350.21 530.00 0.0007569
table 0 0 -10 679.82 292.87 730.00 530.00 0.0007519
table 0 0 -10 382.52 206.36 480.83 383.24 0.0007506
desk 0 0 -10 578.15 147.75 730.00 518.89 0.0007355
dresser 0 0 -10 3.93 166.54 44.81 510.05 0.0007280
table 0 0 -10 351.36 353.07 593.24 530.00 0.0006898
desk 0 0 -10 0.00 349.94 49.49 514.76 0.0006636
dresser 0 0 -10 79.96 171.61 304.43 528.00 0.0006492
table 0 0 -10 131.59 157.57 596.69 530.00 0.0006445
chair 0 0 -10 495.58 76.85 595.01 225.82 0.0006070
chair 0 0 -10 0.00 139.52 68.43 503.82 0.0006018
sofa 0 0 -10 88.72 171.61 299.94 519.68 0.0005251
dresser 0 0 -10 487.67 51.35 729.74 404.02 0.0005213
table 0 0 -10 347.91 184.19 556.74 524.32 0.0005141
table 0 0 -10 361.57 109.01 504.17 361.81 0.0005082
bathtub 0 0 -10 83.07 249.94 300.41 521.74 0.0005051
table 0 0 -10 373.42 88.05 724.29 250.36 0.0004952
night_stand 0 0 -10 87.97 173.39 308.09 519.99 0.0004949
desk 0 0 -10 541.16 0.00 730.00 136.92 0.0004801
bathtub 0 0 -10 1.13 229.09 112.38 514.28 0.0004709
bathtub 0 0 -10 4.62 330.88 41.09 514.54 0.0004700
chair 0 0 -10 431.99 305.90 591.28 526.41 0.0004623
bathtub 0 0 -10 28.14 182.88 127.39 409.71 0.0004496
bathtub 0 0 -10 73.78 90.48 600.93 440.80 0.0004267
table 0 0 -10 4.22 193.39 44.33 520.60 0.0004112
desk 0 0 -10 113.21 153.36 623.04 530.00 0.0004042
dresser 0 0 -10 1.26 327.67 24.63 529.11 0.0004036
chair 0 0 -10 591.34 114.13 727.24 276.15 0.0003985
table 0 0 -10 576.03 150.61 730.00 525.10 0.0003808
toilet 0 0 -10 533.13 74.00 725.30 371.66 0.0003738
bathtub 0 0 -10 635.36 170.26 730.00 428.78 0.0003542
desk 0 0 -10 670.08 246.77 730.00 528.59 0.0003503
chair 0 0 -10 540.00 98.17 591.37 209.30 0.0003448
bed 0 0 -10 480.72 55.12 730.00 417.03 0.0003409
bed 0 0 -10 61.66 153.99 336.30 530.00 0.0003340
bathtub 0 0 -10 2.66 274.85 82.55 405.36 0.0003160
table 0 0 -10 665.80 213.97 730.00 477.44 0.0003153
sofa 0 0 -10 7.55 324.01 29.95 530.00 0.0003103
table 0 0 -10 7.87 319.50 28.87 530.00 0.0003080
chair 0 0 -10 489.05 116.46 717.61 457.26 0.0003073
toilet 0 0 -10 0.00 185.46 152.00 466.49 0.0003061
toilet 0 0 -10 0.00 137.98 66.31 526.22 0.0002993
desk 0 0 -10 416.80 93.53 724.49 341.78 0.0002892
bathtub 0 0 -10 524.92 119.84 623.26 221.62 0.0002798
chair 0 0 -10 675.08 342.11 729.27 530.00 0.0002698
table 0 0 -10 515.18 58.58 724.99 277.64 0.0002662
bookshelf 0 0 -10 1.22 341.91 49.24 512.79 0.0002655
table 0 0 -10 543.77 59.66 725.67 142.40 0.0002565
chair 0 0 -10 470.72 26.56 667.45 205.02 0.0002552
chair 0 0 -10 539.47 36.82 730.00 207.29 0.0002536
bed 0 0 -10 81.73 3.67 686.53 93.06 0.0002449
bathtub 0 0 -10 511.42 56.15 727.64 290.39 0.0002371
