chair 0 0 -10 563.59 106.73 658.66 268.05 0.9252710
chair 0 0 -10 630.76 124.52 726.34 290.57 0.9154838
table 0 0 -10 237.53 233.60 466.60 402.61 0.8752789
bed 0 0 -10 553.12 218.32 730.00 521.20 0.7099611
chair 0 0 -10 44.06 157.62 245.06 351.86 0.6275573
chair 0 0 -10 364.26 156.90 501.95 312.21 0.2879815
chair 0 0 -10 552.52 218.24 724.42 519.42 0.1225020
sofa 0 0 -10 367.45 154.00 501.33 314.42 0.1186865
sofa 0 0 -10 557.57 217.56 729.89 518.99 0.1181306
table 0 0 -10 550.44 254.06 730.00 525.81 0.1025013
chair 0 0 -10 556.83 123.24 709.46 304.41 0.0694809
table 0 0 -10 576.15 125.00 727.32 273.56 0.0672241
sofa 0 0 -10 48.26 176.10 249.70 354.58 0.0499789
table 0 0 -10 364.40 181.86 500.82 312.32 0.0456970
desk 0 0 -10 575.58 124.42 726.68 274.23 0.0387276
table 0 0 -10 48.24 200.79 298.00 349.11 0.0279202
table 0 0 -10 148.35 215.61 502.87 488.22 0.0267266
table 0 0 -10 333.58 226.78 473.40 364.33 0.0227974
chair 0 0 -10 614.43 106.92 729.00 414.55 0.0211453
sofa 0 0 -10 575.21 121.09 725.95 300.71 0.0196990
table 0 0 -10 123.30 216.95 385.52 368.95 0.0141611
bookshelf 0 0 -10 144.03 0.00 225.47 82.76 0.0136681
sofa 0 0 -10 606.92 134.95 727.92 409.34 0.0108159
table 0 0 -10 326.09 219.46 688.99 525.13 0.0084888
desk 0 0 -10 555.63 221.02 730.00 524.32 0.0068299
chair 0 0 -10 48.26 159.74 180.49 264.20 0.0060523
chair 0 0 -10 359.45 0.99 414.88 71.41 0.0058969
dresser 0 0 -10 558.64 244.02 726.98 512.86 0.0056996
bookshelf 0 0 -10 0.00 0.91 438.02 87.34 0.0055802
table 0 0 -10 46.48 171.55 231.98 303.34 0.0051911
bed 0 0 -10 47.99 185.10 250.63 351.91 0.0045698
night_stand 0 0 -10 561.65 253.51 727.91 508.79 0.0043795
table 0 0 -10 381.96 156.99 501.22 235.58 0.0043487
table 0 0 -10 619.13 152.57 728.31 323.31 0.0038716
bed 0 0 -10 602.41 130.38 729.30 412.32 0.0037456
bookshelf 0 0 -10 560.70 230.94 725.42 505.93 0.0035238
chair 0 0 -10 327.39 0.71 423.96 82.33 0.0031579
chair 0 0 -10 663.48 120.34 729.07 244.48 0.0029757
bathtub 0 0 -10 558.69 249.33 728.65 504.57 0.0027082
table 0 0 -10 44.71 170.04 154.94 273.93 0.0026515
table 0 0 -10 641.99 124.80 707.15 271.51 0.0026357
table 0 0 -10 401.82 155.73 500.64 199.37 0.0025281
chair 0 0 -10 338.26 2.23 389.72 59.69 0.0023754
desk 0 0 -10 621.00 149.11 726.52 322.17 0.0023384
chair 0 0 -10 0.15 112.42 46.97 191.88 0.0023060
chair 0 0 -10 637.63 226.60 724.30 292.01 0.0022979
toilet 0 0 -10 547.37 228.77 726.28 522.35 0.0020734
chair 0 0 -10 50.40 164.69 153.21 223.98 0.0019782
chair 0 0 -10 278.91 183.29 491.16 366.56 0.0018575
table 0 0 -10 46.94 162.11 484.39 416.49 0.0018123
chair 0 0 -10 378.93 4.40 398.94 83.16 0.0017803
desk 0 0 -10 237.33 235.49 466.42 408.88 0.0017328
chair 0 0 -10 396.35 153.83 507.52 218.91 0.0015484
table 0 0 -10 267.14 222.03 411.04 360.43 0.0014944
table 0 0 -10 289.02 190.68 525.53 349.61 0.0014665
sofa 0 0 -10 265.56 178.70 507.90 325.33 0.0014270
chair 0 0 -10 366.35 1.24 376.77 85.43 0.0014023
desk 0 0 -10 49.38 199.61 247.48 355.21 0.0013960
bookshelf 0 0 -10 163.82 2.03 384.64 84.01 0.0013934
chair 0 0 -10 631.66 115.58 677.21 279.38 0.0013323
chair 0 0 -10 367.41 0.00 463.15 66.09 0.0012726
sofa 0 0 -10 128.09 227.38 677.18 530.00 0.0012416
bed 0 0 -10 575.09 119.82 725.27 301.24 0.0012239
chair 0 0 -10 0.00 72.55 44.95 234.71 0.0012091
chair 0 0 -10 578.14 104.46 654.16 207.50 0.0012081
sofa 0 0 -10 33.27 132.02 487.04 409.59 0.0011749
dresser 0 0 -10 609.10 139.21 726.75 408.95 0.0011578
night_stand 0 0 -10 241.69 240.04 477.06 402.09 0.0011417
table 0 0 -10 642.87 124.47 726.72 194.81 0.0011415
bed 0 0 -10 366.38 161.73 502.91 316.31 0.0011326
table 0 0 -10 547.03 178.43 727.09 416.14 0.0011102
table 0 0 -10 634.71 192.12 729.29 405.72 0.0010952
chair 0 0 -10 361.44 4.08 374.51 80.84 0.0010767
sofa 0 0 -10 357.46 144.59 725.45 528.87 0.0010591
table 0 0 -10 10.26 2.75 454.46 90.14 0.0010406
chair 0 0 -10 257.26 3.89 352.03 60.29 0.0010333
dresser 0 0 -10 579.28 123.69 723.64 299.75 0.0010213
table 0 0 -10 1.24 114.63 58.55 194.69 0.0010047
chair 0 0 -10 401.39 0.74 410.90 87.75 0.0010034
bookshelf 0 0 -10 244.33 0.00 348.78 88.12 0.0009506
chair 0 0 -10 112.05 141.41 237.03 293.60 0.0008397
chair 0 0 -10 578.49 103.79 719.23 192.27 0.0008379
bed 0 0 -10 121.71 221.25 669.89 526.98 0.0008355
desk 0 0 -10 0.40 1.83 474.40 90.55 0.0008111
table 0 0 -10 39.17 104.63 461.37 324.47 0.0008072
bookshelf 0 0 -10 580.29 117.76 723.69 301.77 0.0007911
night_stand 0 0 -10 579.15 126.45 725.62 305.65 0.0007909
bookshelf 0 0 -10 90.77 2.74 303.37 83.15 0.0007901
chair 0 0 -10 686.92 133.66 726.49 427.98 0.0007831
bookshelf 0 0 -10 368.08 1.54 407.28 81.93 0.0007749
table 0 0 -10 580.26 116.86 646.83 257.96 0.0007731
toilet 0 0 -10 579.35 125.86 724.42 325.05 0.0007719
table 0 0 -10 121.96 162.25 503.45 305.39 0.0007584
table 0 0 -10 0.84 106.76 37.70 224.11 0.0007572
chair 0 0 -10 419.21 137.72 512.76 299.49 0.0007231
desk 0 0 -10 365.79 175.78 499.92 314.65 0.0006961
chair 0 0 -10 231.88 224.37 457.86 401.64 0.0006954
sofa 0 0 -10 644.90 113.81 730.00 287.82 0.0006841
desk 0 0 -10 642.21 123.77 706.42 272.19 0.0006735
dresser 0 0 -10 9.65 2.40 525.77 91.74 0.0006641
