chair 0 0 -10 267.41 141.61 381.81 347.51 0.9756640
chair 0 0 -10 325.19 182.90 500.73 415.58 0.9656816
chair 0 0 -10 516.85 98.02 614.23 228.32 0.9626573
table 0 0 -10 245.32 152.80 486.92 375.13 0.9598101
chair 0 0 -10 233.06 108.86 316.79 235.42 0.8535556
chair 0 0 -10 236.03 111.50 308.16 182.81 0.6116266
table 0 0 -10 488.43 99.15 684.93 199.62 0.5188639
table 0 0 -10 489.91 105.91 562.50 205.42 0.3822832
chair 0 0 -10 245.53 127.56 361.52 281.66 0.3589749
chair 0 0 -10 594.69 94.48 673.64 200.03 0.2725521
chair 0 0 -10 408.60 84.49 461.23 159.92 0.2556665
chair 0 0 -10 675.56 140.96 727.70 290.04 0.2212172
chair 0 0 -10 0.75 137.64 47.99 285.92 0.2136742
chair 0 0 -10 245.41 121.45 303.43 161.37 0.1945536
desk 0 0 -10 246.10 147.15 495.74 412.90 0.1659758
chair 0 0 -10 556.10 94.50 653.91 216.52 0.1581066
chair 0 0 -10 297.11 166.03 442.16 375.49 0.1465750
chair 0 0 -10 436.56 87.10 495.54 160.83 0.1009573
chair 0 0 -10 217.99 113.98 282.11 206.44 0.0944213
desk 0 0 -10 489.85 94.67 685.41 206.51 0.0868404
chair 0 0 -10 503.74 104.03 559.85 204.11 0.0687338
chair 0 0 -10 337.28 158.55 476.24 334.46 0.0632402
table 0 0 -10 213.39 119.17 303.58 215.67 0.0517908
chair 0 0 -10 454.97 88.94 519.78 159.54 0.0445395
chair 0 0 -10 464.85 85.75 484.27 160.64 0.0409639
chair 0 0 -10 369.59 81.84 420.64 156.20 0.0381549
chair 0 0 -10 357.54 90.36 457.20 159.04 0.0362959
chair 0 0 -10 651.36 106.27 726.71 239.95 0.0334316
chair 0 0 -10 6.64 105.37 60.17 203.14 0.0331084
chair 0 0 -10 327.21 85.82 405.00 182.44 0.0297771
chair 0 0 -10 525.22 100.22 588.60 186.94 0.0297115
chair 0 0 -10 644.86 100.28 705.98 194.44 0.0284118
chair 0 0 -10 341.50 98.00 383.69 140.69 0.0280581
table 0 0 -10 510.10 109.40 709.64 252.91 0.0270624
chair 0 0 -10 457.65 103.21 493.45 154.26 0.0252388
chair 0 0 -10 205.19 116.29 253.17 204.38 0.0251665
chair 0 0 -10 307.65 124.29 450.77 265.47 0.0222664
chair 0 0 -10 543.22 94.78 620.74 182.77 0.0207710
table 0 0 -10 479.88 103.97 551.91 159.76 0.0202241
chair 0 0 -10 490.73 88.31 534.86 170.62 0.0192323
table 0 0 -10 250.83 114.74 576.48 222.70 0.0178033
chair 0 0 -10 708.77 131.05 730.00 273.14 0.0167283
chair 0 0 -10 370.40 137.58 486.16 258.75 0.0155696
table 0 0 -10 673.82 134.19 727.35 283.91 0.0150330
chair 0 0 -10 508.71 90.76 553.05 168.01 0.0149880
chair 0 0 -10 422.18 87.13 458.48 136.98 0.0144943
table 0 0 -10 515.66 106.81 597.95 213.72 0.0141451
chair 0 0 -10 238.63 109.84 308.29 149.30 0.0138783
chair 0 0 -10 407.00 91.32 439.94 156.02 0.0136627
table 0 0 -10 332.01 92.11 466.59 156.47 0.0136104
table 0 0 -10 0.00 144.66 33.16 276.96 0.0131741
table 0 0 -10 574.38 98.46 676.63 207.29 0.0131705
table 0 0 -10 206.85 111.56 305.19 168.90 0.0129947
chair 0 0 -10 605.28 106.87 708.23 215.17 0.0128497
chair 0 0 -10 664.38 128.03 730.00 372.31 0.0124885
desk 0 0 -10 492.95 107.90 557.11 207.74 0.0123052
chair 0 0 -10 373.59 98.59 454.36 207.55 0.0117691
chair 0 0 -10 541.69 100.26 563.58 158.47 0.0115904
chair 0 0 -10 207.62 104.51 260.38 170.90 0.0105806
table 0 0 -10 402.40 102.18 490.16 161.44 0.0100218
chair 0 0 -10 582.01 89.19 637.58 194.74 0.0087765
chair 0 0 -10 614.24 94.86 625.69 185.51 0.0087051
table 0 0 -10 213.43 132.19 588.27 495.36 0.0083827
desk 0 0 -10 577.95 95.35 675.15 210.71 0.0082443
table 0 0 -10 277.85 132.97 483.90 275.20 0.0081956
table 0 0 -10 439.64 108.46 504.77 161.05 0.0073639
chair 0 0 -10 485.49 105.11 522.70 155.61 0.0068023
table 0 0 -10 193.60 112.74 266.87 204.96 0.0063459
chair 0 0 -10 375.55 95.06 411.46 141.52 0.0059965
chair 0 0 -10 480.53 102.05 530.10 193.10 0.0058816
chair 0 0 -10 326.57 115.90 418.10 219.87 0.0055218
table 0 0 -10 391.03 94.14 459.31 157.50 0.0054492
desk 0 0 -10 334.53 90.04 464.01 158.44 0.0050151
table 0 0 -10 229.52 134.34 343.11 228.30 0.0049582
table 0 0 -10 497.86 102.20 616.69 172.83 0.0047104
chair 0 0 -10 531.78 101.01 560.37 143.97 0.0047022
chair 0 0 -10 401.68 117.57 497.87 233.00 0.0046738
chair 0 0 -10 48.29 104.40 85.65 184.93 0.0045886
desk 0 0 -10 0.06 145.01 42.14 275.60 0.0045380
chair 0 0 -10 0.84 153.83 21.35 268.58 0.0045356
chair 0 0 -10 498.68 107.48 533.08 156.98 0.0044355
table 0 0 -10 459.30 105.30 526.14 168.28 0.0044328
chair 0 0 -10 67.32 104.22 83.82 174.91 0.0042543
chair 0 0 -10 630.83 105.09 730.00 311.28 0.0039592
chair 0 0 -10 518.57 98.55 543.92 143.24 0.0039305
desk 0 0 -10 401.13 91.60 466.92 159.94 0.0038540
desk 0 0 -10 212.62 115.19 304.73 216.78 0.0037852
chair 0 0 -10 432.72 100.28 530.70 191.91 0.0037799
chair 0 0 -10 24.50 135.11 66.89 231.50 0.0036810
chair 0 0 -10 247.65 116.51 509.29 230.81 0.0035791
table 0 0 -10 362.91 89.51 426.55 154.07 0.0035751
table 0 0 -10 639.50 116.99 724.27 215.04 0.0035551
table 0 0 -10 547.94 85.39 642.54 188.81 0.0035226
table 0 0 -10 445.95 61.45 717.52 278.41 0.0034742
chair 0 0 -10 523.07 111.13 552.40 155.71 0.0034687
table 0 0 -10 617.97 107.74 693.93 197.09 0.0034641
table 0 0 -10 467.71 106.24 536.02 204.14 0.0034368
table 0 0 -10 196.30 113.18 271.03 160.16 0.0032496
table 0 0 -10 488.73 112.29 503.04 182.14 0.0032494
chair 0 0 -10 2.85 141.08 10.81 280.67 0.0031273
