bed 0 0 -10 5.00 97.21 390.89 526.40 0.9960833
chair 0 0 -10 605.71 178.07 728.45 379.68 0.9334396
desk 0 0 -10 642.73 186.34 726.28 421.45 0.3204031
table 0 0 -10 316.51 177.48 436.59 284.47 0.2906804
table 0 0 -10 640.68 185.90 729.22 419.16 0.2423101
night_stand 0 0 -10 207.61 168.22 323.83 277.03 0.2313179
table 0 0 -10 218.91 175.03 486.68 285.35 0.1654658
chair 0 0 -10 208.80 160.41 338.83 280.84 0.1506541
night_stand 0 0 -10 211.20 170.47 325.86 212.50 0.1147828
table 0 0 -10 692.63 224.18 729.10 478.22 0.0960091
table 0 0 -10 324.28 180.36 419.10 229.82 0.0685545
chair 0 0 -10 682.85 268.32 729.97 506.94 0.0436984
night_stand 0 0 -10 205.54 163.96 250.43 255.63 0.0401133
table 0 0 -10 210.68 165.69 323.89 212.54 0.0386095
sofa 0 0 -10 212.69 166.75 328.28 217.85 0.0343740
desk 0 0 -10 694.21 220.77 728.32 481.34 0.0340677
table 0 0 -10 324.10 171.10 415.10 207.95 0.0331141
bed 0 0 -10 186.40 153.33 425.60 305.84 0.0301420
dresser 0 0 -10 210.78 163.34 322.54 265.48 0.0279738
chair 0 0 -10 290.82 155.54 389.71 261.78 0.0250964
sofa 0 0 -10 203.00 164.71 333.10 257.89 0.0226442
desk 0 0 -10 598.33 199.13 729.60 356.82 0.0224385
table 0 0 -10 203.17 168.43 328.63 254.86 0.0210672
table 0 0 -10 595.10 199.52 730.00 356.28 0.0197863
night_stand 0 0 -10 173.83 165.65 276.99 259.08 0.0191594
table 0 0 -10 707.58 265.57 729.67 468.19 0.0187122
chair 0 0 -10 633.62 217.14 729.10 487.16 0.0168334
table 0 0 -10 219.95 168.00 410.43 244.04 0.0165924
bed 0 0 -10 207.93 164.10 330.85 260.33 0.0156181
bed 0 0 -10 205.66 161.63 329.24 213.32 0.0119360
chair 0 0 -10 703.61 287.03 728.89 466.23 0.0117531
night_stand 0 0 -10 201.22 161.38 283.52 206.26 0.0113783
table 0 0 -10 328.71 186.21 418.39 212.29 0.0113192
bed 0 0 -10 82.33 164.45 418.14 395.81 0.0110241
chair 0 0 -10 694.28 127.46 729.26 437.15 0.0109572
sofa 0 0 -10 606.72 178.71 730.00 374.45 0.0100987
sofa 0 0 -10 6.11 173.16 406.61 530.00 0.0094368
dresser 0 0 -10 203.97 170.80 327.32 210.79 0.0087208
night_stand 0 0 -10 139.53 168.29 252.07 201.73 0.0084078
table 0 0 -10 23.97 145.30 416.77 520.85 0.0082625
chair 0 0 -10 315.56 161.18 373.70 219.65 0.0082547
table 0 0 -10 179.29 188.05 383.47 273.51 0.0079978
sofa 0 0 -10 212.02 164.70 416.03 231.72 0.0075627
night_stand 0 0 -10 177.01 158.71 246.80 205.59 0.0069175
chair 0 0 -10 662.01 161.29 725.27 381.13 0.0068636
chair 0 0 -10 570.41 185.76 722.35 475.05 0.0068319
sofa 0 0 -10 0.08 152.13 128.21 234.98 0.0065614
bed 0 0 -10 1.95 18.55 625.87 365.94 0.0065065
table 0 0 -10 699.91 332.91 728.49 498.18 0.0061203
chair 0 0 -10 326.51 165.99 398.67 231.65 0.0059494
bed 0 0 -10 0.00 128.94 275.47 437.45 0.0058394
table 0 0 -10 271.75 143.16 440.99 306.44 0.0058220
sofa 0 0 -10 691.77 288.71 729.56 525.86 0.0057456
night_stand 0 0 -10 206.44 164.08 467.77 274.35 0.0056043
bed 0 0 -10 19.76 155.84 344.40 239.23 0.0052522
chair 0 0 -10 273.66 154.11 333.97 270.27 0.0052340
night_stand 0 0 -10 169.40 159.63 322.53 220.45 0.0052160
table 0 0 -10 580.34 204.46 727.23 474.12 0.0045625
night_stand 0 0 -10 128.58 161.44 224.66 256.52 0.0043897
bed 0 0 -10 127.29 51.70 476.38 386.77 0.0042472
table 0 0 -10 650.25 182.60 730.00 312.57 0.0040465
table 0 0 -10 359.48 185.01 405.01 301.75 0.0039322
bed 0 0 -10 5.35 140.68 283.71 289.04 0.0037893
night_stand 0 0 -10 93.12 171.70 327.06 267.26 0.0033228
chair 0 0 -10 204.76 166.11 329.91 226.59 0.0032687
bed 0 0 -10 8.95 82.17 334.49 227.83 0.0032464
chair 0 0 -10 257.59 162.54 327.91 208.23 0.0032184
bed 0 0 -10 192.37 125.72 338.46 289.14 0.0031525
night_stand 0 0 -10 215.61 167.30 387.76 246.28 0.0030648
dresser 0 0 -10 220.33 163.29 510.77 280.12 0.0030530
chair 0 0 -10 189.85 141.91 404.58 298.59 0.0029910
desk 0 0 -10 292.67 167.90 501.26 313.45 0.0029039
night_stand 0 0 -10 152.40 146.70 242.83 289.54 0.0026487
bed 0 0 -10 221.75 165.59 562.02 328.69 0.0026285
table 0 0 -10 717.29 429.25 728.90 457.43 0.0025692
chair 0 0 -10 600.58 164.88 679.67 352.18 0.0025490
bed 0 0 -10 149.03 143.42 320.60 213.98 0.0025311
bed 0 0 -10 0.00 132.06 166.71 348.58 0.0024504
chair 0 0 -10 613.54 182.31 662.73 328.88 0.0024439
table 0 0 -10 1.70 349.09 35.60 466.52 0.0023955
table 0 0 -10 719.41 287.37 728.19 485.60 0.0023719
table 0 0 -10 307.14 190.91 422.26 249.38 0.0023621
bed 0 0 -10 211.62 163.53 416.47 233.30 0.0022022
table 0 0 -10 712.78 340.66 729.35 494.51 0.0021300
bed 0 0 -10 602.91 176.93 729.79 378.69 0.0020560
chair 0 0 -10 336.94 173.60 374.36 214.30 0.0020531
night_stand 0 0 -10 603.25 187.28 729.66 400.10 0.0020008
chair 0 0 -10 7.75 177.19 391.94 527.96 0.0019884
bed 0 0 -10 77.36 177.80 340.05 273.32 0.0019568
desk 0 0 -10 210.29 165.86 330.19 255.99 0.0019406
table 0 0 -10 678.86 323.01 729.48 521.78 0.0019197
bed 0 0 -10 0.00 47.46 346.13 331.77 0.0019186
chair 0 0 -10 639.62 340.04 730.00 516.92 0.0018975
desk 0 0 -10 581.02 199.75 728.52 476.78 0.0018629
chair 0 0 -10 330.32 139.30 415.79 250.12 0.0017989
chair 0 0 -10 54.19 166.34 359.75 269.23 0.0017922
desk 0 0 -10 224.82 166.97 431.79 268.28 0.0017522
dresser 0 0 -10 599.13 186.27 730.00 399.46 0.0017509
desk 0 0 -10 206.27 163.52 325.43 214.18 0.0017478
table 0 0 -10 669.34 207.92 730.00 360.49 0.0017078
