chair 0 0 -10 480.58 174.92 636.49 481.97 0.9828384
desk 0 0 -10 49.44 217.68 544.57 526.77 0.9372714
table 0 0 -10 49.12 222.63 566.97 530.00 0.2470129
desk 0 0 -10 468.61 195.81 588.33 472.17 0.2186924
desk 0 0 -10 337.95 195.09 583.61 502.91 0.1321667
desk 0 0 -10 413.58 193.05 572.47 402.70 0.0437465
dresser 0 0 -10 35.25 214.90 545.44 530.00 0.0365266
chair 0 0 -10 418.26 153.66 607.69 423.72 0.0349041
chair 0 0 -10 521.69 160.34 620.71 408.00 0.0306088
chair 0 0 -10 364.57 185.70 629.20 516.74 0.0296856
table 0 0 -10 464.37 198.20 588.66 470.16 0.0231356
dresser 0 0 -10 434.42 163.89 605.09 463.87 0.0198990
table 0 0 -10 52.83 284.52 370.01 522.71 0.0164419
chair 0 0 -10 483.18 171.98 631.09 336.15 0.0140315
chair 0 0 -10 465.92 289.59 634.07 432.86 0.0083070
dresser 0 0 -10 269.39 185.41 578.73 520.25 0.0069428
desk 0 0 -10 429.44 151.80 639.22 488.10 0.0059358
table 0 0 -10 408.76 196.42 584.63 333.93 0.0058851
table 0 0 -10 55.15 237.07 396.98 405.72 0.0058811
table 0 0 -10 374.81 181.49 603.47 404.12 0.0058321
bed 0 0 -10 42.36 192.37 539.00 530.00 0.0046985
night_stand 0 0 -10 44.36 216.54 547.08 529.59 0.0046982
chair 0 0 -10 77.22 313.24 340.15 525.40 0.0040611
chair 0 0 -10 243.04 247.11 523.73 519.72 0.0037396
chair 0 0 -10 98.13 224.75 365.26 486.19 0.0035966
chair 0 0 -10 233.83 188.92 338.39 397.56 0.0033252
bookshelf 0 0 -10 52.05 167.60 531.00 530.00 0.0030920
bathtub 0 0 -10 25.17 213.06 535.56 512.11 0.0030864
table 0 0 -10 510.08 194.55 630.43 463.46 0.0028653
desk 0 0 -10 353.77 177.40 613.07 363.31 0.0027577
table 0 0 -10 3.74 298.76 93.38 530.00 0.0026677
table 0 0 -10 298.07 210.43 576.64 487.57 0.0024881
table 0 0 -10 223.66 229.91 458.30 358.54 0.0024654
table 0 0 -10 91.61 286.72 338.48 397.53 0.0024041
chair 0 0 -10 439.49 125.19 611.54 313.90 0.0023145
chair 0 0 -10 146.91 236.42 313.77 408.73 0.0021396
chair 0 0 -10 542.09 185.36 591.14 305.85 0.0020287
desk 0 0 -10 504.60 219.37 620.61 495.63 0.0020207
table 0 0 -10 1.56 356.35 52.67 530.00 0.0020008
night_stand 0 0 -10 4.61 309.70 97.94 520.91 0.0019504
desk 0 0 -10 74.98 236.72 435.06 418.85 0.0016568
chair 0 0 -10 0.55 334.72 130.84 529.82 0.0015179
sofa 0 0 -10 49.94 216.87 538.14 529.50 0.0013507
dresser 0 0 -10 465.07 194.71 563.24 514.17 0.0013504
night_stand 0 0 -10 25.63 272.98 344.80 525.99 0.0012142
dresser 0 0 -10 2.15 287.95 80.37 524.37 0.0012059
chair 0 0 -10 212.68 187.13 406.18 359.68 0.0011936
desk 0 0 -10 227.22 228.33 453.47 358.57 0.0011873
toilet 0 0 -10 25.34 200.49 501.48 523.92 0.0011140
desk 0 0 -10 294.75 206.09 528.10 414.15 0.0010868
chair 0 0 -10 556.48 178.73 625.42 291.15 0.0010015
desk 0 0 -10 0.00 51.00 657.84 432.84 0.0009712
chair 0 0 -10 530.14 142.07 632.82 293.68 0.0009577
chair 0 0 -10 566.97 169.82 611.67 341.21 0.0009397
desk 0 0 -10 88.67 201.59 534.19 368.48 0.0009067
chair 0 0 -10 305.53 193.61 404.79 369.52 0.0008667
dresser 0 0 -10 40.18 249.66 339.24 514.56 0.0008617
table 0 0 -10 478.59 176.33 611.38 378.68 0.0008538
dresser 0 0 -10 82.92 403.76 537.40 526.28 0.0008538
night_stand 0 0 -10 438.87 198.09 623.26 485.71 0.0008390
desk 0 0 -10 482.28 177.15 613.42 376.40 0.0008340
chair 0 0 -10 539.04 253.30 632.29 503.53 0.0008066
chair 0 0 -10 282.41 235.67 435.84 398.36 0.0007525
table 0 0 -10 255.76 182.25 571.93 363.28 0.0007257
sofa 0 0 -10 498.74 180.23 631.36 457.63 0.0006649
chair 0 0 -10 9.64 217.55 292.07 521.59 0.0006413
desk 0 0 -10 20.00 262.18 385.65 492.72 0.0006413
bookshelf 0 0 -10 435.57 144.33 604.45 470.45 0.0006237
desk 0 0 -10 447.26 243.19 637.70 392.79 0.0006236
bed 0 0 -10 474.78 172.54 599.87 483.22 0.0006193
table 0 0 -10 696.80 245.64 729.23 530.00 0.0006106
table 0 0 -10 429.68 214.17 656.05 521.49 0.0006083
chair 0 0 -10 95.47 418.28 529.32 526.08 0.0006082
chair 0 0 -10 258.00 207.54 372.21 427.96 0.0005780
desk 0 0 -10 79.94 402.06 545.50 526.46 0.0005187
desk 0 0 -10 2.86 336.82 69.96 527.83 0.0005164
dresser 0 0 -10 500.19 192.73 628.77 462.63 0.0005163
table 0 0 -10 282.14 222.80 410.65 382.91 0.0004864
toilet 0 0 -10 481.87 192.98 598.06 477.72 0.0004681
desk 0 0 -10 281.94 224.25 424.01 416.22 0.0004522
bookshelf 0 0 -10 502.75 182.80 627.92 461.99 0.0004298
chair 0 0 -10 493.96 274.76 706.96 526.91 0.0004287
table 0 0 -10 51.39 177.88 482.50 364.19 0.0004149
chair 0 0 -10 413.48 182.13 572.80 326.19 0.0003897
chair 0 0 -10 170.29 161.38 375.33 441.14 0.0003688
bathtub 0 0 -10 696.43 243.62 730.00 525.94 0.0003592
bathtub 0 0 -10 489.66 203.97 587.56 484.36 0.0003472
table 0 0 -10 539.04 191.25 589.52 312.66 0.0003405
toilet 0 0 -10 417.26 157.15 639.17 529.29 0.0003356
chair 0 0 -10 326.37 166.39 433.68 323.50 0.0003328
chair 0 0 -10 36.82 159.77 492.61 511.88 0.0003311
bed 0 0 -10 0.00 218.14 76.46 525.21 0.0003221
desk 0 0 -10 239.05 218.26 372.91 418.36 0.0003203
table 0 0 -10 190.57 242.35 371.62 398.34 0.0003194
bathtub 0 0 -10 2.78 351.90 74.01 530.00 0.0002971
chair 0 0 -10 0.00 167.94 87.47 520.18 0.0002923
bathtub 0 0 -10 7.95 263.21 344.30 521.90 0.0002918
chair 0 0 -10 2.32 381.81 67.18 529.58 0.0002907
table 0 0 -10 3.94 62.36 638.83 431.22 0.0002888
chair 0 0 -10 0.00 362.32 277.51 530.00 0.0002863
