bed 0 0 -10 0.00 82.11 464.97 519.17 0.9941208
table 0 0 -10 627.27 218.92 725.03 344.40 0.2990524
table 0 0 -10 630.38 240.77 729.08 519.82 0.2009238
desk 0 0 -10 632.30 251.81 728.80 523.70 0.1314035
desk 0 0 -10 625.13 219.54 727.94 339.15 0.1185605
dresser 0 0 -10 637.29 264.46 730.00 526.54 0.0600000
chair 0 0 -10 632.01 195.95 727.40 337.42 0.0550593
bed 0 0 -10 0.00 7.06 473.79 292.22 0.0285685
chair 0 0 -10 644.65 171.93 718.25 229.31 0.0279703
chair 0 0 -10 630.38 131.07 711.26 220.68 0.0245955
sofa 0 0 -10 623.51 247.08 730.00 527.10 0.0235995
chair 0 0 -10 644.64 165.25 724.07 294.45 0.0217055
table 0 0 -10 631.79 194.25 716.05 267.04 0.0172781
table 0 0 -10 0.00 120.98 485.10 518.56 0.0133424
night_stand 0 0 -10 638.34 276.31 730.00 526.03 0.0128621
sofa 0 0 -10 622.88 121.77 715.63 224.24 0.0116591
night_stand 0 0 -10 626.20 208.60 728.74 345.80 0.0114757
sofa 0 0 -10 619.89 176.06 729.76 408.00 0.0112145
table 0 0 -10 631.12 162.40 708.26 222.37 0.0103312
chair 0 0 -10 613.27 250.52 728.77 522.03 0.0095808
table 0 0 -10 671.37 278.97 728.75 530.00 0.0081474
night_stand 0 0 -10 617.29 116.57 697.35 192.52 0.0080459
chair 0 0 -10 612.22 123.67 722.87 328.23 0.0077872
bed 0 0 -10 0.00 15.62 244.21 502.81 0.0077631
bed 0 0 -10 626.97 241.31 728.91 521.74 0.0072947
table 0 0 -10 617.64 117.15 693.55 192.83 0.0064049
sofa 0 0 -10 5.96 4.36 429.92 386.09 0.0059590
bed 0 0 -10 615.44 94.03 703.27 229.42 0.0046353
table 0 0 -10 627.84 181.87 711.23 238.97 0.0043772
night_stand 0 0 -10 612.44 132.20 655.45 229.65 0.0042860
sofa 0 0 -10 631.83 188.67 729.08 313.35 0.0042768
chair 0 0 -10 11.81 11.52 409.60 390.37 0.0042031
table 0 0 -10 644.41 213.61 728.06 278.24 0.0038541
chair 0 0 -10 626.65 108.85 699.50 184.65 0.0035750
table 0 0 -10 615.20 135.80 687.62 234.67 0.0035708
table 0 0 -10 622.83 134.30 721.70 283.53 0.0035542
table 0 0 -10 611.34 122.49 667.42 212.39 0.0033410
dresser 0 0 -10 614.78 92.18 702.03 223.08 0.0033078
bed 0 0 -10 0.00 4.21 277.32 197.39 0.0033061
sofa 0 0 -10 632.97 165.33 713.35 225.37 0.0032933
table 0 0 -10 576.30 198.76 722.75 428.51 0.0029449
sofa 0 0 -10 614.99 118.57 725.35 326.59 0.0029276
chair 0 0 -10 687.64 119.20 728.21 350.08 0.0025464
dresser 0 0 -10 618.88 183.68 730.00 403.85 0.0025014
desk 0 0 -10 629.98 164.40 722.86 296.33 0.0024433
table 0 0 -10 644.41 142.81 718.98 234.98 0.0022150
table 0 0 -10 665.72 167.77 726.93 350.01 0.0020566
table 0 0 -10 679.01 206.52 728.27 427.04 0.0017337
chair 0 0 -10 663.72 175.97 727.94 256.25 0.0016916
night_stand 0 0 -10 634.62 161.21 709.57 223.53 0.0016557
desk 0 0 -10 0.00 111.21 477.35 514.63 0.0015618
bed 0 0 -10 617.41 169.99 730.00 405.34 0.0014981
table 0 0 -10 655.61 182.52 720.36 224.61 0.0014852
chair 0 0 -10 601.46 218.75 712.16 356.60 0.0014303
desk 0 0 -10 625.81 99.50 701.71 230.12 0.0013993
sofa 0 0 -10 633.55 177.66 718.51 263.55 0.0013772
chair 0 0 -10 617.16 121.71 668.29 224.99 0.0013416
table 0 0 -10 624.97 212.70 683.53 322.31 0.0012922
bathtub 0 0 -10 633.35 277.70 730.00 525.32 0.0012889
chair 0 0 -10 667.63 210.36 727.00 299.39 0.0012805
dresser 0 0 -10 623.21 222.73 728.54 336.05 0.0012664
night_stand 0 0 -10 14.92 125.14 468.94 511.10 0.0011852
chair 0 0 -10 710.18 153.16 729.03 333.44 0.0011611
chair 0 0 -10 623.37 232.92 714.29 319.22 0.0011359
chair 0 0 -10 594.50 105.54 702.29 214.17 0.0011353
table 0 0 -10 670.87 243.85 721.46 373.02 0.0011188
night_stand 0 0 -10 615.62 134.28 690.56 233.64 0.0011076
sofa 0 0 -10 626.01 112.86 697.53 188.77 0.0011066
table 0 0 -10 593.29 203.31 698.17 363.65 0.0010781
chair 0 0 -10 14.19 135.54 410.29 528.35 0.0010643
table 0 0 -10 582.98 186.37 717.79 303.52 0.0010058
dresser 0 0 -10 0.00 103.70 464.50 521.46 0.0010043
chair 0 0 -10 696.39 182.31 727.48 227.84 0.0009920
sofa 0 0 -10 546.25 166.32 726.40 521.01 0.0009256
bed 0 0 -10 217.05 168.59 464.70 522.17 0.0008789
dresser 0 0 -10 633.59 109.50 702.00 182.07 0.0008416
bed 0 0 -10 0.00 22.87 162.24 367.88 0.0008301
desk 0 0 -10 679.95 242.73 728.72 360.54 0.0007981
chair 0 0 -10 277.89 1.00 398.54 47.68 0.0007870
table 0 0 -10 543.44 115.91 686.45 223.20 0.0007809
bed 0 0 -10 630.15 153.45 712.14 222.42 0.0007552
table 0 0 -10 9.62 17.28 445.73 372.76 0.0007483
desk 0 0 -10 629.24 159.53 710.41 223.13 0.0007359
bed 0 0 -10 623.16 214.63 729.73 338.82 0.0007098
table 0 0 -10 607.83 141.68 692.56 328.82 0.0007002
dresser 0 0 -10 615.98 128.87 658.70 230.99 0.0006939
sofa 0 0 -10 0.00 107.19 469.29 520.87 0.0006550
table 0 0 -10 700.88 173.47 729.02 238.12 0.0006521
chair 0 0 -10 701.90 125.35 727.59 307.20 0.0006373
table 0 0 -10 612.07 137.08 647.95 245.21 0.0006286
dresser 0 0 -10 14.64 2.84 468.59 274.48 0.0006194
sofa 0 0 -10 11.85 5.30 277.33 190.85 0.0006187
bed 0 0 -10 2.79 234.26 338.37 523.48 0.0005989
bathtub 0 0 -10 618.05 217.01 726.76 399.47 0.0005888
chair 0 0 -10 601.20 118.12 669.00 274.02 0.0005792
bed 0 0 -10 121.61 173.79 640.63 530.00 0.0005786
bookshelf 0 0 -10 629.73 246.16 728.16 515.37 0.0005742
bookshelf 0 0 -10 25.98 0.00 461.19 271.72 0.0005715
table 0 0 -10 568.17 257.54 714.42 530.00 0.0005663
desk 0 0 -10 679.30 198.50 728.96 434.10 0.0005529
