toilet 0 0 -10 92.27 83.67 325.79 468.68 0.9948301
table 0 0 -10 480.47 77.44 730.00 530.00 0.2040997
desk 0 0 -10 478.34 70.81 730.00 530.00 0.1238542
bathtub 0 0 -10 4.75 115.51 100.04 503.06 0.0871105
toilet 0 0 -10 0.00 95.81 104.97 519.19 0.0502397
bathtub 0 0 -10 482.78 90.05 730.00 527.29 0.0143528
toilet 0 0 -10 43.38 59.60 453.56 530.00 0.0091107
chair 0 0 -10 459.15 101.43 728.74 517.69 0.0083428
bathtub 0 0 -10 51.72 98.38 362.89 477.21 0.0077642
table 0 0 -10 0.28 96.42 98.20 530.00 0.0073307
chair 0 0 -10 84.93 50.69 330.02 481.47 0.0069192
toilet 0 0 -10 0.40 63.99 210.18 515.94 0.0067436
dresser 0 0 -10 469.32 72.24 730.00 530.00 0.0048839
bed 0 0 -10 478.24 56.51 730.00 530.00 0.0041752
bathtub 0 0 -10 2.84 103.45 46.18 500.27 0.0040585
toilet 0 0 -10 93.72 242.17 298.23 515.47 0.0031147
table 0 0 -10 3.31 259.27 68.81 524.79 0.0027342
chair 0 0 -10 0.00 65.25 104.19 465.59 0.0026683
night_stand 0 0 -10 467.75 74.41 730.00 519.37 0.0018790
table 0 0 -10 507.39 174.49 729.38 416.39 0.0016963
sofa 0 0 -10 487.47 158.59 724.56 530.00 0.0015422
table 0 0 -10 619.45 154.39 727.15 530.00 0.0014298
table 0 0 -10 431.70 88.22 644.89 455.55 0.0014189
table 0 0 -10 168.03 123.94 711.90 530.00 0.0010895
bookshelf 0 0 -10 67.27 87.13 316.72 487.50 0.0010016
bathtub 0 0 -10 10.12 126.54 116.65 347.81 0.0007631
chair 0 0 -10 622.23 155.12 727.58 513.61 0.0007495
bed 0 0 -10 2.03 71.17 93.79 530.00 0.0007446
table 0 0 -10 1.78 321.46 43.68 514.63 0.0007417
table 0 0 -10 50.83 78.93 326.03 499.71 0.0007190
toilet 0 0 -10 1.54 102.28 45.28 513.73 0.0006517
toilet 0 0 -10 397.95 70.85 730.00 530.00 0.0006335
dresser 0 0 -10 67.77 82.06 332.99 489.40 0.0006039
bed 0 0 -10 63.52 87.81 334.83 504.10 0.0005691
chair 0 0 -10 682.26 86.55 730.00 351.40 0.0005643
desk 0 0 -10 433.64 81.02 650.99 461.58 0.0005598
sofa 0 0 -10 65.91 85.07 330.94 486.65 0.0005280
bathtub 0 0 -10 155.78 169.53 724.31 523.29 0.0005058
night_stand 0 0 -10 95.11 87.54 327.23 467.73 0.0004954
table 0 0 -10 466.25 215.44 588.29 434.01 0.0004895
toilet 0 0 -10 290.61 84.53 363.09 336.03 0.0004767
chair 0 0 -10 619.96 110.85 730.00 310.39 0.0004472
toilet 0 0 -10 0.00 204.68 69.93 527.41 0.0004239
dresser 0 0 -10 0.94 68.81 102.06 530.00 0.0003964
chair 0 0 -10 416.72 88.48 598.88 422.53 0.0003902
table 0 0 -10 10.07 326.89 31.94 510.92 0.0003833
desk 0 0 -10 155.66 131.33 730.00 530.00 0.0003612
desk 0 0 -10 53.72 84.17 339.15 502.22 0.0003558
desk 0 0 -10 511.41 168.71 730.00 415.78 0.0003492
toilet 0 0 -10 143.52 50.28 554.35 357.54 0.0003279
bathtub 0 0 -10 8.65 76.93 219.83 464.93 0.0003267
sofa 0 0 -10 7.06 106.31 98.96 507.95 0.0003197
desk 0 0 -10 0.00 90.54 103.34 530.00 0.0003122
bathtub 0 0 -10 112.56 70.12 312.88 401.51 0.0003081
table 0 0 -10 414.55 164.10 500.93 430.87 0.0003032
bookshelf 0 0 -10 486.06 70.56 730.00 530.00 0.0002764
chair 0 0 -10 639.59 97.13 729.31 235.14 0.0002595
bookshelf 0 0 -10 5.11 96.27 99.26 513.51 0.0002501
chair 0 0 -10 2.65 49.55 219.97 494.62 0.0002495
table 0 0 -10 367.29 205.71 691.40 520.71 0.0002470
bathtub 0 0 -10 0.00 41.43 31.16 440.61 0.0002445
bathtub 0 0 -10 2.04 220.89 72.21 521.01 0.0002419
bathtub 0 0 -10 623.15 159.78 730.00 529.62 0.0002326
bathtub 0 0 -10 121.69 74.62 621.00 427.85 0.0002324
toilet 0 0 -10 463.32 74.29 662.47 454.10 0.0002196
bed 0 0 -10 620.66 136.38 730.00 526.74 0.0002007
table 0 0 -10 650.91 175.89 729.68 442.68 0.0001989
table 0 0 -10 441.09 245.88 545.38 431.40 0.0001977
chair 0 0 -10 2.69 249.73 77.31 519.24 0.0001856
table 0 0 -10 5.38 389.92 56.11 519.45 0.0001850
table 0 0 -10 3.62 282.11 20.43 522.04 0.0001818
desk 0 0 -10 622.94 145.86 729.36 529.19 0.0001796
toilet 0 0 -10 202.43 99.42 319.97 465.38 0.0001643
table 0 0 -10 414.78 294.94 504.21 445.57 0.0001634
table 0 0 -10 3.00 336.69 15.36 512.87 0.0001548
bathtub 0 0 -10 440.27 77.80 650.73 405.13 0.0001519
table 0 0 -10 1.94 103.90 46.74 525.83 0.0001478
toilet 0 0 -10 0.00 153.58 123.54 317.93 0.0001467
table 0 0 -10 474.39 97.24 565.22 419.26 0.0001420
chair 0 0 -10 558.15 169.50 729.03 389.11 0.0001417
toilet 0 0 -10 108.18 85.31 309.22 283.18 0.0001365
toilet 0 0 -10 175.62 66.85 376.89 373.53 0.0001350
chair 0 0 -10 424.62 273.98 534.17 436.88 0.0001312
table 0 0 -10 693.40 202.72 729.64 526.64 0.0001307
toilet 0 0 -10 248.22 80.84 418.50 388.78 0.0001276
chair 0 0 -10 342.76 38.34 658.71 389.34 0.0001273
chair 0 0 -10 210.19 149.30 708.71 528.59 0.0001208
chair 0 0 -10 396.22 205.50 571.48 441.05 0.0001179
table 0 0 -10 483.21 29.81 722.11 336.13 0.0001177
table 0 0 -10 1.65 273.31 158.46 527.13 0.0001170
toilet 0 0 -10 126.99 340.22 308.96 475.78 0.0001162
bathtub 0 0 -10 521.12 180.04 730.00 404.72 0.0001154
chair 0 0 -10 679.42 108.89 728.74 225.14 0.0001024
toilet 0 0 -10 109.13 210.83 465.32 484.94 0.0000993
chair 0 0 -10 662.34 131.76 730.00 423.89 0.0000979
table 0 0 -10 0.15 448.03 50.01 527.47 0.0000953
bed 0 0 -10 671.59 181.68 730.00 511.25 0.0000936
chair 0 0 -10 526.25 226.11 719.42 525.10 0.0000918
chair 0 0 -10 464.31 157.95 554.86 413.55 0.0000847
chair 0 0 -10 105.33 201.74 287.80 462.96 0.0000836
