chair 0 0 -10 245.34 133.84 487.97 515.47 0.9920065
bed 0 0 -10 492.57 213.25 727.47 529.91 0.9879038
dresser 0 0 -10 484.44 152.19 687.96 291.68 0.9410354
desk 0 0 -10 0.29 159.51 291.06 530.00 0.7676619
table 0 0 -10 0.00 171.00 304.40 505.30 0.3333538
desk 0 0 -10 22.67 159.46 668.28 530.00 0.1628814
table 0 0 -10 0.00 228.80 179.01 524.46 0.1206822
table 0 0 -10 490.93 210.20 730.00 530.00 0.1026070
desk 0 0 -10 257.23 150.09 670.92 391.00 0.0801821
bed 0 0 -10 279.02 150.01 660.67 530.00 0.0473606
desk 0 0 -10 9.57 169.07 283.96 323.74 0.0380567
table 0 0 -10 26.56 169.20 665.57 526.87 0.0367992
desk 0 0 -10 487.85 202.48 730.00 524.99 0.0355318
desk 0 0 -10 478.15 148.93 683.49 298.52 0.0339682
table 0 0 -10 4.57 168.99 287.72 327.44 0.0319469
night_stand 0 0 -10 490.88 148.29 682.82 289.16 0.0268080
chair 0 0 -10 470.80 209.30 709.41 530.00 0.0264791
chair 0 0 -10 47.01 138.97 328.42 530.00 0.0262180
bed 0 0 -10 461.81 145.90 703.75 297.31 0.0245634
dresser 0 0 -10 481.86 162.80 693.83 441.45 0.0208441
bookshelf 0 0 -10 472.71 151.80 693.28 294.75 0.0159462
sofa 0 0 -10 495.02 213.75 730.00 530.00 0.0146758
chair 0 0 -10 23.46 142.20 244.83 370.70 0.0135137
table 0 0 -10 235.80 165.12 569.11 424.03 0.0117159
chair 0 0 -10 309.43 174.17 601.86 527.08 0.0106265
chair 0 0 -10 3.00 294.34 179.83 519.17 0.0088981
table 0 0 -10 475.39 163.15 695.40 299.50 0.0077391
desk 0 0 -10 445.29 166.24 700.60 402.91 0.0060331
sofa 0 0 -10 109.70 139.31 629.60 518.45 0.0056270
desk 0 0 -10 159.14 171.35 466.52 465.78 0.0052582
night_stand 0 0 -10 483.33 198.49 717.48 441.00 0.0047612
desk 0 0 -10 284.93 139.73 529.85 503.30 0.0041631
chair 0 0 -10 457.73 131.50 684.39 288.78 0.0039820
dresser 0 0 -10 488.78 229.93 730.00 530.00 0.0039332
chair 0 0 -10 342.04 133.65 489.99 423.29 0.0035341
bed 0 0 -10 0.00 127.66 292.75 529.90 0.0035214
dresser 0 0 -10 137.63 144.63 602.55 521.43 0.0031726
dresser 0 0 -10 277.80 144.01 590.23 398.14 0.0026879
table 0 0 -10 451.93 173.42 696.80 403.95 0.0026687
chair 0 0 -10 201.23 144.62 325.35 329.93 0.0026273
dresser 0 0 -10 462.22 106.02 711.51 342.32 0.0025927
table 0 0 -10 210.86 161.51 284.75 241.40 0.0025879
table 0 0 -10 0.00 235.07 31.66 522.92 0.0022310
dresser 0 0 -10 0.00 148.96 292.46 530.00 0.0021698
desk 0 0 -10 0.37 262.14 146.47 494.65 0.0021376
bookshelf 0 0 -10 474.26 144.83 709.36 494.14 0.0021058
chair 0 0 -10 0.00 254.31 70.11 519.98 0.0021014
chair 0 0 -10 90.52 115.86 206.67 278.51 0.0020104
table 0 0 -10 147.54 173.90 465.18 458.51 0.0018825
chair 0 0 -10 0.00 134.79 64.41 335.50 0.0017165
dresser 0 0 -10 578.76 174.83 717.32 296.33 0.0016869
sofa 0 0 -10 238.55 149.83 520.51 449.08 0.0016400
chair 0 0 -10 211.42 94.93 389.01 339.88 0.0014720
sofa 0 0 -10 480.41 147.40 682.09 286.71 0.0014465
bathtub 0 0 -10 454.45 159.24 706.24 304.47 0.0013595
table 0 0 -10 19.13 143.22 274.01 268.66 0.0013355
chair 0 0 -10 0.00 19.55 90.24 282.88 0.0012564
bookshelf 0 0 -10 251.24 148.15 509.14 446.53 0.0012443
table 0 0 -10 179.40 160.70 305.96 334.22 0.0012400
dresser 0 0 -10 465.32 11.78 696.04 247.45 0.0012106
chair 0 0 -10 265.56 316.11 464.72 526.53 0.0011950
table 0 0 -10 0.00 230.33 86.39 514.41 0.0011369
chair 0 0 -10 215.12 133.17 263.37 229.04 0.0010893
toilet 0 0 -10 237.76 152.68 516.66 466.97 0.0010778
chair 0 0 -10 64.15 252.21 577.13 529.85 0.0010609
bookshelf 0 0 -10 139.72 125.52 602.37 502.32 0.0010598
night_stand 0 0 -10 0.00 156.91 279.51 518.72 0.0010420
chair 0 0 -10 448.70 150.24 675.51 401.84 0.0010196
bathtub 0 0 -10 490.28 258.83 725.40 527.44 0.0010017
table 0 0 -10 0.37 183.93 51.27 416.25 0.0009734
chair 0 0 -10 150.34 139.61 290.93 318.06 0.0009641
dresser 0 0 -10 651.46 14.38 726.24 263.64 0.0009277
sofa 0 0 -10 12.49 151.16 306.53 529.52 0.0008881
bed 0 0 -10 550.38 200.14 727.19 299.75 0.0008832
table 0 0 -10 257.52 199.60 483.00 516.60 0.0008655
desk 0 0 -10 58.78 175.81 220.47 383.62 0.0008474
toilet 0 0 -10 459.30 156.59 698.09 303.89 0.0008409
chair 0 0 -10 530.21 144.57 720.89 311.68 0.0008216
chair 0 0 -10 199.15 80.13 260.13 210.66 0.0008040
dresser 0 0 -10 592.59 159.61 686.72 222.80 0.0008019
chair 0 0 -10 83.25 40.84 132.01 119.52 0.0007837
chair 0 0 -10 274.81 132.04 418.37 411.00 0.0007694
chair 0 0 -10 178.42 63.73 346.92 269.03 0.0007457
chair 0 0 -10 202.31 119.11 277.47 245.51 0.0007415
chair 0 0 -10 73.67 74.39 135.65 120.85 0.0007380
desk 0 0 -10 72.50 144.13 231.34 273.84 0.0007263
chair 0 0 -10 18.52 141.91 111.85 296.04 0.0007224
chair 0 0 -10 258.49 85.56 461.16 279.43 0.0007033
bed 0 0 -10 0.00 102.14 71.84 209.09 0.0007013
night_stand 0 0 -10 247.17 160.47 524.43 455.34 0.0006946
dresser 0 0 -10 559.33 150.18 681.31 245.43 0.0006943
bookshelf 0 0 -10 199.50 78.98 255.00 153.70 0.0006810
toilet 0 0 -10 461.54 205.71 724.56 530.00 0.0006800
desk 0 0 -10 132.90 152.20 303.38 351.57 0.0006638
bed 0 0 -10 393.95 135.91 697.35 434.45 0.0006320
chair 0 0 -10 271.76 182.41 491.16 285.84 0.0005976
night_stand 0 0 -10 299.39 192.43 653.33 527.31 0.0005835
chair 0 0 -10 90.50 142.71 168.97 203.41 0.0005640
table 0 0 -10 324.47 201.71 631.90 511.38 0.0005586
dresser 0 0 -10 134.78 18.07 720.76 285.34 0.0005545
