chair 0 0 -10 69.79 48.47 191.35 200.27 0.8774881
table 0 0 -10 0.00 94.31 354.68 410.35 0.7416347
chair 0 0 -10 0.00 52.90 81.81 230.82 0.6447517
chair 0 0 -10 6.10 41.53 152.56 227.02 0.5227349
bed 0 0 -10 16.75 76.57 347.72 421.54 0.4104572
desk 0 0 -10 0.00 71.51 351.95 431.16 0.2800935
chair 0 0 -10 0.00 68.03 50.29 196.72 0.2306782
chair 0 0 -10 80.75 53.83 214.35 136.98 0.1491228
chair 0 0 -10 89.80 37.68 150.55 201.83 0.1179578
chair 0 0 -10 0.52 68.63 41.29 142.44 0.1101206
chair 0 0 -10 0.00 94.34 115.14 201.67 0.0915205
chair 0 0 -10 76.74 35.78 127.40 210.20 0.0662119
table 0 0 -10 1.74 97.70 35.77 293.30 0.0453017
chair 0 0 -10 1.94 43.12 36.89 270.14 0.0348097
chair 0 0 -10 2.31 60.91 66.28 152.03 0.0321236
chair 0 0 -10 78.19 57.06 166.12 119.71 0.0264299
sofa 0 0 -10 0.00 58.83 351.84 429.27 0.0248303
chair 0 0 -10 10.41 51.91 137.90 149.37 0.0245285
chair 0 0 -10 0.00 99.64 102.51 313.66 0.0222817
chair 0 0 -10 113.17 35.81 175.96 202.38 0.0221711
table 0 0 -10 0.00 97.39 178.54 419.64 0.0166129
chair 0 0 -10 51.61 83.59 320.31 370.33 0.0151069
table 0 0 -10 0.00 118.41 66.09 272.28 0.0128783
chair 0 0 -10 1.84 111.48 95.82 166.43 0.0128098
bed 0 0 -10 145.67 59.20 730.00 525.03 0.0126460
table 0 0 -10 0.00 139.24 51.05 369.98 0.0126083
table 0 0 -10 162.32 76.88 719.94 513.73 0.0106974
chair 0 0 -10 14.98 66.83 34.92 145.08 0.0102440
table 0 0 -10 69.71 87.90 515.91 483.31 0.0102269
chair 0 0 -10 0.00 130.67 112.67 235.14 0.0096306
chair 0 0 -10 57.35 44.27 109.66 215.77 0.0088245
table 0 0 -10 0.00 120.57 94.87 362.08 0.0075672
chair 0 0 -10 0.00 116.19 41.10 213.95 0.0073666
table 0 0 -10 0.00 100.93 65.09 474.59 0.0071927
night_stand 0 0 -10 7.44 89.00 358.42 433.79 0.0071347
table 0 0 -10 0.00 131.19 32.48 208.89 0.0067845
table 0 0 -10 0.71 73.20 47.67 215.77 0.0067178
chair 0 0 -10 0.00 138.74 60.95 196.02 0.0066659
chair 0 0 -10 0.00 133.15 48.91 361.16 0.0063496
table 0 0 -10 6.49 104.70 214.92 231.67 0.0052428
sofa 0 0 -10 0.55 67.15 39.19 248.90 0.0052410
chair 0 0 -10 37.64 46.15 90.05 219.50 0.0052035
dresser 0 0 -10 4.18 77.28 354.53 432.55 0.0050559
chair 0 0 -10 54.61 49.98 384.68 188.73 0.0048273
desk 0 0 -10 0.00 103.15 171.43 432.11 0.0046724
chair 0 0 -10 60.04 25.85 138.56 128.67 0.0041597
table 0 0 -10 3.44 108.79 21.21 348.03 0.0040669
chair 0 0 -10 21.87 76.57 37.48 183.57 0.0040092
chair 0 0 -10 1.32 59.48 46.94 113.85 0.0037382
chair 0 0 -10 0.00 102.32 63.32 262.27 0.0036957
table 0 0 -10 0.43 64.68 39.71 148.68 0.0036752
chair 0 0 -10 5.35 24.43 87.75 157.41 0.0032728
table 0 0 -10 3.00 124.52 15.78 245.11 0.0032727
chair 0 0 -10 17.62 25.18 217.92 297.69 0.0032430
table 0 0 -10 0.00 167.25 22.49 186.04 0.0032354
chair 0 0 -10 0.00 64.50 22.28 235.63 0.0030561
chair 0 0 -10 2.32 97.11 147.90 428.58 0.0030444
table 0 0 -10 0.00 177.26 22.58 196.08 0.0028888
table 0 0 -10 0.00 118.43 136.48 204.91 0.0028450
chair 0 0 -10 29.40 80.27 44.11 181.52 0.0026221
chair 0 0 -10 0.00 103.50 64.63 469.77 0.0024625
chair 0 0 -10 3.14 71.12 26.15 135.60 0.0023721
table 0 0 -10 0.00 101.13 145.51 286.04 0.0023683
desk 0 0 -10 54.34 70.20 534.94 494.57 0.0021603
desk 0 0 -10 1.81 104.52 44.22 272.68 0.0020064
table 0 0 -10 0.00 183.98 22.80 203.41 0.0019921
table 0 0 -10 0.00 78.60 331.39 260.67 0.0019554
chair 0 0 -10 0.00 162.00 24.05 182.07 0.0019341
table 0 0 -10 4.07 55.85 81.85 200.11 0.0019135
night_stand 0 0 -10 278.60 112.41 352.61 246.08 0.0018518
table 0 0 -10 1.03 71.80 195.99 181.66 0.0018159
chair 0 0 -10 0.00 157.30 69.14 209.72 0.0018131
table 0 0 -10 0.00 159.74 24.63 179.71 0.0016585
toilet 0 0 -10 1.75 68.24 358.10 444.03 0.0016557
bookshelf 0 0 -10 3.52 51.29 344.68 419.58 0.0015872
chair 0 0 -10 22.32 29.25 253.44 140.17 0.0015596
table 0 0 -10 0.85 107.24 52.14 146.67 0.0015022
table 0 0 -10 0.00 146.67 65.61 197.35 0.0014646
chair 0 0 -10 3.78 121.78 59.22 156.80 0.0014547
chair 0 0 -10 0.00 172.18 23.75 191.82 0.0014525
desk 0 0 -10 217.41 60.23 730.00 514.13 0.0013838
sofa 0 0 -10 0.00 64.87 38.04 152.79 0.0013018
sofa 0 0 -10 3.57 67.44 23.97 318.90 0.0012382
bathtub 0 0 -10 0.00 90.86 350.23 427.52 0.0012288
desk 0 0 -10 1.68 118.58 64.61 364.40 0.0011986
table 0 0 -10 0.00 148.79 27.80 167.62 0.0010811
chair 0 0 -10 0.00 154.22 27.44 174.92 0.0010790
chair 0 0 -10 0.90 86.61 26.33 319.38 0.0010769
table 0 0 -10 0.73 99.79 39.40 136.74 0.0010720
chair 0 0 -10 130.96 34.80 224.04 194.16 0.0010506
chair 0 0 -10 0.00 178.76 24.51 198.47 0.0010469
table 0 0 -10 66.41 61.09 409.82 184.69 0.0010016
chair 0 0 -10 0.00 9.52 59.71 133.92 0.0009585
table 0 0 -10 0.62 106.34 89.64 179.42 0.0009297
chair 0 0 -10 5.79 58.94 17.50 143.24 0.0008750
table 0 0 -10 0.65 87.84 20.39 250.53 0.0008651
chair 0 0 -10 46.93 142.13 404.50 487.97 0.0008439
desk 0 0 -10 0.00 119.08 62.62 221.21 0.0008295
table 0 0 -10 0.00 142.67 29.42 160.60 0.0007843
table 0 0 -10 272.48 95.29 712.98 304.06 0.0007647
