chair 0 0 -10 233.37 59.39 313.63 167.50 0.9260963
chair 0 0 -10 126.66 105.05 309.63 281.12 0.9131445
chair 0 0 -10 66.80 207.89 425.17 525.34 0.8649530
chair 0 0 -10 162.37 81.92 240.18 159.00 0.8308325
table 0 0 -10 0.00 176.40 106.85 389.40 0.8212478
table 0 0 -10 148.99 72.86 303.18 160.92 0.8200207
dresser 0 0 -10 299.47 10.62 635.04 424.63 0.4557116
table 0 0 -10 631.52 12.58 730.00 223.22 0.4399476
chair 0 0 -10 0.00 180.41 104.63 400.41 0.3696037
desk 0 0 -10 312.46 6.56 633.21 394.03 0.3242298
chair 0 0 -10 137.81 66.58 218.76 165.34 0.3174479
chair 0 0 -10 221.33 58.25 300.44 129.30 0.2734121
chair 0 0 -10 280.33 66.68 321.11 175.92 0.2640824
table 0 0 -10 26.71 16.71 177.01 149.83 0.2631090
chair 0 0 -10 34.02 19.67 133.89 155.94 0.2623605
chair 0 0 -10 206.20 64.16 276.12 148.28 0.1796332
chair 0 0 -10 180.25 70.54 250.28 139.58 0.1223689
table 0 0 -10 83.31 215.78 403.47 524.39 0.1113847
chair 0 0 -10 136.56 67.27 180.49 153.06 0.1069601
chair 0 0 -10 181.81 68.07 294.40 170.95 0.1060187
chair 0 0 -10 152.91 91.26 283.78 217.70 0.0992553
table 0 0 -10 294.09 24.70 653.91 407.87 0.0896962
chair 0 0 -10 298.60 76.05 342.49 171.81 0.0869149
chair 0 0 -10 2.03 36.23 52.88 169.10 0.0827452
chair 0 0 -10 57.95 6.13 150.95 129.75 0.0770569
table 0 0 -10 16.34 35.75 274.06 160.72 0.0731887
table 0 0 -10 137.17 85.38 307.91 233.99 0.0729107
chair 0 0 -10 302.40 73.32 317.78 170.12 0.0604808
chair 0 0 -10 259.83 54.95 342.67 177.79 0.0570641
table 0 0 -10 69.00 62.24 312.19 188.11 0.0552291
chair 0 0 -10 120.59 119.96 358.75 367.07 0.0533429
table 0 0 -10 0.00 174.16 90.81 277.28 0.0491782
chair 0 0 -10 163.70 65.34 229.65 132.05 0.0478549
chair 0 0 -10 2.88 167.01 74.61 302.74 0.0428271
bookshelf 0 0 -10 298.25 7.14 624.03 438.83 0.0424211
chair 0 0 -10 191.27 28.61 258.98 138.93 0.0414501
desk 0 0 -10 155.31 72.87 299.88 167.15 0.0402233
chair 0 0 -10 258.93 60.61 318.59 132.21 0.0400937
chair 0 0 -10 190.84 89.08 318.77 240.42 0.0389270
table 0 0 -10 193.92 68.14 282.02 151.57 0.0325576
table 0 0 -10 74.73 106.65 545.70 483.09 0.0323442
chair 0 0 -10 96.24 6.64 168.12 127.46 0.0319726
chair 0 0 -10 656.05 235.32 729.23 395.55 0.0309874
desk 0 0 -10 0.00 170.30 104.75 395.74 0.0296104
chair 0 0 -10 669.77 59.84 729.73 339.38 0.0292343
table 0 0 -10 677.53 28.93 728.38 313.85 0.0272446
table 0 0 -10 620.69 48.94 699.26 205.81 0.0264209
table 0 0 -10 166.60 76.66 253.89 153.21 0.0256181
chair 0 0 -10 154.43 69.20 511.97 501.93 0.0244146
chair 0 0 -10 294.77 68.09 315.17 159.49 0.0242882
desk 0 0 -10 30.51 12.90 174.38 156.28 0.0234157
dresser 0 0 -10 312.62 4.59 628.98 77.79 0.0231892
chair 0 0 -10 130.62 24.75 215.66 139.03 0.0213797
chair 0 0 -10 312.25 80.83 321.82 172.67 0.0209698
chair 0 0 -10 0.59 37.43 35.57 280.97 0.0197196
desk 0 0 -10 71.98 82.09 556.21 500.06 0.0194151
chair 0 0 -10 616.85 2.77 703.08 201.62 0.0192048
table 0 0 -10 0.00 53.10 320.78 327.42 0.0189030
chair 0 0 -10 3.45 6.01 90.99 143.15 0.0182887
desk 0 0 -10 631.66 13.86 727.01 215.73 0.0172846
desk 0 0 -10 310.92 3.66 632.71 77.25 0.0160929
chair 0 0 -10 308.91 11.85 657.48 446.15 0.0157263
chair 0 0 -10 156.76 33.78 235.31 149.11 0.0155218
desk 0 0 -10 135.17 76.97 310.89 230.80 0.0137116
sofa 0 0 -10 76.45 219.45 420.20 528.88 0.0132232
table 0 0 -10 318.67 3.02 622.85 79.60 0.0129652
chair 0 0 -10 145.29 48.50 338.38 167.09 0.0122697
chair 0 0 -10 144.03 51.96 211.87 123.53 0.0115062
sofa 0 0 -10 315.04 4.82 627.74 76.74 0.0110103
desk 0 0 -10 63.82 57.02 310.64 176.21 0.0104768
table 0 0 -10 18.69 174.08 188.98 460.73 0.0097595
bookshelf 0 0 -10 316.22 1.30 628.67 81.28 0.0096121
table 0 0 -10 1.12 7.88 112.61 140.14 0.0095919
chair 0 0 -10 276.96 57.27 385.17 183.97 0.0092390
table 0 0 -10 0.00 119.74 162.48 376.62 0.0091517
bed 0 0 -10 74.09 223.82 419.08 529.37 0.0089774
desk 0 0 -10 18.27 3.78 380.50 186.52 0.0084618
chair 0 0 -10 152.48 8.65 218.18 82.59 0.0084257
desk 0 0 -10 167.62 76.11 251.75 155.14 0.0078662
table 0 0 -10 591.70 15.12 730.00 391.37 0.0075145
chair 0 0 -10 288.57 159.18 469.13 453.42 0.0074457
chair 0 0 -10 0.81 154.00 56.92 381.53 0.0073595
desk 0 0 -10 196.12 66.71 279.80 151.77 0.0072169
table 0 0 -10 94.81 54.00 252.52 128.61 0.0060920
chair 0 0 -10 232.73 25.17 380.99 204.65 0.0060036
table 0 0 -10 0.00 183.58 34.40 337.85 0.0059799
desk 0 0 -10 532.66 2.82 730.00 409.60 0.0057268
table 0 0 -10 31.59 10.92 208.69 94.86 0.0056008
chair 0 0 -10 130.36 11.12 177.70 131.48 0.0055284
chair 0 0 -10 202.33 53.43 265.33 117.84 0.0053315
chair 0 0 -10 300.03 77.30 322.20 130.77 0.0050745
desk 0 0 -10 642.17 0.00 730.00 400.25 0.0050158
chair 0 0 -10 161.21 51.27 290.52 124.90 0.0048786
chair 0 0 -10 1.74 34.74 27.40 191.72 0.0047857
chair 0 0 -10 0.37 48.04 107.05 349.71 0.0047645
chair 0 0 -10 198.70 39.72 239.48 82.06 0.0046371
table 0 0 -10 0.00 44.30 116.31 322.03 0.0043506
chair 0 0 -10 231.22 60.42 254.71 113.43 0.0043462
chair 0 0 -10 228.79 55.08 247.06 127.79 0.0042056
chair 0 0 -10 28.11 163.82 196.36 472.96 0.0041940
