bed 0 0 -10 0.00 157.70 707.41 530.00 0.9854088
bed 0 0 -10 169.51 28.32 505.19 283.44 0.9732652
night_stand 0 0 -10 494.21 202.28 579.80 303.61 0.5977542
night_stand 0 0 -10 499.16 195.48 576.93 255.10 0.4647757
bed 0 0 -10 64.31 24.89 573.40 370.41 0.3825885
night_stand 0 0 -10 29.57 160.76 207.97 255.12 0.0796671
dresser 0 0 -10 466.56 109.93 555.47 229.76 0.0648759
bed 0 0 -10 184.92 149.11 510.34 271.80 0.0611842
table 0 0 -10 498.77 191.02 576.43 257.35 0.0462330
table 0 0 -10 611.23 244.84 730.00 530.00 0.0439123
bed 0 0 -10 300.33 227.73 690.69 530.00 0.0397397
desk 0 0 -10 620.48 251.01 729.71 528.51 0.0336557
bed 0 0 -10 29.56 152.43 506.04 315.40 0.0324405
sofa 0 0 -10 170.12 28.28 504.03 268.35 0.0317149
dresser 0 0 -10 498.64 198.43 602.81 313.52 0.0278945
table 0 0 -10 502.13 200.86 601.74 314.16 0.0262263
bed 0 0 -10 497.05 173.34 577.44 255.88 0.0240572
table 0 0 -10 22.98 164.48 174.82 256.19 0.0231449
table 0 0 -10 309.98 132.56 377.88 167.23 0.0198006
bed 0 0 -10 655.75 108.82 728.05 243.34 0.0189029
dresser 0 0 -10 497.58 172.77 575.82 251.26 0.0180496
dresser 0 0 -10 658.06 133.93 718.56 238.64 0.0165701
bed 0 0 -10 497.63 189.45 582.02 306.81 0.0160633
dresser 0 0 -10 184.95 37.90 498.15 237.26 0.0158088
chair 0 0 -10 180.88 25.15 473.80 249.60 0.0155552
bed 0 0 -10 424.04 155.40 610.87 316.70 0.0147755
bookshelf 0 0 -10 188.54 17.74 460.97 238.17 0.0137052
table 0 0 -10 41.09 161.81 168.11 192.46 0.0130160
bathtub 0 0 -10 589.58 249.77 730.00 515.05 0.0111143
dresser 0 0 -10 181.92 17.34 374.41 199.33 0.0107474
desk 0 0 -10 501.84 175.80 578.80 274.26 0.0090026
bathtub 0 0 -10 691.45 253.94 730.00 430.46 0.0088859
dresser 0 0 -10 296.72 32.68 368.41 163.53 0.0079789
night_stand 0 0 -10 104.88 76.50 175.67 171.08 0.0077164
bed 0 0 -10 246.01 115.92 381.13 172.70 0.0074082
chair 0 0 -10 492.59 179.67 580.93 296.90 0.0071751
bed 0 0 -10 180.92 38.01 380.28 214.53 0.0071243
dresser 0 0 -10 470.38 115.90 594.60 305.83 0.0067741
bed 0 0 -10 265.13 130.32 448.08 227.86 0.0067548
sofa 0 0 -10 0.00 181.37 709.38 530.00 0.0066614
night_stand 0 0 -10 314.26 131.28 380.56 166.78 0.0060860
bed 0 0 -10 211.40 170.64 617.64 340.13 0.0057678
chair 0 0 -10 656.31 109.80 728.01 236.41 0.0054160
desk 0 0 -10 499.37 198.00 603.20 315.16 0.0048670
sofa 0 0 -10 658.64 112.36 727.58 239.52 0.0043524
night_stand 0 0 -10 414.30 211.72 594.81 312.78 0.0041601
chair 0 0 -10 633.05 121.81 701.73 208.17 0.0041148
table 0 0 -10 11.16 196.43 706.74 530.00 0.0041060
chair 0 0 -10 293.65 132.37 382.52 169.43 0.0040053
dresser 0 0 -10 422.14 116.45 549.86 198.40 0.0039075
dresser 0 0 -10 682.43 134.19 727.16 254.38 0.0037899
bed 0 0 -10 266.07 50.47 550.62 242.96 0.0037774
bed 0 0 -10 361.55 180.03 662.90 369.86 0.0037207
dresser 0 0 -10 483.46 182.65 572.73 292.77 0.0037030
dresser 0 0 -10 290.05 21.50 457.71 172.32 0.0036932
night_stand 0 0 -10 658.94 142.19 719.67 237.06 0.0035752
bookshelf 0 0 -10 192.93 35.40 372.27 202.08 0.0034152
dresser 0 0 -10 488.75 135.11 554.20 214.10 0.0034095
sofa 0 0 -10 245.44 118.43 379.68 172.32 0.0033296
table 0 0 -10 677.52 134.41 727.07 252.29 0.0030059
bed 0 0 -10 0.00 6.41 232.62 292.42 0.0029757
bed 0 0 -10 502.97 219.07 719.48 526.88 0.0028777
table 0 0 -10 104.60 101.36 167.46 173.93 0.0028486
bed 0 0 -10 4.63 163.44 217.77 265.87 0.0027685
table 0 0 -10 438.83 205.12 586.52 308.92 0.0027467
bathtub 0 0 -10 642.85 241.02 730.00 466.91 0.0027413
sofa 0 0 -10 501.68 174.38 578.55 273.48 0.0027280
bed 0 0 -10 617.92 110.42 709.61 211.57 0.0026689
dresser 0 0 -10 14.31 166.65 171.97 258.09 0.0026090
chair 0 0 -10 484.60 0.00 541.45 58.84 0.0025401
night_stand 0 0 -10 463.87 167.70 560.96 304.94 0.0025079
sofa 0 0 -10 78.58 28.49 575.67 357.73 0.0024703
bathtub 0 0 -10 495.25 163.14 720.03 362.18 0.0023543
sofa 0 0 -10 302.56 132.95 379.88 169.25 0.0022688
bed 0 0 -10 458.24 112.18 572.01 250.12 0.0022112
dresser 0 0 -10 385.95 77.22 582.55 227.77 0.0021839
bookshelf 0 0 -10 654.29 111.64 722.93 241.61 0.0021749
desk 0 0 -10 308.34 131.56 378.79 168.22 0.0021370
bookshelf 0 0 -10 249.03 33.41 559.92 214.53 0.0021127
night_stand 0 0 -10 188.70 35.15 463.78 237.84 0.0021053
sofa 0 0 -10 193.23 136.90 508.39 283.42 0.0020586
dresser 0 0 -10 104.55 75.28 174.37 172.27 0.0020407
bed 0 0 -10 360.48 108.70 654.20 240.20 0.0020393
chair 0 0 -10 504.59 157.52 590.91 254.39 0.0020046
table 0 0 -10 7.17 429.53 233.83 528.21 0.0019794
chair 0 0 -10 108.98 88.44 164.47 165.94 0.0019584
chair 0 0 -10 522.83 160.66 585.97 225.83 0.0019451
toilet 0 0 -10 499.17 191.69 581.48 307.67 0.0019428
chair 0 0 -10 444.56 2.89 532.48 47.86 0.0019248
night_stand 0 0 -10 3.70 299.81 74.68 507.43 0.0019196
bookshelf 0 0 -10 290.64 14.42 456.64 175.32 0.0019108
night_stand 0 0 -10 290.24 25.46 356.44 159.56 0.0018078
bed 0 0 -10 482.17 104.28 698.51 271.22 0.0017852
bed 0 0 -10 313.82 134.51 392.19 208.36 0.0017802
toilet 0 0 -10 181.33 27.37 467.27 244.52 0.0017711
dresser 0 0 -10 319.15 132.38 387.84 171.04 0.0017675
night_stand 0 0 -10 683.51 141.47 728.25 255.58 0.0016933
sofa 0 0 -10 498.44 199.74 604.63 316.69 0.0016907
chair 0 0 -10 469.10 127.84 599.41 315.33 0.0016360
bed 0 0 -10 20.10 381.52 641.62 524.46 0.0016136
