bed 0 0 -10 0.00 18.77 548.35 530.00 0.9959502
night_stand 0 0 -10 179.70 151.05 281.71 228.89 0.8629246
dresser 0 0 -10 533.57 114.89 722.40 358.14 0.8310808
dresser 0 0 -10 57.21 119.15 204.42 195.53 0.5256811
night_stand 0 0 -10 540.56 112.24 725.71 359.24 0.3961121
bed 0 0 -10 0.00 112.51 67.68 197.14 0.3347348
night_stand 0 0 -10 185.72 152.45 278.16 191.43 0.3172777
dresser 0 0 -10 584.14 127.70 722.95 486.55 0.2642882
dresser 0 0 -10 655.75 174.32 730.00 524.05 0.1179710
bed 0 0 -10 0.00 36.18 76.55 211.64 0.1136603
dresser 0 0 -10 0.00 41.03 75.21 205.38 0.0993834
table 0 0 -10 184.26 152.09 277.74 235.56 0.0924065
night_stand 0 0 -10 5.24 115.69 70.40 196.88 0.0775453
desk 0 0 -10 64.94 116.62 208.07 187.83 0.0505707
chair 0 0 -10 653.02 142.14 730.00 502.92 0.0476420
night_stand 0 0 -10 190.14 145.25 283.34 175.60 0.0452299
dresser 0 0 -10 56.16 27.30 229.26 186.38 0.0413335
bed 0 0 -10 510.38 81.41 730.00 509.30 0.0324252
night_stand 0 0 -10 191.67 157.42 271.41 179.30 0.0252259
dresser 0 0 -10 119.68 121.79 204.28 183.24 0.0213428
night_stand 0 0 -10 59.07 114.83 198.57 194.03 0.0208327
dresser 0 0 -10 30.43 103.97 156.63 195.83 0.0204492
dresser 0 0 -10 179.86 153.03 284.68 233.47 0.0203998
desk 0 0 -10 552.11 105.52 727.66 379.51 0.0182141
table 0 0 -10 70.90 119.36 203.40 187.15 0.0160817
desk 0 0 -10 183.04 152.20 279.13 234.68 0.0136248
desk 0 0 -10 657.55 181.98 730.00 530.00 0.0133344
dresser 0 0 -10 0.00 109.87 70.11 196.66 0.0132817
dresser 0 0 -10 687.14 156.21 728.79 475.87 0.0126631
bookshelf 0 0 -10 0.07 2.41 76.68 194.06 0.0120577
desk 0 0 -10 550.65 190.08 727.24 517.08 0.0115291
bed 0 0 -10 19.53 1.37 230.64 177.53 0.0111627
night_stand 0 0 -10 75.66 122.73 275.58 210.15 0.0111447
night_stand 0 0 -10 229.43 145.80 291.44 243.52 0.0097941
night_stand 0 0 -10 204.91 146.40 272.15 163.45 0.0088872
dresser 0 0 -10 157.06 123.37 208.05 180.01 0.0087748
night_stand 0 0 -10 509.70 153.81 723.31 517.42 0.0085511
chair 0 0 -10 0.30 0.00 81.68 112.09 0.0078495
night_stand 0 0 -10 2.99 43.29 76.22 199.08 0.0077454
night_stand 0 0 -10 204.96 156.65 315.99 236.41 0.0077008
chair 0 0 -10 573.05 159.33 730.00 514.97 0.0069270
bed 0 0 -10 61.96 112.58 209.49 189.79 0.0064216
dresser 0 0 -10 15.09 13.68 163.05 194.04 0.0062691
table 0 0 -10 41.93 11.46 206.39 167.93 0.0052934
night_stand 0 0 -10 156.68 131.58 317.46 268.83 0.0052291
table 0 0 -10 656.45 196.93 729.45 530.00 0.0050017
bookshelf 0 0 -10 25.41 3.51 226.70 172.89 0.0049390
dresser 0 0 -10 171.64 20.06 307.82 177.34 0.0044839
table 0 0 -10 187.29 149.05 281.47 181.96 0.0041529
dresser 0 0 -10 461.32 39.54 711.87 376.47 0.0039004
dresser 0 0 -10 632.01 137.12 723.39 385.36 0.0038139
chair 0 0 -10 155.64 123.92 213.58 177.01 0.0037582
bed 0 0 -10 27.90 100.26 163.35 201.27 0.0035404
bed 0 0 -10 189.76 144.64 292.97 226.56 0.0034776
chair 0 0 -10 0.40 10.57 77.24 219.99 0.0034425
dresser 0 0 -10 20.54 17.44 580.93 505.98 0.0034144
dresser 0 0 -10 93.03 144.72 283.01 211.16 0.0033141
dresser 0 0 -10 1.43 9.25 77.46 139.82 0.0033105
sofa 0 0 -10 2.21 25.95 77.74 194.06 0.0031782
bed 0 0 -10 0.00 15.22 341.69 281.74 0.0030802
dresser 0 0 -10 31.62 3.27 317.36 207.70 0.0030434
table 0 0 -10 542.16 130.20 726.42 446.77 0.0030232
night_stand 0 0 -10 33.60 312.39 399.66 530.00 0.0029894
table 0 0 -10 20.23 86.92 563.17 530.00 0.0029766
dresser 0 0 -10 185.91 153.61 277.46 190.39 0.0028854
dresser 0 0 -10 78.60 115.67 168.42 165.31 0.0027385
dresser 0 0 -10 338.03 21.45 571.28 311.03 0.0027241
chair 0 0 -10 169.43 144.16 286.91 236.19 0.0026931
night_stand 0 0 -10 215.72 149.78 262.12 160.57 0.0025903
chair 0 0 -10 453.31 114.86 725.12 530.00 0.0025608
bed 0 0 -10 235.38 25.78 648.91 505.10 0.0024641
bed 0 0 -10 1.00 115.29 298.46 236.08 0.0023557
chair 0 0 -10 118.99 123.46 206.55 184.52 0.0023120
dresser 0 0 -10 199.02 59.70 272.66 179.67 0.0022994
bed 0 0 -10 0.00 269.15 429.11 528.66 0.0022570
night_stand 0 0 -10 105.39 125.52 204.95 182.78 0.0022126
dresser 0 0 -10 177.31 71.28 310.34 226.60 0.0021347
dresser 0 0 -10 6.23 304.03 253.71 526.60 0.0020848
desk 0 0 -10 181.77 145.84 284.37 180.63 0.0020831
sofa 0 0 -10 26.37 43.78 558.17 526.78 0.0020363
bathtub 0 0 -10 65.51 114.08 209.20 183.00 0.0018836
chair 0 0 -10 29.45 42.67 553.36 509.28 0.0018594
sofa 0 0 -10 65.68 119.10 208.01 188.88 0.0018453
chair 0 0 -10 589.77 129.59 727.10 376.03 0.0018452
bed 0 0 -10 654.66 141.27 730.00 530.00 0.0018371
toilet 0 0 -10 181.80 152.08 274.21 237.67 0.0017593
dresser 0 0 -10 9.12 94.67 98.51 205.91 0.0017523
sofa 0 0 -10 1.48 113.29 68.08 193.65 0.0017157
dresser 0 0 -10 489.51 178.40 715.98 520.60 0.0017133
chair 0 0 -10 151.15 118.28 317.33 266.55 0.0017064
table 0 0 -10 204.24 148.83 267.52 161.86 0.0016322
chair 0 0 -10 1.52 1.22 69.17 63.34 0.0016133
desk 0 0 -10 5.76 50.34 572.24 507.94 0.0016081
bed 0 0 -10 110.08 12.25 383.94 381.77 0.0015909
desk 0 0 -10 41.01 11.98 209.91 168.86 0.0015624
table 0 0 -10 1.41 30.15 75.02 195.74 0.0015549
night_stand 0 0 -10 222.94 142.53 257.28 163.70 0.0015001
bookshelf 0 0 -10 37.58 4.89 565.68 484.74 0.0014139
chair 0 0 -10 68.80 117.34 186.46 184.18 0.0013357
night_stand 0 0 -10 656.27 191.90 730.00 514.75 0.0013314
