bed 0 0 -10 90.25 169.50 584.96 530.00 0.9952171
dresser 0 0 -10 582.14 199.18 729.97 482.52 0.9669370
night_stand 0 0 -10 274.44 237.62 366.63 285.10 0.9250256
night_stand 0 0 -10 266.44 238.48 371.00 331.20 0.9089535
bed 0 0 -10 2.49 109.58 154.96 373.90 0.8904433
dresser 0 0 -10 146.98 186.10 267.96 289.41 0.3313173
dresser 0 0 -10 74.93 121.48 254.84 291.82 0.2092142
desk 0 0 -10 136.46 177.91 268.80 297.33 0.1263710
dresser 0 0 -10 0.00 126.07 157.04 366.57 0.1182721
bed 0 0 -10 41.13 91.89 193.21 318.32 0.1119543
sofa 0 0 -10 4.30 108.34 163.86 352.63 0.0938589
dresser 0 0 -10 98.89 162.68 181.23 300.24 0.0845910
dresser 0 0 -10 45.76 99.71 193.12 309.40 0.0797628
night_stand 0 0 -10 581.24 201.16 730.00 481.95 0.0777973
night_stand 0 0 -10 97.26 179.91 186.54 307.45 0.0732217
desk 0 0 -10 101.06 155.34 191.26 299.53 0.0613011
night_stand 0 0 -10 127.10 202.15 186.45 296.18 0.0520170
night_stand 0 0 -10 6.19 135.02 158.51 375.61 0.0515696
chair 0 0 -10 126.67 203.91 188.60 298.72 0.0477530
chair 0 0 -10 2.06 106.53 159.39 350.96 0.0435571
night_stand 0 0 -10 171.18 188.06 267.15 291.02 0.0392246
chair 0 0 -10 89.31 147.48 183.54 297.56 0.0377498
table 0 0 -10 139.22 181.33 265.22 296.54 0.0326781
night_stand 0 0 -10 282.18 220.04 360.64 257.21 0.0321058
desk 0 0 -10 77.23 131.02 262.41 297.50 0.0289386
table 0 0 -10 128.74 203.70 184.97 295.58 0.0272999
table 0 0 -10 3.04 152.32 142.54 399.72 0.0249387
desk 0 0 -10 1.68 118.21 171.56 367.84 0.0245250
night_stand 0 0 -10 98.39 166.00 261.36 307.05 0.0237824
dresser 0 0 -10 123.22 200.06 184.16 290.41 0.0221293
bed 0 0 -10 0.00 69.75 338.70 382.09 0.0202380
night_stand 0 0 -10 237.55 216.37 397.37 359.87 0.0178243
night_stand 0 0 -10 132.24 185.65 235.36 295.06 0.0176255
dresser 0 0 -10 658.10 201.17 730.00 486.12 0.0174847
night_stand 0 0 -10 296.23 254.56 395.35 340.06 0.0171422
night_stand 0 0 -10 303.84 218.81 355.43 247.70 0.0164482
table 0 0 -10 114.95 180.51 211.58 298.07 0.0155510
night_stand 0 0 -10 278.97 261.86 362.64 285.67 0.0154952
dresser 0 0 -10 208.98 189.31 266.75 288.61 0.0130129
bookshelf 0 0 -10 5.82 93.58 160.39 344.53 0.0124838
bed 0 0 -10 88.05 163.49 186.24 308.25 0.0124058
bed 0 0 -10 7.54 39.56 493.16 491.44 0.0123058
desk 0 0 -10 121.42 199.17 185.65 301.13 0.0120835
dresser 0 0 -10 265.80 244.80 372.26 341.27 0.0110729
desk 0 0 -10 586.55 202.82 730.00 501.23 0.0109227
bed 0 0 -10 80.32 145.13 263.63 311.96 0.0096543
sofa 0 0 -10 55.63 116.44 179.90 300.40 0.0087549
bed 0 0 -10 572.42 171.21 730.00 498.47 0.0084129
desk 0 0 -10 49.31 100.53 198.03 315.21 0.0078999
dresser 0 0 -10 271.23 238.32 371.02 285.08 0.0073523
night_stand 0 0 -10 314.99 221.20 344.93 245.98 0.0068638
night_stand 0 0 -10 37.20 183.36 183.07 346.07 0.0064259
dresser 0 0 -10 142.12 194.92 209.35 290.87 0.0063253
night_stand 0 0 -10 272.83 203.33 378.94 278.63 0.0062643
sofa 0 0 -10 89.35 179.13 592.22 530.00 0.0060839
table 0 0 -10 275.70 233.79 366.48 283.03 0.0060430
chair 0 0 -10 2.97 105.62 127.41 251.02 0.0057541
night_stand 0 0 -10 230.92 250.97 337.51 335.45 0.0056291
table 0 0 -10 85.07 158.95 189.44 310.99 0.0055928
bed 0 0 -10 260.21 238.05 378.14 347.99 0.0055237
dresser 0 0 -10 267.40 203.92 367.78 278.73 0.0054766
chair 0 0 -10 139.48 56.85 255.90 196.51 0.0049611
night_stand 0 0 -10 326.04 224.97 355.23 247.58 0.0048673
night_stand 0 0 -10 316.24 223.61 334.61 243.63 0.0047832
dresser 0 0 -10 128.16 138.14 305.01 285.70 0.0045477
night_stand 0 0 -10 203.16 237.90 311.25 319.95 0.0045046
bookshelf 0 0 -10 80.60 125.65 183.08 306.51 0.0044197
night_stand 0 0 -10 329.38 225.84 419.51 288.29 0.0042222
chair 0 0 -10 112.08 176.06 211.45 296.69 0.0039179
night_stand 0 0 -10 255.55 249.25 369.96 298.25 0.0037603
bed 0 0 -10 69.44 279.42 400.11 524.35 0.0036579
night_stand 0 0 -10 51.28 109.55 191.37 307.75 0.0036479
bookshelf 0 0 -10 77.38 103.11 254.80 293.51 0.0036300
dresser 0 0 -10 171.00 187.04 607.32 524.15 0.0034960
sofa 0 0 -10 128.05 201.63 186.45 292.27 0.0034422
table 0 0 -10 80.41 213.48 599.14 530.00 0.0033785
night_stand 0 0 -10 302.12 206.36 382.82 253.84 0.0033263
table 0 0 -10 38.40 115.88 196.82 341.15 0.0033117
table 0 0 -10 274.40 240.72 362.72 342.71 0.0030219
desk 0 0 -10 135.97 190.13 209.18 286.52 0.0029772
sofa 0 0 -10 93.02 165.16 185.78 307.23 0.0028417
toilet 0 0 -10 3.77 111.48 168.03 362.68 0.0026746
chair 0 0 -10 298.05 164.07 358.44 239.71 0.0025879
night_stand 0 0 -10 287.13 234.43 358.28 262.25 0.0025141
bed 0 0 -10 175.26 192.84 506.48 456.27 0.0024499
bed 0 0 -10 372.91 206.34 607.71 519.32 0.0024439
bathtub 0 0 -10 3.94 117.89 176.86 347.49 0.0024283
toilet 0 0 -10 127.73 199.80 185.68 297.52 0.0022753
chair 0 0 -10 49.09 95.76 208.74 289.10 0.0022701
night_stand 0 0 -10 109.65 204.42 589.62 525.53 0.0022613
dresser 0 0 -10 694.28 184.38 729.86 446.38 0.0020731
toilet 0 0 -10 89.55 174.51 187.09 311.70 0.0019861
night_stand 0 0 -10 82.81 264.54 159.97 426.40 0.0019619
table 0 0 -10 73.33 110.60 249.29 292.87 0.0019021
dresser 0 0 -10 459.22 159.28 704.27 477.39 0.0018992
chair 0 0 -10 234.61 195.82 408.37 366.99 0.0018920
night_stand 0 0 -10 301.79 219.04 406.44 316.37 0.0018727
bookshelf 0 0 -10 124.46 202.77 186.32 296.13 0.0018436
bed 0 0 -10 126.49 173.43 238.76 298.53 0.0017510
desk 0 0 -10 70.91 206.90 611.42 528.33 0.0016361
