sofa 0 0 -10 4.73 101.49 171.98 390.79 0.9771581
sofa 0 0 -10 512.55 128.50 725.08 374.36 0.8584011
sofa 0 0 -10 225.79 160.51 571.38 528.04 0.8534206
sofa 0 0 -10 582.23 140.85 727.96 259.83 0.5401950
sofa 0 0 -10 194.23 86.45 324.89 206.94 0.5053725
bed 0 0 -10 239.39 166.81 567.83 528.40 0.1768605
night_stand 0 0 -10 460.00 167.31 520.52 211.56 0.1105691
night_stand 0 0 -10 439.38 170.93 521.22 244.21 0.0987733
bed 0 0 -10 241.43 132.61 525.36 304.95 0.0861288
chair 0 0 -10 467.64 115.37 518.60 190.58 0.0773838
bed 0 0 -10 320.06 128.17 428.13 213.52 0.0619338
sofa 0 0 -10 239.57 149.14 561.47 333.08 0.0555980
chair 0 0 -10 238.39 164.01 301.95 321.47 0.0516212
chair 0 0 -10 517.88 133.54 725.08 370.73 0.0442809
chair 0 0 -10 239.65 164.11 563.07 530.00 0.0428361
table 0 0 -10 451.34 155.57 599.64 256.32 0.0422409
bed 0 0 -10 187.37 48.76 373.24 203.59 0.0377127
chair 0 0 -10 191.32 87.58 331.78 210.67 0.0373789
table 0 0 -10 458.75 165.44 518.48 200.90 0.0354923
table 0 0 -10 450.28 164.54 539.09 243.75 0.0277177
table 0 0 -10 222.42 173.47 569.58 530.00 0.0270643
night_stand 0 0 -10 161.40 117.05 196.74 183.06 0.0270399
bed 0 0 -10 0.00 100.37 174.00 400.95 0.0242617
table 0 0 -10 457.17 154.57 532.09 215.55 0.0179240
bed 0 0 -10 253.47 140.12 523.19 226.49 0.0178662
bed 0 0 -10 336.78 124.64 422.55 171.20 0.0161885
chair 0 0 -10 242.57 158.66 353.09 328.10 0.0141579
bed 0 0 -10 0.58 101.39 178.14 213.38 0.0136062
table 0 0 -10 246.79 156.78 558.05 334.22 0.0111069
sofa 0 0 -10 463.46 124.28 585.41 211.80 0.0107746
chair 0 0 -10 322.55 126.46 433.94 225.38 0.0102286
sofa 0 0 -10 322.35 128.79 427.43 212.64 0.0098459
sofa 0 0 -10 3.28 97.65 178.84 228.00 0.0094067
sofa 0 0 -10 241.79 162.63 359.88 318.04 0.0092513
night_stand 0 0 -10 166.20 131.21 194.72 169.29 0.0090742
sofa 0 0 -10 468.80 120.41 712.35 261.93 0.0089088
chair 0 0 -10 462.97 115.72 550.17 215.56 0.0085048
chair 0 0 -10 444.33 99.11 586.35 275.77 0.0084704
table 0 0 -10 237.17 167.09 295.50 320.50 0.0080378
night_stand 0 0 -10 459.55 153.70 521.33 196.27 0.0080360
night_stand 0 0 -10 125.25 99.97 186.66 156.59 0.0075146
table 0 0 -10 464.93 135.50 530.79 194.81 0.0071685
sofa 0 0 -10 229.81 155.71 402.70 394.94 0.0063239
dresser 0 0 -10 143.36 29.68 254.33 173.91 0.0061777
table 0 0 -10 693.96 240.90 728.31 384.12 0.0059179
bed 0 0 -10 211.18 15.78 441.62 185.31 0.0058646
sofa 0 0 -10 3.66 106.40 55.05 399.33 0.0054402
bed 0 0 -10 243.49 77.59 448.24 212.86 0.0053415
desk 0 0 -10 233.89 174.25 562.47 508.17 0.0053081
bed 0 0 -10 310.39 103.05 421.94 160.65 0.0052891
night_stand 0 0 -10 133.77 109.29 196.32 175.69 0.0052280
table 0 0 -10 708.89 244.43 729.51 374.74 0.0049820
chair 0 0 -10 613.56 0.67 701.25 80.84 0.0049695
bed 0 0 -10 324.49 127.06 516.35 195.78 0.0044340
night_stand 0 0 -10 446.70 141.36 521.47 216.36 0.0043689
sofa 0 0 -10 237.66 164.25 299.15 320.60 0.0040999
bookshelf 0 0 -10 281.03 3.66 439.19 145.47 0.0040298
chair 0 0 -10 233.27 139.68 391.49 397.53 0.0040251
night_stand 0 0 -10 98.48 92.03 184.55 175.93 0.0039939
table 0 0 -10 406.19 159.28 670.76 382.97 0.0038841
chair 0 0 -10 2.21 103.08 173.28 400.91 0.0038058
bed 0 0 -10 200.41 40.19 541.17 233.85 0.0034460
table 0 0 -10 256.16 145.62 511.96 232.28 0.0033717
chair 0 0 -10 486.30 116.99 515.21 181.16 0.0033586
sofa 0 0 -10 522.82 170.52 722.65 294.23 0.0031685
night_stand 0 0 -10 170.88 142.83 195.84 177.92 0.0030771
sofa 0 0 -10 338.83 129.20 424.28 178.81 0.0030057
bed 0 0 -10 451.61 124.34 720.98 383.30 0.0029396
sofa 0 0 -10 326.41 129.53 514.93 195.45 0.0029156
bed 0 0 -10 282.61 34.39 427.02 158.20 0.0029110
sofa 0 0 -10 203.32 93.36 317.20 150.02 0.0028012
night_stand 0 0 -10 430.57 154.57 550.14 277.65 0.0026752
night_stand 0 0 -10 161.24 128.41 188.30 156.65 0.0026253
sofa 0 0 -10 250.49 136.33 525.85 234.50 0.0025849
bed 0 0 -10 6.38 77.50 183.22 160.62 0.0025320
bed 0 0 -10 252.18 113.90 428.18 181.08 0.0025318
bed 0 0 -10 294.96 105.89 569.63 384.96 0.0024915
table 0 0 -10 244.04 156.95 403.41 315.41 0.0023853
bed 0 0 -10 203.88 106.01 475.47 252.79 0.0023771
dresser 0 0 -10 291.79 5.10 463.78 184.50 0.0023767
dresser 0 0 -10 185.71 57.66 328.80 200.27 0.0023603
bookshelf 0 0 -10 194.54 48.26 331.80 193.23 0.0023565
table 0 0 -10 471.65 159.61 517.49 186.02 0.0023486
sofa 0 0 -10 365.32 138.93 636.00 410.64 0.0022856
chair 0 0 -10 452.71 141.53 537.76 252.97 0.0021762
table 0 0 -10 433.48 168.77 518.26 216.55 0.0021535
sofa 0 0 -10 505.45 126.97 634.21 243.79 0.0021216
table 0 0 -10 514.45 147.81 725.52 358.59 0.0020464
sofa 0 0 -10 234.91 147.79 438.05 293.38 0.0020377
sofa 0 0 -10 2.06 94.52 93.19 215.42 0.0020374
bookshelf 0 0 -10 236.44 164.66 564.41 518.44 0.0019588
chair 0 0 -10 471.58 87.01 563.16 194.12 0.0019164
sofa 0 0 -10 332.33 101.62 594.68 211.15 0.0018548
dresser 0 0 -10 238.60 185.04 562.26 523.83 0.0018274
bed 0 0 -10 249.03 143.42 379.66 312.74 0.0018141
table 0 0 -10 456.97 115.98 515.30 185.79 0.0018073
dresser 0 0 -10 121.99 35.04 198.41 172.85 0.0017283
table 0 0 -10 193.59 112.21 332.25 215.53 0.0017100
bed 0 0 -10 17.47 28.04 199.12 183.97 0.0016925
table 0 0 -10 536.03 155.15 723.87 264.38 0.0016693
