night_stand 0 0 -10 0.00 179.11 105.86 330.05 0.9922019
bed 0 0 -10 82.87 11.40 691.53 524.81 0.9795910
dresser 0 0 -10 383.18 88.00 534.59 253.39 0.9432477
dresser 0 0 -10 529.80 103.26 659.07 276.76 0.4139746
dresser 0 0 -10 423.70 97.00 629.61 273.47 0.2594905
dresser 0 0 -10 576.16 127.07 727.03 388.73 0.2350378
dresser 0 0 -10 508.35 97.09 606.78 273.01 0.1882421
dresser 0 0 -10 586.59 109.00 661.30 182.73 0.1110130
table 0 0 -10 97.72 154.69 718.98 530.00 0.1026830
desk 0 0 -10 585.79 169.30 729.77 400.49 0.0962652
dresser 0 0 -10 577.10 105.08 660.61 235.75 0.0661742
desk 0 0 -10 551.48 108.92 656.96 280.13 0.0547989
table 0 0 -10 603.91 183.97 729.60 407.10 0.0516878
chair 0 0 -10 289.59 252.20 711.50 530.00 0.0380193
chair 0 0 -10 127.72 153.20 681.95 526.64 0.0366275
bookshelf 0 0 -10 375.67 82.04 544.11 257.11 0.0355035
night_stand 0 0 -10 586.10 101.52 668.02 184.32 0.0349979
night_stand 0 0 -10 379.97 81.04 545.12 242.01 0.0256437
dresser 0 0 -10 481.27 33.71 702.90 268.03 0.0249669
dresser 0 0 -10 107.74 8.04 660.29 459.25 0.0178152
desk 0 0 -10 0.43 148.03 99.90 342.95 0.0171110
dresser 0 0 -10 591.29 15.72 729.37 238.17 0.0155965
dresser 0 0 -10 0.13 119.03 99.83 330.37 0.0154893
dresser 0 0 -10 558.53 110.82 604.63 269.92 0.0150657
sofa 0 0 -10 108.48 74.70 696.84 524.16 0.0140318
chair 0 0 -10 366.46 83.11 547.05 255.11 0.0136803
table 0 0 -10 3.48 163.93 97.88 343.37 0.0135007
desk 0 0 -10 90.14 147.61 723.52 530.00 0.0121928
dresser 0 0 -10 591.82 102.32 705.59 189.84 0.0106910
dresser 0 0 -10 312.05 35.35 699.97 360.70 0.0103605
chair 0 0 -10 566.31 164.34 726.01 427.33 0.0096004
dresser 0 0 -10 624.53 95.91 670.47 185.55 0.0092358
chair 0 0 -10 242.23 378.13 687.32 525.17 0.0091192
desk 0 0 -10 372.48 88.97 549.18 248.13 0.0090793
bed 0 0 -10 276.63 193.97 691.66 525.41 0.0089929
bed 0 0 -10 571.77 40.82 730.00 401.80 0.0088772
table 0 0 -10 535.78 120.05 694.73 309.32 0.0086031
desk 0 0 -10 542.86 115.19 723.01 346.99 0.0081010
chair 0 0 -10 414.03 180.26 714.74 476.84 0.0071313
bed 0 0 -10 365.28 78.77 549.02 255.06 0.0068205
desk 0 0 -10 574.65 105.21 663.64 188.59 0.0067419
table 0 0 -10 378.63 93.07 543.68 252.29 0.0065204
desk 0 0 -10 406.26 97.16 640.70 280.44 0.0064189
table 0 0 -10 561.06 113.46 653.94 280.26 0.0061978
chair 0 0 -10 473.33 273.81 708.93 513.47 0.0061533
bookshelf 0 0 -10 122.51 0.00 647.79 464.07 0.0061000
dresser 0 0 -10 550.52 116.23 628.11 224.90 0.0060398
dresser 0 0 -10 302.94 30.83 560.44 291.48 0.0059818
dresser 0 0 -10 106.80 21.77 413.23 386.83 0.0056899
dresser 0 0 -10 490.44 98.77 643.59 218.97 0.0056310
night_stand 0 0 -10 397.38 102.17 627.64 269.66 0.0055695
night_stand 0 0 -10 624.21 95.64 671.00 185.38 0.0053877
dresser 0 0 -10 665.57 23.65 728.86 222.82 0.0052800
bed 0 0 -10 370.72 50.45 730.00 415.43 0.0052258
night_stand 0 0 -10 561.11 107.20 656.32 274.13 0.0050608
dresser 0 0 -10 691.80 31.43 729.80 291.90 0.0050565
chair 0 0 -10 97.65 182.51 415.98 528.27 0.0049425
dresser 0 0 -10 626.40 195.68 730.00 363.92 0.0044579
bookshelf 0 0 -10 580.49 20.68 728.48 383.54 0.0041746
night_stand 0 0 -10 533.79 115.80 696.27 297.42 0.0040480
desk 0 0 -10 506.28 99.80 612.75 280.71 0.0038471
night_stand 0 0 -10 580.57 84.63 730.00 379.04 0.0038125
chair 0 0 -10 103.31 332.20 500.32 528.19 0.0037128
table 0 0 -10 586.04 104.03 664.46 185.79 0.0033284
bed 0 0 -10 0.51 121.09 100.17 343.64 0.0030091
chair 0 0 -10 540.67 106.92 656.90 275.74 0.0029696
desk 0 0 -10 580.97 99.78 724.49 261.70 0.0029638
chair 0 0 -10 0.00 113.25 100.37 335.01 0.0029269
dresser 0 0 -10 3.76 23.24 133.22 307.31 0.0028967
bed 0 0 -10 0.00 104.20 249.49 325.08 0.0026566
desk 0 0 -10 558.40 109.87 605.23 273.92 0.0024699
chair 0 0 -10 621.17 12.93 692.98 149.61 0.0023916
night_stand 0 0 -10 126.91 122.27 704.74 526.55 0.0023609
night_stand 0 0 -10 596.66 113.83 626.62 147.61 0.0022068
bed 0 0 -10 282.82 55.72 578.96 396.47 0.0021926
night_stand 0 0 -10 23.77 194.02 99.65 279.61 0.0021882
chair 0 0 -10 264.41 434.42 607.78 530.00 0.0021817
chair 0 0 -10 85.63 9.36 500.85 488.25 0.0020954
desk 0 0 -10 586.90 114.30 651.17 241.78 0.0020900
desk 0 0 -10 650.03 187.68 728.82 414.18 0.0020751
night_stand 0 0 -10 607.02 104.94 669.13 159.59 0.0019867
table 0 0 -10 3.04 175.83 94.12 238.34 0.0019375
bed 0 0 -10 526.35 98.43 700.35 309.71 0.0019079
chair 0 0 -10 472.07 79.54 608.12 266.41 0.0018175
chair 0 0 -10 571.31 105.03 658.07 183.42 0.0017691
bed 0 0 -10 91.23 10.89 436.87 424.01 0.0017251
dresser 0 0 -10 437.15 111.90 720.14 405.72 0.0017082
chair 0 0 -10 600.65 12.64 728.92 276.04 0.0017042
dresser 0 0 -10 607.17 106.25 668.56 158.64 0.0016224
dresser 0 0 -10 563.57 101.39 635.14 176.86 0.0016112
table 0 0 -10 168.71 315.94 690.86 529.22 0.0015538
chair 0 0 -10 634.59 194.03 729.15 442.03 0.0015310
table 0 0 -10 568.79 152.79 723.38 343.29 0.0015309
dresser 0 0 -10 456.05 7.59 610.82 215.96 0.0015239
chair 0 0 -10 554.85 30.81 700.24 247.99 0.0015086
dresser 0 0 -10 636.87 13.00 719.44 185.07 0.0014675
chair 0 0 -10 313.23 50.54 558.87 366.53 0.0014021
table 0 0 -10 529.16 108.39 625.33 286.80 0.0013601
bookshelf 0 0 -10 1.02 44.02 100.02 317.84 0.0012813
night_stand 0 0 -10 588.43 117.54 652.28 237.48 0.0012812
