bed 0 0 -10 54.83 19.81 560.90 463.66 0.9838558
sofa 0 0 -10 568.73 223.50 729.27 530.00 0.8979959
sofa 0 0 -10 1.94 179.97 200.53 504.03 0.6646370
sofa 0 0 -10 580.14 212.77 728.46 381.73 0.6550276
dresser 0 0 -10 109.65 66.23 223.85 163.96 0.6298171
bed 0 0 -10 4.50 165.06 206.48 498.23 0.3050775
chair 0 0 -10 589.68 239.62 729.35 365.12 0.1640256
chair 0 0 -10 0.00 188.41 185.16 509.12 0.1033665
chair 0 0 -10 570.79 243.82 725.15 529.41 0.0801186
bed 0 0 -10 66.58 141.09 428.51 436.36 0.0497519
sofa 0 0 -10 596.82 187.94 722.09 279.62 0.0326983
sofa 0 0 -10 30.41 122.40 539.82 515.21 0.0296922
bed 0 0 -10 32.00 5.86 485.53 228.62 0.0256653
chair 0 0 -10 601.58 205.20 692.98 273.12 0.0247495
chair 0 0 -10 585.63 190.27 711.43 310.31 0.0233137
dresser 0 0 -10 122.30 66.04 177.03 163.08 0.0203102
table 0 0 -10 578.14 219.68 726.05 365.38 0.0193334
dresser 0 0 -10 44.24 52.34 228.94 180.02 0.0190467
dresser 0 0 -10 159.42 85.04 227.58 161.22 0.0189409
table 0 0 -10 546.01 198.94 699.59 412.29 0.0182791
bed 0 0 -10 556.92 194.74 728.70 362.95 0.0148634
chair 0 0 -10 571.05 188.11 682.84 377.53 0.0143183
dresser 0 0 -10 75.49 67.91 182.54 176.52 0.0138154
night_stand 0 0 -10 118.27 64.03 229.18 166.34 0.0137326
bed 0 0 -10 13.37 22.05 252.60 209.92 0.0117680
table 0 0 -10 608.04 207.31 711.12 273.66 0.0107164
table 0 0 -10 564.32 238.63 723.03 529.86 0.0093164
bed 0 0 -10 53.60 2.99 545.96 118.17 0.0085773
desk 0 0 -10 577.12 215.91 726.60 368.35 0.0081710
sofa 0 0 -10 2.69 248.39 190.59 411.97 0.0080426
chair 0 0 -10 617.72 232.22 714.82 312.13 0.0079343
dresser 0 0 -10 94.44 73.32 168.75 150.17 0.0072211
bed 0 0 -10 3.80 33.51 224.45 384.19 0.0070654
sofa 0 0 -10 672.12 202.61 727.23 437.99 0.0070506
table 0 0 -10 610.10 185.16 726.46 321.19 0.0068576
table 0 0 -10 79.95 26.08 551.33 383.32 0.0068295
sofa 0 0 -10 643.44 243.27 725.28 528.09 0.0061092
table 0 0 -10 565.91 220.07 649.98 390.03 0.0060209
chair 0 0 -10 591.11 208.91 648.44 274.65 0.0057372
night_stand 0 0 -10 523.73 211.41 621.69 342.33 0.0050470
bed 0 0 -10 75.86 70.06 440.31 271.02 0.0049583
table 0 0 -10 17.63 178.82 236.14 492.89 0.0049176
chair 0 0 -10 509.01 169.59 721.98 370.29 0.0048181
chair 0 0 -10 578.69 227.96 640.99 300.62 0.0046588
bed 0 0 -10 564.74 175.80 729.65 522.24 0.0046092
chair 0 0 -10 579.17 177.63 663.73 292.86 0.0040670
dresser 0 0 -10 82.96 9.94 544.36 384.98 0.0040559
table 0 0 -10 596.99 207.33 656.13 278.13 0.0039325
chair 0 0 -10 609.46 168.74 722.02 268.12 0.0039180
chair 0 0 -10 548.69 198.11 650.47 343.35 0.0038540
desk 0 0 -10 115.21 62.75 229.66 168.28 0.0037652
desk 0 0 -10 74.53 32.27 576.58 448.48 0.0036060
sofa 0 0 -10 609.51 152.70 726.42 225.52 0.0035540
chair 0 0 -10 160.13 24.49 555.59 452.50 0.0035506
sofa 0 0 -10 83.49 18.95 551.35 396.31 0.0035359
table 0 0 -10 49.11 140.69 535.59 513.03 0.0032017
table 0 0 -10 63.69 6.36 549.58 121.88 0.0031423
sofa 0 0 -10 566.54 194.07 686.12 326.41 0.0031051
night_stand 0 0 -10 568.72 208.60 726.38 383.83 0.0029749
sofa 0 0 -10 609.62 129.33 729.86 337.48 0.0029034
table 0 0 -10 627.14 164.09 727.31 213.02 0.0028756
table 0 0 -10 611.55 175.52 724.54 254.89 0.0028167
chair 0 0 -10 110.55 57.11 233.47 165.31 0.0025511
chair 0 0 -10 593.39 93.76 726.65 324.82 0.0025417
dresser 0 0 -10 129.09 79.14 204.52 151.99 0.0024857
bookshelf 0 0 -10 84.92 5.98 553.32 427.47 0.0024765
dresser 0 0 -10 572.93 205.70 716.57 377.06 0.0023494
chair 0 0 -10 575.66 216.34 620.53 323.65 0.0021483
bed 0 0 -10 80.00 50.06 247.02 184.56 0.0020888
sofa 0 0 -10 592.79 312.99 728.39 435.89 0.0020723
bed 0 0 -10 599.04 184.07 720.02 268.22 0.0020197
dresser 0 0 -10 522.40 194.79 625.40 325.29 0.0019976
night_stand 0 0 -10 12.04 192.92 207.48 497.08 0.0019853
desk 0 0 -10 2.03 265.41 201.31 505.59 0.0019610
table 0 0 -10 577.82 234.16 635.25 304.18 0.0018703
table 0 0 -10 522.26 209.04 618.16 347.87 0.0018553
desk 0 0 -10 601.92 182.47 718.59 266.58 0.0017194
bed 0 0 -10 606.45 153.37 727.12 225.72 0.0017142
dresser 0 0 -10 1.18 170.18 198.60 497.72 0.0017012
sofa 0 0 -10 603.67 203.02 666.87 275.90 0.0016580
bathtub 0 0 -10 87.73 12.63 552.14 347.35 0.0016028
dresser 0 0 -10 88.57 70.57 139.79 171.42 0.0015914
bookshelf 0 0 -10 117.50 58.25 228.13 169.62 0.0015773
dresser 0 0 -10 70.05 99.49 134.88 165.33 0.0015329
desk 0 0 -10 542.08 189.57 703.26 415.46 0.0014924
night_stand 0 0 -10 567.44 217.55 651.15 388.28 0.0014681
night_stand 0 0 -10 36.05 45.00 233.84 172.17 0.0013678
table 0 0 -10 84.77 61.71 244.31 180.62 0.0013447
chair 0 0 -10 639.38 154.62 727.12 213.50 0.0013092
chair 0 0 -10 598.00 187.80 677.74 253.33 0.0012754
table 0 0 -10 618.77 230.93 710.91 313.51 0.0012601
dresser 0 0 -10 115.46 115.55 229.42 166.51 0.0012435
desk 0 0 -10 561.38 230.32 728.37 530.00 0.0012366
chair 0 0 -10 45.10 162.65 473.51 514.49 0.0012283
table 0 0 -10 41.47 269.11 198.52 460.68 0.0012248
bed 0 0 -10 165.20 178.90 579.02 447.46 0.0011925
night_stand 0 0 -10 162.86 83.81 230.08 163.53 0.0011489
sofa 0 0 -10 581.23 180.46 662.27 295.25 0.0011370
sofa 0 0 -10 599.11 189.85 687.77 254.48 0.0011128
toilet 0 0 -10 546.32 199.07 718.36 398.81 0.0010931
