bed 0 0 -10 140.08 0.00 730.00 529.43 0.9926071
table 0 0 -10 0.00 107.59 110.65 292.54 0.7772686
night_stand 0 0 -10 488.02 215.87 589.18 292.13 0.5490535
dresser 0 0 -10 597.52 173.36 725.89 316.94 0.4611911
night_stand 0 0 -10 0.00 99.50 112.90 284.48 0.2188741
chair 0 0 -10 368.86 409.04 726.28 530.00 0.1739897
night_stand 0 0 -10 520.78 222.46 577.97 286.24 0.1295715
night_stand 0 0 -10 499.94 210.95 592.67 252.80 0.1140369
dresser 0 0 -10 578.22 68.19 730.00 317.61 0.0997794
bed 0 0 -10 157.60 1.06 498.04 342.97 0.0782770
desk 0 0 -10 0.00 120.56 106.87 289.44 0.0733004
night_stand 0 0 -10 451.17 193.34 586.45 267.88 0.0670796
table 0 0 -10 396.24 437.40 703.98 529.99 0.0510540
table 0 0 -10 294.63 398.64 726.08 526.20 0.0489505
dresser 0 0 -10 544.02 186.53 656.85 282.65 0.0430153
night_stand 0 0 -10 219.77 212.88 724.76 530.00 0.0429424
night_stand 0 0 -10 518.82 231.80 615.40 300.72 0.0380646
night_stand 0 0 -10 511.82 187.86 576.62 246.08 0.0363235
table 0 0 -10 11.56 145.41 95.88 266.52 0.0230976
night_stand 0 0 -10 595.26 180.56 728.53 323.23 0.0204356
table 0 0 -10 196.34 201.17 724.76 530.00 0.0192957
dresser 0 0 -10 643.85 200.92 728.82 297.82 0.0179493
dresser 0 0 -10 488.80 196.61 593.83 277.94 0.0146851
dresser 0 0 -10 575.72 86.92 651.43 286.54 0.0138829
night_stand 0 0 -10 522.56 219.19 572.09 242.30 0.0132377
dresser 0 0 -10 510.44 187.84 576.22 245.86 0.0130346
dresser 0 0 -10 183.28 189.81 730.00 530.00 0.0128620
dresser 0 0 -10 667.44 162.69 727.09 333.99 0.0111743
desk 0 0 -10 220.91 318.50 719.49 530.00 0.0107590
night_stand 0 0 -10 516.67 194.49 603.93 280.77 0.0103864
dresser 0 0 -10 619.32 184.14 710.35 284.97 0.0087808
dresser 0 0 -10 0.77 98.30 112.34 289.82 0.0085368
dresser 0 0 -10 598.70 184.79 664.60 271.90 0.0085117
sofa 0 0 -10 397.19 434.00 724.34 529.55 0.0078965
night_stand 0 0 -10 438.76 208.04 537.01 280.90 0.0074445
chair 0 0 -10 3.55 118.68 104.16 283.37 0.0072701
night_stand 0 0 -10 535.20 222.67 577.15 247.72 0.0065766
bed 0 0 -10 277.60 290.52 730.00 522.78 0.0065720
dresser 0 0 -10 698.07 214.67 729.26 337.84 0.0063753
table 0 0 -10 2.74 93.75 105.22 169.26 0.0062374
sofa 0 0 -10 201.94 177.69 730.00 530.00 0.0057363
night_stand 0 0 -10 383.68 193.67 478.68 280.81 0.0057141
bed 0 0 -10 471.34 193.06 584.00 284.19 0.0053547
dresser 0 0 -10 665.43 185.58 729.18 266.46 0.0052280
dresser 0 0 -10 506.03 213.00 600.16 258.89 0.0050945
sofa 0 0 -10 161.20 0.00 581.19 517.85 0.0049292
chair 0 0 -10 229.59 203.86 719.99 524.09 0.0048427
table 0 0 -10 0.05 58.57 49.72 323.21 0.0047963
night_stand 0 0 -10 474.40 187.39 560.35 232.72 0.0047044
dresser 0 0 -10 465.60 211.48 572.34 290.27 0.0046289
bed 0 0 -10 238.70 115.99 688.24 351.87 0.0045694
dresser 0 0 -10 509.91 138.24 614.87 254.97 0.0044877
sofa 0 0 -10 161.27 12.33 502.91 327.75 0.0042422
bathtub 0 0 -10 388.49 435.24 730.00 527.33 0.0041416
dresser 0 0 -10 144.17 2.26 586.02 381.61 0.0041133
chair 0 0 -10 1.34 103.68 59.32 314.47 0.0040050
night_stand 0 0 -10 539.12 205.77 607.68 260.78 0.0038511
table 0 0 -10 466.83 210.76 592.87 286.25 0.0036997
bed 0 0 -10 296.75 145.59 730.00 479.07 0.0036276
dresser 0 0 -10 707.17 170.40 728.50 364.81 0.0034138
night_stand 0 0 -10 560.78 222.43 595.56 252.13 0.0034108
bed 0 0 -10 530.87 33.11 730.00 355.45 0.0033788
night_stand 0 0 -10 603.19 347.96 725.45 444.13 0.0030121
chair 0 0 -10 157.23 57.55 506.61 528.04 0.0029499
night_stand 0 0 -10 1.38 100.07 105.89 154.50 0.0029303
toilet 0 0 -10 391.34 433.95 726.75 527.21 0.0026554
dresser 0 0 -10 543.25 128.98 659.95 259.34 0.0024887
desk 0 0 -10 395.65 436.37 730.00 527.73 0.0024150
chair 0 0 -10 0.03 15.15 46.18 256.58 0.0023619
chair 0 0 -10 272.37 339.87 697.44 530.00 0.0023462
bed 0 0 -10 510.93 161.98 729.67 329.28 0.0023209
bed 0 0 -10 2.93 93.29 110.98 294.15 0.0022953
night_stand 0 0 -10 682.72 185.26 728.44 363.19 0.0022389
night_stand 0 0 -10 699.15 223.75 729.72 336.85 0.0021874
night_stand 0 0 -10 566.62 198.43 617.51 258.01 0.0020752
table 0 0 -10 1.61 91.76 33.34 268.29 0.0020483
bathtub 0 0 -10 186.32 221.07 723.97 529.78 0.0020368
dresser 0 0 -10 516.43 214.90 591.37 292.29 0.0020095
night_stand 0 0 -10 538.90 232.21 575.68 253.44 0.0017984
bed 0 0 -10 503.31 211.15 597.05 300.20 0.0017917
toilet 0 0 -10 0.00 92.29 111.01 287.50 0.0016410
night_stand 0 0 -10 536.99 229.74 634.42 281.05 0.0016101
bookshelf 0 0 -10 197.01 167.34 730.00 530.00 0.0015909
night_stand 0 0 -10 647.98 204.25 728.51 299.20 0.0015727
dresser 0 0 -10 174.58 9.42 513.00 254.14 0.0015489
chair 0 0 -10 152.71 405.93 554.00 526.62 0.0015238
bed 0 0 -10 304.48 27.81 588.26 285.62 0.0014811
toilet 0 0 -10 197.19 206.57 713.75 530.00 0.0014620
chair 0 0 -10 1.27 150.56 63.74 253.01 0.0013843
dresser 0 0 -10 475.18 47.57 704.25 313.37 0.0013789
table 0 0 -10 686.44 416.51 727.69 522.57 0.0013215
chair 0 0 -10 447.86 438.26 668.00 530.00 0.0012902
bookshelf 0 0 -10 0.15 104.78 106.73 298.89 0.0012677
night_stand 0 0 -10 549.02 188.67 658.14 281.61 0.0012563
desk 0 0 -10 141.33 63.68 730.00 524.27 0.0012463
chair 0 0 -10 0.89 29.51 88.59 183.08 0.0012359
night_stand 0 0 -10 343.99 405.31 730.00 527.87 0.0012236
chair 0 0 -10 25.79 137.70 87.40 260.09 0.0012085
night_stand 0 0 -10 197.23 296.11 469.46 529.14 0.0011812
chair 0 0 -10 468.36 189.63 582.01 277.68 0.0011757
