chair 0 0 -10 162.88 120.22 358.57 437.18 0.9831155
chair 0 0 -10 373.43 126.27 481.19 308.78 0.9781472
chair 0 0 -10 291.71 130.91 433.36 350.37 0.9778305
desk 0 0 -10 0.00 101.49 329.29 444.29 0.4928234
table 0 0 -10 13.46 102.53 379.04 428.16 0.2459246
chair 0 0 -10 414.03 96.44 486.41 259.71 0.1777765
table 0 0 -10 136.36 178.72 406.17 444.34 0.0769891
chair 0 0 -10 244.93 124.43 357.53 372.61 0.0566722
chair 0 0 -10 382.36 129.26 475.95 229.96 0.0562293
chair 0 0 -10 428.50 105.17 487.08 200.81 0.0551389
chair 0 0 -10 349.73 120.00 441.15 242.09 0.0545012
chair 0 0 -10 414.41 126.45 465.80 305.65 0.0412532
chair 0 0 -10 184.28 122.89 337.62 324.05 0.0249231
chair 0 0 -10 47.39 90.87 401.70 441.10 0.0181254
chair 0 0 -10 373.54 130.55 435.05 287.10 0.0162449
chair 0 0 -10 267.74 114.37 399.01 294.30 0.0150860
chair 0 0 -10 333.77 124.19 382.16 280.89 0.0129742
desk 0 0 -10 139.24 166.51 404.13 452.40 0.0127429
table 0 0 -10 254.56 163.04 455.45 415.17 0.0123877
chair 0 0 -10 324.51 127.83 427.89 211.02 0.0090285
bookshelf 0 0 -10 43.50 6.63 381.77 147.26 0.0084166
chair 0 0 -10 254.52 63.35 522.99 340.79 0.0075556
table 0 0 -10 344.64 156.90 478.73 347.60 0.0057341
table 0 0 -10 154.80 201.65 291.92 450.66 0.0051415
chair 0 0 -10 327.75 116.89 501.03 359.39 0.0046705
chair 0 0 -10 308.78 118.90 422.69 260.31 0.0043343
chair 0 0 -10 436.29 82.96 486.58 170.27 0.0042637
desk 0 0 -10 348.11 146.90 476.91 347.95 0.0039274
bookshelf 0 0 -10 181.15 0.00 321.27 153.22 0.0039037
desk 0 0 -10 0.00 43.99 504.28 368.76 0.0038413
desk 0 0 -10 0.00 120.98 137.74 447.93 0.0035255
chair 0 0 -10 104.98 86.24 325.39 362.78 0.0032697
dresser 0 0 -10 27.00 90.04 333.31 439.62 0.0031968
table 0 0 -10 209.91 129.54 403.46 354.44 0.0030055
sofa 0 0 -10 58.34 113.23 383.81 419.12 0.0029559
desk 0 0 -10 260.40 154.67 451.33 420.13 0.0029453
chair 0 0 -10 680.82 24.50 730.00 228.26 0.0027726
chair 0 0 -10 689.53 136.23 730.00 242.07 0.0025879
bookshelf 0 0 -10 26.09 20.60 341.40 427.59 0.0023913
chair 0 0 -10 693.57 132.37 729.15 194.26 0.0023267
chair 0 0 -10 426.36 115.09 464.39 233.78 0.0022315
sofa 0 0 -10 276.38 120.87 424.14 302.77 0.0022281
bookshelf 0 0 -10 21.75 2.68 474.41 220.47 0.0021568
chair 0 0 -10 0.32 136.92 112.74 414.42 0.0021557
table 0 0 -10 358.47 130.29 440.04 208.78 0.0020296
chair 0 0 -10 443.75 102.39 454.05 185.76 0.0019636
chair 0 0 -10 567.75 160.65 610.38 272.40 0.0019460
sofa 0 0 -10 360.54 123.90 473.27 271.50 0.0016622
bookshelf 0 0 -10 317.43 1.63 398.31 142.87 0.0016534
table 0 0 -10 38.00 258.17 335.24 471.97 0.0015303
table 0 0 -10 0.59 114.47 103.51 378.51 0.0014365
desk 0 0 -10 1.34 35.01 345.63 243.61 0.0013759
chair 0 0 -10 435.36 74.31 497.43 223.67 0.0013628
table 0 0 -10 49.53 259.86 706.13 523.12 0.0013579
bookshelf 0 0 -10 158.61 6.37 315.01 266.86 0.0013418
chair 0 0 -10 148.19 110.74 434.08 286.86 0.0013330
table 0 0 -10 318.68 135.28 434.26 297.52 0.0013219
table 0 0 -10 6.26 34.67 336.44 242.63 0.0012049
bed 0 0 -10 689.07 21.82 730.00 247.45 0.0012007
chair 0 0 -10 198.68 89.04 475.99 444.83 0.0012003
sofa 0 0 -10 340.33 122.39 431.68 226.28 0.0011828
chair 0 0 -10 334.36 108.08 468.49 199.63 0.0011443
chair 0 0 -10 349.43 74.73 547.91 284.00 0.0011134
table 0 0 -10 674.31 157.27 726.65 233.90 0.0011108
chair 0 0 -10 21.56 44.48 277.56 337.44 0.0011017
chair 0 0 -10 0.00 147.87 58.46 465.85 0.0010212
bookshelf 0 0 -10 246.31 1.16 319.09 127.08 0.0010122
chair 0 0 -10 400.85 65.05 486.99 194.02 0.0009927
dresser 0 0 -10 1.80 81.80 116.27 409.69 0.0009882
table 0 0 -10 1.35 122.90 60.28 441.58 0.0009851
bookshelf 0 0 -10 684.03 55.81 729.71 193.77 0.0009751
chair 0 0 -10 321.80 128.38 361.94 310.12 0.0009655
sofa 0 0 -10 681.04 60.13 728.53 253.16 0.0009466
chair 0 0 -10 588.75 2.49 730.00 188.22 0.0009075
chair 0 0 -10 449.26 122.63 481.42 182.70 0.0008971
sofa 0 0 -10 200.05 115.34 397.34 354.92 0.0008862
sofa 0 0 -10 692.25 130.93 729.26 265.63 0.0008794
table 0 0 -10 693.24 170.22 728.38 333.79 0.0008785
chair 0 0 -10 307.32 2.21 430.52 71.84 0.0008311
dresser 0 0 -10 683.25 63.24 729.90 193.63 0.0008248
sofa 0 0 -10 344.09 128.46 442.20 348.28 0.0007813
table 0 0 -10 691.45 123.70 728.02 231.82 0.0007718
table 0 0 -10 384.06 149.51 438.52 312.50 0.0007564
chair 0 0 -10 433.06 3.64 634.80 210.96 0.0007402
chair 0 0 -10 341.77 120.94 391.09 227.45 0.0006992
table 0 0 -10 357.08 130.49 466.85 267.63 0.0006754
table 0 0 -10 146.84 138.58 297.41 339.61 0.0006643
bed 0 0 -10 55.43 96.95 375.50 430.96 0.0006365
chair 0 0 -10 264.54 122.33 349.31 225.33 0.0006354
chair 0 0 -10 261.39 92.03 331.27 281.74 0.0006094
chair 0 0 -10 461.69 125.75 480.30 207.94 0.0005875
bookshelf 0 0 -10 286.44 5.15 446.20 155.67 0.0005805
table 0 0 -10 0.00 116.81 218.11 347.89 0.0005780
sofa 0 0 -10 693.26 169.28 729.38 334.80 0.0005755
desk 0 0 -10 313.60 137.06 429.90 335.78 0.0005706
chair 0 0 -10 393.99 141.31 452.64 302.25 0.0005512
table 0 0 -10 568.60 166.79 605.84 275.48 0.0005509
desk 0 0 -10 180.90 123.37 358.84 395.54 0.0005377
table 0 0 -10 686.11 171.40 729.48 463.49 0.0005252
chair 0 0 -10 30.16 114.85 240.46 447.18 0.0005095
