sofa 0 0 -10 233.91 95.81 545.43 463.63 0.9095066
table 0 0 -10 3.48 145.20 199.20 435.87 0.6664259
table 0 0 -10 10.82 176.19 146.61 384.35 0.3828719
sofa 0 0 -10 3.17 105.75 145.39 195.58 0.2196853
table 0 0 -10 107.69 434.17 491.66 530.00 0.1864650
sofa 0 0 -10 1.65 118.66 104.51 374.90 0.1346174
table 0 0 -10 60.85 166.41 221.70 379.34 0.1019534
sofa 0 0 -10 48.11 138.76 599.92 506.46 0.0554045
sofa 0 0 -10 1.90 87.92 164.83 328.46 0.0504772
chair 0 0 -10 105.26 429.52 484.62 530.00 0.0451295
bed 0 0 -10 119.52 437.68 485.60 530.00 0.0446259
table 0 0 -10 17.01 164.91 400.99 496.39 0.0415601
chair 0 0 -10 235.55 94.61 545.21 469.02 0.0410558
desk 0 0 -10 10.58 149.25 209.01 418.15 0.0275445
table 0 0 -10 126.33 148.53 247.44 332.71 0.0199959
table 0 0 -10 0.07 170.00 93.70 342.93 0.0151462
sofa 0 0 -10 110.56 384.63 492.67 530.00 0.0141711
bed 0 0 -10 225.42 98.87 541.98 478.34 0.0140775
sofa 0 0 -10 5.72 110.10 246.33 442.81 0.0125882
sofa 0 0 -10 303.99 85.28 706.10 530.00 0.0116775
dresser 0 0 -10 645.44 32.08 728.02 200.86 0.0110890
sofa 0 0 -10 2.27 16.25 198.47 200.96 0.0106176
table 0 0 -10 20.61 365.93 575.01 523.58 0.0094155
table 0 0 -10 3.03 161.20 75.26 456.80 0.0093396
bed 0 0 -10 0.00 7.81 226.49 211.38 0.0079013
table 0 0 -10 526.36 178.69 722.04 508.31 0.0075469
dresser 0 0 -10 575.32 5.82 727.27 201.29 0.0072654
table 0 0 -10 205.45 112.86 250.56 335.47 0.0063041
sofa 0 0 -10 3.66 114.81 50.28 399.22 0.0061693
chair 0 0 -10 2.24 117.34 101.62 362.08 0.0052366
table 0 0 -10 84.27 153.70 277.08 457.42 0.0050602
table 0 0 -10 50.11 149.46 159.53 346.65 0.0049596
table 0 0 -10 0.12 156.52 32.19 441.29 0.0048168
chair 0 0 -10 17.48 108.73 144.53 318.31 0.0047086
desk 0 0 -10 78.14 434.61 519.64 530.00 0.0042143
sofa 0 0 -10 42.53 112.01 139.85 272.36 0.0040651
sofa 0 0 -10 267.22 101.33 525.54 279.63 0.0040425
chair 0 0 -10 3.40 96.46 191.60 425.75 0.0039263
chair 0 0 -10 166.47 357.96 493.05 519.65 0.0037385
bed 0 0 -10 2.30 123.23 161.87 387.08 0.0033081
bed 0 0 -10 3.43 81.67 149.65 197.65 0.0032924
bed 0 0 -10 310.94 92.05 713.75 525.08 0.0030938
chair 0 0 -10 69.63 115.34 143.40 292.55 0.0027011
sofa 0 0 -10 226.97 256.74 638.00 506.60 0.0026767
bed 0 0 -10 42.33 142.07 600.24 504.31 0.0024479
bed 0 0 -10 559.00 191.37 730.00 527.49 0.0023828
sofa 0 0 -10 549.27 217.73 725.85 530.00 0.0022881
chair 0 0 -10 645.25 0.00 730.00 177.04 0.0022475
bed 0 0 -10 180.27 376.52 671.42 530.00 0.0020053
table 0 0 -10 207.27 411.44 644.14 530.00 0.0020046
sofa 0 0 -10 448.48 109.00 535.12 172.00 0.0018972
chair 0 0 -10 57.29 156.02 550.40 514.25 0.0018540
table 0 0 -10 47.52 257.87 234.16 404.28 0.0017919
table 0 0 -10 600.08 224.28 727.65 486.67 0.0017588
table 0 0 -10 238.62 196.83 547.11 478.31 0.0016508
desk 0 0 -10 3.71 176.96 154.45 347.55 0.0015797
dresser 0 0 -10 652.60 98.48 720.07 204.07 0.0015244
night_stand 0 0 -10 15.62 148.79 210.64 404.21 0.0015131
chair 0 0 -10 57.47 170.20 240.29 455.55 0.0014820
table 0 0 -10 0.00 200.79 25.99 285.86 0.0014317
sofa 0 0 -10 32.16 94.44 366.72 361.70 0.0014012
table 0 0 -10 0.00 164.96 50.24 315.28 0.0014011
chair 0 0 -10 0.91 175.58 133.52 460.75 0.0013886
chair 0 0 -10 571.95 0.00 730.00 192.03 0.0013839
table 0 0 -10 30.95 146.66 144.54 199.15 0.0013450
table 0 0 -10 422.73 273.13 707.65 526.25 0.0013117
bed 0 0 -10 18.88 2.70 693.28 221.39 0.0012954
chair 0 0 -10 41.25 107.62 161.71 246.07 0.0012900
table 0 0 -10 2.63 170.37 17.61 433.06 0.0012812
chair 0 0 -10 231.00 266.43 630.74 508.47 0.0012153
dresser 0 0 -10 10.03 130.25 208.47 399.86 0.0011956
sofa 0 0 -10 56.05 49.00 600.28 369.24 0.0011770
bathtub 0 0 -10 72.84 432.81 569.72 528.50 0.0011770
sofa 0 0 -10 0.64 105.86 88.58 267.05 0.0011088
chair 0 0 -10 0.00 83.48 160.65 198.60 0.0010734
table 0 0 -10 39.07 128.46 139.70 287.30 0.0010587
table 0 0 -10 4.28 171.62 10.12 401.89 0.0009756
desk 0 0 -10 4.67 159.92 100.57 410.41 0.0009537
desk 0 0 -10 0.00 150.49 406.15 502.38 0.0009191
dresser 0 0 -10 558.88 17.42 727.92 421.70 0.0009066
desk 0 0 -10 545.23 220.93 728.70 530.00 0.0009018
sofa 0 0 -10 20.12 14.80 532.12 211.22 0.0008822
dresser 0 0 -10 600.68 152.55 725.60 512.48 0.0008556
sofa 0 0 -10 3.26 108.82 77.20 198.11 0.0008529
table 0 0 -10 23.43 118.98 310.13 367.21 0.0008291
table 0 0 -10 196.86 317.72 552.67 493.85 0.0008239
night_stand 0 0 -10 146.53 417.24 491.64 530.00 0.0007994
chair 0 0 -10 667.09 0.00 730.00 55.71 0.0007705
chair 0 0 -10 558.14 228.94 728.32 517.86 0.0007607
sofa 0 0 -10 400.98 261.92 718.70 529.17 0.0007540
table 0 0 -10 104.88 275.98 650.18 521.00 0.0007477
desk 0 0 -10 64.36 155.69 229.87 352.51 0.0007361
table 0 0 -10 6.18 169.51 14.16 344.69 0.0007261
bed 0 0 -10 218.22 260.84 642.41 503.95 0.0007243
sofa 0 0 -10 213.88 81.13 430.68 316.41 0.0007152
chair 0 0 -10 14.56 182.26 201.76 343.66 0.0006906
toilet 0 0 -10 98.82 426.43 478.74 530.00 0.0006836
chair 0 0 -10 655.53 93.62 727.74 218.43 0.0006728
chair 0 0 -10 345.71 56.46 427.38 106.32 0.0006129
table 0 0 -10 181.31 373.04 470.91 526.20 0.0005947
