bed 0 0 -10 64.07 0.00 730.00 525.48 0.9902397
night_stand 0 0 -10 189.19 149.71 295.93 213.92 0.9590200
sofa 0 0 -10 3.79 117.00 125.85 297.60 0.8002175
dresser 0 0 -10 190.03 30.92 318.79 211.71 0.2943943
night_stand 0 0 -10 189.10 135.89 290.66 264.48 0.2551778
night_stand 0 0 -10 645.94 200.02 730.00 284.10 0.2302882
bed 0 0 -10 0.00 106.95 210.21 290.02 0.2121322
chair 0 0 -10 50.03 227.19 667.72 527.10 0.0655241
table 0 0 -10 5.79 112.25 167.18 264.06 0.0551431
dresser 0 0 -10 185.70 136.39 292.82 209.76 0.0540916
bed 0 0 -10 0.24 3.35 305.21 308.76 0.0468199
dresser 0 0 -10 643.25 199.35 730.00 284.96 0.0427361
bookshelf 0 0 -10 201.46 27.93 311.85 189.57 0.0320019
bed 0 0 -10 640.77 197.90 730.00 292.52 0.0244278
night_stand 0 0 -10 155.97 112.50 322.81 236.23 0.0222684
dresser 0 0 -10 3.11 108.54 205.56 283.21 0.0213292
night_stand 0 0 -10 210.04 135.00 310.44 176.62 0.0199431
chair 0 0 -10 0.99 116.34 111.27 310.51 0.0197874
dresser 0 0 -10 643.79 12.31 730.00 285.78 0.0179911
table 0 0 -10 68.25 70.80 730.00 530.00 0.0168602
bed 0 0 -10 627.54 186.59 730.00 508.02 0.0153077
night_stand 0 0 -10 193.63 53.90 319.87 213.68 0.0150224
bed 0 0 -10 98.43 10.99 537.45 393.34 0.0149081
table 0 0 -10 7.60 106.08 162.91 175.78 0.0147841
night_stand 0 0 -10 631.80 214.50 729.47 498.37 0.0118605
bed 0 0 -10 427.45 11.82 730.00 513.43 0.0117867
desk 0 0 -10 3.54 110.65 173.27 270.80 0.0115252
night_stand 0 0 -10 212.71 144.94 310.07 197.34 0.0114173
night_stand 0 0 -10 205.02 155.95 317.15 237.26 0.0111296
night_stand 0 0 -10 645.67 214.56 730.00 342.19 0.0089047
bed 0 0 -10 659.64 201.13 728.80 374.57 0.0084731
night_stand 0 0 -10 9.92 115.49 203.33 284.16 0.0079674
bed 0 0 -10 84.48 59.18 394.09 343.82 0.0079370
bathtub 0 0 -10 19.55 297.23 718.42 530.00 0.0078429
dresser 0 0 -10 140.89 106.24 227.03 228.28 0.0076932
table 0 0 -10 658.29 203.93 727.44 284.39 0.0074520
sofa 0 0 -10 6.34 110.73 230.11 275.69 0.0071638
dresser 0 0 -10 148.99 106.60 319.28 232.88 0.0067420
table 0 0 -10 229.14 133.86 286.63 148.21 0.0067261
night_stand 0 0 -10 248.50 155.20 341.11 226.95 0.0059171
chair 0 0 -10 194.49 105.12 258.95 163.48 0.0058286
toilet 0 0 -10 15.59 283.00 692.86 528.42 0.0053700
sofa 0 0 -10 73.96 39.94 727.33 530.00 0.0053093
chair 0 0 -10 69.15 17.57 546.94 530.00 0.0052749
bed 0 0 -10 185.66 21.75 321.22 225.72 0.0051331
dresser 0 0 -10 55.63 113.38 168.10 256.27 0.0049058
dresser 0 0 -10 80.14 100.14 269.18 235.55 0.0048587
night_stand 0 0 -10 682.15 218.27 729.63 286.18 0.0048365
night_stand 0 0 -10 682.30 190.65 729.94 380.37 0.0047859
dresser 0 0 -10 632.63 197.43 728.17 507.63 0.0047713
chair 0 0 -10 278.23 296.21 689.86 530.00 0.0047196
table 0 0 -10 218.53 127.13 303.44 168.34 0.0046798
chair 0 0 -10 196.54 31.36 312.75 188.38 0.0046092
bed 0 0 -10 6.32 137.04 111.85 304.58 0.0044643
dresser 0 0 -10 163.00 107.40 202.26 215.20 0.0044305
chair 0 0 -10 643.77 248.47 728.04 513.45 0.0044130
bed 0 0 -10 50.21 127.56 474.77 526.87 0.0042825
desk 0 0 -10 190.16 69.49 314.00 184.69 0.0041765
sofa 0 0 -10 0.00 110.92 108.19 204.10 0.0040716
night_stand 0 0 -10 226.60 134.47 327.14 217.05 0.0040574
night_stand 0 0 -10 171.44 138.93 244.04 200.99 0.0040301
table 0 0 -10 54.29 112.36 230.53 232.81 0.0039539
chair 0 0 -10 575.48 200.25 728.51 519.98 0.0037715
table 0 0 -10 191.19 145.06 290.96 215.62 0.0037434
table 0 0 -10 227.78 101.16 289.18 148.89 0.0037026
night_stand 0 0 -10 163.82 131.41 205.70 228.86 0.0036541
bed 0 0 -10 88.67 96.85 307.11 265.71 0.0036414
desk 0 0 -10 64.31 57.71 730.00 530.00 0.0035841
desk 0 0 -10 651.19 196.75 730.00 284.75 0.0035548
desk 0 0 -10 186.76 140.00 293.82 213.88 0.0035428
dresser 0 0 -10 213.10 25.95 730.00 522.52 0.0033448
night_stand 0 0 -10 626.74 199.25 700.84 251.58 0.0032541
table 0 0 -10 198.71 38.59 310.92 187.91 0.0032184
bookshelf 0 0 -10 1.70 102.98 203.63 277.04 0.0031703
bed 0 0 -10 184.17 92.22 725.94 389.85 0.0031457
chair 0 0 -10 0.00 107.98 204.80 292.02 0.0030067
night_stand 0 0 -10 83.83 83.93 723.62 527.05 0.0029470
table 0 0 -10 10.45 128.75 257.84 290.55 0.0029277
table 0 0 -10 9.10 167.61 109.39 306.84 0.0028337
dresser 0 0 -10 131.54 12.61 380.59 233.50 0.0027476
bed 0 0 -10 684.55 214.23 729.26 481.18 0.0026134
toilet 0 0 -10 96.24 91.68 716.90 523.46 0.0025221
bed 0 0 -10 640.92 0.00 730.00 304.99 0.0024081
table 0 0 -10 682.28 192.21 728.86 384.03 0.0023893
bed 0 0 -10 25.01 269.71 716.79 528.55 0.0022936
bed 0 0 -10 571.47 155.22 730.00 407.28 0.0022748
night_stand 0 0 -10 230.87 124.69 308.71 164.96 0.0022543
bookshelf 0 0 -10 12.19 5.33 108.12 114.51 0.0022171
bookshelf 0 0 -10 645.90 0.00 728.87 289.30 0.0021892
chair 0 0 -10 248.96 14.24 722.36 518.15 0.0021864
bookshelf 0 0 -10 232.69 3.33 723.33 503.25 0.0021196
night_stand 0 0 -10 291.23 120.20 346.59 181.22 0.0021142
sofa 0 0 -10 47.82 113.83 170.62 257.41 0.0020746
bathtub 0 0 -10 89.12 116.73 730.00 517.81 0.0020484
dresser 0 0 -10 143.92 108.57 209.26 186.83 0.0019900
dresser 0 0 -10 166.74 102.68 278.32 186.81 0.0018573
table 0 0 -10 710.67 205.03 729.00 403.96 0.0018433
table 0 0 -10 168.85 131.96 249.02 179.40 0.0018416
night_stand 0 0 -10 673.66 270.30 726.41 516.33 0.0017657
table 0 0 -10 648.57 194.63 729.38 343.48 0.0017280
