sofa 0 0 -10 50.41 134.47 469.86 342.20 0.9913784
sofa 0 0 -10 73.16 265.28 496.91 528.73 0.8524479
table 0 0 -10 399.39 179.54 539.94 303.30 0.7175693
chair 0 0 -10 486.11 158.20 573.46 289.70 0.6910642
chair 0 0 -10 402.00 126.19 476.46 253.25 0.3768036
chair 0 0 -10 433.57 183.10 536.46 302.24 0.3412985
chair 0 0 -10 2.12 284.43 74.23 524.38 0.2665167
sofa 0 0 -10 1.32 286.17 62.91 527.33 0.1909683
table 0 0 -10 1.07 316.80 66.08 524.07 0.1758538
chair 0 0 -10 518.89 154.56 580.57 259.12 0.1705192
chair 0 0 -10 420.54 128.11 486.17 217.48 0.1529339
chair 0 0 -10 446.42 145.98 537.01 266.38 0.1498565
chair 0 0 -10 399.85 143.06 449.84 230.77 0.1388194
chair 0 0 -10 399.14 148.34 480.11 204.39 0.1384453
chair 0 0 -10 356.55 134.54 467.11 286.91 0.1227701
chair 0 0 -10 432.05 146.55 504.08 236.97 0.1132081
table 0 0 -10 358.76 184.34 496.37 319.94 0.1106479
chair 0 0 -10 495.38 153.20 552.53 259.58 0.1075901
chair 0 0 -10 362.79 131.93 446.64 234.33 0.1008701
table 0 0 -10 458.11 181.96 565.29 303.58 0.0986555
chair 0 0 -10 646.39 148.88 728.44 246.12 0.0928529
chair 0 0 -10 482.59 142.13 589.08 233.24 0.0699577
chair 0 0 -10 356.93 143.86 438.82 200.48 0.0695749
chair 0 0 -10 539.44 142.88 601.98 236.06 0.0600274
chair 0 0 -10 483.92 197.33 557.81 273.64 0.0573583
chair 0 0 -10 421.72 146.18 556.42 225.42 0.0527035
chair 0 0 -10 354.56 197.79 456.15 336.17 0.0511704
chair 0 0 -10 402.02 151.99 440.41 197.50 0.0511317
chair 0 0 -10 452.91 152.84 520.89 226.80 0.0425638
chair 0 0 -10 2.64 204.69 64.46 308.85 0.0425429
chair 0 0 -10 461.31 136.91 606.89 278.53 0.0392725
chair 0 0 -10 553.12 182.78 619.25 237.08 0.0369584
table 0 0 -10 430.81 256.84 523.56 309.23 0.0367384
chair 0 0 -10 416.52 124.74 475.10 184.77 0.0340768
chair 0 0 -10 326.50 129.96 605.25 250.85 0.0330608
bed 0 0 -10 90.23 270.20 574.88 527.40 0.0310285
chair 0 0 -10 474.12 164.03 538.57 248.61 0.0304927
table 0 0 -10 4.38 183.87 74.43 297.68 0.0279680
toilet 0 0 -10 4.57 294.59 62.28 526.35 0.0252166
table 0 0 -10 294.97 173.03 555.97 326.59 0.0223637
desk 0 0 -10 414.05 182.22 546.19 303.96 0.0222329
chair 0 0 -10 500.84 131.58 543.96 232.24 0.0221170
chair 0 0 -10 378.57 134.47 466.49 192.31 0.0209841
chair 0 0 -10 552.34 141.07 634.76 219.77 0.0196710
chair 0 0 -10 389.25 137.84 520.04 209.64 0.0192120
bed 0 0 -10 107.25 145.58 452.59 331.86 0.0183831
sofa 0 0 -10 651.67 144.67 730.00 236.91 0.0181987
chair 0 0 -10 316.95 132.81 470.93 212.66 0.0178258
chair 0 0 -10 461.41 104.11 526.83 232.44 0.0171031
chair 0 0 -10 385.64 134.18 512.39 269.78 0.0167635
chair 0 0 -10 493.54 128.93 541.09 182.60 0.0164791
sofa 0 0 -10 300.72 137.76 438.17 206.16 0.0159281
chair 0 0 -10 496.82 181.35 618.07 272.82 0.0151429
table 0 0 -10 51.76 275.06 570.24 529.06 0.0150656
chair 0 0 -10 421.47 143.99 462.47 187.03 0.0138382
table 0 0 -10 347.66 220.38 452.73 326.87 0.0136921
chair 0 0 -10 288.10 136.34 449.48 306.53 0.0136320
chair 0 0 -10 524.33 170.28 629.62 244.20 0.0130401
table 0 0 -10 647.96 181.82 726.99 243.20 0.0128832
chair 0 0 -10 351.57 127.51 411.69 210.07 0.0124054
chair 0 0 -10 0.00 124.76 54.06 323.35 0.0112232
chair 0 0 -10 526.32 194.17 543.50 258.03 0.0110102
table 0 0 -10 354.12 159.79 531.18 265.73 0.0108932
desk 0 0 -10 550.25 141.84 638.41 213.30 0.0103502
chair 0 0 -10 88.44 279.93 419.96 525.95 0.0103164
chair 0 0 -10 456.63 128.17 571.67 195.94 0.0095621
sofa 0 0 -10 334.77 141.56 483.40 220.14 0.0094374
chair 0 0 -10 527.64 142.43 587.11 197.97 0.0090054
chair 0 0 -10 1.92 174.63 77.63 344.75 0.0088571
chair 0 0 -10 14.15 155.30 97.49 302.46 0.0083102
table 0 0 -10 0.94 249.09 95.19 506.18 0.0078138
table 0 0 -10 256.33 276.96 577.23 484.95 0.0077370
table 0 0 -10 324.65 209.75 567.05 409.11 0.0072350
sofa 0 0 -10 213.29 264.24 572.15 464.02 0.0070013
bookshelf 0 0 -10 1.02 114.21 39.20 298.86 0.0069967
sofa 0 0 -10 291.48 132.62 636.39 238.24 0.0068750
table 0 0 -10 33.73 148.24 542.76 346.34 0.0061456
desk 0 0 -10 473.06 174.64 568.97 299.61 0.0057698
bed 0 0 -10 3.91 288.93 61.90 530.00 0.0056859
sofa 0 0 -10 0.23 277.18 135.54 530.00 0.0055366
table 0 0 -10 439.33 172.66 531.25 266.10 0.0054961
table 0 0 -10 557.51 180.88 626.08 231.29 0.0054140
table 0 0 -10 5.40 246.15 49.32 496.16 0.0054053
table 0 0 -10 296.16 145.57 638.18 245.90 0.0053127
table 0 0 -10 249.19 208.52 448.55 334.77 0.0050093
table 0 0 -10 84.46 339.49 391.03 530.00 0.0049582
bed 0 0 -10 644.44 136.45 727.77 240.22 0.0048490
sofa 0 0 -10 335.10 132.13 411.71 197.77 0.0046784
table 0 0 -10 2.73 152.14 46.31 299.29 0.0046283
bookshelf 0 0 -10 559.52 118.58 653.88 222.28 0.0043928
desk 0 0 -10 4.36 295.74 60.97 529.47 0.0043095
bookshelf 0 0 -10 636.94 125.75 725.07 239.16 0.0042922
chair 0 0 -10 359.28 142.78 422.51 176.52 0.0042635
table 0 0 -10 347.25 164.95 462.04 215.15 0.0041897
table 0 0 -10 350.29 147.79 449.77 196.68 0.0041215
sofa 0 0 -10 9.41 243.30 37.57 530.00 0.0041163
chair 0 0 -10 15.24 282.61 248.84 526.27 0.0040341
sofa 0 0 -10 0.00 148.75 130.26 291.40 0.0039543
sofa 0 0 -10 350.97 144.74 446.10 197.18 0.0039323
bookshelf 0 0 -10 620.46 104.34 687.40 232.29 0.0038247
