sofa 0 0 -10 20.56 112.51 388.84 523.50 0.8849439
sofa 0 0 -10 569.79 118.71 705.38 232.91 0.8508829
chair 0 0 -10 473.67 117.76 604.43 291.23 0.6052064
chair 0 0 -10 342.27 124.27 547.90 397.58 0.4517790
sofa 0 0 -10 607.28 119.83 724.79 204.04 0.4299251
sofa 0 0 -10 470.16 115.10 609.00 275.14 0.2735638
sofa 0 0 -10 335.33 124.95 548.12 380.41 0.2535444
sofa 0 0 -10 657.97 133.60 728.51 193.17 0.1134064
sofa 0 0 -10 605.50 160.52 712.84 224.48 0.0626561
chair 0 0 -10 18.34 122.20 393.59 512.40 0.0423922
table 0 0 -10 590.45 174.96 676.82 237.70 0.0254908
chair 0 0 -10 660.51 122.35 726.03 183.80 0.0226005
bookshelf 0 0 -10 513.41 0.00 596.61 125.33 0.0219950
table 0 0 -10 0.32 206.57 103.27 514.46 0.0217041
table 0 0 -10 2.15 311.13 83.68 476.15 0.0172014
bookshelf 0 0 -10 477.53 3.29 670.98 132.30 0.0171357
sofa 0 0 -10 139.29 101.14 611.19 481.53 0.0168833
chair 0 0 -10 578.41 117.38 693.85 231.56 0.0167873
sofa 0 0 -10 523.60 120.88 663.35 242.66 0.0167037
bed 0 0 -10 343.05 135.98 556.75 398.51 0.0166551
sofa 0 0 -10 589.51 165.52 681.69 238.64 0.0142464
sofa 0 0 -10 651.20 153.83 721.77 209.14 0.0131848
table 0 0 -10 1.73 275.16 52.66 504.94 0.0129416
dresser 0 0 -10 485.12 13.17 578.34 115.21 0.0124312
chair 0 0 -10 500.43 5.70 579.07 121.59 0.0116735
sofa 0 0 -10 1.15 175.41 110.46 509.94 0.0113548
bookshelf 0 0 -10 519.32 1.53 618.83 58.80 0.0099063
table 0 0 -10 333.95 131.77 544.48 353.11 0.0089622
table 0 0 -10 466.18 155.00 606.60 307.51 0.0080734
sofa 0 0 -10 7.73 120.77 197.09 514.50 0.0080167
table 0 0 -10 1.03 338.34 36.60 511.89 0.0075224
sofa 0 0 -10 613.69 115.86 682.29 171.83 0.0073279
sofa 0 0 -10 664.66 155.78 726.93 187.36 0.0066883
bookshelf 0 0 -10 56.09 0.15 213.71 122.50 0.0060498
chair 0 0 -10 1.12 203.70 63.88 489.34 0.0058536
desk 0 0 -10 214.78 1.35 416.25 118.98 0.0058516
bed 0 0 -10 463.07 128.11 607.56 300.47 0.0058237
bookshelf 0 0 -10 553.78 0.42 638.01 124.95 0.0052221
bookshelf 0 0 -10 429.63 3.25 599.70 136.25 0.0048611
chair 0 0 -10 2.66 178.76 116.99 507.89 0.0044193
sofa 0 0 -10 672.35 120.77 728.01 235.21 0.0043994
table 0 0 -10 214.74 1.87 410.61 117.30 0.0042352
table 0 0 -10 612.00 168.59 708.27 224.76 0.0041732
chair 0 0 -10 421.42 2.50 495.31 91.22 0.0039520
chair 0 0 -10 500.44 112.51 609.39 203.51 0.0039396
dresser 0 0 -10 389.36 0.55 509.04 117.82 0.0038915
chair 0 0 -10 590.99 112.16 725.98 184.18 0.0037860
desk 0 0 -10 481.71 12.65 580.55 116.01 0.0036717
chair 0 0 -10 488.09 40.66 563.93 119.68 0.0035224
chair 0 0 -10 222.18 3.01 414.92 121.61 0.0035105
table 0 0 -10 3.69 163.32 66.43 469.15 0.0034671
bookshelf 0 0 -10 480.09 11.35 572.76 121.48 0.0033463
bookshelf 0 0 -10 518.76 2.25 716.00 178.77 0.0033461
chair 0 0 -10 444.29 0.46 547.29 84.02 0.0033371
table 0 0 -10 668.67 170.61 710.44 218.57 0.0032359
chair 0 0 -10 506.82 0.67 584.17 57.97 0.0030691
table 0 0 -10 351.08 194.67 568.02 419.80 0.0030600
dresser 0 0 -10 426.22 3.19 601.06 119.38 0.0030434
table 0 0 -10 662.21 139.76 726.67 192.69 0.0028717
chair 0 0 -10 643.88 120.06 717.10 209.75 0.0027720
bookshelf 0 0 -10 452.63 0.13 539.77 121.85 0.0027246
bookshelf 0 0 -10 447.24 4.39 579.61 70.02 0.0027182
sofa 0 0 -10 392.17 106.41 655.34 335.67 0.0027099
bookshelf 0 0 -10 418.28 0.00 507.51 124.02 0.0026678
desk 0 0 -10 344.81 0.00 541.51 121.15 0.0026235
chair 0 0 -10 513.54 112.46 579.33 179.17 0.0025559
chair 0 0 -10 361.40 0.00 506.79 107.98 0.0025408
night_stand 0 0 -10 498.65 40.21 560.47 117.82 0.0025223
dresser 0 0 -10 460.48 4.54 698.10 124.95 0.0024399
chair 0 0 -10 360.74 0.00 657.76 117.30 0.0024163
dresser 0 0 -10 452.76 2.44 538.88 118.47 0.0023653
chair 0 0 -10 3.48 306.23 87.57 473.33 0.0022629
dresser 0 0 -10 190.40 5.40 435.29 116.78 0.0022252
chair 0 0 -10 666.43 103.09 716.78 162.47 0.0021420
night_stand 0 0 -10 485.30 14.86 578.26 114.57 0.0020937
table 0 0 -10 502.20 130.60 636.63 253.12 0.0020294
night_stand 0 0 -10 210.29 1.21 436.06 116.70 0.0018420
dresser 0 0 -10 499.08 40.02 560.31 115.98 0.0018275
bookshelf 0 0 -10 504.62 43.30 583.81 121.67 0.0018214
chair 0 0 -10 614.73 116.01 682.05 172.14 0.0018202
sofa 0 0 -10 640.90 145.98 723.85 243.15 0.0017768
bookshelf 0 0 -10 571.51 1.61 685.20 114.76 0.0017751
table 0 0 -10 483.21 15.81 577.69 117.02 0.0017344
table 0 0 -10 577.95 149.11 699.21 236.47 0.0017084
chair 0 0 -10 0.89 330.50 49.85 507.84 0.0016963
sofa 0 0 -10 507.00 111.17 600.59 230.45 0.0016731
sofa 0 0 -10 671.18 122.45 724.26 171.13 0.0016669
chair 0 0 -10 486.71 2.16 545.57 53.84 0.0016282
table 0 0 -10 46.40 150.04 467.85 526.49 0.0016228
desk 0 0 -10 441.96 4.27 581.24 69.75 0.0015820
chair 0 0 -10 670.92 118.72 728.32 234.33 0.0015569
night_stand 0 0 -10 351.45 156.69 556.81 401.97 0.0015481
dresser 0 0 -10 346.55 144.03 554.56 394.27 0.0015370
bed 0 0 -10 656.77 125.09 728.50 193.12 0.0015303
dresser 0 0 -10 49.96 4.37 223.26 116.51 0.0014949
chair 0 0 -10 450.69 109.37 554.93 298.70 0.0014440
desk 0 0 -10 344.02 155.65 559.03 399.70 0.0014256
chair 0 0 -10 464.44 2.17 530.31 63.70 0.0014206
chair 0 0 -10 500.75 4.46 666.90 120.33 0.0014103
sofa 0 0 -10 2.31 271.08 54.78 508.59 0.0014092
