sofa 0 0 -10 166.74 164.33 570.08 530.00 0.9732194
sofa 0 0 -10 0.70 190.74 135.82 515.69 0.9497460
sofa 0 0 -10 599.31 153.99 730.00 370.28 0.9270092
sofa 0 0 -10 207.68 137.25 451.62 272.44 0.9102139
sofa 0 0 -10 25.20 145.62 163.71 277.51 0.8486921
sofa 0 0 -10 459.75 134.35 648.11 251.71 0.8375955
chair 0 0 -10 214.95 135.70 434.18 272.57 0.1610920
sofa 0 0 -10 1.90 164.18 137.22 356.17 0.1536464
sofa 0 0 -10 522.70 44.37 730.00 172.27 0.0776006
sofa 0 0 -10 181.87 160.54 441.37 365.36 0.0745072
sofa 0 0 -10 248.55 139.79 447.95 221.10 0.0728148
sofa 0 0 -10 465.79 98.46 715.39 227.15 0.0254927
sofa 0 0 -10 59.26 139.37 160.75 227.47 0.0171468
sofa 0 0 -10 6.44 163.47 292.59 502.97 0.0166239
sofa 0 0 -10 404.78 134.19 471.08 181.32 0.0162960
bed 0 0 -10 599.80 166.56 730.00 371.02 0.0148263
sofa 0 0 -10 338.84 143.80 450.35 284.23 0.0143678
sofa 0 0 -10 297.92 139.03 443.36 192.93 0.0138136
sofa 0 0 -10 11.59 158.96 232.40 333.58 0.0134502
chair 0 0 -10 465.05 89.89 534.45 152.45 0.0127148
sofa 0 0 -10 570.43 178.03 729.52 520.48 0.0127034
chair 0 0 -10 278.05 127.34 353.75 195.95 0.0123984
sofa 0 0 -10 496.23 85.88 724.06 393.42 0.0123366
sofa 0 0 -10 534.47 136.23 711.35 311.00 0.0121469
bed 0 0 -10 4.21 144.33 170.63 275.48 0.0099626
table 0 0 -10 247.14 185.15 457.16 283.07 0.0092799
sofa 0 0 -10 329.54 180.12 556.27 421.26 0.0091521
sofa 0 0 -10 83.86 131.49 494.41 322.59 0.0084546
bed 0 0 -10 0.00 171.99 136.90 469.22 0.0084241
table 0 0 -10 210.10 164.87 367.61 273.71 0.0074773
chair 0 0 -10 455.78 100.29 534.78 194.92 0.0071361
chair 0 0 -10 273.66 76.52 346.64 139.91 0.0069444
bed 0 0 -10 522.33 35.70 730.00 175.58 0.0067956
sofa 0 0 -10 1.37 146.33 110.49 256.52 0.0060159
chair 0 0 -10 276.13 114.60 399.14 199.67 0.0058707
sofa 0 0 -10 395.49 125.31 513.34 189.56 0.0057350
table 0 0 -10 125.12 131.13 301.00 201.06 0.0052862
sofa 0 0 -10 378.95 139.04 633.17 289.94 0.0052101
sofa 0 0 -10 501.15 117.86 680.42 192.61 0.0048103
table 0 0 -10 0.93 158.53 50.16 188.60 0.0046256
chair 0 0 -10 171.06 185.12 564.66 521.20 0.0045099
chair 0 0 -10 463.58 133.67 645.43 249.55 0.0043625
sofa 0 0 -10 675.42 145.51 723.08 380.31 0.0041833
chair 0 0 -10 296.49 133.72 402.01 185.06 0.0038895
table 0 0 -10 4.97 205.54 140.00 522.88 0.0036642
sofa 0 0 -10 95.61 133.42 159.89 198.54 0.0035933
sofa 0 0 -10 86.37 128.41 421.81 249.55 0.0031827
sofa 0 0 -10 35.92 158.51 92.97 263.93 0.0030878
chair 0 0 -10 456.84 134.54 519.66 181.68 0.0029170
sofa 0 0 -10 454.39 120.90 529.91 177.45 0.0028707
table 0 0 -10 464.73 134.09 645.54 235.50 0.0028415
sofa 0 0 -10 454.19 129.41 582.06 222.82 0.0028140
table 0 0 -10 574.65 213.87 725.25 516.28 0.0028018
chair 0 0 -10 2.33 173.59 146.91 519.46 0.0026684
bed 0 0 -10 198.34 138.71 437.17 274.46 0.0026668
chair 0 0 -10 21.39 139.95 166.67 280.54 0.0026567
sofa 0 0 -10 0.93 171.25 55.91 419.51 0.0025184
sofa 0 0 -10 250.46 81.66 686.43 313.09 0.0024516
sofa 0 0 -10 221.00 192.42 421.60 236.63 0.0023022
sofa 0 0 -10 431.60 137.06 708.11 530.00 0.0021973
table 0 0 -10 402.00 139.79 463.14 181.94 0.0021401
table 0 0 -10 396.16 126.37 508.74 186.06 0.0021286
sofa 0 0 -10 465.24 91.65 544.18 164.76 0.0020802
sofa 0 0 -10 179.35 131.82 367.50 209.83 0.0020441
chair 0 0 -10 302.96 134.70 357.22 183.30 0.0020351
chair 0 0 -10 245.65 120.42 365.64 215.86 0.0020319
sofa 0 0 -10 498.34 137.09 637.31 180.76 0.0019861
sofa 0 0 -10 279.60 169.57 453.35 227.07 0.0019765
table 0 0 -10 467.12 136.45 544.52 182.08 0.0019734
chair 0 0 -10 268.48 89.04 357.30 182.00 0.0019281
chair 0 0 -10 273.49 98.60 322.09 142.12 0.0018953
table 0 0 -10 210.87 132.62 447.72 254.68 0.0017868
table 0 0 -10 641.62 140.27 725.13 201.03 0.0017576
chair 0 0 -10 465.49 57.34 540.78 180.10 0.0017541
chair 0 0 -10 3.19 152.52 73.49 193.31 0.0017451
sofa 0 0 -10 350.63 128.38 465.73 193.74 0.0017113
sofa 0 0 -10 639.18 67.24 728.01 182.85 0.0016984
chair 0 0 -10 598.64 162.97 727.91 359.41 0.0016775
sofa 0 0 -10 299.83 127.68 527.96 277.15 0.0016745
table 0 0 -10 591.21 180.85 727.18 368.43 0.0016738
desk 0 0 -10 212.50 143.15 388.76 270.84 0.0016248
table 0 0 -10 137.76 132.26 225.08 192.41 0.0016132
bookshelf 0 0 -10 467.36 76.17 537.42 149.75 0.0015964
sofa 0 0 -10 87.55 152.40 171.96 216.68 0.0014754
chair 0 0 -10 282.16 38.59 362.44 147.43 0.0014218
sofa 0 0 -10 606.51 143.29 727.14 276.13 0.0013575
sofa 0 0 -10 94.25 133.18 238.70 206.57 0.0013512
table 0 0 -10 158.72 235.03 560.81 530.00 0.0013398
sofa 0 0 -10 274.98 117.85 408.56 198.74 0.0013395
bed 0 0 -10 299.64 132.31 428.56 185.73 0.0013270
table 0 0 -10 338.14 160.46 446.44 281.08 0.0012404
chair 0 0 -10 316.14 45.04 385.01 142.71 0.0012363
bed 0 0 -10 345.56 21.51 703.23 174.59 0.0012104
table 0 0 -10 298.58 136.14 407.45 185.06 0.0011995
chair 0 0 -10 455.32 149.97 491.94 185.31 0.0011534
chair 0 0 -10 7.05 111.98 69.85 180.57 0.0011393
desk 0 0 -10 119.00 129.28 305.68 202.68 0.0011249
sofa 0 0 -10 236.68 144.81 360.88 197.29 0.0011142
bed 0 0 -10 168.28 195.78 568.94 524.28 0.0010912
table 0 0 -10 503.45 136.99 631.39 179.39 0.0010491
