sofa 0 0 -10 202.84 149.24 600.65 336.49 0.9805992
sofa 0 0 -10 605.57 235.39 728.33 418.19 0.8841483
table 0 0 -10 379.21 281.56 590.19 489.02 0.8478889
sofa 0 0 -10 1.05 323.67 126.57 528.49 0.7167894
night_stand 0 0 -10 124.02 184.23 187.97 265.20 0.3185757
chair 0 0 -10 1.81 331.14 131.74 527.77 0.2568386
bed 0 0 -10 1.57 178.95 232.81 434.01 0.2250965
sofa 0 0 -10 10.75 180.52 231.75 432.09 0.1674854
sofa 0 0 -10 0.00 144.31 59.34 236.57 0.1150536
night_stand 0 0 -10 120.56 176.31 192.31 227.55 0.0940278
table 0 0 -10 395.93 288.14 588.52 398.18 0.0751624
table 0 0 -10 5.08 200.55 236.36 437.07 0.0706069
table 0 0 -10 114.90 187.91 200.95 270.79 0.0645014
sofa 0 0 -10 6.71 285.79 182.12 475.89 0.0580202
bed 0 0 -10 0.24 67.77 61.90 153.88 0.0548658
sofa 0 0 -10 0.67 44.49 56.14 332.55 0.0438541
sofa 0 0 -10 0.19 147.15 58.10 183.04 0.0415449
table 0 0 -10 1.15 140.61 59.21 181.79 0.0380016
chair 0 0 -10 0.00 144.91 59.86 238.58 0.0350110
table 0 0 -10 264.38 273.24 634.05 512.89 0.0343816
chair 0 0 -10 605.99 234.42 726.77 400.78 0.0337021
table 0 0 -10 6.78 179.56 215.93 338.90 0.0323518
night_stand 0 0 -10 114.29 183.04 221.09 281.49 0.0323265
table 0 0 -10 3.15 350.83 129.97 526.88 0.0298353
sofa 0 0 -10 135.92 158.14 625.88 510.66 0.0273354
table 0 0 -10 3.00 154.61 55.71 253.73 0.0253779
bed 0 0 -10 2.91 16.83 63.67 183.33 0.0246460
bed 0 0 -10 0.15 95.76 59.80 236.79 0.0241312
chair 0 0 -10 1.49 147.94 57.94 182.58 0.0214897
sofa 0 0 -10 2.63 68.88 62.13 150.36 0.0207093
night_stand 0 0 -10 133.23 189.92 187.46 222.14 0.0179065
table 0 0 -10 130.88 187.25 178.52 262.51 0.0178316
table 0 0 -10 119.15 176.09 190.49 227.13 0.0138726
table 0 0 -10 25.36 180.62 200.35 268.23 0.0129005
bed 0 0 -10 1.44 132.31 61.53 183.22 0.0118786
night_stand 0 0 -10 569.77 210.80 613.55 286.90 0.0118505
table 0 0 -10 6.45 301.80 146.17 476.48 0.0107064
night_stand 0 0 -10 91.95 162.97 194.46 251.74 0.0107029
night_stand 0 0 -10 131.64 185.60 190.35 206.02 0.0094745
night_stand 0 0 -10 512.82 186.74 611.49 294.08 0.0093423
sofa 0 0 -10 0.40 123.25 69.86 198.10 0.0090356
chair 0 0 -10 0.47 130.18 55.83 312.37 0.0088927
table 0 0 -10 486.03 266.30 570.31 356.02 0.0088169
table 0 0 -10 2.65 145.50 69.46 217.18 0.0087286
chair 0 0 -10 12.24 174.95 232.70 435.38 0.0084239
table 0 0 -10 82.65 182.27 186.77 239.62 0.0079934
table 0 0 -10 78.87 170.08 190.19 215.58 0.0077951
table 0 0 -10 0.80 140.07 29.82 283.18 0.0076425
sofa 0 0 -10 1.31 27.18 62.30 200.11 0.0076366
table 0 0 -10 551.31 196.71 611.05 276.86 0.0068582
bed 0 0 -10 4.88 280.43 183.59 473.69 0.0064737
table 0 0 -10 594.26 224.71 722.53 417.99 0.0058607
table 0 0 -10 506.33 188.12 610.22 294.38 0.0055615
chair 0 0 -10 3.60 19.82 63.56 180.99 0.0050753
bed 0 0 -10 6.37 320.37 124.55 530.00 0.0046553
table 0 0 -10 132.87 188.24 190.11 210.56 0.0041951
night_stand 0 0 -10 8.11 188.57 232.99 427.30 0.0038798
table 0 0 -10 201.99 164.45 614.24 392.57 0.0038513
bed 0 0 -10 2.18 147.96 201.60 321.63 0.0037916
night_stand 0 0 -10 100.30 181.04 160.73 251.63 0.0034875
sofa 0 0 -10 0.26 126.97 88.21 442.28 0.0034512
sofa 0 0 -10 0.96 104.26 52.89 181.20 0.0034356
sofa 0 0 -10 1.50 132.25 34.00 253.94 0.0034047
sofa 0 0 -10 0.45 124.47 39.13 361.87 0.0030332
sofa 0 0 -10 678.66 271.89 728.65 450.87 0.0026345
table 0 0 -10 0.00 144.56 38.52 363.39 0.0026302
night_stand 0 0 -10 82.09 169.94 192.75 215.20 0.0024995
table 0 0 -10 543.94 185.48 638.52 294.36 0.0024618
sofa 0 0 -10 305.21 203.42 595.58 460.21 0.0023634
sofa 0 0 -10 0.18 82.54 358.68 475.21 0.0022973
bed 0 0 -10 1.98 143.25 48.56 269.78 0.0022913
chair 0 0 -10 381.17 325.00 589.70 506.45 0.0022815
desk 0 0 -10 107.45 175.04 193.70 269.93 0.0022295
table 0 0 -10 4.35 133.34 121.78 199.08 0.0022072
table 0 0 -10 561.08 198.64 670.98 312.47 0.0021733
bed 0 0 -10 0.00 33.54 185.40 295.02 0.0021706
table 0 0 -10 0.58 144.83 36.56 176.93 0.0021629
table 0 0 -10 246.38 136.99 468.14 234.70 0.0021403
night_stand 0 0 -10 564.01 193.77 627.22 272.56 0.0021220
table 0 0 -10 4.17 149.77 13.59 279.08 0.0021094
table 0 0 -10 571.57 209.47 611.65 289.51 0.0020876
table 0 0 -10 1.40 144.68 18.24 319.30 0.0020559
chair 0 0 -10 191.46 136.31 598.72 364.95 0.0020404
chair 0 0 -10 109.87 178.15 187.18 258.76 0.0020241
chair 0 0 -10 325.60 198.00 583.96 457.07 0.0020172
bed 0 0 -10 0.00 52.27 57.82 329.35 0.0019743
sofa 0 0 -10 1.00 231.75 65.50 507.43 0.0019214
desk 0 0 -10 2.87 346.82 130.20 521.41 0.0018766
bed 0 0 -10 110.48 174.85 194.10 271.16 0.0018431
table 0 0 -10 0.93 137.87 91.81 432.32 0.0018093
chair 0 0 -10 4.61 307.11 244.84 530.00 0.0017604
desk 0 0 -10 1.72 152.58 55.39 254.05 0.0016621
sofa 0 0 -10 4.87 318.09 278.95 530.00 0.0016547
desk 0 0 -10 3.07 197.67 234.63 435.80 0.0016432
sofa 0 0 -10 483.64 163.43 606.36 297.17 0.0015873
dresser 0 0 -10 110.79 175.65 193.34 268.27 0.0015354
bed 0 0 -10 21.65 104.97 66.38 182.60 0.0015211
sofa 0 0 -10 713.23 267.81 728.98 435.00 0.0014683
sofa 0 0 -10 1.70 438.23 125.35 530.00 0.0014400
table 0 0 -10 5.93 141.02 9.79 286.37 0.0014222
