sofa 0 0 -10 0.00 3.28 483.30 236.12 0.9779295
sofa 0 0 -10 5.58 173.40 661.84 530.00 0.9756752
sofa 0 0 -10 0.00 43.28 561.57 425.19 0.6569545
chair 0 0 -10 0.71 145.90 45.51 299.69 0.0726694
table 0 0 -10 1.36 156.18 44.39 302.68 0.0644036
sofa 0 0 -10 360.50 159.94 679.89 523.51 0.0513540
chair 0 0 -10 0.78 183.84 32.46 282.15 0.0395150
table 0 0 -10 472.96 252.09 705.02 377.05 0.0385381
sofa 0 0 -10 0.00 4.64 367.02 127.57 0.0357140
desk 0 0 -10 506.53 116.27 705.69 276.81 0.0313714
table 0 0 -10 493.07 118.37 700.94 284.70 0.0267591
table 0 0 -10 0.93 190.73 31.69 282.45 0.0251815
night_stand 0 0 -10 3.16 112.75 38.91 307.95 0.0229500
table 0 0 -10 1.63 133.42 24.95 293.51 0.0228589
sofa 0 0 -10 247.28 184.79 578.66 408.25 0.0218675
sofa 0 0 -10 56.40 132.28 507.51 363.69 0.0175374
bookshelf 0 0 -10 532.05 124.84 701.94 271.39 0.0151652
sofa 0 0 -10 450.74 256.75 710.01 525.48 0.0148690
desk 0 0 -10 511.26 115.87 698.73 201.17 0.0133455
dresser 0 0 -10 667.15 60.98 730.00 311.34 0.0112188
sofa 0 0 -10 12.23 204.71 277.53 524.70 0.0104274
dresser 0 0 -10 0.87 123.01 25.60 291.15 0.0093653
sofa 0 0 -10 301.48 144.18 513.97 358.32 0.0092728
table 0 0 -10 520.57 302.21 714.74 518.99 0.0092188
sofa 0 0 -10 396.67 120.49 626.00 366.33 0.0085671
dresser 0 0 -10 574.71 139.86 699.69 273.70 0.0082028
night_stand 0 0 -10 1.22 187.71 26.88 272.83 0.0076949
night_stand 0 0 -10 0.16 125.45 21.01 302.58 0.0073463
table 0 0 -10 441.51 108.37 723.01 426.64 0.0070785
sofa 0 0 -10 9.84 206.90 137.58 530.00 0.0069159
table 0 0 -10 503.14 117.21 639.51 228.28 0.0063311
chair 0 0 -10 1.39 45.85 58.53 318.20 0.0058359
sofa 0 0 -10 0.99 143.62 43.90 299.61 0.0056761
dresser 0 0 -10 513.16 94.49 725.33 283.94 0.0055819
bookshelf 0 0 -10 567.76 70.18 726.90 284.47 0.0054880
table 0 0 -10 2.78 121.22 13.27 294.13 0.0054210
table 0 0 -10 0.00 111.24 480.01 319.44 0.0053263
desk 0 0 -10 0.00 151.45 44.39 304.20 0.0051449
bookshelf 0 0 -10 670.40 43.93 727.57 317.66 0.0049660
table 0 0 -10 0.00 148.91 33.04 442.35 0.0048321
bed 0 0 -10 486.48 101.79 700.04 287.00 0.0048156
sofa 0 0 -10 368.61 30.47 722.71 346.49 0.0045260
dresser 0 0 -10 0.55 151.90 44.10 299.40 0.0042664
desk 0 0 -10 0.15 189.48 31.67 282.88 0.0040606
chair 0 0 -10 0.34 115.97 22.46 308.99 0.0039154
night_stand 0 0 -10 3.29 141.18 14.78 283.63 0.0038974
table 0 0 -10 0.18 274.92 42.83 391.12 0.0038144
chair 0 0 -10 582.33 140.48 695.10 277.67 0.0037376
sofa 0 0 -10 3.43 1.35 280.29 310.63 0.0037059
desk 0 0 -10 535.44 117.04 626.19 264.45 0.0033395
bookshelf 0 0 -10 540.80 100.95 620.59 264.16 0.0033126
sofa 0 0 -10 186.04 25.04 492.97 306.92 0.0032168
dresser 0 0 -10 0.42 188.13 31.35 282.86 0.0029298
desk 0 0 -10 0.68 126.07 25.13 292.35 0.0028520
table 0 0 -10 10.35 169.49 481.14 413.83 0.0028042
dresser 0 0 -10 3.20 134.61 14.41 286.74 0.0027715
chair 0 0 -10 527.40 113.54 594.64 194.58 0.0027367
sofa 0 0 -10 331.29 64.39 551.85 334.89 0.0026566
dresser 0 0 -10 628.12 122.33 723.58 285.54 0.0025776
bed 0 0 -10 42.72 192.41 652.76 528.54 0.0023888
table 0 0 -10 75.05 219.08 637.81 530.00 0.0023025
chair 0 0 -10 99.81 162.04 650.68 523.35 0.0022427
chair 0 0 -10 0.51 149.86 11.84 295.62 0.0022398
bookshelf 0 0 -10 473.12 0.46 616.22 242.11 0.0022134
table 0 0 -10 8.00 162.07 24.52 397.68 0.0022093
chair 0 0 -10 656.70 54.67 730.00 314.13 0.0022073
bed 0 0 -10 683.16 24.59 729.82 330.70 0.0021481
bookshelf 0 0 -10 395.68 0.00 604.12 125.63 0.0020796
bed 0 0 -10 1.06 118.58 26.44 297.41 0.0019012
sofa 0 0 -10 0.81 184.46 31.64 281.51 0.0018678
sofa 0 0 -10 259.54 6.76 599.73 272.13 0.0018047
desk 0 0 -10 667.54 85.39 730.00 312.83 0.0017072
chair 0 0 -10 7.75 74.88 14.69 302.97 0.0016443
desk 0 0 -10 543.13 113.04 615.11 193.87 0.0016329
bed 0 0 -10 364.50 144.55 686.67 517.26 0.0016153
table 0 0 -10 1.10 273.14 45.48 333.92 0.0016142
bed 0 0 -10 0.00 143.95 45.30 304.21 0.0015872
chair 0 0 -10 36.94 16.94 502.73 344.13 0.0015759
bookshelf 0 0 -10 414.51 2.80 531.35 89.18 0.0015634
night_stand 0 0 -10 1.08 274.94 44.48 325.00 0.0015541
bed 0 0 -10 413.53 104.09 704.81 372.81 0.0015213
table 0 0 -10 9.24 102.91 22.34 304.25 0.0015115
table 0 0 -10 1.19 104.70 61.21 340.94 0.0014857
sofa 0 0 -10 0.69 117.73 20.79 304.79 0.0014772
table 0 0 -10 525.21 127.03 624.02 191.09 0.0014381
table 0 0 -10 0.56 58.94 31.91 298.70 0.0014020
bookshelf 0 0 -10 2.40 99.30 38.97 310.62 0.0013868
night_stand 0 0 -10 515.41 116.13 698.57 267.41 0.0013267
table 0 0 -10 6.13 251.12 33.43 375.56 0.0013210
table 0 0 -10 4.21 161.38 251.30 380.96 0.0013194
bookshelf 0 0 -10 435.24 12.34 727.14 294.70 0.0012915
chair 0 0 -10 547.51 101.88 591.85 225.11 0.0012072
night_stand 0 0 -10 3.00 199.40 42.42 262.34 0.0011613
sofa 0 0 -10 470.98 257.29 691.31 384.40 0.0011563
chair 0 0 -10 506.87 75.34 605.62 193.84 0.0011555
chair 0 0 -10 5.12 91.35 12.49 297.56 0.0011528
desk 0 0 -10 447.44 103.01 728.21 383.96 0.0011506
table 0 0 -10 0.80 210.85 20.74 236.90 0.0011197
chair 0 0 -10 415.75 0.00 509.57 63.83 0.0011171
desk 0 0 -10 482.71 188.00 709.24 476.39 0.0010910
