sofa 0 0 -10 135.91 229.71 613.10 446.29 0.9830437
table 0 0 -10 16.01 374.18 273.75 529.46 0.5511764
table 0 0 -10 609.85 299.39 693.77 404.07 0.4633877
table 0 0 -10 160.67 320.20 594.27 523.48 0.4505051
table 0 0 -10 73.07 269.83 161.57 373.89 0.3691481
bookshelf 0 0 -10 618.07 17.36 729.30 268.82 0.2266467
chair 0 0 -10 38.09 368.76 272.90 530.00 0.0930078
sofa 0 0 -10 166.33 294.59 622.88 521.09 0.0503062
chair 0 0 -10 69.45 253.33 146.13 368.53 0.0481991
bookshelf 0 0 -10 3.16 32.98 127.99 335.85 0.0470464
table 0 0 -10 47.99 256.89 185.27 392.42 0.0422818
bookshelf 0 0 -10 589.25 40.08 721.61 367.92 0.0417260
chair 0 0 -10 621.19 285.53 693.10 406.37 0.0393924
table 0 0 -10 587.89 285.73 679.36 433.04 0.0259080
table 0 0 -10 460.15 235.24 556.74 284.02 0.0231734
table 0 0 -10 29.36 417.40 498.44 527.55 0.0223005
chair 0 0 -10 463.94 225.22 574.48 322.81 0.0195201
bookshelf 0 0 -10 2.73 65.91 110.93 222.94 0.0182434
chair 0 0 -10 468.53 259.32 639.70 450.61 0.0179287
chair 0 0 -10 259.89 390.81 614.10 530.00 0.0176507
desk 0 0 -10 606.95 285.94 689.59 411.19 0.0166956
table 0 0 -10 474.70 245.33 574.70 294.36 0.0140919
table 0 0 -10 257.58 389.28 571.88 530.00 0.0136638
table 0 0 -10 75.17 261.60 166.15 323.47 0.0136565
table 0 0 -10 30.32 277.95 134.80 370.64 0.0136367
table 0 0 -10 630.70 292.41 695.60 363.37 0.0131582
table 0 0 -10 100.80 254.94 135.66 287.74 0.0086613
bookshelf 0 0 -10 690.71 42.12 729.35 363.59 0.0086512
sofa 0 0 -10 196.09 230.81 517.11 319.03 0.0081597
chair 0 0 -10 156.35 260.17 607.92 518.56 0.0080075
desk 0 0 -10 85.76 280.80 652.17 521.54 0.0079899
bookshelf 0 0 -10 16.91 117.68 111.33 205.43 0.0078071
bed 0 0 -10 140.06 259.55 622.04 517.32 0.0077992
night_stand 0 0 -10 602.60 293.17 697.77 414.10 0.0074310
table 0 0 -10 89.43 246.97 160.14 289.99 0.0069186
sofa 0 0 -10 36.63 332.04 271.91 530.00 0.0067049
table 0 0 -10 589.91 253.43 712.14 404.63 0.0064725
bookshelf 0 0 -10 1.37 56.24 36.84 345.38 0.0064713
bookshelf 0 0 -10 618.79 85.21 677.58 222.04 0.0057594
bookshelf 0 0 -10 73.90 0.00 711.13 313.20 0.0055291
bookshelf 0 0 -10 9.46 111.53 30.53 349.15 0.0055021
table 0 0 -10 477.51 249.53 553.73 274.86 0.0052321
table 0 0 -10 146.01 252.97 638.17 468.55 0.0044918
table 0 0 -10 96.92 230.20 142.91 285.32 0.0044068
table 0 0 -10 471.40 236.00 561.67 324.11 0.0043269
table 0 0 -10 246.20 469.50 568.90 529.85 0.0039593
chair 0 0 -10 556.16 276.58 695.94 444.88 0.0039414
chair 0 0 -10 597.67 149.45 706.81 398.70 0.0039352
chair 0 0 -10 161.98 0.99 237.99 52.14 0.0038910
desk 0 0 -10 74.97 258.54 182.39 386.27 0.0038222
chair 0 0 -10 464.29 225.17 560.49 280.82 0.0037179
desk 0 0 -10 14.69 369.24 261.22 530.00 0.0035836
sofa 0 0 -10 411.40 250.37 628.81 448.29 0.0032458
table 0 0 -10 596.09 296.32 714.00 486.14 0.0031488
table 0 0 -10 68.18 365.98 217.88 487.09 0.0030979
table 0 0 -10 604.99 285.38 653.73 415.38 0.0029441
table 0 0 -10 673.42 284.36 725.91 358.48 0.0029255
chair 0 0 -10 515.33 467.25 720.66 530.00 0.0028946
table 0 0 -10 366.43 251.75 613.37 435.10 0.0028723
chair 0 0 -10 452.12 376.26 698.25 530.00 0.0028589
table 0 0 -10 95.83 266.14 141.95 361.81 0.0026794
table 0 0 -10 23.47 216.32 147.53 292.13 0.0026162
dresser 0 0 -10 0.37 125.74 31.10 367.83 0.0026010
dresser 0 0 -10 697.21 225.91 729.43 358.72 0.0025286
bookshelf 0 0 -10 686.28 210.66 724.53 361.32 0.0024578
toilet 0 0 -10 684.93 222.49 724.87 362.60 0.0024250
chair 0 0 -10 169.83 0.70 211.11 44.27 0.0022631
table 0 0 -10 700.91 274.81 728.53 367.22 0.0021978
bookshelf 0 0 -10 7.17 115.76 92.11 337.20 0.0021238
chair 0 0 -10 143.57 0.00 251.36 75.67 0.0021073
bookshelf 0 0 -10 672.99 11.02 730.00 234.08 0.0021044
chair 0 0 -10 129.80 1.01 217.56 54.62 0.0020205
chair 0 0 -10 283.79 236.20 626.03 453.76 0.0019993
table 0 0 -10 155.69 2.62 222.10 64.09 0.0019688
table 0 0 -10 689.21 233.91 727.33 362.95 0.0019023
chair 0 0 -10 60.41 214.56 171.83 381.71 0.0017549
chair 0 0 -10 683.53 231.59 727.61 354.63 0.0017485
table 0 0 -10 169.30 1.96 211.29 47.57 0.0017147
night_stand 0 0 -10 69.73 275.60 160.06 379.19 0.0016979
table 0 0 -10 99.09 254.30 139.38 320.15 0.0016850
chair 0 0 -10 474.42 256.17 552.69 280.80 0.0016512
night_stand 0 0 -10 156.07 2.03 223.79 62.35 0.0016429
table 0 0 -10 114.18 260.21 177.05 372.16 0.0016317
night_stand 0 0 -10 18.06 363.06 273.47 530.00 0.0015994
table 0 0 -10 2.31 186.25 21.58 370.94 0.0015778
bed 0 0 -10 13.52 361.17 265.15 530.00 0.0015690
desk 0 0 -10 146.75 369.37 587.37 530.00 0.0015530
table 0 0 -10 473.52 270.20 657.57 429.39 0.0015343
chair 0 0 -10 581.29 3.13 653.38 67.01 0.0015210
chair 0 0 -10 100.68 229.02 144.96 287.48 0.0015188
bookshelf 0 0 -10 6.19 125.32 11.23 354.06 0.0014488
chair 0 0 -10 8.26 390.40 160.08 527.61 0.0013760
chair 0 0 -10 537.95 403.00 726.42 530.00 0.0013335
table 0 0 -10 0.10 197.57 39.68 375.37 0.0013291
sofa 0 0 -10 194.85 391.88 590.09 530.00 0.0013149
chair 0 0 -10 27.72 424.83 380.70 526.80 0.0012968
dresser 0 0 -10 145.65 266.80 611.26 520.13 0.0012524
bathtub 0 0 -10 706.59 200.91 728.33 398.06 0.0012520
desk 0 0 -10 592.92 213.14 711.63 408.65 0.0012425
chair 0 0 -10 493.84 235.12 604.76 385.13 0.0012324
