sofa 0 0 -10 187.67 198.04 426.58 485.78 0.5245293
table 0 0 -10 65.01 451.26 338.87 530.00 0.1629400
bed 0 0 -10 62.63 451.65 342.52 530.00 0.1147051
table 0 0 -10 414.36 253.83 574.86 463.69 0.1085251
chair 0 0 -10 187.88 196.29 430.73 503.10 0.0811755
night_stand 0 0 -10 411.28 252.18 540.97 463.66 0.0702783
sofa 0 0 -10 53.42 451.15 336.95 530.00 0.0480760
night_stand 0 0 -10 149.55 379.97 214.55 441.57 0.0142382
table 0 0 -10 585.35 290.96 649.21 361.09 0.0108315
sofa 0 0 -10 141.22 212.33 611.59 516.56 0.0105000
desk 0 0 -10 408.44 257.26 543.78 468.61 0.0087166
sofa 0 0 -10 244.19 185.52 440.95 343.13 0.0082420
sofa 0 0 -10 276.90 192.28 530.63 430.89 0.0073166
table 0 0 -10 149.12 380.22 211.87 441.83 0.0067561
dresser 0 0 -10 407.40 232.09 552.30 461.01 0.0063671
desk 0 0 -10 58.67 448.64 347.39 529.95 0.0061064
chair 0 0 -10 394.88 189.09 532.35 426.30 0.0057110
night_stand 0 0 -10 64.12 449.51 335.29 529.54 0.0051243
night_stand 0 0 -10 157.92 360.38 208.90 428.48 0.0045995
chair 0 0 -10 61.68 454.25 337.49 529.97 0.0044614
sofa 0 0 -10 392.03 205.65 561.78 461.52 0.0044435
table 0 0 -10 415.81 286.68 551.79 407.65 0.0043951
table 0 0 -10 693.04 226.30 728.51 502.78 0.0041064
bed 0 0 -10 400.04 235.71 605.01 487.38 0.0034954
table 0 0 -10 179.66 228.25 288.20 399.39 0.0032720
sofa 0 0 -10 39.59 375.73 402.42 530.00 0.0030834
chair 0 0 -10 244.32 194.23 320.50 367.41 0.0027524
chair 0 0 -10 633.92 220.21 696.55 329.13 0.0025581
table 0 0 -10 412.90 278.51 527.29 337.75 0.0023321
table 0 0 -10 159.89 358.50 382.02 507.85 0.0022782
bed 0 0 -10 0.00 119.13 107.82 530.00 0.0021036
table 0 0 -10 119.67 384.80 232.41 449.05 0.0019161
table 0 0 -10 167.56 260.98 415.74 491.17 0.0016937
table 0 0 -10 706.96 269.34 729.37 454.22 0.0016092
bed 0 0 -10 131.53 199.02 474.57 508.82 0.0015391
table 0 0 -10 46.96 399.61 380.40 528.71 0.0014139
chair 0 0 -10 245.97 184.54 425.37 320.04 0.0013790
bookshelf 0 0 -10 68.07 447.58 342.52 529.32 0.0013404
chair 0 0 -10 250.53 208.94 284.52 362.56 0.0013208
dresser 0 0 -10 68.25 451.79 340.14 530.00 0.0012213
dresser 0 0 -10 687.44 198.67 727.47 397.58 0.0012138
night_stand 0 0 -10 582.46 290.68 652.10 362.38 0.0011651
bathtub 0 0 -10 629.06 86.41 730.00 210.60 0.0011180
chair 0 0 -10 215.01 192.86 287.70 390.26 0.0011170
sofa 0 0 -10 693.64 230.80 729.02 509.81 0.0010958
table 0 0 -10 453.65 289.25 525.00 394.30 0.0010569
sofa 0 0 -10 163.17 329.16 403.83 503.64 0.0010319
table 0 0 -10 661.75 293.96 728.48 480.46 0.0010043
bed 0 0 -10 686.95 194.92 728.18 408.34 0.0009830
table 0 0 -10 634.90 220.00 691.81 340.91 0.0009577
bathtub 0 0 -10 641.10 99.79 730.00 156.98 0.0009430
dresser 0 0 -10 638.88 220.86 694.10 336.03 0.0009194
chair 0 0 -10 645.35 1.00 729.65 77.06 0.0008724
chair 0 0 -10 655.77 224.47 730.00 509.98 0.0008314
chair 0 0 -10 308.37 186.79 503.81 435.35 0.0007479
night_stand 0 0 -10 638.28 221.55 695.85 336.98 0.0007126
night_stand 0 0 -10 162.85 396.10 201.53 434.09 0.0006956
chair 0 0 -10 685.65 233.19 729.83 446.67 0.0006912
table 0 0 -10 717.39 307.43 727.92 441.76 0.0006826
bed 0 0 -10 2.70 212.80 71.34 516.95 0.0006663
bed 0 0 -10 6.74 305.01 183.16 522.47 0.0006489
table 0 0 -10 130.72 380.43 283.61 461.46 0.0006483
table 0 0 -10 127.51 416.01 251.96 449.45 0.0006387
bed 0 0 -10 33.28 390.27 340.89 524.55 0.0006249
table 0 0 -10 371.40 321.82 613.63 521.12 0.0006182
table 0 0 -10 462.74 290.68 532.42 337.02 0.0005966
chair 0 0 -10 217.18 212.22 417.78 393.85 0.0005839
table 0 0 -10 676.45 228.04 725.80 413.95 0.0005800
night_stand 0 0 -10 174.80 382.29 201.62 412.06 0.0005758
bathtub 0 0 -10 692.54 229.09 730.00 501.75 0.0005591
table 0 0 -10 687.07 258.25 727.22 351.20 0.0005590
toilet 0 0 -10 636.81 221.03 694.72 338.68 0.0005512
sofa 0 0 -10 219.75 198.48 341.38 371.21 0.0005431
night_stand 0 0 -10 128.25 406.74 226.28 449.37 0.0005332
sofa 0 0 -10 707.41 274.97 729.64 459.19 0.0005316
table 0 0 -10 185.74 308.59 356.80 455.77 0.0005303
night_stand 0 0 -10 117.19 354.38 213.73 442.50 0.0005259
bed 0 0 -10 410.12 243.79 540.94 438.13 0.0005092
bed 0 0 -10 3.48 382.30 116.69 525.62 0.0005091
table 0 0 -10 376.99 240.00 663.61 491.24 0.0005066
table 0 0 -10 129.57 336.25 250.83 446.33 0.0004879
chair 0 0 -10 187.71 183.74 269.37 427.26 0.0004877
chair 0 0 -10 583.91 292.43 651.15 361.08 0.0004826
sofa 0 0 -10 406.03 209.76 525.63 385.77 0.0004778
table 0 0 -10 579.29 263.92 687.30 360.65 0.0004729
chair 0 0 -10 361.51 2.59 463.85 54.22 0.0004705
bathtub 0 0 -10 50.81 451.67 334.44 528.93 0.0004599
chair 0 0 -10 137.75 373.18 206.69 440.19 0.0004549
sofa 0 0 -10 74.11 95.11 458.61 482.62 0.0004477
chair 0 0 -10 696.84 291.71 728.89 466.74 0.0004469
chair 0 0 -10 224.62 9.40 567.72 320.81 0.0004412
chair 0 0 -10 374.55 185.76 664.77 380.84 0.0004394
table 0 0 -10 371.72 197.68 534.05 431.28 0.0004389
table 0 0 -10 651.55 217.17 716.51 345.54 0.0004195
table 0 0 -10 214.64 224.96 333.69 375.55 0.0004156
table 0 0 -10 182.86 378.91 203.56 407.08 0.0004152
desk 0 0 -10 172.01 247.39 420.89 490.59 0.0004138
table 0 0 -10 603.25 213.07 706.36 349.57 0.0004102
table 0 0 -10 199.09 185.18 260.23 415.27 0.0003902
table 0 0 -10 248.60 188.08 435.78 336.97 0.0003861
