sofa 0 0 -10 102.16 189.72 596.18 530.00 0.9870071
sofa 0 0 -10 285.55 63.84 652.05 272.31 0.9814783
sofa 0 0 -10 75.79 62.51 284.30 201.07 0.9408580
sofa 0 0 -10 1.82 138.17 187.80 291.73 0.7680608
table 0 0 -10 187.99 158.76 285.37 221.03 0.2558772
sofa 0 0 -10 31.88 37.44 302.64 285.48 0.1947850
table 0 0 -10 603.78 220.21 727.63 530.00 0.1227507
desk 0 0 -10 621.27 142.52 727.42 530.00 0.0563220
table 0 0 -10 634.11 352.14 727.23 522.66 0.0426834
sofa 0 0 -10 235.33 114.24 637.47 347.03 0.0351903
bed 0 0 -10 51.66 3.16 305.10 80.42 0.0320910
table 0 0 -10 298.19 94.46 628.26 290.19 0.0127465
bed 0 0 -10 62.64 49.36 282.11 210.66 0.0125977
table 0 0 -10 180.22 129.96 295.10 236.04 0.0113778
sofa 0 0 -10 133.65 66.11 267.20 111.19 0.0104969
night_stand 0 0 -10 613.47 241.76 726.62 528.77 0.0087580
chair 0 0 -10 3.13 142.38 188.29 283.23 0.0082774
bed 0 0 -10 22.47 6.35 319.51 150.51 0.0077958
chair 0 0 -10 629.49 64.22 730.00 517.65 0.0074065
table 0 0 -10 643.26 396.15 726.27 483.23 0.0072231
table 0 0 -10 290.63 89.11 366.79 140.96 0.0069183
chair 0 0 -10 74.55 63.05 294.59 211.37 0.0067455
desk 0 0 -10 634.71 313.33 727.47 530.00 0.0066635
table 0 0 -10 271.21 72.75 338.03 139.22 0.0066199
sofa 0 0 -10 289.15 21.81 643.03 175.20 0.0061040
bed 0 0 -10 292.17 47.88 656.23 256.65 0.0060756
dresser 0 0 -10 631.94 82.14 727.18 530.00 0.0059798
table 0 0 -10 9.18 152.68 199.54 293.17 0.0052011
sofa 0 0 -10 542.63 86.31 716.93 530.00 0.0045328
table 0 0 -10 623.69 119.94 726.34 447.28 0.0043363
table 0 0 -10 507.41 337.51 726.10 530.00 0.0041846
table 0 0 -10 75.95 99.22 285.27 228.80 0.0038171
sofa 0 0 -10 167.32 107.55 290.13 229.98 0.0037794
sofa 0 0 -10 297.70 77.00 550.06 190.34 0.0034970
chair 0 0 -10 121.22 204.08 618.45 524.93 0.0034517
sofa 0 0 -10 289.32 100.78 379.47 164.65 0.0033214
table 0 0 -10 588.62 120.37 680.94 530.00 0.0032338
chair 0 0 -10 682.94 68.99 726.69 291.58 0.0032020
table 0 0 -10 104.13 234.60 611.59 530.00 0.0031596
sofa 0 0 -10 427.40 111.99 684.39 530.00 0.0031555
sofa 0 0 -10 85.99 20.93 445.97 279.63 0.0031233
table 0 0 -10 671.81 126.73 728.42 479.89 0.0029128
bed 0 0 -10 94.16 199.48 628.25 527.01 0.0027611
bed 0 0 -10 290.11 11.45 637.75 143.17 0.0025334
chair 0 0 -10 672.18 56.90 729.29 437.87 0.0024561
table 0 0 -10 638.89 73.96 725.33 311.97 0.0021991
table 0 0 -10 185.35 141.76 278.84 194.90 0.0021417
table 0 0 -10 669.20 385.90 727.97 529.55 0.0020769
sofa 0 0 -10 634.65 70.20 725.49 530.00 0.0020254
sofa 0 0 -10 0.79 96.13 167.32 228.59 0.0020041
chair 0 0 -10 617.94 255.92 724.00 502.58 0.0019621
chair 0 0 -10 186.54 145.79 291.84 220.82 0.0019304
desk 0 0 -10 674.00 113.41 729.62 475.15 0.0019246
sofa 0 0 -10 67.95 120.01 279.06 329.00 0.0019065
chair 0 0 -10 310.20 76.16 645.03 288.95 0.0018930
desk 0 0 -10 639.08 67.24 727.09 310.33 0.0018509
sofa 0 0 -10 124.31 158.42 561.67 370.66 0.0017784
chair 0 0 -10 169.89 82.14 291.84 222.00 0.0017480
dresser 0 0 -10 674.22 98.45 729.64 462.83 0.0017312
sofa 0 0 -10 530.45 81.51 701.19 280.38 0.0017303
sofa 0 0 -10 290.53 77.66 442.32 178.11 0.0016353
table 0 0 -10 272.79 80.98 379.99 170.44 0.0015935
sofa 0 0 -10 81.19 54.99 296.12 124.84 0.0015187
bed 0 0 -10 27.49 28.87 308.34 284.43 0.0014938
sofa 0 0 -10 98.95 105.21 275.68 159.35 0.0014609
sofa 0 0 -10 21.35 10.37 271.84 154.44 0.0014051
chair 0 0 -10 642.79 66.82 727.09 316.63 0.0013796
bed 0 0 -10 630.74 62.77 727.48 530.00 0.0013135
bed 0 0 -10 177.16 2.51 542.16 104.27 0.0013119
sofa 0 0 -10 4.93 28.59 180.60 194.08 0.0012889
night_stand 0 0 -10 672.19 102.92 730.00 465.64 0.0012706
dresser 0 0 -10 616.04 256.85 724.59 507.61 0.0012569
table 0 0 -10 564.34 115.10 659.12 384.17 0.0012445
sofa 0 0 -10 165.54 27.20 609.17 238.59 0.0012379
table 0 0 -10 9.14 129.48 186.20 227.58 0.0011847
sofa 0 0 -10 65.48 23.74 373.45 171.71 0.0011631
table 0 0 -10 289.86 107.99 363.50 161.92 0.0011576
sofa 0 0 -10 30.56 6.32 317.78 90.81 0.0011357
sofa 0 0 -10 0.84 119.81 90.40 218.43 0.0010892
desk 0 0 -10 303.18 75.41 636.43 285.77 0.0010620
table 0 0 -10 663.12 249.86 723.90 527.57 0.0009607
sofa 0 0 -10 687.00 85.65 727.21 265.13 0.0009321
table 0 0 -10 49.08 133.39 177.51 191.03 0.0009208
desk 0 0 -10 666.01 235.33 723.60 520.47 0.0009125
table 0 0 -10 0.09 190.56 26.77 226.04 0.0009011
table 0 0 -10 25.01 55.69 296.89 286.58 0.0008972
chair 0 0 -10 291.34 103.93 371.51 165.83 0.0008752
sofa 0 0 -10 284.32 133.20 604.67 247.53 0.0008590
bed 0 0 -10 124.81 3.83 294.33 121.31 0.0008565
table 0 0 -10 76.69 67.84 277.85 167.23 0.0007951
table 0 0 -10 649.36 374.30 725.31 452.36 0.0007853
sofa 0 0 -10 446.21 101.50 650.76 333.24 0.0007822
chair 0 0 -10 290.71 83.14 407.36 174.31 0.0007510
desk 0 0 -10 683.53 78.35 726.17 289.13 0.0007478
sofa 0 0 -10 117.64 164.25 392.73 460.29 0.0007422
sofa 0 0 -10 643.57 68.55 726.45 311.51 0.0007398
sofa 0 0 -10 10.32 68.35 165.54 157.87 0.0007343
table 0 0 -10 714.21 390.38 729.89 530.00 0.0007321
desk 0 0 -10 97.86 222.94 615.82 530.00 0.0006836
sofa 0 0 -10 339.17 70.18 629.50 159.94 0.0006659
