table 0 0 -10 3.54 314.16 440.63 530.00 0.6914275
table 0 0 -10 363.98 359.67 584.14 528.19 0.2639408
desk 0 0 -10 0.00 318.63 434.70 530.00 0.2508037
bathtub 0 0 -10 30.44 314.71 424.26 522.77 0.1363094
toilet 0 0 -10 28.05 291.40 427.40 530.00 0.1201463
desk 0 0 -10 353.67 351.05 610.73 528.90 0.1018922
chair 0 0 -10 421.48 460.77 708.35 530.00 0.0589580
chair 0 0 -10 597.42 465.91 730.00 530.00 0.0583784
chair 0 0 -10 39.55 297.62 372.16 519.91 0.0559365
bed 0 0 -10 22.66 304.05 427.93 530.00 0.0534084
dresser 0 0 -10 11.30 312.18 428.39 530.00 0.0428132
table 0 0 -10 168.71 307.94 551.85 530.00 0.0387190
table 0 0 -10 248.32 286.42 366.02 373.84 0.0358357
desk 0 0 -10 153.70 306.00 563.10 530.00 0.0322138
chair 0 0 -10 326.94 360.93 700.87 530.00 0.0225793
sofa 0 0 -10 12.87 305.79 432.31 528.08 0.0215245
night_stand 0 0 -10 15.95 309.60 432.41 530.00 0.0199596
table 0 0 -10 618.29 461.06 725.33 529.73 0.0192221
toilet 0 0 -10 191.68 306.03 592.36 530.00 0.0131526
sofa 0 0 -10 592.03 468.33 729.50 530.00 0.0123785
night_stand 0 0 -10 364.62 359.09 613.19 528.43 0.0108154
table 0 0 -10 375.30 492.56 635.88 530.00 0.0098800
toilet 0 0 -10 368.29 349.53 632.32 530.00 0.0089843
bathtub 0 0 -10 162.87 312.15 598.12 522.46 0.0085028
dresser 0 0 -10 368.98 352.56 624.68 529.93 0.0082480
table 0 0 -10 405.20 458.71 677.17 530.00 0.0070322
bathtub 0 0 -10 371.16 353.44 643.12 523.12 0.0063371
dresser 0 0 -10 191.45 306.73 580.64 530.00 0.0061455
bookshelf 0 0 -10 27.95 304.90 417.20 527.89 0.0060724
bed 0 0 -10 363.70 353.56 669.97 530.00 0.0051613
chair 0 0 -10 446.32 401.59 721.03 529.90 0.0049327
sofa 0 0 -10 412.64 484.59 716.66 529.32 0.0046952
chair 0 0 -10 377.64 489.86 667.93 530.00 0.0037583
table 0 0 -10 369.21 505.05 590.10 528.07 0.0036678
chair 0 0 -10 369.84 394.39 597.03 530.00 0.0036300
chair 0 0 -10 2.07 481.13 206.13 530.00 0.0034946
toilet 0 0 -10 248.09 281.44 374.39 378.39 0.0034114
chair 0 0 -10 579.74 416.74 726.41 530.00 0.0030944
chair 0 0 -10 244.79 285.96 374.83 387.55 0.0030653
table 0 0 -10 330.13 423.22 657.33 529.06 0.0030094
table 0 0 -10 7.99 304.14 207.86 526.26 0.0028829
chair 0 0 -10 593.94 470.95 665.60 530.00 0.0024533
chair 0 0 -10 641.95 471.17 702.05 530.00 0.0024421
table 0 0 -10 2.48 296.98 71.48 519.20 0.0024334
bookshelf 0 0 -10 372.09 349.15 621.35 530.00 0.0023379
night_stand 0 0 -10 196.20 312.95 589.24 527.24 0.0022664
chair 0 0 -10 2.53 432.29 328.95 530.00 0.0021151
chair 0 0 -10 58.55 424.11 504.03 524.30 0.0018752
chair 0 0 -10 0.00 406.50 185.35 530.00 0.0015746
bed 0 0 -10 407.29 486.19 718.88 529.34 0.0015635
table 0 0 -10 617.50 455.39 722.67 495.54 0.0015634
chair 0 0 -10 352.37 286.39 586.39 518.84 0.0015244
night_stand 0 0 -10 245.25 285.37 374.32 385.26 0.0014564
bed 0 0 -10 186.83 302.35 583.64 530.00 0.0014488
table 0 0 -10 1.78 397.66 352.14 530.00 0.0012810
chair 0 0 -10 542.61 470.79 686.24 530.00 0.0011816
bathtub 0 0 -10 0.00 287.91 82.73 363.88 0.0011144
table 0 0 -10 11.00 486.48 230.17 529.90 0.0010882
sofa 0 0 -10 373.33 358.28 675.35 529.02 0.0010588
chair 0 0 -10 333.87 462.42 527.40 530.00 0.0010574
table 0 0 -10 225.58 276.48 403.73 409.88 0.0009987
bookshelf 0 0 -10 8.87 9.17 204.49 245.53 0.0009969
table 0 0 -10 645.13 469.95 699.43 530.00 0.0009390
bed 0 0 -10 587.54 468.41 730.00 530.00 0.0008617
table 0 0 -10 434.00 361.72 711.44 525.29 0.0008573
table 0 0 -10 344.27 457.47 519.69 530.00 0.0008208
table 0 0 -10 0.71 332.36 116.42 500.32 0.0007794
table 0 0 -10 598.95 413.54 727.42 526.51 0.0007473
table 0 0 -10 353.58 326.83 569.23 469.90 0.0007322
table 0 0 -10 304.20 398.46 476.52 530.00 0.0007100
desk 0 0 -10 312.38 217.21 715.01 514.07 0.0007035
chair 0 0 -10 658.68 477.95 728.14 530.00 0.0006899
chair 0 0 -10 520.75 340.42 729.00 522.92 0.0006827
table 0 0 -10 238.23 286.22 466.03 475.90 0.0006722
bookshelf 0 0 -10 192.51 304.25 576.58 530.00 0.0006400
chair 0 0 -10 0.00 317.83 51.91 522.97 0.0006259
chair 0 0 -10 274.47 417.90 486.81 530.00 0.0006036
chair 0 0 -10 2.06 254.75 82.26 373.70 0.0006010
table 0 0 -10 657.24 466.08 726.84 519.10 0.0005950
desk 0 0 -10 408.42 488.40 715.54 529.50 0.0005851
desk 0 0 -10 587.88 468.54 728.74 530.00 0.0005813
chair 0 0 -10 20.00 292.07 197.88 510.01 0.0005543
sofa 0 0 -10 366.42 454.34 727.07 530.00 0.0005537
chair 0 0 -10 110.74 293.95 343.29 456.46 0.0005493
chair 0 0 -10 369.99 503.15 603.92 528.07 0.0005485
sofa 0 0 -10 199.67 305.96 596.40 529.09 0.0005438
bathtub 0 0 -10 418.28 456.70 693.61 529.78 0.0005255
table 0 0 -10 121.68 282.52 419.49 485.18 0.0005244
bookshelf 0 0 -10 52.78 59.18 167.18 218.19 0.0005133
table 0 0 -10 315.65 237.17 698.52 516.28 0.0005010
toilet 0 0 -10 229.17 264.84 483.52 419.43 0.0004999
toilet 0 0 -10 415.60 456.72 696.83 530.00 0.0004959
table 0 0 -10 0.00 275.46 33.02 530.00 0.0004746
desk 0 0 -10 6.88 306.38 207.61 522.03 0.0004735
table 0 0 -10 621.74 515.35 724.96 529.85 0.0004543
chair 0 0 -10 221.33 439.59 625.69 530.00 0.0004497
bathtub 0 0 -10 248.24 282.64 375.14 375.11 0.0004285
sofa 0 0 -10 600.27 510.64 729.77 530.00 0.0004111
table 0 0 -10 568.76 448.37 694.66 530.00 0.0003852
chair 0 0 -10 0.00 382.40 104.13 527.50 0.0003710
