sofa 0 0 -10 28.14 158.19 509.75 519.88 0.9878923
sofa 0 0 -10 10.88 6.85 397.96 208.79 0.9527022
sofa 0 0 -10 410.54 137.12 587.64 297.91 0.8837522
sofa 0 0 -10 525.87 131.60 630.42 223.12 0.6910510
sofa 0 0 -10 338.81 40.64 522.03 186.50 0.5429807
table 0 0 -10 24.38 88.87 394.28 224.67 0.4114932
table 0 0 -10 318.88 40.46 523.45 188.03 0.1328815
sofa 0 0 -10 7.57 46.50 514.51 388.78 0.0585337
sofa 0 0 -10 7.60 109.66 292.01 495.31 0.0573942
table 0 0 -10 1.73 316.64 190.06 530.00 0.0451651
table 0 0 -10 2.15 147.97 63.71 309.89 0.0439361
chair 0 0 -10 231.62 103.76 421.38 214.06 0.0410526
sofa 0 0 -10 0.47 272.37 209.59 530.00 0.0358997
sofa 0 0 -10 153.48 21.56 384.11 161.00 0.0311884
desk 0 0 -10 329.01 30.48 528.17 182.02 0.0304468
bed 0 0 -10 6.75 9.13 383.42 216.00 0.0294980
table 0 0 -10 520.54 161.15 626.22 227.77 0.0278815
sofa 0 0 -10 460.12 136.51 604.99 244.79 0.0265755
table 0 0 -10 403.25 147.20 578.21 301.34 0.0224658
table 0 0 -10 4.58 52.11 387.85 319.22 0.0206545
sofa 0 0 -10 542.67 136.34 625.86 187.74 0.0193923
chair 0 0 -10 410.53 141.32 585.15 297.88 0.0191538
sofa 0 0 -10 25.85 87.90 398.52 310.66 0.0170207
chair 0 0 -10 192.72 27.22 384.49 183.77 0.0169389
table 0 0 -10 0.68 147.64 31.32 309.88 0.0146712
chair 0 0 -10 525.75 125.89 629.87 226.51 0.0138366
sofa 0 0 -10 347.84 78.55 562.87 312.64 0.0130681
chair 0 0 -10 369.87 37.24 516.14 189.62 0.0127953
sofa 0 0 -10 164.10 14.25 516.59 221.72 0.0127444
chair 0 0 -10 438.44 2.01 551.05 149.37 0.0118182
chair 0 0 -10 18.12 1.39 379.25 217.94 0.0111441
table 0 0 -10 69.98 205.67 527.92 530.00 0.0102072
table 0 0 -10 370.64 96.90 518.46 196.45 0.0096694
bed 0 0 -10 0.00 316.42 196.86 526.05 0.0095291
table 0 0 -10 293.18 108.97 419.11 245.71 0.0091204
sofa 0 0 -10 285.55 30.06 578.21 247.86 0.0078953
sofa 0 0 -10 406.51 103.30 578.90 209.54 0.0070065
table 0 0 -10 349.32 107.33 422.44 178.26 0.0066571
table 0 0 -10 186.38 113.05 409.12 241.90 0.0063719
bed 0 0 -10 10.93 194.41 517.10 525.33 0.0059339
sofa 0 0 -10 326.14 13.61 584.70 153.43 0.0057943
bookshelf 0 0 -10 597.38 54.44 642.06 170.88 0.0056102
table 0 0 -10 0.00 98.61 80.12 369.08 0.0055846
table 0 0 -10 31.00 118.83 364.09 186.05 0.0054984
table 0 0 -10 660.18 213.29 728.75 530.00 0.0050358
sofa 0 0 -10 185.44 48.18 398.18 226.00 0.0049720
bed 0 0 -10 319.72 15.44 529.08 190.78 0.0049368
desk 0 0 -10 23.06 83.53 384.75 276.75 0.0040116
sofa 0 0 -10 467.99 93.27 632.23 219.32 0.0038859
sofa 0 0 -10 19.43 54.54 390.93 153.59 0.0036533
bookshelf 0 0 -10 334.77 17.04 526.84 181.41 0.0035531
chair 0 0 -10 2.43 318.92 207.31 529.52 0.0035128
table 0 0 -10 22.15 298.82 311.08 526.60 0.0034060
chair 0 0 -10 156.78 77.07 406.52 275.12 0.0033380
sofa 0 0 -10 165.62 95.25 659.17 441.24 0.0032706
sofa 0 0 -10 535.03 126.77 605.77 176.43 0.0030807
chair 0 0 -10 33.81 197.84 550.31 518.59 0.0028818
sofa 0 0 -10 15.39 142.20 253.46 364.48 0.0028007
sofa 0 0 -10 442.47 59.61 566.60 143.26 0.0027822
chair 0 0 -10 0.00 5.94 52.94 293.36 0.0027231
chair 0 0 -10 268.71 44.45 398.32 181.82 0.0024825
table 0 0 -10 15.21 125.81 469.05 442.96 0.0024313
sofa 0 0 -10 402.52 81.27 551.79 169.15 0.0020454
chair 0 0 -10 546.10 134.73 623.30 189.86 0.0017024
table 0 0 -10 521.71 129.03 580.69 173.25 0.0016691
chair 0 0 -10 10.33 146.35 257.78 509.65 0.0016137
dresser 0 0 -10 597.68 60.95 641.71 168.13 0.0015958
bookshelf 0 0 -10 527.42 38.98 641.48 171.49 0.0015476
table 0 0 -10 131.58 48.29 377.40 156.94 0.0014959
chair 0 0 -10 650.19 206.22 730.00 528.70 0.0014845
table 0 0 -10 306.17 69.65 450.15 181.23 0.0014686
sofa 0 0 -10 232.60 121.25 519.35 313.12 0.0014527
table 0 0 -10 0.20 56.34 48.27 317.11 0.0014486
table 0 0 -10 148.01 25.25 520.08 224.03 0.0013819
sofa 0 0 -10 284.84 101.77 421.84 254.02 0.0013011
dresser 0 0 -10 525.74 44.03 642.65 168.72 0.0011962
chair 0 0 -10 298.04 39.75 476.16 213.80 0.0011912
table 0 0 -10 407.12 111.00 563.55 204.54 0.0011696
table 0 0 -10 5.36 157.01 133.26 328.68 0.0011357
desk 0 0 -10 12.93 19.22 485.99 221.43 0.0010599
dresser 0 0 -10 330.95 27.31 529.49 183.39 0.0010555
table 0 0 -10 530.71 124.14 634.57 185.47 0.0010492
table 0 0 -10 215.01 114.29 376.01 153.05 0.0010478
sofa 0 0 -10 423.66 10.85 545.86 156.01 0.0010179
dresser 0 0 -10 678.93 218.92 727.44 530.00 0.0010020
table 0 0 -10 460.12 97.23 568.00 145.19 0.0010012
chair 0 0 -10 2.90 136.96 65.44 308.34 0.0009944
table 0 0 -10 5.90 109.73 21.54 297.30 0.0009896
bathtub 0 0 -10 338.69 39.15 516.95 185.51 0.0009745
desk 0 0 -10 28.23 199.62 548.74 528.08 0.0009693
chair 0 0 -10 519.41 121.26 586.46 173.17 0.0009528
table 0 0 -10 280.67 37.05 573.47 245.37 0.0009331
chair 0 0 -10 458.78 43.13 585.33 130.38 0.0008726
chair 0 0 -10 524.05 1.74 603.45 77.86 0.0008547
table 0 0 -10 10.70 140.83 228.34 350.14 0.0008524
chair 0 0 -10 653.36 105.02 704.74 163.49 0.0008065
sofa 0 0 -10 425.25 17.32 613.95 198.52 0.0008054
chair 0 0 -10 456.95 0.00 600.38 93.98 0.0007877
table 0 0 -10 2.19 138.02 11.30 311.28 0.0007815
table 0 0 -10 7.93 65.09 27.22 325.13 0.0007694
