sofa 0 0 -10 0.00 197.56 556.10 530.00 0.9951622
sofa 0 0 -10 523.91 135.59 728.32 340.64 0.8518907
sofa 0 0 -10 186.50 126.45 373.34 206.97 0.5491520
chair 0 0 -10 482.35 141.00 575.24 237.88 0.3968385
bed 0 0 -10 184.84 127.60 366.71 207.03 0.3054465
sofa 0 0 -10 491.54 136.61 573.39 234.73 0.1936128
table 0 0 -10 523.35 322.33 721.57 530.00 0.0799484
sofa 0 0 -10 495.39 125.76 688.46 278.94 0.0786097
sofa 0 0 -10 517.71 180.09 730.00 475.84 0.0746008
table 0 0 -10 241.60 188.52 370.12 242.43 0.0384034
sofa 0 0 -10 489.71 140.53 564.98 195.69 0.0332335
bookshelf 0 0 -10 149.57 94.20 222.45 174.93 0.0284184
table 0 0 -10 493.25 151.72 568.04 235.07 0.0267210
sofa 0 0 -10 6.52 186.06 315.30 496.56 0.0237697
dresser 0 0 -10 144.03 98.47 218.41 171.40 0.0228141
sofa 0 0 -10 170.42 125.67 368.89 277.22 0.0203163
sofa 0 0 -10 477.83 135.64 620.75 248.54 0.0190289
chair 0 0 -10 501.82 137.96 570.92 199.16 0.0157089
sofa 0 0 -10 400.64 213.87 685.05 530.00 0.0132695
table 0 0 -10 478.88 152.13 541.28 245.14 0.0104214
sofa 0 0 -10 229.29 188.01 488.27 322.86 0.0100452
bed 0 0 -10 175.40 109.42 366.06 263.87 0.0097248
bed 0 0 -10 534.82 141.63 726.54 337.73 0.0095030
sofa 0 0 -10 542.17 281.31 727.95 528.47 0.0089810
chair 0 0 -10 558.32 0.00 645.05 60.19 0.0089050
chair 0 0 -10 524.86 142.71 724.21 337.81 0.0086927
chair 0 0 -10 474.54 93.03 591.15 250.31 0.0073526
chair 0 0 -10 342.59 33.08 423.73 123.10 0.0071630
sofa 0 0 -10 186.12 170.06 371.89 203.89 0.0069858
table 0 0 -10 460.37 139.05 523.73 260.14 0.0066992
table 0 0 -10 176.96 140.56 373.54 258.69 0.0064734
chair 0 0 -10 142.69 95.78 218.15 175.50 0.0058319
desk 0 0 -10 147.05 102.07 224.00 173.74 0.0052657
sofa 0 0 -10 4.26 173.35 209.95 334.30 0.0051652
chair 0 0 -10 584.25 0.00 631.38 77.91 0.0048377
chair 0 0 -10 190.39 120.19 369.84 227.13 0.0048057
chair 0 0 -10 515.95 1.51 626.71 67.97 0.0048001
bed 0 0 -10 543.43 321.42 729.22 524.79 0.0046750
bed 0 0 -10 483.93 138.08 573.63 230.89 0.0044387
bookshelf 0 0 -10 337.11 30.99 424.12 137.94 0.0043633
table 0 0 -10 194.79 138.80 376.07 206.30 0.0043438
sofa 0 0 -10 217.55 199.88 516.05 420.40 0.0038841
sofa 0 0 -10 65.14 182.41 440.12 360.63 0.0037722
chair 0 0 -10 520.27 180.81 728.09 481.62 0.0037700
chair 0 0 -10 502.25 0.00 591.69 51.89 0.0037575
sofa 0 0 -10 341.43 148.19 673.52 356.86 0.0036043
sofa 0 0 -10 234.76 128.51 363.37 182.09 0.0035765
table 0 0 -10 190.14 172.77 365.48 203.99 0.0035537
bed 0 0 -10 160.88 109.38 303.49 187.86 0.0028994
desk 0 0 -10 480.90 138.99 570.99 232.33 0.0028741
chair 0 0 -10 479.10 132.26 531.96 224.99 0.0028473
dresser 0 0 -10 336.02 36.84 424.96 134.34 0.0028297
table 0 0 -10 144.54 103.61 213.90 198.27 0.0026637
chair 0 0 -10 564.18 317.20 729.14 494.24 0.0026134
bookshelf 0 0 -10 137.83 12.14 311.53 195.47 0.0024144
bed 0 0 -10 80.93 23.20 397.36 287.34 0.0024092
desk 0 0 -10 531.28 322.18 727.36 530.00 0.0023810
table 0 0 -10 199.47 160.22 425.66 304.80 0.0023543
chair 0 0 -10 304.48 2.24 395.98 49.23 0.0022784
chair 0 0 -10 279.28 2.07 330.74 51.52 0.0022718
table 0 0 -10 502.98 138.98 568.71 193.27 0.0021746
chair 0 0 -10 271.17 0.00 366.90 92.82 0.0021615
table 0 0 -10 475.30 130.07 519.64 228.80 0.0020923
dresser 0 0 -10 159.08 116.33 223.74 161.46 0.0020591
table 0 0 -10 465.56 131.62 609.20 250.75 0.0020515
chair 0 0 -10 597.73 0.00 673.42 63.08 0.0019986
bookshelf 0 0 -10 152.90 40.12 256.83 166.34 0.0019769
dresser 0 0 -10 467.41 93.84 501.46 185.64 0.0019668
table 0 0 -10 493.08 133.64 595.61 206.48 0.0019311
bed 0 0 -10 183.80 170.05 373.03 204.11 0.0019091
table 0 0 -10 239.94 192.26 404.92 273.99 0.0019001
table 0 0 -10 539.56 147.29 719.29 327.80 0.0017773
sofa 0 0 -10 174.80 118.25 555.80 367.04 0.0017530
bed 0 0 -10 19.46 58.41 366.13 209.92 0.0017515
sofa 0 0 -10 242.72 140.22 686.12 482.42 0.0017236
bed 0 0 -10 2.67 178.25 541.70 530.00 0.0017123
table 0 0 -10 463.85 121.32 506.42 180.19 0.0016800
table 0 0 -10 0.37 132.44 45.97 197.03 0.0016745
sofa 0 0 -10 92.07 79.01 466.31 328.64 0.0016710
table 0 0 -10 245.31 177.68 314.16 237.12 0.0016659
chair 0 0 -10 571.56 0.00 670.23 90.92 0.0015680
desk 0 0 -10 337.35 37.13 420.63 133.42 0.0015539
night_stand 0 0 -10 243.17 187.67 364.94 242.83 0.0015305
night_stand 0 0 -10 464.52 120.81 507.46 177.71 0.0014818
table 0 0 -10 341.31 35.93 421.66 122.19 0.0014539
chair 0 0 -10 478.79 0.75 579.26 85.22 0.0014352
chair 0 0 -10 574.34 2.63 661.98 40.58 0.0014164
chair 0 0 -10 115.34 204.69 557.11 519.44 0.0014097
bookshelf 0 0 -10 268.83 2.75 331.84 110.23 0.0013885
table 0 0 -10 153.28 114.95 223.83 165.42 0.0013696
chair 0 0 -10 452.14 122.72 480.70 165.78 0.0013448
table 0 0 -10 227.39 181.67 346.14 221.63 0.0013249
bookshelf 0 0 -10 481.70 136.59 567.72 240.36 0.0013066
table 0 0 -10 2.16 272.53 564.73 527.58 0.0012666
chair 0 0 -10 236.50 0.00 297.70 56.71 0.0012631
chair 0 0 -10 157.42 115.69 225.82 194.89 0.0012596
table 0 0 -10 502.52 126.10 675.96 269.70 0.0012469
night_stand 0 0 -10 147.13 106.14 220.54 163.64 0.0011758
bookshelf 0 0 -10 142.66 21.86 218.01 184.37 0.0011648
night_stand 0 0 -10 343.61 39.94 420.29 130.21 0.0011535
