sofa 0 0 -10 142.96 169.62 625.12 517.01 0.9915314
table 0 0 -10 33.38 288.31 262.47 527.93 0.7307319
chair 0 0 -10 205.53 137.79 305.12 270.91 0.7287123
bookshelf 0 0 -10 441.48 0.33 551.40 186.23 0.5120637
bookshelf 0 0 -10 456.45 8.77 713.83 279.52 0.4715704
bookshelf 0 0 -10 631.35 0.00 725.57 300.92 0.4079864
chair 0 0 -10 205.61 141.02 301.76 203.71 0.3665807
chair 0 0 -10 0.49 319.82 109.30 527.90 0.3564002
table 0 0 -10 612.98 342.32 726.08 526.40 0.3375835
bookshelf 0 0 -10 445.39 6.18 622.57 214.45 0.3250600
bookshelf 0 0 -10 529.03 12.34 677.49 239.36 0.3141472
chair 0 0 -10 173.42 142.28 273.06 243.29 0.2264753
dresser 0 0 -10 0.32 79.99 59.98 332.59 0.2132783
table 0 0 -10 57.27 246.89 388.78 530.00 0.1864762
table 0 0 -10 174.69 187.36 332.88 276.14 0.1788384
chair 0 0 -10 19.90 307.22 201.81 527.76 0.1473860
table 0 0 -10 45.96 210.74 124.95 264.47 0.1444437
chair 0 0 -10 231.85 150.90 340.30 261.12 0.1017185
bookshelf 0 0 -10 658.23 81.57 729.84 265.39 0.0638819
table 0 0 -10 3.75 319.04 121.66 528.62 0.0582207
bookshelf 0 0 -10 510.34 6.14 584.71 217.83 0.0580821
sofa 0 0 -10 61.79 198.48 433.85 530.00 0.0534933
table 0 0 -10 74.75 203.98 125.08 286.19 0.0523998
chair 0 0 -10 437.82 127.46 523.87 179.46 0.0515242
table 0 0 -10 40.53 185.00 125.23 286.60 0.0496650
desk 0 0 -10 43.46 292.40 264.49 529.30 0.0438777
chair 0 0 -10 71.71 251.84 173.27 419.75 0.0406088
table 0 0 -10 136.87 189.08 179.04 249.80 0.0369577
chair 0 0 -10 129.16 178.20 205.08 274.00 0.0350689
sofa 0 0 -10 177.61 164.35 449.36 319.64 0.0339541
bookshelf 0 0 -10 684.37 0.00 730.00 277.28 0.0312304
table 0 0 -10 88.28 209.53 125.14 251.31 0.0296570
chair 0 0 -10 174.85 152.46 228.78 207.95 0.0293807
table 0 0 -10 121.10 246.90 606.51 530.00 0.0279436
desk 0 0 -10 618.47 335.18 729.95 520.66 0.0240167
bookshelf 0 0 -10 585.92 5.49 725.96 422.11 0.0236764
chair 0 0 -10 269.39 168.16 333.51 245.65 0.0232944
night_stand 0 0 -10 38.53 283.93 269.47 530.00 0.0226226
bookshelf 0 0 -10 578.00 24.50 656.05 245.80 0.0225827
bookshelf 0 0 -10 445.79 92.73 538.93 183.01 0.0219362
table 0 0 -10 449.75 128.52 532.69 182.05 0.0184316
chair 0 0 -10 339.40 150.03 409.04 194.04 0.0175358
chair 0 0 -10 161.17 153.12 232.74 248.79 0.0170872
chair 0 0 -10 157.93 178.48 290.14 269.23 0.0154110
chair 0 0 -10 5.48 225.33 142.08 507.62 0.0149052
table 0 0 -10 47.97 174.64 120.69 249.32 0.0147269
table 0 0 -10 113.96 189.81 375.22 312.04 0.0146539
sofa 0 0 -10 145.80 190.53 398.06 445.12 0.0143770
chair 0 0 -10 0.00 84.69 71.08 365.37 0.0143212
table 0 0 -10 126.58 268.09 208.16 337.14 0.0134430
night_stand 0 0 -10 0.46 84.59 72.70 336.98 0.0130200
bookshelf 0 0 -10 0.69 73.78 59.94 337.92 0.0123703
chair 0 0 -10 154.35 189.70 594.87 523.96 0.0107923
table 0 0 -10 159.55 164.61 331.22 247.51 0.0106620
desk 0 0 -10 53.67 232.87 410.08 530.00 0.0104457
table 0 0 -10 21.84 210.57 257.30 352.64 0.0103187
table 0 0 -10 126.07 199.42 195.03 279.00 0.0098693
table 0 0 -10 63.32 262.26 227.87 363.21 0.0098446
sofa 0 0 -10 613.64 210.70 730.00 530.00 0.0093424
sofa 0 0 -10 345.05 165.59 589.86 333.72 0.0091341
chair 0 0 -10 62.85 212.42 363.55 530.00 0.0090845
chair 0 0 -10 336.95 149.79 413.66 235.74 0.0089057
sofa 0 0 -10 413.41 172.85 512.33 290.02 0.0087966
table 0 0 -10 34.52 210.85 94.21 286.50 0.0085822
dresser 0 0 -10 624.54 13.43 730.00 275.18 0.0084171
chair 0 0 -10 449.14 133.10 503.05 172.41 0.0083020
chair 0 0 -10 96.73 199.47 230.73 427.63 0.0080169
table 0 0 -10 15.91 160.44 90.76 320.87 0.0079530
desk 0 0 -10 2.07 101.96 64.63 340.49 0.0077195
sofa 0 0 -10 425.23 164.23 627.31 403.38 0.0076112
desk 0 0 -10 448.11 127.29 530.75 178.45 0.0074204
sofa 0 0 -10 441.29 125.82 529.27 179.67 0.0074063
desk 0 0 -10 45.28 209.25 124.26 276.66 0.0073943
chair 0 0 -10 153.58 155.78 363.48 292.73 0.0072671
bookshelf 0 0 -10 595.56 87.28 644.65 230.76 0.0071540
chair 0 0 -10 136.62 186.85 182.05 249.55 0.0069341
dresser 0 0 -10 9.88 113.39 85.56 313.82 0.0068020
table 0 0 -10 86.61 196.16 100.42 278.70 0.0066438
dresser 0 0 -10 530.76 14.93 725.92 255.61 0.0065871
bookshelf 0 0 -10 608.34 19.92 682.41 268.01 0.0065312
table 0 0 -10 87.07 217.46 199.51 325.06 0.0064673
chair 0 0 -10 37.75 258.52 138.47 441.64 0.0063876
table 0 0 -10 10.63 124.52 61.25 374.06 0.0063128
table 0 0 -10 63.61 234.78 232.99 446.07 0.0062728
sofa 0 0 -10 2.12 92.27 83.45 333.03 0.0062028
chair 0 0 -10 336.84 168.32 450.63 283.70 0.0061508
bookshelf 0 0 -10 313.14 13.32 551.95 189.02 0.0061504
bookshelf 0 0 -10 554.97 56.05 591.65 201.09 0.0056226
chair 0 0 -10 110.84 246.11 204.35 396.48 0.0055834
table 0 0 -10 139.17 192.50 255.97 295.49 0.0055754
chair 0 0 -10 255.50 158.15 369.42 291.52 0.0053529
chair 0 0 -10 603.33 325.85 728.36 523.73 0.0052056
chair 0 0 -10 128.69 204.61 206.55 329.41 0.0049028
night_stand 0 0 -10 42.70 184.18 127.51 286.69 0.0047962
bed 0 0 -10 0.00 72.05 72.24 349.94 0.0043874
chair 0 0 -10 200.76 182.21 323.83 242.87 0.0043821
dresser 0 0 -10 448.14 124.55 534.73 180.81 0.0043646
chair 0 0 -10 76.87 243.84 146.52 377.04 0.0042561
desk 0 0 -10 8.68 327.51 106.07 530.00 0.0041407
night_stand 0 0 -10 15.76 157.89 91.92 318.15 0.0041363
