bed 0 0 -10 0.00 118.87 624.20 520.73 0.9614751
night_stand 0 0 -10 1.40 328.85 60.40 485.83 0.4492955
table 0 0 -10 1.74 338.38 63.18 483.16 0.2383309
chair 0 0 -10 339.61 181.05 475.60 295.99 0.2021076
sofa 0 0 -10 603.23 178.73 725.33 241.92 0.1761988
table 0 0 -10 596.20 218.14 659.50 255.66 0.1760201
chair 0 0 -10 295.42 180.24 402.41 292.62 0.0979957
sofa 0 0 -10 268.08 211.52 712.95 530.00 0.0552276
sofa 0 0 -10 691.44 154.58 728.68 320.52 0.0453051
bed 0 0 -10 14.73 138.72 493.52 385.37 0.0419552
table 0 0 -10 1.16 328.54 24.28 491.00 0.0411673
sofa 0 0 -10 623.79 161.99 716.11 219.84 0.0381276
sofa 0 0 -10 679.38 183.94 726.38 439.57 0.0380335
table 0 0 -10 589.59 210.54 674.55 268.31 0.0378039
sofa 0 0 -10 0.81 322.03 64.25 485.82 0.0335255
sofa 0 0 -10 596.14 202.43 700.80 263.76 0.0304205
night_stand 0 0 -10 1.61 324.44 52.16 420.68 0.0295839
sofa 0 0 -10 4.98 158.58 662.21 523.83 0.0282538
sofa 0 0 -10 683.37 206.40 729.51 290.34 0.0281218
chair 0 0 -10 299.65 189.83 381.60 236.47 0.0279950
sofa 0 0 -10 710.32 156.16 728.02 310.60 0.0194703
sofa 0 0 -10 0.62 243.37 48.55 441.58 0.0192085
table 0 0 -10 1.95 326.72 46.47 407.66 0.0173353
sofa 0 0 -10 511.65 261.34 691.77 414.65 0.0154261
bed 0 0 -10 185.25 140.47 469.86 342.97 0.0152516
bed 0 0 -10 213.98 215.04 699.67 525.63 0.0147226
sofa 0 0 -10 664.37 214.81 728.68 522.74 0.0143106
chair 0 0 -10 598.59 218.67 656.38 255.36 0.0139929
table 0 0 -10 287.49 201.08 463.07 291.73 0.0134191
night_stand 0 0 -10 0.12 325.95 25.96 490.52 0.0127659
chair 0 0 -10 0.31 331.47 67.55 478.28 0.0121186
table 0 0 -10 1.53 331.96 13.15 490.71 0.0119936
table 0 0 -10 16.36 236.13 621.48 530.00 0.0117128
table 0 0 -10 306.00 192.45 464.29 248.26 0.0113163
sofa 0 0 -10 595.29 212.47 674.20 251.76 0.0092930
sofa 0 0 -10 651.96 159.22 726.95 240.66 0.0092750
table 0 0 -10 302.37 194.03 402.53 265.56 0.0090480
sofa 0 0 -10 456.21 252.10 685.35 529.77 0.0090318
dresser 0 0 -10 1.23 324.51 55.94 486.44 0.0074501
bed 0 0 -10 286.31 193.27 413.52 302.03 0.0074149
sofa 0 0 -10 717.24 178.20 727.86 306.51 0.0073035
table 0 0 -10 300.45 194.90 381.45 238.72 0.0068593
sofa 0 0 -10 1.42 223.63 46.97 333.97 0.0066649
table 0 0 -10 599.78 207.38 693.56 249.85 0.0062871
bed 0 0 -10 0.21 324.31 65.39 486.25 0.0062415
sofa 0 0 -10 597.89 130.38 726.04 254.34 0.0058396
table 0 0 -10 603.53 213.25 655.49 237.09 0.0053586
chair 0 0 -10 374.36 186.76 467.09 262.83 0.0053260
desk 0 0 -10 0.00 327.97 57.98 489.13 0.0050789
sofa 0 0 -10 704.91 148.99 727.87 232.95 0.0049058
chair 0 0 -10 305.77 188.61 446.08 250.84 0.0048737
chair 0 0 -10 604.69 172.97 703.92 254.92 0.0048711
sofa 0 0 -10 578.86 216.01 727.85 469.11 0.0043746
table 0 0 -10 685.47 220.84 728.36 324.48 0.0042907
sofa 0 0 -10 703.32 213.44 726.51 439.89 0.0042667
table 0 0 -10 672.85 246.87 726.99 521.95 0.0041232
table 0 0 -10 3.31 326.88 48.68 369.14 0.0040537
bed 0 0 -10 301.23 188.40 465.50 250.68 0.0035663
bed 0 0 -10 209.68 192.17 515.16 452.13 0.0034643
sofa 0 0 -10 661.58 191.25 729.75 312.83 0.0033948
sofa 0 0 -10 692.28 222.74 727.08 264.24 0.0031640
bed 0 0 -10 37.84 191.14 312.59 302.46 0.0031122
sofa 0 0 -10 630.70 195.83 727.69 274.22 0.0030673
table 0 0 -10 473.54 327.90 675.11 523.09 0.0030422
night_stand 0 0 -10 292.59 204.45 408.79 298.96 0.0030363
chair 0 0 -10 690.58 152.04 729.14 315.50 0.0029043
chair 0 0 -10 379.63 178.22 510.73 317.34 0.0029015
sofa 0 0 -10 624.78 194.17 702.15 245.49 0.0027710
table 0 0 -10 616.96 220.57 656.21 245.00 0.0026782
table 0 0 -10 1.56 295.83 65.15 420.79 0.0026700
table 0 0 -10 306.82 192.08 416.80 225.96 0.0026628
table 0 0 -10 272.22 274.20 685.73 527.63 0.0025763
table 0 0 -10 0.70 328.95 7.22 496.80 0.0025601
sofa 0 0 -10 712.60 163.25 729.59 429.24 0.0024647
table 0 0 -10 709.44 219.81 729.60 462.76 0.0024035
desk 0 0 -10 6.59 229.02 638.59 530.00 0.0023956
table 0 0 -10 718.71 237.18 728.76 271.73 0.0023889
chair 0 0 -10 709.30 153.42 728.67 304.37 0.0023197
chair 0 0 -10 349.07 215.41 691.67 517.70 0.0022455
chair 0 0 -10 587.71 201.22 665.32 266.61 0.0022252
bed 0 0 -10 232.38 61.39 477.05 267.87 0.0021781
sofa 0 0 -10 2.04 111.22 59.73 506.20 0.0021667
chair 0 0 -10 363.30 189.10 463.51 230.79 0.0021023
night_stand 0 0 -10 1.03 329.17 13.76 490.86 0.0019787
table 0 0 -10 717.09 188.85 727.51 305.72 0.0019301
table 0 0 -10 713.66 185.99 729.42 367.64 0.0019013
table 0 0 -10 3.51 324.41 9.06 453.15 0.0018775
table 0 0 -10 702.84 230.12 727.85 269.03 0.0018608
sofa 0 0 -10 4.07 212.07 67.72 373.89 0.0017979
chair 0 0 -10 682.82 200.33 729.06 289.70 0.0017822
chair 0 0 -10 73.53 206.00 540.05 525.58 0.0017698
chair 0 0 -10 659.95 229.10 727.18 507.84 0.0017189
chair 0 0 -10 250.39 147.55 474.42 322.86 0.0016814
table 0 0 -10 697.91 187.24 726.36 357.38 0.0016759
table 0 0 -10 720.52 194.86 728.19 346.79 0.0016493
table 0 0 -10 709.26 241.08 728.62 265.52 0.0015541
chair 0 0 -10 703.92 148.05 728.55 232.92 0.0015519
toilet 0 0 -10 1.46 327.02 55.72 492.84 0.0015333
chair 0 0 -10 626.75 161.16 712.64 218.58 0.0015209
sofa 0 0 -10 302.85 190.24 466.85 249.67 0.0015066
