sofa 0 0 -10 192.93 32.41 531.25 293.10 0.9699327
sofa 0 0 -10 55.37 181.30 351.07 459.06 0.8700861
sofa 0 0 -10 2.45 98.74 59.92 314.81 0.2686813
sofa 0 0 -10 0.93 180.73 48.12 316.41 0.1187226
sofa 0 0 -10 95.64 85.85 491.87 413.79 0.0877339
bed 0 0 -10 179.66 7.68 525.75 94.42 0.0696038
bed 0 0 -10 166.03 12.74 546.62 318.38 0.0588348
sofa 0 0 -10 191.91 6.87 525.84 90.49 0.0485657
table 0 0 -10 1.21 195.10 46.56 314.49 0.0462291
chair 0 0 -10 0.00 67.02 64.86 321.98 0.0416514
chair 0 0 -10 2.33 201.60 55.96 291.09 0.0236597
sofa 0 0 -10 2.41 167.80 68.55 277.61 0.0186804
sofa 0 0 -10 163.28 87.67 285.16 158.42 0.0139113
bed 0 0 -10 0.88 66.13 60.97 327.77 0.0136855
sofa 0 0 -10 3.73 67.57 104.08 317.22 0.0130503
sofa 0 0 -10 73.29 164.30 649.92 496.30 0.0127388
table 0 0 -10 152.31 309.49 712.61 527.49 0.0120703
chair 0 0 -10 23.57 205.51 57.36 277.93 0.0118684
table 0 0 -10 0.59 223.12 35.91 291.12 0.0116192
chair 0 0 -10 62.49 181.94 358.44 466.08 0.0099540
sofa 0 0 -10 19.62 176.93 203.66 334.37 0.0093299
table 0 0 -10 474.51 339.37 721.06 528.56 0.0090218
sofa 0 0 -10 189.12 100.15 261.27 155.90 0.0081663
sofa 0 0 -10 2.19 218.23 54.06 268.18 0.0081279
sofa 0 0 -10 175.88 9.66 557.01 172.67 0.0080703
sofa 0 0 -10 3.98 186.28 108.84 311.28 0.0075866
sofa 0 0 -10 144.67 14.98 715.52 418.88 0.0074575
sofa 0 0 -10 56.18 186.57 272.27 299.05 0.0066742
table 0 0 -10 22.03 203.66 57.27 292.74 0.0061519
table 0 0 -10 1.27 239.94 55.92 297.42 0.0058590
sofa 0 0 -10 185.43 118.43 465.82 333.68 0.0054285
bed 0 0 -10 134.99 14.93 720.51 434.75 0.0054111
sofa 0 0 -10 3.12 47.34 194.43 301.79 0.0054067
chair 0 0 -10 188.69 11.96 553.52 310.30 0.0052858
sofa 0 0 -10 16.42 12.16 327.46 193.90 0.0046472
chair 0 0 -10 58.47 89.87 158.57 148.80 0.0043879
sofa 0 0 -10 200.33 71.73 434.05 210.01 0.0042111
table 0 0 -10 4.82 201.66 27.00 347.31 0.0041479
desk 0 0 -10 3.00 133.76 59.71 317.11 0.0040095
table 0 0 -10 1.31 127.83 54.03 337.51 0.0038809
chair 0 0 -10 0.89 170.85 43.22 318.14 0.0038269
chair 0 0 -10 195.52 101.35 261.98 167.94 0.0037910
sofa 0 0 -10 3.67 103.85 29.56 336.05 0.0037255
table 0 0 -10 2.20 217.16 52.38 264.93 0.0036716
table 0 0 -10 162.48 89.79 275.86 156.63 0.0036172
sofa 0 0 -10 61.62 84.82 252.66 161.34 0.0035100
table 0 0 -10 30.00 207.18 54.64 270.41 0.0033544
sofa 0 0 -10 29.67 193.29 61.95 279.53 0.0033105
table 0 0 -10 174.06 105.45 249.56 160.20 0.0030674
bed 0 0 -10 4.91 10.48 322.31 204.37 0.0030521
table 0 0 -10 25.89 154.21 179.42 307.25 0.0029646
sofa 0 0 -10 15.97 200.64 55.68 286.32 0.0029233
bed 0 0 -10 83.73 5.58 489.85 136.14 0.0029003
dresser 0 0 -10 0.83 67.52 60.05 322.44 0.0028671
sofa 0 0 -10 33.64 183.41 149.20 286.30 0.0026946
table 0 0 -10 57.94 109.45 159.28 155.99 0.0025345
table 0 0 -10 59.71 220.63 359.08 471.79 0.0021940
bookshelf 0 0 -10 3.93 41.02 61.52 300.68 0.0021040
table 0 0 -10 395.26 207.31 648.21 422.58 0.0020233
bookshelf 0 0 -10 20.66 0.00 190.07 164.60 0.0019911
sofa 0 0 -10 0.42 105.76 18.38 346.57 0.0018785
table 0 0 -10 40.09 205.50 103.96 320.25 0.0016592
night_stand 0 0 -10 176.41 102.74 255.97 157.26 0.0016166
table 0 0 -10 169.25 28.53 550.13 312.89 0.0015035
sofa 0 0 -10 51.98 87.32 164.29 160.12 0.0014946
sofa 0 0 -10 1.15 96.38 70.16 212.02 0.0014344
bed 0 0 -10 551.35 198.39 723.68 292.06 0.0014220
sofa 0 0 -10 178.57 76.72 330.34 173.18 0.0014211
sofa 0 0 -10 16.52 10.44 187.97 142.16 0.0013830
desk 0 0 -10 0.52 212.02 46.33 288.87 0.0012939
table 0 0 -10 49.18 237.50 101.67 300.42 0.0012820
table 0 0 -10 9.94 203.39 95.03 294.91 0.0012490
sofa 0 0 -10 118.29 294.96 730.00 530.00 0.0011969
sofa 0 0 -10 190.40 74.53 516.79 156.89 0.0011618
sofa 0 0 -10 0.45 126.06 44.89 463.88 0.0011214
table 0 0 -10 2.83 226.91 92.36 329.51 0.0011117
table 0 0 -10 1.40 199.95 46.43 251.80 0.0010986
table 0 0 -10 422.05 283.83 711.97 475.15 0.0010620
sofa 0 0 -10 33.24 159.22 70.99 274.76 0.0010199
table 0 0 -10 247.08 178.45 550.88 432.95 0.0010136
chair 0 0 -10 525.37 270.78 730.00 520.48 0.0010036
table 0 0 -10 194.86 124.55 249.31 180.47 0.0009820
table 0 0 -10 57.00 88.88 148.98 141.10 0.0009753
bed 0 0 -10 424.27 119.69 707.81 400.68 0.0009652
sofa 0 0 -10 35.12 92.68 267.17 314.70 0.0009571
bed 0 0 -10 4.96 3.28 272.52 117.42 0.0009334
night_stand 0 0 -10 194.38 121.94 251.85 180.81 0.0008859
sofa 0 0 -10 1.31 194.08 48.97 252.07 0.0008724
table 0 0 -10 97.41 207.88 644.91 499.53 0.0008489
chair 0 0 -10 2.72 188.20 69.01 335.73 0.0008364
bed 0 0 -10 587.77 150.17 727.71 363.70 0.0008248
bed 0 0 -10 60.33 189.34 362.51 468.33 0.0008097
table 0 0 -10 48.45 178.42 128.22 282.85 0.0007970
chair 0 0 -10 173.18 88.41 279.01 161.48 0.0007863
table 0 0 -10 49.06 208.81 109.30 275.25 0.0007774
table 0 0 -10 0.00 171.54 43.87 469.42 0.0007572
table 0 0 -10 196.51 97.12 262.35 153.72 0.0007545
bookshelf 0 0 -10 179.64 0.00 537.29 291.78 0.0007519
table 0 0 -10 173.27 106.65 187.23 154.81 0.0007046
desk 0 0 -10 0.38 182.29 37.85 326.81 0.0007029
