sofa 0 0 -10 0.37 181.61 535.43 530.00 0.9953302
table 0 0 -10 418.16 371.15 716.26 530.00 0.8174471
bookshelf 0 0 -10 104.72 0.00 701.79 265.61 0.1978669
bookshelf 0 0 -10 111.88 1.54 729.86 126.63 0.0972249
desk 0 0 -10 414.07 274.92 730.00 523.91 0.0813562
bookshelf 0 0 -10 388.47 0.00 711.07 323.49 0.0487753
table 0 0 -10 1.93 279.69 113.96 391.07 0.0224939
table 0 0 -10 193.84 145.85 274.61 197.70 0.0166847
bookshelf 0 0 -10 98.20 8.43 501.38 207.13 0.0149833
bed 0 0 -10 4.07 219.95 517.80 526.80 0.0148425
table 0 0 -10 407.23 260.19 730.00 516.00 0.0130722
table 0 0 -10 372.89 344.97 569.93 530.00 0.0123995
bookshelf 0 0 -10 118.88 0.00 299.45 196.58 0.0122772
bookshelf 0 0 -10 107.07 0.00 205.17 97.10 0.0115717
bookshelf 0 0 -10 399.57 0.00 719.90 108.07 0.0110185
table 0 0 -10 507.36 392.03 578.67 450.23 0.0097315
sofa 0 0 -10 9.74 167.71 201.60 395.93 0.0088949
table 0 0 -10 485.15 233.06 600.98 440.62 0.0082576
bookshelf 0 0 -10 303.32 18.09 696.64 481.86 0.0079981
bookshelf 0 0 -10 132.22 2.20 312.08 90.29 0.0074233
table 0 0 -10 429.18 185.07 651.64 405.07 0.0073257
bookshelf 0 0 -10 283.19 0.00 639.59 215.68 0.0068218
chair 0 0 -10 19.18 214.48 498.08 526.01 0.0066672
dresser 0 0 -10 680.53 136.17 729.26 245.10 0.0055702
bed 0 0 -10 0.78 178.41 93.40 469.16 0.0051634
chair 0 0 -10 408.48 154.06 611.45 348.21 0.0046745
chair 0 0 -10 134.39 428.25 605.81 525.70 0.0039040
table 0 0 -10 0.00 275.61 48.66 396.95 0.0038414
table 0 0 -10 0.00 230.35 583.30 530.00 0.0037625
table 0 0 -10 0.00 258.25 88.54 450.69 0.0037341
sofa 0 0 -10 413.25 261.86 730.00 519.83 0.0034570
chair 0 0 -10 465.08 322.82 718.94 509.83 0.0033286
chair 0 0 -10 0.00 268.13 50.66 400.02 0.0032126
table 0 0 -10 177.12 144.61 236.95 193.70 0.0032040
desk 0 0 -10 247.06 114.78 717.76 496.97 0.0031824
night_stand 0 0 -10 681.26 137.06 729.47 247.32 0.0031297
desk 0 0 -10 443.32 205.37 705.64 432.23 0.0031079
chair 0 0 -10 669.92 135.11 728.32 238.43 0.0030135
chair 0 0 -10 430.10 154.30 541.62 287.14 0.0029519
bookshelf 0 0 -10 29.84 27.09 633.95 455.42 0.0028011
bed 0 0 -10 2.45 225.04 52.57 455.73 0.0027908
chair 0 0 -10 0.00 238.44 60.97 461.29 0.0021641
table 0 0 -10 417.18 174.82 503.23 276.52 0.0021610
chair 0 0 -10 187.80 141.70 277.02 197.59 0.0020744
table 0 0 -10 462.89 364.08 643.37 461.53 0.0020487
table 0 0 -10 405.21 202.54 598.91 348.49 0.0019947
table 0 0 -10 544.16 355.39 722.39 518.50 0.0019805
bed 0 0 -10 0.00 90.26 660.63 491.02 0.0019651
sofa 0 0 -10 301.21 189.52 586.23 529.43 0.0019544
chair 0 0 -10 462.55 419.63 730.00 527.07 0.0019529
night_stand 0 0 -10 422.06 367.06 730.00 530.00 0.0018359
desk 0 0 -10 436.88 387.49 718.72 530.00 0.0018319
chair 0 0 -10 365.15 372.51 706.08 530.00 0.0018067
table 0 0 -10 0.00 290.17 37.57 459.12 0.0017862
bed 0 0 -10 43.26 5.14 701.36 255.26 0.0016949
bathtub 0 0 -10 161.60 144.55 225.31 185.94 0.0016605
desk 0 0 -10 103.04 8.34 730.00 322.49 0.0016334
sofa 0 0 -10 21.75 168.77 459.35 359.89 0.0015994
table 0 0 -10 78.05 5.51 702.73 253.92 0.0015249
bed 0 0 -10 678.55 134.45 729.83 274.10 0.0015168
dresser 0 0 -10 74.47 14.08 717.38 247.05 0.0014133
table 0 0 -10 419.53 158.99 485.45 236.36 0.0013738
dresser 0 0 -10 666.64 133.61 729.33 304.51 0.0013557
chair 0 0 -10 176.44 142.61 238.52 195.25 0.0013303
table 0 0 -10 678.74 294.34 728.15 522.21 0.0013034
bookshelf 0 0 -10 596.69 1.94 728.91 345.33 0.0012775
table 0 0 -10 652.10 228.01 726.21 326.96 0.0012320
chair 0 0 -10 488.25 245.08 720.37 463.64 0.0012239
chair 0 0 -10 431.39 149.02 510.29 243.91 0.0012055
desk 0 0 -10 8.95 223.01 459.45 525.97 0.0011998
table 0 0 -10 640.83 207.64 727.46 500.18 0.0011668
bookshelf 0 0 -10 659.73 0.00 728.76 330.73 0.0011623
chair 0 0 -10 392.86 200.61 716.16 513.77 0.0011580
chair 0 0 -10 196.33 160.31 219.23 187.13 0.0011463
chair 0 0 -10 642.22 189.96 730.00 489.42 0.0011377
bed 0 0 -10 43.85 343.86 361.14 529.25 0.0011256
dresser 0 0 -10 304.01 10.37 710.82 353.85 0.0011111
table 0 0 -10 624.54 323.30 727.21 473.41 0.0011069
sofa 0 0 -10 264.18 125.81 709.93 457.40 0.0010905
bookshelf 0 0 -10 436.52 66.73 654.86 378.60 0.0010445
sofa 0 0 -10 672.48 133.72 727.94 247.87 0.0010256
desk 0 0 -10 424.61 155.59 682.17 357.36 0.0010149
chair 0 0 -10 240.58 419.72 389.45 527.94 0.0009720
dresser 0 0 -10 409.85 256.49 730.00 517.23 0.0009589
bed 0 0 -10 0.16 264.21 87.62 412.66 0.0009357
table 0 0 -10 395.76 197.95 511.77 326.04 0.0009245
table 0 0 -10 184.60 153.99 388.53 209.66 0.0008823
table 0 0 -10 670.37 134.45 727.26 249.98 0.0008677
chair 0 0 -10 5.90 231.55 33.74 449.49 0.0008589
desk 0 0 -10 670.30 130.96 728.97 250.18 0.0008145
sofa 0 0 -10 1.97 192.74 121.05 392.98 0.0007911
table 0 0 -10 248.77 134.57 703.89 507.23 0.0007646
chair 0 0 -10 676.71 5.76 726.34 215.50 0.0007585
chair 0 0 -10 193.08 0.91 317.39 73.55 0.0007508
bed 0 0 -10 428.91 354.49 730.00 530.00 0.0007417
desk 0 0 -10 184.74 142.08 281.06 198.16 0.0007392
bookshelf 0 0 -10 674.42 130.74 729.50 319.29 0.0007321
table 0 0 -10 135.45 2.22 704.16 105.42 0.0007134
table 0 0 -10 500.10 316.25 597.99 452.08 0.0007076
chair 0 0 -10 641.16 123.30 725.53 258.88 0.0006793
