sofa 0 0 -10 3.37 167.63 272.32 484.71 0.5449936
chair 0 0 -10 2.94 181.77 273.42 499.75 0.4902246
table 0 0 -10 220.58 253.29 316.35 397.85 0.3113579
bed 0 0 -10 264.91 213.42 683.09 488.30 0.1010257
table 0 0 -10 678.41 260.36 728.55 390.68 0.0243246
table 0 0 -10 223.01 255.44 298.89 328.95 0.0229648
table 0 0 -10 618.50 205.21 728.32 424.90 0.0220998
sofa 0 0 -10 75.81 188.89 656.31 520.54 0.0169288
chair 0 0 -10 2.99 159.19 128.43 479.06 0.0151181
bed 0 0 -10 604.97 175.90 730.00 422.55 0.0133273
chair 0 0 -10 225.81 273.24 285.74 421.60 0.0122785
bed 0 0 -10 75.52 76.99 692.64 507.17 0.0103098
sofa 0 0 -10 215.03 264.50 312.17 401.78 0.0080894
chair 0 0 -10 361.58 218.26 681.98 465.08 0.0079906
chair 0 0 -10 2.90 223.23 60.27 483.73 0.0076654
table 0 0 -10 187.35 246.10 367.06 420.94 0.0074170
bed 0 0 -10 8.86 179.75 302.33 504.28 0.0069507
dresser 0 0 -10 627.88 208.36 728.33 391.98 0.0055143
table 0 0 -10 222.71 251.37 309.99 282.84 0.0054978
desk 0 0 -10 222.02 249.59 316.08 402.87 0.0052790
table 0 0 -10 259.79 266.14 672.39 464.04 0.0049464
table 0 0 -10 309.24 283.58 348.84 411.56 0.0046580
table 0 0 -10 187.95 262.38 289.88 411.35 0.0042714
table 0 0 -10 264.96 266.07 334.90 419.09 0.0042205
chair 0 0 -10 661.83 228.07 726.75 406.52 0.0040763
desk 0 0 -10 677.89 235.50 730.00 383.51 0.0039952
table 0 0 -10 300.16 260.49 334.62 429.67 0.0037217
sofa 0 0 -10 297.06 227.41 681.39 486.62 0.0032712
table 0 0 -10 226.59 257.05 297.05 271.44 0.0032346
chair 0 0 -10 683.29 265.33 729.68 366.64 0.0029683
chair 0 0 -10 168.40 262.86 278.91 422.71 0.0029069
sofa 0 0 -10 166.34 265.44 281.56 424.39 0.0027544
table 0 0 -10 230.05 271.21 276.09 349.18 0.0026275
chair 0 0 -10 299.48 216.92 345.10 425.42 0.0026011
chair 0 0 -10 591.79 194.18 719.08 445.58 0.0025993
table 0 0 -10 235.51 276.54 279.33 407.18 0.0025741
table 0 0 -10 6.45 198.50 260.07 490.30 0.0024120
bookshelf 0 0 -10 630.28 198.73 727.51 390.52 0.0022194
table 0 0 -10 1.61 271.83 110.09 526.23 0.0021825
bookshelf 0 0 -10 246.18 0.00 698.00 450.05 0.0021523
chair 0 0 -10 1.57 211.22 53.38 358.29 0.0021043
dresser 0 0 -10 677.41 233.27 730.00 380.50 0.0020889
chair 0 0 -10 447.96 234.01 568.14 405.08 0.0019923
bed 0 0 -10 486.65 206.59 686.95 448.11 0.0019719
bed 0 0 -10 1.63 344.01 27.06 469.84 0.0019247
table 0 0 -10 195.68 235.78 563.83 412.46 0.0018598
chair 0 0 -10 218.47 271.09 270.22 364.55 0.0018122
table 0 0 -10 272.96 255.40 308.06 401.02 0.0016580
table 0 0 -10 292.49 263.60 322.95 404.73 0.0016028
table 0 0 -10 241.10 272.54 305.74 368.52 0.0015658
table 0 0 -10 108.96 206.43 652.71 517.93 0.0015404
desk 0 0 -10 648.10 197.80 724.14 404.00 0.0015351
bookshelf 0 0 -10 342.27 188.93 679.85 435.63 0.0015104
table 0 0 -10 294.13 292.25 344.33 370.91 0.0014376
table 0 0 -10 691.07 274.29 729.05 357.05 0.0014308
chair 0 0 -10 688.01 162.85 729.24 388.89 0.0013329
chair 0 0 -10 2.37 131.02 77.50 416.09 0.0013206
table 0 0 -10 224.73 295.15 391.01 403.40 0.0012689
sofa 0 0 -10 616.18 196.19 729.08 408.88 0.0012513
table 0 0 -10 303.02 300.90 367.02 432.23 0.0011807
bed 0 0 -10 677.38 227.18 729.96 387.19 0.0011418
desk 0 0 -10 1.87 192.13 261.27 486.75 0.0011286
bookshelf 0 0 -10 6.09 155.77 264.58 483.93 0.0011029
chair 0 0 -10 312.82 256.83 336.90 406.65 0.0010981
bed 0 0 -10 9.52 128.63 20.56 475.13 0.0010911
sofa 0 0 -10 8.64 177.76 147.58 496.10 0.0010630
table 0 0 -10 1.86 166.17 83.25 477.89 0.0010610
bookshelf 0 0 -10 3.25 112.83 82.22 464.98 0.0010546
bookshelf 0 0 -10 678.72 222.64 730.00 382.23 0.0010508
table 0 0 -10 200.95 270.71 262.66 334.80 0.0009743
night_stand 0 0 -10 228.41 270.00 292.77 420.22 0.0009472
chair 0 0 -10 292.62 254.20 336.69 332.28 0.0008862
bed 0 0 -10 0.72 157.07 86.68 480.49 0.0008708
toilet 0 0 -10 2.52 181.81 257.98 501.09 0.0008639
table 0 0 -10 1.14 350.49 34.91 461.11 0.0008515
bed 0 0 -10 0.00 112.69 31.42 469.22 0.0008401
chair 0 0 -10 296.95 247.78 330.77 381.79 0.0008139
dresser 0 0 -10 2.81 156.28 83.70 469.62 0.0008031
table 0 0 -10 677.10 200.76 713.01 441.34 0.0008021
bed 0 0 -10 364.96 8.55 721.56 416.37 0.0007485
bed 0 0 -10 196.30 308.92 712.63 530.00 0.0007470
night_stand 0 0 -10 631.58 219.47 727.77 390.03 0.0007430
desk 0 0 -10 195.55 229.02 356.47 409.73 0.0007406
dresser 0 0 -10 2.21 171.06 267.32 488.83 0.0007398
sofa 0 0 -10 82.85 206.43 337.25 416.38 0.0007272
table 0 0 -10 702.16 232.05 729.44 402.02 0.0007178
table 0 0 -10 0.45 222.05 33.24 489.91 0.0007075
bed 0 0 -10 361.42 286.04 673.26 374.77 0.0006772
table 0 0 -10 2.99 283.59 54.21 517.01 0.0006753
chair 0 0 -10 197.97 273.06 307.62 398.26 0.0006574
dresser 0 0 -10 615.88 93.44 730.00 418.91 0.0006161
desk 0 0 -10 3.56 257.32 48.20 500.91 0.0006084
bed 0 0 -10 681.53 33.32 726.83 388.65 0.0005771
bed 0 0 -10 219.81 258.00 305.94 403.58 0.0005729
table 0 0 -10 281.92 306.31 335.30 384.94 0.0005591
sofa 0 0 -10 237.58 275.73 277.45 412.97 0.0005567
night_stand 0 0 -10 1.94 353.92 35.74 456.36 0.0005551
night_stand 0 0 -10 6.68 194.13 263.68 499.11 0.0005542
sofa 0 0 -10 208.36 303.64 711.57 530.00 0.0005529
bed 0 0 -10 152.72 225.39 422.30 404.31 0.0005504
