chair 0 0 -10 66.80 206.92 235.95 412.92 0.9909287
chair 0 0 -10 335.92 216.23 497.69 505.81 0.9877920
table 0 0 -10 148.38 186.31 450.09 432.89 0.9739654
chair 0 0 -10 46.50 195.52 125.04 337.12 0.9275855
chair 0 0 -10 173.85 149.99 253.43 268.22 0.8752382
chair 0 0 -10 46.68 189.99 183.39 362.54 0.5455402
chair 0 0 -10 266.22 150.36 345.34 295.16 0.3123900
chair 0 0 -10 271.18 153.90 432.70 308.84 0.2257089
chair 0 0 -10 670.60 120.00 728.51 216.64 0.2161630
chair 0 0 -10 183.52 150.07 305.69 287.22 0.2034994
chair 0 0 -10 174.63 153.38 249.40 194.23 0.1834168
table 0 0 -10 671.34 138.37 727.92 224.15 0.1195559
chair 0 0 -10 104.92 170.26 280.10 382.81 0.1059843
table 0 0 -10 140.07 192.70 589.91 511.01 0.0869063
desk 0 0 -10 152.72 188.25 487.72 492.33 0.0703038
table 0 0 -10 157.17 175.92 446.41 302.99 0.0696180
chair 0 0 -10 136.83 150.45 224.82 274.16 0.0674928
table 0 0 -10 310.72 202.32 480.38 430.81 0.0674722
table 0 0 -10 272.00 194.76 452.50 318.61 0.0607208
chair 0 0 -10 164.07 145.49 237.49 231.94 0.0591413
table 0 0 -10 122.95 174.11 328.23 391.35 0.0533290
chair 0 0 -10 178.94 152.65 274.63 219.95 0.0441227
bed 0 0 -10 274.34 158.78 446.66 268.91 0.0349646
chair 0 0 -10 198.17 129.11 291.77 246.57 0.0343129
chair 0 0 -10 648.61 115.75 717.45 236.01 0.0275954
chair 0 0 -10 270.53 139.34 366.43 232.48 0.0207134
table 0 0 -10 149.34 176.87 324.56 281.76 0.0201203
chair 0 0 -10 247.39 138.19 326.96 223.97 0.0153977
chair 0 0 -10 102.03 186.47 227.33 308.25 0.0144640
chair 0 0 -10 317.55 179.31 461.48 342.80 0.0130255
chair 0 0 -10 60.78 189.40 203.47 280.32 0.0129856
chair 0 0 -10 45.68 193.68 107.33 282.42 0.0127619
desk 0 0 -10 138.53 191.72 353.16 421.63 0.0116374
table 0 0 -10 175.73 216.79 362.01 414.35 0.0104584
sofa 0 0 -10 157.70 161.41 403.33 271.30 0.0103368
table 0 0 -10 54.10 230.81 178.75 415.12 0.0093281
chair 0 0 -10 226.55 136.51 294.25 218.60 0.0077371
table 0 0 -10 173.18 165.61 403.22 248.53 0.0076108
table 0 0 -10 155.90 161.93 287.02 252.41 0.0074149
chair 0 0 -10 135.52 199.25 341.22 435.65 0.0067981
chair 0 0 -10 150.52 107.66 270.40 283.14 0.0065344
chair 0 0 -10 697.70 112.28 729.72 220.13 0.0063441
table 0 0 -10 675.56 156.36 725.52 190.60 0.0062841
table 0 0 -10 67.65 217.08 120.39 336.27 0.0058886
chair 0 0 -10 152.09 94.67 222.32 224.90 0.0056404
chair 0 0 -10 91.61 164.09 189.32 262.16 0.0055010
chair 0 0 -10 60.70 200.53 136.76 292.64 0.0052892
table 0 0 -10 323.84 281.88 494.92 520.99 0.0052671
chair 0 0 -10 241.98 184.90 482.52 467.90 0.0050531
desk 0 0 -10 496.74 100.42 664.06 177.07 0.0050120
dresser 0 0 -10 270.02 111.30 348.40 161.19 0.0049714
desk 0 0 -10 666.94 124.86 726.02 235.37 0.0049248
chair 0 0 -10 214.78 117.53 309.29 199.46 0.0045310
table 0 0 -10 14.69 233.52 141.93 347.90 0.0044651
desk 0 0 -10 159.14 175.24 341.11 329.26 0.0043431
chair 0 0 -10 168.55 135.37 236.09 188.06 0.0043105
table 0 0 -10 141.06 186.24 276.06 319.78 0.0042583
dresser 0 0 -10 229.46 114.63 337.81 175.89 0.0040463
chair 0 0 -10 22.92 194.28 141.19 404.10 0.0039028
desk 0 0 -10 338.73 221.15 486.74 476.42 0.0036777
chair 0 0 -10 278.47 150.16 440.16 230.71 0.0035665
chair 0 0 -10 238.57 148.85 251.93 210.86 0.0035198
bed 0 0 -10 281.34 174.74 448.61 224.29 0.0034110
chair 0 0 -10 246.18 133.82 311.53 182.32 0.0033434
table 0 0 -10 577.77 101.99 654.27 166.81 0.0029872
bed 0 0 -10 206.56 145.83 462.58 426.90 0.0027489
dresser 0 0 -10 263.55 83.35 363.30 175.99 0.0026736
bed 0 0 -10 158.42 163.99 403.25 275.74 0.0026529
desk 0 0 -10 160.62 89.73 249.35 185.48 0.0025908
sofa 0 0 -10 278.84 156.76 444.14 264.39 0.0024944
table 0 0 -10 33.45 198.16 266.80 427.46 0.0024690
chair 0 0 -10 440.89 0.00 496.63 58.54 0.0024554
table 0 0 -10 163.18 95.19 245.78 185.23 0.0024207
chair 0 0 -10 716.03 121.54 729.47 210.50 0.0023410
desk 0 0 -10 155.46 170.67 301.17 269.55 0.0023022
desk 0 0 -10 162.43 94.09 321.88 259.40 0.0022279
desk 0 0 -10 171.23 109.47 304.50 177.82 0.0022149
chair 0 0 -10 675.98 152.84 724.30 189.22 0.0022135
table 0 0 -10 43.90 212.85 102.43 349.98 0.0021658
chair 0 0 -10 264.57 153.26 281.18 222.57 0.0021593
table 0 0 -10 242.50 125.95 314.61 174.11 0.0021157
table 0 0 -10 280.00 168.59 446.79 266.62 0.0020995
bed 0 0 -10 259.69 105.22 348.30 173.48 0.0020800
sofa 0 0 -10 179.85 149.61 399.18 227.65 0.0020645
chair 0 0 -10 273.71 147.02 346.64 191.20 0.0020206
chair 0 0 -10 187.99 164.39 376.34 401.84 0.0020065
table 0 0 -10 293.86 180.65 446.18 224.72 0.0019760
chair 0 0 -10 698.59 366.88 729.24 523.83 0.0019709
chair 0 0 -10 191.19 149.12 288.11 184.07 0.0019589
table 0 0 -10 164.58 102.65 319.35 262.39 0.0019372
table 0 0 -10 631.59 464.36 727.34 530.00 0.0019108
table 0 0 -10 273.03 148.13 339.05 183.16 0.0018597
table 0 0 -10 201.39 187.26 318.44 319.11 0.0018505
chair 0 0 -10 670.89 118.37 718.87 166.96 0.0018327
dresser 0 0 -10 160.57 43.00 373.40 179.36 0.0018113
table 0 0 -10 488.12 242.99 725.10 517.45 0.0017971
desk 0 0 -10 37.33 225.19 229.57 433.29 0.0017774
table 0 0 -10 174.38 113.43 299.36 176.27 0.0017493
chair 0 0 -10 199.86 67.50 483.37 388.88 0.0016978
chair 0 0 -10 44.42 207.54 87.76 337.02 0.0016432
