bed 0 0 -10 19.30 103.90 537.20 488.60 0.9931695
dresser 0 0 -10 406.67 243.58 722.26 524.62 0.6867303
night_stand 0 0 -10 414.40 236.33 726.44 530.00 0.6277661
bed 0 0 -10 373.26 193.78 729.07 517.42 0.1507812
desk 0 0 -10 415.45 241.47 728.62 526.91 0.1132997
table 0 0 -10 428.26 237.11 728.72 530.00 0.1044283
bed 0 0 -10 382.96 106.93 647.28 263.47 0.0469872
night_stand 0 0 -10 590.27 193.65 655.71 250.37 0.0429892
table 0 0 -10 589.81 202.59 660.93 254.23 0.0392939
table 0 0 -10 26.38 148.15 499.89 511.55 0.0294473
table 0 0 -10 586.47 179.70 658.28 283.40 0.0272785
bed 0 0 -10 496.08 109.46 655.27 243.68 0.0270655
chair 0 0 -10 2.69 175.38 81.29 345.37 0.0234573
dresser 0 0 -10 532.89 109.04 636.26 196.93 0.0189112
chair 0 0 -10 509.73 101.57 666.30 333.24 0.0130846
sofa 0 0 -10 432.37 227.13 730.00 530.00 0.0130234
bed 0 0 -10 1.09 148.01 186.10 224.64 0.0127096
night_stand 0 0 -10 413.05 184.10 639.10 383.88 0.0115353
desk 0 0 -10 13.17 135.93 506.76 512.56 0.0108397
bed 0 0 -10 535.05 163.00 655.35 248.38 0.0105718
bed 0 0 -10 426.00 161.90 649.98 248.32 0.0102345
table 0 0 -10 686.34 260.80 727.04 518.14 0.0099696
table 0 0 -10 684.70 452.70 728.55 530.00 0.0098524
sofa 0 0 -10 24.06 119.54 496.77 512.39 0.0093665
bookshelf 0 0 -10 0.00 41.51 162.63 253.48 0.0090138
bed 0 0 -10 0.00 62.12 169.47 261.42 0.0077303
bed 0 0 -10 0.00 12.74 327.68 322.04 0.0076223
bed 0 0 -10 0.00 147.02 151.37 365.71 0.0072230
night_stand 0 0 -10 585.74 180.52 660.32 285.56 0.0067843
desk 0 0 -10 157.95 199.36 683.27 530.00 0.0063353
chair 0 0 -10 398.22 224.09 714.18 530.00 0.0063022
toilet 0 0 -10 678.20 445.61 730.00 529.45 0.0056440
table 0 0 -10 187.38 209.75 668.49 530.00 0.0054272
bed 0 0 -10 140.41 136.60 551.69 364.78 0.0052750
night_stand 0 0 -10 409.85 224.54 559.00 371.92 0.0049794
bed 0 0 -10 197.36 50.95 687.09 434.66 0.0048498
table 0 0 -10 594.58 190.06 657.52 235.41 0.0048006
toilet 0 0 -10 395.34 231.94 727.32 530.00 0.0047090
table 0 0 -10 3.59 185.84 58.48 337.79 0.0046676
toilet 0 0 -10 669.30 312.57 730.00 530.00 0.0045203
bed 0 0 -10 554.89 175.94 649.34 228.00 0.0041983
bed 0 0 -10 31.75 116.57 450.95 319.84 0.0041230
bed 0 0 -10 164.08 184.23 666.69 530.00 0.0037695
chair 0 0 -10 563.85 144.63 657.40 327.66 0.0036725
night_stand 0 0 -10 40.37 157.16 495.88 512.99 0.0034618
dresser 0 0 -10 16.51 138.10 488.53 513.71 0.0033963
bathtub 0 0 -10 680.41 445.49 730.00 528.03 0.0032890
dresser 0 0 -10 155.10 5.80 302.06 181.00 0.0032625
table 0 0 -10 595.94 188.89 722.00 262.29 0.0031414
dresser 0 0 -10 0.00 23.45 170.26 269.62 0.0030206
bookshelf 0 0 -10 409.87 232.06 721.46 529.23 0.0030152
chair 0 0 -10 4.82 156.18 130.36 366.50 0.0028186
table 0 0 -10 704.01 299.95 729.11 494.01 0.0027993
bed 0 0 -10 522.51 172.76 635.14 212.50 0.0027672
bed 0 0 -10 61.83 126.66 321.45 266.10 0.0027647
bathtub 0 0 -10 355.42 242.85 730.00 524.17 0.0026974
toilet 0 0 -10 642.26 409.53 729.15 528.95 0.0026924
night_stand 0 0 -10 19.91 209.31 60.79 336.72 0.0026475
bed 0 0 -10 324.17 100.74 588.03 396.10 0.0025882
bed 0 0 -10 579.61 175.23 658.94 263.51 0.0025752
dresser 0 0 -10 482.91 96.54 649.73 237.58 0.0025348
sofa 0 0 -10 462.74 108.78 648.10 245.98 0.0025329
dresser 0 0 -10 555.03 200.06 725.13 418.52 0.0024347
chair 0 0 -10 522.70 100.03 640.52 186.17 0.0024317
bed 0 0 -10 15.07 141.72 250.89 248.38 0.0023970
dresser 0 0 -10 458.15 146.07 662.07 376.03 0.0023115
bed 0 0 -10 0.09 91.61 292.58 467.12 0.0022798
dresser 0 0 -10 463.22 45.85 725.68 413.54 0.0021119
table 0 0 -10 558.02 193.34 657.09 319.15 0.0020435
desk 0 0 -10 591.26 186.37 655.90 255.51 0.0018568
table 0 0 -10 659.39 244.27 727.08 459.97 0.0018385
chair 0 0 -10 16.99 199.96 62.33 339.84 0.0018255
bed 0 0 -10 398.16 127.44 702.79 330.20 0.0017462
dresser 0 0 -10 1.10 152.49 141.18 362.95 0.0014915
table 0 0 -10 642.08 448.86 728.89 530.00 0.0014774
bed 0 0 -10 209.40 135.60 489.74 268.49 0.0014626
bed 0 0 -10 547.47 174.59 658.16 300.93 0.0013964
dresser 0 0 -10 422.53 105.35 637.82 310.89 0.0013850
sofa 0 0 -10 534.41 108.28 637.79 183.83 0.0013727
dresser 0 0 -10 589.52 191.60 655.33 251.09 0.0013708
table 0 0 -10 0.00 161.73 143.67 366.19 0.0013236
bookshelf 0 0 -10 15.60 61.98 140.89 166.61 0.0012859
night_stand 0 0 -10 554.90 202.81 730.00 422.97 0.0012780
bed 0 0 -10 539.63 80.86 726.04 316.40 0.0012758
table 0 0 -10 359.51 340.68 688.78 530.00 0.0012748
night_stand 0 0 -10 1.47 181.41 71.81 325.21 0.0012343
table 0 0 -10 620.21 188.07 653.94 295.07 0.0011875
bed 0 0 -10 39.54 20.49 275.64 227.01 0.0011534
chair 0 0 -10 694.30 244.52 729.54 473.24 0.0011490
chair 0 0 -10 673.25 449.16 730.00 529.50 0.0011434
bed 0 0 -10 335.64 45.99 605.09 245.33 0.0011400
chair 0 0 -10 24.62 196.55 336.98 510.29 0.0011197
dresser 0 0 -10 3.50 134.88 148.61 270.17 0.0011039
table 0 0 -10 660.34 344.72 725.45 530.00 0.0010753
table 0 0 -10 9.19 215.62 101.48 376.07 0.0010427
dresser 0 0 -10 2.25 183.46 60.34 332.92 0.0010245
table 0 0 -10 14.87 192.95 266.26 510.71 0.0010191
chair 0 0 -10 437.26 89.02 637.52 312.19 0.0010061
table 0 0 -10 455.93 215.53 712.27 369.06 0.0009987
night_stand 0 0 -10 355.87 299.15 424.43 355.22 0.0009798
