sofa 0 0 -10 93.91 196.19 505.72 435.90 0.9851167
bed 0 0 -10 139.14 115.37 503.85 271.18 0.9441683
bed 0 0 -10 151.20 162.11 499.77 237.80 0.3344293
night_stand 0 0 -10 453.93 195.73 497.78 222.22 0.2707933
night_stand 0 0 -10 424.44 197.44 497.03 250.92 0.1337289
chair 0 0 -10 691.26 208.10 728.55 452.04 0.0990701
night_stand 0 0 -10 441.07 193.55 502.48 236.04 0.0935504
bed 0 0 -10 328.98 137.19 512.12 321.97 0.0705227
table 0 0 -10 127.51 179.22 232.50 244.32 0.0649616
bed 0 0 -10 82.72 154.46 515.34 436.84 0.0649109
chair 0 0 -10 703.86 266.11 727.12 439.33 0.0566174
night_stand 0 0 -10 438.63 182.93 496.60 222.60 0.0546310
table 0 0 -10 112.20 191.84 183.92 245.83 0.0311228
table 0 0 -10 100.43 184.94 191.22 281.54 0.0307402
sofa 0 0 -10 124.87 125.35 497.56 286.71 0.0296979
table 0 0 -10 689.39 201.32 728.22 453.45 0.0261765
table 0 0 -10 150.14 174.45 284.77 258.24 0.0245040
bed 0 0 -10 378.08 157.01 482.44 308.63 0.0196203
table 0 0 -10 127.18 174.53 205.28 223.62 0.0170016
chair 0 0 -10 690.83 287.18 727.73 380.32 0.0167044
night_stand 0 0 -10 405.77 197.07 500.36 299.38 0.0159114
night_stand 0 0 -10 443.90 203.60 505.69 265.50 0.0141994
sofa 0 0 -10 143.54 169.34 503.26 254.86 0.0138516
night_stand 0 0 -10 447.16 190.19 484.98 216.09 0.0134816
table 0 0 -10 0.00 217.55 40.37 426.56 0.0123806
table 0 0 -10 149.12 164.61 233.99 220.35 0.0111871
night_stand 0 0 -10 111.86 192.10 184.61 247.48 0.0108561
table 0 0 -10 699.13 281.86 727.74 432.91 0.0106249
table 0 0 -10 163.50 149.37 370.48 281.81 0.0098755
night_stand 0 0 -10 393.03 190.99 495.25 238.36 0.0091943
bed 0 0 -10 412.21 190.61 506.54 273.07 0.0090024
chair 0 0 -10 671.88 183.08 729.38 375.78 0.0087064
table 0 0 -10 90.70 204.31 165.77 263.11 0.0079940
sofa 0 0 -10 21.14 250.22 582.87 525.48 0.0077098
sofa 0 0 -10 688.83 229.54 729.37 485.13 0.0076135
bookshelf 0 0 -10 638.59 28.82 726.97 294.56 0.0068884
chair 0 0 -10 668.82 273.69 729.18 445.99 0.0068408
table 0 0 -10 74.29 248.44 502.37 498.11 0.0067971
table 0 0 -10 89.72 164.83 238.57 300.16 0.0063551
sofa 0 0 -10 275.86 192.52 533.86 350.95 0.0062834
bed 0 0 -10 383.41 188.44 499.51 240.33 0.0062118
table 0 0 -10 444.66 193.23 493.59 221.56 0.0059184
table 0 0 -10 70.41 223.47 177.82 328.54 0.0058485
table 0 0 -10 156.80 168.11 342.55 234.45 0.0053085
chair 0 0 -10 705.42 176.11 727.15 398.31 0.0050457
table 0 0 -10 422.68 198.02 504.01 279.09 0.0045109
chair 0 0 -10 683.71 324.87 727.85 393.31 0.0043250
sofa 0 0 -10 86.80 189.81 293.52 383.65 0.0041838
table 0 0 -10 110.91 158.75 204.52 247.20 0.0040071
bookshelf 0 0 -10 671.14 81.07 724.26 316.47 0.0038861
table 0 0 -10 116.91 203.39 153.97 246.03 0.0037885
chair 0 0 -10 661.93 89.55 730.00 438.39 0.0034853
dresser 0 0 -10 616.88 10.10 729.50 319.22 0.0034667
bed 0 0 -10 164.62 85.08 471.99 217.56 0.0034193
bed 0 0 -10 234.12 179.40 509.90 396.17 0.0034192
table 0 0 -10 2.57 203.99 30.53 374.20 0.0033232
desk 0 0 -10 690.34 197.64 728.62 453.12 0.0033134
chair 0 0 -10 0.44 138.25 39.88 441.14 0.0032128
bed 0 0 -10 240.25 189.92 493.44 276.83 0.0031853
table 0 0 -10 433.54 198.59 498.60 247.17 0.0031159
table 0 0 -10 1.17 280.43 38.81 511.61 0.0029193
night_stand 0 0 -10 117.14 203.76 156.46 246.91 0.0028480
chair 0 0 -10 710.91 253.90 727.74 373.38 0.0026405
bed 0 0 -10 276.27 100.66 588.88 294.47 0.0026169
table 0 0 -10 2.23 183.34 60.28 390.70 0.0025595
toilet 0 0 -10 687.03 231.99 729.87 493.19 0.0025061
table 0 0 -10 155.67 156.71 219.27 202.07 0.0024613
bed 0 0 -10 695.83 173.62 729.23 456.80 0.0023908
table 0 0 -10 82.06 382.48 506.78 529.90 0.0023771
table 0 0 -10 113.43 173.62 515.04 388.97 0.0023421
chair 0 0 -10 660.46 310.45 730.00 516.57 0.0022335
bookshelf 0 0 -10 691.17 89.19 726.53 391.25 0.0021186
table 0 0 -10 154.75 174.56 453.56 257.21 0.0020800
table 0 0 -10 7.73 213.13 42.13 348.65 0.0020458
sofa 0 0 -10 0.55 214.43 40.39 425.36 0.0020351
night_stand 0 0 -10 0.20 221.41 41.66 422.20 0.0020029
chair 0 0 -10 712.11 326.21 728.40 437.14 0.0019896
table 0 0 -10 121.81 177.50 311.21 342.18 0.0019322
bed 0 0 -10 612.69 0.90 729.84 337.77 0.0019072
sofa 0 0 -10 313.73 207.25 463.23 259.92 0.0018765
table 0 0 -10 710.43 267.74 728.92 474.02 0.0018709
table 0 0 -10 160.33 168.93 283.48 214.98 0.0018586
bed 0 0 -10 382.17 157.69 502.48 231.06 0.0018057
chair 0 0 -10 698.04 303.32 729.50 490.96 0.0018015
chair 0 0 -10 716.11 277.81 729.54 452.18 0.0017782
night_stand 0 0 -10 342.74 190.53 484.06 282.95 0.0017347
table 0 0 -10 676.16 276.34 729.84 516.56 0.0016431
dresser 0 0 -10 674.24 18.85 727.41 379.93 0.0016357
chair 0 0 -10 106.87 186.55 207.53 248.73 0.0016310
bathtub 0 0 -10 686.49 234.12 730.00 496.49 0.0016257
night_stand 0 0 -10 440.07 198.60 479.18 233.23 0.0015977
table 0 0 -10 3.73 169.26 20.50 432.66 0.0015530
sofa 0 0 -10 382.35 189.99 504.81 335.18 0.0015215
sofa 0 0 -10 700.58 280.76 728.67 434.67 0.0015092
dresser 0 0 -10 696.41 180.06 729.10 450.48 0.0015034
chair 0 0 -10 98.94 188.97 465.12 412.68 0.0014986
bed 0 0 -10 415.98 186.47 497.80 226.02 0.0014636
sofa 0 0 -10 337.48 144.30 513.98 321.45 0.0014254
sofa 0 0 -10 230.12 193.64 473.01 278.45 0.0014047
table 0 0 -10 697.53 325.67 726.97 392.31 0.0013831
