bathtub 0 0 -10 82.55 204.59 479.68 427.75 0.5211112
dresser 0 0 -10 353.67 210.91 718.19 530.00 0.1624132
desk 0 0 -10 350.92 208.93 726.16 530.00 0.1001606
bathtub 0 0 -10 327.03 221.36 709.96 530.00 0.0753274
chair 0 0 -10 447.95 152.03 534.45 307.69 0.0740786
table 0 0 -10 349.72 220.76 719.79 530.00 0.0227882
bed 0 0 -10 356.19 122.29 727.48 530.00 0.0209083
bathtub 0 0 -10 157.46 221.60 470.08 329.26 0.0185287
bathtub 0 0 -10 32.07 272.22 436.14 526.72 0.0181468
dresser 0 0 -10 620.27 80.49 724.81 518.38 0.0137969
chair 0 0 -10 448.99 158.78 517.62 254.46 0.0126904
bathtub 0 0 -10 250.47 213.04 567.87 347.90 0.0126637
chair 0 0 -10 433.78 119.69 724.17 514.93 0.0106304
table 0 0 -10 85.10 186.99 481.34 427.34 0.0099669
chair 0 0 -10 598.36 101.88 730.00 463.42 0.0095714
table 0 0 -10 442.18 181.56 512.71 256.83 0.0094644
desk 0 0 -10 54.97 197.11 512.09 527.22 0.0094024
toilet 0 0 -10 77.23 184.23 489.12 527.45 0.0085699
dresser 0 0 -10 314.26 89.62 380.52 219.72 0.0075139
dresser 0 0 -10 79.27 235.54 568.57 526.79 0.0073901
night_stand 0 0 -10 362.93 245.02 718.28 529.37 0.0069337
dresser 0 0 -10 701.64 115.39 729.54 525.30 0.0056308
chair 0 0 -10 298.01 81.38 384.65 236.44 0.0055475
toilet 0 0 -10 342.90 210.44 688.75 530.00 0.0050493
bookshelf 0 0 -10 361.73 14.14 726.40 529.74 0.0048323
chair 0 0 -10 461.49 165.10 576.95 332.11 0.0046107
desk 0 0 -10 640.84 144.98 724.32 517.06 0.0040624
bathtub 0 0 -10 193.46 188.53 535.25 308.24 0.0038523
chair 0 0 -10 470.49 168.49 542.63 269.17 0.0038459
bathtub 0 0 -10 298.61 232.30 586.15 457.28 0.0038183
bathtub 0 0 -10 166.92 229.51 521.83 516.52 0.0035782
table 0 0 -10 186.71 198.25 619.53 530.00 0.0032612
bathtub 0 0 -10 8.85 194.46 335.42 486.80 0.0031056
chair 0 0 -10 58.38 1.93 151.21 58.70 0.0028630
dresser 0 0 -10 685.26 89.42 725.20 521.09 0.0027358
table 0 0 -10 462.00 181.95 542.44 273.93 0.0025600
chair 0 0 -10 396.24 167.41 539.33 260.08 0.0021856
chair 0 0 -10 447.14 151.09 487.31 268.04 0.0021740
table 0 0 -10 448.46 200.35 554.65 335.18 0.0020858
chair 0 0 -10 424.77 153.88 513.73 345.41 0.0020414
chair 0 0 -10 317.49 93.32 380.95 193.71 0.0020321
bathtub 0 0 -10 165.12 379.80 375.02 529.78 0.0019334
bathtub 0 0 -10 7.58 334.61 275.38 522.53 0.0019262
chair 0 0 -10 343.01 239.57 649.34 507.88 0.0019129
chair 0 0 -10 42.46 0.00 157.04 97.36 0.0019034
bookshelf 0 0 -10 315.32 84.91 379.80 221.82 0.0018618
bathtub 0 0 -10 332.33 186.29 643.34 323.96 0.0018445
bathtub 0 0 -10 115.30 166.40 658.57 476.23 0.0017506
dresser 0 0 -10 529.82 134.13 714.00 524.35 0.0016797
chair 0 0 -10 80.61 1.40 187.29 107.08 0.0015517
table 0 0 -10 430.89 171.16 526.35 313.97 0.0015443
table 0 0 -10 620.98 181.86 729.50 513.06 0.0014552
table 0 0 -10 40.72 242.25 443.10 530.00 0.0014123
chair 0 0 -10 534.20 163.92 730.00 353.17 0.0014121
dresser 0 0 -10 279.48 93.02 337.91 160.72 0.0013814
toilet 0 0 -10 262.94 235.99 566.86 530.00 0.0013592
bathtub 0 0 -10 161.68 477.35 430.46 530.00 0.0013126
bathtub 0 0 -10 307.25 109.05 382.85 226.32 0.0012883
bed 0 0 -10 66.12 186.77 504.74 527.61 0.0012326
toilet 0 0 -10 144.44 211.49 489.10 413.37 0.0012066
bathtub 0 0 -10 127.96 414.53 540.86 530.00 0.0012028
chair 0 0 -10 109.64 1.48 182.29 67.53 0.0012010
night_stand 0 0 -10 315.46 93.21 381.35 217.04 0.0011184
bathtub 0 0 -10 186.18 438.42 410.79 526.82 0.0011163
table 0 0 -10 446.27 161.40 486.43 272.89 0.0010913
chair 0 0 -10 664.35 92.23 728.75 498.96 0.0010835
desk 0 0 -10 240.00 225.25 574.09 530.00 0.0010765
chair 0 0 -10 277.55 90.34 340.38 158.29 0.0010387
table 0 0 -10 381.01 183.55 645.62 404.71 0.0009758
bookshelf 0 0 -10 622.39 70.67 724.62 530.00 0.0009108
table 0 0 -10 314.57 87.71 379.10 220.61 0.0008610
bathtub 0 0 -10 332.58 157.41 554.54 404.20 0.0008589
chair 0 0 -10 13.67 0.00 106.61 110.06 0.0008483
bookshelf 0 0 -10 446.93 153.07 501.79 254.92 0.0008392
chair 0 0 -10 431.42 145.78 633.23 364.88 0.0008359
desk 0 0 -10 313.42 88.21 380.93 219.45 0.0007934
table 0 0 -10 73.91 2.27 186.09 102.93 0.0007877
bathtub 0 0 -10 255.78 131.12 485.04 315.50 0.0007858
dresser 0 0 -10 303.20 277.64 604.41 530.00 0.0007728
sofa 0 0 -10 372.57 150.71 723.11 524.15 0.0007719
table 0 0 -10 114.57 219.03 466.32 344.95 0.0007178
chair 0 0 -10 286.33 56.83 380.15 179.26 0.0006920
table 0 0 -10 424.30 233.27 583.78 353.63 0.0006844
chair 0 0 -10 48.63 0.00 90.70 108.67 0.0006747
sofa 0 0 -10 448.93 153.10 521.58 265.59 0.0006610
bookshelf 0 0 -10 279.13 89.73 338.34 161.96 0.0006575
dresser 0 0 -10 296.63 90.14 338.74 219.41 0.0006546
chair 0 0 -10 505.74 226.84 726.04 419.29 0.0006456
chair 0 0 -10 274.53 83.78 427.26 262.40 0.0006386
chair 0 0 -10 700.22 107.80 730.00 515.36 0.0006214
desk 0 0 -10 6.39 184.80 293.79 525.74 0.0006045
chair 0 0 -10 426.22 170.98 494.53 253.07 0.0006028
table 0 0 -10 368.40 265.32 633.70 382.75 0.0005912
dresser 0 0 -10 85.83 191.02 481.04 424.53 0.0005880
table 0 0 -10 693.18 198.58 729.43 530.00 0.0005866
chair 0 0 -10 353.74 147.61 555.91 382.56 0.0005826
chair 0 0 -10 38.51 0.00 98.77 69.22 0.0005806
table 0 0 -10 454.61 188.97 499.19 219.01 0.0005770
table 0 0 -10 395.86 217.84 630.57 296.59 0.0005508
dresser 0 0 -10 449.22 155.03 520.51 269.38 0.0005382
