night_stand 0 0 -10 11.11 222.23 166.73 403.22 0.9820670
bed 0 0 -10 111.89 129.63 704.20 515.30 0.9721618
dresser 0 0 -10 606.65 43.96 729.49 266.75 0.1007322
table 0 0 -10 608.38 58.89 727.15 251.57 0.0800012
sofa 0 0 -10 119.55 132.41 723.43 528.73 0.0419395
dresser 0 0 -10 11.32 240.45 165.02 403.64 0.0409211
night_stand 0 0 -10 463.20 160.78 499.75 201.17 0.0308976
desk 0 0 -10 604.08 47.96 730.00 274.29 0.0305216
chair 0 0 -10 295.58 191.51 708.61 525.27 0.0238772
table 0 0 -10 1.21 263.96 77.37 514.55 0.0235067
table 0 0 -10 5.31 240.54 152.75 474.41 0.0198492
night_stand 0 0 -10 607.28 45.04 730.00 264.18 0.0160958
bed 0 0 -10 604.38 32.94 730.00 273.91 0.0134040
table 0 0 -10 0.20 270.64 46.83 476.56 0.0108932
night_stand 0 0 -10 0.32 272.04 78.61 510.20 0.0090778
table 0 0 -10 0.16 300.17 24.75 466.09 0.0083301
desk 0 0 -10 0.00 236.12 157.66 472.77 0.0078694
dresser 0 0 -10 484.91 3.88 650.28 213.31 0.0075543
night_stand 0 0 -10 390.92 189.22 472.03 263.62 0.0074135
chair 0 0 -10 600.04 34.50 729.16 300.57 0.0072443
night_stand 0 0 -10 2.76 215.96 95.71 423.65 0.0067765
night_stand 0 0 -10 428.00 163.76 497.32 201.82 0.0066514
night_stand 0 0 -10 1.45 141.01 44.29 243.37 0.0060512
chair 0 0 -10 575.69 156.92 730.00 450.56 0.0056575
table 0 0 -10 498.77 39.84 641.75 208.88 0.0055335
chair 0 0 -10 522.39 237.54 712.23 524.07 0.0055151
bed 0 0 -10 0.00 236.46 152.26 480.28 0.0054949
night_stand 0 0 -10 400.90 180.12 513.76 270.14 0.0053593
chair 0 0 -10 1.16 284.69 94.97 510.26 0.0053043
bathtub 0 0 -10 606.65 50.88 730.00 272.18 0.0050987
table 0 0 -10 155.96 122.50 720.17 526.02 0.0049632
night_stand 0 0 -10 9.65 189.18 71.69 250.91 0.0047794
sofa 0 0 -10 607.48 45.99 728.98 268.77 0.0042641
table 0 0 -10 694.40 276.22 728.61 505.72 0.0039837
chair 0 0 -10 635.65 261.36 728.02 520.11 0.0039473
bed 0 0 -10 350.34 50.84 726.05 502.89 0.0035688
chair 0 0 -10 610.98 13.42 722.62 193.84 0.0034853
table 0 0 -10 4.05 308.77 10.82 452.26 0.0034397
sofa 0 0 -10 1.10 302.94 77.03 528.68 0.0033632
dresser 0 0 -10 458.10 128.84 497.34 197.40 0.0032279
night_stand 0 0 -10 1.85 170.14 39.35 207.53 0.0029412
desk 0 0 -10 0.00 258.55 79.17 516.84 0.0026805
bookshelf 0 0 -10 605.80 39.02 724.88 320.71 0.0026698
bed 0 0 -10 100.99 141.51 517.20 415.04 0.0026587
night_stand 0 0 -10 90.91 205.76 175.14 358.35 0.0026157
night_stand 0 0 -10 10.64 176.97 32.87 198.26 0.0025118
table 0 0 -10 554.23 33.80 724.97 343.06 0.0023953
table 0 0 -10 5.90 212.71 99.45 426.72 0.0021733
table 0 0 -10 643.90 276.65 726.11 529.16 0.0021502
bed 0 0 -10 433.22 5.32 730.00 267.49 0.0020780
dresser 0 0 -10 461.43 158.99 499.79 200.27 0.0020648
bed 0 0 -10 10.18 156.42 285.09 421.89 0.0020556
toilet 0 0 -10 607.46 51.38 727.76 274.00 0.0020162
desk 0 0 -10 519.39 22.42 718.49 252.24 0.0019701
table 0 0 -10 0.63 171.21 34.47 414.18 0.0019612
chair 0 0 -10 1.72 250.73 145.84 426.57 0.0019472
sofa 0 0 -10 17.10 161.18 290.27 415.67 0.0018821
sofa 0 0 -10 116.18 139.72 514.14 403.35 0.0018602
chair 0 0 -10 1.08 289.53 54.97 470.81 0.0018086
chair 0 0 -10 476.44 6.13 653.16 221.08 0.0017955
table 0 0 -10 10.03 176.00 28.61 198.76 0.0017862
dresser 0 0 -10 1.26 262.55 77.00 510.99 0.0017325
sofa 0 0 -10 4.13 247.47 149.17 474.27 0.0016968
table 0 0 -10 3.99 327.37 58.63 436.20 0.0016668
table 0 0 -10 603.60 14.62 724.74 166.95 0.0016547
chair 0 0 -10 676.53 280.07 730.00 511.95 0.0016526
desk 0 0 -10 107.56 148.36 723.01 528.97 0.0016305
table 0 0 -10 499.64 79.66 714.70 229.23 0.0016226
table 0 0 -10 15.70 229.78 289.25 517.25 0.0015979
table 0 0 -10 0.88 163.19 63.21 252.66 0.0015969
night_stand 0 0 -10 463.84 170.37 516.20 206.10 0.0014386
sofa 0 0 -10 685.21 255.02 729.51 518.76 0.0014223
night_stand 0 0 -10 485.31 36.89 704.07 236.08 0.0014029
night_stand 0 0 -10 172.65 134.80 712.01 523.13 0.0013641
dresser 0 0 -10 157.76 108.17 715.33 524.79 0.0013483
chair 0 0 -10 419.75 0.19 516.92 86.10 0.0012979
night_stand 0 0 -10 457.70 165.40 514.90 230.29 0.0012795
bed 0 0 -10 0.98 291.06 76.85 527.14 0.0012652
dresser 0 0 -10 409.80 120.69 498.14 201.80 0.0012169
table 0 0 -10 597.21 91.67 730.00 446.56 0.0011984
night_stand 0 0 -10 460.21 135.25 496.84 197.65 0.0011647
chair 0 0 -10 56.01 251.53 606.93 521.72 0.0011630
night_stand 0 0 -10 398.06 140.37 458.98 257.75 0.0011585
night_stand 0 0 -10 1.85 138.44 68.41 292.50 0.0011463
night_stand 0 0 -10 436.94 169.22 504.28 248.85 0.0011249
night_stand 0 0 -10 100.22 203.67 149.77 293.34 0.0011144
chair 0 0 -10 103.47 163.82 151.82 241.86 0.0011133
night_stand 0 0 -10 93.30 169.97 174.00 279.00 0.0011084
dresser 0 0 -10 525.13 25.34 704.12 236.27 0.0010654
night_stand 0 0 -10 35.15 205.13 129.26 255.44 0.0010496
table 0 0 -10 3.07 232.52 60.01 404.92 0.0009949
bed 0 0 -10 237.39 26.21 727.60 318.46 0.0009905
chair 0 0 -10 475.28 72.45 718.14 440.50 0.0009783
table 0 0 -10 624.53 91.56 725.93 185.15 0.0009696
night_stand 0 0 -10 13.05 164.83 28.58 202.02 0.0009689
bed 0 0 -10 560.10 68.87 730.00 367.67 0.0009446
sofa 0 0 -10 699.07 291.51 729.04 483.28 0.0009436
night_stand 0 0 -10 43.75 195.27 155.93 309.92 0.0009121
table 0 0 -10 709.58 319.24 729.69 498.71 0.0009029
chair 0 0 -10 653.99 129.58 730.00 449.61 0.0008949
