bed 0 0 -10 110.02 118.45 714.99 527.90 0.9967885
bed 0 0 -10 37.70 88.04 383.19 268.53 0.9739712
bed 0 0 -10 183.92 110.59 570.27 235.18 0.3841125
bed 0 0 -10 19.30 42.25 617.68 251.28 0.2184498
bed 0 0 -10 406.15 83.47 720.61 227.17 0.1589872
chair 0 0 -10 318.56 108.22 588.56 248.33 0.1143354
chair 0 0 -10 359.25 85.25 423.09 171.38 0.1047749
bed 0 0 -10 43.17 77.13 690.60 361.50 0.0870605
bed 0 0 -10 322.55 98.44 530.59 267.89 0.0850012
bed 0 0 -10 508.94 123.65 729.92 222.49 0.0841926
bed 0 0 -10 70.79 120.91 351.12 221.98 0.0700936
bed 0 0 -10 431.21 101.43 697.49 164.40 0.0549368
sofa 0 0 -10 375.03 109.84 586.96 178.49 0.0541408
night_stand 0 0 -10 687.56 212.54 729.84 324.49 0.0471058
sofa 0 0 -10 429.43 114.54 576.07 163.55 0.0340740
table 0 0 -10 275.54 134.82 486.37 236.32 0.0288949
sofa 0 0 -10 267.40 113.84 538.98 207.39 0.0261420
chair 0 0 -10 369.09 94.51 415.91 128.55 0.0254735
bed 0 0 -10 91.52 141.53 441.49 410.67 0.0239708
bed 0 0 -10 479.22 99.69 673.90 210.27 0.0228163
night_stand 0 0 -10 273.28 141.08 517.38 249.14 0.0224571
sofa 0 0 -10 33.36 82.42 117.42 146.38 0.0219861
bed 0 0 -10 238.57 18.07 722.90 211.90 0.0202798
table 0 0 -10 0.00 132.66 82.06 525.42 0.0190197
chair 0 0 -10 392.18 107.70 578.01 180.37 0.0188519
bed 0 0 -10 47.91 87.32 306.77 196.13 0.0184635
bed 0 0 -10 138.14 89.50 647.72 197.09 0.0176446
chair 0 0 -10 27.27 77.45 125.72 179.51 0.0162035
chair 0 0 -10 308.47 105.90 509.83 192.24 0.0155614
chair 0 0 -10 268.68 146.14 399.19 262.99 0.0153193
table 0 0 -10 111.37 116.48 475.67 276.75 0.0145221
table 0 0 -10 285.18 155.34 408.10 191.09 0.0135887
sofa 0 0 -10 491.59 109.30 569.21 160.64 0.0131017
table 0 0 -10 698.04 316.15 729.09 507.79 0.0129767
bed 0 0 -10 331.45 107.33 588.48 201.03 0.0122779
sofa 0 0 -10 0.00 120.61 92.09 530.00 0.0122036
chair 0 0 -10 239.41 115.76 515.04 280.56 0.0120329
sofa 0 0 -10 421.91 103.34 709.64 176.50 0.0116630
table 0 0 -10 695.16 229.95 728.89 433.16 0.0114789
night_stand 0 0 -10 164.18 139.02 531.96 283.41 0.0111152
night_stand 0 0 -10 1.83 131.09 52.63 215.69 0.0109656
bed 0 0 -10 299.08 111.38 688.90 307.95 0.0109360
chair 0 0 -10 374.18 90.69 456.01 160.38 0.0106808
bed 0 0 -10 426.07 115.28 576.44 163.93 0.0102813
dresser 0 0 -10 261.60 113.71 524.39 265.04 0.0101797
table 0 0 -10 215.50 111.80 576.61 219.48 0.0099219
desk 0 0 -10 269.38 121.98 513.41 246.01 0.0084901
bed 0 0 -10 0.00 117.72 86.45 525.79 0.0083844
table 0 0 -10 701.68 212.64 728.68 336.06 0.0080554
bed 0 0 -10 374.31 140.71 723.04 451.85 0.0079847
sofa 0 0 -10 24.20 47.24 625.69 244.24 0.0069642
chair 0 0 -10 115.19 82.26 176.00 154.58 0.0066729
table 0 0 -10 679.81 253.68 726.08 513.23 0.0066718
bed 0 0 -10 270.71 127.83 513.15 208.45 0.0064979
bed 0 0 -10 488.84 109.71 569.49 160.87 0.0062331
table 0 0 -10 1.94 138.13 51.68 275.43 0.0059488
table 0 0 -10 561.78 132.90 728.48 174.43 0.0059176
table 0 0 -10 363.75 97.34 446.68 164.58 0.0056627
chair 0 0 -10 480.11 0.82 560.20 71.12 0.0054506
sofa 0 0 -10 465.99 99.95 624.51 199.90 0.0052442
dresser 0 0 -10 459.84 90.79 728.81 215.10 0.0051842
chair 0 0 -10 454.76 100.55 596.24 220.46 0.0051285
bed 0 0 -10 366.15 59.13 723.01 158.92 0.0049431
dresser 0 0 -10 687.09 206.23 728.69 323.66 0.0047828
sofa 0 0 -10 35.35 102.17 116.03 178.92 0.0044222
chair 0 0 -10 340.52 48.89 410.27 175.77 0.0042097
sofa 0 0 -10 356.64 96.26 717.38 214.22 0.0042094
sofa 0 0 -10 45.43 75.79 396.45 271.48 0.0041746
sofa 0 0 -10 327.42 103.86 580.52 258.04 0.0041662
sofa 0 0 -10 115.28 186.07 711.26 530.00 0.0041080
bookshelf 0 0 -10 252.66 100.49 570.04 214.30 0.0039939
table 0 0 -10 431.59 102.73 717.43 174.74 0.0039607
chair 0 0 -10 356.18 98.19 642.38 319.65 0.0037822
chair 0 0 -10 411.53 133.16 717.40 226.93 0.0037799
night_stand 0 0 -10 710.82 226.13 729.93 253.03 0.0037497
table 0 0 -10 430.75 115.69 571.53 161.81 0.0037361
chair 0 0 -10 691.69 205.76 726.74 320.00 0.0036952
sofa 0 0 -10 28.97 79.22 156.88 176.81 0.0035482
table 0 0 -10 59.66 108.57 332.48 269.77 0.0035423
dresser 0 0 -10 115.27 73.64 201.86 147.67 0.0033891
night_stand 0 0 -10 520.37 138.13 718.21 226.17 0.0033245
bed 0 0 -10 204.05 88.72 501.26 343.51 0.0032936
table 0 0 -10 362.86 113.22 493.93 171.02 0.0032289
chair 0 0 -10 331.35 110.60 477.89 239.30 0.0032029
chair 0 0 -10 347.19 106.89 464.47 177.61 0.0031975
table 0 0 -10 453.53 5.35 546.87 71.49 0.0030887
bookshelf 0 0 -10 114.31 83.64 275.00 154.47 0.0030644
night_stand 0 0 -10 252.64 109.96 567.79 217.03 0.0030441
bed 0 0 -10 203.49 117.71 432.08 280.98 0.0030211
night_stand 0 0 -10 268.61 152.35 410.85 259.52 0.0030084
bathtub 0 0 -10 239.76 107.44 583.16 219.60 0.0029861
desk 0 0 -10 698.59 223.05 729.42 318.65 0.0029427
night_stand 0 0 -10 664.97 173.99 728.83 340.99 0.0027662
table 0 0 -10 374.25 109.76 601.40 175.46 0.0026335
chair 0 0 -10 112.77 67.80 203.21 165.84 0.0025922
chair 0 0 -10 414.94 67.46 477.21 128.29 0.0025486
bookshelf 0 0 -10 276.51 120.09 537.26 278.09 0.0025195
toilet 0 0 -10 254.60 107.83 578.96 221.23 0.0024606
table 0 0 -10 2.27 127.72 45.55 211.37 0.0024041
table 0 0 -10 316.85 101.00 530.82 265.16 0.0023849
