chair 0 0 -10 532.10 174.86 676.71 386.99 0.9906051
chair 0 0 -10 142.57 130.99 250.92 289.69 0.9843679
chair 0 0 -10 245.31 195.52 346.06 388.07 0.9758450
desk 0 0 -10 258.31 158.09 526.19 489.85 0.8630191
chair 0 0 -10 466.06 125.44 554.99 258.60 0.8054473
desk 0 0 -10 442.86 179.65 653.03 413.14 0.6092107
table 0 0 -10 443.23 169.02 666.84 406.37 0.3616949
desk 0 0 -10 325.37 163.71 651.62 466.81 0.3591979
table 0 0 -10 637.45 140.42 728.63 268.76 0.3316938
desk 0 0 -10 643.50 138.61 729.34 264.83 0.3297782
chair 0 0 -10 455.26 124.73 553.83 191.95 0.2713850
chair 0 0 -10 546.03 132.82 631.61 270.25 0.2385478
table 0 0 -10 268.03 170.26 541.54 465.51 0.1971557
chair 0 0 -10 436.26 123.99 567.16 307.77 0.1502699
chair 0 0 -10 523.98 157.43 628.35 314.53 0.1483467
chair 0 0 -10 583.42 156.57 691.80 294.44 0.1388837
chair 0 0 -10 591.64 129.33 669.86 188.13 0.1202714
desk 0 0 -10 548.92 128.98 654.23 190.69 0.1151286
chair 0 0 -10 555.68 126.02 644.13 204.29 0.1141167
chair 0 0 -10 613.90 135.74 688.04 215.27 0.1086309
chair 0 0 -10 221.52 180.38 375.31 455.62 0.1029066
chair 0 0 -10 494.69 140.38 593.35 291.43 0.0928257
chair 0 0 -10 547.01 128.47 608.82 196.43 0.0855557
table 0 0 -10 538.80 131.99 665.55 195.91 0.0507505
chair 0 0 -10 508.74 117.71 600.34 205.10 0.0477436
chair 0 0 -10 397.62 124.20 689.09 235.80 0.0426036
chair 0 0 -10 426.33 120.73 538.72 241.29 0.0398358
chair 0 0 -10 385.70 127.35 526.68 301.02 0.0389527
chair 0 0 -10 682.30 114.76 729.19 194.92 0.0371207
chair 0 0 -10 231.62 187.17 312.34 344.25 0.0363563
chair 0 0 -10 614.97 131.00 705.10 264.21 0.0357362
chair 0 0 -10 129.68 109.93 229.63 233.98 0.0339974
table 0 0 -10 519.51 136.31 723.48 264.57 0.0331847
desk 0 0 -10 259.43 209.34 341.75 399.26 0.0322619
table 0 0 -10 2.14 117.54 124.67 318.75 0.0286937
chair 0 0 -10 426.41 125.50 629.85 365.83 0.0284679
table 0 0 -10 208.79 214.55 637.47 517.97 0.0282565
chair 0 0 -10 680.96 126.88 727.81 271.44 0.0269913
desk 0 0 -10 299.81 137.32 546.72 374.89 0.0227172
table 0 0 -10 488.45 180.66 662.55 326.65 0.0225847
desk 0 0 -10 0.50 111.85 128.07 318.36 0.0225570
desk 0 0 -10 548.60 154.06 710.42 311.55 0.0215846
chair 0 0 -10 198.85 200.37 285.96 280.50 0.0214395
chair 0 0 -10 550.68 143.17 619.56 226.67 0.0210213
chair 0 0 -10 159.49 160.51 246.55 244.19 0.0191681
sofa 0 0 -10 632.84 139.88 723.63 273.36 0.0189812
table 0 0 -10 562.74 132.23 676.44 236.81 0.0183624
table 0 0 -10 681.33 144.09 727.06 275.19 0.0178872
table 0 0 -10 594.74 143.50 695.76 266.16 0.0166732
desk 0 0 -10 668.16 134.74 729.30 214.09 0.0166622
desk 0 0 -10 346.26 156.56 639.08 333.39 0.0163144
chair 0 0 -10 505.09 111.95 562.90 184.40 0.0162749
desk 0 0 -10 165.53 82.23 330.74 261.04 0.0159283
desk 0 0 -10 177.58 56.54 324.43 185.59 0.0156453
chair 0 0 -10 175.68 181.03 253.75 281.65 0.0152876
chair 0 0 -10 81.15 98.17 185.86 189.17 0.0150048
chair 0 0 -10 535.92 126.22 592.05 251.78 0.0141909
desk 0 0 -10 569.71 131.40 710.38 203.90 0.0139934
night_stand 0 0 -10 653.13 144.43 729.13 272.00 0.0136169
chair 0 0 -10 285.95 236.71 527.59 489.65 0.0135042
chair 0 0 -10 612.34 131.71 655.41 176.05 0.0132195
desk 0 0 -10 592.14 163.97 718.65 271.28 0.0129320
chair 0 0 -10 164.27 137.59 340.05 333.01 0.0121860
desk 0 0 -10 697.93 144.61 729.07 288.54 0.0121577
table 0 0 -10 646.69 135.59 726.57 199.32 0.0118182
dresser 0 0 -10 651.93 138.93 728.12 271.12 0.0118176
desk 0 0 -10 510.62 194.36 673.25 353.83 0.0106799
chair 0 0 -10 699.43 139.01 729.89 298.61 0.0104114
chair 0 0 -10 654.01 126.81 727.60 225.78 0.0097611
dresser 0 0 -10 267.98 183.84 532.67 480.46 0.0093799
chair 0 0 -10 96.98 94.29 147.55 186.24 0.0093550
table 0 0 -10 261.27 141.24 560.77 332.45 0.0089816
table 0 0 -10 214.39 183.95 347.76 354.20 0.0086284
dresser 0 0 -10 704.22 127.46 728.49 271.55 0.0083138
chair 0 0 -10 588.66 171.15 686.08 234.38 0.0082209
chair 0 0 -10 450.14 190.79 665.76 439.79 0.0081435
table 0 0 -10 551.09 129.86 633.63 181.50 0.0076755
table 0 0 -10 259.96 208.99 345.27 398.43 0.0072417
sofa 0 0 -10 593.76 137.44 692.50 270.81 0.0069568
chair 0 0 -10 361.78 191.69 572.60 470.27 0.0064820
table 0 0 -10 422.95 146.67 669.91 285.26 0.0064751
chair 0 0 -10 442.86 118.90 514.56 185.40 0.0058838
desk 0 0 -10 449.18 127.98 716.58 252.93 0.0058179
table 0 0 -10 528.19 201.26 686.66 400.69 0.0058116
chair 0 0 -10 511.28 122.38 554.82 234.11 0.0057589
table 0 0 -10 586.57 130.97 690.22 190.97 0.0056932
table 0 0 -10 580.39 138.34 657.34 207.77 0.0055881
table 0 0 -10 231.89 367.93 667.45 527.99 0.0054069
chair 0 0 -10 137.31 118.52 189.13 184.41 0.0052503
chair 0 0 -10 116.09 99.35 176.66 175.19 0.0051069
chair 0 0 -10 490.67 0.67 562.48 66.99 0.0050322
sofa 0 0 -10 208.79 412.86 625.45 530.00 0.0049133
bed 0 0 -10 643.88 127.91 729.18 265.12 0.0048868
table 0 0 -10 378.11 127.55 722.55 222.13 0.0047997
desk 0 0 -10 213.61 182.81 347.32 355.61 0.0047771
chair 0 0 -10 631.40 146.20 709.72 224.77 0.0047434
dresser 0 0 -10 717.12 130.20 727.13 264.72 0.0047136
table 0 0 -10 289.73 138.50 623.20 255.77 0.0046082
night_stand 0 0 -10 699.13 148.37 729.28 288.05 0.0045876
chair 0 0 -10 238.60 194.95 308.92 279.05 0.0045780
