bathtub 0 0 -10 138.20 249.16 518.85 516.54 0.7157900
table 0 0 -10 141.22 271.71 521.89 523.96 0.1651336
desk 0 0 -10 108.03 284.11 521.70 528.61 0.1530484
table 0 0 -10 11.96 330.04 208.82 523.78 0.1165688
dresser 0 0 -10 407.49 274.68 728.42 525.17 0.1011606
desk 0 0 -10 400.81 272.02 725.28 527.68 0.0730620
chair 0 0 -10 143.72 261.03 512.14 524.20 0.0396997
desk 0 0 -10 2.27 303.03 214.67 528.60 0.0394250
dresser 0 0 -10 133.59 266.13 529.12 523.36 0.0361690
toilet 0 0 -10 134.22 225.86 509.53 515.88 0.0337256
bathtub 0 0 -10 385.84 233.75 726.29 410.59 0.0276748
sofa 0 0 -10 136.05 256.16 518.18 519.93 0.0222384
table 0 0 -10 404.31 275.79 719.25 527.01 0.0184912
night_stand 0 0 -10 136.93 259.01 533.63 529.48 0.0137732
chair 0 0 -10 506.23 284.17 725.65 509.15 0.0098677
night_stand 0 0 -10 480.26 295.08 730.00 528.40 0.0067613
table 0 0 -10 3.77 274.75 203.64 435.47 0.0066397
bed 0 0 -10 138.05 255.61 525.30 530.00 0.0061778
chair 0 0 -10 367.95 215.41 721.79 520.18 0.0055736
bathtub 0 0 -10 416.66 260.71 726.59 521.00 0.0055529
bathtub 0 0 -10 355.80 237.46 560.26 457.64 0.0048806
chair 0 0 -10 618.37 284.70 730.00 501.55 0.0048019
bookshelf 0 0 -10 138.12 261.88 526.13 524.82 0.0044888
chair 0 0 -10 0.00 1.82 97.80 70.57 0.0044342
desk 0 0 -10 414.67 0.35 711.15 121.10 0.0042623
bathtub 0 0 -10 255.57 181.85 696.39 498.35 0.0038156
chair 0 0 -10 497.02 0.00 584.09 85.75 0.0031693
sofa 0 0 -10 408.62 275.89 723.02 528.63 0.0031518
bed 0 0 -10 402.58 254.71 728.74 526.62 0.0030429
toilet 0 0 -10 252.53 232.19 640.98 527.67 0.0024936
night_stand 0 0 -10 2.91 355.68 206.08 523.91 0.0021112
chair 0 0 -10 522.73 2.04 615.16 79.63 0.0020498
table 0 0 -10 423.14 3.35 695.24 120.85 0.0020347
dresser 0 0 -10 253.22 243.67 647.87 526.58 0.0018945
chair 0 0 -10 0.00 313.88 170.19 519.86 0.0017738
dresser 0 0 -10 3.85 354.00 200.81 521.51 0.0017359
dresser 0 0 -10 520.82 303.07 709.70 509.86 0.0016087
chair 0 0 -10 426.39 0.00 550.25 121.42 0.0012439
table 0 0 -10 672.57 327.03 727.15 525.83 0.0011981
chair 0 0 -10 418.47 8.51 539.96 66.85 0.0011885
bathtub 0 0 -10 164.74 147.64 406.57 365.27 0.0011815
toilet 0 0 -10 389.97 255.28 721.15 526.93 0.0011790
chair 0 0 -10 530.32 0.00 670.78 102.41 0.0011671
bathtub 0 0 -10 160.97 251.24 486.37 371.96 0.0010970
table 0 0 -10 126.26 280.46 340.46 526.53 0.0010937
bathtub 0 0 -10 49.61 96.96 590.90 458.76 0.0010713
chair 0 0 -10 479.70 2.76 548.29 75.42 0.0010594
chair 0 0 -10 38.60 250.68 305.30 530.00 0.0010510
chair 0 0 -10 668.49 308.93 730.00 520.43 0.0010374
dresser 0 0 -10 410.94 3.12 695.61 124.10 0.0010339
sofa 0 0 -10 698.69 264.74 729.00 525.79 0.0010006
chair 0 0 -10 16.83 421.63 386.34 527.95 0.0009584
bathtub 0 0 -10 403.12 247.20 697.88 323.44 0.0009170
chair 0 0 -10 565.47 1.44 681.32 68.20 0.0009034
chair 0 0 -10 411.27 271.76 632.35 509.52 0.0008826
chair 0 0 -10 290.63 390.07 650.35 527.48 0.0008622
chair 0 0 -10 596.05 166.41 730.00 465.90 0.0008235
desk 0 0 -10 519.81 302.17 713.74 515.70 0.0008231
table 0 0 -10 505.85 0.64 625.72 99.34 0.0007618
desk 0 0 -10 244.44 191.71 701.23 517.95 0.0007270
chair 0 0 -10 566.92 0.00 620.48 93.81 0.0006863
table 0 0 -10 397.69 207.90 705.70 420.92 0.0006698
desk 0 0 -10 333.19 389.37 695.31 525.56 0.0006549
chair 0 0 -10 305.77 289.82 532.07 518.17 0.0006492
chair 0 0 -10 43.81 0.00 103.15 65.96 0.0006444
table 0 0 -10 514.13 3.74 579.71 84.06 0.0006362
dresser 0 0 -10 0.00 215.96 219.82 518.39 0.0006359
bookshelf 0 0 -10 416.01 235.61 725.86 526.41 0.0006318
bathtub 0 0 -10 444.85 243.99 629.17 395.40 0.0006017
bathtub 0 0 -10 118.39 206.83 341.16 275.77 0.0005851
table 0 0 -10 395.98 308.03 557.47 525.62 0.0005579
chair 0 0 -10 477.88 0.00 622.18 109.22 0.0005537
table 0 0 -10 712.47 346.11 729.49 530.00 0.0005537
table 0 0 -10 52.13 355.03 472.96 527.06 0.0005442
desk 0 0 -10 10.44 402.64 426.94 526.18 0.0005311
bookshelf 0 0 -10 440.10 0.39 677.37 121.17 0.0005169
chair 0 0 -10 419.00 352.16 716.83 527.17 0.0004982
desk 0 0 -10 409.41 253.26 695.31 413.87 0.0004946
chair 0 0 -10 472.21 5.46 577.45 53.95 0.0004945
chair 0 0 -10 442.94 239.84 598.90 405.22 0.0004800
sofa 0 0 -10 663.11 289.72 728.26 530.00 0.0004778
dresser 0 0 -10 419.38 223.14 716.33 430.01 0.0004624
desk 0 0 -10 506.42 0.38 627.99 101.74 0.0004511
table 0 0 -10 0.00 127.40 241.62 513.20 0.0004404
table 0 0 -10 398.41 257.98 711.40 362.92 0.0004360
dresser 0 0 -10 599.78 174.06 728.46 465.02 0.0004350
table 0 0 -10 274.81 379.71 655.47 527.37 0.0004301
chair 0 0 -10 583.95 0.00 639.32 97.84 0.0004240
chair 0 0 -10 559.21 2.63 612.08 63.02 0.0004234
chair 0 0 -10 597.54 0.00 691.55 106.04 0.0004141
chair 0 0 -10 538.87 1.32 646.23 52.84 0.0004075
table 0 0 -10 700.57 324.45 727.44 519.11 0.0003905
chair 0 0 -10 3.05 199.16 218.08 509.06 0.0003830
table 0 0 -10 242.02 196.34 685.61 511.04 0.0003811
toilet 0 0 -10 369.35 236.99 643.19 419.14 0.0003810
night_stand 0 0 -10 352.63 398.35 696.13 527.39 0.0003711
chair 0 0 -10 0.00 300.79 70.50 510.82 0.0003645
sofa 0 0 -10 713.12 289.03 729.34 527.09 0.0003625
night_stand 0 0 -10 515.51 3.92 580.00 83.01 0.0003613
chair 0 0 -10 642.45 0.00 727.90 104.74 0.0003494
