chair 0 0 -10 154.04 205.00 376.83 524.54 0.9930588
chair 0 0 -10 347.49 191.42 467.21 459.82 0.9870157
table 0 0 -10 31.97 170.18 473.08 516.69 0.7794057
desk 0 0 -10 36.41 187.53 477.56 525.32 0.4101628
chair 0 0 -10 237.46 198.39 379.89 449.49 0.2595330
chair 0 0 -10 280.24 161.78 371.69 236.50 0.1363751
desk 0 0 -10 458.68 117.24 589.11 218.19 0.1362586
chair 0 0 -10 293.73 174.16 445.44 365.89 0.0863686
dresser 0 0 -10 460.67 102.90 558.50 203.18 0.0536541
dresser 0 0 -10 414.82 126.86 481.32 178.44 0.0409504
chair 0 0 -10 210.94 135.17 377.36 296.22 0.0370658
chair 0 0 -10 358.01 176.44 472.04 334.05 0.0340768
table 0 0 -10 7.31 169.38 147.18 410.59 0.0339368
table 0 0 -10 1.46 199.85 84.81 365.85 0.0328868
chair 0 0 -10 0.47 219.75 36.45 365.35 0.0322650
chair 0 0 -10 393.38 139.04 481.96 308.14 0.0320876
chair 0 0 -10 271.37 157.13 386.72 280.52 0.0319633
chair 0 0 -10 231.70 176.80 472.85 514.69 0.0237919
table 0 0 -10 0.12 205.63 32.19 378.72 0.0235215
table 0 0 -10 159.46 250.47 413.94 524.55 0.0231786
chair 0 0 -10 240.10 164.10 489.32 304.74 0.0214807
chair 0 0 -10 257.82 164.45 366.68 344.62 0.0213743
table 0 0 -10 334.50 134.87 639.65 374.00 0.0198717
table 0 0 -10 458.82 119.16 590.43 216.43 0.0179280
chair 0 0 -10 262.14 133.09 338.75 255.67 0.0177203
dresser 0 0 -10 623.13 12.36 730.00 239.71 0.0174882
chair 0 0 -10 357.16 142.70 563.16 330.29 0.0150228
chair 0 0 -10 324.03 157.31 373.27 229.57 0.0146253
table 0 0 -10 221.00 173.14 456.03 446.60 0.0145135
chair 0 0 -10 317.98 159.81 450.51 275.36 0.0139051
table 0 0 -10 32.50 201.43 113.34 437.17 0.0137691
table 0 0 -10 197.68 120.04 325.41 175.77 0.0121333
dresser 0 0 -10 467.46 107.47 514.33 196.90 0.0103099
desk 0 0 -10 339.39 130.83 644.04 377.12 0.0102206
chair 0 0 -10 352.56 193.90 579.19 420.16 0.0096342
dresser 0 0 -10 431.95 119.59 590.15 185.47 0.0094718
bookshelf 0 0 -10 625.79 5.46 728.99 249.22 0.0091836
table 0 0 -10 20.54 182.26 243.22 513.86 0.0089192
table 0 0 -10 398.54 261.38 604.59 425.62 0.0089048
chair 0 0 -10 474.99 88.96 564.51 199.24 0.0087168
dresser 0 0 -10 417.55 116.16 505.67 190.15 0.0087054
table 0 0 -10 36.36 167.73 458.17 314.81 0.0083187
dresser 0 0 -10 468.85 97.40 531.96 166.10 0.0081820
chair 0 0 -10 316.46 156.76 403.48 242.58 0.0079965
dresser 0 0 -10 455.23 122.96 532.69 175.78 0.0078593
table 0 0 -10 176.07 165.68 423.44 244.56 0.0077811
dresser 0 0 -10 482.46 118.62 610.88 205.80 0.0068450
table 0 0 -10 445.07 306.36 593.80 413.38 0.0067189
chair 0 0 -10 290.02 129.49 341.74 232.11 0.0066633
desk 0 0 -10 7.01 165.55 146.00 418.78 0.0065481
dresser 0 0 -10 407.69 116.20 463.61 171.15 0.0065015
dresser 0 0 -10 447.53 105.94 502.85 171.10 0.0059929
chair 0 0 -10 359.56 150.71 466.70 257.58 0.0057982
chair 0 0 -10 499.60 102.00 587.81 211.56 0.0056955
chair 0 0 -10 161.49 50.69 300.11 380.62 0.0055976
dresser 0 0 -10 643.41 107.31 729.04 244.72 0.0053500
chair 0 0 -10 241.46 124.01 311.43 252.22 0.0052639
chair 0 0 -10 178.02 0.00 294.97 155.57 0.0051588
desk 0 0 -10 22.31 132.48 635.94 432.30 0.0051321
chair 0 0 -10 10.90 205.54 194.93 512.30 0.0048070
table 0 0 -10 319.78 186.69 465.35 409.13 0.0045598
dresser 0 0 -10 408.97 123.34 476.63 220.46 0.0044598
dresser 0 0 -10 444.25 111.86 485.72 193.53 0.0044458
chair 0 0 -10 505.57 97.35 565.45 176.83 0.0042913
table 0 0 -10 253.55 149.54 366.39 234.08 0.0041990
desk 0 0 -10 165.66 242.69 410.81 530.00 0.0041758
chair 0 0 -10 474.99 48.05 545.16 167.35 0.0041584
chair 0 0 -10 0.09 194.63 18.79 393.45 0.0037911
chair 0 0 -10 3.39 143.63 147.48 382.25 0.0036995
chair 0 0 -10 201.52 174.72 332.76 404.27 0.0035749
table 0 0 -10 238.36 234.94 511.25 507.40 0.0033738
chair 0 0 -10 30.86 0.83 100.83 65.98 0.0033526
chair 0 0 -10 2.07 183.03 81.07 363.83 0.0032941
chair 0 0 -10 76.24 228.09 303.47 529.11 0.0032483
table 0 0 -10 356.79 232.65 480.97 450.90 0.0031731
chair 0 0 -10 334.75 152.40 393.61 216.45 0.0031464
chair 0 0 -10 466.51 92.45 531.72 167.12 0.0030959
table 0 0 -10 2.07 181.94 15.75 413.90 0.0029770
chair 0 0 -10 387.78 185.42 494.30 420.57 0.0028997
table 0 0 -10 651.71 155.43 724.70 243.74 0.0027935
desk 0 0 -10 411.24 114.06 589.87 288.54 0.0027202
dresser 0 0 -10 385.52 117.29 626.31 353.69 0.0027109
desk 0 0 -10 30.15 192.64 232.59 518.05 0.0027105
desk 0 0 -10 229.88 177.33 456.08 491.43 0.0027086
table 0 0 -10 335.28 217.68 574.41 457.67 0.0026610
table 0 0 -10 293.87 166.66 389.00 221.23 0.0026473
bathtub 0 0 -10 481.06 117.51 619.09 203.43 0.0025891
dresser 0 0 -10 365.43 111.16 434.71 180.40 0.0023715
chair 0 0 -10 356.56 18.43 410.39 74.38 0.0023366
table 0 0 -10 17.39 4.33 278.59 131.19 0.0023097
table 0 0 -10 0.04 201.52 4.30 383.70 0.0022413
table 0 0 -10 4.24 232.54 10.24 368.08 0.0021907
dresser 0 0 -10 448.26 109.22 600.69 240.97 0.0020968
dresser 0 0 -10 507.80 101.43 562.11 204.71 0.0020407
desk 0 0 -10 341.38 223.40 460.25 461.06 0.0019819
table 0 0 -10 209.11 122.23 333.74 231.94 0.0019796
chair 0 0 -10 530.70 96.10 579.51 199.37 0.0019224
desk 0 0 -10 475.25 88.28 558.37 207.09 0.0017784
chair 0 0 -10 481.47 55.00 540.91 122.32 0.0017026
chair 0 0 -10 393.64 170.59 458.36 273.39 0.0016736
