bed 0 0 -10 2.33 176.76 649.16 527.74 0.9719098
chair 0 0 -10 395.45 173.54 650.82 527.17 0.2222294
chair 0 0 -10 126.76 155.41 174.16 216.44 0.1774004
chair 0 0 -10 2.18 387.47 117.82 530.00 0.1560554
table 0 0 -10 167.76 136.43 298.02 263.82 0.0664666
dresser 0 0 -10 329.56 157.20 388.75 253.87 0.0540994
table 0 0 -10 686.74 304.76 728.23 420.91 0.0289996
bed 0 0 -10 146.16 135.93 301.38 256.89 0.0192098
table 0 0 -10 1.01 386.39 113.87 530.00 0.0180950
table 0 0 -10 705.49 288.90 730.00 444.38 0.0173863
chair 0 0 -10 476.99 185.10 607.14 398.80 0.0164578
chair 0 0 -10 685.68 295.51 729.70 422.53 0.0163550
chair 0 0 -10 0.00 117.77 79.75 264.97 0.0155954
table 0 0 -10 0.00 223.48 630.59 530.00 0.0140723
desk 0 0 -10 570.96 176.63 695.03 482.26 0.0108602
sofa 0 0 -10 687.69 298.99 729.34 422.42 0.0107201
chair 0 0 -10 685.30 170.90 725.70 404.16 0.0105350
table 0 0 -10 1.33 123.56 69.40 273.00 0.0100187
bed 0 0 -10 0.00 242.66 399.60 520.17 0.0099111
bookshelf 0 0 -10 530.66 8.60 719.58 360.78 0.0097881
dresser 0 0 -10 163.10 130.27 300.55 262.26 0.0095474
table 0 0 -10 549.80 265.05 723.51 371.24 0.0094960
desk 0 0 -10 164.44 132.16 301.97 264.31 0.0089615
table 0 0 -10 716.87 319.71 729.53 422.57 0.0079732
chair 0 0 -10 403.39 141.42 463.17 234.51 0.0078300
dresser 0 0 -10 520.31 24.23 581.85 259.87 0.0076420
chair 0 0 -10 0.00 388.56 231.46 530.00 0.0072640
chair 0 0 -10 690.19 290.74 728.13 371.26 0.0069379
bookshelf 0 0 -10 384.99 16.63 463.42 214.40 0.0067591
bookshelf 0 0 -10 2.95 110.52 79.16 257.97 0.0066386
chair 0 0 -10 405.90 138.49 444.54 208.39 0.0065811
dresser 0 0 -10 474.25 188.78 661.99 520.84 0.0063121
bookshelf 0 0 -10 337.22 155.14 387.55 263.62 0.0061390
dresser 0 0 -10 1.64 114.70 79.14 253.13 0.0060455
dresser 0 0 -10 571.77 182.30 691.63 476.59 0.0057432
chair 0 0 -10 553.95 204.61 724.00 505.03 0.0056183
bookshelf 0 0 -10 529.21 20.78 582.90 274.43 0.0054840
sofa 0 0 -10 49.02 171.83 665.14 528.92 0.0054105
table 0 0 -10 586.82 302.55 728.12 406.90 0.0053725
bed 0 0 -10 375.94 188.50 637.15 530.00 0.0052167
table 0 0 -10 525.47 199.50 727.45 387.75 0.0051921
desk 0 0 -10 479.53 184.87 667.46 529.64 0.0051156
chair 0 0 -10 330.23 149.51 397.26 256.90 0.0050816
chair 0 0 -10 488.27 142.67 674.64 394.04 0.0049450
dresser 0 0 -10 297.53 195.56 647.85 525.54 0.0049159
table 0 0 -10 570.20 197.13 713.98 522.23 0.0048467
chair 0 0 -10 599.45 142.12 729.91 411.49 0.0048071
bookshelf 0 0 -10 390.54 34.14 524.78 205.20 0.0047858
bed 0 0 -10 154.26 125.53 509.76 273.97 0.0046451
chair 0 0 -10 182.82 217.38 647.88 529.93 0.0045208
chair 0 0 -10 500.31 246.93 683.78 527.09 0.0043878
chair 0 0 -10 656.37 222.89 727.07 374.62 0.0043521
bookshelf 0 0 -10 490.08 19.64 618.18 268.50 0.0041006
dresser 0 0 -10 526.84 12.36 726.95 352.80 0.0037547
night_stand 0 0 -10 327.35 154.21 389.25 259.01 0.0036057
bed 0 0 -10 60.35 134.60 308.76 287.31 0.0034638
desk 0 0 -10 0.00 120.16 69.94 273.71 0.0034478
chair 0 0 -10 0.86 305.00 84.21 519.64 0.0032479
desk 0 0 -10 602.03 171.88 726.85 417.58 0.0031959
table 0 0 -10 128.22 158.13 172.46 213.82 0.0031719
bookshelf 0 0 -10 606.60 139.51 723.57 414.20 0.0031425
bed 0 0 -10 12.68 8.19 701.75 343.33 0.0030161
bed 0 0 -10 686.36 297.52 729.39 423.10 0.0027383
chair 0 0 -10 428.50 249.94 643.46 393.48 0.0027181
chair 0 0 -10 387.54 29.44 466.73 224.32 0.0027019
bookshelf 0 0 -10 160.87 123.29 298.34 266.47 0.0026103
table 0 0 -10 0.00 305.31 83.26 521.70 0.0025965
dresser 0 0 -10 487.45 23.00 621.22 265.53 0.0025881
chair 0 0 -10 531.17 181.48 649.83 445.44 0.0024956
table 0 0 -10 650.64 284.94 726.85 371.02 0.0024540
desk 0 0 -10 230.22 202.12 663.33 530.00 0.0024305
chair 0 0 -10 126.38 136.11 213.12 225.70 0.0024145
table 0 0 -10 684.04 298.47 727.49 367.99 0.0024131
chair 0 0 -10 524.77 166.91 588.88 344.20 0.0023971
bookshelf 0 0 -10 449.30 70.26 534.84 199.81 0.0023288
chair 0 0 -10 586.98 0.00 730.00 92.62 0.0023028
chair 0 0 -10 704.79 282.39 730.00 440.90 0.0022775
table 0 0 -10 671.74 330.18 727.68 399.17 0.0022678
desk 0 0 -10 553.49 261.60 726.95 372.06 0.0022450
chair 0 0 -10 344.95 148.33 430.60 249.08 0.0020276
chair 0 0 -10 301.72 0.00 363.52 64.32 0.0019868
table 0 0 -10 401.46 151.38 481.14 241.27 0.0019707
table 0 0 -10 325.27 153.91 390.29 267.42 0.0019648
table 0 0 -10 480.89 192.59 661.56 530.00 0.0019442
table 0 0 -10 8.68 172.14 73.66 257.14 0.0019064
dresser 0 0 -10 554.52 162.62 712.72 363.30 0.0018398
bookshelf 0 0 -10 575.36 153.58 688.58 484.32 0.0017312
table 0 0 -10 629.68 201.32 720.47 390.30 0.0017309
chair 0 0 -10 4.63 184.70 73.81 253.07 0.0017190
sofa 0 0 -10 706.27 287.09 729.85 451.15 0.0016790
chair 0 0 -10 301.29 0.00 404.77 102.56 0.0016415
dresser 0 0 -10 169.62 128.11 504.16 268.90 0.0016251
bed 0 0 -10 0.00 249.94 239.95 446.15 0.0016186
bookshelf 0 0 -10 301.97 186.07 648.32 517.07 0.0015842
toilet 0 0 -10 325.10 156.82 388.12 268.49 0.0015754
sofa 0 0 -10 2.37 116.22 70.65 270.06 0.0015685
table 0 0 -10 653.32 314.89 727.57 425.53 0.0015161
table 0 0 -10 709.34 328.42 726.80 411.34 0.0014926
night_stand 0 0 -10 0.24 386.88 115.99 528.70 0.0014827
chair 0 0 -10 631.84 278.31 729.24 366.38 0.0014760
