chair 0 0 -10 179.87 143.11 435.82 490.28 0.9671484
chair 0 0 -10 366.31 106.45 561.57 267.05 0.9582655
chair 0 0 -10 136.72 20.63 218.26 91.79 0.9415649
chair 0 0 -10 27.21 109.51 211.71 310.52 0.8854140
table 0 0 -10 18.00 112.55 294.91 397.83 0.8604504
table 0 0 -10 333.89 194.68 721.25 529.23 0.8452851
table 0 0 -10 10.37 28.54 281.25 124.47 0.8422078
chair 0 0 -10 276.25 54.83 377.43 158.34 0.7996521
table 0 0 -10 177.22 55.90 465.64 254.58 0.7917057
chair 0 0 -10 215.56 61.73 365.01 223.78 0.6865100
chair 0 0 -10 514.47 93.06 675.34 245.49 0.6670780
table 0 0 -10 490.66 102.84 729.54 274.92 0.6546087
chair 0 0 -10 32.45 37.01 141.94 110.43 0.6293017
table 0 0 -10 0.00 62.14 82.47 206.51 0.5632120
table 0 0 -10 476.52 118.56 725.13 425.00 0.5003656
desk 0 0 -10 174.10 60.49 468.14 273.74 0.4045732
chair 0 0 -10 19.91 40.08 101.23 120.27 0.3637982
desk 0 0 -10 351.28 200.97 717.36 526.91 0.3518687
chair 0 0 -10 2.48 79.61 73.67 213.31 0.3127221
chair 0 0 -10 488.39 87.67 704.93 324.78 0.3073280
table 0 0 -10 68.75 23.38 268.68 93.51 0.3060922
desk 0 0 -10 485.13 102.47 724.10 294.78 0.2229464
chair 0 0 -10 67.41 118.05 316.95 393.80 0.2215233
chair 0 0 -10 478.94 173.29 722.79 503.41 0.2155681
chair 0 0 -10 174.02 68.76 332.18 262.13 0.2100620
chair 0 0 -10 2.33 47.88 80.67 143.52 0.1980353
desk 0 0 -10 481.24 138.48 723.88 447.45 0.1828511
chair 0 0 -10 72.90 34.26 158.30 100.29 0.1809435
table 0 0 -10 7.28 49.68 131.06 127.57 0.1683811
table 0 0 -10 99.29 77.83 428.13 351.84 0.1625528
desk 0 0 -10 7.79 110.41 283.28 406.31 0.1554335
chair 0 0 -10 253.08 62.44 430.45 246.84 0.1351507
table 0 0 -10 0.46 35.91 192.09 164.41 0.1311236
chair 0 0 -10 5.64 117.54 115.88 284.86 0.1307471
chair 0 0 -10 581.35 168.37 730.00 430.29 0.1176628
chair 0 0 -10 113.53 26.58 178.41 97.02 0.0957288
chair 0 0 -10 290.67 48.47 428.43 183.49 0.0924552
chair 0 0 -10 1.89 80.00 42.88 259.04 0.0906464
chair 0 0 -10 0.25 114.60 40.74 191.45 0.0898562
chair 0 0 -10 282.08 168.28 605.40 499.56 0.0879275
chair 0 0 -10 505.19 89.07 613.26 211.15 0.0870970
chair 0 0 -10 359.10 91.26 483.87 235.83 0.0772637
chair 0 0 -10 125.25 15.26 232.56 136.84 0.0768116
table 0 0 -10 0.00 75.92 75.98 349.94 0.0737844
table 0 0 -10 215.42 52.47 464.47 167.50 0.0724546
table 0 0 -10 1.55 62.55 78.50 132.67 0.0719077
table 0 0 -10 124.67 148.11 630.58 509.52 0.0697736
chair 0 0 -10 257.41 45.88 350.03 133.76 0.0694473
chair 0 0 -10 374.21 132.79 597.48 380.92 0.0692839
chair 0 0 -10 2.35 49.15 48.57 129.59 0.0641290
table 0 0 -10 0.27 61.42 48.56 255.66 0.0582769
table 0 0 -10 25.83 40.66 328.58 173.13 0.0547231
chair 0 0 -10 1.23 96.26 73.42 345.02 0.0528892
table 0 0 -10 3.98 64.37 249.58 223.02 0.0518651
chair 0 0 -10 1.95 77.59 59.07 152.66 0.0416600
table 0 0 -10 0.00 58.27 25.15 204.13 0.0403654
chair 0 0 -10 100.02 91.95 280.76 298.43 0.0382845
chair 0 0 -10 186.12 59.65 311.73 181.28 0.0335524
desk 0 0 -10 107.25 74.66 430.76 362.03 0.0325858
chair 0 0 -10 0.00 65.41 24.97 210.45 0.0322405
chair 0 0 -10 44.36 22.52 194.47 113.42 0.0304822
desk 0 0 -10 51.90 26.61 269.98 112.27 0.0298194
chair 0 0 -10 1.59 94.05 42.62 166.26 0.0275455
chair 0 0 -10 5.43 29.22 130.10 155.52 0.0271004
table 0 0 -10 0.00 106.15 56.73 194.62 0.0262362
table 0 0 -10 1.56 115.00 25.06 296.20 0.0244907
chair 0 0 -10 205.40 116.38 417.08 308.36 0.0235907
chair 0 0 -10 2.50 53.37 24.80 132.28 0.0220795
table 0 0 -10 349.03 67.87 473.37 224.20 0.0215575
chair 0 0 -10 577.50 95.23 724.88 289.25 0.0208458
chair 0 0 -10 188.70 47.36 414.51 167.70 0.0198654
table 0 0 -10 61.73 139.52 444.99 460.20 0.0197634
table 0 0 -10 1.30 126.92 108.67 298.67 0.0192162
chair 0 0 -10 540.68 98.92 641.56 156.67 0.0190322
chair 0 0 -10 368.04 237.56 686.91 521.88 0.0187255
chair 0 0 -10 660.85 139.08 727.03 444.07 0.0185744
desk 0 0 -10 238.93 51.07 471.29 196.83 0.0177543
chair 0 0 -10 48.43 65.25 189.05 218.31 0.0177217
chair 0 0 -10 10.38 74.55 55.45 123.96 0.0164840
chair 0 0 -10 8.93 57.14 29.32 121.15 0.0161044
desk 0 0 -10 0.00 65.71 73.42 208.67 0.0146974
table 0 0 -10 0.00 52.59 43.65 122.76 0.0140031
chair 0 0 -10 296.16 117.91 516.53 354.46 0.0126092
desk 0 0 -10 0.54 75.81 73.05 359.26 0.0124259
desk 0 0 -10 116.07 141.50 617.04 530.00 0.0118693
chair 0 0 -10 1.59 51.65 14.42 155.95 0.0115434
chair 0 0 -10 326.39 53.84 516.87 194.91 0.0112994
table 0 0 -10 1.47 129.96 186.31 365.01 0.0112573
chair 0 0 -10 3.70 69.70 10.80 203.32 0.0099757
table 0 0 -10 2.71 59.57 13.89 181.60 0.0098276
desk 0 0 -10 8.05 47.54 128.32 129.83 0.0097662
chair 0 0 -10 166.83 55.77 501.47 271.32 0.0096114
chair 0 0 -10 389.78 79.86 534.38 211.80 0.0094701
desk 0 0 -10 590.02 113.26 724.89 481.03 0.0092672
chair 0 0 -10 92.18 37.58 304.67 138.70 0.0090501
table 0 0 -10 168.14 28.45 274.47 148.11 0.0090169
chair 0 0 -10 512.92 95.69 586.56 180.44 0.0088715
chair 0 0 -10 148.61 55.44 206.03 94.39 0.0085854
chair 0 0 -10 14.08 77.07 145.52 195.37 0.0085508
chair 0 0 -10 264.68 86.45 361.07 188.95 0.0085364
