chair 0 0 -10 193.36 104.22 391.60 423.88 0.9903228
chair 0 0 -10 414.07 29.63 558.74 270.16 0.9895179
chair 0 0 -10 412.56 236.09 694.91 519.48 0.9843062
chair 0 0 -10 2.76 83.80 207.13 223.37 0.9763713
desk 0 0 -10 5.81 170.31 250.11 527.67 0.7902359
table 0 0 -10 0.00 187.52 274.55 529.29 0.7018435
desk 0 0 -10 150.80 98.24 514.36 336.16 0.6285355
chair 0 0 -10 10.12 75.79 218.81 348.45 0.5275474
table 0 0 -10 78.75 80.21 528.96 298.33 0.3921061
desk 0 0 -10 34.32 101.59 445.11 506.58 0.2672583
chair 0 0 -10 108.20 116.08 339.18 492.07 0.2380817
desk 0 0 -10 88.29 71.76 376.91 268.19 0.2372403
table 0 0 -10 5.35 122.80 305.09 370.09 0.2005551
chair 0 0 -10 0.00 112.54 137.06 344.24 0.1827002
desk 0 0 -10 7.29 82.25 297.27 414.25 0.1783650
chair 0 0 -10 61.13 155.48 234.54 340.97 0.1268896
table 0 0 -10 27.99 103.68 447.97 487.99 0.1255533
table 0 0 -10 42.21 71.81 368.87 233.92 0.1183694
table 0 0 -10 346.38 93.44 535.67 352.17 0.1071248
desk 0 0 -10 355.02 88.40 531.84 352.65 0.0647250
desk 0 0 -10 3.31 191.42 233.52 361.31 0.0642288
chair 0 0 -10 15.60 127.82 205.44 272.13 0.0507461
desk 0 0 -10 17.39 60.29 557.12 241.53 0.0507102
chair 0 0 -10 0.00 102.00 48.01 324.36 0.0501189
chair 0 0 -10 254.81 79.66 417.04 307.42 0.0495623
chair 0 0 -10 26.15 194.76 275.36 517.52 0.0491625
chair 0 0 -10 447.93 133.31 516.27 277.75 0.0455036
chair 0 0 -10 0.05 68.86 107.55 180.17 0.0297777
chair 0 0 -10 372.63 51.79 527.79 314.59 0.0292242
table 0 0 -10 187.38 113.18 502.63 383.09 0.0287616
table 0 0 -10 0.00 160.39 195.36 405.67 0.0233406
chair 0 0 -10 1.86 77.14 69.27 419.82 0.0210007
desk 0 0 -10 0.95 174.07 146.99 421.32 0.0141188
chair 0 0 -10 77.90 31.86 188.76 151.44 0.0126616
desk 0 0 -10 115.38 70.66 292.00 227.14 0.0123578
chair 0 0 -10 87.19 78.90 285.19 282.19 0.0110585
chair 0 0 -10 402.67 78.59 565.38 419.00 0.0105299
table 0 0 -10 695.85 269.53 728.73 381.16 0.0101248
chair 0 0 -10 538.69 237.06 707.21 460.45 0.0098024
table 0 0 -10 128.64 84.31 322.78 277.02 0.0085807
chair 0 0 -10 53.35 14.18 146.88 141.57 0.0083613
table 0 0 -10 38.41 54.18 223.44 214.69 0.0082381
table 0 0 -10 105.63 172.39 676.16 519.34 0.0077602
chair 0 0 -10 0.24 85.20 43.40 211.33 0.0072298
table 0 0 -10 95.12 75.07 303.50 198.84 0.0068325
chair 0 0 -10 187.48 103.25 397.55 258.07 0.0065266
chair 0 0 -10 444.45 6.56 553.07 140.93 0.0063778
desk 0 0 -10 1.55 145.66 79.47 506.30 0.0062318
chair 0 0 -10 320.00 8.94 436.84 107.80 0.0061696
chair 0 0 -10 42.86 332.77 308.89 527.58 0.0059050
chair 0 0 -10 303.88 87.24 484.19 312.22 0.0058550
chair 0 0 -10 194.85 50.31 563.31 282.17 0.0054891
table 0 0 -10 0.00 114.43 236.80 280.87 0.0054050
chair 0 0 -10 478.05 18.78 590.38 196.40 0.0048767
desk 0 0 -10 0.00 111.39 225.89 278.92 0.0046550
desk 0 0 -10 691.23 256.20 728.15 376.81 0.0046464
chair 0 0 -10 234.30 4.11 311.02 74.39 0.0046456
chair 0 0 -10 142.24 124.19 258.72 338.97 0.0044331
table 0 0 -10 679.76 256.78 728.14 421.24 0.0042807
chair 0 0 -10 102.46 6.20 199.97 107.55 0.0040877
desk 0 0 -10 107.38 169.25 687.88 528.35 0.0040631
desk 0 0 -10 38.41 58.47 219.27 219.32 0.0040339
chair 0 0 -10 426.16 99.45 686.68 444.40 0.0040175
chair 0 0 -10 690.85 288.62 729.11 407.88 0.0038439
desk 0 0 -10 446.40 5.21 605.47 192.08 0.0038006
chair 0 0 -10 159.34 26.18 263.30 134.66 0.0037540
table 0 0 -10 0.00 152.90 120.06 316.76 0.0037159
dresser 0 0 -10 629.82 43.06 730.00 262.65 0.0035962
dresser 0 0 -10 12.05 217.44 282.31 530.00 0.0033291
table 0 0 -10 217.30 95.83 469.69 280.54 0.0033139
sofa 0 0 -10 0.00 75.10 204.63 223.36 0.0033060
chair 0 0 -10 75.68 13.86 159.85 98.75 0.0031378
desk 0 0 -10 177.56 16.52 654.56 283.08 0.0031358
chair 0 0 -10 179.50 92.91 308.03 306.19 0.0030925
table 0 0 -10 422.96 240.30 695.10 477.06 0.0030876
desk 0 0 -10 414.21 97.51 521.44 284.74 0.0030593
chair 0 0 -10 206.08 5.54 490.63 109.05 0.0030367
chair 0 0 -10 0.64 83.22 21.58 291.99 0.0030261
chair 0 0 -10 314.28 18.94 525.43 147.12 0.0029980
sofa 0 0 -10 0.46 65.99 284.02 397.01 0.0029550
table 0 0 -10 410.17 12.40 582.34 191.83 0.0029002
chair 0 0 -10 97.23 5.98 169.22 74.40 0.0028808
chair 0 0 -10 294.93 21.84 460.69 190.70 0.0028079
chair 0 0 -10 174.88 16.94 335.61 157.85 0.0027195
desk 0 0 -10 179.17 109.42 407.19 415.96 0.0022998
table 0 0 -10 0.52 151.10 82.11 510.87 0.0022474
table 0 0 -10 697.00 287.94 729.50 450.67 0.0022301
chair 0 0 -10 477.01 201.61 693.70 402.67 0.0021267
chair 0 0 -10 137.94 5.30 241.45 102.82 0.0020416
chair 0 0 -10 195.81 18.21 285.24 84.50 0.0019890
bookshelf 0 0 -10 632.69 26.59 729.79 266.08 0.0019725
chair 0 0 -10 621.29 227.64 722.20 395.22 0.0019669
desk 0 0 -10 414.97 34.02 563.74 229.14 0.0019584
chair 0 0 -10 0.00 167.72 104.47 451.38 0.0019552
bathtub 0 0 -10 18.16 237.88 274.78 529.93 0.0019383
chair 0 0 -10 6.45 229.72 195.02 432.96 0.0019278
chair 0 0 -10 443.21 142.04 514.87 213.78 0.0019262
bookshelf 0 0 -10 6.41 35.13 277.88 394.65 0.0019191
chair 0 0 -10 161.95 72.63 272.01 229.96 0.0019168
table 0 0 -10 408.48 101.72 521.88 286.93 0.0018538
