table 0 0 -10 128.57 212.07 614.17 518.86 0.9663799
chair 0 0 -10 477.16 86.64 578.09 224.50 0.9572794
chair 0 0 -10 394.21 94.44 467.98 191.38 0.9307242
chair 0 0 -10 438.54 86.59 518.89 201.41 0.8286574
chair 0 0 -10 59.15 158.21 159.85 326.62 0.7582849
table 0 0 -10 8.97 161.83 157.91 312.34 0.5046690
chair 0 0 -10 376.67 93.60 419.46 189.37 0.4405787
chair 0 0 -10 467.00 96.83 604.48 366.26 0.3129949
chair 0 0 -10 676.83 153.71 727.85 273.24 0.3041918
desk 0 0 -10 15.17 157.39 157.85 292.70 0.2861370
chair 0 0 -10 393.21 86.45 517.20 164.58 0.2335905
chair 0 0 -10 456.51 83.78 517.39 155.10 0.2329383
chair 0 0 -10 324.42 84.69 557.83 206.44 0.2033851
chair 0 0 -10 364.38 92.10 403.89 193.61 0.1875216
chair 0 0 -10 253.59 127.50 404.88 336.13 0.1802096
chair 0 0 -10 271.69 154.35 352.32 327.88 0.1556592
chair 0 0 -10 276.25 139.84 342.36 212.34 0.1425645
table 0 0 -10 287.10 140.96 406.96 209.27 0.1382342
table 0 0 -10 431.02 138.06 512.87 202.75 0.1349417
chair 0 0 -10 322.65 139.33 389.38 322.29 0.0938476
chair 0 0 -10 503.14 79.91 576.58 184.19 0.0932812
chair 0 0 -10 439.60 83.12 555.42 246.79 0.0892469
chair 0 0 -10 472.75 79.65 561.42 166.91 0.0803663
chair 0 0 -10 423.37 90.42 474.73 158.13 0.0728374
table 0 0 -10 267.66 196.09 610.13 432.86 0.0728370
chair 0 0 -10 271.03 141.88 367.64 250.54 0.0676571
table 0 0 -10 269.97 165.81 332.50 211.50 0.0657888
chair 0 0 -10 0.00 160.90 68.84 316.30 0.0597679
table 0 0 -10 325.96 134.61 442.60 206.21 0.0596602
bed 0 0 -10 275.99 132.57 346.96 211.54 0.0568050
desk 0 0 -10 272.69 161.68 335.93 213.18 0.0556692
desk 0 0 -10 134.58 212.90 615.99 530.00 0.0509897
dresser 0 0 -10 169.10 151.07 240.69 217.80 0.0461969
chair 0 0 -10 360.65 98.21 445.11 199.28 0.0442274
chair 0 0 -10 338.60 118.90 526.83 360.61 0.0407738
chair 0 0 -10 391.93 98.53 409.07 174.37 0.0405599
table 0 0 -10 0.29 164.22 66.86 323.46 0.0396386
desk 0 0 -10 157.76 150.89 270.53 216.61 0.0368845
dresser 0 0 -10 274.08 141.79 341.10 210.74 0.0365087
chair 0 0 -10 673.07 52.09 725.46 268.72 0.0362867
chair 0 0 -10 376.35 124.95 501.95 204.69 0.0348893
night_stand 0 0 -10 274.31 161.43 336.26 213.06 0.0335982
chair 0 0 -10 178.35 264.80 544.93 519.63 0.0334939
chair 0 0 -10 454.15 17.40 601.56 225.50 0.0330859
desk 0 0 -10 274.80 140.15 368.24 211.44 0.0314464
table 0 0 -10 417.59 193.10 617.79 392.27 0.0310875
chair 0 0 -10 428.37 134.98 501.83 196.30 0.0306307
table 0 0 -10 337.08 144.94 394.29 208.46 0.0297730
table 0 0 -10 475.99 143.58 570.11 218.63 0.0267624
table 0 0 -10 369.12 135.45 507.10 205.98 0.0266217
chair 0 0 -10 66.20 149.31 163.44 250.89 0.0265499
chair 0 0 -10 331.45 146.83 402.78 210.50 0.0263940
chair 0 0 -10 404.22 47.08 629.94 402.54 0.0259043
chair 0 0 -10 381.02 114.18 473.92 285.99 0.0253400
bed 0 0 -10 285.66 138.00 393.04 212.31 0.0250057
chair 0 0 -10 432.30 75.19 501.63 143.99 0.0248713
chair 0 0 -10 387.45 98.29 400.86 180.17 0.0242815
sofa 0 0 -10 273.68 139.46 385.12 211.95 0.0240914
chair 0 0 -10 393.04 89.76 448.00 160.60 0.0237563
chair 0 0 -10 448.06 86.08 640.66 263.88 0.0227197
desk 0 0 -10 194.31 150.07 246.03 216.77 0.0197347
table 0 0 -10 186.53 371.88 657.63 525.90 0.0186679
chair 0 0 -10 335.46 133.49 422.39 305.29 0.0181205
night_stand 0 0 -10 294.98 145.59 391.39 211.16 0.0180345
chair 0 0 -10 8.81 157.69 126.56 312.76 0.0177843
table 0 0 -10 273.44 147.45 355.59 213.18 0.0176144
desk 0 0 -10 321.55 139.98 404.66 210.57 0.0169616
chair 0 0 -10 343.28 114.48 395.65 203.31 0.0166788
chair 0 0 -10 291.88 138.48 389.37 211.07 0.0160201
chair 0 0 -10 396.80 95.74 420.70 164.81 0.0153805
dresser 0 0 -10 290.78 141.79 391.32 210.28 0.0151408
table 0 0 -10 364.17 117.37 424.20 195.67 0.0145299
bookshelf 0 0 -10 169.09 132.10 246.71 216.53 0.0143338
chair 0 0 -10 467.64 90.69 482.60 172.11 0.0139169
chair 0 0 -10 410.71 98.94 438.28 163.15 0.0131401
bed 0 0 -10 138.30 192.71 608.47 524.86 0.0131354
chair 0 0 -10 516.59 38.94 640.53 377.18 0.0129412
table 0 0 -10 264.03 164.56 333.39 258.86 0.0119961
chair 0 0 -10 63.28 152.25 246.06 357.06 0.0118772
table 0 0 -10 676.00 150.38 728.52 275.47 0.0114399
desk 0 0 -10 237.03 150.55 282.39 212.69 0.0111534
table 0 0 -10 375.90 134.77 452.95 193.75 0.0111064
desk 0 0 -10 49.09 155.32 162.21 247.88 0.0109845
chair 0 0 -10 270.11 172.07 329.55 213.37 0.0102582
dresser 0 0 -10 59.41 154.81 158.27 281.69 0.0101384
chair 0 0 -10 172.60 149.23 240.01 217.91 0.0100245
table 0 0 -10 164.52 156.24 259.65 218.61 0.0099802
chair 0 0 -10 431.18 89.21 461.33 143.02 0.0096376
bed 0 0 -10 337.77 98.69 390.57 208.80 0.0096085
dresser 0 0 -10 207.35 154.64 226.95 211.70 0.0091287
chair 0 0 -10 512.50 75.24 610.32 302.00 0.0090901
sofa 0 0 -10 375.24 77.03 472.98 172.92 0.0088177
bookshelf 0 0 -10 278.25 135.83 363.34 210.68 0.0087041
table 0 0 -10 318.93 156.22 389.67 312.70 0.0086792
chair 0 0 -10 381.34 96.57 396.46 182.15 0.0079232
desk 0 0 -10 0.00 149.75 260.36 259.27 0.0072466
table 0 0 -10 406.30 54.54 594.53 205.70 0.0072087
dresser 0 0 -10 195.01 148.69 262.10 212.59 0.0071710
table 0 0 -10 262.65 167.07 383.56 287.64 0.0071641
chair 0 0 -10 201.01 155.73 236.90 208.22 0.0070692
