chair 0 0 -10 157.44 248.30 408.59 525.26 0.9934933
chair 0 0 -10 362.22 226.16 569.69 471.90 0.9832817
chair 0 0 -10 598.67 298.61 727.33 518.58 0.9372364
chair 0 0 -10 584.69 117.84 687.79 223.54 0.6990514
table 0 0 -10 187.96 199.25 715.85 453.66 0.6909192
desk 0 0 -10 501.72 136.32 610.07 234.02 0.5380047
desk 0 0 -10 200.82 212.32 631.49 470.78 0.4921219
chair 0 0 -10 0.50 105.89 46.22 218.95 0.3159463
table 0 0 -10 505.37 135.50 619.77 232.56 0.2827934
chair 0 0 -10 575.79 125.86 713.81 266.17 0.1966032
chair 0 0 -10 576.45 98.14 651.57 210.10 0.1489346
chair 0 0 -10 607.13 145.00 729.45 474.19 0.1474887
chair 0 0 -10 498.27 137.02 560.97 225.35 0.1405599
chair 0 0 -10 562.24 136.23 618.10 225.44 0.1392438
desk 0 0 -10 339.32 211.85 724.51 433.08 0.1138638
chair 0 0 -10 665.31 119.52 728.10 235.73 0.1113347
desk 0 0 -10 200.73 123.72 646.84 224.27 0.1092410
chair 0 0 -10 523.84 111.16 673.09 236.68 0.1054384
chair 0 0 -10 479.49 97.64 565.70 204.66 0.0980281
chair 0 0 -10 449.15 122.01 559.13 229.77 0.0949495
desk 0 0 -10 452.22 133.27 664.82 234.98 0.0908749
chair 0 0 -10 628.10 119.80 730.00 354.42 0.0901765
table 0 0 -10 513.19 269.71 722.10 483.45 0.0890136
table 0 0 -10 189.56 139.56 730.00 322.42 0.0674093
chair 0 0 -10 544.84 126.88 599.52 219.85 0.0655107
chair 0 0 -10 390.70 103.44 506.95 210.11 0.0623788
chair 0 0 -10 475.22 115.08 613.02 234.33 0.0623247
desk 0 0 -10 521.34 271.24 721.03 495.51 0.0597717
chair 0 0 -10 187.08 161.45 254.24 287.53 0.0573985
chair 0 0 -10 593.35 91.75 655.61 169.31 0.0516129
chair 0 0 -10 511.28 100.09 593.07 204.57 0.0515245
table 0 0 -10 186.39 158.86 219.00 283.18 0.0452901
chair 0 0 -10 214.07 216.95 416.33 438.28 0.0448906
chair 0 0 -10 658.60 181.10 725.86 457.05 0.0446596
table 0 0 -10 326.74 130.50 666.14 221.23 0.0436791
desk 0 0 -10 192.61 138.73 727.21 325.58 0.0402728
table 0 0 -10 335.18 133.36 409.24 220.16 0.0396142
table 0 0 -10 191.52 173.61 304.52 283.75 0.0380067
chair 0 0 -10 378.95 110.70 550.83 260.95 0.0378633
table 0 0 -10 586.25 321.29 729.11 519.26 0.0369309
chair 0 0 -10 491.30 111.91 541.41 210.86 0.0368606
table 0 0 -10 28.61 102.62 206.14 157.68 0.0326462
table 0 0 -10 202.26 206.48 600.36 311.55 0.0320831
chair 0 0 -10 674.91 264.10 729.57 502.27 0.0310440
desk 0 0 -10 338.12 127.05 403.59 227.14 0.0299404
table 0 0 -10 203.09 198.66 357.07 262.87 0.0291270
desk 0 0 -10 27.71 101.40 209.02 158.27 0.0267078
desk 0 0 -10 189.90 119.17 382.64 266.66 0.0261065
table 0 0 -10 184.98 155.58 375.16 315.71 0.0256304
desk 0 0 -10 211.53 114.89 368.77 203.39 0.0249195
desk 0 0 -10 389.30 116.93 549.30 207.01 0.0244529
chair 0 0 -10 330.07 91.98 387.39 201.71 0.0241373
chair 0 0 -10 363.29 95.61 412.51 203.32 0.0240168
chair 0 0 -10 530.34 136.08 624.30 242.58 0.0236963
chair 0 0 -10 475.31 286.86 710.44 522.00 0.0234576
chair 0 0 -10 407.76 202.51 641.34 416.35 0.0233691
chair 0 0 -10 573.56 123.12 677.63 184.90 0.0232249
table 0 0 -10 475.52 135.70 699.89 240.98 0.0221798
desk 0 0 -10 504.94 128.00 557.34 215.50 0.0216548
chair 0 0 -10 526.38 131.74 580.28 223.17 0.0210108
chair 0 0 -10 512.48 135.58 523.49 198.06 0.0208044
desk 0 0 -10 143.82 245.63 490.19 507.66 0.0198173
desk 0 0 -10 589.45 318.14 728.22 522.28 0.0195805
chair 0 0 -10 681.09 136.84 728.41 391.60 0.0191060
chair 0 0 -10 287.79 213.89 500.46 424.51 0.0190248
desk 0 0 -10 209.45 207.60 588.93 311.66 0.0187861
chair 0 0 -10 378.62 220.80 537.29 387.33 0.0164479
chair 0 0 -10 189.84 214.89 560.50 490.90 0.0161803
table 0 0 -10 142.46 245.69 499.31 497.15 0.0161324
desk 0 0 -10 204.84 196.88 352.89 261.88 0.0153678
table 0 0 -10 370.24 203.52 728.27 349.13 0.0153053
desk 0 0 -10 334.87 110.30 449.60 217.27 0.0149762
table 0 0 -10 181.64 158.13 255.85 286.92 0.0143309
chair 0 0 -10 422.31 88.45 516.52 187.07 0.0134896
chair 0 0 -10 343.66 97.17 433.81 214.46 0.0134553
chair 0 0 -10 509.79 1.95 586.56 61.81 0.0132529
desk 0 0 -10 192.99 157.75 301.12 274.90 0.0132449
table 0 0 -10 387.10 118.93 551.82 204.00 0.0130962
table 0 0 -10 208.20 115.05 357.97 203.70 0.0127049
chair 0 0 -10 0.47 98.09 18.18 206.26 0.0125645
chair 0 0 -10 185.31 111.00 318.99 294.73 0.0125207
chair 0 0 -10 419.62 78.08 494.41 157.29 0.0119194
chair 0 0 -10 688.76 131.44 728.37 259.63 0.0111762
desk 0 0 -10 25.24 93.55 301.23 199.61 0.0107177
chair 0 0 -10 189.88 153.76 225.09 265.19 0.0101974
table 0 0 -10 368.16 179.50 573.77 417.72 0.0100060
chair 0 0 -10 312.26 73.76 410.69 175.14 0.0098463
table 0 0 -10 504.38 127.88 559.15 214.29 0.0096784
table 0 0 -10 467.15 150.85 722.89 312.35 0.0096230
table 0 0 -10 395.39 148.48 726.32 430.74 0.0093303
chair 0 0 -10 535.40 115.24 595.99 185.76 0.0092210
desk 0 0 -10 523.21 128.91 580.83 217.47 0.0089868
desk 0 0 -10 475.90 149.41 716.81 313.96 0.0089348
desk 0 0 -10 380.07 227.80 564.40 407.06 0.0088700
chair 0 0 -10 381.73 91.93 424.28 209.51 0.0088301
table 0 0 -10 186.12 165.45 730.00 247.29 0.0080593
table 0 0 -10 4.14 103.06 49.58 215.67 0.0075621
desk 0 0 -10 595.41 151.77 727.60 476.19 0.0071977
table 0 0 -10 15.35 97.87 236.33 206.53 0.0071331
chair 0 0 -10 505.74 83.92 571.96 141.43 0.0069797
