chair 0 0 -10 510.48 151.71 611.10 332.09 0.9737002
chair 0 0 -10 318.41 226.98 481.49 465.32 0.9725118
chair 0 0 -10 106.87 179.99 246.32 332.06 0.9453755
chair 0 0 -10 235.83 197.83 360.04 366.45 0.9352425
chair 0 0 -10 406.69 140.63 506.67 237.91 0.8762922
chair 0 0 -10 341.45 132.40 418.35 215.66 0.8709061
desk 0 0 -10 47.33 222.46 370.05 528.66 0.7789755
table 0 0 -10 46.94 198.90 219.51 359.96 0.7513593
table 0 0 -10 245.58 146.26 544.32 246.81 0.6273231
table 0 0 -10 394.53 69.08 721.44 225.96 0.5454422
table 0 0 -10 291.35 98.51 708.88 181.15 0.5390697
desk 0 0 -10 235.92 147.54 581.74 369.92 0.5319616
table 0 0 -10 46.02 212.57 365.06 484.56 0.4408616
chair 0 0 -10 123.22 185.19 244.07 265.22 0.4121740
chair 0 0 -10 143.50 189.82 307.08 370.22 0.3922557
table 0 0 -10 234.29 145.64 577.91 337.25 0.3816583
table 0 0 -10 426.03 64.35 718.78 135.83 0.3711974
table 0 0 -10 271.53 114.71 634.46 235.05 0.3078990
desk 0 0 -10 376.01 84.89 706.49 248.27 0.2925746
chair 0 0 -10 596.46 37.67 725.34 157.76 0.2550553
desk 0 0 -10 292.97 75.18 720.35 330.31 0.2505083
chair 0 0 -10 40.71 177.00 222.68 358.68 0.2237060
chair 0 0 -10 594.25 105.92 683.38 261.09 0.2204486
table 0 0 -10 458.31 102.37 680.70 273.40 0.2025830
chair 0 0 -10 679.71 63.06 726.97 212.32 0.2012176
table 0 0 -10 287.36 82.68 713.96 311.22 0.1968881
desk 0 0 -10 297.84 96.90 714.20 184.39 0.1959760
desk 0 0 -10 150.74 181.24 547.50 496.65 0.1912568
desk 0 0 -10 237.93 139.07 585.23 261.61 0.1908877
chair 0 0 -10 72.42 182.10 219.79 277.57 0.1798791
desk 0 0 -10 427.48 63.52 721.39 137.44 0.1678312
chair 0 0 -10 429.60 113.83 518.09 165.71 0.1584272
chair 0 0 -10 320.42 133.40 392.84 204.38 0.1436795
chair 0 0 -10 544.70 41.46 711.61 198.88 0.1350069
chair 0 0 -10 385.63 100.45 530.42 263.62 0.1347485
table 0 0 -10 470.71 44.73 719.59 179.42 0.1337463
chair 0 0 -10 451.41 94.01 546.64 189.71 0.1276819
table 0 0 -10 461.84 47.30 722.56 109.21 0.1240694
chair 0 0 -10 347.23 141.92 455.50 251.59 0.1124505
chair 0 0 -10 466.04 103.21 527.07 169.86 0.1079067
table 0 0 -10 143.59 187.61 546.29 482.62 0.1078712
table 0 0 -10 250.37 180.65 515.05 405.88 0.1067152
chair 0 0 -10 235.72 195.43 343.05 285.56 0.0959682
desk 0 0 -10 453.47 116.16 645.91 295.20 0.0953885
chair 0 0 -10 501.98 76.32 663.96 265.21 0.0941891
desk 0 0 -10 31.38 204.76 249.18 398.76 0.0918674
chair 0 0 -10 371.25 136.80 470.55 215.79 0.0809868
chair 0 0 -10 80.96 195.76 255.76 413.99 0.0750043
table 0 0 -10 300.95 141.15 499.73 222.83 0.0735490
chair 0 0 -10 175.98 189.56 314.03 302.69 0.0691348
table 0 0 -10 29.17 210.57 197.62 457.06 0.0681346
chair 0 0 -10 31.90 258.67 285.48 515.12 0.0672743
chair 0 0 -10 164.61 178.58 244.51 247.02 0.0670322
chair 0 0 -10 639.15 54.27 726.66 198.28 0.0647164
desk 0 0 -10 437.89 41.08 729.74 196.16 0.0639978
chair 0 0 -10 391.48 102.47 441.95 199.49 0.0638511
chair 0 0 -10 510.12 103.30 581.04 167.45 0.0618898
chair 0 0 -10 229.08 201.12 445.15 457.24 0.0616406
chair 0 0 -10 478.38 61.34 533.93 133.96 0.0609489
chair 0 0 -10 498.28 102.60 602.99 213.17 0.0592573
chair 0 0 -10 432.91 142.93 568.66 264.04 0.0559986
chair 0 0 -10 280.16 183.47 379.95 339.10 0.0558752
chair 0 0 -10 425.34 114.21 526.27 211.00 0.0551601
chair 0 0 -10 541.40 50.46 586.44 134.16 0.0549678
chair 0 0 -10 489.52 50.51 588.40 155.16 0.0509111
chair 0 0 -10 409.81 102.14 502.07 156.53 0.0499872
chair 0 0 -10 249.95 167.98 418.51 352.37 0.0489175
table 0 0 -10 340.96 71.05 597.48 215.63 0.0465578
chair 0 0 -10 457.14 132.30 644.88 303.33 0.0461499
chair 0 0 -10 399.36 102.74 479.08 210.70 0.0448413
chair 0 0 -10 320.10 145.34 400.36 266.17 0.0447814
desk 0 0 -10 385.84 165.34 576.03 387.87 0.0438879
chair 0 0 -10 435.18 65.20 530.70 159.85 0.0438505
chair 0 0 -10 455.81 101.57 626.55 171.45 0.0423404
table 0 0 -10 495.25 127.06 617.57 273.62 0.0417056
chair 0 0 -10 352.80 149.24 491.97 330.29 0.0412446
chair 0 0 -10 308.25 113.20 476.56 243.90 0.0404137
chair 0 0 -10 509.81 120.91 619.25 258.93 0.0402956
chair 0 0 -10 530.51 52.60 656.86 172.05 0.0394304
table 0 0 -10 47.67 198.20 191.29 278.46 0.0385236
chair 0 0 -10 537.60 99.94 687.76 227.54 0.0382964
chair 0 0 -10 468.30 79.69 560.56 162.88 0.0381815
chair 0 0 -10 528.10 41.30 615.65 126.02 0.0368286
chair 0 0 -10 352.46 111.58 440.25 157.36 0.0351662
chair 0 0 -10 399.89 105.24 453.36 165.79 0.0342834
table 0 0 -10 33.19 196.47 178.56 229.70 0.0339658
table 0 0 -10 375.76 166.98 576.42 382.50 0.0325709
table 0 0 -10 361.55 89.41 660.26 153.00 0.0324232
chair 0 0 -10 440.27 61.97 604.44 210.97 0.0319904
chair 0 0 -10 451.35 92.32 504.11 170.31 0.0317422
table 0 0 -10 333.12 110.65 540.08 196.04 0.0313535
chair 0 0 -10 491.73 78.35 528.36 111.15 0.0313056
table 0 0 -10 465.85 151.37 601.24 308.77 0.0303462
chair 0 0 -10 488.56 93.16 539.48 170.04 0.0300181
chair 0 0 -10 367.71 107.77 419.35 197.30 0.0282851
chair 0 0 -10 411.29 115.20 448.12 154.46 0.0279620
desk 0 0 -10 528.22 97.69 674.00 273.53 0.0276163
chair 0 0 -10 54.47 193.27 180.17 239.00 0.0276010
desk 0 0 -10 465.13 46.52 723.22 110.97 0.0272125
chair 0 0 -10 32.70 178.30 301.52 287.92 0.0248047
