chair 0 0 -10 331.01 178.77 405.89 289.48 0.9847195
chair 0 0 -10 83.81 150.27 173.95 277.56 0.9087808
table 0 0 -10 495.69 190.99 720.05 449.03 0.6796780
table 0 0 -10 0.00 256.62 149.93 516.09 0.6291530
table 0 0 -10 583.02 275.77 729.19 521.20 0.5863418
desk 0 0 -10 102.42 168.25 268.39 294.34 0.5846561
chair 0 0 -10 116.97 144.92 175.29 249.54 0.5251138
desk 0 0 -10 489.42 181.05 715.02 422.25 0.5153342
desk 0 0 -10 369.72 151.75 435.97 241.46 0.4315438
table 0 0 -10 101.48 162.41 253.45 292.24 0.4142374
table 0 0 -10 280.30 176.10 398.31 291.09 0.4103620
desk 0 0 -10 0.74 265.96 137.72 508.27 0.3968577
desk 0 0 -10 597.22 269.82 730.00 523.46 0.3168241
table 0 0 -10 84.92 168.06 385.37 281.37 0.3137713
chair 0 0 -10 83.83 148.80 141.82 247.92 0.2580997
desk 0 0 -10 277.11 170.68 391.26 289.17 0.2500670
table 0 0 -10 360.75 145.84 438.72 248.31 0.1579677
chair 0 0 -10 42.09 161.37 154.92 287.91 0.1224997
desk 0 0 -10 494.96 165.02 723.46 311.72 0.1134017
table 0 0 -10 1.67 193.70 64.60 299.04 0.1114927
table 0 0 -10 210.37 186.40 291.88 288.95 0.1096745
chair 0 0 -10 120.05 139.73 184.18 190.06 0.1090087
desk 0 0 -10 150.40 167.04 420.84 287.45 0.0997682
chair 0 0 -10 7.95 164.10 118.38 279.62 0.0859025
chair 0 0 -10 1.69 190.14 68.81 297.43 0.0725774
chair 0 0 -10 139.26 155.74 203.87 274.21 0.0671762
desk 0 0 -10 197.92 174.04 285.61 288.28 0.0599019
chair 0 0 -10 593.99 279.04 721.17 518.25 0.0580260
chair 0 0 -10 620.71 152.22 727.55 314.24 0.0568031
chair 0 0 -10 365.73 44.80 433.98 157.67 0.0557903
chair 0 0 -10 346.78 165.30 425.15 271.26 0.0550053
chair 0 0 -10 288.92 130.02 353.36 271.11 0.0504044
desk 0 0 -10 1.09 191.85 64.41 300.94 0.0482014
desk 0 0 -10 134.49 169.05 213.69 287.73 0.0464617
table 0 0 -10 491.21 183.98 720.74 313.01 0.0462070
desk 0 0 -10 67.99 164.40 204.35 292.36 0.0447599
table 0 0 -10 161.33 167.71 284.18 284.46 0.0422599
table 0 0 -10 132.30 172.69 217.30 287.17 0.0408501
chair 0 0 -10 368.24 156.57 425.64 236.84 0.0385198
chair 0 0 -10 115.51 130.49 213.71 228.97 0.0380252
chair 0 0 -10 556.71 164.36 700.77 413.37 0.0355528
chair 0 0 -10 122.33 140.64 165.14 177.76 0.0322054
chair 0 0 -10 97.27 196.07 139.38 240.26 0.0256149
chair 0 0 -10 98.06 143.18 168.91 207.85 0.0255575
desk 0 0 -10 282.87 138.76 353.57 276.31 0.0238813
chair 0 0 -10 294.75 172.69 385.32 286.51 0.0233732
table 0 0 -10 85.47 170.15 182.49 284.42 0.0228963
table 0 0 -10 2.44 206.30 156.71 415.00 0.0225298
desk 0 0 -10 277.40 153.28 430.75 245.60 0.0220605
chair 0 0 -10 168.52 123.81 246.07 259.22 0.0217524
desk 0 0 -10 114.04 167.95 184.64 284.00 0.0208856
desk 0 0 -10 489.77 181.67 624.02 341.65 0.0199399
chair 0 0 -10 362.56 97.16 434.23 245.13 0.0187299
desk 0 0 -10 38.50 140.98 263.32 271.66 0.0168589
table 0 0 -10 56.34 214.21 205.07 406.93 0.0167500
chair 0 0 -10 6.61 169.62 153.67 372.83 0.0166867
chair 0 0 -10 486.00 180.74 598.82 348.78 0.0160757
table 0 0 -10 198.52 166.50 349.11 283.96 0.0150520
table 0 0 -10 69.69 258.25 151.71 423.69 0.0146585
chair 0 0 -10 210.31 167.37 288.03 287.85 0.0141335
chair 0 0 -10 572.53 165.34 697.69 297.52 0.0141318
chair 0 0 -10 0.00 141.03 89.28 333.53 0.0138985
table 0 0 -10 281.95 184.64 349.19 273.39 0.0138128
chair 0 0 -10 141.20 165.89 165.27 224.20 0.0137689
desk 0 0 -10 113.21 157.43 275.42 237.23 0.0135136
table 0 0 -10 324.56 178.81 404.05 241.82 0.0130643
chair 0 0 -10 25.14 157.95 96.32 250.33 0.0124133
table 0 0 -10 238.36 167.44 402.76 251.14 0.0122894
table 0 0 -10 23.76 156.55 221.49 298.23 0.0121330
table 0 0 -10 262.90 145.31 434.08 308.52 0.0119413
chair 0 0 -10 78.70 146.71 250.10 262.96 0.0115886
chair 0 0 -10 78.34 133.60 191.95 196.77 0.0111425
chair 0 0 -10 46.34 189.87 123.78 263.46 0.0098713
night_stand 0 0 -10 596.04 281.29 727.11 525.79 0.0093025
desk 0 0 -10 260.75 143.66 437.26 313.52 0.0082389
chair 0 0 -10 163.99 154.49 221.13 273.57 0.0082259
table 0 0 -10 649.96 413.38 726.83 528.59 0.0082019
chair 0 0 -10 1.98 230.92 125.12 449.94 0.0080252
chair 0 0 -10 360.41 97.66 422.29 181.58 0.0080212
chair 0 0 -10 272.12 174.62 439.43 301.64 0.0079130
table 0 0 -10 368.35 148.41 434.27 205.90 0.0077426
chair 0 0 -10 372.35 48.67 422.00 113.24 0.0077145
desk 0 0 -10 94.40 183.26 178.58 253.74 0.0076888
chair 0 0 -10 279.23 122.87 355.60 205.83 0.0073318
chair 0 0 -10 664.12 159.19 729.18 398.90 0.0069806
desk 0 0 -10 34.22 255.21 149.28 441.69 0.0062344
table 0 0 -10 111.51 157.16 281.56 238.56 0.0059031
desk 0 0 -10 203.51 148.58 355.74 282.43 0.0058403
table 0 0 -10 545.26 154.04 729.33 367.19 0.0053674
table 0 0 -10 34.15 150.12 553.02 314.43 0.0052981
table 0 0 -10 347.91 167.00 415.52 233.18 0.0052160
desk 0 0 -10 365.61 116.47 432.20 202.02 0.0051046
table 0 0 -10 9.25 183.48 263.67 509.85 0.0050719
table 0 0 -10 280.01 180.07 389.76 229.75 0.0049986
table 0 0 -10 265.89 132.91 363.78 272.63 0.0049752
chair 0 0 -10 525.47 165.70 641.39 305.13 0.0047274
table 0 0 -10 272.16 178.69 714.83 521.15 0.0046363
table 0 0 -10 5.50 188.43 125.69 294.11 0.0044418
desk 0 0 -10 317.58 180.27 410.93 293.60 0.0043533
table 0 0 -10 301.49 157.94 423.08 253.96 0.0042393
