chair 0 0 -10 489.55 286.99 677.99 527.44 0.8743853
chair 0 0 -10 49.48 88.05 128.90 191.35 0.8159921
chair 0 0 -10 639.24 374.49 728.67 528.61 0.7982834
table 0 0 -10 92.66 111.30 713.96 509.54 0.7281206
chair 0 0 -10 1.87 129.52 49.70 240.89 0.5711184
chair 0 0 -10 318.03 225.79 419.15 413.81 0.4907270
table 0 0 -10 388.39 166.85 727.42 515.34 0.4688964
desk 0 0 -10 89.01 117.87 720.59 515.70 0.2323294
table 0 0 -10 616.94 299.68 729.24 524.75 0.1791185
chair 0 0 -10 1.37 166.82 49.74 222.43 0.1226143
desk 0 0 -10 345.31 78.23 727.45 207.15 0.0991152
desk 0 0 -10 392.45 163.91 725.88 527.51 0.0982029
table 0 0 -10 340.68 80.17 723.04 205.58 0.0816677
desk 0 0 -10 95.66 52.22 724.37 263.18 0.0664113
table 0 0 -10 492.15 275.32 708.10 527.16 0.0653104
table 0 0 -10 98.68 52.13 715.10 261.10 0.0632312
table 0 0 -10 320.02 253.18 422.52 419.27 0.0427106
chair 0 0 -10 645.82 304.88 728.30 474.63 0.0396785
chair 0 0 -10 388.44 169.62 703.38 521.14 0.0379338
table 0 0 -10 655.57 377.50 727.81 528.04 0.0331515
table 0 0 -10 0.79 134.10 38.83 249.22 0.0302744
chair 0 0 -10 673.97 336.08 728.60 495.37 0.0274877
chair 0 0 -10 3.72 76.65 43.66 208.72 0.0255987
chair 0 0 -10 324.11 65.36 487.39 259.09 0.0255013
chair 0 0 -10 388.72 69.90 478.15 243.17 0.0247335
chair 0 0 -10 0.00 132.43 25.68 254.43 0.0232917
desk 0 0 -10 392.06 97.87 730.00 158.86 0.0224679
chair 0 0 -10 72.10 89.57 148.76 165.92 0.0198906
chair 0 0 -10 512.23 301.11 660.94 427.66 0.0191018
chair 0 0 -10 8.44 134.63 28.59 228.09 0.0185163
chair 0 0 -10 179.80 45.00 245.83 142.62 0.0182539
table 0 0 -10 103.91 87.24 598.32 371.95 0.0178581
table 0 0 -10 390.50 98.24 728.47 158.56 0.0159597
chair 0 0 -10 42.92 86.14 115.44 152.18 0.0156142
table 0 0 -10 0.02 131.96 20.10 274.32 0.0155242
chair 0 0 -10 388.26 54.18 479.68 164.85 0.0152790
chair 0 0 -10 550.02 154.30 730.00 383.51 0.0129467
table 0 0 -10 73.32 92.03 176.52 197.57 0.0125064
chair 0 0 -10 629.66 130.99 729.73 530.00 0.0123099
chair 0 0 -10 6.22 119.76 10.93 249.57 0.0112421
chair 0 0 -10 4.37 109.47 56.99 188.02 0.0111781
chair 0 0 -10 3.04 120.86 13.79 248.65 0.0111551
table 0 0 -10 3.58 125.06 10.89 264.92 0.0110673
chair 0 0 -10 12.36 115.98 34.87 201.97 0.0110326
chair 0 0 -10 190.92 52.15 282.06 157.33 0.0104236
bookshelf 0 0 -10 380.78 51.16 718.94 208.92 0.0100079
chair 0 0 -10 438.80 94.06 656.78 315.83 0.0093571
chair 0 0 -10 229.65 125.67 637.55 503.53 0.0091879
chair 0 0 -10 222.48 66.83 317.38 177.20 0.0090524
chair 0 0 -10 3.20 120.73 31.63 161.28 0.0089020
table 0 0 -10 671.35 324.53 729.69 490.68 0.0087949
desk 0 0 -10 646.40 277.92 724.35 526.04 0.0087736
chair 0 0 -10 65.42 115.08 142.56 197.76 0.0081719
chair 0 0 -10 5.56 79.17 170.27 210.36 0.0078208
desk 0 0 -10 495.18 276.11 709.87 530.00 0.0077978
desk 0 0 -10 279.09 74.33 593.96 413.48 0.0074001
chair 0 0 -10 590.39 223.04 726.02 479.86 0.0071076
desk 0 0 -10 2.83 129.73 54.36 239.03 0.0066774
chair 0 0 -10 3.68 148.72 20.26 237.84 0.0066207
table 0 0 -10 7.83 145.03 57.07 244.82 0.0064401
chair 0 0 -10 140.52 42.21 232.58 147.25 0.0063971
table 0 0 -10 50.67 72.16 466.84 160.75 0.0063942
chair 0 0 -10 4.68 86.94 20.52 260.58 0.0059109
chair 0 0 -10 270.54 157.92 460.07 432.35 0.0058382
chair 0 0 -10 118.75 42.78 187.54 111.98 0.0053515
chair 0 0 -10 16.76 128.16 130.09 216.43 0.0052877
chair 0 0 -10 349.42 73.63 433.07 248.19 0.0052192
table 0 0 -10 44.04 78.85 250.05 204.74 0.0050195
desk 0 0 -10 319.06 251.21 422.13 422.40 0.0049707
chair 0 0 -10 478.94 96.03 564.18 143.64 0.0048132
table 0 0 -10 87.71 76.64 395.53 292.60 0.0046069
table 0 0 -10 4.08 91.31 61.51 224.98 0.0043890
table 0 0 -10 468.78 98.68 570.61 146.68 0.0043247
chair 0 0 -10 37.82 91.38 97.51 183.64 0.0042892
chair 0 0 -10 0.46 146.77 10.36 258.47 0.0042806
desk 0 0 -10 50.05 71.15 470.46 159.67 0.0041446
table 0 0 -10 101.88 123.15 174.61 194.48 0.0040911
chair 0 0 -10 4.22 96.48 9.64 236.11 0.0039920
chair 0 0 -10 171.71 77.03 557.71 171.40 0.0039099
table 0 0 -10 629.08 328.62 728.89 454.46 0.0037596
chair 0 0 -10 187.19 36.12 258.44 108.63 0.0036952
table 0 0 -10 405.77 97.92 685.52 322.34 0.0036913
desk 0 0 -10 67.50 87.65 164.22 195.02 0.0036718
chair 0 0 -10 496.87 68.26 721.24 412.40 0.0035856
chair 0 0 -10 421.29 249.01 625.92 510.28 0.0035538
desk 0 0 -10 366.57 74.99 727.80 370.19 0.0033450
table 0 0 -10 525.17 167.01 730.00 385.18 0.0032943
chair 0 0 -10 681.91 206.87 726.35 475.45 0.0032883
chair 0 0 -10 226.37 24.91 311.32 118.91 0.0032706
desk 0 0 -10 103.36 78.93 494.80 315.78 0.0030484
chair 0 0 -10 344.27 63.54 545.15 374.04 0.0029320
chair 0 0 -10 204.86 49.28 376.64 201.60 0.0028622
desk 0 0 -10 0.04 150.47 37.96 253.80 0.0028264
chair 0 0 -10 136.93 50.29 225.02 105.73 0.0028006
chair 0 0 -10 331.62 22.27 642.50 293.58 0.0027978
table 0 0 -10 68.98 81.61 203.06 153.71 0.0027322
bed 0 0 -10 63.15 65.19 699.23 496.97 0.0026049
sofa 0 0 -10 34.46 121.25 638.02 503.94 0.0025539
bookshelf 0 0 -10 222.86 21.31 655.36 115.02 0.0025445
chair 0 0 -10 58.14 156.03 506.62 494.94 0.0025327
