chair 0 0 -10 546.09 138.84 631.13 289.06 0.9836658
chair 0 0 -10 406.89 265.21 595.04 526.53 0.9785049
chair 0 0 -10 477.46 141.77 543.96 262.22 0.9759521
chair 0 0 -10 2.11 225.81 161.43 440.81 0.9736694
table 0 0 -10 147.56 249.69 511.04 530.00 0.9622253
chair 0 0 -10 606.31 142.01 695.68 287.02 0.9592148
chair 0 0 -10 297.74 0.00 391.54 95.90 0.9307965
chair 0 0 -10 409.63 0.00 486.89 94.14 0.9287242
chair 0 0 -10 307.85 160.44 396.32 242.99 0.8701435
chair 0 0 -10 98.09 195.85 194.70 328.93 0.7896755
chair 0 0 -10 405.05 157.74 467.82 242.27 0.7775254
table 0 0 -10 17.53 205.74 180.89 349.59 0.7518215
chair 0 0 -10 506.01 0.81 580.51 88.65 0.7286372
chair 0 0 -10 695.80 127.51 727.60 294.03 0.5135837
table 0 0 -10 0.49 218.28 157.37 444.75 0.3827431
chair 0 0 -10 49.49 193.91 158.84 333.77 0.2578431
chair 0 0 -10 575.87 33.15 704.76 274.86 0.2531202
chair 0 0 -10 11.44 193.14 112.60 332.16 0.2313907
table 0 0 -10 91.22 164.09 276.77 318.85 0.2249498
chair 0 0 -10 377.56 228.26 537.05 482.41 0.1714253
chair 0 0 -10 494.80 135.96 674.75 285.90 0.1162066
chair 0 0 -10 1.72 177.78 61.92 331.91 0.1075352
table 0 0 -10 0.00 222.74 37.60 436.13 0.0951895
chair 0 0 -10 79.25 195.09 142.03 300.13 0.0734601
desk 0 0 -10 102.07 160.20 277.60 283.51 0.0644059
chair 0 0 -10 583.52 5.21 689.95 102.06 0.0628113
chair 0 0 -10 154.81 183.66 500.04 529.75 0.0627699
table 0 0 -10 0.00 215.98 76.17 401.80 0.0526023
chair 0 0 -10 548.33 135.10 614.78 236.08 0.0494117
desk 0 0 -10 150.89 250.81 513.51 527.23 0.0474012
chair 0 0 -10 35.58 184.98 139.97 280.11 0.0453539
table 0 0 -10 103.65 193.18 202.11 303.90 0.0387233
table 0 0 -10 573.11 138.88 709.95 289.44 0.0319136
table 0 0 -10 311.14 174.21 393.43 240.74 0.0297939
chair 0 0 -10 288.53 60.38 403.45 232.48 0.0278073
table 0 0 -10 1.58 235.53 18.21 461.63 0.0276983
chair 0 0 -10 407.99 196.67 535.55 395.66 0.0272232
chair 0 0 -10 61.87 195.74 118.15 294.50 0.0266962
desk 0 0 -10 3.97 206.52 171.12 402.91 0.0264733
table 0 0 -10 10.97 202.01 173.12 284.37 0.0262676
chair 0 0 -10 460.80 129.86 563.52 310.88 0.0239184
chair 0 0 -10 373.87 0.64 581.04 105.60 0.0235221
chair 0 0 -10 111.00 195.66 180.71 285.06 0.0233573
chair 0 0 -10 2.49 203.06 88.03 295.53 0.0224273
chair 0 0 -10 0.08 169.27 34.22 385.75 0.0201916
chair 0 0 -10 63.62 163.55 216.75 316.60 0.0162553
table 0 0 -10 544.92 208.76 621.53 288.93 0.0159835
chair 0 0 -10 242.69 272.18 549.07 523.32 0.0154800
chair 0 0 -10 395.02 133.19 517.98 311.14 0.0153167
chair 0 0 -10 584.82 135.84 624.54 279.15 0.0151631
table 0 0 -10 7.62 248.94 31.91 482.75 0.0148778
table 0 0 -10 1.76 215.13 75.23 300.69 0.0135321
chair 0 0 -10 0.30 259.50 43.48 488.43 0.0127942
chair 0 0 -10 571.99 8.29 710.81 159.03 0.0127911
table 0 0 -10 701.46 198.68 728.99 318.73 0.0125879
chair 0 0 -10 136.29 196.29 191.27 301.79 0.0119001
table 0 0 -10 295.83 100.30 444.65 239.84 0.0113542
chair 0 0 -10 631.99 115.66 727.90 335.32 0.0110550
table 0 0 -10 290.47 0.51 416.51 108.28 0.0109536
chair 0 0 -10 13.42 141.26 170.36 339.66 0.0107187
table 0 0 -10 101.82 157.89 265.71 242.47 0.0106943
table 0 0 -10 290.69 3.00 583.32 106.69 0.0098005
table 0 0 -10 674.52 140.90 730.00 291.47 0.0096949
chair 0 0 -10 555.45 98.55 661.97 230.61 0.0096238
chair 0 0 -10 398.27 7.16 494.77 231.39 0.0095552
table 0 0 -10 507.09 9.61 581.92 88.94 0.0093105
table 0 0 -10 285.52 109.19 561.31 270.91 0.0092610
table 0 0 -10 309.96 297.95 575.70 523.53 0.0088223
table 0 0 -10 4.23 236.21 9.68 411.00 0.0085965
table 0 0 -10 15.42 179.71 249.06 420.06 0.0085808
desk 0 0 -10 14.93 191.06 215.53 324.23 0.0085294
chair 0 0 -10 280.54 0.00 477.93 101.50 0.0078073
bookshelf 0 0 -10 125.83 0.00 251.06 212.83 0.0076926
table 0 0 -10 3.79 224.27 13.95 424.27 0.0076520
chair 0 0 -10 379.14 148.01 610.13 285.42 0.0074865
bookshelf 0 0 -10 129.86 50.74 238.64 168.31 0.0072275
chair 0 0 -10 287.16 106.31 440.94 263.67 0.0070361
chair 0 0 -10 1.76 208.66 82.64 433.25 0.0070114
chair 0 0 -10 147.13 143.45 207.21 214.00 0.0068683
table 0 0 -10 295.15 91.01 720.00 338.66 0.0068674
desk 0 0 -10 0.17 215.10 36.91 436.25 0.0067525
chair 0 0 -10 60.73 191.25 139.07 254.04 0.0065468
table 0 0 -10 41.70 207.34 157.45 253.03 0.0065442
chair 0 0 -10 529.36 1.17 644.61 95.21 0.0063882
chair 0 0 -10 355.55 113.64 537.30 267.18 0.0063758
chair 0 0 -10 565.16 133.45 685.84 255.20 0.0053683
desk 0 0 -10 524.38 134.28 707.78 286.12 0.0053251
chair 0 0 -10 0.91 254.25 28.57 434.80 0.0052022
chair 0 0 -10 401.79 99.75 473.09 235.45 0.0051474
bed 0 0 -10 154.20 218.81 505.07 530.00 0.0051455
table 0 0 -10 533.11 144.93 658.28 265.86 0.0050679
chair 0 0 -10 376.12 45.50 614.46 434.13 0.0050555
desk 0 0 -10 294.07 93.38 445.52 240.63 0.0050422
chair 0 0 -10 101.36 186.92 166.60 262.64 0.0050410
table 0 0 -10 461.16 140.75 701.82 278.38 0.0049212
chair 0 0 -10 4.80 188.23 9.75 381.88 0.0049011
table 0 0 -10 96.50 228.61 363.08 445.30 0.0046208
chair 0 0 -10 490.11 154.78 623.06 426.86 0.0045738
table 0 0 -10 478.56 153.18 534.16 269.17 0.0042913
table 0 0 -10 411.16 7.61 485.31 99.70 0.0041859
