bathtub 0 0 -10 203.47 133.41 716.76 512.71 0.7303177
table 0 0 -10 206.40 97.29 730.00 530.00 0.1637270
desk 0 0 -10 199.23 103.54 729.96 525.69 0.1606912
table 0 0 -10 59.06 163.72 128.73 242.46 0.1475783
table 0 0 -10 56.56 134.53 126.18 186.53 0.1084939
chair 0 0 -10 52.38 124.49 128.08 177.52 0.1055052
table 0 0 -10 62.48 167.93 121.50 189.94 0.0565949
bathtub 0 0 -10 264.70 92.91 728.66 362.45 0.0487388
table 0 0 -10 59.73 159.80 124.86 201.99 0.0446804
chair 0 0 -10 370.33 109.22 443.70 242.53 0.0366546
bathtub 0 0 -10 681.85 140.80 729.25 430.56 0.0302205
table 0 0 -10 67.61 132.73 124.43 166.31 0.0260624
bed 0 0 -10 198.66 92.41 715.93 528.30 0.0249951
chair 0 0 -10 48.62 122.25 95.75 166.73 0.0210184
toilet 0 0 -10 196.13 88.11 676.77 526.55 0.0171710
bathtub 0 0 -10 264.24 78.98 706.09 191.42 0.0163255
chair 0 0 -10 492.06 50.54 564.86 194.54 0.0122398
dresser 0 0 -10 199.02 100.28 724.52 530.00 0.0114253
bathtub 0 0 -10 660.40 140.82 728.52 330.55 0.0110622
bathtub 0 0 -10 224.99 80.25 334.53 160.22 0.0108039
bathtub 0 0 -10 648.45 148.73 730.00 512.41 0.0101411
bathtub 0 0 -10 681.07 138.70 730.00 279.96 0.0087961
chair 0 0 -10 55.06 127.13 131.25 222.74 0.0081334
bathtub 0 0 -10 291.34 78.37 406.00 177.17 0.0076619
bathtub 0 0 -10 257.22 76.69 358.95 173.18 0.0074058
bathtub 0 0 -10 322.65 76.57 643.20 290.13 0.0061823
bathtub 0 0 -10 499.14 159.97 730.00 523.99 0.0061144
chair 0 0 -10 349.65 88.93 424.68 208.92 0.0058452
chair 0 0 -10 280.90 73.25 333.12 139.77 0.0056930
chair 0 0 -10 156.59 1.90 278.25 61.22 0.0051815
chair 0 0 -10 214.36 0.04 279.16 56.20 0.0043304
chair 0 0 -10 186.01 108.51 667.17 517.34 0.0040398
bed 0 0 -10 227.40 74.66 315.40 139.70 0.0039585
bookshelf 0 0 -10 216.45 90.23 710.56 530.00 0.0038518
chair 0 0 -10 1.06 8.23 30.98 161.66 0.0036427
chair 0 0 -10 300.52 95.73 473.63 201.98 0.0034882
bookshelf 0 0 -10 13.39 1.64 206.01 103.28 0.0034709
chair 0 0 -10 314.40 0.98 400.70 41.99 0.0033947
bathtub 0 0 -10 710.24 153.12 729.03 393.81 0.0033753
bathtub 0 0 -10 239.55 68.31 357.25 125.35 0.0029405
chair 0 0 -10 237.54 0.00 304.53 62.79 0.0029191
chair 0 0 -10 346.43 0.00 414.29 50.27 0.0028329
table 0 0 -10 50.92 149.45 135.22 284.62 0.0028251
chair 0 0 -10 61.02 133.71 117.10 168.10 0.0027698
desk 0 0 -10 295.31 89.69 588.80 190.41 0.0026611
chair 0 0 -10 437.17 52.58 597.14 227.44 0.0026418
dresser 0 0 -10 232.50 73.86 325.08 144.05 0.0025673
chair 0 0 -10 257.88 0.00 332.10 61.47 0.0025027
chair 0 0 -10 281.92 94.83 308.77 133.57 0.0024976
table 0 0 -10 1.30 242.60 106.15 521.56 0.0023252
dresser 0 0 -10 258.45 80.07 293.20 119.89 0.0023210
chair 0 0 -10 186.07 8.46 261.16 77.30 0.0023165
table 0 0 -10 52.19 123.62 107.18 173.63 0.0023111
chair 0 0 -10 262.75 73.06 357.33 172.76 0.0022284
chair 0 0 -10 443.10 72.01 479.98 170.02 0.0021466
table 0 0 -10 46.79 2.30 209.70 61.70 0.0021219
sofa 0 0 -10 205.40 110.25 709.16 526.94 0.0021074
bathtub 0 0 -10 586.30 129.81 730.00 417.12 0.0020131
table 0 0 -10 0.01 82.17 27.68 286.77 0.0020068
bathtub 0 0 -10 288.39 60.40 566.28 228.25 0.0019452
table 0 0 -10 70.60 152.01 432.39 496.85 0.0018941
chair 0 0 -10 285.48 79.94 418.83 186.14 0.0018749
chair 0 0 -10 446.82 84.80 548.82 212.20 0.0018673
chair 0 0 -10 335.48 123.61 516.99 232.86 0.0018552
chair 0 0 -10 280.12 0.48 363.94 44.03 0.0018330
table 0 0 -10 0.00 92.13 17.25 236.22 0.0018006
bathtub 0 0 -10 257.86 80.06 293.79 119.64 0.0017426
bookshelf 0 0 -10 48.63 1.63 216.91 63.20 0.0017059
chair 0 0 -10 248.62 63.23 347.43 140.04 0.0016085
table 0 0 -10 243.16 73.39 316.60 131.10 0.0015851
table 0 0 -10 1.35 19.42 29.14 166.32 0.0015395
chair 0 0 -10 368.02 96.39 438.71 185.80 0.0015296
chair 0 0 -10 304.26 0.00 411.52 82.39 0.0015211
table 0 0 -10 227.87 79.11 331.07 157.38 0.0014595
table 0 0 -10 248.31 77.01 696.48 260.54 0.0014390
bathtub 0 0 -10 236.94 74.16 309.59 133.01 0.0014033
chair 0 0 -10 397.71 0.35 495.14 59.12 0.0013951
bed 0 0 -10 224.18 89.66 344.78 171.04 0.0013291
table 0 0 -10 50.15 116.77 157.65 169.60 0.0013258
table 0 0 -10 0.17 69.58 24.67 197.20 0.0013255
chair 0 0 -10 231.91 76.88 305.85 138.06 0.0013142
bathtub 0 0 -10 222.32 103.26 307.83 150.53 0.0012943
desk 0 0 -10 259.02 73.18 319.92 138.50 0.0012540
sofa 0 0 -10 50.16 122.76 128.53 187.67 0.0012512
bed 0 0 -10 223.11 98.79 298.26 145.92 0.0012492
table 0 0 -10 3.23 90.23 15.10 192.11 0.0012448
night_stand 0 0 -10 257.40 77.10 327.56 141.85 0.0012015
chair 0 0 -10 256.17 80.90 293.24 121.40 0.0011938
table 0 0 -10 55.31 156.87 143.64 387.98 0.0011863
chair 0 0 -10 304.66 57.04 530.81 226.13 0.0011813
bed 0 0 -10 237.88 88.94 293.53 131.99 0.0011722
desk 0 0 -10 247.90 81.75 696.82 261.49 0.0011669
night_stand 0 0 -10 262.69 81.70 298.59 122.03 0.0011584
chair 0 0 -10 234.33 3.64 374.56 75.40 0.0011490
table 0 0 -10 50.40 191.21 118.89 493.66 0.0011330
table 0 0 -10 40.92 123.56 124.34 216.45 0.0011321
chair 0 0 -10 389.73 0.00 463.36 46.41 0.0010546
bathtub 0 0 -10 262.31 65.04 434.21 125.15 0.0010465
bathtub 0 0 -10 347.50 72.15 426.65 164.13 0.0010325
chair 0 0 -10 397.80 84.85 472.48 204.54 0.0010077
