chair 0 0 -10 396.34 236.71 541.39 481.06 0.9931273
chair 0 0 -10 305.73 235.52 434.04 449.96 0.9917406
chair 0 0 -10 537.52 237.89 690.71 495.95 0.9891523
chair 0 0 -10 215.23 220.52 339.04 404.60 0.9858128
chair 0 0 -10 144.56 216.49 244.47 393.06 0.9822192
chair 0 0 -10 36.22 210.27 142.70 386.76 0.9791226
chair 0 0 -10 541.57 3.96 684.28 172.40 0.9542680
chair 0 0 -10 271.76 2.95 403.74 172.82 0.9496242
chair 0 0 -10 379.92 25.70 507.69 178.42 0.9089679
chair 0 0 -10 182.37 14.01 297.03 173.14 0.7830135
table 0 0 -10 685.86 353.16 728.14 497.55 0.6190084
table 0 0 -10 30.38 305.55 134.36 392.74 0.3775304
chair 0 0 -10 224.93 6.28 340.66 179.29 0.3320361
chair 0 0 -10 1.12 225.50 40.54 378.95 0.2928605
chair 0 0 -10 477.94 231.42 636.55 519.67 0.2513724
table 0 0 -10 503.22 468.02 724.53 530.00 0.1867749
chair 0 0 -10 264.24 71.20 376.70 182.20 0.1465326
chair 0 0 -10 684.30 274.41 728.40 492.83 0.1459073
table 0 0 -10 498.64 349.46 728.83 526.64 0.1239848
table 0 0 -10 10.33 298.73 159.48 434.95 0.1106800
table 0 0 -10 141.78 297.72 235.14 387.62 0.1081962
chair 0 0 -10 491.85 380.62 730.00 526.82 0.0987111
chair 0 0 -10 34.22 16.60 127.05 159.37 0.0651756
chair 0 0 -10 172.64 214.50 287.23 424.81 0.0519765
table 0 0 -10 650.36 364.28 730.00 506.59 0.0480007
table 0 0 -10 179.48 93.00 268.21 180.79 0.0424299
table 0 0 -10 690.77 299.80 728.63 462.12 0.0402528
table 0 0 -10 15.02 239.41 125.83 405.94 0.0362598
table 0 0 -10 679.56 283.37 723.58 520.76 0.0345502
desk 0 0 -10 687.63 358.27 727.48 500.32 0.0302675
table 0 0 -10 333.70 25.69 501.77 182.42 0.0269129
chair 0 0 -10 504.31 466.62 730.00 530.00 0.0264719
table 0 0 -10 1.43 309.40 23.77 441.14 0.0262644
chair 0 0 -10 241.03 6.61 294.07 170.44 0.0260719
chair 0 0 -10 0.04 207.31 20.03 383.98 0.0251189
table 0 0 -10 701.38 376.83 730.00 503.05 0.0226911
chair 0 0 -10 167.75 9.44 504.83 182.83 0.0206407
table 0 0 -10 683.58 334.24 729.68 417.01 0.0206026
table 0 0 -10 210.36 20.03 370.81 180.87 0.0190277
table 0 0 -10 28.46 93.36 117.50 177.96 0.0184732
chair 0 0 -10 259.92 231.03 513.20 492.43 0.0178367
chair 0 0 -10 328.25 239.83 646.65 523.05 0.0169431
table 0 0 -10 265.30 50.57 384.59 179.75 0.0167787
table 0 0 -10 564.26 246.90 714.15 482.70 0.0165663
table 0 0 -10 685.15 365.16 728.28 433.53 0.0163102
chair 0 0 -10 353.01 223.99 475.15 428.51 0.0158471
table 0 0 -10 534.61 12.55 683.06 153.61 0.0154318
chair 0 0 -10 268.34 209.85 359.01 409.64 0.0143911
table 0 0 -10 2.45 283.04 34.51 400.43 0.0127675
sofa 0 0 -10 401.76 0.60 517.34 144.27 0.0127047
table 0 0 -10 302.38 253.07 562.43 478.01 0.0126772
table 0 0 -10 377.85 290.63 537.44 514.68 0.0124648
chair 0 0 -10 672.30 358.21 730.00 512.26 0.0123645
chair 0 0 -10 613.35 231.29 722.13 469.94 0.0108128
table 0 0 -10 143.41 245.08 264.02 393.83 0.0106843
chair 0 0 -10 0.00 177.69 47.87 436.32 0.0105113
table 0 0 -10 235.77 280.18 697.53 526.58 0.0095234
chair 0 0 -10 166.62 214.24 224.35 369.40 0.0094136
chair 0 0 -10 1.22 193.30 105.87 417.43 0.0093707
table 0 0 -10 276.11 9.30 471.95 154.22 0.0089771
chair 0 0 -10 316.01 213.36 340.10 404.86 0.0085380
chair 0 0 -10 1.71 278.20 34.24 413.41 0.0081742
table 0 0 -10 0.83 214.13 32.61 439.63 0.0079976
table 0 0 -10 533.34 310.69 683.29 493.62 0.0077961
table 0 0 -10 294.04 291.72 439.71 475.87 0.0075020
chair 0 0 -10 260.31 231.88 298.85 386.28 0.0074885
chair 0 0 -10 218.47 19.04 274.96 172.36 0.0070898
table 0 0 -10 397.79 6.95 518.53 172.59 0.0064021
table 0 0 -10 717.96 380.16 728.47 504.67 0.0063945
table 0 0 -10 213.73 281.22 341.95 423.04 0.0062784
table 0 0 -10 690.45 373.04 728.26 406.57 0.0062547
table 0 0 -10 88.88 238.62 382.79 430.78 0.0060765
chair 0 0 -10 515.04 235.31 575.82 459.76 0.0060296
chair 0 0 -10 687.94 300.73 729.04 416.22 0.0059050
chair 0 0 -10 69.90 203.31 194.32 386.66 0.0057747
chair 0 0 -10 67.84 206.12 137.31 318.19 0.0056780
chair 0 0 -10 22.54 287.13 132.13 397.89 0.0055914
chair 0 0 -10 145.58 288.51 229.45 382.02 0.0054806
table 0 0 -10 2.50 227.67 16.71 450.33 0.0054619
table 0 0 -10 5.59 322.17 103.73 382.97 0.0053986
chair 0 0 -10 3.27 236.21 10.92 378.51 0.0052643
desk 0 0 -10 521.69 338.98 726.05 520.33 0.0052153
table 0 0 -10 31.65 227.83 626.82 522.20 0.0049631
table 0 0 -10 232.06 247.35 452.06 438.31 0.0049117
table 0 0 -10 174.71 300.61 526.55 507.84 0.0048482
chair 0 0 -10 325.70 5.24 379.66 153.74 0.0046884
table 0 0 -10 18.59 298.15 319.33 456.56 0.0046799
table 0 0 -10 5.63 330.14 20.38 429.68 0.0046686
chair 0 0 -10 88.50 206.00 352.88 417.61 0.0044974
chair 0 0 -10 273.40 212.48 334.50 306.98 0.0044839
table 0 0 -10 177.51 49.58 294.27 178.42 0.0043847
desk 0 0 -10 501.05 466.23 730.00 530.00 0.0043142
chair 0 0 -10 371.17 17.97 526.22 295.38 0.0042718
chair 0 0 -10 206.57 224.49 425.51 448.35 0.0041947
chair 0 0 -10 189.64 76.32 268.33 175.42 0.0041743
table 0 0 -10 4.95 313.46 27.50 395.72 0.0041217
table 0 0 -10 184.07 219.01 325.17 376.95 0.0040685
table 0 0 -10 29.23 19.63 128.09 148.60 0.0040232
bookshelf 0 0 -10 34.43 15.44 124.30 151.31 0.0039984
chair 0 0 -10 51.77 227.22 118.14 368.05 0.0039955
