chair 0 0 -10 455.53 353.87 727.01 527.47 0.9396436
chair 0 0 -10 379.97 170.80 513.06 320.08 0.8864889
table 0 0 -10 318.65 180.89 671.26 360.90 0.8369622
chair 0 0 -10 429.64 426.85 702.74 525.00 0.6804960
desk 0 0 -10 322.12 178.52 667.94 390.99 0.3012052
chair 0 0 -10 380.46 158.87 487.49 267.73 0.2349974
table 0 0 -10 328.35 199.75 698.22 490.60 0.2101460
chair 0 0 -10 303.85 394.32 709.10 528.10 0.1241738
table 0 0 -10 369.54 163.37 621.80 314.43 0.0738069
chair 0 0 -10 421.06 472.41 694.96 527.76 0.0600677
table 0 0 -10 495.28 348.68 721.42 528.40 0.0546486
table 0 0 -10 525.68 196.77 678.07 345.69 0.0531469
desk 0 0 -10 371.15 163.94 616.25 315.43 0.0375090
chair 0 0 -10 646.69 185.72 727.52 318.49 0.0344434
chair 0 0 -10 586.63 283.78 727.85 512.43 0.0331003
chair 0 0 -10 341.93 179.41 542.61 376.27 0.0312204
chair 0 0 -10 682.56 174.12 729.67 369.04 0.0310965
chair 0 0 -10 525.46 180.47 666.91 338.68 0.0276634
chair 0 0 -10 394.21 159.91 601.50 339.01 0.0259999
table 0 0 -10 346.95 179.08 641.79 251.99 0.0230835
chair 0 0 -10 584.45 178.88 724.51 356.77 0.0220608
chair 0 0 -10 337.36 417.23 519.21 529.47 0.0215967
chair 0 0 -10 641.63 178.64 730.00 479.26 0.0214244
table 0 0 -10 389.76 164.50 470.29 178.47 0.0192063
desk 0 0 -10 527.26 189.07 672.92 344.19 0.0119171
sofa 0 0 -10 684.42 180.60 728.34 374.54 0.0118776
chair 0 0 -10 379.10 294.84 693.26 515.22 0.0115980
chair 0 0 -10 344.89 165.15 453.35 302.77 0.0114049
chair 0 0 -10 506.04 242.14 719.64 453.65 0.0109390
chair 0 0 -10 270.45 452.81 592.23 530.00 0.0107578
chair 0 0 -10 692.18 177.75 726.72 309.89 0.0107112
table 0 0 -10 447.55 196.97 687.75 405.00 0.0094261
chair 0 0 -10 321.58 164.35 401.19 303.74 0.0093357
chair 0 0 -10 507.86 152.52 608.21 303.61 0.0092814
desk 0 0 -10 345.41 179.75 634.66 251.47 0.0088944
chair 0 0 -10 415.11 491.78 639.17 530.00 0.0087773
table 0 0 -10 615.01 185.16 723.22 318.44 0.0081867
table 0 0 -10 321.08 188.02 401.23 355.26 0.0075105
table 0 0 -10 432.53 412.00 655.66 528.88 0.0073550
table 0 0 -10 334.99 178.46 507.33 352.42 0.0071923
chair 0 0 -10 405.08 207.79 510.95 289.91 0.0067139
chair 0 0 -10 436.72 166.98 564.07 302.95 0.0065427
table 0 0 -10 691.95 188.32 727.45 320.06 0.0064679
table 0 0 -10 591.14 328.47 729.99 512.18 0.0060136
chair 0 0 -10 409.07 188.29 710.77 474.26 0.0047848
table 0 0 -10 615.15 182.94 727.33 484.98 0.0047590
chair 0 0 -10 372.76 369.25 592.54 523.87 0.0044273
table 0 0 -10 381.23 168.09 495.21 232.30 0.0041372
desk 0 0 -10 212.43 193.34 720.57 515.13 0.0040552
chair 0 0 -10 660.86 272.14 730.00 521.77 0.0039838
table 0 0 -10 369.23 165.86 592.50 229.82 0.0038932
desk 0 0 -10 330.06 171.75 540.97 350.63 0.0035180
sofa 0 0 -10 427.02 415.58 677.23 529.68 0.0033874
night_stand 0 0 -10 544.28 191.47 675.81 337.89 0.0029690
chair 0 0 -10 364.84 156.50 454.58 226.09 0.0029508
desk 0 0 -10 494.02 345.19 725.20 527.21 0.0029473
desk 0 0 -10 385.50 225.19 695.58 475.14 0.0028524
chair 0 0 -10 612.82 239.89 727.20 402.04 0.0027189
chair 0 0 -10 392.14 166.95 476.11 180.48 0.0026827
chair 0 0 -10 329.86 190.55 460.12 365.58 0.0026415
table 0 0 -10 344.38 164.27 514.12 275.28 0.0026412
table 0 0 -10 307.17 367.78 687.84 527.70 0.0025814
table 0 0 -10 387.69 162.42 485.15 186.45 0.0025550
table 0 0 -10 691.38 186.14 729.14 462.45 0.0025132
bed 0 0 -10 691.31 178.76 727.65 318.88 0.0024372
table 0 0 -10 391.08 198.76 516.59 288.73 0.0023456
sofa 0 0 -10 462.51 339.33 730.00 521.80 0.0023043
chair 0 0 -10 54.18 339.84 730.00 530.00 0.0022203
table 0 0 -10 665.64 293.22 730.00 530.00 0.0019288
chair 0 0 -10 627.51 141.46 730.00 291.09 0.0018582
chair 0 0 -10 427.60 148.04 506.02 227.88 0.0018320
table 0 0 -10 409.78 490.95 624.44 530.00 0.0018041
sofa 0 0 -10 362.29 246.08 726.42 517.33 0.0017979
desk 0 0 -10 367.68 166.82 588.51 230.88 0.0017565
chair 0 0 -10 205.96 219.06 609.45 528.77 0.0016483
table 0 0 -10 359.47 398.01 542.06 528.77 0.0015965
chair 0 0 -10 525.73 133.84 723.14 296.08 0.0015789
desk 0 0 -10 596.32 184.95 721.49 323.61 0.0015497
bathtub 0 0 -10 692.43 182.47 730.00 460.48 0.0015402
chair 0 0 -10 477.38 142.19 582.01 260.93 0.0014574
chair 0 0 -10 559.01 400.67 723.17 529.57 0.0014505
sofa 0 0 -10 350.01 400.22 549.83 530.00 0.0013665
desk 0 0 -10 399.70 421.20 640.00 521.26 0.0013365
chair 0 0 -10 461.47 189.72 667.34 391.38 0.0013007
sofa 0 0 -10 372.05 158.57 601.65 308.48 0.0012890
sofa 0 0 -10 702.34 172.51 729.25 342.44 0.0012568
chair 0 0 -10 350.01 202.70 616.55 443.58 0.0012352
bed 0 0 -10 372.79 154.78 604.47 315.49 0.0012041
chair 0 0 -10 348.18 168.91 407.89 258.46 0.0011657
chair 0 0 -10 434.14 150.42 540.47 248.90 0.0011160
desk 0 0 -10 692.62 184.97 729.19 459.68 0.0010907
table 0 0 -10 268.21 451.75 575.66 528.66 0.0010225
dresser 0 0 -10 692.17 185.41 729.53 460.66 0.0010175
sofa 0 0 -10 273.74 389.14 691.20 528.16 0.0009910
chair 0 0 -10 385.11 156.93 485.35 181.18 0.0009566
sofa 0 0 -10 666.75 196.29 728.21 485.92 0.0009516
desk 0 0 -10 692.50 186.62 727.65 320.22 0.0009101
bed 0 0 -10 691.54 177.36 729.97 459.05 0.0009059
chair 0 0 -10 436.40 141.60 666.55 277.49 0.0008860
chair 0 0 -10 557.16 164.01 618.17 294.88 0.0008829
