chair 0 0 -10 307.57 74.54 384.83 174.11 0.9896415
chair 0 0 -10 452.68 52.45 550.95 226.38 0.9880058
table 0 0 -10 559.92 149.37 729.80 308.67 0.1548723
chair 0 0 -10 299.82 182.65 360.41 227.57 0.0743287
desk 0 0 -10 562.17 148.97 728.09 320.21 0.0430270
chair 0 0 -10 293.91 165.54 367.82 239.31 0.0356354
chair 0 0 -10 305.30 106.43 373.02 197.24 0.0280064
table 0 0 -10 451.34 140.91 547.75 238.40 0.0158988
chair 0 0 -10 311.19 128.05 378.17 160.31 0.0136125
table 0 0 -10 298.73 178.66 362.08 232.89 0.0131594
table 0 0 -10 538.55 160.27 728.32 475.75 0.0109014
bathtub 0 0 -10 587.93 140.70 730.00 276.40 0.0098779
bed 0 0 -10 564.55 144.03 722.60 301.97 0.0092494
chair 0 0 -10 456.18 95.15 547.98 184.03 0.0085894
table 0 0 -10 296.38 140.05 380.35 246.79 0.0070173
chair 0 0 -10 587.52 133.10 724.69 259.29 0.0064837
table 0 0 -10 646.22 47.39 725.25 159.96 0.0061362
chair 0 0 -10 462.50 53.51 538.20 163.86 0.0060647
sofa 0 0 -10 566.84 147.44 723.47 299.78 0.0057183
chair 0 0 -10 639.06 47.51 726.72 176.24 0.0048561
desk 0 0 -10 451.61 95.58 548.63 246.31 0.0047966
chair 0 0 -10 294.04 70.66 396.71 231.85 0.0040597
table 0 0 -10 591.21 139.63 725.33 245.05 0.0034243
chair 0 0 -10 285.88 137.53 382.18 227.50 0.0032409
table 0 0 -10 308.31 127.48 374.69 199.01 0.0029697
chair 0 0 -10 321.16 81.51 335.93 169.99 0.0028788
chair 0 0 -10 431.70 56.46 560.97 326.72 0.0025573
dresser 0 0 -10 583.89 144.26 730.00 283.74 0.0025397
table 0 0 -10 433.60 92.99 553.20 262.17 0.0024795
desk 0 0 -10 568.20 154.41 730.00 485.20 0.0024262
table 0 0 -10 407.18 178.74 713.27 519.15 0.0021998
table 0 0 -10 626.98 306.90 728.71 478.10 0.0020949
night_stand 0 0 -10 297.45 179.97 362.81 233.42 0.0020870
table 0 0 -10 311.47 75.72 381.19 151.30 0.0019162
chair 0 0 -10 304.73 170.84 357.90 209.72 0.0018875
chair 0 0 -10 552.99 142.74 717.38 346.43 0.0016964
table 0 0 -10 451.53 79.64 546.61 196.01 0.0013772
bathtub 0 0 -10 561.63 145.31 730.00 386.83 0.0013715
table 0 0 -10 23.46 192.11 678.46 524.55 0.0013322
chair 0 0 -10 611.50 74.59 725.32 236.77 0.0013103
table 0 0 -10 304.47 96.25 369.89 180.17 0.0012999
table 0 0 -10 293.93 153.94 354.38 224.01 0.0012970
table 0 0 -10 438.04 167.79 549.08 330.23 0.0012660
desk 0 0 -10 594.43 126.27 729.70 264.85 0.0012158
desk 0 0 -10 297.65 177.94 363.29 234.99 0.0011713
table 0 0 -10 678.57 279.98 730.00 524.79 0.0010651
chair 0 0 -10 307.21 94.10 341.17 191.61 0.0010212
chair 0 0 -10 317.12 89.81 328.58 173.85 0.0010143
desk 0 0 -10 644.80 45.26 728.45 161.14 0.0010000
table 0 0 -10 467.87 135.47 710.08 350.27 0.0009704
desk 0 0 -10 443.08 64.68 555.02 195.54 0.0009018
night_stand 0 0 -10 585.16 144.10 730.00 281.98 0.0008352
toilet 0 0 -10 589.67 139.63 724.64 279.19 0.0008252
chair 0 0 -10 488.24 55.41 697.91 240.15 0.0008168
chair 0 0 -10 268.30 153.81 361.62 257.54 0.0007863
chair 0 0 -10 594.36 139.73 699.04 212.77 0.0007822
chair 0 0 -10 297.34 145.00 349.25 212.86 0.0007807
bookshelf 0 0 -10 568.29 137.84 729.48 305.07 0.0007668
desk 0 0 -10 297.01 139.83 381.38 250.29 0.0007646
chair 0 0 -10 684.12 19.07 730.00 183.30 0.0007302
sofa 0 0 -10 447.28 47.33 542.37 189.42 0.0007284
table 0 0 -10 278.55 158.07 366.62 274.58 0.0007039
chair 0 0 -10 315.98 83.44 373.39 150.09 0.0006742
table 0 0 -10 303.35 136.01 447.98 224.28 0.0006223
table 0 0 -10 228.08 122.87 388.87 297.90 0.0005743
chair 0 0 -10 441.87 55.91 514.37 196.83 0.0005474
desk 0 0 -10 303.19 104.06 384.96 206.84 0.0005415
table 0 0 -10 681.80 133.72 729.62 392.50 0.0005283
table 0 0 -10 317.67 96.40 328.21 179.77 0.0005211
sofa 0 0 -10 296.70 183.33 359.14 237.76 0.0005189
chair 0 0 -10 0.00 177.73 59.50 507.76 0.0004910
chair 0 0 -10 318.58 152.60 375.51 229.38 0.0004704
chair 0 0 -10 579.22 135.33 730.00 487.44 0.0004700
table 0 0 -10 507.38 53.30 719.15 238.13 0.0004632
table 0 0 -10 454.78 128.90 545.40 188.12 0.0004524
sofa 0 0 -10 301.05 76.97 380.61 185.45 0.0004476
table 0 0 -10 0.95 173.85 59.52 507.76 0.0004445
chair 0 0 -10 260.25 81.18 398.10 312.94 0.0004400
table 0 0 -10 202.10 293.77 699.14 522.69 0.0004382
chair 0 0 -10 495.07 46.80 568.64 218.32 0.0004305
table 0 0 -10 416.91 135.04 593.11 349.13 0.0004295
table 0 0 -10 298.89 181.93 347.69 215.65 0.0004119
table 0 0 -10 564.22 273.04 724.03 518.48 0.0004064
bookshelf 0 0 -10 647.77 12.20 728.52 171.20 0.0003700
table 0 0 -10 305.92 161.26 351.11 207.47 0.0003666
table 0 0 -10 284.10 85.72 394.69 232.43 0.0003652
table 0 0 -10 591.14 144.63 681.95 214.94 0.0003645
chair 0 0 -10 303.32 130.17 438.72 221.92 0.0003382
chair 0 0 -10 296.36 61.19 359.73 203.23 0.0003373
chair 0 0 -10 612.67 314.25 730.00 525.36 0.0003226
chair 0 0 -10 426.59 118.00 544.99 248.74 0.0003221
table 0 0 -10 146.79 124.02 168.89 149.24 0.0003020
chair 0 0 -10 545.42 127.81 694.97 230.09 0.0002995
chair 0 0 -10 287.11 61.85 478.68 218.65 0.0002967
chair 0 0 -10 367.37 80.76 385.29 170.61 0.0002829
chair 0 0 -10 328.44 100.46 387.82 207.00 0.0002826
bed 0 0 -10 661.67 1.80 729.21 48.95 0.0002785
table 0 0 -10 319.80 157.64 362.44 203.79 0.0002732
chair 0 0 -10 463.12 147.26 536.53 178.70 0.0002679
chair 0 0 -10 311.52 118.17 375.35 148.64 0.0002646
