chair 0 0 -10 196.85 318.41 519.16 526.96 0.9848316
chair 0 0 -10 315.70 234.48 543.27 477.92 0.9756300
chair 0 0 -10 534.46 160.01 648.94 295.78 0.9483820
chair 0 0 -10 370.79 116.09 451.88 219.06 0.8707175
chair 0 0 -10 580.66 156.87 668.86 280.07 0.7409768
desk 0 0 -10 24.46 159.74 220.21 355.72 0.5908932
table 0 0 -10 478.00 154.84 639.60 300.23 0.5864090
table 0 0 -10 2.65 203.68 551.09 520.15 0.5832589
desk 0 0 -10 32.78 220.94 534.30 527.96 0.4834853
chair 0 0 -10 407.31 112.67 463.92 210.24 0.4404487
desk 0 0 -10 464.62 160.18 638.34 300.18 0.4329315
chair 0 0 -10 525.81 165.99 631.08 245.87 0.3755808
desk 0 0 -10 289.39 124.29 413.03 232.70 0.3299674
chair 0 0 -10 313.48 123.99 397.27 217.52 0.2592976
table 0 0 -10 29.29 168.92 229.55 353.40 0.2331425
table 0 0 -10 284.68 126.81 418.32 221.01 0.2148425
chair 0 0 -10 335.71 115.19 446.93 262.47 0.1873703
chair 0 0 -10 388.49 109.51 474.62 244.14 0.1594399
chair 0 0 -10 40.05 301.68 450.97 519.40 0.0917436
chair 0 0 -10 345.83 121.63 426.32 213.88 0.0913447
chair 0 0 -10 12.71 179.19 98.83 315.15 0.0863713
chair 0 0 -10 351.66 73.29 448.46 197.20 0.0760661
table 0 0 -10 479.53 153.91 634.76 230.96 0.0646296
chair 0 0 -10 328.45 190.95 536.65 371.13 0.0562120
chair 0 0 -10 139.33 125.96 281.66 272.51 0.0486457
desk 0 0 -10 43.42 152.58 241.15 254.86 0.0452046
table 0 0 -10 20.07 142.57 433.01 377.95 0.0438971
chair 0 0 -10 503.27 91.17 580.48 185.05 0.0437849
chair 0 0 -10 81.06 139.12 225.72 357.25 0.0413956
table 0 0 -10 282.87 151.87 359.77 258.88 0.0395353
chair 0 0 -10 428.44 107.44 475.72 216.13 0.0395285
chair 0 0 -10 161.93 129.49 298.22 357.30 0.0353551
chair 0 0 -10 359.48 132.22 526.55 313.86 0.0332692
desk 0 0 -10 17.88 138.30 424.79 385.41 0.0306475
chair 0 0 -10 512.54 128.49 613.50 258.42 0.0236400
chair 0 0 -10 271.12 125.88 407.37 294.89 0.0229200
chair 0 0 -10 0.00 135.57 117.38 342.40 0.0227019
chair 0 0 -10 259.10 121.31 494.40 263.62 0.0215253
desk 0 0 -10 510.95 151.65 631.94 261.20 0.0208828
desk 0 0 -10 173.51 195.30 551.16 440.65 0.0206880
desk 0 0 -10 276.96 142.65 372.16 257.46 0.0205143
table 0 0 -10 10.94 145.24 301.95 256.77 0.0203605
table 0 0 -10 343.77 167.61 596.33 316.23 0.0202840
desk 0 0 -10 38.72 136.47 266.15 216.79 0.0197254
table 0 0 -10 2.34 309.50 407.01 530.00 0.0195859
chair 0 0 -10 4.04 138.80 95.03 268.20 0.0193402
desk 0 0 -10 279.62 120.34 524.06 231.28 0.0191810
chair 0 0 -10 287.84 75.52 440.63 219.34 0.0184795
table 0 0 -10 288.77 127.82 409.86 175.17 0.0183143
desk 0 0 -10 68.42 165.35 346.41 486.36 0.0179061
chair 0 0 -10 289.18 125.63 358.44 227.00 0.0177519
table 0 0 -10 276.92 123.66 528.34 226.45 0.0164992
desk 0 0 -10 346.73 163.79 596.60 319.48 0.0153536
chair 0 0 -10 497.76 179.93 604.68 313.10 0.0148528
table 0 0 -10 188.78 223.08 546.47 456.05 0.0147105
chair 0 0 -10 270.00 142.98 359.18 264.19 0.0146951
desk 0 0 -10 63.18 135.73 260.64 312.75 0.0140733
table 0 0 -10 60.44 164.68 356.66 479.64 0.0134418
chair 0 0 -10 418.10 189.71 551.10 323.13 0.0128255
chair 0 0 -10 36.03 171.93 161.03 334.86 0.0117837
table 0 0 -10 278.87 146.39 637.87 276.80 0.0114661
table 0 0 -10 436.24 159.84 594.52 282.64 0.0111827
chair 0 0 -10 344.96 123.04 439.63 168.78 0.0110663
chair 0 0 -10 27.96 169.44 93.60 258.85 0.0108652
desk 0 0 -10 337.47 121.27 444.96 214.57 0.0103465
chair 0 0 -10 369.20 107.19 459.47 174.04 0.0096266
desk 0 0 -10 37.38 160.38 164.31 200.04 0.0093989
chair 0 0 -10 567.88 159.28 639.74 259.34 0.0091263
chair 0 0 -10 159.70 242.61 499.61 465.61 0.0091039
table 0 0 -10 37.08 137.46 267.12 217.47 0.0085349
table 0 0 -10 332.93 122.17 447.14 213.28 0.0082371
chair 0 0 -10 304.20 117.85 367.14 186.59 0.0082033
desk 0 0 -10 276.31 142.91 630.16 280.15 0.0080676
table 0 0 -10 65.03 139.69 239.75 291.22 0.0079973
chair 0 0 -10 302.06 99.61 434.77 173.59 0.0079761
chair 0 0 -10 620.65 155.19 675.89 272.09 0.0078781
chair 0 0 -10 323.96 72.42 420.72 143.16 0.0078722
desk 0 0 -10 442.02 161.90 607.52 240.87 0.0078159
chair 0 0 -10 258.45 185.95 465.51 397.43 0.0076746
desk 0 0 -10 293.63 90.35 413.62 182.81 0.0076578
chair 0 0 -10 366.58 87.34 514.21 232.84 0.0074666
chair 0 0 -10 234.81 0.50 303.28 73.28 0.0070071
chair 0 0 -10 344.12 341.15 539.18 530.00 0.0068196
table 0 0 -10 33.17 161.43 167.03 200.62 0.0068063
chair 0 0 -10 0.00 156.60 45.08 349.46 0.0066324
chair 0 0 -10 402.70 123.25 440.09 173.37 0.0066167
desk 0 0 -10 8.05 305.23 233.03 514.16 0.0065087
chair 0 0 -10 270.74 117.50 392.59 197.48 0.0064227
chair 0 0 -10 224.50 0.25 317.67 115.24 0.0063277
chair 0 0 -10 473.22 155.01 649.57 339.38 0.0062397
table 0 0 -10 291.74 183.49 542.37 370.07 0.0060782
table 0 0 -10 17.92 171.31 220.10 270.67 0.0060621
chair 0 0 -10 287.58 67.14 514.15 346.00 0.0059684
chair 0 0 -10 507.85 85.89 615.67 209.10 0.0059514
chair 0 0 -10 338.61 124.98 349.50 176.91 0.0055745
chair 0 0 -10 23.51 156.29 68.40 285.02 0.0052070
chair 0 0 -10 411.82 194.76 576.93 407.48 0.0050656
table 0 0 -10 516.94 194.78 620.99 298.00 0.0049227
sofa 0 0 -10 347.05 113.46 447.56 213.50 0.0048626
desk 0 0 -10 3.77 210.72 247.11 429.19 0.0045648
