chair 0 0 -10 0.00 96.18 195.05 454.45 0.9921849
chair 0 0 -10 225.41 38.23 391.25 322.29 0.9908324
chair 0 0 -10 373.72 67.58 553.07 353.67 0.9882642
chair 0 0 -10 3.50 55.15 182.66 283.26 0.9689161
chair 0 0 -10 327.65 30.71 468.21 247.83 0.9092811
chair 0 0 -10 249.66 6.99 349.07 127.91 0.8781953
chair 0 0 -10 256.13 27.18 378.24 200.98 0.7494375
table 0 0 -10 448.72 39.83 722.48 219.57 0.7224483
chair 0 0 -10 316.07 29.64 403.65 238.84 0.5702297
chair 0 0 -10 269.38 34.83 431.09 269.78 0.5112767
table 0 0 -10 514.29 98.63 720.05 214.61 0.3571292
chair 0 0 -10 374.47 44.73 504.81 245.06 0.2581072
table 0 0 -10 495.20 59.73 721.64 368.96 0.2329941
chair 0 0 -10 8.13 51.28 144.79 198.77 0.2058298
chair 0 0 -10 110.25 105.50 196.19 311.28 0.2045954
chair 0 0 -10 0.51 99.29 41.45 407.23 0.1798187
chair 0 0 -10 275.95 23.25 380.43 120.51 0.1728957
table 0 0 -10 436.69 4.62 728.62 148.80 0.1363205
chair 0 0 -10 528.46 63.31 718.92 209.85 0.1236766
chair 0 0 -10 253.94 11.08 338.03 79.28 0.1125064
chair 0 0 -10 315.49 26.75 383.50 158.16 0.0694234
chair 0 0 -10 0.00 69.77 81.50 391.69 0.0654569
desk 0 0 -10 510.38 91.83 718.97 247.65 0.0630263
chair 0 0 -10 372.24 27.96 469.64 173.43 0.0596255
desk 0 0 -10 445.30 20.20 724.66 272.14 0.0468379
chair 0 0 -10 0.91 263.69 45.99 502.60 0.0408498
chair 0 0 -10 359.38 66.99 402.79 182.52 0.0354949
table 0 0 -10 241.84 73.39 554.86 320.65 0.0301705
table 0 0 -10 220.25 51.95 377.49 218.39 0.0297095
table 0 0 -10 5.53 78.61 152.44 259.51 0.0296542
chair 0 0 -10 384.02 37.08 465.13 93.63 0.0286946
chair 0 0 -10 308.10 22.78 524.22 176.28 0.0280860
chair 0 0 -10 268.25 14.86 336.50 52.65 0.0270807
table 0 0 -10 434.40 20.34 613.15 246.85 0.0258458
table 0 0 -10 0.00 188.86 201.41 505.74 0.0250382
table 0 0 -10 388.88 39.50 686.79 333.50 0.0242390
chair 0 0 -10 129.52 110.51 185.98 265.34 0.0229585
table 0 0 -10 2.84 96.11 172.05 392.00 0.0208966
chair 0 0 -10 0.00 186.24 76.47 510.76 0.0208638
chair 0 0 -10 1.02 54.25 86.56 222.97 0.0187481
desk 0 0 -10 245.02 69.23 554.14 327.75 0.0170670
chair 0 0 -10 0.89 280.76 31.69 415.69 0.0163803
desk 0 0 -10 481.60 85.11 695.15 339.21 0.0153471
table 0 0 -10 238.34 79.61 713.90 478.63 0.0145233
table 0 0 -10 260.71 49.96 474.07 265.12 0.0144691
chair 0 0 -10 2.05 79.28 16.22 413.40 0.0125818
chair 0 0 -10 0.00 16.78 59.99 185.92 0.0117346
desk 0 0 -10 221.86 51.11 376.94 217.77 0.0110840
chair 0 0 -10 5.79 50.81 108.27 135.55 0.0107520
chair 0 0 -10 50.09 83.44 216.15 330.90 0.0091815
desk 0 0 -10 0.25 181.20 190.73 507.94 0.0088332
chair 0 0 -10 96.30 58.00 320.26 277.62 0.0081322
table 0 0 -10 0.00 79.41 27.20 429.45 0.0075235
desk 0 0 -10 2.27 96.22 184.41 355.90 0.0072925
chair 0 0 -10 324.20 42.33 601.69 267.06 0.0068532
chair 0 0 -10 425.94 75.35 661.45 336.00 0.0062641
table 0 0 -10 349.90 65.03 595.82 278.10 0.0060972
table 0 0 -10 0.00 250.78 25.67 474.81 0.0060718
table 0 0 -10 0.22 267.11 47.00 506.23 0.0059278
chair 0 0 -10 224.65 17.40 327.48 157.11 0.0057780
table 0 0 -10 2.10 97.82 15.16 460.45 0.0053569
chair 0 0 -10 450.98 42.68 662.61 228.07 0.0052962
chair 0 0 -10 322.03 16.56 345.05 110.26 0.0051321
table 0 0 -10 551.41 124.72 728.93 480.56 0.0050005
desk 0 0 -10 370.85 68.28 617.22 316.91 0.0048467
chair 0 0 -10 217.81 29.09 298.86 226.62 0.0047726
chair 0 0 -10 331.09 22.25 430.78 125.60 0.0044639
table 0 0 -10 9.13 119.55 532.94 513.69 0.0038411
chair 0 0 -10 369.08 46.75 420.99 213.26 0.0037667
chair 0 0 -10 0.80 284.20 12.14 416.51 0.0037177
chair 0 0 -10 11.26 82.58 376.68 453.62 0.0036102
table 0 0 -10 1.49 98.09 54.76 386.95 0.0035737
desk 0 0 -10 443.94 6.55 729.80 91.95 0.0033851
table 0 0 -10 0.06 288.95 20.73 413.42 0.0033732
desk 0 0 -10 262.74 45.94 471.33 269.79 0.0033545
desk 0 0 -10 243.84 81.78 715.18 494.53 0.0033275
chair 0 0 -10 0.96 247.56 23.10 465.52 0.0033116
desk 0 0 -10 5.48 122.52 173.64 235.49 0.0032720
chair 0 0 -10 384.19 27.47 602.83 171.54 0.0032131
table 0 0 -10 87.36 43.67 552.06 375.24 0.0030843
table 0 0 -10 200.12 64.24 403.43 321.18 0.0030737
chair 0 0 -10 418.63 16.31 566.41 236.71 0.0029316
desk 0 0 -10 209.22 73.53 415.34 333.42 0.0028816
table 0 0 -10 338.10 59.73 451.24 274.83 0.0027118
chair 0 0 -10 137.13 51.99 467.51 333.46 0.0026369
table 0 0 -10 447.86 1.80 720.78 66.04 0.0026195
chair 0 0 -10 51.53 27.36 236.10 196.51 0.0025479
table 0 0 -10 1.27 287.64 11.60 414.98 0.0023990
table 0 0 -10 3.66 264.38 13.20 461.78 0.0023488
table 0 0 -10 0.14 227.34 89.39 514.35 0.0023351
chair 0 0 -10 3.17 256.12 13.93 457.38 0.0023241
chair 0 0 -10 623.51 55.34 727.33 232.16 0.0023160
chair 0 0 -10 3.27 60.67 28.46 358.18 0.0022184
chair 0 0 -10 360.82 77.28 400.18 136.52 0.0021564
table 0 0 -10 0.78 286.23 15.02 512.39 0.0020817
desk 0 0 -10 0.63 103.97 38.57 397.23 0.0020810
chair 0 0 -10 652.88 137.74 730.00 507.13 0.0020356
sofa 0 0 -10 316.23 43.42 462.83 248.14 0.0020315
table 0 0 -10 84.61 119.59 194.76 372.02 0.0019486
table 0 0 -10 151.44 17.96 360.70 191.00 0.0018858
