bathtub 0 0 -10 12.56 11.66 623.07 347.26 0.8374220
chair 0 0 -10 455.27 242.47 627.91 428.19 0.1630812
bathtub 0 0 -10 142.79 12.19 659.48 233.19 0.0793861
desk 0 0 -10 0.19 26.92 663.77 492.52 0.0590076
table 0 0 -10 29.24 4.85 624.47 529.09 0.0478870
table 0 0 -10 466.05 230.92 624.49 429.77 0.0430897
table 0 0 -10 458.77 161.45 591.76 265.92 0.0353938
chair 0 0 -10 463.27 150.90 594.37 260.54 0.0263461
table 0 0 -10 564.84 85.99 659.96 193.07 0.0218103
bathtub 0 0 -10 78.11 6.16 419.98 261.03 0.0187310
table 0 0 -10 588.14 77.24 669.81 158.04 0.0136345
chair 0 0 -10 454.05 168.66 600.54 347.74 0.0112811
table 0 0 -10 454.66 171.47 594.30 347.30 0.0082218
toilet 0 0 -10 459.66 150.66 592.70 265.52 0.0077051
bathtub 0 0 -10 1.87 1.63 382.74 124.42 0.0075268
toilet 0 0 -10 9.56 13.86 607.63 498.65 0.0072329
chair 0 0 -10 560.39 99.79 660.67 196.56 0.0064620
bathtub 0 0 -10 62.52 48.94 472.22 485.58 0.0064074
table 0 0 -10 104.77 9.61 655.22 300.71 0.0059616
bed 0 0 -10 30.90 22.01 632.31 516.39 0.0052189
table 0 0 -10 590.35 71.75 669.93 117.28 0.0049730
chair 0 0 -10 185.01 68.27 607.62 496.90 0.0044835
bathtub 0 0 -10 0.00 20.00 331.41 351.15 0.0044087
sofa 0 0 -10 35.47 45.87 629.68 514.73 0.0038035
chair 0 0 -10 356.51 185.74 619.19 467.14 0.0034657
toilet 0 0 -10 454.41 225.20 625.01 432.76 0.0034463
desk 0 0 -10 101.69 14.45 671.63 300.57 0.0034186
table 0 0 -10 321.10 145.83 606.28 432.23 0.0032627
bathtub 0 0 -10 230.15 5.46 528.97 201.61 0.0029680
sofa 0 0 -10 449.99 235.04 628.50 442.94 0.0029046
dresser 0 0 -10 44.23 44.42 635.15 518.86 0.0026793
night_stand 0 0 -10 460.99 155.20 587.56 269.06 0.0024069
chair 0 0 -10 480.31 92.09 654.29 260.94 0.0023717
table 0 0 -10 478.37 95.79 652.49 200.12 0.0023090
bathtub 0 0 -10 169.59 0.00 642.56 128.45 0.0020976
bookshelf 0 0 -10 61.03 33.95 625.91 515.60 0.0020816
chair 0 0 -10 321.31 1.43 420.37 51.50 0.0020302
bathtub 0 0 -10 460.92 155.11 586.82 270.81 0.0018717
night_stand 0 0 -10 298.01 16.17 355.94 72.72 0.0016158
bathtub 0 0 -10 395.68 22.18 648.70 251.10 0.0015418
bathtub 0 0 -10 141.89 68.49 675.88 441.55 0.0014882
toilet 0 0 -10 560.95 99.39 658.62 198.76 0.0014446
table 0 0 -10 36.79 60.68 444.10 439.91 0.0012142
bathtub 0 0 -10 110.80 0.43 328.73 174.42 0.0012098
desk 0 0 -10 445.99 196.85 627.90 433.80 0.0010459
sofa 0 0 -10 466.06 158.37 585.17 258.71 0.0010409
desk 0 0 -10 458.34 160.83 595.66 266.88 0.0009943
dresser 0 0 -10 463.43 157.33 584.60 267.31 0.0009091
bathtub 0 0 -10 23.84 0.00 319.78 80.26 0.0009005
night_stand 0 0 -10 451.81 216.73 627.49 434.54 0.0008781
table 0 0 -10 265.60 8.06 649.36 214.66 0.0007847
toilet 0 0 -10 454.21 170.98 600.59 362.03 0.0007684
bathtub 0 0 -10 0.00 132.75 51.48 387.40 0.0007347
table 0 0 -10 424.95 281.51 629.84 525.65 0.0006633
chair 0 0 -10 444.64 126.49 658.61 377.21 0.0006486
table 0 0 -10 426.72 78.49 641.91 259.97 0.0006335
bathtub 0 0 -10 457.27 231.20 625.27 420.78 0.0006128
chair 0 0 -10 277.42 0.00 369.80 101.03 0.0005972
toilet 0 0 -10 83.72 8.74 367.26 338.46 0.0005865
bookshelf 0 0 -10 463.67 153.00 584.80 271.81 0.0005837
bathtub 0 0 -10 46.44 196.48 674.21 525.65 0.0005793
bathtub 0 0 -10 1.08 131.30 143.74 282.54 0.0005307
chair 0 0 -10 189.60 7.80 594.41 285.52 0.0005275
chair 0 0 -10 341.67 0.00 452.27 70.93 0.0005186
bathtub 0 0 -10 201.50 0.00 405.06 122.38 0.0005104
toilet 0 0 -10 212.14 19.49 646.26 316.89 0.0005014
bed 0 0 -10 454.28 232.95 629.11 440.59 0.0004982
bathtub 0 0 -10 161.58 0.00 310.96 119.84 0.0004789
bathtub 0 0 -10 0.00 37.97 147.76 360.14 0.0004665
desk 0 0 -10 53.50 66.37 523.30 366.30 0.0004618
sofa 0 0 -10 0.00 17.63 646.71 294.15 0.0004592
sofa 0 0 -10 565.47 106.72 658.87 196.51 0.0004589
chair 0 0 -10 255.09 1.58 350.33 57.25 0.0004407
toilet 0 0 -10 457.64 92.18 655.67 264.88 0.0004244
bathtub 0 0 -10 308.97 5.48 463.19 126.12 0.0004140
bathtub 0 0 -10 220.39 16.91 348.47 204.92 0.0004080
bathtub 0 0 -10 15.76 7.73 189.13 96.74 0.0004028
chair 0 0 -10 300.13 3.85 373.03 67.03 0.0003990
bed 0 0 -10 466.14 159.62 586.78 259.91 0.0003937
table 0 0 -10 0.63 288.79 85.40 525.08 0.0003591
table 0 0 -10 541.29 74.34 670.75 243.81 0.0003548
table 0 0 -10 363.73 33.16 649.25 388.08 0.0003517
night_stand 0 0 -10 56.30 45.36 633.49 512.97 0.0003478
bathtub 0 0 -10 561.92 99.23 661.21 196.25 0.0003451
table 0 0 -10 294.81 10.50 358.40 64.44 0.0003430
bookshelf 0 0 -10 457.01 209.73 622.43 426.79 0.0003368
chair 0 0 -10 222.36 0.00 341.46 114.33 0.0003300
dresser 0 0 -10 0.00 15.67 654.61 300.37 0.0003232
chair 0 0 -10 542.56 78.92 678.10 248.05 0.0003166
bathtub 0 0 -10 265.13 21.30 423.40 151.34 0.0003063
chair 0 0 -10 348.68 21.70 668.03 249.12 0.0003009
bathtub 0 0 -10 359.80 0.00 696.29 153.15 0.0002907
dresser 0 0 -10 463.37 208.89 615.44 425.89 0.0002807
table 0 0 -10 423.33 129.67 576.71 253.32 0.0002777
bookshelf 0 0 -10 5.97 4.19 642.34 298.87 0.0002766
chair 0 0 -10 238.70 0.00 432.33 95.07 0.0002756
chair 0 0 -10 168.04 92.29 504.41 357.50 0.0002708
chair 0 0 -10 291.20 17.00 353.10 75.75 0.0002669
table 0 0 -10 112.49 208.84 613.07 504.21 0.0002643
toilet 0 0 -10 404.23 141.03 620.64 458.70 0.0002641
