chair 0 0 -10 102.34 105.28 307.25 281.65 0.9694241
chair 0 0 -10 279.61 190.63 523.79 480.03 0.9474862
chair 0 0 -10 5.25 108.51 134.56 256.96 0.9292454
chair 0 0 -10 307.86 64.24 418.40 211.13 0.8189259
table 0 0 -10 23.31 95.35 602.04 386.19 0.6817711
chair 0 0 -10 321.37 71.16 408.04 131.88 0.6343281
table 0 0 -10 3.19 244.54 488.91 526.89 0.6215325
desk 0 0 -10 0.00 276.82 459.54 520.21 0.5273507
desk 0 0 -10 55.67 91.36 599.35 412.73 0.3862048
table 0 0 -10 1.49 87.50 139.56 255.79 0.3623762
chair 0 0 -10 291.58 137.83 535.24 373.62 0.3519831
chair 0 0 -10 84.65 97.56 351.42 407.40 0.3332851
chair 0 0 -10 522.93 67.56 608.90 217.16 0.3288362
desk 0 0 -10 3.10 79.31 121.40 243.93 0.2859154
chair 0 0 -10 37.61 211.17 405.97 505.26 0.2535745
table 0 0 -10 0.00 237.17 165.26 486.84 0.2169122
table 0 0 -10 0.00 65.50 89.37 207.81 0.1233290
chair 0 0 -10 1.65 24.48 72.98 142.52 0.1097846
chair 0 0 -10 534.85 70.80 590.81 159.97 0.1060024
desk 0 0 -10 0.00 235.07 158.81 486.34 0.1057980
chair 0 0 -10 0.84 100.21 68.10 277.60 0.0960319
table 0 0 -10 22.23 86.95 376.56 243.19 0.0891014
desk 0 0 -10 4.10 53.56 101.61 189.27 0.0826866
chair 0 0 -10 467.24 37.85 617.97 215.92 0.0822752
table 0 0 -10 5.13 101.39 225.33 390.99 0.0669916
chair 0 0 -10 8.68 102.28 209.00 405.22 0.0630012
chair 0 0 -10 0.00 152.70 101.08 431.60 0.0584371
table 0 0 -10 258.49 128.63 598.36 412.79 0.0530171
chair 0 0 -10 1.60 64.72 82.00 203.30 0.0517481
desk 0 0 -10 14.48 76.42 298.46 239.42 0.0504399
table 0 0 -10 170.93 360.91 492.89 526.35 0.0496094
chair 0 0 -10 127.11 111.83 276.11 225.24 0.0437609
chair 0 0 -10 18.35 38.81 126.80 175.79 0.0432233
chair 0 0 -10 301.88 64.04 478.68 261.24 0.0354065
chair 0 0 -10 117.34 337.26 479.35 515.40 0.0316942
chair 0 0 -10 159.44 116.61 549.22 451.75 0.0310657
chair 0 0 -10 40.04 173.51 274.51 433.02 0.0305591
chair 0 0 -10 58.21 106.00 197.79 239.69 0.0292102
desk 0 0 -10 178.04 358.31 493.30 524.94 0.0279417
table 0 0 -10 2.36 145.66 153.99 349.76 0.0271862
table 0 0 -10 1.85 65.37 611.64 225.49 0.0254871
table 0 0 -10 0.00 58.59 48.97 267.72 0.0253708
desk 0 0 -10 27.52 70.82 394.56 336.51 0.0237458
chair 0 0 -10 25.29 241.37 219.80 480.69 0.0232795
table 0 0 -10 9.34 48.71 128.00 176.01 0.0221504
table 0 0 -10 0.00 207.29 100.09 448.46 0.0217939
chair 0 0 -10 23.67 82.61 233.14 280.38 0.0184412
chair 0 0 -10 4.12 82.70 43.97 246.21 0.0175036
desk 0 0 -10 0.00 64.96 605.25 226.53 0.0163501
chair 0 0 -10 287.43 346.25 538.05 524.52 0.0162212
desk 0 0 -10 6.59 63.65 163.15 159.06 0.0153665
table 0 0 -10 0.06 39.80 92.86 136.50 0.0151566
desk 0 0 -10 9.72 101.52 220.92 398.93 0.0143801
chair 0 0 -10 406.74 50.59 587.21 237.59 0.0142209
table 0 0 -10 16.29 83.18 216.97 206.18 0.0139670
table 0 0 -10 234.25 65.47 605.47 287.26 0.0134173
chair 0 0 -10 54.70 34.61 158.93 187.11 0.0130801
desk 0 0 -10 259.08 150.78 593.70 411.43 0.0127486
chair 0 0 -10 327.90 54.14 444.54 149.76 0.0116848
chair 0 0 -10 349.24 69.15 569.52 192.14 0.0115041
table 0 0 -10 74.62 185.43 433.41 406.90 0.0112713
chair 0 0 -10 414.25 21.85 586.25 159.74 0.0111267
desk 0 0 -10 0.75 57.52 93.69 120.76 0.0104010
chair 0 0 -10 200.25 62.10 540.36 151.33 0.0099830
desk 0 0 -10 285.18 71.93 614.64 175.96 0.0096323
desk 0 0 -10 245.94 58.39 609.61 290.10 0.0096108
chair 0 0 -10 557.81 87.73 606.36 219.62 0.0092158
table 0 0 -10 35.23 205.68 267.30 434.32 0.0091528
chair 0 0 -10 35.48 90.18 164.06 210.61 0.0090753
table 0 0 -10 355.60 58.61 592.59 153.43 0.0078680
chair 0 0 -10 377.28 64.38 550.51 312.14 0.0076023
table 0 0 -10 84.53 94.13 342.05 193.23 0.0075837
desk 0 0 -10 38.97 39.77 321.70 113.26 0.0074601
desk 0 0 -10 395.29 67.01 596.50 260.66 0.0071169
table 0 0 -10 571.26 80.75 612.66 220.71 0.0070771
chair 0 0 -10 0.18 140.55 52.84 422.79 0.0069693
desk 0 0 -10 1.06 62.93 67.13 239.36 0.0066437
desk 0 0 -10 314.14 121.84 584.20 216.35 0.0066317
desk 0 0 -10 102.18 201.11 453.91 431.78 0.0062208
chair 0 0 -10 23.35 43.50 97.67 139.73 0.0058054
table 0 0 -10 31.28 50.36 109.79 112.90 0.0057829
bed 0 0 -10 0.00 312.02 482.57 518.48 0.0053652
desk 0 0 -10 18.70 55.22 213.77 116.49 0.0050609
desk 0 0 -10 0.46 201.13 96.71 449.98 0.0048823
sofa 0 0 -10 17.80 227.96 461.39 523.17 0.0044554
chair 0 0 -10 209.14 83.43 394.76 336.80 0.0044127
chair 0 0 -10 158.42 71.80 319.42 230.00 0.0043823
desk 0 0 -10 124.18 60.70 580.68 140.51 0.0043361
table 0 0 -10 320.82 66.81 414.17 130.61 0.0042799
table 0 0 -10 391.09 68.03 596.68 255.45 0.0040640
table 0 0 -10 71.67 105.91 338.51 311.27 0.0040294
chair 0 0 -10 75.20 49.77 222.17 223.71 0.0040112
chair 0 0 -10 430.81 70.90 604.91 338.43 0.0039942
desk 0 0 -10 0.00 77.05 401.80 161.60 0.0039897
desk 0 0 -10 5.03 147.58 149.97 358.32 0.0038313
chair 0 0 -10 221.22 44.66 374.30 188.06 0.0038263
sofa 0 0 -10 137.77 132.37 565.64 499.38 0.0038149
table 0 0 -10 0.87 62.86 68.19 154.73 0.0036847
chair 0 0 -10 61.25 66.67 122.14 183.44 0.0036170
table 0 0 -10 0.00 232.52 128.30 333.93 0.0035759
