chair 0 0 -10 259.55 155.94 364.25 276.73 0.9841502
chair 0 0 -10 362.78 161.95 425.82 255.27 0.9716592
chair 0 0 -10 366.21 282.08 569.99 512.72 0.9588630
chair 0 0 -10 40.87 225.17 235.44 445.35 0.9535229
table 0 0 -10 537.23 164.00 728.93 271.55 0.9254432
chair 0 0 -10 588.58 189.46 717.29 279.12 0.9056037
chair 0 0 -10 563.45 195.40 722.36 393.09 0.9020799
table 0 0 -10 360.26 272.69 727.67 526.67 0.8806939
table 0 0 -10 178.51 152.03 411.08 266.92 0.8795162
chair 0 0 -10 54.61 188.14 191.64 345.64 0.8196192
chair 0 0 -10 181.39 159.62 265.90 259.47 0.8013265
chair 0 0 -10 94.73 188.74 195.84 299.05 0.7787907
chair 0 0 -10 1.36 103.46 105.29 362.13 0.7577022
table 0 0 -10 0.00 207.26 249.47 471.60 0.7495007
chair 0 0 -10 30.60 180.20 136.59 369.76 0.7014929
chair 0 0 -10 571.47 127.07 658.07 222.59 0.5444176
chair 0 0 -10 185.41 158.71 251.38 223.43 0.4990075
chair 0 0 -10 337.27 129.33 404.00 236.83 0.4842545
chair 0 0 -10 586.09 130.55 712.28 258.63 0.4201512
chair 0 0 -10 536.13 161.72 601.25 247.55 0.3945330
chair 0 0 -10 126.51 214.92 245.52 393.67 0.3830647
table 0 0 -10 339.20 131.36 480.10 206.29 0.3322808
chair 0 0 -10 0.00 177.98 69.81 452.43 0.3174737
chair 0 0 -10 568.89 134.90 646.41 186.55 0.2925588
chair 0 0 -10 632.76 120.80 725.72 213.86 0.2762089
table 0 0 -10 511.46 193.20 723.89 363.37 0.2574417
chair 0 0 -10 171.50 147.72 230.09 209.47 0.2559210
chair 0 0 -10 36.69 168.39 156.08 286.31 0.2458021
chair 0 0 -10 172.17 173.29 255.47 336.77 0.2436334
table 0 0 -10 538.28 176.97 610.27 264.87 0.2435017
chair 0 0 -10 281.70 141.80 356.34 213.12 0.2266936
chair 0 0 -10 486.69 247.45 717.42 487.62 0.2248135
chair 0 0 -10 288.08 132.87 376.37 252.48 0.2076830
chair 0 0 -10 333.52 117.63 386.00 211.78 0.2076702
chair 0 0 -10 667.79 113.53 727.44 193.80 0.1930370
chair 0 0 -10 377.84 289.91 514.16 458.31 0.1889988
chair 0 0 -10 357.70 138.15 419.35 216.93 0.1830113
desk 0 0 -10 0.52 203.59 232.20 505.33 0.1814558
desk 0 0 -10 376.08 283.33 723.89 529.49 0.1654000
desk 0 0 -10 179.92 142.97 411.67 281.73 0.1633056
chair 0 0 -10 585.63 127.19 661.09 173.17 0.1603377
chair 0 0 -10 449.10 135.01 492.68 203.32 0.1525292
chair 0 0 -10 601.25 120.49 693.87 189.53 0.1522736
chair 0 0 -10 97.33 187.80 193.34 241.69 0.1389206
chair 0 0 -10 113.92 192.58 184.72 217.18 0.1268745
table 0 0 -10 313.06 144.77 421.12 255.74 0.1200498
chair 0 0 -10 684.96 189.22 727.55 390.64 0.1189838
chair 0 0 -10 557.01 135.61 615.07 200.74 0.1057257
table 0 0 -10 582.87 122.76 730.00 197.03 0.1055786
chair 0 0 -10 262.28 154.42 339.93 227.88 0.1020237
table 0 0 -10 12.25 183.36 240.19 342.44 0.1016599
chair 0 0 -10 149.83 167.40 245.01 275.95 0.0977639
chair 0 0 -10 328.52 101.47 383.74 173.92 0.0780226
table 0 0 -10 462.20 264.24 715.51 435.09 0.0754810
desk 0 0 -10 340.40 128.54 481.64 208.29 0.0730960
chair 0 0 -10 542.75 144.90 586.87 221.45 0.0721620
chair 0 0 -10 566.82 149.94 631.17 231.86 0.0711620
table 0 0 -10 682.84 182.90 727.12 388.37 0.0710863
chair 0 0 -10 646.45 118.66 727.06 293.36 0.0700781
chair 0 0 -10 323.61 134.50 430.80 264.24 0.0695991
chair 0 0 -10 72.30 165.63 238.92 317.28 0.0694768
table 0 0 -10 0.00 228.00 133.96 490.30 0.0666011
table 0 0 -10 239.89 141.28 418.12 221.04 0.0664060
desk 0 0 -10 543.20 170.88 725.12 275.71 0.0654054
chair 0 0 -10 583.45 142.05 642.87 172.31 0.0632096
chair 0 0 -10 371.04 130.57 438.79 194.48 0.0606932
chair 0 0 -10 313.73 127.24 373.23 195.71 0.0601271
table 0 0 -10 78.91 161.47 384.15 299.43 0.0543233
chair 0 0 -10 192.87 147.33 290.99 223.96 0.0541957
chair 0 0 -10 388.10 155.62 429.46 246.83 0.0531696
chair 0 0 -10 8.48 195.83 139.42 476.30 0.0527252
chair 0 0 -10 544.34 162.03 563.68 240.74 0.0526183
chair 0 0 -10 108.61 176.69 221.88 267.81 0.0488444
table 0 0 -10 580.63 122.46 729.57 339.25 0.0466058
chair 0 0 -10 239.80 155.65 317.25 244.84 0.0463868
table 0 0 -10 0.17 127.58 112.93 305.06 0.0447417
table 0 0 -10 54.37 168.76 229.43 226.69 0.0423198
chair 0 0 -10 350.34 130.11 401.80 161.38 0.0391011
chair 0 0 -10 590.09 176.35 690.54 253.16 0.0390958
table 0 0 -10 577.94 139.31 646.17 169.83 0.0390583
chair 0 0 -10 572.51 140.19 585.98 205.59 0.0384802
chair 0 0 -10 400.43 128.98 453.48 197.01 0.0373292
chair 0 0 -10 533.95 159.75 566.53 258.37 0.0370274
chair 0 0 -10 272.45 116.87 341.00 201.99 0.0359816
table 0 0 -10 58.54 180.91 226.29 261.32 0.0355666
chair 0 0 -10 589.40 250.17 718.59 293.62 0.0353386
chair 0 0 -10 335.39 318.54 701.93 525.66 0.0349696
chair 0 0 -10 158.14 148.58 287.91 288.04 0.0346192
table 0 0 -10 176.63 153.89 298.47 219.73 0.0339235
chair 0 0 -10 354.97 396.70 641.74 526.67 0.0326857
chair 0 0 -10 36.57 175.72 120.09 242.19 0.0325187
chair 0 0 -10 44.14 178.77 130.89 212.22 0.0311801
chair 0 0 -10 545.28 161.43 574.27 196.38 0.0308582
table 0 0 -10 350.01 148.50 438.88 241.20 0.0289309
chair 0 0 -10 577.38 139.55 595.17 198.76 0.0283468
table 0 0 -10 552.33 165.55 645.72 254.59 0.0282345
chair 0 0 -10 571.35 135.63 615.57 167.97 0.0269374
chair 0 0 -10 701.57 117.94 729.09 271.25 0.0249069
table 0 0 -10 367.00 139.85 437.33 204.77 0.0224696
desk 0 0 -10 537.82 177.26 727.59 367.05 0.0224650
