chair 0 0 -10 502.87 180.03 621.86 296.59 0.9587168
chair 0 0 -10 294.57 204.07 411.76 319.62 0.9500424
chair 0 0 -10 409.17 189.84 518.91 302.74 0.9493361
chair 0 0 -10 171.53 216.09 307.23 342.97 0.9423279
chair 0 0 -10 123.78 327.92 343.24 521.68 0.9024139
chair 0 0 -10 295.63 295.88 519.36 489.45 0.8814180
chair 0 0 -10 462.31 259.15 723.43 445.80 0.8691155
table 0 0 -10 105.38 402.65 708.12 530.00 0.8640759
chair 0 0 -10 598.51 168.90 716.84 275.27 0.7498513
table 0 0 -10 3.99 5.88 234.23 242.57 0.6997790
chair 0 0 -10 282.36 156.60 370.58 235.07 0.6951425
chair 0 0 -10 365.22 148.78 446.13 219.53 0.6870006
table 0 0 -10 453.79 44.00 623.90 140.35 0.6619974
chair 0 0 -10 445.30 146.78 524.91 202.94 0.6418026
chair 0 0 -10 181.72 163.42 286.46 231.23 0.6062307
chair 0 0 -10 512.74 134.97 601.11 206.92 0.5937244
chair 0 0 -10 669.35 140.92 727.51 271.34 0.5059868
chair 0 0 -10 580.36 246.90 730.00 418.97 0.4702101
chair 0 0 -10 580.54 129.98 673.26 214.97 0.4668462
chair 0 0 -10 645.17 125.86 729.99 232.91 0.3223175
chair 0 0 -10 283.37 169.46 389.91 284.09 0.2742638
chair 0 0 -10 423.98 152.68 526.71 262.41 0.2094043
desk 0 0 -10 149.33 407.09 717.40 524.78 0.2083258
chair 0 0 -10 457.38 183.80 576.28 295.93 0.1947307
chair 0 0 -10 477.08 196.81 658.87 393.83 0.1859449
chair 0 0 -10 270.51 6.17 391.28 149.84 0.1490696
chair 0 0 -10 497.96 142.12 601.03 248.93 0.1425422
table 0 0 -10 277.83 32.22 445.46 148.06 0.1401045
chair 0 0 -10 131.56 313.81 600.09 521.88 0.1334724
chair 0 0 -10 659.45 248.56 726.97 415.89 0.1214093
desk 0 0 -10 273.74 21.01 429.39 151.73 0.1147756
desk 0 0 -10 453.98 45.34 622.81 143.15 0.1095973
chair 0 0 -10 620.07 180.53 728.02 398.18 0.1094944
chair 0 0 -10 404.85 130.01 696.02 224.78 0.1085217
chair 0 0 -10 649.87 128.74 728.66 180.20 0.1051063
chair 0 0 -10 699.66 142.75 728.97 286.06 0.0915899
chair 0 0 -10 619.25 264.72 730.00 502.75 0.0830951
chair 0 0 -10 356.78 151.70 454.43 286.73 0.0819151
chair 0 0 -10 379.78 272.49 650.99 488.22 0.0734001
chair 0 0 -10 529.33 142.74 651.21 266.30 0.0710620
desk 0 0 -10 14.07 0.00 235.46 241.80 0.0681854
table 0 0 -10 435.27 392.99 730.00 528.91 0.0638340
table 0 0 -10 126.23 299.80 722.87 515.69 0.0625850
chair 0 0 -10 370.74 160.49 438.78 201.38 0.0622343
chair 0 0 -10 91.77 399.68 442.32 526.56 0.0615061
table 0 0 -10 355.02 49.62 443.91 142.78 0.0558703
chair 0 0 -10 312.75 152.37 417.83 233.16 0.0557881
chair 0 0 -10 367.92 39.93 445.94 142.61 0.0542712
chair 0 0 -10 630.24 104.69 730.00 301.16 0.0538066
chair 0 0 -10 215.04 161.27 338.98 236.68 0.0525075
chair 0 0 -10 500.65 36.07 571.83 105.31 0.0498617
chair 0 0 -10 517.66 389.50 729.01 523.94 0.0423680
desk 0 0 -10 275.06 41.43 458.30 262.08 0.0419809
chair 0 0 -10 321.19 394.96 700.44 518.88 0.0395960
table 0 0 -10 460.61 305.27 685.97 496.79 0.0384030
table 0 0 -10 274.72 41.80 457.52 258.22 0.0343183
desk 0 0 -10 270.42 3.39 378.49 111.54 0.0321934
desk 0 0 -10 348.09 328.60 700.09 521.43 0.0319004
chair 0 0 -10 327.89 176.24 434.76 298.40 0.0318526
dresser 0 0 -10 272.66 4.00 374.10 111.77 0.0313799
table 0 0 -10 1.93 60.27 164.22 271.62 0.0268674
chair 0 0 -10 698.65 238.55 729.83 398.89 0.0250717
chair 0 0 -10 199.34 276.54 459.22 497.37 0.0232157
table 0 0 -10 273.66 7.00 388.42 134.31 0.0220961
chair 0 0 -10 227.96 232.53 714.84 498.47 0.0217115
chair 0 0 -10 162.02 108.82 316.80 283.51 0.0214183
table 0 0 -10 78.77 418.10 433.53 529.41 0.0200289
desk 0 0 -10 477.27 284.90 719.19 459.65 0.0196500
sofa 0 0 -10 126.83 291.49 730.00 516.87 0.0196044
table 0 0 -10 511.21 266.06 726.69 458.68 0.0184390
table 0 0 -10 134.47 459.61 557.42 523.21 0.0173849
chair 0 0 -10 440.00 140.45 552.21 236.45 0.0168877
desk 0 0 -10 447.48 389.61 730.00 528.46 0.0156539
table 0 0 -10 133.31 349.71 357.24 517.47 0.0152699
table 0 0 -10 357.14 142.54 443.43 205.80 0.0150079
table 0 0 -10 185.83 130.01 606.23 222.24 0.0148050
chair 0 0 -10 438.58 145.10 701.27 329.74 0.0145087
chair 0 0 -10 300.21 139.61 382.59 206.60 0.0144518
chair 0 0 -10 267.78 147.08 408.13 346.77 0.0141065
table 0 0 -10 3.64 58.63 242.74 427.90 0.0138035
chair 0 0 -10 348.00 139.72 426.80 205.75 0.0133306
chair 0 0 -10 156.54 234.19 331.60 478.37 0.0131421
bookshelf 0 0 -10 274.50 2.18 380.85 137.85 0.0121638
table 0 0 -10 578.67 302.07 728.97 528.44 0.0109663
chair 0 0 -10 366.71 193.10 540.77 456.09 0.0109654
table 0 0 -10 72.88 474.12 409.62 528.20 0.0109396
chair 0 0 -10 281.18 90.42 436.91 294.66 0.0107242
desk 0 0 -10 625.35 281.83 726.24 517.10 0.0104831
chair 0 0 -10 280.12 193.64 440.59 445.49 0.0102652
table 0 0 -10 169.87 60.89 627.01 365.82 0.0101680
table 0 0 -10 295.86 146.44 444.12 216.89 0.0098173
desk 0 0 -10 128.48 267.69 698.01 526.23 0.0097886
desk 0 0 -10 275.70 40.66 626.91 151.67 0.0096739
chair 0 0 -10 701.70 162.38 727.90 241.41 0.0094200
table 0 0 -10 289.26 46.03 621.32 147.93 0.0092922
chair 0 0 -10 336.78 188.44 542.84 320.12 0.0092000
desk 0 0 -10 181.67 126.77 609.54 223.82 0.0086918
chair 0 0 -10 564.56 441.59 730.00 530.00 0.0086643
table 0 0 -10 269.40 124.82 458.57 313.40 0.0081817
table 0 0 -10 21.78 134.47 689.56 457.99 0.0080755
