chair 0 0 -10 172.17 175.13 282.76 364.11 0.9844021
chair 0 0 -10 107.76 157.04 202.17 317.02 0.9809745
chair 0 0 -10 546.82 140.22 623.49 249.84 0.9273651
chair 0 0 -10 1.36 204.66 114.05 353.30 0.9203905
chair 0 0 -10 559.64 172.54 666.96 313.86 0.9151506
table 0 0 -10 4.56 180.71 207.70 363.67 0.9042554
table 0 0 -10 575.07 168.40 720.07 275.36 0.7044345
chair 0 0 -10 128.95 164.96 245.60 326.56 0.5878306
chair 0 0 -10 22.44 159.66 193.31 343.32 0.3532754
chair 0 0 -10 689.97 184.46 728.13 298.12 0.3283786
chair 0 0 -10 682.06 149.51 728.35 265.54 0.1818117
chair 0 0 -10 566.62 146.68 676.09 250.55 0.1637787
chair 0 0 -10 590.15 159.20 691.49 285.14 0.1457517
chair 0 0 -10 564.62 144.77 612.63 199.84 0.1229442
chair 0 0 -10 561.60 143.43 638.57 219.58 0.1023698
table 0 0 -10 651.21 173.45 728.17 294.67 0.0895693
chair 0 0 -10 2.17 129.26 136.80 318.42 0.0662379
chair 0 0 -10 637.42 146.38 726.48 250.63 0.0647836
desk 0 0 -10 18.76 176.56 209.60 366.17 0.0613145
desk 0 0 -10 571.39 169.24 717.12 310.51 0.0522760
table 0 0 -10 689.09 179.83 729.26 342.69 0.0515306
table 0 0 -10 602.87 160.25 705.68 242.55 0.0479185
chair 0 0 -10 613.43 156.17 673.81 253.90 0.0346937
chair 0 0 -10 81.64 144.71 173.93 286.79 0.0297138
table 0 0 -10 602.07 157.07 710.56 198.07 0.0276219
chair 0 0 -10 706.34 129.12 729.72 279.82 0.0269803
chair 0 0 -10 678.88 193.40 730.00 367.15 0.0255598
chair 0 0 -10 592.24 139.39 647.64 231.23 0.0251078
table 0 0 -10 557.20 159.84 676.66 244.05 0.0239385
chair 0 0 -10 687.56 200.50 728.32 252.98 0.0234054
chair 0 0 -10 691.67 143.24 728.10 213.19 0.0210228
chair 0 0 -10 692.99 231.90 727.06 291.26 0.0198079
table 0 0 -10 676.22 159.12 726.84 268.79 0.0189498
chair 0 0 -10 696.71 164.35 715.87 255.35 0.0189267
table 0 0 -10 698.30 203.99 728.64 309.79 0.0172493
table 0 0 -10 72.66 190.97 286.60 379.45 0.0170640
chair 0 0 -10 54.10 180.94 243.75 375.31 0.0158700
desk 0 0 -10 544.99 162.34 672.59 277.31 0.0146238
chair 0 0 -10 601.42 147.55 671.35 215.36 0.0139396
chair 0 0 -10 702.60 169.11 723.30 249.57 0.0135566
chair 0 0 -10 530.03 127.09 656.00 296.83 0.0133068
table 0 0 -10 547.45 157.60 689.86 307.88 0.0130155
chair 0 0 -10 652.96 153.83 718.18 224.33 0.0117905
table 0 0 -10 693.00 176.61 708.29 259.99 0.0101672
chair 0 0 -10 649.86 187.67 729.07 322.26 0.0099142
chair 0 0 -10 181.46 166.37 251.99 282.86 0.0095445
desk 0 0 -10 653.89 170.67 727.12 299.67 0.0094995
table 0 0 -10 424.40 158.94 710.03 294.78 0.0088370
chair 0 0 -10 615.35 151.12 700.78 222.72 0.0077328
chair 0 0 -10 647.53 165.45 663.98 248.01 0.0074567
chair 0 0 -10 100.15 152.23 143.19 301.70 0.0074064
chair 0 0 -10 0.00 60.34 86.77 358.46 0.0071939
table 0 0 -10 20.71 172.25 185.99 288.15 0.0070088
chair 0 0 -10 681.53 226.91 728.75 319.57 0.0066702
desk 0 0 -10 698.92 203.68 728.71 310.78 0.0065547
chair 0 0 -10 705.04 202.52 729.92 327.86 0.0058801
chair 0 0 -10 685.64 156.67 727.58 191.94 0.0057886
chair 0 0 -10 655.84 60.66 730.00 292.25 0.0055809
table 0 0 -10 711.45 202.08 729.45 356.28 0.0051515
chair 0 0 -10 710.16 187.86 729.23 233.22 0.0050740
table 0 0 -10 708.78 194.10 728.92 232.47 0.0046289
desk 0 0 -10 79.73 188.58 286.41 387.14 0.0042908
chair 0 0 -10 644.63 161.74 690.82 265.96 0.0041094
desk 0 0 -10 689.63 180.95 729.00 350.08 0.0040338
table 0 0 -10 714.00 202.97 729.86 229.24 0.0039456
table 0 0 -10 631.29 202.58 729.04 343.53 0.0037030
table 0 0 -10 1.69 239.07 101.28 354.35 0.0035152
chair 0 0 -10 701.72 197.96 729.56 273.30 0.0034140
table 0 0 -10 675.63 212.58 727.38 301.20 0.0033882
chair 0 0 -10 500.79 179.09 701.48 320.14 0.0032972
chair 0 0 -10 702.56 145.63 718.37 217.54 0.0032801
chair 0 0 -10 163.63 159.27 204.01 303.75 0.0031944
chair 0 0 -10 0.00 137.82 61.29 347.34 0.0031762
table 0 0 -10 73.98 175.84 235.71 296.54 0.0031644
chair 0 0 -10 717.92 167.10 729.93 281.46 0.0031263
chair 0 0 -10 101.59 157.39 186.82 253.37 0.0030682
table 0 0 -10 261.09 137.07 715.56 228.18 0.0030057
chair 0 0 -10 708.11 142.45 722.62 221.46 0.0029097
chair 0 0 -10 0.00 208.33 18.60 354.98 0.0028881
table 0 0 -10 701.28 177.45 713.94 252.74 0.0026642
chair 0 0 -10 636.54 155.18 711.88 198.74 0.0026579
chair 0 0 -10 212.96 173.99 276.05 302.33 0.0026178
chair 0 0 -10 719.98 133.43 728.25 250.97 0.0026068
chair 0 0 -10 542.49 156.69 587.21 269.16 0.0025604
table 0 0 -10 233.93 142.55 715.46 316.45 0.0025569
table 0 0 -10 146.41 188.80 284.91 329.44 0.0025093
sofa 0 0 -10 698.88 204.41 728.91 312.55 0.0024875
sofa 0 0 -10 685.91 205.16 729.13 408.95 0.0024330
table 0 0 -10 651.75 170.36 725.75 237.73 0.0024202
table 0 0 -10 610.56 155.26 708.76 180.58 0.0023659
table 0 0 -10 689.75 149.14 728.03 213.48 0.0023040
table 0 0 -10 705.44 142.29 729.61 285.74 0.0022966
table 0 0 -10 637.29 167.99 695.12 269.16 0.0022671
desk 0 0 -10 441.06 169.94 714.84 320.20 0.0022634
chair 0 0 -10 708.34 153.46 729.53 200.19 0.0021660
table 0 0 -10 36.63 212.41 703.95 519.59 0.0021649
chair 0 0 -10 713.32 151.26 729.03 252.14 0.0021582
table 0 0 -10 9.53 152.86 132.77 331.79 0.0021509
chair 0 0 -10 0.00 204.53 39.46 340.63 0.0021465
table 0 0 -10 604.23 143.36 661.06 232.46 0.0020557
