chair 0 0 -10 465.56 86.76 625.75 262.37 0.9761522
chair 0 0 -10 168.62 243.28 453.97 524.04 0.9590435
table 0 0 -10 295.72 86.10 659.31 276.49 0.9389753
chair 0 0 -10 335.27 81.78 485.23 234.26 0.9363310
chair 0 0 -10 0.00 178.54 171.00 472.84 0.9320142
chair 0 0 -10 190.70 64.61 326.59 217.22 0.9193888
chair 0 0 -10 104.80 57.22 225.77 198.95 0.9143376
table 0 0 -10 40.28 62.98 338.14 216.53 0.9012345
table 0 0 -10 3.41 231.65 388.60 526.43 0.8163749
table 0 0 -10 151.06 260.18 711.11 530.00 0.4944622
chair 0 0 -10 529.09 254.83 730.00 526.30 0.4892163
chair 0 0 -10 2.16 183.49 156.15 327.52 0.4335706
chair 0 0 -10 141.83 62.09 279.62 198.24 0.3800226
chair 0 0 -10 126.22 57.14 218.44 146.44 0.3711691
table 0 0 -10 0.00 210.01 172.30 495.58 0.3675574
table 0 0 -10 249.17 134.96 686.63 493.46 0.3441728
chair 0 0 -10 232.87 232.28 623.13 523.17 0.3030760
desk 0 0 -10 1.85 225.11 410.61 522.10 0.2057270
chair 0 0 -10 159.71 225.26 423.34 411.82 0.1919101
chair 0 0 -10 444.38 149.64 716.62 504.00 0.1871247
desk 0 0 -10 0.00 207.47 166.40 491.33 0.1553483
table 0 0 -10 544.25 309.64 729.46 514.10 0.1378963
chair 0 0 -10 370.49 69.11 478.85 181.23 0.1140985
desk 0 0 -10 41.65 64.46 336.39 235.15 0.1128855
chair 0 0 -10 99.51 319.80 397.84 521.66 0.1125897
chair 0 0 -10 484.67 79.62 619.43 180.94 0.1039087
chair 0 0 -10 228.71 55.15 334.17 172.62 0.0980290
chair 0 0 -10 18.69 208.46 279.51 484.31 0.0780313
chair 0 0 -10 0.03 327.62 156.28 517.59 0.0705827
desk 0 0 -10 284.74 86.86 659.75 290.64 0.0654385
chair 0 0 -10 145.87 45.84 239.60 129.10 0.0565959
desk 0 0 -10 149.58 256.49 719.62 530.00 0.0565157
chair 0 0 -10 12.60 85.69 188.72 238.73 0.0505052
chair 0 0 -10 209.02 64.38 291.41 181.81 0.0478053
table 0 0 -10 23.18 55.23 654.98 415.52 0.0365518
chair 0 0 -10 2.37 175.99 56.26 509.83 0.0334859
chair 0 0 -10 214.06 265.07 389.55 469.78 0.0329948
desk 0 0 -10 258.38 128.77 687.84 496.95 0.0319087
chair 0 0 -10 433.38 79.48 648.34 359.53 0.0293184
table 0 0 -10 15.21 75.91 379.16 374.55 0.0277548
table 0 0 -10 271.67 81.14 520.60 243.45 0.0266628
table 0 0 -10 141.93 243.16 458.25 503.18 0.0264852
chair 0 0 -10 497.99 116.25 696.46 321.64 0.0242334
chair 0 0 -10 309.98 78.87 630.92 276.07 0.0231368
chair 0 0 -10 4.41 411.78 236.20 523.28 0.0209330
chair 0 0 -10 349.40 133.22 463.07 191.53 0.0193479
table 0 0 -10 0.00 342.50 296.11 523.77 0.0185765
table 0 0 -10 358.21 82.45 639.29 206.73 0.0176100
chair 0 0 -10 20.86 368.35 325.56 522.36 0.0167100
chair 0 0 -10 55.05 56.57 288.58 225.11 0.0151275
chair 0 0 -10 232.43 52.21 312.84 126.39 0.0148501
table 0 0 -10 52.17 57.78 324.25 148.93 0.0141511
chair 0 0 -10 404.65 262.47 636.58 525.80 0.0140524
table 0 0 -10 6.34 158.09 160.10 371.68 0.0136709
chair 0 0 -10 287.38 154.30 468.93 440.70 0.0130954
chair 0 0 -10 186.64 56.88 255.07 175.21 0.0124913
sofa 0 0 -10 143.70 262.59 700.94 523.00 0.0118128
chair 0 0 -10 219.06 192.73 464.31 374.80 0.0117147
table 0 0 -10 0.09 228.83 90.33 517.83 0.0116335
chair 0 0 -10 3.97 167.90 155.18 255.72 0.0114975
bed 0 0 -10 262.31 249.40 708.92 530.00 0.0110494
table 0 0 -10 27.02 82.47 222.61 200.09 0.0104779
table 0 0 -10 474.99 292.50 671.91 530.00 0.0076717
desk 0 0 -10 11.96 71.47 379.24 383.31 0.0073699
chair 0 0 -10 232.01 58.18 408.74 207.40 0.0072520
chair 0 0 -10 575.99 149.44 726.32 365.43 0.0069089
chair 0 0 -10 547.26 270.15 727.48 378.92 0.0067179
desk 0 0 -10 549.53 299.93 730.00 516.84 0.0065503
desk 0 0 -10 64.69 266.08 294.36 523.80 0.0060447
chair 0 0 -10 645.78 264.52 730.00 525.38 0.0060009
chair 0 0 -10 483.61 148.35 610.53 214.57 0.0059674
chair 0 0 -10 497.91 82.31 565.87 179.93 0.0058336
chair 0 0 -10 0.00 111.45 83.56 325.27 0.0057590
desk 0 0 -10 11.33 43.21 658.81 433.22 0.0055182
chair 0 0 -10 110.63 102.01 210.75 155.72 0.0053509
table 0 0 -10 313.39 77.31 551.87 186.31 0.0051926
table 0 0 -10 167.13 83.14 349.47 228.82 0.0049640
chair 0 0 -10 451.55 78.69 577.82 219.44 0.0048053
chair 0 0 -10 204.55 93.88 422.42 260.66 0.0047474
desk 0 0 -10 317.86 80.58 540.10 211.73 0.0047304
desk 0 0 -10 188.90 243.83 475.23 520.84 0.0046946
sofa 0 0 -10 1.99 167.71 159.76 376.40 0.0044309
chair 0 0 -10 279.31 60.30 340.09 155.34 0.0041939
table 0 0 -10 2.58 145.50 144.25 276.08 0.0041749
table 0 0 -10 577.89 134.33 730.00 349.34 0.0041670
table 0 0 -10 194.67 294.33 392.16 465.30 0.0041556
table 0 0 -10 112.49 59.40 266.08 190.02 0.0041244
chair 0 0 -10 184.37 35.99 248.03 111.60 0.0041237
chair 0 0 -10 25.10 105.90 276.15 367.66 0.0040364
table 0 0 -10 448.23 98.70 645.42 267.33 0.0037879
table 0 0 -10 161.74 239.80 418.06 370.72 0.0036704
bed 0 0 -10 2.12 187.99 161.63 477.30 0.0033939
desk 0 0 -10 0.94 227.97 87.59 518.32 0.0033300
chair 0 0 -10 206.65 58.53 282.24 131.87 0.0032042
dresser 0 0 -10 0.00 207.83 158.19 495.91 0.0032004
table 0 0 -10 485.99 126.13 689.27 297.30 0.0031480
sofa 0 0 -10 27.88 237.22 503.85 521.07 0.0031414
desk 0 0 -10 94.44 60.10 328.26 166.18 0.0030702
table 0 0 -10 3.02 353.55 143.05 517.01 0.0030473
chair 0 0 -10 454.89 67.85 564.98 160.91 0.0029337
