chair 0 0 -10 0.61 213.91 196.28 528.17 0.9869097
chair 0 0 -10 114.09 93.88 264.29 309.98 0.9728231
chair 0 0 -10 498.87 48.45 581.06 173.17 0.9660590
chair 0 0 -10 204.32 69.65 299.54 223.97 0.9604522
chair 0 0 -10 530.07 115.35 717.20 348.05 0.9537601
chair 0 0 -10 518.53 82.75 635.95 234.95 0.9504345
chair 0 0 -10 0.23 91.26 115.49 222.86 0.9450499
chair 0 0 -10 243.63 35.98 324.68 146.92 0.9194880
chair 0 0 -10 479.75 20.85 551.31 117.34 0.8305362
chair 0 0 -10 101.83 67.70 196.45 169.29 0.7747107
chair 0 0 -10 509.66 72.25 594.87 207.23 0.7571311
chair 0 0 -10 636.02 90.47 728.84 317.79 0.7530639
chair 0 0 -10 88.86 31.89 164.85 103.12 0.7514858
chair 0 0 -10 594.64 58.43 671.29 119.13 0.7478479
chair 0 0 -10 168.19 35.90 237.41 96.39 0.7332284
chair 0 0 -10 15.91 30.23 91.20 92.01 0.6780152
chair 0 0 -10 556.15 27.44 627.74 121.11 0.6117358
chair 0 0 -10 645.66 268.33 729.75 524.11 0.5723090
chair 0 0 -10 269.40 16.07 336.32 115.05 0.5615163
chair 0 0 -10 2.60 66.10 103.19 171.29 0.5128064
chair 0 0 -10 208.20 13.41 264.34 78.06 0.4994333
chair 0 0 -10 146.99 10.65 202.79 69.36 0.4433394
chair 0 0 -10 83.58 7.48 141.48 76.66 0.3287607
chair 0 0 -10 0.00 94.09 148.04 355.90 0.2970050
chair 0 0 -10 469.45 9.43 522.60 84.67 0.2863176
chair 0 0 -10 584.96 52.88 678.46 162.06 0.2586709
chair 0 0 -10 160.94 32.77 248.27 136.46 0.2270079
chair 0 0 -10 675.05 164.28 729.02 504.61 0.2247512
chair 0 0 -10 19.98 11.90 88.04 73.13 0.2116360
chair 0 0 -10 682.30 127.49 728.11 377.74 0.2086215
chair 0 0 -10 290.78 2.81 345.82 62.57 0.1715069
chair 0 0 -10 596.50 199.12 730.00 530.00 0.1692952
chair 0 0 -10 641.89 91.66 730.00 204.75 0.1682815
chair 0 0 -10 541.38 22.95 603.09 89.48 0.1650004
chair 0 0 -10 235.68 0.00 296.40 52.48 0.1602452
chair 0 0 -10 96.37 66.19 221.95 239.19 0.1506933
chair 0 0 -10 556.02 60.70 662.79 195.64 0.1486875
chair 0 0 -10 17.25 60.08 100.52 97.11 0.1462476
chair 0 0 -10 150.84 24.82 217.09 92.65 0.1456257
chair 0 0 -10 505.99 14.25 583.95 107.75 0.1391212
chair 0 0 -10 398.52 392.69 717.84 521.41 0.1357296
chair 0 0 -10 251.34 26.06 319.92 102.97 0.1299797
chair 0 0 -10 212.35 12.01 290.00 126.41 0.1240961
chair 0 0 -10 164.38 17.41 319.27 173.68 0.1123563
chair 0 0 -10 458.47 117.70 730.00 505.20 0.1112038
chair 0 0 -10 19.19 5.50 80.99 48.14 0.1107655
chair 0 0 -10 177.52 16.20 256.98 84.88 0.1053396
chair 0 0 -10 31.60 91.11 266.65 390.07 0.1045096
chair 0 0 -10 587.11 76.41 717.04 256.95 0.0983901
chair 0 0 -10 182.54 0.00 238.35 43.67 0.0966663
chair 0 0 -10 535.77 6.10 590.82 54.81 0.0966000
chair 0 0 -10 15.67 42.72 100.83 135.60 0.0937279
chair 0 0 -10 491.78 43.35 565.07 107.40 0.0858745
chair 0 0 -10 131.59 15.74 199.68 102.31 0.0848763
chair 0 0 -10 1.25 29.41 49.94 158.73 0.0817291
chair 0 0 -10 85.62 8.12 140.08 44.47 0.0814816
chair 0 0 -10 274.59 15.43 333.72 67.32 0.0801507
chair 0 0 -10 104.00 38.64 187.73 133.23 0.0708529
chair 0 0 -10 0.32 6.29 24.57 93.44 0.0652371
chair 0 0 -10 474.98 4.88 528.47 52.09 0.0612165
chair 0 0 -10 228.50 3.88 306.02 87.59 0.0603170
chair 0 0 -10 82.35 21.93 208.12 182.62 0.0574588
chair 0 0 -10 130.77 0.00 183.27 46.19 0.0555239
chair 0 0 -10 5.31 7.45 73.97 99.04 0.0552630
table 0 0 -10 618.35 112.75 725.81 331.22 0.0528601
chair 0 0 -10 5.78 38.26 20.99 95.38 0.0444067
chair 0 0 -10 0.00 12.66 35.50 125.85 0.0350732
chair 0 0 -10 147.18 10.69 200.16 40.90 0.0315894
chair 0 0 -10 124.33 37.28 246.44 199.05 0.0311769
chair 0 0 -10 0.44 22.12 23.94 172.52 0.0303579
table 0 0 -10 638.29 136.43 723.66 530.00 0.0251576
chair 0 0 -10 2.16 3.60 48.27 79.59 0.0249860
chair 0 0 -10 132.64 11.27 379.27 120.37 0.0187898
table 0 0 -10 677.62 139.39 728.00 507.22 0.0170641
chair 0 0 -10 0.00 6.56 12.73 92.20 0.0165993
chair 0 0 -10 470.57 30.80 643.87 155.72 0.0156509
chair 0 0 -10 300.99 20.63 337.24 132.70 0.0150108
chair 0 0 -10 138.52 5.09 184.90 32.36 0.0146824
table 0 0 -10 531.43 99.07 709.87 316.75 0.0145934
chair 0 0 -10 244.90 4.68 291.91 38.29 0.0144483
table 0 0 -10 57.22 345.69 700.39 523.88 0.0138760
sofa 0 0 -10 642.78 97.20 728.97 278.44 0.0132114
desk 0 0 -10 621.61 110.16 727.29 332.14 0.0125437
chair 0 0 -10 4.50 29.26 17.74 122.96 0.0124214
chair 0 0 -10 75.76 25.80 157.04 151.55 0.0123048
chair 0 0 -10 1.22 30.56 11.24 159.00 0.0115914
chair 0 0 -10 300.24 9.57 350.12 98.99 0.0111884
chair 0 0 -10 107.45 13.99 184.40 89.46 0.0107197
sofa 0 0 -10 684.22 127.66 727.27 387.21 0.0104077
chair 0 0 -10 10.27 13.15 25.11 85.48 0.0103861
chair 0 0 -10 541.89 337.03 724.41 530.00 0.0101683
chair 0 0 -10 2.32 77.22 81.08 491.90 0.0101681
chair 0 0 -10 524.10 1.98 560.69 32.26 0.0087564
chair 0 0 -10 181.29 0.00 232.56 23.19 0.0086798
chair 0 0 -10 55.44 6.37 347.04 90.85 0.0083723
chair 0 0 -10 74.51 0.59 116.45 38.14 0.0082065
desk 0 0 -10 641.53 129.43 722.41 530.00 0.0081841
sofa 0 0 -10 648.79 266.94 730.00 524.85 0.0081251
chair 0 0 -10 701.12 110.96 729.57 288.27 0.0080728
chair 0 0 -10 17.59 244.62 574.08 521.25 0.0077280
