chair 0 0 -10 323.36 259.97 479.79 453.10 0.9905688
chair 0 0 -10 469.56 268.43 608.10 450.56 0.9841797
chair 0 0 -10 579.79 253.57 713.65 424.31 0.9811882
chair 0 0 -10 10.90 191.01 106.37 281.68 0.9689741
table 0 0 -10 321.08 231.93 676.97 445.57 0.9604963
chair 0 0 -10 4.81 263.48 103.08 454.42 0.9551857
chair 0 0 -10 1.51 359.71 103.50 524.91 0.8698688
chair 0 0 -10 313.85 235.16 425.55 385.03 0.8186877
chair 0 0 -10 363.93 210.59 462.95 302.33 0.7979979
chair 0 0 -10 568.46 219.30 666.08 327.97 0.7938067
table 0 0 -10 2.01 187.00 84.69 277.65 0.7591968
chair 0 0 -10 621.94 192.23 691.50 277.09 0.7083942
chair 0 0 -10 209.33 189.35 262.03 265.78 0.6493157
chair 0 0 -10 493.41 228.77 634.29 399.26 0.6249229
chair 0 0 -10 348.95 231.07 478.09 385.94 0.5912809
chair 0 0 -10 543.03 211.58 671.04 386.64 0.5699539
chair 0 0 -10 172.11 181.31 212.87 255.33 0.3924621
table 0 0 -10 1.77 295.15 104.86 521.83 0.3915876
chair 0 0 -10 269.69 181.33 328.21 249.21 0.3544811
desk 0 0 -10 650.15 194.04 727.43 288.77 0.2990960
chair 0 0 -10 329.87 221.00 445.86 319.29 0.2592841
chair 0 0 -10 414.89 214.53 506.80 336.87 0.2577004
chair 0 0 -10 365.72 210.56 447.23 259.80 0.2492711
chair 0 0 -10 436.24 188.90 515.54 281.77 0.2478210
chair 0 0 -10 404.10 215.14 551.26 383.34 0.2294701
chair 0 0 -10 592.03 220.34 678.84 287.11 0.2216698
chair 0 0 -10 395.34 201.08 496.80 299.85 0.2168315
chair 0 0 -10 684.44 199.30 728.35 280.51 0.2011629
table 0 0 -10 182.59 187.96 324.04 251.78 0.2002286
chair 0 0 -10 2.05 174.91 54.43 265.47 0.1990708
chair 0 0 -10 447.04 196.28 544.34 307.74 0.1948320
table 0 0 -10 619.82 192.95 725.62 278.85 0.1915785
chair 0 0 -10 17.86 184.86 88.38 245.02 0.1832114
chair 0 0 -10 573.93 187.35 625.38 237.73 0.1734512
chair 0 0 -10 514.47 172.85 568.07 231.03 0.1672617
chair 0 0 -10 466.83 181.83 521.06 256.07 0.1615890
chair 0 0 -10 409.25 223.27 470.53 324.57 0.1501792
desk 0 0 -10 328.56 221.92 704.44 466.70 0.1471581
chair 0 0 -10 250.22 189.46 313.68 261.94 0.1457117
chair 0 0 -10 615.31 192.20 680.24 244.54 0.1421757
chair 0 0 -10 476.49 222.46 597.52 337.66 0.1417935
chair 0 0 -10 554.46 188.34 640.29 300.12 0.1319381
chair 0 0 -10 421.02 180.21 476.04 281.13 0.1152924
table 0 0 -10 447.22 203.13 534.95 263.80 0.1127619
desk 0 0 -10 196.05 187.66 304.56 263.20 0.1127262
chair 0 0 -10 191.91 183.29 238.42 263.81 0.1110369
chair 0 0 -10 590.46 237.65 714.26 339.03 0.1048142
chair 0 0 -10 670.23 178.48 728.30 263.31 0.1015168
table 0 0 -10 331.86 224.90 535.95 403.13 0.0999638
chair 0 0 -10 467.41 189.41 505.20 225.93 0.0946071
chair 0 0 -10 290.33 178.19 336.12 235.74 0.0939076
table 0 0 -10 204.08 190.78 281.36 262.46 0.0936069
chair 0 0 -10 311.94 225.32 372.68 374.13 0.0924614
table 0 0 -10 2.54 199.17 89.99 364.66 0.0921995
desk 0 0 -10 610.51 187.73 726.45 262.24 0.0906915
chair 0 0 -10 424.59 168.48 472.19 226.31 0.0858111
chair 0 0 -10 229.91 190.36 286.25 264.25 0.0840187
chair 0 0 -10 3.09 216.26 92.20 376.97 0.0828995
chair 0 0 -10 643.89 179.92 704.98 242.69 0.0815207
table 0 0 -10 335.98 218.89 638.72 322.98 0.0789283
chair 0 0 -10 641.22 188.93 716.86 271.14 0.0757010
chair 0 0 -10 533.52 203.24 620.52 317.03 0.0740748
chair 0 0 -10 473.31 179.97 520.73 214.03 0.0734232
chair 0 0 -10 503.19 189.15 594.44 287.69 0.0726516
table 0 0 -10 240.44 191.95 294.40 256.44 0.0706200
chair 0 0 -10 311.70 230.36 337.03 359.71 0.0703220
table 0 0 -10 663.91 187.87 727.42 306.99 0.0698192
desk 0 0 -10 3.26 189.92 80.77 275.47 0.0646864
chair 0 0 -10 464.24 196.80 504.22 243.08 0.0637160
chair 0 0 -10 585.20 180.49 661.66 255.91 0.0612902
table 0 0 -10 583.94 171.38 727.21 301.83 0.0610967
table 0 0 -10 0.00 189.95 42.85 283.73 0.0577445
chair 0 0 -10 1.20 279.30 140.95 529.98 0.0570089
chair 0 0 -10 537.72 263.05 686.45 463.33 0.0551860
table 0 0 -10 587.13 183.99 715.65 252.62 0.0503286
desk 0 0 -10 591.14 170.70 717.31 240.50 0.0471185
chair 0 0 -10 481.12 176.16 540.96 237.08 0.0463442
chair 0 0 -10 263.70 188.83 294.93 258.08 0.0434859
desk 0 0 -10 2.79 292.51 102.04 521.25 0.0423977
chair 0 0 -10 704.96 193.22 729.09 284.33 0.0419911
table 0 0 -10 341.32 223.12 466.35 297.07 0.0408233
desk 0 0 -10 237.64 187.00 290.72 254.70 0.0364456
chair 0 0 -10 595.03 183.39 651.55 230.28 0.0343491
table 0 0 -10 470.49 235.77 665.17 415.65 0.0322754
table 0 0 -10 0.00 229.08 83.31 453.43 0.0315198
table 0 0 -10 242.15 181.63 324.71 244.01 0.0299407
desk 0 0 -10 176.29 176.17 328.82 242.26 0.0276510
chair 0 0 -10 208.92 190.12 251.12 234.65 0.0274678
table 0 0 -10 443.46 173.90 550.40 235.06 0.0250366
table 0 0 -10 2.48 189.32 17.81 280.64 0.0241431
table 0 0 -10 418.00 206.79 560.13 275.71 0.0237534
chair 0 0 -10 665.50 192.52 727.31 313.60 0.0225586
desk 0 0 -10 584.13 167.99 728.44 305.57 0.0220073
chair 0 0 -10 8.89 177.34 67.40 228.79 0.0219942
desk 0 0 -10 332.65 237.77 471.86 396.29 0.0219311
desk 0 0 -10 445.08 171.63 550.47 235.74 0.0218735
table 0 0 -10 318.97 238.23 445.82 379.46 0.0217831
desk 0 0 -10 199.83 183.63 261.32 251.09 0.0205526
desk 0 0 -10 242.91 179.44 324.55 245.66 0.0196175
chair 0 0 -10 34.77 201.86 89.16 237.28 0.0189658
