sofa 0 0 -10 237.20 226.59 512.58 416.26 0.9489415
table 0 0 -10 458.07 244.37 602.23 360.96 0.8546413
desk 0 0 -10 462.97 246.03 600.71 374.58 0.0440468
sofa 0 0 -10 247.95 227.04 481.11 324.42 0.0438400
chair 0 0 -10 230.07 228.08 509.86 429.51 0.0335503
table 0 0 -10 460.17 241.50 587.30 291.35 0.0162465
chair 0 0 -10 473.33 219.66 598.42 347.49 0.0117468
table 0 0 -10 233.37 242.68 501.14 430.53 0.0086551
table 0 0 -10 516.47 238.91 631.74 353.36 0.0076692
sofa 0 0 -10 446.60 217.43 607.96 360.99 0.0072503
table 0 0 -10 474.80 230.28 567.67 281.21 0.0069354
table 0 0 -10 487.23 246.08 555.37 277.61 0.0066940
sofa 0 0 -10 149.48 213.07 635.82 490.50 0.0061305
table 0 0 -10 503.93 242.01 539.76 268.12 0.0034483
table 0 0 -10 399.19 221.95 634.32 343.67 0.0029175
sofa 0 0 -10 346.45 218.21 458.83 301.08 0.0025333
bed 0 0 -10 226.43 230.73 521.47 429.49 0.0024084
chair 0 0 -10 491.24 215.97 550.18 286.03 0.0022265
chair 0 0 -10 237.68 230.74 382.87 421.57 0.0021747
desk 0 0 -10 232.04 242.02 507.61 428.32 0.0019233
sofa 0 0 -10 451.76 221.59 544.50 263.62 0.0018756
table 0 0 -10 488.38 217.39 545.43 263.75 0.0018091
table 0 0 -10 474.75 252.73 538.77 366.24 0.0015100
table 0 0 -10 449.47 217.18 586.76 274.76 0.0014689
chair 0 0 -10 235.49 239.35 315.14 435.26 0.0012703
table 0 0 -10 486.77 225.07 686.93 372.03 0.0011874
sofa 0 0 -10 396.54 224.42 566.52 302.67 0.0010146
table 0 0 -10 503.47 248.81 540.64 282.10 0.0008734
bookshelf 0 0 -10 233.85 226.74 514.49 428.35 0.0008424
sofa 0 0 -10 123.25 139.82 591.63 407.80 0.0008348
table 0 0 -10 409.48 229.80 573.99 301.92 0.0008225
table 0 0 -10 499.16 228.93 547.23 279.89 0.0007796
dresser 0 0 -10 230.31 235.73 516.26 429.00 0.0007361
sofa 0 0 -10 240.52 233.66 402.70 361.44 0.0006879
table 0 0 -10 476.75 251.54 578.95 327.77 0.0006704
toilet 0 0 -10 217.46 232.01 514.34 445.41 0.0006596
chair 0 0 -10 507.17 237.60 537.35 273.43 0.0006303
table 0 0 -10 457.21 247.53 542.08 305.90 0.0006245
night_stand 0 0 -10 234.43 235.49 515.36 438.55 0.0005928
chair 0 0 -10 497.51 221.81 563.76 322.73 0.0005909
table 0 0 -10 701.19 186.15 728.67 318.25 0.0005691
table 0 0 -10 265.05 226.85 462.99 309.35 0.0005471
table 0 0 -10 238.53 271.27 282.95 425.85 0.0005201
table 0 0 -10 713.54 169.52 728.34 328.69 0.0005053
sofa 0 0 -10 255.45 236.55 437.18 291.97 0.0004994
bed 0 0 -10 675.50 101.24 729.36 178.58 0.0004743
table 0 0 -10 673.64 231.83 728.70 451.74 0.0004668
table 0 0 -10 406.54 285.33 553.13 385.96 0.0004555
night_stand 0 0 -10 449.98 247.65 606.86 378.32 0.0004334
table 0 0 -10 116.32 263.09 592.12 513.27 0.0004318
sofa 0 0 -10 461.97 212.84 579.75 298.14 0.0004195
table 0 0 -10 633.56 217.32 726.06 485.68 0.0004113
chair 0 0 -10 432.68 237.89 572.46 378.39 0.0003938
table 0 0 -10 294.88 225.99 435.04 281.92 0.0003740
table 0 0 -10 510.23 233.91 532.53 265.83 0.0003540
table 0 0 -10 495.74 238.86 559.17 311.01 0.0003081
table 0 0 -10 451.32 238.36 509.95 297.71 0.0003080
table 0 0 -10 464.56 288.73 578.44 348.42 0.0002992
table 0 0 -10 206.43 305.20 558.86 473.33 0.0002956
table 0 0 -10 346.13 216.70 456.22 294.80 0.0002940
table 0 0 -10 451.58 245.95 696.56 502.22 0.0002922
table 0 0 -10 705.31 210.32 728.76 408.25 0.0002918
bathtub 0 0 -10 208.54 237.27 520.25 447.60 0.0002908
chair 0 0 -10 258.20 224.33 476.46 326.73 0.0002907
chair 0 0 -10 232.44 220.17 306.41 347.50 0.0002874
table 0 0 -10 264.51 220.45 503.76 360.40 0.0002869
table 0 0 -10 501.80 274.21 599.30 360.36 0.0002845
table 0 0 -10 2.57 252.41 258.67 314.90 0.0002816
table 0 0 -10 661.16 182.95 683.76 208.37 0.0002814
table 0 0 -10 0.46 264.08 63.80 512.81 0.0002779
table 0 0 -10 14.86 225.61 496.83 436.52 0.0002651
sofa 0 0 -10 489.30 217.23 546.95 270.82 0.0002645
chair 0 0 -10 358.19 216.01 459.29 304.98 0.0002571
chair 0 0 -10 237.73 270.32 286.69 424.79 0.0002554
table 0 0 -10 690.54 177.76 725.81 283.71 0.0002410
chair 0 0 -10 245.11 226.22 363.57 330.32 0.0002366
table 0 0 -10 2.66 256.36 137.41 522.14 0.0002335
chair 0 0 -10 625.29 263.59 730.00 525.90 0.0002273
table 0 0 -10 706.01 156.60 729.06 278.57 0.0002218
table 0 0 -10 646.48 315.27 726.98 527.59 0.0002174
chair 0 0 -10 240.79 231.57 309.57 296.29 0.0002142
bed 0 0 -10 440.04 227.16 609.09 374.33 0.0001972
chair 0 0 -10 519.68 239.67 613.77 366.53 0.0001945
table 0 0 -10 700.72 285.39 728.78 447.07 0.0001939
bed 0 0 -10 60.45 83.74 557.56 420.84 0.0001933
chair 0 0 -10 457.27 220.52 540.05 263.05 0.0001918
chair 0 0 -10 314.84 225.74 439.81 294.75 0.0001910
table 0 0 -10 720.24 174.28 727.24 305.13 0.0001878
desk 0 0 -10 448.61 226.12 596.83 308.69 0.0001857
chair 0 0 -10 101.93 224.94 480.45 503.82 0.0001769
table 0 0 -10 33.11 250.93 274.99 434.02 0.0001764
chair 0 0 -10 501.11 224.69 537.81 263.77 0.0001733
chair 0 0 -10 395.83 223.18 540.08 305.30 0.0001728
table 0 0 -10 378.22 243.93 522.67 384.71 0.0001683
bookshelf 0 0 -10 622.92 64.22 678.89 230.75 0.0001639
chair 0 0 -10 0.00 265.46 68.47 520.42 0.0001617
bed 0 0 -10 624.76 86.67 730.00 175.36 0.0001610
sofa 0 0 -10 314.36 224.18 405.78 292.39 0.0001607
sofa 0 0 -10 694.55 157.00 729.32 261.04 0.0001603
chair 0 0 -10 241.75 251.99 249.93 374.31 0.0001582
