sofa 0 0 -10 40.47 126.12 246.40 221.41 0.9849350
sofa 0 0 -10 279.61 159.85 539.23 293.78 0.9839280
table 0 0 -10 164.67 168.72 268.49 251.44 0.9791221
sofa 0 0 -10 238.07 213.58 660.70 528.81 0.9075031
sofa 0 0 -10 262.74 134.43 427.52 227.93 0.8938832
table 0 0 -10 422.25 214.96 660.93 368.41 0.8712573
table 0 0 -10 490.14 173.80 590.40 218.98 0.5971476
sofa 0 0 -10 263.74 132.36 422.09 178.48 0.5593112
table 0 0 -10 492.38 175.27 595.00 275.08 0.4409309
table 0 0 -10 513.93 212.01 667.68 340.35 0.3865158
sofa 0 0 -10 51.66 131.08 438.09 236.59 0.3133044
chair 0 0 -10 255.77 245.69 662.57 524.29 0.2681941
sofa 0 0 -10 266.22 136.25 508.36 188.40 0.2650687
table 0 0 -10 506.21 194.90 622.39 296.71 0.1717486
sofa 0 0 -10 325.34 149.92 513.18 217.27 0.1675941
desk 0 0 -10 490.15 169.96 586.94 221.60 0.1056807
sofa 0 0 -10 236.69 158.75 609.72 371.03 0.1055048
sofa 0 0 -10 302.74 132.38 388.40 168.72 0.1008535
sofa 0 0 -10 315.14 153.73 436.36 210.63 0.0808918
sofa 0 0 -10 149.55 153.96 271.20 251.18 0.0791167
table 0 0 -10 38.27 122.89 93.72 160.76 0.0600525
sofa 0 0 -10 420.19 154.40 518.91 207.65 0.0577637
sofa 0 0 -10 249.37 134.61 559.36 234.76 0.0497493
table 0 0 -10 186.93 171.55 258.85 199.55 0.0443317
table 0 0 -10 312.91 180.04 573.42 319.23 0.0438445
sofa 0 0 -10 113.64 124.61 235.52 170.36 0.0404178
chair 0 0 -10 415.74 221.66 655.12 376.49 0.0390201
table 0 0 -10 163.36 166.63 252.18 214.74 0.0376902
table 0 0 -10 357.16 206.50 677.09 514.00 0.0376372
chair 0 0 -10 429.95 153.33 516.27 207.42 0.0375479
table 0 0 -10 426.28 146.96 506.89 198.37 0.0371066
sofa 0 0 -10 409.06 155.48 565.42 227.03 0.0367189
table 0 0 -10 436.06 156.79 592.93 213.90 0.0307434
table 0 0 -10 390.96 170.77 639.74 298.20 0.0281578
table 0 0 -10 429.02 150.86 517.22 171.15 0.0266246
table 0 0 -10 179.01 147.54 431.60 252.92 0.0259819
table 0 0 -10 262.82 156.99 312.71 181.91 0.0245390
table 0 0 -10 467.81 192.46 593.12 318.86 0.0237908
table 0 0 -10 251.45 138.09 309.90 181.47 0.0217557
table 0 0 -10 52.68 142.01 256.87 242.13 0.0187525
table 0 0 -10 247.03 156.49 416.90 233.38 0.0186970
chair 0 0 -10 471.61 322.91 686.20 530.00 0.0178153
table 0 0 -10 462.64 166.36 589.20 239.91 0.0172133
desk 0 0 -10 166.80 171.38 268.21 253.79 0.0162356
chair 0 0 -10 29.91 115.74 86.70 212.71 0.0160136
sofa 0 0 -10 133.66 125.17 261.80 191.74 0.0156256
sofa 0 0 -10 37.05 128.66 139.18 230.32 0.0153361
sofa 0 0 -10 368.12 147.00 455.66 208.82 0.0153183
table 0 0 -10 243.89 138.21 347.03 217.14 0.0139666
table 0 0 -10 385.83 142.47 523.17 171.11 0.0136360
table 0 0 -10 180.84 176.63 330.57 327.99 0.0127362
chair 0 0 -10 433.06 151.66 515.74 172.89 0.0121421
chair 0 0 -10 270.57 132.37 368.10 178.63 0.0118778
desk 0 0 -10 498.00 211.53 666.20 354.82 0.0112520
sofa 0 0 -10 37.06 116.66 160.09 176.29 0.0112387
chair 0 0 -10 294.01 171.44 511.83 302.91 0.0103544
table 0 0 -10 313.86 156.04 433.56 209.51 0.0100603
table 0 0 -10 397.80 147.99 526.69 215.91 0.0096621
table 0 0 -10 153.41 164.69 300.99 284.42 0.0088434
table 0 0 -10 259.66 156.88 316.91 200.67 0.0086352
chair 0 0 -10 32.81 119.77 134.13 224.40 0.0079092
table 0 0 -10 26.58 115.08 102.60 182.01 0.0074851
chair 0 0 -10 185.30 130.43 255.16 230.42 0.0068017
sofa 0 0 -10 414.14 156.35 593.07 276.59 0.0066954
table 0 0 -10 364.53 146.87 495.69 198.61 0.0063098
sofa 0 0 -10 391.07 194.72 618.60 347.63 0.0059689
table 0 0 -10 256.56 163.42 336.05 222.88 0.0058347
chair 0 0 -10 262.47 138.52 418.06 188.30 0.0053606
table 0 0 -10 35.71 117.88 90.33 135.70 0.0051943
chair 0 0 -10 439.14 152.90 572.71 211.82 0.0049920
table 0 0 -10 257.14 156.46 550.32 257.15 0.0048969
sofa 0 0 -10 174.02 126.60 322.70 191.45 0.0047660
sofa 0 0 -10 247.34 132.49 356.14 218.89 0.0047582
chair 0 0 -10 40.49 127.52 56.16 217.21 0.0047476
table 0 0 -10 234.83 162.33 427.59 307.52 0.0046676
sofa 0 0 -10 271.40 160.13 407.01 213.63 0.0045833
sofa 0 0 -10 273.81 129.64 350.09 174.87 0.0045729
chair 0 0 -10 262.94 131.66 423.00 236.72 0.0045162
chair 0 0 -10 167.75 168.00 262.91 256.48 0.0044561
chair 0 0 -10 485.95 208.11 647.78 342.75 0.0043798
table 0 0 -10 273.61 163.70 401.87 211.81 0.0043520
table 0 0 -10 503.96 210.07 684.18 464.82 0.0043101
table 0 0 -10 42.25 114.88 158.86 170.09 0.0041785
table 0 0 -10 266.89 163.83 308.89 193.63 0.0041165
table 0 0 -10 262.89 135.72 389.73 178.95 0.0040690
chair 0 0 -10 251.76 131.39 356.55 221.94 0.0038568
table 0 0 -10 113.38 121.41 222.34 160.30 0.0037999
table 0 0 -10 511.88 177.52 565.44 210.65 0.0037777
chair 0 0 -10 204.76 142.12 265.84 207.81 0.0037220
desk 0 0 -10 345.42 228.76 669.75 514.53 0.0037127
table 0 0 -10 63.87 115.10 189.76 154.75 0.0037055
sofa 0 0 -10 305.62 131.55 476.04 169.17 0.0036987
table 0 0 -10 264.28 154.84 343.31 189.09 0.0035716
table 0 0 -10 221.59 200.15 363.43 354.38 0.0035017
table 0 0 -10 208.33 163.20 300.78 204.20 0.0034367
bed 0 0 -10 249.82 133.41 432.39 180.14 0.0033413
desk 0 0 -10 434.79 155.26 592.49 215.00 0.0033050
sofa 0 0 -10 38.85 36.91 256.76 213.96 0.0033017
table 0 0 -10 253.38 163.11 636.80 365.83 0.0032566
table 0 0 -10 260.10 137.61 422.06 201.62 0.0031878
