chair 0 0 -10 253.80 91.81 472.54 401.73 0.9881440
chair 0 0 -10 204.06 41.24 344.47 292.37 0.9689435
chair 0 0 -10 184.61 15.17 299.56 198.27 0.9222266
chair 0 0 -10 622.33 2.23 726.62 204.13 0.8411114
chair 0 0 -10 676.77 8.18 729.46 217.76 0.2030244
chair 0 0 -10 207.03 13.15 293.16 135.73 0.1242113
table 0 0 -10 618.31 66.13 728.40 207.93 0.0980528
chair 0 0 -10 234.79 15.92 365.22 179.77 0.0670092
table 0 0 -10 619.85 5.82 729.45 160.92 0.0643328
chair 0 0 -10 207.47 59.72 418.83 346.88 0.0624917
table 0 0 -10 690.56 76.08 728.99 258.02 0.0541731
desk 0 0 -10 620.47 65.31 726.32 209.10 0.0468408
table 0 0 -10 77.20 11.93 279.30 209.42 0.0437650
table 0 0 -10 674.00 10.89 729.01 216.76 0.0423137
chair 0 0 -10 693.48 107.45 729.44 228.02 0.0310939
table 0 0 -10 75.96 2.60 217.21 92.47 0.0283445
chair 0 0 -10 191.96 10.98 269.14 95.16 0.0272667
chair 0 0 -10 224.74 0.18 320.82 115.30 0.0175963
chair 0 0 -10 288.37 39.59 445.24 266.07 0.0168052
table 0 0 -10 644.95 34.63 728.22 295.30 0.0166043
table 0 0 -10 695.16 126.18 728.25 217.94 0.0098735
desk 0 0 -10 667.53 62.31 724.89 258.01 0.0091982
chair 0 0 -10 683.77 62.01 730.00 302.51 0.0090349
table 0 0 -10 76.74 19.59 345.17 309.55 0.0085492
table 0 0 -10 214.62 92.19 359.76 318.48 0.0082068
desk 0 0 -10 76.09 11.59 279.91 208.73 0.0081596
chair 0 0 -10 257.92 2.88 393.80 138.08 0.0079066
sofa 0 0 -10 622.98 12.53 729.52 230.18 0.0078211
chair 0 0 -10 283.02 25.80 378.17 226.09 0.0071700
chair 0 0 -10 79.47 4.65 204.97 96.84 0.0069850
chair 0 0 -10 639.06 87.28 730.00 216.07 0.0067668
chair 0 0 -10 705.41 126.05 730.00 249.22 0.0061440
chair 0 0 -10 564.69 7.22 729.19 259.69 0.0059303
chair 0 0 -10 176.63 61.20 295.80 341.29 0.0058342
table 0 0 -10 706.98 101.44 729.99 238.11 0.0057524
chair 0 0 -10 344.69 85.12 470.13 358.88 0.0057073
sofa 0 0 -10 700.35 114.10 729.69 242.37 0.0054771
table 0 0 -10 1.39 5.44 97.10 194.94 0.0054490
chair 0 0 -10 126.98 4.49 365.05 130.48 0.0052216
table 0 0 -10 61.44 10.42 211.21 155.11 0.0048711
chair 0 0 -10 165.43 3.23 291.90 78.22 0.0046949
chair 0 0 -10 270.12 9.59 302.59 222.84 0.0045237
chair 0 0 -10 642.82 1.29 728.04 72.62 0.0044280
chair 0 0 -10 275.43 26.41 328.39 216.78 0.0043671
table 0 0 -10 185.46 76.54 450.45 363.99 0.0042963
chair 0 0 -10 100.74 15.67 380.79 228.98 0.0038506
chair 0 0 -10 699.78 135.01 725.37 217.43 0.0037263
table 0 0 -10 567.74 14.96 716.97 204.59 0.0037221
sofa 0 0 -10 683.80 72.02 729.38 309.60 0.0035563
chair 0 0 -10 96.78 3.34 289.21 101.69 0.0035281
chair 0 0 -10 335.80 57.62 435.06 226.25 0.0030837
table 0 0 -10 701.41 121.90 728.82 290.10 0.0030472
desk 0 0 -10 636.28 10.94 728.26 177.34 0.0028268
table 0 0 -10 330.20 5.68 480.25 123.71 0.0028210
table 0 0 -10 55.64 3.37 438.20 133.69 0.0027180
table 0 0 -10 180.98 57.82 323.52 197.78 0.0026933
chair 0 0 -10 155.36 174.40 277.30 362.71 0.0026621
table 0 0 -10 459.10 1.92 654.83 70.27 0.0024691
chair 0 0 -10 264.70 38.67 340.19 151.65 0.0024271
table 0 0 -10 61.28 23.47 481.82 417.95 0.0023320
chair 0 0 -10 91.34 0.00 187.72 60.08 0.0023217
table 0 0 -10 639.28 1.16 727.73 69.66 0.0022748
desk 0 0 -10 699.68 111.89 729.51 239.52 0.0022250
bed 0 0 -10 0.50 3.48 97.66 185.35 0.0022170
table 0 0 -10 20.60 5.52 169.17 202.92 0.0021331
night_stand 0 0 -10 699.91 119.35 730.00 238.88 0.0021153
table 0 0 -10 694.32 171.37 727.93 219.78 0.0021122
table 0 0 -10 327.10 3.81 467.13 68.42 0.0021103
chair 0 0 -10 697.99 4.67 729.01 144.50 0.0020832
table 0 0 -10 666.03 44.52 729.82 115.54 0.0019481
table 0 0 -10 643.68 119.52 727.18 222.73 0.0019229
desk 0 0 -10 77.86 0.52 219.95 95.54 0.0018854
chair 0 0 -10 3.86 2.57 102.64 197.35 0.0018698
desk 0 0 -10 206.60 103.33 472.26 411.20 0.0018249
table 0 0 -10 707.38 203.94 728.90 225.69 0.0018167
chair 0 0 -10 329.71 1.92 470.81 102.02 0.0018113
bookshelf 0 0 -10 625.55 10.81 729.64 230.25 0.0018112
night_stand 0 0 -10 623.80 20.09 730.00 232.17 0.0018028
table 0 0 -10 718.40 104.03 729.90 231.71 0.0017246
table 0 0 -10 293.70 89.83 463.47 338.75 0.0016820
dresser 0 0 -10 624.17 18.91 730.00 227.83 0.0016714
chair 0 0 -10 717.14 126.18 730.00 228.78 0.0016637
table 0 0 -10 436.41 4.12 662.47 143.70 0.0016637
chair 0 0 -10 315.15 24.43 425.73 177.13 0.0016442
desk 0 0 -10 106.08 20.43 375.37 348.42 0.0015732
sofa 0 0 -10 5.46 7.88 97.75 194.63 0.0014981
toilet 0 0 -10 624.46 18.43 729.37 250.57 0.0014961
chair 0 0 -10 662.57 0.86 729.16 125.53 0.0014861
chair 0 0 -10 307.79 0.36 410.91 95.88 0.0014473
table 0 0 -10 83.14 3.45 193.41 55.52 0.0013890
chair 0 0 -10 685.35 56.94 728.82 140.29 0.0013856
table 0 0 -10 683.24 62.42 728.70 142.31 0.0013411
chair 0 0 -10 151.18 0.00 240.10 62.11 0.0013033
chair 0 0 -10 224.85 0.79 272.18 70.49 0.0012892
bed 0 0 -10 623.45 13.46 729.77 230.32 0.0012798
bed 0 0 -10 699.62 113.81 729.79 240.35 0.0012324
table 0 0 -10 298.82 21.17 471.49 195.01 0.0011989
chair 0 0 -10 695.10 169.87 728.85 220.88 0.0011670
bathtub 0 0 -10 682.56 73.20 730.00 319.19 0.0011591
chair 0 0 -10 708.88 43.29 729.26 217.71 0.0011442
