chair 0 0 -10 148.72 201.39 293.15 376.60 0.9755043
chair 0 0 -10 1.47 262.19 189.73 494.90 0.9749202
table 0 0 -10 4.16 207.96 279.07 416.15 0.8916352
chair 0 0 -10 52.45 188.74 178.42 303.02 0.7791241
chair 0 0 -10 106.08 162.16 175.43 211.05 0.7043746
table 0 0 -10 359.08 205.69 444.41 332.64 0.5239113
chair 0 0 -10 360.82 185.30 446.95 326.59 0.4841959
chair 0 0 -10 210.86 193.62 314.93 350.57 0.4245716
chair 0 0 -10 60.98 204.13 255.88 397.74 0.3815109
table 0 0 -10 609.18 188.24 730.00 514.14 0.3415903
chair 0 0 -10 250.60 171.83 329.20 305.55 0.3289782
chair 0 0 -10 20.44 167.54 90.44 207.67 0.2186741
chair 0 0 -10 87.97 160.18 191.65 271.99 0.2122764
chair 0 0 -10 28.35 193.54 187.10 368.12 0.2079407
chair 0 0 -10 0.00 206.82 85.76 383.52 0.1942737
chair 0 0 -10 189.24 202.20 288.17 304.01 0.1872696
table 0 0 -10 0.73 203.57 156.14 388.45 0.1830313
table 0 0 -10 4.01 197.15 244.75 320.14 0.1703865
desk 0 0 -10 4.13 205.09 273.77 435.86 0.1700156
chair 0 0 -10 13.23 167.46 115.24 281.83 0.1586011
chair 0 0 -10 0.28 161.26 36.69 408.76 0.0966503
table 0 0 -10 133.00 208.57 270.75 397.33 0.0893498
desk 0 0 -10 609.19 184.95 730.00 504.17 0.0870580
chair 0 0 -10 7.80 229.60 143.00 398.87 0.0746520
chair 0 0 -10 87.67 187.32 217.88 347.63 0.0621071
table 0 0 -10 56.81 173.92 169.74 212.08 0.0518104
table 0 0 -10 26.92 190.94 166.33 276.94 0.0503993
chair 0 0 -10 120.81 193.78 277.46 308.75 0.0501281
desk 0 0 -10 140.22 209.32 269.30 400.08 0.0460161
chair 0 0 -10 14.33 161.70 97.63 236.90 0.0278106
table 0 0 -10 177.72 212.06 317.83 347.49 0.0268546
table 0 0 -10 352.04 234.68 442.01 300.34 0.0242919
table 0 0 -10 21.79 170.51 86.13 206.52 0.0218276
table 0 0 -10 260.49 182.32 326.71 320.03 0.0208376
chair 0 0 -10 0.00 269.48 50.00 487.26 0.0195361
chair 0 0 -10 1.46 169.83 21.47 377.42 0.0194708
chair 0 0 -10 23.46 166.71 146.94 218.40 0.0185275
chair 0 0 -10 1.75 165.32 77.19 303.98 0.0183450
table 0 0 -10 615.08 184.07 728.03 301.82 0.0159669
table 0 0 -10 6.33 176.48 93.02 282.74 0.0155043
table 0 0 -10 93.97 194.08 174.13 215.70 0.0149332
desk 0 0 -10 1.55 205.22 150.72 389.18 0.0134550
table 0 0 -10 105.22 166.30 173.54 205.69 0.0134364
table 0 0 -10 459.51 160.01 730.00 526.09 0.0133622
table 0 0 -10 0.46 209.85 91.34 363.32 0.0130577
table 0 0 -10 0.18 208.70 36.95 438.87 0.0128266
chair 0 0 -10 262.59 151.75 333.06 260.36 0.0108945
chair 0 0 -10 74.94 184.15 158.33 274.76 0.0105078
chair 0 0 -10 17.17 161.24 253.28 275.34 0.0097642
chair 0 0 -10 101.49 190.22 173.63 216.29 0.0090390
table 0 0 -10 541.61 170.98 722.30 432.35 0.0088932
desk 0 0 -10 5.45 207.91 223.19 317.46 0.0087128
desk 0 0 -10 358.41 202.93 444.38 334.82 0.0085184
table 0 0 -10 101.14 167.32 177.53 235.36 0.0084674
table 0 0 -10 0.00 230.53 199.37 503.50 0.0077537
table 0 0 -10 0.36 182.28 445.65 484.36 0.0076072
chair 0 0 -10 44.39 158.44 187.53 210.47 0.0068902
table 0 0 -10 212.66 198.37 329.92 306.47 0.0068581
chair 0 0 -10 596.01 238.53 726.09 525.72 0.0067684
table 0 0 -10 354.81 176.51 456.46 291.88 0.0067151
chair 0 0 -10 4.85 216.01 10.18 380.85 0.0064173
table 0 0 -10 248.14 181.15 451.69 326.40 0.0060628
chair 0 0 -10 6.80 217.90 11.84 381.22 0.0060533
table 0 0 -10 678.01 214.32 729.98 505.19 0.0048948
table 0 0 -10 60.11 191.19 157.93 226.37 0.0047304
chair 0 0 -10 352.25 151.54 450.50 272.06 0.0045911
table 0 0 -10 33.17 186.14 153.26 239.61 0.0038263
desk 0 0 -10 180.49 209.73 318.86 348.89 0.0035790
desk 0 0 -10 627.92 178.65 730.00 361.37 0.0034254
chair 0 0 -10 186.48 182.27 367.12 331.42 0.0033291
table 0 0 -10 10.98 167.97 110.06 220.63 0.0032403
chair 0 0 -10 2.00 159.19 10.34 361.96 0.0031540
table 0 0 -10 6.55 167.25 281.81 271.95 0.0031095
table 0 0 -10 23.14 192.17 89.58 209.35 0.0028891
table 0 0 -10 17.67 159.24 156.80 206.90 0.0027812
desk 0 0 -10 663.96 186.31 730.00 459.52 0.0026999
chair 0 0 -10 1.35 208.32 7.98 374.97 0.0026618
chair 0 0 -10 0.32 298.48 30.52 453.46 0.0026037
table 0 0 -10 71.10 173.32 187.96 270.61 0.0024332
chair 0 0 -10 25.03 187.30 90.71 209.26 0.0024175
desk 0 0 -10 0.64 210.59 88.97 361.63 0.0023669
chair 0 0 -10 43.72 103.75 213.38 317.71 0.0022888
table 0 0 -10 2.97 217.34 20.42 421.27 0.0022822
table 0 0 -10 155.47 205.04 283.16 314.47 0.0021810
desk 0 0 -10 2.22 268.19 188.12 424.29 0.0021074
chair 0 0 -10 83.62 193.63 155.72 219.87 0.0020417
bathtub 0 0 -10 614.53 210.29 730.00 478.75 0.0020390
table 0 0 -10 14.48 184.27 96.80 233.85 0.0019153
chair 0 0 -10 0.00 205.43 4.84 376.60 0.0018941
table 0 0 -10 416.00 172.62 709.94 326.12 0.0017242
dresser 0 0 -10 595.21 203.48 730.00 526.33 0.0016844
desk 0 0 -10 451.49 155.69 730.00 528.16 0.0016812
table 0 0 -10 5.43 157.25 67.83 213.10 0.0016618
bed 0 0 -10 358.51 195.24 443.99 333.85 0.0016291
table 0 0 -10 292.65 2.62 485.10 107.82 0.0016155
chair 0 0 -10 297.75 201.96 712.21 529.73 0.0015883
table 0 0 -10 104.27 181.21 169.91 213.51 0.0015875
table 0 0 -10 0.99 160.79 39.92 261.00 0.0015869
chair 0 0 -10 616.37 170.88 725.30 289.60 0.0015349
desk 0 0 -10 0.00 176.76 461.36 499.57 0.0014475
