chair 0 0 -10 220.26 225.48 411.53 458.98 0.9566049
chair 0 0 -10 415.18 135.46 525.71 271.83 0.9115856
table 0 0 -10 239.87 130.13 417.70 215.19 0.8859781
table 0 0 -10 8.14 167.00 291.92 415.69 0.8824736
chair 0 0 -10 134.94 166.71 265.45 302.62 0.8642721
chair 0 0 -10 335.28 177.34 470.26 355.39 0.8466269
table 0 0 -10 211.23 178.39 591.80 503.00 0.7881196
chair 0 0 -10 234.68 133.32 332.73 223.29 0.7665458
chair 0 0 -10 7.42 169.41 182.32 381.69 0.7577205
chair 0 0 -10 254.04 130.99 367.84 206.23 0.6907914
table 0 0 -10 4.80 103.48 197.73 176.65 0.6289201
table 0 0 -10 0.00 117.07 308.05 217.57 0.6092544
chair 0 0 -10 2.59 153.64 119.33 312.55 0.5767269
table 0 0 -10 468.68 149.09 606.58 328.13 0.5366935
chair 0 0 -10 118.59 119.26 208.91 209.07 0.5010183
chair 0 0 -10 689.23 164.13 729.11 391.98 0.4516871
chair 0 0 -10 5.71 144.44 112.61 219.69 0.4374582
chair 0 0 -10 1.94 136.60 89.04 269.35 0.4211539
chair 0 0 -10 376.93 155.08 483.74 329.33 0.4091839
chair 0 0 -10 306.37 131.79 378.45 198.62 0.3647858
table 0 0 -10 3.47 131.49 185.02 261.75 0.2863838
chair 0 0 -10 207.21 124.85 315.79 203.34 0.2784037
chair 0 0 -10 103.01 168.80 221.25 313.14 0.2749421
chair 0 0 -10 197.31 115.28 258.12 200.35 0.2445699
table 0 0 -10 101.84 165.37 309.27 323.69 0.2435475
table 0 0 -10 101.79 120.70 286.00 196.55 0.2376214
chair 0 0 -10 41.86 116.66 103.01 198.69 0.2336639
desk 0 0 -10 207.94 180.05 583.84 518.64 0.2292764
chair 0 0 -10 102.68 111.83 172.27 177.27 0.2252324
chair 0 0 -10 684.96 213.58 729.15 494.11 0.2230435
chair 0 0 -10 0.00 149.15 52.26 347.10 0.2175859
table 0 0 -10 373.79 141.74 599.09 363.51 0.2172637
chair 0 0 -10 430.91 126.72 548.33 221.02 0.2016113
table 0 0 -10 7.23 134.26 296.13 298.19 0.1835034
table 0 0 -10 103.36 130.82 292.23 250.07 0.1772238
chair 0 0 -10 0.65 148.72 82.54 415.63 0.1664380
chair 0 0 -10 199.95 115.45 229.24 197.69 0.1631508
chair 0 0 -10 129.08 142.49 220.32 259.70 0.1603914
chair 0 0 -10 161.90 117.36 223.91 205.74 0.1493663
chair 0 0 -10 130.30 119.64 255.17 184.08 0.1388394
desk 0 0 -10 8.37 180.91 288.26 446.75 0.1383091
chair 0 0 -10 144.18 126.63 195.91 181.27 0.1306067
chair 0 0 -10 102.11 115.85 193.17 250.91 0.1269962
table 0 0 -10 228.20 122.15 395.47 271.24 0.1195932
table 0 0 -10 36.06 124.56 496.00 365.48 0.1182349
chair 0 0 -10 212.43 135.98 278.92 223.12 0.1092776
chair 0 0 -10 298.89 175.72 524.73 439.79 0.1039317
chair 0 0 -10 107.45 120.17 131.15 170.49 0.1038903
chair 0 0 -10 201.12 117.92 237.32 162.75 0.1038661
chair 0 0 -10 50.68 137.43 124.92 197.12 0.0954906
desk 0 0 -10 374.80 143.35 596.99 363.51 0.0949274
chair 0 0 -10 56.68 117.13 98.67 157.28 0.0924528
table 0 0 -10 177.55 146.56 313.18 222.15 0.0917496
chair 0 0 -10 166.01 151.05 271.26 256.71 0.0912784
chair 0 0 -10 69.05 113.87 141.92 181.47 0.0900070
chair 0 0 -10 342.88 152.40 449.82 296.04 0.0871425
chair 0 0 -10 5.40 140.33 66.60 234.51 0.0870133
chair 0 0 -10 430.70 134.08 521.69 184.13 0.0857259
chair 0 0 -10 135.87 152.81 198.43 237.91 0.0857215
table 0 0 -10 693.36 210.01 728.02 502.65 0.0835955
chair 0 0 -10 358.35 152.73 537.30 370.73 0.0818600
chair 0 0 -10 182.04 118.95 207.62 198.77 0.0780938
chair 0 0 -10 87.52 129.69 186.00 186.52 0.0754921
chair 0 0 -10 95.11 105.98 148.99 166.27 0.0740926
chair 0 0 -10 100.44 109.41 134.39 148.42 0.0730916
chair 0 0 -10 194.27 118.07 213.87 197.24 0.0715668
chair 0 0 -10 10.64 112.90 70.00 206.26 0.0691391
table 0 0 -10 700.71 335.58 729.03 504.16 0.0679612
table 0 0 -10 167.30 115.63 304.60 176.43 0.0677242
table 0 0 -10 153.08 123.77 343.76 234.33 0.0674556
chair 0 0 -10 226.26 204.10 505.93 518.67 0.0625853
chair 0 0 -10 173.31 115.96 287.06 179.54 0.0611603
desk 0 0 -10 224.53 142.01 379.70 233.04 0.0590185
chair 0 0 -10 243.57 126.77 331.50 177.20 0.0577128
chair 0 0 -10 656.07 132.23 729.86 455.38 0.0572230
desk 0 0 -10 686.20 186.00 727.70 466.65 0.0561462
chair 0 0 -10 45.23 135.97 134.12 249.27 0.0544330
desk 0 0 -10 113.46 165.29 301.43 331.27 0.0535806
table 0 0 -10 116.12 151.63 405.76 284.38 0.0526112
table 0 0 -10 296.37 127.89 601.94 276.33 0.0513515
chair 0 0 -10 151.39 140.92 234.52 229.97 0.0506090
chair 0 0 -10 86.85 146.33 110.36 189.45 0.0491254
chair 0 0 -10 215.96 118.78 250.24 161.31 0.0478219
chair 0 0 -10 709.24 174.03 729.75 362.63 0.0473104
chair 0 0 -10 336.11 129.41 519.37 294.34 0.0468829
chair 0 0 -10 232.82 117.54 289.40 189.96 0.0455952
chair 0 0 -10 695.46 107.69 728.58 323.20 0.0455468
chair 0 0 -10 422.95 151.46 560.39 322.75 0.0415066
table 0 0 -10 310.73 131.78 432.49 259.48 0.0408801
chair 0 0 -10 698.70 324.58 729.22 501.00 0.0401491
chair 0 0 -10 72.89 154.72 115.93 190.06 0.0378833
table 0 0 -10 11.22 173.57 213.70 333.05 0.0349425
chair 0 0 -10 103.53 126.76 122.85 171.00 0.0343771
table 0 0 -10 193.83 116.89 274.97 201.68 0.0334618
table 0 0 -10 0.00 147.07 115.77 294.33 0.0334468
chair 0 0 -10 0.23 139.34 24.10 342.75 0.0331454
chair 0 0 -10 355.36 130.41 473.53 251.52 0.0314700
chair 0 0 -10 164.36 123.65 204.20 172.00 0.0308632
table 0 0 -10 127.52 162.02 272.60 272.65 0.0285376
chair 0 0 -10 420.16 133.05 486.98 177.82 0.0284932
