chair 0 0 -10 298.24 231.22 607.74 526.28 0.9858140
chair 0 0 -10 504.88 209.40 724.87 467.46 0.9630511
desk 0 0 -10 135.53 183.26 685.47 528.12 0.5885503
table 0 0 -10 135.99 165.04 730.00 513.26 0.5829721
table 0 0 -10 2.54 59.94 163.58 207.68 0.4779412
table 0 0 -10 371.47 100.53 481.97 178.00 0.3389485
chair 0 0 -10 396.16 198.42 675.96 494.41 0.1624705
chair 0 0 -10 394.17 98.23 472.34 180.61 0.1469844
desk 0 0 -10 367.93 96.19 480.26 173.35 0.0924485
chair 0 0 -10 607.05 232.62 726.57 453.08 0.0783574
chair 0 0 -10 539.91 167.75 728.72 371.02 0.0770478
table 0 0 -10 373.84 143.58 479.37 182.53 0.0418175
table 0 0 -10 174.57 98.12 461.00 192.23 0.0319836
desk 0 0 -10 391.82 155.45 727.54 489.12 0.0300055
desk 0 0 -10 169.83 94.49 465.12 196.81 0.0290837
table 0 0 -10 22.49 71.95 277.14 208.85 0.0267293
desk 0 0 -10 543.04 160.17 727.70 419.24 0.0253054
chair 0 0 -10 676.05 223.07 728.07 461.57 0.0223191
chair 0 0 -10 175.26 71.73 345.07 296.87 0.0169925
chair 0 0 -10 157.95 62.15 305.01 209.04 0.0149540
chair 0 0 -10 463.34 149.22 658.25 362.04 0.0132146
table 0 0 -10 191.73 161.15 724.02 325.00 0.0124530
table 0 0 -10 531.51 155.24 730.00 415.30 0.0122267
chair 0 0 -10 522.48 187.66 648.75 435.67 0.0110839
chair 0 0 -10 453.17 106.75 618.21 303.01 0.0103504
desk 0 0 -10 659.85 157.98 724.44 425.48 0.0100689
chair 0 0 -10 154.14 87.41 250.39 236.70 0.0097752
desk 0 0 -10 619.58 250.12 728.19 438.91 0.0095330
desk 0 0 -10 148.61 149.14 455.95 469.21 0.0090955
chair 0 0 -10 315.10 186.61 514.88 453.03 0.0089411
desk 0 0 -10 139.62 163.83 319.81 515.43 0.0076454
chair 0 0 -10 379.85 133.89 578.59 337.87 0.0070455
chair 0 0 -10 134.51 109.39 282.62 359.88 0.0068681
table 0 0 -10 449.49 205.16 717.24 513.91 0.0060777
table 0 0 -10 188.90 68.10 361.03 164.75 0.0060110
table 0 0 -10 638.44 232.36 728.18 496.70 0.0058059
desk 0 0 -10 432.23 157.80 722.51 315.21 0.0052852
desk 0 0 -10 690.40 154.77 728.42 460.76 0.0051935
chair 0 0 -10 357.29 87.37 461.10 192.52 0.0051083
desk 0 0 -10 188.52 161.27 718.83 325.79 0.0050063
chair 0 0 -10 397.49 92.10 453.96 153.21 0.0049261
chair 0 0 -10 217.82 143.12 545.05 476.10 0.0048175
chair 0 0 -10 383.47 138.33 477.58 184.40 0.0046101
table 0 0 -10 0.00 2.31 165.65 80.46 0.0037490
chair 0 0 -10 195.28 66.77 377.60 215.11 0.0036477
table 0 0 -10 160.99 117.62 646.58 195.52 0.0034794
chair 0 0 -10 72.54 183.74 268.13 504.91 0.0033585
chair 0 0 -10 692.64 278.61 729.72 511.00 0.0032352
chair 0 0 -10 477.15 174.23 585.40 406.19 0.0032240
chair 0 0 -10 271.52 137.79 484.98 343.46 0.0032210
chair 0 0 -10 654.80 296.69 730.00 508.33 0.0030838
table 0 0 -10 128.40 176.99 440.15 507.08 0.0030394
table 0 0 -10 567.13 260.81 729.07 453.11 0.0030119
desk 0 0 -10 0.00 47.08 175.35 217.66 0.0029547
desk 0 0 -10 387.60 102.29 618.71 183.72 0.0029369
chair 0 0 -10 391.81 98.49 510.14 212.61 0.0029198
chair 0 0 -10 217.50 54.80 345.17 84.71 0.0026718
table 0 0 -10 441.20 85.89 615.45 178.71 0.0026691
chair 0 0 -10 410.25 97.79 565.43 246.28 0.0025060
chair 0 0 -10 216.74 115.72 427.10 325.84 0.0024768
chair 0 0 -10 367.05 96.55 523.23 272.05 0.0024084
table 0 0 -10 388.20 124.53 469.84 151.15 0.0024070
chair 0 0 -10 397.70 120.64 464.73 152.45 0.0023806
table 0 0 -10 675.85 202.39 727.06 450.41 0.0023745
chair 0 0 -10 142.89 213.42 388.23 518.69 0.0023498
chair 0 0 -10 666.46 90.90 730.00 251.84 0.0021942
table 0 0 -10 361.05 126.00 510.34 185.04 0.0021222
table 0 0 -10 0.00 27.09 189.12 315.04 0.0021147
desk 0 0 -10 246.40 127.90 483.95 187.12 0.0020598
table 0 0 -10 196.23 75.15 584.45 167.86 0.0020530
table 0 0 -10 376.03 164.45 709.19 390.81 0.0019737
table 0 0 -10 152.48 341.94 278.30 523.23 0.0019316
chair 0 0 -10 489.57 118.50 577.23 342.38 0.0019158
chair 0 0 -10 456.08 77.52 608.49 187.25 0.0018238
table 0 0 -10 247.54 129.62 484.29 187.03 0.0018091
chair 0 0 -10 644.27 111.54 730.00 413.56 0.0017723
table 0 0 -10 57.43 67.14 686.34 222.42 0.0017701
desk 0 0 -10 156.24 114.41 347.02 377.15 0.0017676
chair 0 0 -10 179.39 53.49 348.35 153.01 0.0017247
dresser 0 0 -10 161.92 344.84 271.74 519.50 0.0016483
table 0 0 -10 211.93 58.94 343.04 84.23 0.0016360
desk 0 0 -10 374.45 129.24 477.59 185.22 0.0016142
chair 0 0 -10 424.90 92.88 485.54 173.69 0.0016051
desk 0 0 -10 553.07 244.15 720.23 386.69 0.0015446
night_stand 0 0 -10 161.42 344.21 273.66 517.22 0.0015359
desk 0 0 -10 148.33 280.35 443.38 524.14 0.0013658
chair 0 0 -10 145.89 306.98 275.32 522.21 0.0013395
table 0 0 -10 434.26 147.52 730.00 283.48 0.0013285
table 0 0 -10 292.74 336.72 596.36 528.88 0.0013197
chair 0 0 -10 410.76 112.81 444.99 146.23 0.0012901
table 0 0 -10 64.63 71.58 181.67 213.88 0.0012685
table 0 0 -10 273.12 172.82 550.16 449.88 0.0012444
chair 0 0 -10 135.25 60.11 226.57 207.12 0.0012132
bed 0 0 -10 379.24 95.46 477.45 174.02 0.0011847
chair 0 0 -10 172.73 51.03 405.01 412.23 0.0011790
table 0 0 -10 369.79 92.96 477.34 138.02 0.0010912
chair 0 0 -10 370.61 90.35 436.83 160.12 0.0010828
table 0 0 -10 155.86 125.61 202.62 204.70 0.0010736
desk 0 0 -10 146.05 103.79 601.04 383.24 0.0010668
table 0 0 -10 146.62 108.36 610.23 382.36 0.0010347
