chair 0 0 -10 436.32 214.66 677.78 519.13 0.9811270
chair 0 0 -10 199.83 130.18 339.64 288.65 0.9734684
chair 0 0 -10 98.98 158.55 292.30 377.44 0.9419928
table 0 0 -10 361.59 125.12 636.41 487.26 0.9214743
chair 0 0 -10 535.49 160.24 657.51 319.43 0.8911980
chair 0 0 -10 528.70 106.35 636.66 226.29 0.8737401
chair 0 0 -10 325.07 95.85 395.55 197.00 0.8729096
table 0 0 -10 5.43 112.76 362.72 362.67 0.8607854
table 0 0 -10 1.51 92.56 134.10 252.66 0.8208363
chair 0 0 -10 262.22 112.32 369.87 232.75 0.8164210
chair 0 0 -10 499.24 134.03 669.82 385.45 0.7032188
table 0 0 -10 405.67 108.85 611.63 289.76 0.5881169
chair 0 0 -10 553.87 108.02 627.51 192.30 0.5667148
table 0 0 -10 442.59 102.46 604.29 214.12 0.4378349
desk 0 0 -10 6.45 89.29 125.52 229.18 0.3880868
chair 0 0 -10 147.93 142.63 296.12 296.54 0.3868665
chair 0 0 -10 355.83 88.25 408.16 177.18 0.3763518
table 0 0 -10 9.11 128.72 190.27 361.22 0.3762419
table 0 0 -10 191.58 90.54 383.79 222.47 0.2784542
chair 0 0 -10 495.87 110.05 659.39 265.29 0.2599403
chair 0 0 -10 584.43 102.22 635.73 220.05 0.2476350
desk 0 0 -10 0.00 97.12 388.60 391.10 0.2214407
desk 0 0 -10 363.04 142.45 662.11 487.46 0.2147015
table 0 0 -10 0.00 110.05 75.81 389.67 0.1814581
chair 0 0 -10 306.75 98.98 379.69 225.60 0.1762258
chair 0 0 -10 375.60 92.62 401.92 164.71 0.1629290
desk 0 0 -10 248.24 89.13 380.21 215.60 0.1604444
table 0 0 -10 465.77 103.95 589.82 162.72 0.1444355
table 0 0 -10 138.69 99.17 353.59 287.29 0.1390421
table 0 0 -10 0.99 146.45 97.66 303.84 0.1385797
chair 0 0 -10 228.17 126.82 336.93 222.78 0.1127783
table 0 0 -10 287.53 85.95 386.01 200.81 0.1070171
chair 0 0 -10 122.65 124.70 224.71 270.42 0.0889759
table 0 0 -10 0.00 103.63 37.92 321.87 0.0870504
desk 0 0 -10 183.41 95.84 377.69 252.11 0.0842603
chair 0 0 -10 554.68 133.63 685.44 268.73 0.0778983
chair 0 0 -10 283.81 103.60 368.12 175.14 0.0452998
desk 0 0 -10 303.00 98.43 395.11 221.44 0.0415582
chair 0 0 -10 6.62 110.07 161.66 317.10 0.0406078
chair 0 0 -10 501.35 90.56 591.48 192.68 0.0379026
dresser 0 0 -10 94.72 36.59 199.35 134.36 0.0374043
desk 0 0 -10 0.00 92.25 133.87 351.40 0.0367920
table 0 0 -10 7.00 91.36 124.57 181.46 0.0351483
table 0 0 -10 0.00 131.92 25.16 289.08 0.0328451
table 0 0 -10 1.56 101.97 53.22 219.54 0.0295061
dresser 0 0 -10 109.43 81.70 201.24 135.47 0.0280686
table 0 0 -10 0.29 103.43 26.33 227.56 0.0280038
chair 0 0 -10 145.50 84.85 230.39 180.82 0.0278859
chair 0 0 -10 592.99 161.24 650.31 309.19 0.0262224
chair 0 0 -10 247.56 86.02 413.43 194.59 0.0256262
chair 0 0 -10 375.14 144.06 617.09 471.33 0.0243976
table 0 0 -10 325.02 100.00 404.79 188.19 0.0243114
chair 0 0 -10 9.87 77.13 116.38 218.42 0.0242228
night_stand 0 0 -10 6.84 85.48 126.60 224.99 0.0241009
chair 0 0 -10 599.00 106.42 620.84 174.04 0.0233691
chair 0 0 -10 135.64 102.97 223.71 218.29 0.0194499
chair 0 0 -10 466.56 94.76 578.91 237.75 0.0187154
chair 0 0 -10 576.90 162.81 692.48 339.61 0.0186216
chair 0 0 -10 12.14 140.18 243.65 357.83 0.0184889
desk 0 0 -10 153.16 109.77 636.58 480.13 0.0182938
chair 0 0 -10 462.44 27.46 642.71 204.46 0.0181252
chair 0 0 -10 2.39 107.74 49.94 226.71 0.0178723
chair 0 0 -10 135.73 122.22 291.76 233.70 0.0150466
desk 0 0 -10 288.41 92.50 377.74 179.28 0.0145977
chair 0 0 -10 3.63 129.46 100.73 267.10 0.0144671
table 0 0 -10 0.00 158.84 42.05 194.10 0.0144450
table 0 0 -10 0.70 129.41 12.08 324.46 0.0142711
table 0 0 -10 248.27 98.72 369.16 180.75 0.0141611
chair 0 0 -10 76.01 92.91 237.09 283.05 0.0138383
chair 0 0 -10 573.03 150.54 644.85 234.32 0.0134739
chair 0 0 -10 208.39 97.32 311.74 179.80 0.0134060
chair 0 0 -10 244.90 84.57 302.30 152.51 0.0126092
desk 0 0 -10 7.50 90.80 121.36 157.78 0.0125076
table 0 0 -10 0.49 135.39 16.19 232.38 0.0124033
desk 0 0 -10 331.92 95.57 402.23 185.65 0.0122360
desk 0 0 -10 104.49 109.21 343.00 295.28 0.0122349
chair 0 0 -10 472.24 150.09 625.02 310.35 0.0121605
table 0 0 -10 4.06 106.41 14.22 257.91 0.0120518
chair 0 0 -10 159.67 97.40 262.03 201.36 0.0117483
chair 0 0 -10 266.70 88.05 336.67 160.03 0.0116620
chair 0 0 -10 198.36 92.73 347.43 212.86 0.0106462
table 0 0 -10 269.64 111.54 363.70 215.51 0.0103939
desk 0 0 -10 371.10 124.44 619.93 329.41 0.0102407
chair 0 0 -10 359.15 95.83 400.05 148.99 0.0102165
table 0 0 -10 4.61 105.79 9.74 267.39 0.0097795
table 0 0 -10 17.72 83.69 225.11 189.93 0.0097430
chair 0 0 -10 481.26 96.30 571.42 164.66 0.0092997
chair 0 0 -10 291.03 77.22 351.23 151.24 0.0090127
chair 0 0 -10 338.32 83.59 395.04 148.41 0.0089236
chair 0 0 -10 93.60 17.76 214.43 181.41 0.0086139
chair 0 0 -10 3.36 79.42 85.51 328.99 0.0084238
table 0 0 -10 407.10 116.72 550.70 235.35 0.0083004
table 0 0 -10 435.48 120.01 567.67 175.41 0.0080994
dresser 0 0 -10 4.87 90.89 124.37 178.00 0.0080575
chair 0 0 -10 312.10 81.81 382.71 158.41 0.0076575
chair 0 0 -10 217.88 93.54 282.90 160.69 0.0075105
chair 0 0 -10 374.23 109.62 395.01 179.40 0.0074159
desk 0 0 -10 4.60 149.37 251.96 367.28 0.0072576
table 0 0 -10 0.26 167.12 32.52 214.05 0.0070539
chair 0 0 -10 387.44 104.22 578.41 369.56 0.0070417
