chair 0 0 -10 123.86 232.33 263.44 397.13 0.9598708
chair 0 0 -10 230.86 222.57 345.81 358.83 0.9582486
chair 0 0 -10 525.58 193.21 589.63 260.31 0.9420865
table 0 0 -10 347.97 268.33 722.15 530.00 0.8901864
table 0 0 -10 40.89 204.93 356.24 405.08 0.8682826
chair 0 0 -10 64.02 195.09 167.02 303.73 0.8679116
table 0 0 -10 428.57 184.56 568.73 271.34 0.8552320
chair 0 0 -10 361.51 279.05 538.56 511.61 0.8313988
chair 0 0 -10 564.15 390.29 729.82 525.54 0.8264321
chair 0 0 -10 486.26 250.20 612.39 398.11 0.8210306
chair 0 0 -10 187.37 189.78 266.88 266.84 0.8063954
table 0 0 -10 5.34 160.70 174.01 250.27 0.7478435
chair 0 0 -10 455.65 193.91 533.90 280.62 0.7410575
chair 0 0 -10 112.66 165.50 180.47 215.42 0.5842064
chair 0 0 -10 105.29 156.79 189.47 255.94 0.5370895
chair 0 0 -10 25.43 175.36 96.04 260.20 0.5101223
table 0 0 -10 537.06 274.70 730.00 494.64 0.5032804
desk 0 0 -10 44.65 198.20 344.13 417.41 0.4435204
chair 0 0 -10 1.05 175.85 42.85 267.26 0.3601784
chair 0 0 -10 163.48 197.79 265.04 311.42 0.3497795
chair 0 0 -10 459.94 167.90 529.02 251.72 0.3492426
chair 0 0 -10 359.87 164.03 405.97 230.58 0.3394133
chair 0 0 -10 69.28 156.70 155.65 218.64 0.3039714
chair 0 0 -10 413.73 195.97 464.54 272.52 0.3027347
chair 0 0 -10 195.37 197.86 315.51 309.41 0.2927542
desk 0 0 -10 362.16 279.45 706.58 530.00 0.2877079
table 0 0 -10 266.76 160.26 402.31 216.90 0.2623342
chair 0 0 -10 431.25 260.41 601.21 455.62 0.2576020
chair 0 0 -10 38.31 202.68 153.04 358.87 0.2516053
chair 0 0 -10 9.38 174.59 68.20 267.72 0.2224180
chair 0 0 -10 534.82 196.81 580.55 240.83 0.2176266
chair 0 0 -10 489.95 165.12 549.94 240.44 0.2128827
table 0 0 -10 4.48 171.83 94.63 254.35 0.2073696
chair 0 0 -10 453.28 169.47 499.33 239.73 0.1990125
chair 0 0 -10 480.70 191.39 558.98 256.40 0.1915554
table 0 0 -10 54.07 160.61 162.49 220.01 0.1848383
chair 0 0 -10 59.24 199.69 212.01 387.17 0.1837418
chair 0 0 -10 94.48 193.12 242.04 333.28 0.1779413
table 0 0 -10 47.68 200.82 213.43 371.80 0.1757811
table 0 0 -10 633.98 266.70 729.69 476.92 0.1686965
chair 0 0 -10 478.46 341.73 730.00 525.79 0.1643949
table 0 0 -10 473.42 184.79 579.13 245.69 0.1567671
chair 0 0 -10 301.48 164.84 359.90 219.10 0.1537948
chair 0 0 -10 430.22 194.30 456.16 251.85 0.1429997
table 0 0 -10 419.85 190.46 484.12 273.18 0.1416969
chair 0 0 -10 272.37 161.06 330.46 211.33 0.1401643
table 0 0 -10 447.42 163.16 597.80 227.73 0.1395668
chair 0 0 -10 475.44 152.53 535.71 227.09 0.1315201
chair 0 0 -10 415.92 175.98 482.52 253.95 0.1220949
chair 0 0 -10 425.75 196.37 500.20 269.55 0.1202774
chair 0 0 -10 260.09 166.99 337.33 281.22 0.1194988
chair 0 0 -10 74.62 152.75 130.50 202.50 0.1162826
chair 0 0 -10 505.44 185.92 575.38 246.96 0.1124479
chair 0 0 -10 0.38 142.76 23.82 265.59 0.1119007
chair 0 0 -10 200.12 146.97 248.23 203.96 0.1082248
chair 0 0 -10 295.93 166.18 325.40 212.33 0.1062095
chair 0 0 -10 400.22 193.47 447.08 268.63 0.0976087
chair 0 0 -10 289.29 165.18 311.48 209.41 0.0939094
chair 0 0 -10 384.39 274.86 507.83 414.65 0.0848887
chair 0 0 -10 319.89 166.19 385.66 228.54 0.0846424
table 0 0 -10 53.55 171.01 164.38 273.94 0.0839792
table 0 0 -10 66.89 197.48 336.38 318.63 0.0782551
chair 0 0 -10 487.74 198.49 534.80 247.77 0.0755640
chair 0 0 -10 500.38 146.86 558.59 209.02 0.0746871
table 0 0 -10 521.73 163.64 602.62 223.61 0.0743183
table 0 0 -10 8.54 152.93 187.48 211.57 0.0716484
chair 0 0 -10 3.24 179.85 29.11 248.87 0.0705873
table 0 0 -10 480.40 157.14 597.98 200.91 0.0700688
chair 0 0 -10 511.36 149.58 591.99 227.85 0.0697834
chair 0 0 -10 177.28 163.96 236.37 251.82 0.0686246
chair 0 0 -10 458.19 173.65 476.94 241.70 0.0677966
desk 0 0 -10 419.94 183.08 540.25 277.41 0.0669328
table 0 0 -10 400.75 260.47 680.47 436.72 0.0665570
chair 0 0 -10 408.88 183.64 452.58 245.38 0.0638837
chair 0 0 -10 50.86 159.62 122.34 218.44 0.0628560
desk 0 0 -10 5.39 157.98 174.33 253.99 0.0606842
table 0 0 -10 249.62 177.41 580.26 278.88 0.0595856
chair 0 0 -10 460.63 193.87 500.39 235.88 0.0593690
table 0 0 -10 473.78 336.31 722.04 528.39 0.0593393
chair 0 0 -10 420.83 191.50 436.89 250.71 0.0592441
table 0 0 -10 409.01 190.25 460.81 257.93 0.0580751
chair 0 0 -10 649.40 173.48 730.00 429.13 0.0570834
chair 0 0 -10 493.54 190.75 582.86 279.13 0.0562100
chair 0 0 -10 424.01 193.29 448.81 241.69 0.0555057
table 0 0 -10 432.22 188.86 460.42 247.08 0.0546508
chair 0 0 -10 170.86 149.59 273.25 213.70 0.0538280
chair 0 0 -10 470.09 180.12 485.39 248.83 0.0533878
desk 0 0 -10 9.45 175.17 90.99 260.70 0.0515568
chair 0 0 -10 212.41 161.43 320.19 248.21 0.0507322
chair 0 0 -10 39.65 173.11 132.77 271.82 0.0494654
chair 0 0 -10 172.96 149.25 227.36 207.74 0.0491530
chair 0 0 -10 607.43 333.30 730.00 492.54 0.0468259
table 0 0 -10 1.19 146.74 321.69 231.90 0.0467411
table 0 0 -10 0.00 161.38 33.75 260.61 0.0457466
table 0 0 -10 265.49 160.32 331.54 209.39 0.0451993
chair 0 0 -10 467.44 177.48 480.55 234.51 0.0444302
table 0 0 -10 479.10 153.70 557.63 220.13 0.0444276
chair 0 0 -10 309.00 167.08 336.32 214.41 0.0427806
chair 0 0 -10 133.34 171.63 232.24 261.10 0.0424101
table 0 0 -10 602.36 339.74 728.33 527.60 0.0418809
