chair 0 0 -10 0.00 42.61 180.66 402.77 0.9768222
chair 0 0 -10 486.26 21.48 705.50 241.97 0.9728854
chair 0 0 -10 299.67 39.79 664.38 410.89 0.9710283
chair 0 0 -10 38.93 131.23 481.46 518.22 0.9668093
chair 0 0 -10 109.78 5.55 331.94 249.18 0.9214655
chair 0 0 -10 5.24 3.97 167.46 154.11 0.8477104
chair 0 0 -10 258.43 0.00 388.06 151.23 0.7584748
chair 0 0 -10 259.55 23.08 426.77 260.90 0.6485756
chair 0 0 -10 63.35 2.16 293.92 162.75 0.6121334
chair 0 0 -10 19.44 26.76 269.01 290.82 0.5859920
chair 0 0 -10 268.84 46.98 500.38 387.65 0.4173463
chair 0 0 -10 2.04 17.70 99.79 360.25 0.3847869
chair 0 0 -10 2.99 29.04 110.79 177.43 0.3667776
chair 0 0 -10 131.33 43.96 431.16 314.95 0.3136307
chair 0 0 -10 1.55 0.00 113.74 107.10 0.2435757
chair 0 0 -10 198.52 0.00 369.53 194.80 0.2247519
chair 0 0 -10 31.48 82.44 350.73 400.26 0.1732139
table 0 0 -10 12.78 4.79 237.24 139.19 0.1362001
chair 0 0 -10 139.94 0.00 261.40 115.89 0.1058239
chair 0 0 -10 15.06 28.74 154.06 275.10 0.0918625
table 0 0 -10 58.67 154.65 585.48 519.64 0.0651730
chair 0 0 -10 449.39 35.42 725.98 470.90 0.0552086
chair 0 0 -10 0.88 10.96 61.51 258.72 0.0548151
chair 0 0 -10 211.85 64.18 582.72 497.66 0.0449214
table 0 0 -10 0.00 142.95 178.80 394.88 0.0425006
table 0 0 -10 2.54 23.28 155.00 154.27 0.0320304
table 0 0 -10 65.59 384.34 526.32 524.70 0.0319673
chair 0 0 -10 0.02 0.66 94.34 49.27 0.0296900
chair 0 0 -10 218.55 0.00 352.75 122.69 0.0265858
desk 0 0 -10 0.18 142.41 171.60 394.75 0.0216582
table 0 0 -10 189.53 53.60 688.83 412.37 0.0204403
desk 0 0 -10 62.36 150.88 583.07 524.15 0.0201382
chair 0 0 -10 343.19 183.19 648.78 468.83 0.0200718
chair 0 0 -10 8.83 148.35 201.91 343.07 0.0200540
chair 0 0 -10 2.94 33.46 46.87 372.82 0.0192062
chair 0 0 -10 289.55 18.59 609.75 261.93 0.0187066
table 0 0 -10 295.85 153.29 649.01 489.26 0.0179807
chair 0 0 -10 263.44 1.41 364.15 86.81 0.0171154
table 0 0 -10 0.00 75.27 108.30 432.16 0.0159175
chair 0 0 -10 487.76 102.10 715.52 324.75 0.0156888
desk 0 0 -10 12.32 4.00 235.34 141.17 0.0145109
table 0 0 -10 492.97 96.92 730.00 253.33 0.0117193
desk 0 0 -10 3.76 85.15 89.74 401.84 0.0109742
chair 0 0 -10 3.31 4.37 152.54 68.98 0.0108588
chair 0 0 -10 2.55 10.23 68.11 131.03 0.0106071
chair 0 0 -10 490.04 13.08 617.80 209.87 0.0100520
sofa 0 0 -10 5.60 114.22 546.00 526.43 0.0100198
table 0 0 -10 6.04 14.69 243.70 292.92 0.0096057
desk 0 0 -10 307.17 142.31 645.17 491.53 0.0076766
desk 0 0 -10 499.98 50.25 723.79 267.40 0.0076050
chair 0 0 -10 250.35 0.20 530.54 119.95 0.0075412
table 0 0 -10 38.75 15.41 316.04 203.01 0.0071881
table 0 0 -10 59.76 11.65 497.25 252.45 0.0071103
table 0 0 -10 101.08 2.43 257.82 109.65 0.0060546
chair 0 0 -10 189.68 0.00 261.68 96.04 0.0059245
chair 0 0 -10 2.43 139.19 72.08 434.82 0.0056431
table 0 0 -10 281.38 50.37 441.76 218.88 0.0054001
table 0 0 -10 543.10 28.41 728.64 221.00 0.0051204
chair 0 0 -10 23.67 0.00 246.89 71.21 0.0046411
desk 0 0 -10 200.51 41.93 694.78 423.06 0.0043932
desk 0 0 -10 58.84 5.44 497.45 255.83 0.0042297
chair 0 0 -10 144.84 0.20 260.23 55.27 0.0041405
chair 0 0 -10 11.22 138.25 274.13 523.40 0.0041321
table 0 0 -10 19.48 107.47 386.71 463.62 0.0039533
table 0 0 -10 346.96 19.43 699.98 239.65 0.0038863
chair 0 0 -10 580.85 42.15 722.65 221.92 0.0033273
table 0 0 -10 0.46 21.50 78.59 272.50 0.0032661
desk 0 0 -10 5.01 22.68 152.06 155.45 0.0032577
sofa 0 0 -10 0.02 45.02 109.99 422.63 0.0032395
table 0 0 -10 484.36 19.35 663.54 232.27 0.0031770
desk 0 0 -10 9.50 15.85 241.30 297.92 0.0028406
chair 0 0 -10 115.54 388.13 577.02 520.96 0.0028189
chair 0 0 -10 258.83 284.31 636.84 518.02 0.0024937
desk 0 0 -10 104.33 3.29 255.93 109.06 0.0024660
table 0 0 -10 451.38 99.07 721.80 506.05 0.0024291
desk 0 0 -10 39.54 14.76 319.18 205.29 0.0021563
table 0 0 -10 513.25 135.39 725.12 335.19 0.0021357
chair 0 0 -10 0.33 12.47 34.76 149.64 0.0020816
chair 0 0 -10 302.87 22.11 480.07 224.04 0.0020115
desk 0 0 -10 411.28 30.86 706.89 332.54 0.0020106
table 0 0 -10 0.37 110.01 58.71 414.07 0.0019460
table 0 0 -10 19.26 22.84 131.84 311.48 0.0017051
table 0 0 -10 320.49 259.56 539.24 525.88 0.0016942
sofa 0 0 -10 1.45 5.45 172.65 174.38 0.0016274
table 0 0 -10 15.56 1.81 284.70 80.34 0.0016102
chair 0 0 -10 32.07 319.98 517.38 518.61 0.0015469
table 0 0 -10 0.52 5.30 134.79 91.01 0.0014810
chair 0 0 -10 287.79 0.00 394.75 67.69 0.0014041
desk 0 0 -10 266.15 11.45 624.58 231.12 0.0013933
desk 0 0 -10 14.53 121.78 304.50 462.44 0.0013548
table 0 0 -10 0.00 150.41 88.14 338.07 0.0013404
desk 0 0 -10 281.13 66.66 446.39 214.15 0.0013103
chair 0 0 -10 421.04 229.34 697.55 518.55 0.0012974
chair 0 0 -10 31.77 22.80 127.67 137.65 0.0012144
desk 0 0 -10 460.34 87.63 720.90 501.19 0.0012117
table 0 0 -10 33.28 91.82 250.55 410.13 0.0011417
table 0 0 -10 71.17 163.25 317.38 293.63 0.0010987
chair 0 0 -10 47.90 161.23 287.58 298.50 0.0010011
sofa 0 0 -10 479.77 19.89 705.94 251.54 0.0009940
chair 0 0 -10 0.99 225.17 57.40 388.70 0.0009838
