chair 0 0 -10 437.21 174.04 579.08 347.24 0.9940599
chair 0 0 -10 296.81 171.31 441.04 363.66 0.9937843
chair 0 0 -10 156.31 114.34 266.87 241.73 0.9904958
chair 0 0 -10 461.90 137.98 584.54 284.87 0.9684322
chair 0 0 -10 479.04 124.21 580.06 234.01 0.9545664
table 0 0 -10 317.85 151.48 614.22 351.53 0.9387353
table 0 0 -10 173.84 102.58 381.45 232.63 0.9171602
chair 0 0 -10 351.22 138.07 442.04 246.18 0.9171042
chair 0 0 -10 125.16 106.27 193.23 215.91 0.9149185
chair 0 0 -10 293.66 98.44 393.99 191.46 0.6543579
chair 0 0 -10 323.54 100.26 391.16 160.41 0.6302629
chair 0 0 -10 278.51 88.01 343.23 183.27 0.5715681
chair 0 0 -10 173.49 96.72 257.73 178.13 0.5207707
bookshelf 0 0 -10 283.28 14.64 718.05 216.22 0.5058261
chair 0 0 -10 134.00 104.97 236.22 188.95 0.4154637
table 0 0 -10 258.25 108.31 387.17 212.00 0.3918174
chair 0 0 -10 249.10 80.54 334.69 165.56 0.3831238
chair 0 0 -10 329.06 123.01 422.88 221.75 0.3689128
chair 0 0 -10 300.31 85.05 351.35 164.85 0.3276386
chair 0 0 -10 177.40 82.35 237.93 149.30 0.3114676
chair 0 0 -10 199.04 83.31 256.27 163.29 0.2726268
chair 0 0 -10 343.22 110.92 387.20 152.81 0.2392259
chair 0 0 -10 167.28 92.61 226.54 167.69 0.2330872
bookshelf 0 0 -10 427.99 23.70 662.52 232.35 0.2283014
chair 0 0 -10 341.15 142.69 466.08 296.76 0.2251972
desk 0 0 -10 0.00 147.53 129.41 530.00 0.2198624
table 0 0 -10 0.00 154.39 133.92 530.00 0.1926024
desk 0 0 -10 104.17 42.85 235.21 155.02 0.1823290
chair 0 0 -10 197.14 86.54 296.06 174.53 0.1703703
chair 0 0 -10 172.94 81.03 218.85 117.28 0.1683553
chair 0 0 -10 147.33 101.99 211.31 170.17 0.1496129
chair 0 0 -10 230.05 81.43 278.78 159.80 0.1372714
table 0 0 -10 396.81 141.67 598.76 273.90 0.1345737
chair 0 0 -10 245.95 77.43 294.32 158.86 0.1345310
chair 0 0 -10 257.07 90.78 312.14 184.85 0.1176977
desk 0 0 -10 314.07 146.14 601.08 370.31 0.1170948
chair 0 0 -10 342.46 88.83 412.23 175.14 0.1144237
desk 0 0 -10 157.88 95.70 377.14 246.43 0.1063414
table 0 0 -10 263.62 113.59 417.28 266.97 0.1031070
table 0 0 -10 323.28 153.09 482.80 319.81 0.0971498
chair 0 0 -10 334.47 121.89 384.86 163.93 0.0940969
chair 0 0 -10 222.81 69.34 319.28 151.62 0.0778942
chair 0 0 -10 349.22 97.87 397.32 143.68 0.0774155
chair 0 0 -10 172.50 78.11 289.60 145.69 0.0683177
table 0 0 -10 273.55 116.82 378.95 178.44 0.0622323
bookshelf 0 0 -10 289.06 11.70 522.93 197.31 0.0597784
table 0 0 -10 159.99 101.12 282.52 219.60 0.0567610
chair 0 0 -10 198.05 117.07 242.47 159.80 0.0533286
table 0 0 -10 173.48 91.85 376.28 165.14 0.0475692
chair 0 0 -10 379.61 112.90 483.15 208.21 0.0441142
chair 0 0 -10 211.78 82.05 233.60 118.43 0.0430847
chair 0 0 -10 354.55 126.20 426.22 162.08 0.0382462
chair 0 0 -10 407.00 144.15 520.13 289.74 0.0353820
chair 0 0 -10 161.01 72.47 225.87 126.60 0.0330732
chair 0 0 -10 255.82 95.35 435.50 211.14 0.0327448
chair 0 0 -10 207.12 78.43 219.90 118.08 0.0298486
table 0 0 -10 100.70 49.44 233.67 149.49 0.0296016
desk 0 0 -10 183.94 34.04 729.72 318.66 0.0283403
chair 0 0 -10 502.83 128.41 609.73 273.38 0.0276993
chair 0 0 -10 198.72 78.83 226.79 114.49 0.0270641
table 0 0 -10 246.72 123.16 343.77 220.41 0.0265320
chair 0 0 -10 141.13 110.20 188.72 180.13 0.0265082
table 0 0 -10 296.93 129.76 526.53 245.88 0.0257713
bookshelf 0 0 -10 314.21 4.60 400.16 148.23 0.0251128
chair 0 0 -10 315.17 124.10 478.19 247.48 0.0245441
chair 0 0 -10 445.84 111.69 563.38 214.01 0.0242356
desk 0 0 -10 141.14 104.50 257.52 211.88 0.0235427
bookshelf 0 0 -10 513.71 0.00 729.09 221.49 0.0220071
desk 0 0 -10 260.53 107.09 380.21 210.02 0.0212359
chair 0 0 -10 4.75 148.47 142.80 528.87 0.0205511
chair 0 0 -10 422.36 134.68 617.01 392.42 0.0198645
bookshelf 0 0 -10 243.78 3.92 454.85 145.34 0.0197728
bookshelf 0 0 -10 257.62 27.28 374.10 141.98 0.0193100
table 0 0 -10 192.47 47.32 711.50 320.28 0.0180800
chair 0 0 -10 403.88 125.14 491.31 243.82 0.0173070
table 0 0 -10 313.30 112.46 397.92 174.60 0.0169528
table 0 0 -10 260.23 97.85 379.51 154.81 0.0161457
bookshelf 0 0 -10 96.50 7.27 247.08 163.47 0.0159339
desk 0 0 -10 293.62 104.08 367.92 180.04 0.0157855
dresser 0 0 -10 0.00 142.56 134.41 529.50 0.0155831
chair 0 0 -10 354.28 135.10 437.50 197.10 0.0154351
chair 0 0 -10 315.78 76.46 362.24 151.67 0.0151989
bookshelf 0 0 -10 217.26 22.03 315.02 136.73 0.0147391
chair 0 0 -10 315.94 157.60 541.17 377.30 0.0145036
chair 0 0 -10 261.76 96.22 285.41 133.85 0.0138799
desk 0 0 -10 280.00 93.76 418.26 154.38 0.0135565
chair 0 0 -10 694.90 155.00 728.80 251.05 0.0135560
bookshelf 0 0 -10 320.68 64.73 393.04 115.11 0.0132293
chair 0 0 -10 190.66 78.04 218.52 110.84 0.0127011
table 0 0 -10 319.07 119.42 378.40 157.14 0.0126962
bookshelf 0 0 -10 347.05 8.41 624.07 173.86 0.0126590
table 0 0 -10 333.17 143.37 459.32 240.00 0.0126397
bookshelf 0 0 -10 174.95 4.31 290.81 102.37 0.0125564
chair 0 0 -10 292.69 143.07 408.55 280.79 0.0124402
chair 0 0 -10 129.91 111.04 171.69 171.00 0.0124360
chair 0 0 -10 210.86 31.91 288.63 156.97 0.0121936
desk 0 0 -10 332.99 155.07 508.43 335.41 0.0117943
desk 0 0 -10 110.58 67.26 308.86 187.11 0.0117006
table 0 0 -10 383.48 144.74 528.86 314.50 0.0116642
table 0 0 -10 112.67 72.68 308.80 186.62 0.0114743
