chair 0 0 -10 2.27 315.09 224.21 523.49 0.9780177
chair 0 0 -10 302.50 227.83 535.20 514.03 0.9658450
table 0 0 -10 0.00 186.32 335.25 524.71 0.9402617
table 0 0 -10 513.29 242.68 729.21 530.00 0.9006619
chair 0 0 -10 180.50 108.71 266.00 173.98 0.9000419
table 0 0 -10 136.07 96.97 297.76 176.82 0.8816779
table 0 0 -10 582.28 118.07 728.63 250.82 0.8658426
chair 0 0 -10 391.28 129.30 483.43 209.88 0.8574582
chair 0 0 -10 254.19 99.73 306.71 169.45 0.8567824
table 0 0 -10 338.91 108.27 479.53 245.71 0.8501690
table 0 0 -10 2.03 74.81 162.09 169.58 0.7050004
chair 0 0 -10 600.21 118.62 698.82 226.01 0.5778868
chair 0 0 -10 629.31 128.70 727.19 239.31 0.5731371
chair 0 0 -10 25.69 88.38 110.98 164.12 0.5632036
chair 0 0 -10 97.40 80.93 162.86 152.85 0.5596879
chair 0 0 -10 432.35 122.47 489.20 203.31 0.5032165
chair 0 0 -10 2.33 124.25 86.00 455.04 0.4506755
table 0 0 -10 6.52 78.75 278.03 181.75 0.3984188
chair 0 0 -10 460.60 110.74 498.69 201.67 0.3543227
chair 0 0 -10 668.83 123.00 727.62 208.32 0.3353103
chair 0 0 -10 374.05 131.27 463.16 251.79 0.2740231
chair 0 0 -10 0.19 156.25 60.49 264.46 0.2513961
table 0 0 -10 3.76 188.51 153.24 512.52 0.2510845
desk 0 0 -10 339.37 115.69 477.86 252.61 0.2163082
chair 0 0 -10 2.69 199.48 134.87 493.55 0.1838269
chair 0 0 -10 687.21 123.67 729.28 268.42 0.1793583
chair 0 0 -10 634.03 118.61 710.17 199.63 0.1762334
chair 0 0 -10 0.14 86.41 67.56 285.72 0.1530541
table 0 0 -10 0.58 149.64 85.65 485.34 0.1469004
chair 0 0 -10 218.68 100.74 279.20 165.36 0.1421592
chair 0 0 -10 408.32 113.40 483.34 186.43 0.1304306
chair 0 0 -10 659.15 156.44 728.29 260.96 0.1278441
desk 0 0 -10 524.78 245.95 729.88 530.00 0.1191297
chair 0 0 -10 7.25 74.16 113.90 195.90 0.1155002
desk 0 0 -10 4.32 74.60 132.28 156.29 0.1096349
table 0 0 -10 204.66 99.36 304.18 165.09 0.1071987
desk 0 0 -10 594.63 120.68 725.50 250.47 0.1048555
desk 0 0 -10 0.00 188.37 332.81 499.74 0.0985604
chair 0 0 -10 227.40 94.14 309.84 185.20 0.0934555
chair 0 0 -10 698.79 130.65 721.15 215.01 0.0932906
chair 0 0 -10 17.14 213.19 222.21 457.78 0.0929667
chair 0 0 -10 129.20 92.09 220.31 166.00 0.0921686
chair 0 0 -10 177.46 99.87 274.04 223.48 0.0880886
chair 0 0 -10 594.34 118.60 668.67 197.77 0.0863442
desk 0 0 -10 9.71 77.56 178.26 199.48 0.0834326
chair 0 0 -10 199.49 95.44 259.15 151.05 0.0832369
table 0 0 -10 0.35 155.82 47.40 277.86 0.0810775
chair 0 0 -10 0.00 140.77 142.39 348.63 0.0743072
desk 0 0 -10 134.54 92.17 299.74 190.83 0.0739213
chair 0 0 -10 69.10 79.81 154.72 182.92 0.0683262
table 0 0 -10 129.21 94.32 358.34 228.40 0.0681771
chair 0 0 -10 0.00 145.05 41.27 495.93 0.0641904
table 0 0 -10 0.58 151.89 84.21 304.79 0.0632299
chair 0 0 -10 620.35 139.94 730.00 382.49 0.0577768
table 0 0 -10 0.00 116.33 134.60 375.22 0.0550895
chair 0 0 -10 173.79 100.54 224.05 159.48 0.0546988
table 0 0 -10 313.38 134.00 499.99 371.27 0.0517250
chair 0 0 -10 104.84 82.95 148.14 131.55 0.0513115
chair 0 0 -10 8.10 55.45 81.99 163.99 0.0507646
chair 0 0 -10 450.40 131.68 485.48 191.31 0.0488145
table 0 0 -10 142.92 104.48 241.75 169.76 0.0476319
chair 0 0 -10 0.66 60.34 56.48 191.68 0.0466853
chair 0 0 -10 2.72 110.58 150.77 263.05 0.0459007
chair 0 0 -10 374.26 101.29 471.77 199.31 0.0451934
table 0 0 -10 615.29 146.17 728.62 397.79 0.0441195
chair 0 0 -10 678.75 139.95 730.00 341.65 0.0440416
table 0 0 -10 603.05 123.04 725.56 196.82 0.0440215
chair 0 0 -10 511.26 276.66 722.33 529.53 0.0388274
chair 0 0 -10 63.68 84.33 139.16 149.13 0.0385495
table 0 0 -10 3.27 79.65 112.54 212.14 0.0378197
table 0 0 -10 366.62 125.20 468.87 207.33 0.0377258
table 0 0 -10 12.37 75.78 118.06 146.67 0.0370801
table 0 0 -10 617.73 151.27 725.56 222.39 0.0369248
chair 0 0 -10 702.84 177.53 728.62 247.76 0.0364239
chair 0 0 -10 707.28 130.50 729.91 263.44 0.0363689
chair 0 0 -10 466.10 131.51 485.79 206.15 0.0363241
table 0 0 -10 0.00 162.46 41.35 516.39 0.0319283
chair 0 0 -10 192.65 107.11 225.59 146.41 0.0308956
chair 0 0 -10 21.13 67.91 91.08 131.71 0.0298481
chair 0 0 -10 31.24 70.43 181.83 196.53 0.0298073
chair 0 0 -10 0.95 131.27 30.63 269.12 0.0293226
chair 0 0 -10 1.94 153.47 103.04 285.89 0.0288770
chair 0 0 -10 2.81 413.92 165.31 522.36 0.0285311
chair 0 0 -10 318.53 191.55 504.73 403.77 0.0284458
chair 0 0 -10 365.28 262.29 620.54 522.51 0.0279907
chair 0 0 -10 716.43 145.45 728.70 252.05 0.0274432
desk 0 0 -10 209.35 98.67 304.92 166.64 0.0254021
table 0 0 -10 355.74 105.73 485.22 165.40 0.0253070
chair 0 0 -10 144.58 98.52 258.24 190.22 0.0252199
table 0 0 -10 2.48 335.81 171.59 527.33 0.0250755
chair 0 0 -10 116.99 88.96 187.05 156.14 0.0247540
table 0 0 -10 0.46 87.40 63.28 238.08 0.0245186
table 0 0 -10 2.64 157.47 24.65 462.36 0.0241245
table 0 0 -10 172.27 92.76 285.16 152.42 0.0229604
chair 0 0 -10 0.34 149.94 43.30 331.04 0.0228721
table 0 0 -10 446.84 123.36 491.15 208.12 0.0227579
desk 0 0 -10 620.33 151.23 722.94 222.98 0.0225012
chair 0 0 -10 391.36 103.08 458.38 169.73 0.0223856
chair 0 0 -10 617.97 114.00 680.85 181.64 0.0215822
table 0 0 -10 0.73 95.90 161.02 263.40 0.0202770
