chair 0 0 -10 241.03 240.88 373.23 424.46 0.9808635
bookshelf 0 0 -10 293.91 9.13 721.13 285.43 0.9654520
chair 0 0 -10 367.07 214.11 448.18 367.67 0.9358004
chair 0 0 -10 10.68 292.70 222.48 524.66 0.9327302
chair 0 0 -10 431.03 193.29 493.97 313.54 0.9064440
desk 0 0 -10 112.37 156.93 384.97 463.82 0.5883046
table 0 0 -10 0.00 206.06 265.25 502.09 0.5770766
desk 0 0 -10 305.77 155.46 449.01 364.12 0.5728237
desk 0 0 -10 1.69 162.09 247.23 530.00 0.4856315
table 0 0 -10 294.75 165.17 450.51 369.04 0.4709036
table 0 0 -10 131.95 164.85 376.41 436.71 0.4293214
desk 0 0 -10 383.18 139.79 496.73 314.08 0.3989699
chair 0 0 -10 686.16 285.76 727.88 528.36 0.3587147
chair 0 0 -10 301.30 204.76 444.27 360.35 0.3336788
chair 0 0 -10 657.87 345.34 729.76 529.26 0.2281696
table 0 0 -10 371.86 138.57 494.47 320.27 0.2246216
table 0 0 -10 237.90 153.43 387.77 412.56 0.2220529
chair 0 0 -10 171.04 193.43 368.86 439.61 0.2164371
chair 0 0 -10 392.29 142.48 497.56 334.86 0.2009224
bookshelf 0 0 -10 376.87 79.03 508.57 300.62 0.1467410
desk 0 0 -10 241.01 151.01 385.29 418.18 0.1351277
bookshelf 0 0 -10 337.39 9.27 576.58 253.64 0.1335085
chair 0 0 -10 692.29 399.15 727.71 527.11 0.1064686
chair 0 0 -10 697.04 303.93 727.12 457.21 0.0902631
chair 0 0 -10 10.67 162.92 221.62 417.71 0.0824261
table 0 0 -10 1.02 275.65 164.86 496.63 0.0750513
bookshelf 0 0 -10 0.00 30.88 52.92 118.53 0.0749097
chair 0 0 -10 381.85 200.12 474.30 340.26 0.0747339
table 0 0 -10 252.24 204.95 417.84 339.03 0.0731211
chair 0 0 -10 672.42 292.05 729.63 439.34 0.0621303
chair 0 0 -10 557.42 350.09 730.00 529.06 0.0614993
desk 0 0 -10 201.16 141.71 501.88 422.85 0.0607647
chair 0 0 -10 78.81 151.15 292.28 483.21 0.0529126
chair 0 0 -10 3.00 295.89 100.71 509.95 0.0513296
chair 0 0 -10 249.11 144.15 386.50 375.43 0.0482327
table 0 0 -10 177.97 169.99 299.90 466.00 0.0479827
desk 0 0 -10 329.29 193.32 480.15 331.39 0.0422685
table 0 0 -10 355.09 185.96 457.27 336.00 0.0404249
table 0 0 -10 1.21 304.19 87.08 517.02 0.0332173
bookshelf 0 0 -10 274.03 30.09 555.98 354.91 0.0315294
desk 0 0 -10 181.23 214.46 362.59 424.57 0.0313373
chair 0 0 -10 688.82 295.80 728.52 399.75 0.0296385
desk 0 0 -10 259.23 205.31 416.53 339.63 0.0281868
bookshelf 0 0 -10 699.13 0.92 729.16 400.99 0.0280727
table 0 0 -10 196.72 148.90 496.64 418.09 0.0266966
table 0 0 -10 218.34 225.83 360.22 442.52 0.0243487
bookshelf 0 0 -10 578.55 0.00 725.49 287.54 0.0238416
bookshelf 0 0 -10 396.37 82.91 646.10 299.58 0.0222191
desk 0 0 -10 266.76 39.36 714.01 359.96 0.0212572
chair 0 0 -10 235.79 215.41 368.20 351.29 0.0200968
bookshelf 0 0 -10 437.28 7.28 518.31 265.51 0.0194074
chair 0 0 -10 221.31 148.32 345.76 314.98 0.0194072
table 0 0 -10 400.64 184.44 471.84 320.16 0.0185349
bookshelf 0 0 -10 297.37 1.91 550.91 148.68 0.0182935
desk 0 0 -10 374.07 201.68 462.55 359.99 0.0166121
chair 0 0 -10 198.77 154.69 313.37 375.09 0.0158314
chair 0 0 -10 17.52 281.93 202.46 426.42 0.0154879
desk 0 0 -10 298.44 156.54 632.77 354.79 0.0150520
chair 0 0 -10 1.65 234.61 83.85 447.05 0.0146763
bookshelf 0 0 -10 20.49 35.19 79.05 119.53 0.0144409
table 0 0 -10 679.24 308.90 725.17 530.00 0.0131716
chair 0 0 -10 240.34 123.81 328.22 266.27 0.0121215
chair 0 0 -10 260.35 116.65 306.00 229.20 0.0111376
desk 0 0 -10 309.97 128.50 523.60 310.78 0.0106045
bookshelf 0 0 -10 295.26 3.06 360.26 138.47 0.0100896
table 0 0 -10 201.09 140.58 455.39 290.04 0.0096598
desk 0 0 -10 180.36 167.85 296.28 468.01 0.0094788
table 0 0 -10 364.90 199.88 442.13 288.77 0.0091120
chair 0 0 -10 1.78 335.18 65.37 521.42 0.0087730
chair 0 0 -10 704.09 243.87 727.44 425.32 0.0080506
desk 0 0 -10 0.00 309.73 201.15 523.21 0.0074992
sofa 0 0 -10 363.97 131.05 505.33 307.32 0.0070384
table 0 0 -10 0.84 354.35 52.14 508.59 0.0069525
chair 0 0 -10 248.69 245.42 307.57 376.14 0.0067737
chair 0 0 -10 218.92 127.70 271.02 214.22 0.0067313
chair 0 0 -10 223.14 103.35 388.97 259.91 0.0066600
chair 0 0 -10 261.87 140.29 478.30 429.84 0.0066224
dresser 0 0 -10 361.17 124.62 506.81 310.03 0.0065363
table 0 0 -10 372.78 218.58 441.60 351.92 0.0064141
table 0 0 -10 1.60 256.70 227.20 411.12 0.0063552
table 0 0 -10 324.82 135.63 675.66 337.60 0.0060341
table 0 0 -10 2.41 137.69 211.83 393.52 0.0060155
table 0 0 -10 216.05 204.17 364.80 317.69 0.0055080
chair 0 0 -10 293.33 131.92 418.30 295.11 0.0054982
dresser 0 0 -10 316.52 27.72 730.00 286.02 0.0052910
desk 0 0 -10 402.36 183.63 470.70 321.94 0.0052420
sofa 0 0 -10 686.83 288.78 727.78 530.00 0.0052218
table 0 0 -10 696.67 404.79 729.38 530.00 0.0049808
chair 0 0 -10 702.88 393.81 723.24 485.12 0.0049360
chair 0 0 -10 449.29 189.59 502.55 286.70 0.0049002
bookshelf 0 0 -10 496.21 37.22 725.28 468.73 0.0048446
desk 0 0 -10 224.10 181.61 362.00 351.73 0.0044878
bookshelf 0 0 -10 418.22 126.32 496.99 301.38 0.0044604
chair 0 0 -10 6.88 261.48 135.05 403.13 0.0043745
chair 0 0 -10 425.76 254.28 730.00 526.51 0.0042753
dresser 0 0 -10 1.18 137.03 237.59 526.58 0.0039669
chair 0 0 -10 443.45 130.21 510.98 296.21 0.0039457
chair 0 0 -10 225.63 198.60 306.48 443.78 0.0038180
table 0 0 -10 1.92 318.34 40.35 469.26 0.0038148
table 0 0 -10 429.86 174.97 491.47 266.83 0.0038137
