chair 0 0 -10 367.20 8.02 485.36 177.31 0.8804508
table 0 0 -10 415.54 2.09 579.04 164.67 0.7893256
chair 0 0 -10 352.08 1.78 436.39 133.54 0.7235412
desk 0 0 -10 382.54 0.00 588.24 179.66 0.1086166
table 0 0 -10 390.76 1.52 508.12 149.41 0.0985056
chair 0 0 -10 355.98 1.16 403.85 101.90 0.0972133
desk 0 0 -10 358.99 68.02 730.00 518.83 0.0959725
chair 0 0 -10 375.33 24.01 456.04 138.78 0.0815243
table 0 0 -10 368.51 5.42 667.32 209.70 0.0597372
chair 0 0 -10 368.54 2.10 439.76 84.55 0.0511348
table 0 0 -10 437.58 83.15 720.76 530.00 0.0458472
chair 0 0 -10 400.93 24.93 480.61 148.46 0.0294354
chair 0 0 -10 382.74 2.23 391.65 86.65 0.0274834
chair 0 0 -10 328.50 5.61 401.41 125.32 0.0261752
desk 0 0 -10 314.02 2.67 633.83 240.12 0.0233924
table 0 0 -10 146.70 5.07 608.59 181.50 0.0222170
desk 0 0 -10 392.27 0.97 504.07 156.43 0.0211741
table 0 0 -10 277.08 12.96 682.13 517.56 0.0209894
chair 0 0 -10 376.62 6.47 473.34 99.86 0.0178985
table 0 0 -10 414.30 1.14 573.52 59.51 0.0168597
chair 0 0 -10 282.87 4.08 486.62 135.79 0.0166174
desk 0 0 -10 503.58 89.82 726.84 335.78 0.0152773
chair 0 0 -10 386.44 1.92 393.78 79.28 0.0146755
table 0 0 -10 0.33 42.70 68.60 161.97 0.0143195
table 0 0 -10 361.57 5.34 457.23 128.24 0.0143058
table 0 0 -10 469.84 44.88 720.49 334.63 0.0142945
desk 0 0 -10 529.11 91.53 720.67 228.97 0.0117897
chair 0 0 -10 408.45 0.00 502.04 68.56 0.0090194
chair 0 0 -10 387.32 0.95 450.61 60.81 0.0090028
table 0 0 -10 57.68 55.25 596.86 530.00 0.0084961
bathtub 0 0 -10 462.27 148.87 726.98 525.12 0.0084754
table 0 0 -10 331.07 20.12 509.99 204.42 0.0080412
table 0 0 -10 524.75 83.86 708.89 262.01 0.0080367
chair 0 0 -10 384.36 6.25 407.43 78.50 0.0070777
chair 0 0 -10 434.64 0.93 537.55 53.36 0.0066113
table 0 0 -10 297.67 63.73 665.26 293.93 0.0066068
chair 0 0 -10 527.89 3.30 717.18 169.49 0.0060656
desk 0 0 -10 363.44 4.96 455.19 130.25 0.0058119
chair 0 0 -10 374.05 5.13 414.98 59.50 0.0051651
chair 0 0 -10 426.69 2.50 494.49 115.80 0.0050163
chair 0 0 -10 514.13 84.84 662.57 197.69 0.0047009
desk 0 0 -10 463.64 3.60 696.62 180.15 0.0046049
chair 0 0 -10 457.71 3.40 624.12 185.63 0.0043349
table 0 0 -10 0.00 53.34 68.74 513.16 0.0041549
chair 0 0 -10 336.97 0.20 409.57 63.65 0.0038177
table 0 0 -10 320.70 0.00 593.41 75.84 0.0035581
chair 0 0 -10 389.56 5.38 398.53 78.75 0.0034252
table 0 0 -10 421.13 0.00 527.75 92.09 0.0033048
table 0 0 -10 261.33 162.19 569.00 408.69 0.0032539
table 0 0 -10 383.66 0.25 474.27 77.27 0.0032336
table 0 0 -10 480.23 1.92 712.41 173.75 0.0031057
table 0 0 -10 321.80 2.41 435.30 114.21 0.0029628
desk 0 0 -10 333.82 14.35 504.53 210.10 0.0028227
dresser 0 0 -10 352.90 73.81 730.00 523.76 0.0027396
desk 0 0 -10 184.15 0.00 662.65 482.18 0.0027336
chair 0 0 -10 519.51 13.14 614.58 166.37 0.0027262
table 0 0 -10 298.54 93.53 488.33 242.82 0.0024907
table 0 0 -10 264.71 2.09 420.22 91.83 0.0024164
table 0 0 -10 11.65 6.85 330.79 149.44 0.0023728
chair 0 0 -10 400.78 18.94 544.17 183.26 0.0022716
table 0 0 -10 488.92 9.71 593.66 164.95 0.0022493
chair 0 0 -10 439.23 3.03 549.28 130.79 0.0021620
sofa 0 0 -10 360.53 6.07 474.26 146.40 0.0021523
dresser 0 0 -10 503.05 98.09 729.33 347.33 0.0021426
bed 0 0 -10 0.36 26.41 67.23 168.28 0.0021174
table 0 0 -10 439.26 47.95 520.49 138.24 0.0020445
chair 0 0 -10 501.60 21.76 671.66 221.57 0.0019197
table 0 0 -10 0.00 17.62 401.27 332.66 0.0018928
chair 0 0 -10 610.76 111.15 730.00 229.45 0.0018542
sofa 0 0 -10 330.76 0.47 537.55 160.55 0.0018233
table 0 0 -10 177.20 0.44 545.56 101.66 0.0017951
chair 0 0 -10 269.08 0.81 385.21 72.70 0.0017879
chair 0 0 -10 379.24 0.47 453.67 32.55 0.0017731
chair 0 0 -10 348.79 36.42 425.60 103.26 0.0016377
chair 0 0 -10 364.24 0.00 391.43 41.16 0.0015819
table 0 0 -10 358.73 2.73 434.94 84.08 0.0015296
table 0 0 -10 326.78 202.06 501.44 332.28 0.0014690
table 0 0 -10 407.33 1.29 515.11 48.71 0.0014553
bed 0 0 -10 56.14 54.45 610.84 530.00 0.0014478
table 0 0 -10 4.94 8.88 175.46 168.58 0.0013923
bookshelf 0 0 -10 364.15 2.43 471.71 145.18 0.0013545
desk 0 0 -10 273.13 123.30 633.51 384.77 0.0013536
table 0 0 -10 0.97 135.22 71.23 297.43 0.0013187
desk 0 0 -10 416.84 0.64 571.12 58.76 0.0012994
desk 0 0 -10 251.95 0.00 598.91 129.59 0.0012827
bed 0 0 -10 251.93 132.67 714.49 525.09 0.0012645
chair 0 0 -10 375.97 2.12 401.47 43.15 0.0011876
chair 0 0 -10 381.21 15.91 426.24 68.46 0.0011332
bookshelf 0 0 -10 371.42 0.00 558.16 190.55 0.0011042
dresser 0 0 -10 363.57 6.19 473.01 146.80 0.0011035
toilet 0 0 -10 361.63 7.43 471.91 148.90 0.0010820
chair 0 0 -10 238.15 29.64 634.24 460.13 0.0010769
night_stand 0 0 -10 362.01 8.75 474.57 146.64 0.0009809
chair 0 0 -10 487.14 0.92 563.65 112.23 0.0009758
table 0 0 -10 3.86 141.32 43.24 513.57 0.0009412
table 0 0 -10 258.47 249.99 526.99 518.11 0.0009400
bed 0 0 -10 361.54 3.06 474.89 149.04 0.0009148
table 0 0 -10 432.24 0.00 494.14 137.27 0.0009029
chair 0 0 -10 546.22 0.88 689.55 74.01 0.0009000
chair 0 0 -10 505.19 87.59 683.37 274.10 0.0008998
