bed 0 0 -10 0.00 215.20 507.04 526.93 0.9975792
dresser 0 0 -10 187.57 134.68 262.79 238.71 0.7698951
night_stand 0 0 -10 472.37 275.42 609.58 457.26 0.6982039
bed 0 0 -10 0.01 167.27 88.70 242.18 0.4832394
dresser 0 0 -10 252.93 15.68 324.98 100.21 0.2095942
dresser 0 0 -10 160.29 109.55 244.92 240.16 0.1122766
bookshelf 0 0 -10 261.35 8.67 326.80 103.69 0.0965039
dresser 0 0 -10 136.11 137.21 200.17 236.92 0.0861726
dresser 0 0 -10 94.90 148.08 152.90 264.01 0.0743035
table 0 0 -10 475.76 273.90 606.42 450.99 0.0679605
bed 0 0 -10 0.00 157.33 80.92 211.32 0.0622297
bed 0 0 -10 0.00 133.88 100.42 267.64 0.0590380
dresser 0 0 -10 111.17 127.96 312.80 258.51 0.0557297
table 0 0 -10 439.40 1.34 729.54 126.56 0.0419767
dresser 0 0 -10 109.47 138.80 190.75 259.38 0.0407809
night_stand 0 0 -10 197.91 132.35 265.42 236.14 0.0400222
chair 0 0 -10 179.08 95.86 261.28 230.58 0.0390174
chair 0 0 -10 97.26 137.59 147.44 266.40 0.0328160
bookshelf 0 0 -10 82.11 148.21 146.32 266.18 0.0317684
night_stand 0 0 -10 95.95 151.09 152.71 262.20 0.0313249
night_stand 0 0 -10 168.11 26.39 235.77 84.49 0.0281903
chair 0 0 -10 177.98 100.31 246.66 162.55 0.0266438
bed 0 0 -10 8.48 131.69 252.09 273.18 0.0235139
desk 0 0 -10 188.35 130.84 261.23 238.27 0.0229962
bed 0 0 -10 55.69 183.43 504.93 401.43 0.0227587
chair 0 0 -10 182.40 103.55 241.47 136.44 0.0215138
chair 0 0 -10 244.78 10.55 322.89 100.09 0.0204913
bed 0 0 -10 195.28 127.25 265.91 240.33 0.0198299
bookshelf 0 0 -10 175.07 10.03 240.56 87.32 0.0196101
bed 0 0 -10 83.18 149.51 148.99 263.61 0.0183582
bed 0 0 -10 0.11 161.37 32.03 248.27 0.0178527
bed 0 0 -10 228.09 156.51 524.61 287.27 0.0176250
dresser 0 0 -10 174.36 16.49 240.71 86.24 0.0162607
desk 0 0 -10 238.67 11.70 326.20 103.33 0.0159952
night_stand 0 0 -10 264.52 14.11 327.63 104.28 0.0152172
chair 0 0 -10 170.15 14.48 235.13 86.74 0.0144063
bed 0 0 -10 3.61 274.93 288.29 528.63 0.0141567
night_stand 0 0 -10 138.72 132.15 205.43 251.98 0.0139711
bed 0 0 -10 133.60 124.64 380.17 253.34 0.0127340
chair 0 0 -10 105.22 0.52 160.04 58.33 0.0123719
chair 0 0 -10 115.30 110.33 201.78 227.78 0.0119080
table 0 0 -10 166.83 27.12 235.60 84.59 0.0113387
chair 0 0 -10 83.32 1.39 145.42 61.18 0.0102165
bed 0 0 -10 1.93 166.90 15.42 220.05 0.0100302
table 0 0 -10 84.04 5.17 167.21 53.08 0.0097912
table 0 0 -10 241.32 15.95 323.28 103.39 0.0097907
dresser 0 0 -10 194.52 105.43 257.12 211.42 0.0096339
bed 0 0 -10 17.80 162.05 368.26 292.21 0.0089165
chair 0 0 -10 103.51 2.31 237.13 68.03 0.0085304
chair 0 0 -10 94.96 72.01 138.42 148.12 0.0085111
bed 0 0 -10 273.23 5.18 659.06 264.77 0.0083858
bed 0 0 -10 156.62 104.61 248.38 246.47 0.0081899
dresser 0 0 -10 474.05 272.16 605.63 454.76 0.0081510
chair 0 0 -10 119.97 0.95 183.24 65.10 0.0079786
table 0 0 -10 400.46 12.34 693.36 209.26 0.0079502
dresser 0 0 -10 130.98 128.21 194.35 198.79 0.0072948
table 0 0 -10 189.91 134.14 259.52 236.59 0.0072719
chair 0 0 -10 330.49 5.75 430.88 125.84 0.0070921
dresser 0 0 -10 21.63 134.55 243.87 266.03 0.0070834
bookshelf 0 0 -10 2.74 0.96 99.97 119.50 0.0070708
dresser 0 0 -10 269.60 16.68 357.07 141.68 0.0069939
bed 0 0 -10 169.00 17.65 235.97 88.04 0.0068652
night_stand 0 0 -10 161.90 115.46 245.82 239.34 0.0067516
bed 0 0 -10 0.00 261.56 119.87 478.08 0.0067130
bed 0 0 -10 0.00 56.63 176.20 328.21 0.0066139
sofa 0 0 -10 0.80 157.36 87.71 224.00 0.0061973
bed 0 0 -10 258.92 8.01 328.26 106.68 0.0054344
bed 0 0 -10 108.95 135.36 362.81 427.99 0.0053305
bed 0 0 -10 105.51 135.19 192.29 265.99 0.0052057
bed 0 0 -10 0.00 58.52 384.60 319.17 0.0051206
dresser 0 0 -10 341.74 58.79 416.14 159.59 0.0050751
bathtub 0 0 -10 192.44 110.20 269.53 227.27 0.0050046
chair 0 0 -10 103.32 134.97 190.48 260.79 0.0049489
bed 0 0 -10 316.51 207.79 655.07 515.67 0.0048247
table 0 0 -10 2.58 170.46 93.09 259.60 0.0046212
desk 0 0 -10 165.17 25.64 237.72 85.38 0.0045743
bookshelf 0 0 -10 192.56 99.32 265.98 230.37 0.0044984
chair 0 0 -10 112.59 4.08 148.20 45.28 0.0044753
bed 0 0 -10 0.00 249.73 168.12 328.00 0.0044253
chair 0 0 -10 83.61 3.35 143.54 137.41 0.0044188
dresser 0 0 -10 106.30 107.37 186.19 220.13 0.0043302
bed 0 0 -10 105.88 153.39 660.72 478.03 0.0042695
desk 0 0 -10 472.22 270.01 611.80 457.14 0.0042421
bed 0 0 -10 0.00 208.30 159.25 381.57 0.0042049
chair 0 0 -10 74.34 0.27 166.78 91.61 0.0041310
chair 0 0 -10 94.42 77.93 147.60 229.85 0.0041185
dresser 0 0 -10 165.33 118.85 205.07 254.59 0.0041042
bookshelf 0 0 -10 0.00 48.06 81.50 123.95 0.0040134
dresser 0 0 -10 101.93 124.23 241.14 189.74 0.0039851
table 0 0 -10 90.02 149.17 148.72 265.07 0.0038710
bed 0 0 -10 428.67 240.27 619.11 472.55 0.0037537
desk 0 0 -10 144.95 104.41 318.80 253.76 0.0036807
night_stand 0 0 -10 84.12 4.25 164.90 52.72 0.0035638
table 0 0 -10 1.42 175.06 89.18 212.68 0.0035537
bed 0 0 -10 8.07 180.33 84.17 216.49 0.0035241
desk 0 0 -10 268.06 14.31 343.19 94.93 0.0035080
chair 0 0 -10 125.11 1.63 206.59 39.32 0.0034342
table 0 0 -10 666.93 234.81 723.56 304.47 0.0033811
bed 0 0 -10 17.20 190.92 93.65 238.54 0.0032517
bookshelf 0 0 -10 231.21 5.28 309.83 120.05 0.0032274
