toilet 0 0 -10 108.67 54.64 276.67 364.81 0.9938466
toilet 0 0 -10 385.53 48.63 563.81 433.10 0.9446001
toilet 0 0 -10 410.99 13.01 550.64 162.05 0.0902083
sofa 0 0 -10 695.86 372.56 728.67 520.66 0.0335167
bathtub 0 0 -10 204.64 7.80 335.98 327.17 0.0237491
toilet 0 0 -10 41.23 22.41 339.54 454.44 0.0218077
chair 0 0 -10 408.97 4.40 551.04 125.22 0.0199435
toilet 0 0 -10 150.46 20.31 347.28 343.53 0.0194746
sofa 0 0 -10 676.34 314.67 728.31 514.40 0.0130318
bathtub 0 0 -10 371.89 101.93 566.46 457.23 0.0111797
sofa 0 0 -10 710.98 367.01 729.39 506.69 0.0105090
chair 0 0 -10 373.37 25.46 562.84 429.26 0.0103833
table 0 0 -10 1.16 7.04 101.78 310.66 0.0083577
bathtub 0 0 -10 62.10 49.78 353.83 360.30 0.0077002
toilet 0 0 -10 277.35 43.43 632.15 472.91 0.0068500
table 0 0 -10 402.79 15.20 553.66 130.39 0.0065701
bathtub 0 0 -10 115.24 68.67 273.31 416.25 0.0059340
toilet 0 0 -10 75.37 14.73 537.60 493.32 0.0057345
toilet 0 0 -10 103.94 29.30 227.40 209.92 0.0049857
toilet 0 0 -10 193.57 30.98 296.80 356.19 0.0049201
bathtub 0 0 -10 413.18 12.02 552.38 151.57 0.0049131
bathtub 0 0 -10 2.92 7.08 118.17 293.43 0.0030402
table 0 0 -10 375.24 46.53 565.91 444.38 0.0029481
bathtub 0 0 -10 113.67 15.84 253.55 249.88 0.0028347
table 0 0 -10 683.50 404.26 727.15 528.09 0.0028312
toilet 0 0 -10 0.00 16.79 134.51 322.97 0.0028009
bathtub 0 0 -10 254.01 63.34 652.96 439.31 0.0027545
bathtub 0 0 -10 637.18 257.24 730.00 445.50 0.0027125
bathtub 0 0 -10 651.16 5.30 730.00 448.74 0.0026617
night_stand 0 0 -10 414.33 21.54 555.17 162.82 0.0026117
table 0 0 -10 0.44 202.20 98.57 316.51 0.0025306
bathtub 0 0 -10 39.17 87.92 481.96 491.57 0.0023926
chair 0 0 -10 104.73 2.20 250.32 271.13 0.0021942
toilet 0 0 -10 385.67 194.71 573.73 328.99 0.0019669
table 0 0 -10 712.47 322.70 729.41 490.17 0.0019141
toilet 0 0 -10 422.40 29.86 535.07 117.45 0.0018505
chair 0 0 -10 0.50 7.22 72.27 294.48 0.0017848
sofa 0 0 -10 717.43 362.48 728.30 483.22 0.0017491
sofa 0 0 -10 683.54 360.15 728.62 474.29 0.0017205
toilet 0 0 -10 7.54 109.94 259.63 349.65 0.0017163
bed 0 0 -10 409.60 10.56 553.25 126.56 0.0016720
dresser 0 0 -10 410.59 7.75 552.50 120.85 0.0016539
bathtub 0 0 -10 604.98 132.41 730.00 432.33 0.0014713
table 0 0 -10 198.50 0.00 336.41 346.48 0.0014196
table 0 0 -10 661.32 313.48 725.01 474.50 0.0013795
table 0 0 -10 715.24 371.52 728.14 474.02 0.0013667
dresser 0 0 -10 393.73 60.41 567.31 439.06 0.0012835
bathtub 0 0 -10 391.62 17.10 570.98 277.14 0.0012752
table 0 0 -10 432.92 28.85 532.29 111.18 0.0012158
bookshelf 0 0 -10 387.60 65.04 562.36 457.57 0.0012054
table 0 0 -10 680.64 204.43 726.87 477.78 0.0012037
bathtub 0 0 -10 544.84 280.09 665.47 412.27 0.0011888
chair 0 0 -10 661.09 341.66 730.00 521.33 0.0011702
toilet 0 0 -10 361.83 162.41 656.15 500.85 0.0010858
bookshelf 0 0 -10 415.52 4.49 548.66 124.89 0.0010791
bathtub 0 0 -10 674.08 117.27 725.81 486.88 0.0010463
chair 0 0 -10 90.89 25.46 285.70 388.74 0.0010416
night_stand 0 0 -10 383.19 52.17 570.36 433.39 0.0010396
desk 0 0 -10 403.32 16.07 554.56 132.00 0.0009425
table 0 0 -10 700.39 352.93 727.75 496.31 0.0009385
sofa 0 0 -10 711.64 377.35 723.54 475.83 0.0009029
bathtub 0 0 -10 227.80 104.20 337.86 290.02 0.0009014
chair 0 0 -10 432.84 24.99 532.12 110.31 0.0008945
bathtub 0 0 -10 408.55 146.28 672.71 410.43 0.0008934
bathtub 0 0 -10 431.88 30.40 532.54 108.65 0.0008326
bathtub 0 0 -10 48.68 10.26 456.55 231.22 0.0008043
table 0 0 -10 681.36 359.24 726.13 466.66 0.0007990
sofa 0 0 -10 643.08 365.93 728.68 530.00 0.0007761
table 0 0 -10 671.99 335.59 725.77 424.17 0.0007674
table 0 0 -10 104.49 28.87 284.28 378.98 0.0007470
desk 0 0 -10 374.66 50.79 572.57 442.11 0.0007399
sofa 0 0 -10 411.53 9.42 553.04 124.09 0.0007279
table 0 0 -10 400.35 24.97 564.57 217.66 0.0007037
toilet 0 0 -10 367.31 13.33 581.80 230.32 0.0006688
table 0 0 -10 720.59 342.64 728.62 476.01 0.0006679
table 0 0 -10 649.49 372.12 723.87 528.16 0.0006531
chair 0 0 -10 375.74 1.36 562.15 193.48 0.0006459
table 0 0 -10 706.94 390.70 729.61 522.22 0.0006399
table 0 0 -10 0.00 194.49 46.80 323.49 0.0006354
toilet 0 0 -10 43.75 10.43 427.37 256.04 0.0005789
table 0 0 -10 0.00 84.68 67.10 389.85 0.0005723
night_stand 0 0 -10 431.61 29.25 534.45 112.34 0.0005636
toilet 0 0 -10 94.38 146.13 286.05 297.74 0.0005341
dresser 0 0 -10 112.73 32.14 286.91 374.23 0.0005091
toilet 0 0 -10 141.05 184.56 275.50 368.58 0.0005081
bathtub 0 0 -10 138.60 36.23 461.59 337.27 0.0005054
bathtub 0 0 -10 50.21 3.26 386.12 135.85 0.0004981
table 0 0 -10 2.96 185.22 24.70 335.03 0.0004959
bathtub 0 0 -10 538.38 273.38 730.00 497.21 0.0004906
bed 0 0 -10 380.07 67.20 567.14 460.41 0.0004858
table 0 0 -10 0.48 209.53 39.39 506.10 0.0004700
toilet 0 0 -10 664.23 218.29 729.20 476.50 0.0004689
sofa 0 0 -10 727.96 369.79 729.96 504.75 0.0004386
chair 0 0 -10 179.48 0.00 346.14 311.91 0.0004223
table 0 0 -10 0.00 153.67 33.88 387.31 0.0004223
bathtub 0 0 -10 393.58 200.64 578.60 318.09 0.0004170
dresser 0 0 -10 649.34 0.59 730.00 455.44 0.0004136
toilet 0 0 -10 430.80 97.06 549.51 383.70 0.0004124
bookshelf 0 0 -10 113.79 58.78 271.89 388.80 0.0004036
sofa 0 0 -10 383.80 50.64 565.29 452.72 0.0003988
