chair 0 0 -10 114.93 281.51 353.53 525.93 0.9598386
table 0 0 -10 53.77 217.17 458.65 494.36 0.9469790
chair 0 0 -10 231.45 105.30 300.99 180.85 0.7176746
table 0 0 -10 211.16 161.36 321.87 219.24 0.6496677
chair 0 0 -10 214.33 128.37 330.27 353.98 0.4393387
chair 0 0 -10 226.72 113.21 321.87 213.60 0.1828321
desk 0 0 -10 10.22 216.66 466.64 523.46 0.1103132
desk 0 0 -10 222.87 150.73 316.37 216.86 0.1035580
chair 0 0 -10 207.44 174.96 303.92 319.91 0.0767704
table 0 0 -10 204.95 160.62 333.37 309.51 0.0704660
table 0 0 -10 234.07 132.57 316.54 205.49 0.0437441
table 0 0 -10 209.11 181.62 341.84 402.09 0.0358358
chair 0 0 -10 184.34 203.80 323.33 384.07 0.0338545
bathtub 0 0 -10 604.11 186.39 730.00 530.00 0.0327090
table 0 0 -10 11.63 208.06 260.67 441.23 0.0315820
chair 0 0 -10 238.73 117.19 340.69 270.14 0.0232711
dresser 0 0 -10 228.49 104.69 295.49 178.13 0.0223215
chair 0 0 -10 256.28 104.84 292.35 167.74 0.0221561
dresser 0 0 -10 236.36 119.12 314.62 200.65 0.0201742
desk 0 0 -10 232.18 111.96 295.47 179.80 0.0185167
desk 0 0 -10 217.07 131.23 301.84 199.52 0.0176476
table 0 0 -10 232.66 113.10 295.18 178.84 0.0162785
chair 0 0 -10 186.51 128.39 305.18 243.54 0.0149080
table 0 0 -10 123.77 199.64 466.81 331.65 0.0148968
chair 0 0 -10 132.01 256.86 354.81 406.25 0.0130382
bed 0 0 -10 222.22 134.15 316.85 213.36 0.0125392
chair 0 0 -10 45.20 177.81 437.50 505.63 0.0098634
chair 0 0 -10 211.63 155.93 318.20 218.86 0.0093674
chair 0 0 -10 248.73 154.13 344.74 327.39 0.0092712
table 0 0 -10 0.00 264.64 215.57 511.48 0.0081782
sofa 0 0 -10 232.90 110.37 306.29 187.70 0.0081177
chair 0 0 -10 235.96 168.31 284.24 311.34 0.0077285
night_stand 0 0 -10 219.50 157.78 322.32 221.00 0.0068356
chair 0 0 -10 266.29 100.29 303.63 218.07 0.0067718
bookshelf 0 0 -10 236.70 113.09 314.23 200.92 0.0060629
bookshelf 0 0 -10 229.96 95.32 294.58 178.63 0.0059972
chair 0 0 -10 255.28 173.23 301.34 317.61 0.0055990
desk 0 0 -10 9.88 206.52 261.10 445.51 0.0052761
bathtub 0 0 -10 677.77 254.10 730.00 530.00 0.0051465
table 0 0 -10 96.00 295.66 297.92 525.63 0.0049760
dresser 0 0 -10 215.51 142.05 320.52 217.63 0.0046881
bathtub 0 0 -10 635.37 309.59 730.00 530.00 0.0044490
chair 0 0 -10 164.78 146.73 291.92 280.86 0.0044365
desk 0 0 -10 219.71 159.82 319.63 318.72 0.0043061
sofa 0 0 -10 224.77 130.04 317.24 210.40 0.0041269
table 0 0 -10 190.48 138.90 313.83 238.87 0.0035495
table 0 0 -10 286.54 223.04 457.20 487.20 0.0035052
bed 0 0 -10 230.66 108.98 307.65 190.49 0.0034364
table 0 0 -10 1.15 222.64 94.19 506.23 0.0029146
table 0 0 -10 22.49 226.87 142.43 447.41 0.0028637
night_stand 0 0 -10 234.07 114.31 305.50 188.91 0.0027776
chair 0 0 -10 289.35 112.63 301.42 213.55 0.0026547
chair 0 0 -10 330.95 0.09 419.42 43.50 0.0025354
chair 0 0 -10 208.11 198.99 407.87 405.14 0.0023587
chair 0 0 -10 275.51 115.47 319.15 211.80 0.0023285
table 0 0 -10 116.95 195.68 375.31 432.69 0.0022894
sofa 0 0 -10 86.13 238.33 424.67 513.69 0.0022469
chair 0 0 -10 241.35 104.46 281.71 149.12 0.0021363
bathtub 0 0 -10 476.93 62.74 730.00 526.95 0.0020132
chair 0 0 -10 335.15 0.00 488.96 68.77 0.0019535
table 0 0 -10 182.49 199.73 379.01 293.81 0.0018359
chair 0 0 -10 260.38 150.34 323.01 215.30 0.0017665
chair 0 0 -10 335.69 193.51 462.95 358.76 0.0017260
desk 0 0 -10 122.60 200.36 468.19 333.70 0.0016618
chair 0 0 -10 273.89 103.75 293.53 175.61 0.0015978
chair 0 0 -10 226.64 185.01 451.30 324.37 0.0014631
chair 0 0 -10 74.97 210.09 328.34 460.30 0.0013944
toilet 0 0 -10 225.33 103.97 296.48 182.07 0.0013896
table 0 0 -10 235.36 161.38 285.50 306.96 0.0013749
chair 0 0 -10 300.76 185.95 547.83 362.86 0.0013501
bathtub 0 0 -10 224.56 140.40 314.93 211.75 0.0012925
bed 0 0 -10 13.98 201.38 455.35 522.48 0.0012886
bathtub 0 0 -10 528.01 214.36 704.55 530.00 0.0011202
chair 0 0 -10 232.22 47.02 312.68 183.25 0.0011106
table 0 0 -10 391.48 245.17 459.08 497.19 0.0010607
chair 0 0 -10 392.54 5.93 484.54 60.61 0.0010528
chair 0 0 -10 218.19 0.00 290.07 56.54 0.0010431
chair 0 0 -10 113.63 102.83 376.44 429.64 0.0010191
chair 0 0 -10 282.04 103.12 296.47 183.77 0.0009999
chair 0 0 -10 215.74 123.22 281.49 192.69 0.0009995
desk 0 0 -10 149.08 200.60 377.34 423.76 0.0009908
toilet 0 0 -10 236.15 119.46 314.28 202.55 0.0009892
table 0 0 -10 270.32 154.37 323.97 218.40 0.0009537
desk 0 0 -10 212.82 179.54 335.72 408.31 0.0009200
chair 0 0 -10 346.29 2.58 416.02 76.54 0.0009102
bathtub 0 0 -10 687.93 101.51 730.00 479.70 0.0009012
chair 0 0 -10 180.35 191.56 269.28 338.46 0.0008978
desk 0 0 -10 200.91 166.95 349.71 226.16 0.0008842
table 0 0 -10 197.12 187.54 286.48 311.87 0.0008226
dresser 0 0 -10 115.77 16.98 295.06 208.28 0.0008004
chair 0 0 -10 272.22 171.93 320.31 322.01 0.0007820
bookshelf 0 0 -10 221.25 31.38 333.84 221.58 0.0007556
chair 0 0 -10 198.99 162.89 276.56 221.06 0.0007514
chair 0 0 -10 390.89 219.15 466.50 301.97 0.0007441
desk 0 0 -10 204.32 108.32 327.88 243.99 0.0007407
table 0 0 -10 212.16 157.58 446.71 227.89 0.0007389
bookshelf 0 0 -10 136.03 5.44 315.66 198.51 0.0007358
dresser 0 0 -10 208.63 98.09 325.21 239.08 0.0007346
bookshelf 0 0 -10 216.37 137.30 327.16 224.00 0.0007324
chair 0 0 -10 257.31 0.57 362.42 48.26 0.0007084
