sofa 0 0 -10 349.07 168.98 722.25 354.23 0.9936207
chair 0 0 -10 214.23 216.37 359.38 432.88 0.9857894
chair 0 0 -10 6.37 338.61 185.88 525.91 0.9846789
table 0 0 -10 117.59 175.80 334.52 322.14 0.8367240
desk 0 0 -10 99.80 181.87 342.91 326.30 0.5338879
bathtub 0 0 -10 108.08 55.58 341.65 282.97 0.1174800
table 0 0 -10 120.28 175.29 335.32 250.28 0.1088380
sofa 0 0 -10 247.61 185.44 701.83 515.61 0.0977250
chair 0 0 -10 264.51 347.99 534.65 529.42 0.0834907
chair 0 0 -10 2.15 491.23 152.12 530.00 0.0707414
chair 0 0 -10 228.91 199.48 363.99 321.04 0.0608928
chair 0 0 -10 145.06 197.39 371.51 476.34 0.0463662
table 0 0 -10 5.67 348.83 130.85 530.00 0.0419412
chair 0 0 -10 25.44 345.41 358.89 530.00 0.0385101
table 0 0 -10 517.25 488.15 724.19 527.61 0.0310899
table 0 0 -10 95.44 198.57 355.01 469.64 0.0304497
bathtub 0 0 -10 106.66 86.88 338.49 180.63 0.0274532
chair 0 0 -10 4.03 460.19 187.88 528.72 0.0262135
chair 0 0 -10 253.97 247.34 479.56 518.92 0.0258868
chair 0 0 -10 523.11 491.83 716.10 528.37 0.0247030
table 0 0 -10 3.70 487.43 149.53 528.87 0.0240206
chair 0 0 -10 152.37 188.03 369.56 344.22 0.0223603
bathtub 0 0 -10 1.63 104.58 112.73 257.73 0.0189245
desk 0 0 -10 122.89 198.88 347.10 418.36 0.0168647
table 0 0 -10 156.57 208.00 337.04 385.11 0.0141342
table 0 0 -10 104.18 55.69 343.76 302.58 0.0130702
desk 0 0 -10 81.38 60.41 354.98 328.30 0.0125123
chair 0 0 -10 283.37 195.18 358.57 305.89 0.0109195
chair 0 0 -10 127.41 428.17 511.93 529.07 0.0103564
chair 0 0 -10 322.25 413.54 701.37 530.00 0.0092737
bathtub 0 0 -10 11.40 122.81 151.15 213.72 0.0091475
chair 0 0 -10 111.24 74.29 358.88 420.80 0.0089435
table 0 0 -10 243.58 226.37 715.12 515.56 0.0088219
desk 0 0 -10 116.54 175.70 338.91 251.78 0.0071885
bathtub 0 0 -10 3.73 110.91 63.95 328.74 0.0071187
chair 0 0 -10 310.12 193.33 350.29 330.21 0.0068972
bathtub 0 0 -10 102.24 164.22 338.12 329.49 0.0067164
chair 0 0 -10 333.88 421.43 525.77 529.75 0.0063186
toilet 0 0 -10 111.77 43.10 334.71 307.26 0.0062229
chair 0 0 -10 253.22 202.16 657.65 523.48 0.0060491
sofa 0 0 -10 371.75 171.38 701.15 263.11 0.0058012
bookshelf 0 0 -10 98.28 20.04 354.24 392.78 0.0055792
table 0 0 -10 405.89 481.54 682.58 528.75 0.0055388
bathtub 0 0 -10 122.93 165.55 339.10 227.02 0.0049166
chair 0 0 -10 487.54 446.12 703.47 530.00 0.0047579
bathtub 0 0 -10 60.75 22.82 379.26 200.23 0.0044371
table 0 0 -10 331.75 192.05 707.19 361.54 0.0044367
bookshelf 0 0 -10 107.35 171.59 342.51 335.12 0.0043042
chair 0 0 -10 334.69 170.78 713.57 395.79 0.0041398
sofa 0 0 -10 165.34 193.01 364.09 365.44 0.0040225
chair 0 0 -10 654.11 486.90 723.89 526.98 0.0038784
bed 0 0 -10 522.29 487.80 729.38 528.51 0.0038098
toilet 0 0 -10 101.33 163.16 333.18 332.53 0.0037648
chair 0 0 -10 208.44 0.00 332.11 88.95 0.0033937
table 0 0 -10 234.79 380.84 701.37 529.36 0.0032076
dresser 0 0 -10 104.66 180.82 347.71 331.75 0.0030316
table 0 0 -10 153.09 276.53 368.29 520.58 0.0029585
chair 0 0 -10 7.27 407.18 262.56 526.53 0.0028887
bathtub 0 0 -10 86.95 66.23 366.44 425.80 0.0028514
bed 0 0 -10 337.67 165.31 730.00 348.10 0.0027430
bed 0 0 -10 103.39 40.74 344.66 311.91 0.0026769
table 0 0 -10 81.07 229.40 477.00 529.26 0.0024117
chair 0 0 -10 660.92 490.14 694.53 524.95 0.0023729
desk 0 0 -10 213.28 252.28 349.06 429.75 0.0023583
table 0 0 -10 499.08 459.15 711.65 530.00 0.0023498
sofa 0 0 -10 522.59 172.46 641.73 237.43 0.0023319
chair 0 0 -10 220.78 246.37 321.14 343.11 0.0022280
table 0 0 -10 617.30 485.91 726.73 528.42 0.0021933
desk 0 0 -10 4.73 344.55 130.81 528.29 0.0021533
bathtub 0 0 -10 0.00 115.69 73.07 208.51 0.0021374
night_stand 0 0 -10 101.39 177.31 344.25 331.05 0.0020707
bathtub 0 0 -10 493.51 493.02 727.74 530.00 0.0020671
dresser 0 0 -10 100.44 44.00 349.42 308.27 0.0020197
table 0 0 -10 213.02 259.26 351.61 432.02 0.0019745
chair 0 0 -10 684.58 116.95 730.00 323.39 0.0019481
chair 0 0 -10 405.18 477.73 690.06 528.86 0.0018628
sofa 0 0 -10 123.04 157.78 569.77 394.30 0.0017990
chair 0 0 -10 139.12 168.04 310.72 291.52 0.0017949
chair 0 0 -10 11.85 85.08 307.13 491.49 0.0017437
bathtub 0 0 -10 110.27 134.17 349.08 204.89 0.0017135
desk 0 0 -10 194.66 219.85 351.46 365.79 0.0015905
desk 0 0 -10 317.58 173.98 725.40 377.04 0.0015691
bathtub 0 0 -10 1.07 63.24 230.49 239.02 0.0015251
table 0 0 -10 474.23 506.10 730.00 530.00 0.0015220
chair 0 0 -10 290.92 190.92 381.73 379.13 0.0015167
table 0 0 -10 0.65 518.03 138.62 530.00 0.0015054
table 0 0 -10 160.08 427.19 509.91 529.47 0.0014217
toilet 0 0 -10 90.51 80.85 359.93 441.75 0.0014168
table 0 0 -10 9.40 412.68 185.62 526.38 0.0013699
sofa 0 0 -10 215.55 232.90 351.24 425.94 0.0013655
sofa 0 0 -10 107.82 110.35 354.75 356.62 0.0013576
bed 0 0 -10 156.40 178.93 356.80 371.80 0.0012602
table 0 0 -10 672.59 177.11 728.44 354.46 0.0012547
sofa 0 0 -10 0.29 332.42 167.69 526.34 0.0011962
sofa 0 0 -10 446.35 488.67 702.97 529.24 0.0011932
chair 0 0 -10 609.41 488.20 710.43 529.53 0.0011643
table 0 0 -10 140.12 229.91 295.31 287.69 0.0011486
table 0 0 -10 277.39 306.65 544.31 526.84 0.0010704
table 0 0 -10 24.04 276.99 295.50 510.90 0.0010606
chair 0 0 -10 0.00 178.81 187.20 488.88 0.0010219
