desk 0 0 -10 481.25 223.24 725.46 505.86 0.8969632
table 0 0 -10 0.00 252.73 124.44 530.00 0.5209451
desk 0 0 -10 1.28 242.48 127.54 529.48 0.2329506
bed 0 0 -10 5.64 205.72 391.29 404.83 0.1707225
table 0 0 -10 3.14 208.79 396.26 483.79 0.1692420
table 0 0 -10 483.51 226.62 728.49 508.58 0.1452423
desk 0 0 -10 12.50 221.48 368.00 523.50 0.1328155
table 0 0 -10 9.42 241.28 239.25 530.00 0.1156316
chair 0 0 -10 0.75 266.35 122.49 523.35 0.0748891
dresser 0 0 -10 0.00 253.00 129.66 529.41 0.0476758
bed 0 0 -10 0.00 251.83 123.52 530.00 0.0309442
bed 0 0 -10 51.34 210.38 349.73 268.25 0.0187604
chair 0 0 -10 624.12 164.59 729.59 346.45 0.0183517
night_stand 0 0 -10 0.00 255.19 128.06 521.87 0.0152878
sofa 0 0 -10 14.42 216.58 394.96 385.07 0.0136489
sofa 0 0 -10 7.34 197.69 431.08 502.90 0.0081872
bed 0 0 -10 0.56 143.10 446.98 503.28 0.0081636
table 0 0 -10 5.31 346.63 144.32 504.31 0.0075116
bed 0 0 -10 11.26 225.43 230.80 530.00 0.0074476
chair 0 0 -10 16.73 206.72 414.35 519.23 0.0065348
bed 0 0 -10 18.62 200.49 378.10 302.66 0.0063012
chair 0 0 -10 557.74 229.34 725.86 504.69 0.0060727
table 0 0 -10 679.73 281.71 729.40 521.05 0.0057225
chair 0 0 -10 11.46 259.06 217.85 529.80 0.0052553
dresser 0 0 -10 483.54 221.58 721.96 498.01 0.0052302
desk 0 0 -10 583.05 214.55 727.61 444.53 0.0045685
sofa 0 0 -10 2.48 285.39 119.00 530.00 0.0042562
night_stand 0 0 -10 473.66 230.59 729.24 509.20 0.0038453
chair 0 0 -10 471.38 299.60 713.61 519.62 0.0037992
table 0 0 -10 24.43 244.09 612.00 520.34 0.0036238
table 0 0 -10 24.45 204.91 363.58 252.17 0.0035337
dresser 0 0 -10 0.00 208.68 418.79 526.75 0.0034484
chair 0 0 -10 40.53 192.12 375.43 367.69 0.0033151
desk 0 0 -10 142.45 195.05 695.27 525.04 0.0030538
table 0 0 -10 575.91 204.01 728.28 415.84 0.0029945
table 0 0 -10 635.32 313.64 727.28 523.50 0.0027844
bathtub 0 0 -10 0.00 320.50 120.76 530.00 0.0025633
chair 0 0 -10 676.76 157.15 729.90 349.21 0.0023548
table 0 0 -10 23.93 203.58 372.10 299.45 0.0023109
table 0 0 -10 545.01 319.70 726.83 515.69 0.0023034
bed 0 0 -10 110.81 206.05 338.18 336.49 0.0019219
chair 0 0 -10 72.20 205.18 359.39 303.62 0.0018592
chair 0 0 -10 636.77 335.13 730.00 530.00 0.0018040
chair 0 0 -10 642.94 158.63 726.54 277.14 0.0016044
table 0 0 -10 49.70 234.03 387.18 367.16 0.0015377
desk 0 0 -10 652.02 213.01 727.00 390.59 0.0015299
bookshelf 0 0 -10 0.00 196.87 122.05 520.95 0.0015204
chair 0 0 -10 534.30 365.74 730.00 530.00 0.0014874
bathtub 0 0 -10 4.76 215.14 406.84 460.64 0.0014753
desk 0 0 -10 512.45 152.88 726.34 372.78 0.0014601
bathtub 0 0 -10 482.33 237.31 725.16 517.91 0.0013799
chair 0 0 -10 2.20 216.99 50.92 419.32 0.0013470
table 0 0 -10 114.75 198.50 275.77 279.15 0.0012816
bed 0 0 -10 119.33 193.82 273.45 282.00 0.0012493
dresser 0 0 -10 31.91 198.50 384.48 367.25 0.0012479
chair 0 0 -10 669.32 248.18 730.00 472.34 0.0012466
table 0 0 -10 33.19 193.41 361.08 234.29 0.0011736
sofa 0 0 -10 55.83 212.10 349.95 268.29 0.0011041
table 0 0 -10 273.11 187.31 707.70 488.52 0.0010732
toilet 0 0 -10 0.56 251.27 126.82 530.00 0.0010654
desk 0 0 -10 29.14 202.13 386.74 374.81 0.0010599
bookshelf 0 0 -10 485.42 216.37 728.22 520.32 0.0010461
night_stand 0 0 -10 14.15 220.85 393.38 449.55 0.0008936
sofa 0 0 -10 482.79 224.38 727.15 515.71 0.0008728
table 0 0 -10 490.92 220.09 726.21 352.90 0.0008235
table 0 0 -10 676.34 209.54 729.37 421.80 0.0007954
bed 0 0 -10 492.34 177.31 730.00 511.16 0.0007852
table 0 0 -10 711.54 280.67 729.61 505.94 0.0007704
table 0 0 -10 2.53 140.61 405.93 356.47 0.0006688
chair 0 0 -10 584.66 174.01 715.72 301.41 0.0006497
chair 0 0 -10 0.29 185.78 30.85 388.85 0.0006470
table 0 0 -10 662.50 173.89 729.42 250.10 0.0006337
table 0 0 -10 473.02 123.99 726.94 406.70 0.0006234
sofa 0 0 -10 664.32 353.25 730.00 530.00 0.0006186
desk 0 0 -10 667.25 258.89 727.94 469.51 0.0005840
desk 0 0 -10 2.70 334.20 164.78 488.96 0.0005833
sofa 0 0 -10 27.05 205.47 379.50 301.70 0.0005770
chair 0 0 -10 127.60 190.92 268.82 282.59 0.0005659
table 0 0 -10 651.99 177.47 728.70 348.60 0.0005641
chair 0 0 -10 543.27 174.92 713.50 391.81 0.0005496
table 0 0 -10 81.31 308.79 122.88 443.65 0.0005496
chair 0 0 -10 672.81 165.75 728.96 257.84 0.0005127
chair 0 0 -10 549.44 120.19 620.41 307.87 0.0004986
toilet 0 0 -10 484.03 231.22 719.53 519.78 0.0004902
desk 0 0 -10 542.42 218.19 722.74 339.31 0.0004849
chair 0 0 -10 9.43 147.57 290.79 453.19 0.0004836
bookshelf 0 0 -10 1.24 194.75 407.98 516.34 0.0004796
table 0 0 -10 45.78 310.16 170.94 510.68 0.0004776
bathtub 0 0 -10 0.00 236.33 243.05 521.10 0.0004660
bed 0 0 -10 3.91 42.08 491.04 378.40 0.0004516
chair 0 0 -10 617.11 194.95 723.14 259.75 0.0004374
bathtub 0 0 -10 11.94 202.89 404.89 343.83 0.0003920
table 0 0 -10 4.78 275.36 58.40 529.01 0.0003891
table 0 0 -10 612.42 202.58 723.97 257.84 0.0003862
desk 0 0 -10 478.45 121.06 683.12 447.12 0.0003822
desk 0 0 -10 627.09 182.63 728.92 340.12 0.0003758
toilet 0 0 -10 9.02 230.89 345.18 525.97 0.0003626
chair 0 0 -10 162.08 172.07 287.54 268.04 0.0003613
table 0 0 -10 554.71 214.54 725.32 306.60 0.0003544
chair 0 0 -10 507.51 123.03 690.43 327.22 0.0003505
