chair 0 0 -10 310.96 278.29 571.79 525.40 0.9949143
chair 0 0 -10 184.11 134.65 332.06 299.84 0.9591236
chair 0 0 -10 495.54 294.14 672.92 512.79 0.9445253
table 0 0 -10 143.50 233.08 689.95 530.00 0.8942354
bookshelf 0 0 -10 61.83 59.82 238.00 306.47 0.8654768
chair 0 0 -10 166.01 135.86 357.93 419.24 0.5456102
bookshelf 0 0 -10 221.65 74.54 328.58 276.44 0.5037714
chair 0 0 -10 8.00 299.62 150.06 523.77 0.4803285
sofa 0 0 -10 0.68 303.12 141.39 525.01 0.4680313
desk 0 0 -10 104.05 214.56 693.37 530.00 0.4042939
table 0 0 -10 506.90 184.62 703.35 293.57 0.2588775
table 0 0 -10 112.71 259.32 447.47 524.87 0.2221501
dresser 0 0 -10 0.17 136.47 99.80 295.02 0.1469179
desk 0 0 -10 15.76 99.55 261.64 300.95 0.1292824
desk 0 0 -10 5.60 138.29 103.29 299.63 0.1073374
chair 0 0 -10 41.20 232.56 330.57 513.93 0.0898330
chair 0 0 -10 456.54 270.07 604.31 510.38 0.0710604
table 0 0 -10 0.82 173.90 119.80 448.00 0.0677453
chair 0 0 -10 251.00 134.83 335.22 285.72 0.0648512
chair 0 0 -10 141.45 155.14 434.38 303.39 0.0575392
desk 0 0 -10 476.30 200.56 694.51 448.98 0.0559141
dresser 0 0 -10 44.25 62.39 235.03 301.44 0.0549622
bookshelf 0 0 -10 6.39 106.56 134.63 301.27 0.0495379
chair 0 0 -10 390.66 242.95 680.67 512.07 0.0491835
table 0 0 -10 25.19 168.65 550.98 507.26 0.0446729
desk 0 0 -10 498.10 177.60 697.18 339.54 0.0398649
desk 0 0 -10 81.32 186.18 430.65 515.00 0.0393112
table 0 0 -10 0.69 144.28 107.31 306.85 0.0378856
bookshelf 0 0 -10 140.40 120.87 332.87 299.65 0.0363694
chair 0 0 -10 450.95 172.21 643.99 383.78 0.0349811
table 0 0 -10 436.04 222.42 674.05 464.25 0.0313432
chair 0 0 -10 119.17 138.25 486.89 486.61 0.0312417
chair 0 0 -10 556.82 281.75 688.29 457.31 0.0311134
desk 0 0 -10 336.36 245.15 669.54 522.45 0.0310450
dresser 0 0 -10 6.66 99.30 156.86 296.44 0.0273713
desk 0 0 -10 205.02 135.93 333.16 298.97 0.0267354
bookshelf 0 0 -10 71.76 33.42 315.31 380.63 0.0262995
chair 0 0 -10 500.50 260.35 647.24 407.69 0.0257907
chair 0 0 -10 278.92 130.97 441.95 431.19 0.0243490
table 0 0 -10 226.93 195.57 460.39 286.52 0.0243460
chair 0 0 -10 440.96 176.75 536.49 375.18 0.0242082
chair 0 0 -10 165.24 321.03 531.81 522.75 0.0209848
dresser 0 0 -10 219.72 85.62 337.47 289.84 0.0201034
chair 0 0 -10 207.92 99.28 384.45 281.27 0.0159601
chair 0 0 -10 0.00 152.32 74.07 304.43 0.0149397
chair 0 0 -10 402.26 228.02 610.30 417.93 0.0149127
table 0 0 -10 206.41 137.19 333.14 298.08 0.0148523
chair 0 0 -10 300.10 194.89 492.41 491.64 0.0145930
chair 0 0 -10 495.75 186.01 591.07 406.84 0.0139609
table 0 0 -10 318.82 204.17 457.52 266.17 0.0136890
table 0 0 -10 207.26 190.47 729.11 338.37 0.0128212
desk 0 0 -10 179.78 287.97 568.91 522.75 0.0126151
chair 0 0 -10 54.93 96.17 361.60 468.37 0.0123026
chair 0 0 -10 145.63 225.33 296.90 405.10 0.0122482
bookshelf 0 0 -10 98.68 95.22 385.92 498.59 0.0120865
chair 0 0 -10 484.52 335.02 657.01 456.95 0.0114702
table 0 0 -10 2.31 303.52 139.17 506.22 0.0108481
chair 0 0 -10 254.06 135.36 492.38 310.60 0.0098244
chair 0 0 -10 41.65 54.48 237.61 308.16 0.0097103
table 0 0 -10 299.39 222.21 612.53 475.20 0.0091035
chair 0 0 -10 0.00 258.17 126.84 453.39 0.0089044
chair 0 0 -10 381.70 170.53 568.29 380.22 0.0088927
bookshelf 0 0 -10 9.59 69.86 193.32 478.70 0.0084398
chair 0 0 -10 469.89 251.43 571.79 451.56 0.0077967
table 0 0 -10 38.68 294.58 235.05 516.06 0.0072960
desk 0 0 -10 333.84 198.45 678.02 372.98 0.0072760
table 0 0 -10 1.22 203.06 69.56 293.88 0.0069383
desk 0 0 -10 220.22 194.05 456.37 286.18 0.0069382
table 0 0 -10 27.51 72.51 311.41 303.23 0.0068796
chair 0 0 -10 345.91 228.06 462.52 459.85 0.0066601
table 0 0 -10 111.28 346.55 355.80 527.78 0.0066386
chair 0 0 -10 325.02 329.21 569.09 435.46 0.0065136
table 0 0 -10 483.50 166.45 697.37 396.51 0.0062865
desk 0 0 -10 48.09 79.22 331.89 379.35 0.0061835
table 0 0 -10 331.64 317.13 577.76 527.25 0.0060640
desk 0 0 -10 127.64 97.58 327.42 297.65 0.0060480
table 0 0 -10 460.73 312.72 647.75 530.00 0.0058769
desk 0 0 -10 543.00 255.40 680.95 452.24 0.0058755
chair 0 0 -10 0.25 121.34 125.41 302.47 0.0056850
chair 0 0 -10 0.00 201.04 89.26 405.06 0.0053861
chair 0 0 -10 0.00 202.34 53.66 282.31 0.0052436
chair 0 0 -10 149.66 299.13 373.02 513.89 0.0049598
dresser 0 0 -10 137.76 129.84 340.57 299.71 0.0048247
dresser 0 0 -10 80.55 68.33 312.44 379.76 0.0046472
desk 0 0 -10 0.00 168.94 119.13 453.51 0.0044279
toilet 0 0 -10 160.70 132.53 334.14 305.36 0.0043295
bookshelf 0 0 -10 156.58 60.09 258.77 295.50 0.0042430
chair 0 0 -10 480.55 165.05 563.27 352.92 0.0041740
chair 0 0 -10 207.46 179.08 530.86 390.06 0.0040393
sofa 0 0 -10 0.58 202.51 124.87 473.15 0.0039661
table 0 0 -10 117.19 381.90 544.61 521.74 0.0036929
table 0 0 -10 538.29 258.16 681.60 451.52 0.0035167
chair 0 0 -10 388.78 266.17 513.96 477.70 0.0034998
desk 0 0 -10 143.09 174.22 540.01 302.23 0.0034588
desk 0 0 -10 1.75 131.68 224.43 481.14 0.0034091
table 0 0 -10 537.57 198.55 686.14 264.40 0.0033884
table 0 0 -10 144.00 176.55 541.70 297.42 0.0032997
table 0 0 -10 438.74 212.77 677.89 326.19 0.0030794
chair 0 0 -10 492.99 183.79 664.69 320.26 0.0029577
chair 0 0 -10 323.03 391.45 624.07 527.39 0.0029246
