toilet 0 0 -10 181.82 96.74 347.18 445.00 0.9336390
toilet 0 0 -10 462.50 76.61 596.85 389.50 0.6033285
toilet 0 0 -10 489.63 77.92 685.39 343.32 0.0466786
toilet 0 0 -10 141.09 94.62 428.36 509.34 0.0269151
bathtub 0 0 -10 162.54 132.90 352.66 458.71 0.0135205
toilet 0 0 -10 412.66 45.03 657.87 392.28 0.0124728
bathtub 0 0 -10 471.56 88.27 613.54 386.15 0.0098070
toilet 0 0 -10 186.97 72.06 601.01 497.65 0.0066023
bathtub 0 0 -10 221.32 111.11 706.82 479.17 0.0060554
table 0 0 -10 690.60 161.13 727.90 315.50 0.0056747
bathtub 0 0 -10 599.43 35.39 730.00 307.86 0.0054114
bathtub 0 0 -10 499.50 87.10 694.27 322.65 0.0046273
toilet 0 0 -10 598.32 21.49 727.57 314.56 0.0036236
chair 0 0 -10 453.83 55.05 603.42 362.27 0.0032741
bathtub 0 0 -10 350.18 250.35 448.42 363.32 0.0030604
chair 0 0 -10 200.12 44.58 328.31 185.86 0.0028080
table 0 0 -10 454.26 113.69 585.81 372.99 0.0027681
chair 0 0 -10 171.07 67.17 353.23 420.61 0.0026621
table 0 0 -10 649.75 181.72 725.09 312.81 0.0026012
bathtub 0 0 -10 112.32 89.01 541.25 449.26 0.0022999
bathtub 0 0 -10 577.39 222.41 637.95 303.17 0.0020225
chair 0 0 -10 681.13 146.35 730.00 333.79 0.0019669
toilet 0 0 -10 508.55 162.10 644.57 319.53 0.0018702
bathtub 0 0 -10 416.88 62.21 595.83 306.01 0.0017099
bathtub 0 0 -10 206.07 105.56 469.13 376.66 0.0016642
toilet 0 0 -10 485.28 58.59 602.54 277.72 0.0014773
toilet 0 0 -10 561.23 211.86 651.54 314.16 0.0014674
toilet 0 0 -10 422.27 199.38 632.21 328.26 0.0012989
toilet 0 0 -10 632.55 131.18 729.14 310.30 0.0012887
toilet 0 0 -10 257.04 117.09 357.24 446.12 0.0012247
table 0 0 -10 621.73 50.40 728.16 339.96 0.0011062
bathtub 0 0 -10 241.58 124.59 345.63 414.86 0.0010348
bathtub 0 0 -10 603.80 133.78 730.00 266.71 0.0009692
toilet 0 0 -10 682.35 149.30 730.00 348.10 0.0009442
bathtub 0 0 -10 346.07 121.75 404.89 381.64 0.0009305
toilet 0 0 -10 461.88 92.04 712.20 507.32 0.0008692
toilet 0 0 -10 186.30 88.74 335.59 203.93 0.0008305
toilet 0 0 -10 562.31 53.74 642.22 321.35 0.0007813
bathtub 0 0 -10 502.30 236.65 644.21 297.32 0.0007526
bathtub 0 0 -10 668.67 209.15 730.00 467.00 0.0007525
toilet 0 0 -10 438.08 182.42 714.87 295.05 0.0007275
table 0 0 -10 729.83 150.90 729.99 320.87 0.0006793
table 0 0 -10 667.37 217.62 729.26 477.02 0.0006720
bathtub 0 0 -10 75.73 19.70 623.06 336.98 0.0006362
chair 0 0 -10 640.17 156.72 728.88 322.76 0.0006331
table 0 0 -10 183.16 112.65 348.19 449.36 0.0006187
table 0 0 -10 671.30 224.31 725.38 313.35 0.0006126
toilet 0 0 -10 71.30 185.79 685.78 530.00 0.0006071
bathtub 0 0 -10 415.54 45.53 659.88 449.01 0.0005773
toilet 0 0 -10 180.13 203.21 353.50 372.01 0.0005574
bookshelf 0 0 -10 192.08 104.52 341.29 450.30 0.0005454
toilet 0 0 -10 352.26 253.82 450.76 375.31 0.0005265
table 0 0 -10 688.08 100.13 728.99 388.60 0.0004926
dresser 0 0 -10 186.59 85.61 361.28 455.36 0.0004848
bathtub 0 0 -10 664.43 32.76 725.72 290.41 0.0004847
table 0 0 -10 667.53 90.44 721.74 316.78 0.0004768
toilet 0 0 -10 580.28 225.02 639.55 302.04 0.0004766
bathtub 0 0 -10 4.37 282.55 168.73 523.85 0.0004510
bathtub 0 0 -10 303.11 65.31 624.46 342.69 0.0004444
table 0 0 -10 625.55 238.41 714.30 312.29 0.0004333
toilet 0 0 -10 494.94 237.82 644.90 298.59 0.0004309
table 0 0 -10 356.38 138.24 715.80 527.48 0.0004264
toilet 0 0 -10 163.78 262.80 388.06 504.73 0.0004255
bathtub 0 0 -10 633.82 176.95 730.00 309.85 0.0004186
chair 0 0 -10 615.47 24.34 724.57 308.21 0.0004079
table 0 0 -10 2.15 393.57 158.11 530.00 0.0004071
bathtub 0 0 -10 564.86 53.79 643.30 305.33 0.0004017
toilet 0 0 -10 456.08 46.32 514.74 384.82 0.0003948
toilet 0 0 -10 669.81 96.36 723.22 321.44 0.0003881
table 0 0 -10 706.64 149.72 729.51 364.85 0.0003815
table 0 0 -10 574.74 220.00 635.35 307.21 0.0003798
table 0 0 -10 729.42 146.73 729.99 334.73 0.0003642
sofa 0 0 -10 690.83 165.33 728.77 364.78 0.0003621
table 0 0 -10 705.03 169.17 715.94 301.65 0.0003528
bathtub 0 0 -10 689.33 161.60 730.00 388.90 0.0003505
bathtub 0 0 -10 496.27 19.18 724.59 252.27 0.0003424
toilet 0 0 -10 668.57 210.16 730.00 472.63 0.0003377
toilet 0 0 -10 409.97 162.70 620.39 281.36 0.0003330
night_stand 0 0 -10 182.12 92.53 355.65 433.08 0.0003324
bathtub 0 0 -10 230.43 222.99 409.43 313.49 0.0003310
table 0 0 -10 427.61 269.53 588.22 374.96 0.0003289
bathtub 0 0 -10 40.36 61.95 351.01 423.20 0.0003288
chair 0 0 -10 647.36 152.60 730.00 506.25 0.0003273
toilet 0 0 -10 401.13 22.05 527.52 382.20 0.0003208
toilet 0 0 -10 180.81 110.72 265.98 434.12 0.0003112
bathtub 0 0 -10 25.65 179.48 228.06 439.49 0.0002928
bathtub 0 0 -10 363.71 237.21 412.65 365.62 0.0002833
bathtub 0 0 -10 402.91 32.29 530.45 370.65 0.0002817
dresser 0 0 -10 459.21 77.40 598.47 380.07 0.0002798
bookshelf 0 0 -10 461.61 78.92 594.33 388.93 0.0002730
bathtub 0 0 -10 2.15 3.40 123.42 379.84 0.0002703
toilet 0 0 -10 553.20 116.05 726.63 347.56 0.0002683
toilet 0 0 -10 38.51 56.38 347.18 459.96 0.0002664
table 0 0 -10 639.43 272.62 728.20 522.86 0.0002566
bathtub 0 0 -10 508.41 212.42 676.70 311.73 0.0002559
table 0 0 -10 634.03 136.08 726.02 473.63 0.0002544
bathtub 0 0 -10 427.90 77.53 492.85 337.13 0.0002390
bathtub 0 0 -10 452.82 168.09 725.04 276.17 0.0002344
desk 0 0 -10 177.09 89.68 368.06 468.27 0.0002321
table 0 0 -10 728.83 164.13 729.97 309.48 0.0002315
