chair 0 0 -10 210.45 283.14 431.00 523.92 0.9796896
desk 0 0 -10 0.00 224.38 386.23 519.37 0.9194005
table 0 0 -10 1.42 230.56 399.73 514.17 0.1580407
chair 0 0 -10 215.57 234.23 381.44 408.85 0.1202252
bed 0 0 -10 249.53 286.07 724.51 529.33 0.1072682
chair 0 0 -10 217.11 271.23 713.04 527.35 0.0877702
table 0 0 -10 212.10 212.78 400.33 393.27 0.0598233
table 0 0 -10 70.52 260.49 694.52 520.84 0.0481546
desk 0 0 -10 121.15 208.89 383.82 415.15 0.0409277
table 0 0 -10 3.89 289.47 243.00 529.20 0.0203859
desk 0 0 -10 427.09 187.47 484.45 293.51 0.0201093
desk 0 0 -10 0.00 67.86 395.55 427.99 0.0186244
bookshelf 0 0 -10 336.73 13.86 486.69 294.50 0.0179567
chair 0 0 -10 2.97 268.77 227.37 523.21 0.0179277
desk 0 0 -10 69.93 257.66 712.33 529.22 0.0169596
table 0 0 -10 426.37 200.89 483.81 287.92 0.0147098
chair 0 0 -10 422.33 189.50 481.63 290.97 0.0142761
dresser 0 0 -10 425.82 154.51 484.30 292.73 0.0111925
table 0 0 -10 12.13 207.67 386.18 391.08 0.0104120
sofa 0 0 -10 129.16 264.62 726.15 530.00 0.0091954
desk 0 0 -10 0.00 286.29 246.49 530.00 0.0084714
night_stand 0 0 -10 424.06 201.76 483.56 293.91 0.0079278
desk 0 0 -10 193.43 247.25 401.62 475.38 0.0060603
desk 0 0 -10 17.29 216.72 364.36 345.55 0.0060367
dresser 0 0 -10 5.74 234.95 296.89 527.00 0.0057009
desk 0 0 -10 343.82 148.25 464.44 299.11 0.0046101
table 0 0 -10 15.08 79.21 340.15 235.44 0.0045052
chair 0 0 -10 18.93 184.79 188.98 384.94 0.0044175
desk 0 0 -10 6.84 77.62 351.89 235.59 0.0042001
chair 0 0 -10 113.93 251.88 372.55 524.71 0.0040543
bookshelf 0 0 -10 433.93 80.68 487.37 294.60 0.0037339
table 0 0 -10 431.11 202.33 485.01 247.90 0.0033823
dresser 0 0 -10 429.10 190.45 486.79 257.70 0.0031526
chair 0 0 -10 0.00 170.04 81.66 490.72 0.0030938
table 0 0 -10 1.64 307.92 27.50 511.37 0.0030163
desk 0 0 -10 429.68 205.33 485.55 254.35 0.0029957
dresser 0 0 -10 334.97 31.20 491.79 292.05 0.0029155
chair 0 0 -10 85.72 180.48 182.16 357.04 0.0028829
chair 0 0 -10 273.63 203.68 385.90 383.14 0.0024505
table 0 0 -10 4.02 41.18 383.50 375.26 0.0024268
table 0 0 -10 154.27 234.54 425.64 447.55 0.0024247
table 0 0 -10 0.81 293.28 50.95 522.65 0.0023980
night_stand 0 0 -10 434.86 203.66 482.51 248.23 0.0023817
chair 0 0 -10 430.29 204.16 482.69 257.54 0.0023113
bookshelf 0 0 -10 413.22 9.12 514.49 287.79 0.0023085
night_stand 0 0 -10 2.79 244.91 301.21 526.24 0.0022007
bookshelf 0 0 -10 435.20 4.74 574.20 287.29 0.0020464
chair 0 0 -10 322.61 185.24 439.10 327.23 0.0020133
chair 0 0 -10 211.34 313.26 415.29 441.73 0.0020102
chair 0 0 -10 431.62 125.06 488.81 295.93 0.0020022
bookshelf 0 0 -10 36.46 12.52 407.98 283.71 0.0019766
dresser 0 0 -10 690.30 131.21 728.53 366.41 0.0019743
desk 0 0 -10 245.97 213.83 388.28 388.74 0.0019400
chair 0 0 -10 423.49 167.92 484.82 252.46 0.0019161
chair 0 0 -10 0.00 237.18 126.59 394.46 0.0018478
chair 0 0 -10 163.18 415.60 519.98 528.33 0.0018036
chair 0 0 -10 0.00 291.93 52.65 518.57 0.0017953
dresser 0 0 -10 428.36 16.92 490.59 260.15 0.0017604
bookshelf 0 0 -10 5.50 2.28 103.46 96.19 0.0017540
table 0 0 -10 320.20 305.41 721.77 530.00 0.0017236
table 0 0 -10 35.53 226.54 366.90 328.34 0.0017185
dresser 0 0 -10 91.18 262.14 407.40 522.56 0.0016949
desk 0 0 -10 374.43 189.05 486.70 298.72 0.0016618
bookshelf 0 0 -10 2.48 0.00 295.50 101.53 0.0016228
chair 0 0 -10 74.74 150.06 260.25 339.10 0.0016063
chair 0 0 -10 9.56 242.79 135.46 329.20 0.0015427
table 0 0 -10 179.75 291.23 386.72 527.11 0.0014984
night_stand 0 0 -10 1.13 312.27 29.43 507.33 0.0014803
bookshelf 0 0 -10 196.86 3.34 509.95 317.77 0.0014547
bed 0 0 -10 42.06 223.92 523.59 530.00 0.0013406
chair 0 0 -10 0.27 211.77 33.67 501.81 0.0013233
bookshelf 0 0 -10 498.38 15.11 613.72 141.00 0.0012028
chair 0 0 -10 0.69 131.57 49.85 396.86 0.0011544
bookshelf 0 0 -10 437.11 82.13 498.87 145.55 0.0011482
desk 0 0 -10 11.37 252.50 174.30 324.47 0.0011070
desk 0 0 -10 152.47 192.19 437.40 349.79 0.0010447
table 0 0 -10 6.61 254.31 182.72 323.99 0.0010350
dresser 0 0 -10 347.63 139.91 429.71 304.40 0.0010013
bathtub 0 0 -10 282.96 295.82 730.00 523.62 0.0009971
chair 0 0 -10 355.15 350.00 704.00 530.00 0.0009945
chair 0 0 -10 2.91 1.19 93.23 88.83 0.0009771
bookshelf 0 0 -10 34.73 12.42 375.21 148.50 0.0009716
bookshelf 0 0 -10 8.57 79.78 391.51 493.96 0.0009555
chair 0 0 -10 151.71 219.75 261.10 342.13 0.0009533
sofa 0 0 -10 92.79 266.96 420.84 520.35 0.0009504
bookshelf 0 0 -10 95.94 259.83 405.09 517.71 0.0009097
chair 0 0 -10 212.62 205.39 329.36 353.28 0.0009080
bookshelf 0 0 -10 355.15 9.38 633.78 165.84 0.0008619
chair 0 0 -10 31.42 244.52 225.31 349.05 0.0008564
table 0 0 -10 432.75 120.47 486.34 291.27 0.0008531
bookshelf 0 0 -10 313.00 15.96 587.65 238.62 0.0008304
dresser 0 0 -10 650.79 111.79 729.73 360.23 0.0008293
night_stand 0 0 -10 90.76 263.11 410.77 521.01 0.0007966
table 0 0 -10 6.43 267.02 21.15 526.10 0.0007856
dresser 0 0 -10 438.82 136.39 486.80 254.88 0.0007440
chair 0 0 -10 524.92 12.30 623.44 115.95 0.0007357
bookshelf 0 0 -10 428.59 148.31 488.16 257.38 0.0007238
desk 0 0 -10 428.62 142.48 495.21 258.75 0.0007165
desk 0 0 -10 50.81 155.59 315.66 329.37 0.0007029
table 0 0 -10 3.14 257.49 105.97 505.91 0.0006712
