sofa 0 0 -10 73.79 47.49 686.29 314.41 0.9841111
sofa 0 0 -10 358.71 27.82 717.64 168.61 0.9649116
sofa 0 0 -10 26.88 5.14 345.08 130.51 0.8130553
sofa 0 0 -10 43.22 18.98 450.81 245.03 0.7121315
chair 0 0 -10 2.25 14.55 79.83 233.13 0.7118629
table 0 0 -10 25.17 140.98 532.04 530.00 0.6140777
sofa 0 0 -10 18.02 4.22 279.99 65.62 0.3979700
chair 0 0 -10 259.78 0.00 369.79 93.64 0.2866752
sofa 0 0 -10 360.86 3.85 558.31 163.54 0.2767752
sofa 0 0 -10 30.65 19.72 278.66 219.84 0.1161653
chair 0 0 -10 265.44 2.34 363.52 42.76 0.1114187
chair 0 0 -10 678.68 86.37 728.03 186.06 0.0996419
sofa 0 0 -10 104.04 12.10 278.17 121.58 0.0868663
sofa 0 0 -10 166.91 0.00 419.00 98.99 0.0753280
sofa 0 0 -10 10.82 5.28 213.18 160.99 0.0747337
sofa 0 0 -10 366.66 13.69 690.86 108.61 0.0637045
sofa 0 0 -10 213.26 19.67 643.68 227.31 0.0546452
sofa 0 0 -10 25.32 75.69 642.62 525.81 0.0471046
sofa 0 0 -10 179.43 15.80 407.64 205.37 0.0457253
sofa 0 0 -10 2.55 9.17 91.54 257.71 0.0446195
table 0 0 -10 6.70 48.42 107.12 264.16 0.0443931
sofa 0 0 -10 11.35 18.63 158.25 236.11 0.0432903
table 0 0 -10 260.60 6.32 360.55 86.57 0.0415185
chair 0 0 -10 225.51 0.15 311.25 73.38 0.0413609
sofa 0 0 -10 94.83 29.35 477.59 422.00 0.0357346
table 0 0 -10 36.43 124.20 459.97 353.69 0.0326291
table 0 0 -10 71.29 135.81 321.75 246.88 0.0292351
chair 0 0 -10 224.30 1.56 296.32 38.04 0.0286480
sofa 0 0 -10 281.50 1.85 476.92 144.74 0.0265904
chair 0 0 -10 662.85 18.91 726.87 171.16 0.0250001
table 0 0 -10 27.22 63.50 649.75 390.38 0.0241809
chair 0 0 -10 0.52 51.97 62.80 191.96 0.0235867
sofa 0 0 -10 171.65 4.05 290.30 98.52 0.0233513
chair 0 0 -10 15.60 19.06 157.73 248.76 0.0224393
desk 0 0 -10 28.98 122.20 600.16 530.00 0.0219765
table 0 0 -10 37.24 10.51 357.93 112.55 0.0215435
sofa 0 0 -10 376.39 5.73 532.18 53.11 0.0213881
sofa 0 0 -10 643.41 38.69 725.36 185.63 0.0205069
table 0 0 -10 31.38 36.11 187.32 203.05 0.0196987
sofa 0 0 -10 63.00 1.23 442.33 52.42 0.0191025
sofa 0 0 -10 361.98 3.45 709.67 63.12 0.0187697
chair 0 0 -10 118.82 3.59 259.38 40.50 0.0159869
sofa 0 0 -10 63.78 4.17 239.94 41.15 0.0150008
sofa 0 0 -10 246.63 6.02 370.75 108.97 0.0136585
sofa 0 0 -10 555.45 34.64 724.10 182.47 0.0133314
chair 0 0 -10 1.19 19.98 58.99 143.04 0.0121392
table 0 0 -10 249.71 5.20 364.40 49.57 0.0116353
table 0 0 -10 164.86 4.27 407.59 95.91 0.0105650
sofa 0 0 -10 355.36 7.50 446.52 138.26 0.0097636
table 0 0 -10 1.15 156.04 133.04 260.71 0.0096157
chair 0 0 -10 20.21 0.00 256.67 150.54 0.0088504
chair 0 0 -10 639.01 272.24 729.43 530.00 0.0087123
table 0 0 -10 680.88 96.28 726.81 186.80 0.0085950
sofa 0 0 -10 676.85 88.27 728.95 191.97 0.0084034
chair 0 0 -10 12.65 3.45 291.99 41.39 0.0081882
chair 0 0 -10 198.11 7.74 289.19 85.75 0.0078277
chair 0 0 -10 642.12 11.59 729.03 116.90 0.0074243
bed 0 0 -10 373.93 8.65 715.87 161.96 0.0072370
chair 0 0 -10 131.72 8.39 314.82 236.25 0.0071819
sofa 0 0 -10 14.50 5.49 137.37 111.74 0.0066993
chair 0 0 -10 367.69 0.00 439.27 107.76 0.0064503
table 0 0 -10 0.72 58.40 69.77 205.98 0.0063444
table 0 0 -10 33.61 57.28 347.42 264.06 0.0063165
chair 0 0 -10 1.88 262.47 232.85 530.00 0.0060316
chair 0 0 -10 106.99 5.51 295.48 132.60 0.0058832
chair 0 0 -10 194.15 0.00 414.34 100.63 0.0057955
table 0 0 -10 337.84 23.03 427.89 107.77 0.0053474
table 0 0 -10 71.00 252.53 411.99 528.73 0.0052365
chair 0 0 -10 492.93 324.05 718.99 530.00 0.0051563
table 0 0 -10 19.16 29.59 192.05 127.12 0.0049909
chair 0 0 -10 233.22 190.32 720.90 522.68 0.0048079
sofa 0 0 -10 225.87 0.00 363.31 64.90 0.0047337
sofa 0 0 -10 667.94 328.14 728.40 530.00 0.0047218
chair 0 0 -10 693.46 29.04 729.85 168.23 0.0046230
desk 0 0 -10 0.00 53.64 66.77 204.63 0.0045922
table 0 0 -10 282.35 8.71 469.67 139.62 0.0044259
sofa 0 0 -10 447.30 64.61 693.25 187.03 0.0040707
chair 0 0 -10 0.00 37.30 93.22 521.33 0.0039985
chair 0 0 -10 84.88 19.65 407.28 328.27 0.0039572
table 0 0 -10 142.62 23.49 279.66 124.03 0.0039337
table 0 0 -10 302.53 13.23 713.56 167.96 0.0038970
table 0 0 -10 667.35 327.74 728.26 530.00 0.0038765
table 0 0 -10 1.40 150.40 123.39 520.43 0.0038599
sofa 0 0 -10 358.74 7.38 553.47 80.53 0.0034318
table 0 0 -10 161.91 236.43 638.38 530.00 0.0033581
table 0 0 -10 51.93 14.76 261.45 186.56 0.0030964
chair 0 0 -10 179.01 148.46 284.67 358.77 0.0030919
table 0 0 -10 4.26 94.36 164.15 299.88 0.0030779
table 0 0 -10 2.08 304.68 96.54 495.57 0.0030728
chair 0 0 -10 44.01 12.15 249.79 255.07 0.0029253
sofa 0 0 -10 201.66 1.76 562.64 60.71 0.0029151
desk 0 0 -10 3.44 64.38 96.82 248.87 0.0028607
sofa 0 0 -10 303.43 3.01 430.92 109.82 0.0028312
chair 0 0 -10 191.83 0.00 288.58 49.69 0.0028213
chair 0 0 -10 695.25 101.16 724.93 183.10 0.0027085
chair 0 0 -10 597.81 1.58 709.88 92.21 0.0026902
table 0 0 -10 174.33 153.98 279.42 260.44 0.0025898
sofa 0 0 -10 400.14 99.16 716.33 527.57 0.0025896
chair 0 0 -10 2.28 13.63 38.95 226.22 0.0024010
chair 0 0 -10 336.68 4.56 583.02 132.37 0.0023762
