bed 0 0 -10 109.34 192.28 729.23 530.00 0.9960568
night_stand 0 0 -10 0.00 285.05 116.34 491.33 0.9028617
bed 0 0 -10 3.43 283.62 144.46 514.20 0.3975118
table 0 0 -10 0.00 287.65 125.30 489.57 0.3808061
desk 0 0 -10 0.00 298.15 111.61 482.27 0.0851918
bed 0 0 -10 15.16 188.29 430.87 529.15 0.0375055
dresser 0 0 -10 0.40 277.96 129.70 509.51 0.0374213
night_stand 0 0 -10 2.89 274.96 106.68 402.69 0.0263271
dresser 0 0 -10 518.09 185.38 671.27 323.82 0.0243245
night_stand 0 0 -10 2.31 269.36 94.56 310.44 0.0205787
bed 0 0 -10 3.59 284.88 295.92 524.53 0.0193599
bookshelf 0 0 -10 479.11 79.86 563.41 284.16 0.0138563
dresser 0 0 -10 477.43 90.90 546.62 286.50 0.0127182
night_stand 0 0 -10 517.43 273.60 610.94 321.03 0.0125147
night_stand 0 0 -10 473.05 247.32 525.82 289.96 0.0121860
night_stand 0 0 -10 11.69 249.82 94.61 295.39 0.0120087
bed 0 0 -10 480.33 187.71 685.29 335.37 0.0096406
bed 0 0 -10 522.69 218.35 728.09 510.61 0.0096330
table 0 0 -10 522.73 188.37 673.09 309.14 0.0093279
dresser 0 0 -10 453.00 64.46 578.07 288.95 0.0074382
night_stand 0 0 -10 11.40 269.14 99.11 351.37 0.0071744
dresser 0 0 -10 517.74 232.02 623.58 320.35 0.0065700
bed 0 0 -10 251.70 181.46 672.41 369.82 0.0061760
chair 0 0 -10 0.23 331.73 107.56 508.91 0.0060981
table 0 0 -10 2.48 269.76 92.43 311.40 0.0059592
night_stand 0 0 -10 506.63 269.55 617.14 360.61 0.0054163
night_stand 0 0 -10 2.06 270.55 54.81 292.84 0.0053273
night_stand 0 0 -10 0.08 271.85 26.32 296.82 0.0049577
bed 0 0 -10 236.77 44.29 678.06 406.28 0.0047820
chair 0 0 -10 364.84 102.77 432.18 216.05 0.0043283
bookshelf 0 0 -10 466.01 18.92 528.89 287.67 0.0041358
table 0 0 -10 687.94 387.70 728.58 530.00 0.0038071
chair 0 0 -10 374.28 106.05 424.06 166.54 0.0035345
night_stand 0 0 -10 0.53 278.41 23.01 309.23 0.0034869
table 0 0 -10 1.77 277.18 93.49 337.13 0.0034576
bookshelf 0 0 -10 516.74 181.74 671.94 319.78 0.0034568
chair 0 0 -10 9.42 299.79 163.37 519.16 0.0032193
night_stand 0 0 -10 68.65 274.70 90.21 297.43 0.0031990
bed 0 0 -10 687.96 252.89 730.00 530.00 0.0029983
dresser 0 0 -10 3.77 273.04 92.25 433.21 0.0029132
bed 0 0 -10 214.32 167.92 573.34 458.15 0.0028707
night_stand 0 0 -10 28.53 258.91 103.06 323.69 0.0028561
night_stand 0 0 -10 37.31 276.28 89.70 299.00 0.0027922
bookshelf 0 0 -10 478.21 71.71 669.47 308.43 0.0027297
sofa 0 0 -10 5.60 281.32 137.73 511.07 0.0027003
bed 0 0 -10 288.13 10.56 608.60 310.00 0.0026685
bed 0 0 -10 376.36 176.87 727.54 452.75 0.0026269
night_stand 0 0 -10 48.48 285.21 122.32 448.11 0.0026165
bed 0 0 -10 379.98 224.93 496.18 351.27 0.0024443
bed 0 0 -10 326.38 234.91 538.91 334.09 0.0021369
bed 0 0 -10 418.50 107.45 649.22 339.00 0.0021312
bookshelf 0 0 -10 490.06 78.51 574.46 202.79 0.0021307
toilet 0 0 -10 0.00 277.69 135.31 518.80 0.0020957
night_stand 0 0 -10 351.95 164.27 421.08 224.14 0.0020631
night_stand 0 0 -10 444.52 265.30 531.85 333.41 0.0020568
dresser 0 0 -10 536.00 213.79 717.77 349.11 0.0020257
bed 0 0 -10 417.97 251.83 533.18 341.34 0.0020038
dresser 0 0 -10 442.16 15.93 516.72 281.50 0.0020026
bed 0 0 -10 544.02 213.34 728.65 367.96 0.0019881
bed 0 0 -10 369.99 0.00 528.36 291.63 0.0019873
bookshelf 0 0 -10 0.59 280.14 137.33 504.09 0.0019289
table 0 0 -10 4.78 274.99 105.37 410.98 0.0018309
table 0 0 -10 296.84 135.28 354.69 161.57 0.0018204
bookshelf 0 0 -10 416.77 5.24 559.93 287.88 0.0018141
bed 0 0 -10 300.90 277.84 730.00 518.57 0.0018016
night_stand 0 0 -10 0.71 263.46 64.91 458.49 0.0016772
sofa 0 0 -10 111.89 176.40 715.26 525.70 0.0016451
table 0 0 -10 324.21 142.00 342.88 160.86 0.0016190
bed 0 0 -10 151.23 396.51 688.87 526.03 0.0016084
dresser 0 0 -10 378.98 4.14 525.02 276.67 0.0015221
dresser 0 0 -10 470.93 174.15 530.64 294.76 0.0015145
table 0 0 -10 2.71 292.48 16.16 519.72 0.0014814
night_stand 0 0 -10 459.60 273.62 584.45 350.49 0.0014759
bathtub 0 0 -10 0.00 293.11 153.44 507.59 0.0013427
dresser 0 0 -10 473.47 233.88 525.89 289.05 0.0013382
dresser 0 0 -10 6.17 180.32 133.94 430.35 0.0012213
bed 0 0 -10 0.00 362.30 227.50 498.37 0.0012202
chair 0 0 -10 2.82 239.41 115.85 475.36 0.0011876
table 0 0 -10 1.15 278.41 20.54 307.86 0.0011855
desk 0 0 -10 518.06 186.00 677.18 310.30 0.0011769
night_stand 0 0 -10 0.00 254.83 58.85 355.08 0.0011655
table 0 0 -10 293.94 90.06 364.14 141.30 0.0010573
night_stand 0 0 -10 525.87 240.42 674.87 350.32 0.0010340
sofa 0 0 -10 522.54 190.50 678.21 304.08 0.0010339
bed 0 0 -10 514.74 175.51 624.68 330.06 0.0010308
dresser 0 0 -10 397.75 23.72 687.94 321.49 0.0010166
table 0 0 -10 1.06 262.14 38.33 519.35 0.0010072
table 0 0 -10 250.66 137.37 334.83 162.53 0.0010046
night_stand 0 0 -10 0.00 238.72 39.72 425.53 0.0010041
night_stand 0 0 -10 468.78 214.19 523.32 307.77 0.0009615
table 0 0 -10 5.00 268.92 19.98 475.90 0.0009566
table 0 0 -10 0.68 272.10 26.45 296.82 0.0009484
dresser 0 0 -10 513.14 273.03 611.36 321.56 0.0009453
desk 0 0 -10 0.00 260.28 169.18 520.03 0.0009411
table 0 0 -10 284.71 70.46 362.10 161.06 0.0009391
night_stand 0 0 -10 521.14 192.63 677.09 321.44 0.0009310
bed 0 0 -10 509.42 273.02 617.17 330.14 0.0009226
bed 0 0 -10 447.85 215.65 603.33 333.99 0.0009180
bed 0 0 -10 114.53 232.81 487.61 478.51 0.0009158
table 0 0 -10 3.78 351.70 180.00 523.11 0.0008985
