bed 0 0 -10 7.99 220.84 310.33 527.74 0.9496737
bed 0 0 -10 0.00 224.71 672.11 529.01 0.2912562
night_stand 0 0 -10 374.67 169.21 464.54 293.18 0.1604113
dresser 0 0 -10 330.46 32.64 725.72 508.75 0.0604753
table 0 0 -10 370.80 170.68 460.75 289.90 0.0524669
desk 0 0 -10 376.24 169.12 463.62 295.52 0.0416978
desk 0 0 -10 372.92 165.96 539.77 324.73 0.0383693
desk 0 0 -10 365.15 140.15 607.46 371.22 0.0149318
dresser 0 0 -10 368.25 115.77 634.26 385.04 0.0114537
dresser 0 0 -10 375.97 170.99 463.27 293.17 0.0104585
desk 0 0 -10 319.84 33.68 730.00 508.14 0.0098419
chair 0 0 -10 10.62 231.18 252.32 530.00 0.0088798
bed 0 0 -10 213.11 54.23 692.32 519.14 0.0073544
table 0 0 -10 378.53 167.80 513.35 338.21 0.0065053
table 0 0 -10 375.24 167.41 462.57 231.31 0.0058210
chair 0 0 -10 391.21 4.13 483.44 48.66 0.0051202
dresser 0 0 -10 233.47 233.35 710.15 522.24 0.0050309
sofa 0 0 -10 16.88 217.89 463.10 526.69 0.0047707
table 0 0 -10 8.99 239.94 303.49 520.65 0.0040992
bed 0 0 -10 4.17 228.64 46.46 516.51 0.0039580
bathtub 0 0 -10 0.00 237.05 670.83 521.91 0.0035948
bathtub 0 0 -10 293.13 268.84 666.23 522.66 0.0032520
desk 0 0 -10 354.83 73.44 687.01 332.37 0.0031883
bed 0 0 -10 0.05 208.75 265.80 393.03 0.0030818
table 0 0 -10 376.78 160.03 529.67 222.40 0.0030090
night_stand 0 0 -10 368.05 168.68 431.80 268.97 0.0029915
night_stand 0 0 -10 390.29 1.24 477.12 42.46 0.0028590
table 0 0 -10 0.00 222.98 668.32 527.43 0.0026786
dresser 0 0 -10 431.65 11.71 598.32 420.39 0.0022534
table 0 0 -10 389.54 2.35 478.34 43.19 0.0021516
dresser 0 0 -10 478.07 171.27 724.06 519.71 0.0020613
bookshelf 0 0 -10 345.84 5.76 716.86 510.24 0.0019634
chair 0 0 -10 425.67 1.13 477.94 42.32 0.0017521
bathtub 0 0 -10 343.04 89.68 714.19 492.92 0.0016978
bathtub 0 0 -10 372.82 174.10 464.27 281.57 0.0016472
dresser 0 0 -10 371.21 160.15 535.46 372.43 0.0015962
table 0 0 -10 327.11 53.50 716.56 515.25 0.0015868
dresser 0 0 -10 369.92 10.03 498.02 286.84 0.0015643
bed 0 0 -10 0.00 69.96 284.90 428.78 0.0013995
table 0 0 -10 379.22 157.48 465.74 201.59 0.0013685
bed 0 0 -10 132.06 158.38 308.75 461.58 0.0012751
bed 0 0 -10 0.00 200.87 85.90 530.00 0.0011544
chair 0 0 -10 358.64 3.12 456.07 50.81 0.0011280
bed 0 0 -10 368.80 165.22 461.47 291.59 0.0011024
dresser 0 0 -10 9.81 166.99 618.03 529.23 0.0010315
table 0 0 -10 368.80 165.76 586.61 381.26 0.0010084
bed 0 0 -10 23.21 31.82 550.62 423.67 0.0010081
chair 0 0 -10 303.58 0.94 468.15 60.52 0.0009990
chair 0 0 -10 359.00 167.10 452.31 293.65 0.0009739
dresser 0 0 -10 598.30 37.59 730.00 486.75 0.0009348
dresser 0 0 -10 392.00 3.39 476.09 41.99 0.0009216
chair 0 0 -10 439.41 0.00 508.36 57.35 0.0008611
bed 0 0 -10 0.07 167.47 169.29 519.55 0.0008036
chair 0 0 -10 1.56 239.26 96.24 530.00 0.0007863
chair 0 0 -10 399.73 0.00 509.39 77.39 0.0007795
bookshelf 0 0 -10 390.38 1.32 477.18 43.06 0.0007686
chair 0 0 -10 30.38 259.49 521.51 529.20 0.0007647
bed 0 0 -10 104.85 163.60 246.70 312.66 0.0007336
chair 0 0 -10 356.21 0.00 413.03 58.32 0.0007077
bed 0 0 -10 71.93 151.56 281.40 370.42 0.0007056
night_stand 0 0 -10 367.83 171.48 446.85 226.92 0.0006999
sofa 0 0 -10 3.23 238.58 266.31 521.89 0.0006714
desk 0 0 -10 378.33 163.12 557.34 245.91 0.0006489
dresser 0 0 -10 374.78 61.75 580.73 315.50 0.0006391
desk 0 0 -10 0.00 220.36 694.10 524.85 0.0006391
desk 0 0 -10 388.25 4.39 488.48 45.57 0.0006329
table 0 0 -10 358.52 150.57 450.82 252.98 0.0006176
bed 0 0 -10 7.38 225.30 24.83 524.20 0.0006167
dresser 0 0 -10 383.54 14.16 709.45 261.96 0.0005920
sofa 0 0 -10 3.81 240.37 38.27 521.65 0.0005776
chair 0 0 -10 1.70 232.49 40.66 530.00 0.0005776
bed 0 0 -10 50.02 394.18 667.68 524.72 0.0005349
toilet 0 0 -10 377.46 171.73 457.26 293.22 0.0005284
bed 0 0 -10 359.01 0.00 727.41 420.21 0.0005142
night_stand 0 0 -10 373.06 83.97 722.45 488.00 0.0004905
chair 0 0 -10 0.00 0.00 52.60 91.84 0.0004901
desk 0 0 -10 367.73 14.75 500.91 290.21 0.0004830
night_stand 0 0 -10 374.07 164.05 541.01 319.95 0.0004580
night_stand 0 0 -10 25.09 235.58 444.49 518.89 0.0004094
chair 0 0 -10 366.98 5.07 700.02 377.85 0.0004058
dresser 0 0 -10 4.81 226.40 291.70 526.04 0.0004010
bed 0 0 -10 187.05 192.44 230.10 307.06 0.0003990
table 0 0 -10 368.06 172.40 421.45 247.96 0.0003951
chair 0 0 -10 384.61 13.48 410.30 41.39 0.0003847
bathtub 0 0 -10 357.97 138.45 650.26 367.37 0.0003817
desk 0 0 -10 372.83 148.28 565.90 213.85 0.0003797
sofa 0 0 -10 376.30 170.63 464.54 293.43 0.0003635
toilet 0 0 -10 0.00 233.26 649.76 530.00 0.0003598
desk 0 0 -10 317.86 162.36 665.57 441.19 0.0003516
table 0 0 -10 367.12 23.89 498.25 289.43 0.0003439
desk 0 0 -10 424.54 14.33 601.93 427.75 0.0003397
bookshelf 0 0 -10 368.60 0.84 497.39 292.59 0.0003315
bed 0 0 -10 183.23 180.64 246.95 336.34 0.0003266
chair 0 0 -10 349.82 0.00 451.45 87.95 0.0003260
chair 0 0 -10 412.82 0.84 525.03 35.74 0.0003215
chair 0 0 -10 467.18 0.75 526.05 49.84 0.0003181
desk 0 0 -10 6.56 261.01 339.17 529.40 0.0003131
desk 0 0 -10 373.65 158.73 484.18 223.68 0.0003064
bed 0 0 -10 209.80 304.53 631.74 530.00 0.0003026
night_stand 0 0 -10 5.80 208.23 273.21 499.03 0.0002983
