dresser 0 0 -10 2.62 85.16 257.21 408.56 0.0689985
bed 0 0 -10 64.23 268.61 707.24 520.50 0.0578450
dresser 0 0 -10 273.95 206.35 351.31 303.52 0.0408392
desk 0 0 -10 0.00 66.46 258.78 413.91 0.0242574
table 0 0 -10 69.78 223.35 719.54 514.75 0.0164588
desk 0 0 -10 60.11 219.76 730.00 517.20 0.0118997
sofa 0 0 -10 76.35 267.32 696.60 524.22 0.0091252
desk 0 0 -10 223.18 185.38 730.00 330.77 0.0060308
chair 0 0 -10 201.99 0.00 295.69 95.56 0.0048165
chair 0 0 -10 512.25 144.87 567.62 205.66 0.0037650
bookshelf 0 0 -10 545.95 1.55 636.54 112.54 0.0037153
table 0 0 -10 5.14 382.49 654.67 525.96 0.0033254
dresser 0 0 -10 214.13 1.90 309.28 102.86 0.0031909
bathtub 0 0 -10 71.75 205.13 723.42 505.86 0.0027499
bookshelf 0 0 -10 7.23 82.18 252.25 412.48 0.0025975
table 0 0 -10 3.10 79.12 250.49 419.17 0.0023707
chair 0 0 -10 550.14 0.80 638.78 104.90 0.0021700
table 0 0 -10 200.23 161.82 730.00 379.87 0.0020969
desk 0 0 -10 121.56 142.66 730.00 412.12 0.0019899
chair 0 0 -10 459.11 146.91 515.54 205.99 0.0017600
chair 0 0 -10 485.02 1.68 562.58 82.05 0.0017466
table 0 0 -10 205.20 1.35 578.62 104.97 0.0015182
dresser 0 0 -10 65.22 205.59 725.83 513.91 0.0015129
chair 0 0 -10 439.51 3.38 513.57 74.98 0.0013789
night_stand 0 0 -10 266.19 209.71 354.60 306.47 0.0013694
dresser 0 0 -10 212.76 2.09 389.80 120.41 0.0013493
bookshelf 0 0 -10 212.24 0.38 390.10 123.93 0.0013462
dresser 0 0 -10 546.65 3.92 637.34 112.73 0.0013027
chair 0 0 -10 115.86 3.42 221.36 74.33 0.0012896
desk 0 0 -10 194.15 0.00 594.27 105.36 0.0012617
desk 0 0 -10 245.79 208.62 366.82 320.98 0.0012253
bookshelf 0 0 -10 84.23 163.25 714.92 503.94 0.0012228
bed 0 0 -10 42.09 404.58 696.04 525.05 0.0011847
bookshelf 0 0 -10 210.31 3.77 290.21 107.15 0.0011724
bookshelf 0 0 -10 214.57 0.87 560.58 104.74 0.0011439
chair 0 0 -10 613.40 0.00 726.54 116.31 0.0011427
chair 0 0 -10 503.49 130.27 572.44 229.89 0.0011310
dresser 0 0 -10 184.41 154.63 244.08 306.87 0.0010924
table 0 0 -10 212.50 2.22 372.60 110.18 0.0010902
table 0 0 -10 547.45 5.85 624.20 128.32 0.0010485
chair 0 0 -10 264.59 134.97 319.08 193.57 0.0010377
desk 0 0 -10 6.17 74.36 456.44 468.23 0.0010339
desk 0 0 -10 204.33 8.93 385.92 107.91 0.0010318
desk 0 0 -10 364.85 5.90 572.78 86.17 0.0010260
dresser 0 0 -10 213.57 2.31 558.09 103.86 0.0010253
chair 0 0 -10 436.90 136.58 525.51 244.74 0.0010145
dresser 0 0 -10 151.72 65.76 246.58 319.04 0.0009965
dresser 0 0 -10 605.28 2.14 721.84 112.46 0.0009779
table 0 0 -10 124.96 31.50 199.45 77.15 0.0009322
bookshelf 0 0 -10 517.85 0.00 691.19 124.13 0.0009203
dresser 0 0 -10 188.95 9.86 306.65 268.32 0.0008310
chair 0 0 -10 27.52 0.00 114.77 57.78 0.0008208
chair 0 0 -10 386.43 218.77 488.29 326.02 0.0008137
table 0 0 -10 355.65 3.12 535.90 87.53 0.0008106
chair 0 0 -10 172.99 0.00 266.53 88.63 0.0008052
bed 0 0 -10 200.46 100.90 723.63 518.47 0.0007972
chair 0 0 -10 694.47 0.00 730.00 228.39 0.0007915
chair 0 0 -10 449.68 144.56 574.21 206.83 0.0007859
chair 0 0 -10 191.28 0.60 336.28 134.24 0.0007647
dresser 0 0 -10 20.69 62.31 400.91 453.36 0.0007474
table 0 0 -10 114.71 11.30 214.85 88.77 0.0007405
table 0 0 -10 18.82 76.38 449.57 466.41 0.0007110
dresser 0 0 -10 518.02 1.35 690.55 123.95 0.0007026
chair 0 0 -10 698.22 143.90 730.00 287.50 0.0006916
table 0 0 -10 368.74 2.46 569.53 139.33 0.0006908
chair 0 0 -10 382.55 4.67 450.16 79.78 0.0006877
dresser 0 0 -10 93.67 79.26 239.43 348.48 0.0006770
chair 0 0 -10 174.11 67.61 233.70 161.93 0.0006760
bookshelf 0 0 -10 114.37 1.90 219.73 73.40 0.0006756
chair 0 0 -10 38.30 267.18 650.78 526.00 0.0006753
table 0 0 -10 552.84 47.78 619.21 112.01 0.0006663
dresser 0 0 -10 380.80 4.80 552.07 82.13 0.0006602
table 0 0 -10 247.08 148.98 726.60 229.15 0.0006591
chair 0 0 -10 336.36 0.00 436.23 98.13 0.0006502
desk 0 0 -10 197.75 0.00 730.00 210.52 0.0006121
bed 0 0 -10 0.47 53.02 437.56 472.55 0.0006061
bathtub 0 0 -10 381.24 67.40 558.17 121.40 0.0006047
chair 0 0 -10 261.01 204.07 359.60 311.47 0.0005874
table 0 0 -10 79.00 0.10 421.61 95.28 0.0005868
chair 0 0 -10 242.40 0.00 357.99 103.01 0.0005628
chair 0 0 -10 150.97 414.41 679.72 527.69 0.0005430
chair 0 0 -10 333.81 1.48 488.93 140.52 0.0005292
desk 0 0 -10 378.66 0.02 722.33 118.60 0.0005236
bookshelf 0 0 -10 437.50 3.62 576.24 83.84 0.0005204
dresser 0 0 -10 177.96 87.61 241.58 255.51 0.0005107
table 0 0 -10 357.76 0.20 691.46 106.54 0.0005022
chair 0 0 -10 181.45 4.48 308.00 265.15 0.0004988
bookshelf 0 0 -10 382.92 0.00 565.66 145.24 0.0004952
chair 0 0 -10 40.25 6.95 199.53 75.49 0.0004945
dresser 0 0 -10 711.10 32.05 730.00 212.12 0.0004910
chair 0 0 -10 488.58 3.95 627.11 76.84 0.0004897
dresser 0 0 -10 710.51 237.18 729.70 394.06 0.0004788
chair 0 0 -10 131.90 19.57 216.51 129.62 0.0004779
bathtub 0 0 -10 67.73 373.66 702.95 518.19 0.0004757
chair 0 0 -10 234.80 0.70 520.69 107.22 0.0004716
dresser 0 0 -10 457.41 2.48 568.20 88.83 0.0004715
desk 0 0 -10 241.47 149.28 730.00 229.66 0.0004666
bathtub 0 0 -10 273.79 204.51 351.96 301.69 0.0004560
bathtub 0 0 -10 9.53 109.72 250.44 404.14 0.0004560
dresser 0 0 -10 395.33 234.78 497.54 322.72 0.0004403
