chair 0 0 -10 84.98 315.50 229.13 480.75 0.9682556
chair 0 0 -10 284.41 279.60 371.44 395.67 0.8646911
chair 0 0 -10 0.25 313.31 119.62 484.72 0.5365060
chair 0 0 -10 198.24 274.37 273.71 393.34 0.4985545
table 0 0 -10 3.48 324.19 127.79 488.64 0.2870539
chair 0 0 -10 92.36 292.00 221.38 404.17 0.2779757
chair 0 0 -10 0.02 329.75 62.17 478.52 0.2124954
chair 0 0 -10 322.47 255.96 385.95 334.03 0.1766891
chair 0 0 -10 282.56 275.84 382.65 340.47 0.1399057
chair 0 0 -10 0.75 290.09 43.15 425.12 0.1357041
chair 0 0 -10 108.51 273.16 203.63 369.54 0.1268971
chair 0 0 -10 1.58 289.14 59.61 371.47 0.1181935
table 0 0 -10 678.77 337.93 727.26 484.29 0.1158124
chair 0 0 -10 0.00 290.82 82.58 414.39 0.0832095
chair 0 0 -10 135.67 266.56 239.20 370.27 0.0624083
chair 0 0 -10 198.84 258.43 261.44 344.82 0.0558467
chair 0 0 -10 93.24 280.15 188.86 341.05 0.0508004
chair 0 0 -10 127.78 273.16 211.89 326.17 0.0495420
chair 0 0 -10 0.66 295.60 42.79 346.06 0.0484225
chair 0 0 -10 175.36 273.95 228.14 343.31 0.0437598
chair 0 0 -10 151.86 279.68 272.52 417.07 0.0429340
table 0 0 -10 0.79 342.27 65.92 481.86 0.0334600
chair 0 0 -10 44.92 309.42 163.00 497.32 0.0332900
desk 0 0 -10 4.01 322.27 124.48 491.46 0.0328831
chair 0 0 -10 9.34 298.86 150.45 409.53 0.0316995
chair 0 0 -10 0.00 263.57 35.59 375.80 0.0316185
chair 0 0 -10 1.07 274.48 69.07 340.84 0.0263509
chair 0 0 -10 327.61 284.01 379.07 328.50 0.0256671
chair 0 0 -10 287.24 282.08 344.36 335.73 0.0239808
chair 0 0 -10 71.08 293.55 172.13 415.63 0.0222452
chair 0 0 -10 16.50 270.00 114.36 371.52 0.0216852
desk 0 0 -10 326.19 236.99 392.27 331.94 0.0209039
chair 0 0 -10 45.14 270.63 117.79 320.36 0.0207647
chair 0 0 -10 78.76 270.43 282.54 387.23 0.0201002
table 0 0 -10 1.56 307.37 24.83 496.22 0.0180998
chair 0 0 -10 177.07 260.01 284.00 320.08 0.0177987
table 0 0 -10 330.81 237.62 390.66 331.09 0.0169638
chair 0 0 -10 168.00 273.69 212.89 319.12 0.0142531
chair 0 0 -10 205.68 260.74 252.03 301.81 0.0136553
chair 0 0 -10 24.69 272.63 98.44 331.16 0.0134510
chair 0 0 -10 0.35 290.83 27.14 488.62 0.0131898
table 0 0 -10 319.81 291.72 382.74 324.93 0.0128949
chair 0 0 -10 0.00 298.01 24.75 381.74 0.0121358
chair 0 0 -10 78.31 275.72 164.09 319.83 0.0120087
chair 0 0 -10 96.04 257.99 247.88 318.62 0.0119239
bookshelf 0 0 -10 331.52 229.26 391.38 331.99 0.0106322
night_stand 0 0 -10 330.51 234.31 391.98 330.44 0.0100891
chair 0 0 -10 210.78 259.28 296.27 360.02 0.0094817
chair 0 0 -10 7.69 326.36 79.52 363.61 0.0089184
chair 0 0 -10 210.41 293.27 340.89 402.50 0.0089041
chair 0 0 -10 41.93 277.48 61.64 329.73 0.0088064
chair 0 0 -10 6.80 272.19 24.16 369.13 0.0079056
night_stand 0 0 -10 333.74 222.27 393.74 283.42 0.0071718
chair 0 0 -10 280.91 272.74 325.77 353.99 0.0069510
chair 0 0 -10 286.39 280.67 321.81 327.51 0.0065591
chair 0 0 -10 3.41 265.17 17.41 388.10 0.0064534
chair 0 0 -10 110.84 265.12 179.70 327.62 0.0063568
table 0 0 -10 643.47 316.94 717.64 489.04 0.0062668
chair 0 0 -10 130.94 292.91 194.27 330.08 0.0062279
dresser 0 0 -10 331.86 233.20 392.52 322.65 0.0060507
chair 0 0 -10 256.47 279.98 396.70 431.56 0.0060321
chair 0 0 -10 3.10 319.62 41.21 367.87 0.0058858
chair 0 0 -10 16.46 276.25 60.97 321.69 0.0054355
chair 0 0 -10 55.82 256.34 138.48 340.53 0.0053780
desk 0 0 -10 678.93 329.53 728.11 491.22 0.0050823
chair 0 0 -10 4.36 275.24 31.83 341.38 0.0050628
table 0 0 -10 20.50 300.99 234.83 450.66 0.0048842
table 0 0 -10 81.51 283.60 189.99 329.70 0.0048027
chair 0 0 -10 0.51 268.36 12.70 377.09 0.0047897
chair 0 0 -10 2.91 279.23 10.88 416.36 0.0047137
chair 0 0 -10 1.49 268.01 48.27 318.21 0.0042558
chair 0 0 -10 71.79 257.77 370.65 350.42 0.0042288
chair 0 0 -10 328.33 209.44 395.08 328.97 0.0039582
table 0 0 -10 334.78 225.68 390.80 283.69 0.0039420
table 0 0 -10 554.04 271.52 701.24 432.75 0.0039303
table 0 0 -10 0.70 281.90 86.30 371.52 0.0037488
chair 0 0 -10 295.10 212.17 401.97 378.50 0.0036913
chair 0 0 -10 0.35 305.50 31.29 336.29 0.0036478
table 0 0 -10 324.33 276.77 386.76 343.00 0.0034750
table 0 0 -10 293.57 282.01 380.33 357.95 0.0034451
chair 0 0 -10 213.29 292.16 261.98 350.68 0.0034260
chair 0 0 -10 285.92 276.97 305.19 332.21 0.0033764
table 0 0 -10 0.00 314.72 104.16 413.60 0.0033484
chair 0 0 -10 0.00 296.08 15.09 409.94 0.0033303
table 0 0 -10 718.47 359.47 728.25 481.82 0.0032451
table 0 0 -10 707.35 350.60 729.65 482.26 0.0032174
table 0 0 -10 204.53 283.06 277.37 378.10 0.0030582
desk 0 0 -10 4.02 288.99 98.57 364.28 0.0028087
desk 0 0 -10 87.48 284.96 193.37 337.80 0.0026347
table 0 0 -10 3.54 328.79 10.87 472.84 0.0025462
chair 0 0 -10 294.94 277.85 316.30 344.80 0.0024654
table 0 0 -10 2.10 288.73 188.04 397.60 0.0023848
toilet 0 0 -10 325.50 229.50 393.47 333.89 0.0023538
desk 0 0 -10 8.17 267.04 255.79 374.25 0.0023028
desk 0 0 -10 0.47 340.46 64.65 484.32 0.0022042
desk 0 0 -10 25.15 248.64 397.39 338.45 0.0021707
chair 0 0 -10 155.13 261.22 232.77 309.24 0.0021551
chair 0 0 -10 111.44 284.92 163.14 318.94 0.0021511
table 0 0 -10 167.00 284.71 337.28 389.71 0.0020317
chair 0 0 -10 201.91 254.41 230.91 293.30 0.0019943
