table 0 0 -10 386.99 141.66 580.44 289.19 0.1405758
table 0 0 -10 94.03 139.46 307.00 266.72 0.0292888
bathtub 0 0 -10 87.46 128.75 311.44 259.73 0.0217283
table 0 0 -10 372.33 127.91 590.75 468.65 0.0119457
table 0 0 -10 86.50 133.76 329.36 450.14 0.0058968
sofa 0 0 -10 321.16 366.65 690.36 529.59 0.0048535
chair 0 0 -10 380.42 188.54 589.28 507.09 0.0026361
toilet 0 0 -10 359.56 134.66 590.24 410.42 0.0026250
bathtub 0 0 -10 89.24 122.92 336.26 402.62 0.0025602
toilet 0 0 -10 93.50 138.71 302.32 266.18 0.0019985
bathtub 0 0 -10 365.49 126.73 603.22 273.07 0.0014687
toilet 0 0 -10 74.10 144.33 299.78 482.84 0.0009725
chair 0 0 -10 329.70 348.42 694.26 530.00 0.0009712
chair 0 0 -10 110.68 139.02 291.48 261.28 0.0009672
bathtub 0 0 -10 101.35 113.51 685.42 515.02 0.0009483
bathtub 0 0 -10 351.61 133.32 597.87 404.16 0.0009249
table 0 0 -10 319.27 233.06 650.40 519.95 0.0008771
chair 0 0 -10 365.87 125.00 582.96 317.69 0.0008379
sofa 0 0 -10 328.66 230.73 659.82 518.27 0.0007654
sofa 0 0 -10 265.35 489.46 623.60 530.00 0.0007058
chair 0 0 -10 226.61 219.05 691.84 523.43 0.0006960
bed 0 0 -10 217.93 495.68 572.31 529.91 0.0006168
sofa 0 0 -10 424.15 401.57 618.31 527.27 0.0006059
bed 0 0 -10 206.31 367.38 730.00 529.69 0.0006018
chair 0 0 -10 515.56 516.24 584.70 530.00 0.0005919
bathtub 0 0 -10 330.34 247.08 664.91 517.01 0.0005743
toilet 0 0 -10 348.72 109.20 661.43 530.00 0.0005659
table 0 0 -10 109.01 145.94 614.16 530.00 0.0005606
chair 0 0 -10 209.18 425.45 648.63 525.74 0.0005180
bed 0 0 -10 324.88 231.24 663.93 520.93 0.0005029
desk 0 0 -10 97.13 143.89 311.82 265.36 0.0004973
table 0 0 -10 215.85 365.59 700.41 528.03 0.0004970
bathtub 0 0 -10 623.76 43.41 730.00 349.61 0.0004640
bathtub 0 0 -10 192.83 71.91 509.50 225.64 0.0004588
sofa 0 0 -10 36.03 261.78 719.48 530.00 0.0004537
chair 0 0 -10 495.41 449.31 627.90 528.93 0.0003878
bathtub 0 0 -10 67.61 12.59 500.06 241.29 0.0003673
table 0 0 -10 625.69 0.00 730.00 530.00 0.0003503
bathtub 0 0 -10 41.28 30.79 332.33 216.88 0.0003100
chair 0 0 -10 0.00 58.11 63.94 530.00 0.0003039
bathtub 0 0 -10 136.99 100.78 438.58 247.36 0.0003014
toilet 0 0 -10 386.46 187.63 576.88 527.57 0.0002972
bathtub 0 0 -10 378.11 40.86 594.86 241.37 0.0002970
night_stand 0 0 -10 102.64 142.18 305.08 262.88 0.0002952
chair 0 0 -10 425.89 407.66 612.90 527.36 0.0002912
table 0 0 -10 40.94 164.00 229.36 480.33 0.0002835
bathtub 0 0 -10 623.35 184.34 730.00 498.66 0.0002808
sofa 0 0 -10 152.40 413.59 663.53 529.63 0.0002683
chair 0 0 -10 222.77 492.45 571.84 529.55 0.0002567
toilet 0 0 -10 87.51 106.01 435.12 521.84 0.0002389
sofa 0 0 -10 492.09 445.16 625.04 528.11 0.0002243
table 0 0 -10 393.85 364.61 637.95 525.33 0.0002235
chair 0 0 -10 510.47 495.48 677.74 528.89 0.0002227
bathtub 0 0 -10 244.57 95.45 457.30 186.18 0.0002224
table 0 0 -10 284.29 490.78 615.72 529.76 0.0002053
bathtub 0 0 -10 250.88 76.71 375.44 209.29 0.0002008
chair 0 0 -10 65.41 129.58 319.86 488.01 0.0001979
table 0 0 -10 85.06 150.77 497.25 358.73 0.0001944
desk 0 0 -10 90.37 145.19 328.53 416.31 0.0001904
bathtub 0 0 -10 124.42 335.15 725.78 524.34 0.0001826
table 0 0 -10 487.76 505.22 673.66 530.00 0.0001771
table 0 0 -10 514.83 517.75 612.00 530.00 0.0001730
bookshelf 0 0 -10 386.57 154.55 579.49 517.41 0.0001719
chair 0 0 -10 491.41 0.00 569.42 62.99 0.0001715
bathtub 0 0 -10 536.11 95.93 730.00 283.48 0.0001645
chair 0 0 -10 234.98 360.05 524.39 530.00 0.0001517
bathtub 0 0 -10 248.27 13.01 622.96 234.00 0.0001509
chair 0 0 -10 259.77 0.00 350.60 64.40 0.0001505
dresser 0 0 -10 367.47 141.84 603.11 525.85 0.0001483
table 0 0 -10 91.10 47.64 421.00 294.52 0.0001438
chair 0 0 -10 0.00 1.55 133.16 289.12 0.0001429
desk 0 0 -10 378.07 132.53 592.72 320.40 0.0001406
bed 0 0 -10 95.02 141.56 307.60 265.49 0.0001388
bathtub 0 0 -10 600.69 34.72 703.72 443.75 0.0001383
dresser 0 0 -10 93.61 142.49 306.70 266.01 0.0001358
table 0 0 -10 435.49 496.98 636.01 530.00 0.0001330
desk 0 0 -10 372.73 170.64 587.25 520.81 0.0001323
bathtub 0 0 -10 51.96 64.81 579.82 334.65 0.0001253
chair 0 0 -10 474.04 118.60 711.72 530.00 0.0001234
chair 0 0 -10 0.00 145.29 37.83 522.78 0.0001153
bed 0 0 -10 30.58 258.02 718.19 530.00 0.0001149
chair 0 0 -10 0.00 208.37 125.42 524.60 0.0001140
chair 0 0 -10 83.29 203.56 546.81 529.58 0.0001137
night_stand 0 0 -10 375.88 133.15 599.38 333.02 0.0001133
toilet 0 0 -10 325.24 339.96 705.24 530.00 0.0001125
sofa 0 0 -10 85.84 159.75 348.66 484.55 0.0001124
bathtub 0 0 -10 347.38 54.66 691.83 452.91 0.0001108
bed 0 0 -10 288.61 482.00 682.97 530.00 0.0001074
table 0 0 -10 507.88 303.60 716.59 530.00 0.0001051
table 0 0 -10 307.37 447.24 649.44 527.90 0.0001041
chair 0 0 -10 440.30 462.62 675.34 530.00 0.0001024
bathtub 0 0 -10 424.17 316.96 634.43 519.59 0.0001013
chair 0 0 -10 333.50 0.00 454.17 45.21 0.0001012
bathtub 0 0 -10 521.67 169.95 730.00 373.16 0.0000950
bed 0 0 -10 10.68 1.94 387.50 80.14 0.0000934
table 0 0 -10 457.86 421.39 629.63 527.06 0.0000929
table 0 0 -10 526.60 524.36 622.17 530.00 0.0000920
bathtub 0 0 -10 352.41 368.15 707.51 524.02 0.0000916
bathtub 0 0 -10 399.28 17.32 707.84 203.23 0.0000904
chair 0 0 -10 600.50 0.00 730.00 364.18 0.0000897
