chair 0 0 -10 69.26 203.67 345.35 504.52 0.9851607
chair 0 0 -10 560.86 55.07 727.63 244.22 0.9265355
table 0 0 -10 274.47 140.11 630.11 522.45 0.8442208
table 0 0 -10 618.78 148.97 730.00 363.94 0.6530030
chair 0 0 -10 545.59 35.06 655.56 170.71 0.5783713
chair 0 0 -10 435.68 55.14 532.42 169.47 0.4045356
chair 0 0 -10 602.27 93.94 727.62 368.12 0.3667484
desk 0 0 -10 284.79 142.56 628.70 500.87 0.2778779
chair 0 0 -10 294.99 188.07 514.79 519.51 0.1483721
chair 0 0 -10 521.13 41.44 613.04 159.05 0.1466467
chair 0 0 -10 343.40 49.84 424.61 131.15 0.1342009
chair 0 0 -10 657.81 15.35 730.00 144.69 0.1277088
chair 0 0 -10 659.40 42.47 729.95 272.38 0.1020550
chair 0 0 -10 648.99 139.83 728.68 399.31 0.0869986
chair 0 0 -10 104.07 10.17 193.52 155.81 0.0622373
chair 0 0 -10 8.42 201.72 239.83 519.68 0.0540513
table 0 0 -10 662.10 176.10 729.53 435.33 0.0530328
chair 0 0 -10 616.33 31.58 727.82 164.84 0.0478990
table 0 0 -10 96.24 166.24 546.07 509.06 0.0420240
table 0 0 -10 532.40 145.18 718.04 363.05 0.0299604
desk 0 0 -10 626.47 145.28 728.17 406.45 0.0263993
chair 0 0 -10 682.91 171.88 730.00 421.51 0.0244306
chair 0 0 -10 397.45 41.42 623.34 158.81 0.0241964
chair 0 0 -10 433.30 66.72 516.72 135.37 0.0221102
table 0 0 -10 584.28 107.16 727.57 307.20 0.0216996
chair 0 0 -10 632.73 24.62 703.38 115.12 0.0211766
chair 0 0 -10 176.18 162.57 420.12 507.14 0.0187240
chair 0 0 -10 352.32 159.35 623.04 512.78 0.0170506
table 0 0 -10 490.32 65.26 661.75 182.44 0.0163328
table 0 0 -10 116.71 65.32 193.29 164.33 0.0129614
table 0 0 -10 653.85 137.76 729.83 244.46 0.0128304
chair 0 0 -10 312.44 56.27 406.82 142.98 0.0127416
table 0 0 -10 399.28 132.56 657.72 383.10 0.0126620
chair 0 0 -10 647.48 5.55 726.32 93.72 0.0121713
chair 0 0 -10 408.73 41.81 489.01 135.22 0.0121467
chair 0 0 -10 474.03 39.60 572.07 153.18 0.0121323
desk 0 0 -10 112.04 55.86 190.23 168.34 0.0115605
chair 0 0 -10 542.60 46.13 631.48 128.72 0.0112013
chair 0 0 -10 390.08 45.26 455.14 118.23 0.0100592
chair 0 0 -10 594.48 19.20 681.76 137.09 0.0097501
chair 0 0 -10 277.89 133.73 469.76 412.09 0.0095285
chair 0 0 -10 410.51 61.06 552.30 206.84 0.0087021
chair 0 0 -10 457.53 42.52 528.95 137.71 0.0085825
desk 0 0 -10 607.64 100.32 727.86 312.59 0.0084697
table 0 0 -10 557.37 59.12 719.73 199.62 0.0082585
chair 0 0 -10 695.37 4.70 729.58 140.11 0.0080303
dresser 0 0 -10 111.88 46.07 192.53 164.08 0.0076216
chair 0 0 -10 363.05 84.65 549.27 301.90 0.0072893
chair 0 0 -10 441.00 87.48 534.38 143.97 0.0071931
table 0 0 -10 646.34 70.32 727.52 285.17 0.0070351
night_stand 0 0 -10 113.58 53.52 193.49 163.51 0.0069391
chair 0 0 -10 302.61 41.58 564.63 147.00 0.0067058
chair 0 0 -10 341.81 44.94 495.00 193.58 0.0065796
chair 0 0 -10 535.85 19.54 591.57 142.37 0.0060114
chair 0 0 -10 657.46 117.36 727.68 235.72 0.0053925
chair 0 0 -10 616.61 3.50 701.37 85.46 0.0049278
chair 0 0 -10 459.67 23.82 703.09 148.44 0.0049101
table 0 0 -10 14.53 207.68 271.21 512.38 0.0047931
chair 0 0 -10 70.96 183.81 288.55 393.90 0.0044788
desk 0 0 -10 497.46 59.38 647.57 172.98 0.0041627
chair 0 0 -10 721.19 54.37 729.36 318.65 0.0038572
table 0 0 -10 306.30 309.37 627.46 530.00 0.0038150
sofa 0 0 -10 612.20 159.86 730.00 373.65 0.0037718
chair 0 0 -10 439.00 98.82 513.17 129.83 0.0037586
chair 0 0 -10 718.55 10.60 728.92 127.12 0.0036421
chair 0 0 -10 367.85 52.63 466.93 148.15 0.0035888
bookshelf 0 0 -10 109.00 15.47 190.77 158.08 0.0035864
desk 0 0 -10 679.34 165.69 729.29 427.55 0.0035568
chair 0 0 -10 357.92 86.15 414.60 123.70 0.0033378
chair 0 0 -10 336.55 63.10 434.67 175.36 0.0033078
chair 0 0 -10 693.52 43.62 729.65 249.24 0.0032505
chair 0 0 -10 709.21 31.03 729.29 289.70 0.0029181
table 0 0 -10 703.17 159.90 729.65 393.25 0.0028391
chair 0 0 -10 293.21 95.73 480.30 244.86 0.0028366
desk 0 0 -10 86.06 162.33 546.66 528.17 0.0027144
chair 0 0 -10 483.61 52.16 666.67 202.82 0.0026723
table 0 0 -10 79.99 15.33 702.02 158.46 0.0024581
desk 0 0 -10 560.48 58.75 719.73 200.10 0.0024375
chair 0 0 -10 397.87 71.32 710.71 430.27 0.0024044
sofa 0 0 -10 289.49 139.91 634.89 525.62 0.0023614
table 0 0 -10 158.40 22.63 506.10 143.52 0.0023283
table 0 0 -10 686.30 131.72 730.00 299.76 0.0023082
chair 0 0 -10 705.57 116.51 729.43 349.57 0.0022493
table 0 0 -10 558.32 67.26 650.29 155.18 0.0018901
desk 0 0 -10 80.01 11.88 712.16 162.17 0.0018182
chair 0 0 -10 532.58 9.81 621.08 100.87 0.0018068
sofa 0 0 -10 665.58 174.28 729.03 436.69 0.0017590
chair 0 0 -10 384.39 109.80 612.77 350.89 0.0017296
table 0 0 -10 94.58 15.97 190.67 157.09 0.0016913
bed 0 0 -10 288.96 129.79 625.43 494.83 0.0016274
chair 0 0 -10 692.83 7.59 729.23 53.34 0.0016246
bed 0 0 -10 610.86 157.55 729.33 377.58 0.0016232
chair 0 0 -10 715.56 13.44 730.00 200.15 0.0015574
table 0 0 -10 261.48 146.48 445.42 419.91 0.0015424
chair 0 0 -10 586.10 74.55 728.96 183.43 0.0013863
chair 0 0 -10 154.07 186.14 352.41 411.96 0.0013672
table 0 0 -10 100.23 190.88 359.22 458.22 0.0012693
chair 0 0 -10 350.30 476.10 536.37 530.00 0.0012096
desk 0 0 -10 156.21 18.32 512.36 146.07 0.0011721
bathtub 0 0 -10 101.23 58.71 195.61 163.86 0.0011262
