chair 0 0 -10 210.32 394.14 388.25 529.84 0.9855721
chair 0 0 -10 340.23 344.28 499.02 518.87 0.9779390
chair 0 0 -10 431.07 315.70 571.09 463.42 0.9722943
chair 0 0 -10 507.82 288.43 632.64 410.56 0.9030069
table 0 0 -10 314.15 118.17 470.85 199.89 0.8590341
chair 0 0 -10 340.37 109.49 402.21 176.79 0.8103013
chair 0 0 -10 586.34 265.18 687.95 360.49 0.7046402
chair 0 0 -10 465.27 428.66 729.27 528.65 0.6872552
chair 0 0 -10 135.69 320.30 262.20 516.99 0.5142595
chair 0 0 -10 607.44 427.60 730.00 530.00 0.3413678
chair 0 0 -10 300.42 265.88 435.53 376.39 0.3251534
chair 0 0 -10 595.31 243.94 725.26 341.48 0.3124480
table 0 0 -10 304.95 126.12 409.84 210.57 0.2974356
chair 0 0 -10 328.86 331.48 649.15 528.43 0.2961130
chair 0 0 -10 559.65 282.44 660.91 384.79 0.2858337
chair 0 0 -10 254.96 293.50 359.34 408.75 0.2341507
chair 0 0 -10 656.41 242.14 723.18 330.78 0.2323062
chair 0 0 -10 563.99 466.13 724.39 530.00 0.2075095
chair 0 0 -10 258.18 364.81 464.96 530.00 0.1942513
chair 0 0 -10 652.38 429.21 729.53 505.51 0.1937540
chair 0 0 -10 420.36 364.41 723.19 524.17 0.1344732
chair 0 0 -10 267.24 252.56 464.98 406.16 0.1300994
dresser 0 0 -10 55.67 134.02 264.91 339.31 0.1280141
chair 0 0 -10 360.07 318.22 523.42 441.87 0.1177313
chair 0 0 -10 537.17 247.79 715.13 368.81 0.1089204
dresser 0 0 -10 148.75 132.93 256.81 324.10 0.0899671
chair 0 0 -10 158.64 357.56 579.55 530.00 0.0854041
chair 0 0 -10 238.14 293.22 413.40 505.24 0.0706890
chair 0 0 -10 334.93 227.09 545.84 398.26 0.0654444
chair 0 0 -10 689.02 215.43 729.81 319.40 0.0581957
chair 0 0 -10 634.87 210.68 730.00 400.85 0.0557083
chair 0 0 -10 362.35 237.32 505.16 345.60 0.0540443
chair 0 0 -10 447.95 280.78 599.55 406.44 0.0531328
chair 0 0 -10 672.19 275.64 729.34 500.62 0.0519927
chair 0 0 -10 313.95 284.93 574.55 441.41 0.0374273
table 0 0 -10 335.12 114.01 457.54 169.68 0.0368631
chair 0 0 -10 342.00 107.17 387.85 150.77 0.0348835
chair 0 0 -10 322.96 130.36 403.16 195.99 0.0345734
chair 0 0 -10 578.24 337.17 730.00 527.73 0.0325361
chair 0 0 -10 334.26 125.26 395.64 160.39 0.0311737
desk 0 0 -10 48.85 135.36 265.58 345.49 0.0307706
table 0 0 -10 606.99 262.52 719.23 348.01 0.0263238
chair 0 0 -10 683.62 406.05 729.96 524.21 0.0244263
table 0 0 -10 320.70 116.49 492.68 292.08 0.0226933
table 0 0 -10 663.16 434.48 728.02 500.44 0.0193104
table 0 0 -10 361.58 357.72 674.76 530.00 0.0191975
table 0 0 -10 304.48 131.91 700.10 317.65 0.0191446
chair 0 0 -10 587.68 252.31 726.54 423.93 0.0176075
table 0 0 -10 55.72 136.41 258.25 350.28 0.0172014
chair 0 0 -10 417.07 213.86 559.18 329.95 0.0167055
chair 0 0 -10 324.76 330.20 479.48 429.20 0.0147835
chair 0 0 -10 148.41 316.08 384.04 519.84 0.0136944
chair 0 0 -10 714.47 406.69 730.00 530.00 0.0135579
chair 0 0 -10 147.47 286.42 315.39 469.71 0.0120865
chair 0 0 -10 702.28 369.17 730.00 530.00 0.0120093
chair 0 0 -10 514.62 289.13 714.80 475.88 0.0104798
table 0 0 -10 577.77 280.62 665.34 364.45 0.0104111
table 0 0 -10 316.66 124.98 417.56 175.46 0.0100135
table 0 0 -10 687.82 313.95 727.82 469.10 0.0095251
sofa 0 0 -10 595.50 262.11 713.65 354.34 0.0092167
chair 0 0 -10 458.17 217.50 726.75 455.29 0.0089423
chair 0 0 -10 416.24 231.09 634.24 429.46 0.0089412
chair 0 0 -10 21.53 325.09 273.81 530.00 0.0088925
table 0 0 -10 510.56 8.96 643.34 116.42 0.0085679
table 0 0 -10 281.47 130.20 500.50 380.09 0.0076054
table 0 0 -10 672.76 283.05 726.12 502.71 0.0075074
chair 0 0 -10 470.41 217.02 557.79 310.16 0.0074240
chair 0 0 -10 698.78 276.51 729.93 462.42 0.0071938
chair 0 0 -10 643.23 288.99 730.00 433.07 0.0067502
chair 0 0 -10 501.12 287.11 599.86 356.42 0.0067180
chair 0 0 -10 657.29 220.19 728.13 269.43 0.0065642
table 0 0 -10 389.36 261.83 709.19 496.55 0.0064243
table 0 0 -10 419.34 327.51 606.89 511.58 0.0063500
desk 0 0 -10 410.57 395.46 716.57 527.21 0.0061900
chair 0 0 -10 193.65 262.53 395.31 418.82 0.0058719
table 0 0 -10 340.88 136.86 406.27 176.48 0.0058108
desk 0 0 -10 309.69 118.28 465.35 216.75 0.0057911
chair 0 0 -10 319.24 107.69 382.33 177.27 0.0057758
table 0 0 -10 551.37 291.37 646.86 391.56 0.0056058
table 0 0 -10 339.30 132.43 432.82 198.12 0.0051697
table 0 0 -10 320.81 133.25 402.95 161.52 0.0050798
bed 0 0 -10 607.32 259.89 706.77 359.82 0.0049409
table 0 0 -10 155.06 357.66 311.90 527.38 0.0048494
chair 0 0 -10 340.59 112.56 371.30 169.24 0.0046283
bookshelf 0 0 -10 70.40 130.82 256.19 357.37 0.0044725
desk 0 0 -10 62.31 180.87 706.13 505.22 0.0044036
table 0 0 -10 311.72 104.61 665.22 229.93 0.0040893
chair 0 0 -10 328.14 108.42 451.40 186.26 0.0040318
table 0 0 -10 325.91 110.05 417.95 159.42 0.0038577
table 0 0 -10 73.61 194.66 701.31 507.38 0.0038200
table 0 0 -10 378.30 115.80 472.04 184.15 0.0036298
chair 0 0 -10 719.42 421.53 728.29 526.72 0.0036241
chair 0 0 -10 719.43 224.23 729.64 302.10 0.0033609
chair 0 0 -10 550.29 182.81 729.69 342.81 0.0032590
chair 0 0 -10 404.33 163.97 672.93 363.86 0.0030733
chair 0 0 -10 129.87 163.04 281.22 428.37 0.0029395
table 0 0 -10 411.87 180.74 657.50 402.11 0.0029328
table 0 0 -10 135.16 337.95 249.48 524.21 0.0028839
chair 0 0 -10 712.48 309.90 730.00 511.57 0.0028367
chair 0 0 -10 427.20 317.04 533.16 383.99 0.0028269
