chair 0 0 -10 43.77 84.99 304.98 345.95 0.9854446
chair 0 0 -10 205.39 60.12 393.68 253.13 0.9846770
chair 0 0 -10 34.08 259.19 505.15 527.40 0.9836208
chair 0 0 -10 302.98 42.96 456.05 202.08 0.9808199
chair 0 0 -10 304.30 196.32 610.55 528.31 0.9662645
chair 0 0 -10 443.11 140.58 661.00 414.29 0.9602844
chair 0 0 -10 384.42 30.41 530.29 157.70 0.9445111
chair 0 0 -10 520.18 111.32 700.79 319.42 0.9444581
chair 0 0 -10 57.42 9.13 195.48 90.71 0.9398132
chair 0 0 -10 0.00 111.33 187.22 353.84 0.9347460
chair 0 0 -10 590.29 85.38 721.31 237.14 0.8967782
chair 0 0 -10 438.20 19.06 541.51 138.64 0.8527182
chair 0 0 -10 0.63 15.93 89.10 119.36 0.7922851
chair 0 0 -10 156.27 6.08 288.75 75.90 0.7642228
chair 0 0 -10 1.76 232.28 209.78 499.57 0.6179617
chair 0 0 -10 14.13 166.24 321.44 437.74 0.4292543
chair 0 0 -10 160.02 6.25 322.19 155.34 0.3258436
chair 0 0 -10 227.49 0.22 342.51 59.34 0.2376333
chair 0 0 -10 660.66 71.09 727.90 196.26 0.2002972
chair 0 0 -10 88.66 1.66 345.88 86.25 0.1779326
chair 0 0 -10 44.21 10.13 216.75 182.09 0.1560268
chair 0 0 -10 468.70 13.68 558.70 114.04 0.1401844
chair 0 0 -10 228.98 2.95 348.34 117.18 0.1289156
chair 0 0 -10 302.29 1.53 395.30 44.23 0.1261445
chair 0 0 -10 376.94 19.60 476.53 121.60 0.1248008
table 0 0 -10 1.64 260.69 173.06 516.50 0.1178779
sofa 0 0 -10 463.30 10.74 682.49 110.82 0.1156529
chair 0 0 -10 666.44 109.73 727.64 173.43 0.1053778
chair 0 0 -10 4.68 15.20 114.25 201.03 0.1038872
chair 0 0 -10 429.47 6.56 501.01 93.00 0.1020836
chair 0 0 -10 282.42 3.59 370.07 122.77 0.0948397
chair 0 0 -10 309.14 31.33 431.18 140.57 0.0701862
chair 0 0 -10 109.90 372.35 473.89 519.97 0.0683053
chair 0 0 -10 353.68 1.73 421.06 36.27 0.0566881
chair 0 0 -10 683.28 103.53 729.52 210.57 0.0503208
chair 0 0 -10 324.04 8.37 426.73 106.82 0.0465058
sofa 0 0 -10 446.69 18.75 579.30 109.15 0.0448045
sofa 0 0 -10 591.70 79.06 720.41 219.73 0.0420624
chair 0 0 -10 269.33 4.17 403.37 69.44 0.0400192
chair 0 0 -10 11.45 336.33 271.91 530.00 0.0393087
table 0 0 -10 29.82 296.44 362.84 530.00 0.0372498
chair 0 0 -10 154.51 0.00 444.80 57.45 0.0362585
chair 0 0 -10 395.58 4.89 481.13 86.26 0.0330091
chair 0 0 -10 388.04 2.14 474.98 36.66 0.0273466
chair 0 0 -10 686.80 40.18 727.86 183.42 0.0273049
chair 0 0 -10 621.65 140.62 718.55 230.66 0.0270343
desk 0 0 -10 1.32 252.43 171.02 516.00 0.0257464
sofa 0 0 -10 274.71 4.80 700.14 101.45 0.0247401
chair 0 0 -10 0.00 2.24 80.44 64.71 0.0243453
chair 0 0 -10 464.78 11.10 532.71 80.34 0.0218991
chair 0 0 -10 104.30 12.53 277.77 174.54 0.0212710
chair 0 0 -10 149.01 0.37 257.06 56.20 0.0203954
bed 0 0 -10 461.77 6.92 680.90 112.15 0.0185158
chair 0 0 -10 363.90 1.52 454.24 28.30 0.0176623
chair 0 0 -10 409.15 84.12 599.99 336.43 0.0176347
chair 0 0 -10 0.00 0.00 85.08 33.73 0.0135939
chair 0 0 -10 302.74 151.63 515.40 458.71 0.0131700
chair 0 0 -10 256.60 50.34 495.47 242.57 0.0123912
sofa 0 0 -10 150.14 6.31 287.84 74.49 0.0123345
chair 0 0 -10 0.09 59.08 68.58 355.97 0.0115030
chair 0 0 -10 660.43 114.43 725.03 232.52 0.0112513
chair 0 0 -10 453.95 13.60 634.29 125.38 0.0109195
chair 0 0 -10 439.07 1.46 493.33 56.73 0.0104852
chair 0 0 -10 328.76 6.37 650.37 104.78 0.0101421
chair 0 0 -10 403.95 0.02 456.62 26.84 0.0097963
chair 0 0 -10 337.46 2.08 412.95 57.73 0.0097693
chair 0 0 -10 486.88 8.22 553.50 79.93 0.0096900
bed 0 0 -10 677.96 10.83 727.78 185.31 0.0090918
chair 0 0 -10 194.87 408.53 568.03 526.09 0.0089725
chair 0 0 -10 492.94 38.49 575.64 116.86 0.0085583
chair 0 0 -10 201.32 482.80 471.09 529.83 0.0080931
chair 0 0 -10 2.09 116.49 53.87 472.37 0.0074586
chair 0 0 -10 123.29 187.70 444.45 481.01 0.0073350
sofa 0 0 -10 678.88 22.19 728.27 183.42 0.0072565
chair 0 0 -10 242.11 146.14 664.91 443.08 0.0072318
sofa 0 0 -10 526.94 31.82 718.55 197.19 0.0071166
chair 0 0 -10 485.35 56.53 544.28 145.74 0.0066489
table 0 0 -10 466.07 26.30 660.45 117.84 0.0066240
table 0 0 -10 585.19 72.69 721.03 232.61 0.0063699
desk 0 0 -10 28.82 250.09 279.60 528.60 0.0062036
chair 0 0 -10 444.35 2.43 478.51 25.20 0.0060909
sofa 0 0 -10 64.53 2.06 202.73 90.34 0.0057805
sofa 0 0 -10 24.76 293.04 393.63 530.00 0.0055220
chair 0 0 -10 702.17 68.42 729.46 204.66 0.0055064
sofa 0 0 -10 373.86 19.30 586.89 147.22 0.0054290
chair 0 0 -10 228.40 98.03 419.44 380.66 0.0052840
desk 0 0 -10 464.25 23.81 662.23 118.12 0.0051601
chair 0 0 -10 427.17 23.14 596.15 227.14 0.0051175
table 0 0 -10 258.35 8.15 708.89 130.64 0.0050733
chair 0 0 -10 84.77 31.30 460.05 192.00 0.0049649
chair 0 0 -10 506.88 48.80 681.48 244.40 0.0039752
table 0 0 -10 375.58 24.44 615.04 146.19 0.0038236
sofa 0 0 -10 523.87 89.43 703.34 255.27 0.0037875
table 0 0 -10 388.66 55.31 539.77 171.04 0.0036627
table 0 0 -10 262.02 43.51 438.98 203.64 0.0035497
table 0 0 -10 74.36 3.93 202.15 88.44 0.0031612
chair 0 0 -10 64.27 90.38 567.18 414.64 0.0030860
chair 0 0 -10 1.06 3.97 38.63 133.35 0.0029303
sofa 0 0 -10 30.21 1.09 317.59 90.89 0.0029183
table 0 0 -10 37.64 189.02 587.74 514.98 0.0028497
