chair 0 0 -10 495.91 96.55 729.24 428.46 0.9924726
chair 0 0 -10 365.42 80.07 606.38 330.27 0.9919403
chair 0 0 -10 58.34 190.54 390.79 527.01 0.9889979
chair 0 0 -10 174.65 310.16 568.81 530.00 0.9883143
chair 0 0 -10 320.31 63.58 456.23 241.21 0.9826488
chair 0 0 -10 40.16 132.35 258.67 405.08 0.9240925
chair 0 0 -10 103.73 102.36 246.50 196.44 0.8563503
chair 0 0 -10 71.79 104.62 263.08 297.11 0.7951358
chair 0 0 -10 649.14 57.62 729.17 317.73 0.6357296
chair 0 0 -10 359.96 80.10 519.67 266.98 0.2907039
chair 0 0 -10 688.23 48.03 728.76 316.53 0.2496878
chair 0 0 -10 444.56 96.20 680.27 337.00 0.2337307
chair 0 0 -10 459.64 258.17 728.47 515.64 0.1932213
chair 0 0 -10 84.51 163.20 358.73 394.40 0.0829628
table 0 0 -10 437.89 304.17 724.16 530.00 0.0777251
chair 0 0 -10 560.57 80.74 726.93 328.06 0.0654704
table 0 0 -10 410.01 110.94 659.73 321.84 0.0605608
table 0 0 -10 122.09 325.45 705.16 528.67 0.0430904
table 0 0 -10 330.05 78.65 458.52 243.01 0.0312974
chair 0 0 -10 27.48 157.60 232.78 309.73 0.0284069
chair 0 0 -10 333.36 63.37 412.10 203.36 0.0199965
desk 0 0 -10 413.21 112.39 663.31 322.50 0.0171991
chair 0 0 -10 354.66 59.92 471.53 190.56 0.0171599
chair 0 0 -10 639.70 89.96 730.00 474.79 0.0149428
desk 0 0 -10 114.77 326.55 706.45 528.47 0.0133890
chair 0 0 -10 324.00 57.17 437.15 155.21 0.0126475
chair 0 0 -10 157.81 413.83 432.85 530.00 0.0112980
table 0 0 -10 141.45 295.58 399.63 530.00 0.0105204
chair 0 0 -10 119.07 336.91 406.85 528.33 0.0098845
chair 0 0 -10 64.48 55.87 273.65 211.74 0.0094604
chair 0 0 -10 683.36 106.75 729.99 449.86 0.0080686
chair 0 0 -10 706.11 62.86 730.00 335.61 0.0073634
table 0 0 -10 485.10 409.73 711.04 530.00 0.0071428
chair 0 0 -10 634.07 150.00 729.49 259.27 0.0069279
table 0 0 -10 624.52 105.67 729.27 325.84 0.0068507
chair 0 0 -10 635.54 96.61 727.48 226.52 0.0066208
table 0 0 -10 493.65 115.66 726.43 378.49 0.0059302
desk 0 0 -10 458.07 189.43 723.62 492.18 0.0056851
chair 0 0 -10 114.35 84.20 341.75 266.46 0.0044144
chair 0 0 -10 161.55 202.12 441.03 458.06 0.0041873
desk 0 0 -10 322.88 82.30 459.26 239.97 0.0036589
table 0 0 -10 674.05 112.28 729.23 274.49 0.0035417
table 0 0 -10 341.84 71.47 588.55 264.37 0.0033875
sofa 0 0 -10 413.04 301.22 722.79 530.00 0.0030535
table 0 0 -10 687.24 78.06 728.08 366.55 0.0030088
chair 0 0 -10 222.12 75.41 444.18 299.13 0.0028835
table 0 0 -10 674.95 364.58 726.72 530.00 0.0028266
table 0 0 -10 701.94 69.41 729.52 309.40 0.0027634
sofa 0 0 -10 689.63 48.95 728.81 304.06 0.0026032
desk 0 0 -10 498.20 117.13 727.48 382.51 0.0025922
chair 0 0 -10 681.04 498.74 729.25 530.00 0.0024022
chair 0 0 -10 11.81 189.26 191.16 489.25 0.0022966
chair 0 0 -10 666.00 48.02 729.34 200.72 0.0022912
desk 0 0 -10 52.53 224.30 423.35 525.96 0.0022883
chair 0 0 -10 20.87 190.92 307.05 339.32 0.0022439
chair 0 0 -10 238.71 101.27 660.51 467.65 0.0022295
table 0 0 -10 55.97 181.55 549.50 509.38 0.0022158
chair 0 0 -10 571.34 171.65 729.38 471.44 0.0022136
chair 0 0 -10 206.37 478.73 449.40 529.12 0.0021830
desk 0 0 -10 649.34 107.00 729.29 362.97 0.0020237
desk 0 0 -10 342.88 66.36 594.39 270.33 0.0020077
sofa 0 0 -10 355.92 76.05 636.71 318.39 0.0019916
table 0 0 -10 687.06 492.58 728.99 530.00 0.0019716
table 0 0 -10 642.68 149.22 730.00 498.56 0.0019464
table 0 0 -10 705.33 136.59 729.40 220.66 0.0019240
chair 0 0 -10 310.93 169.25 552.50 512.65 0.0019141
chair 0 0 -10 708.93 124.99 728.96 235.23 0.0018754
chair 0 0 -10 650.26 373.78 730.00 528.38 0.0017792
desk 0 0 -10 671.60 61.30 725.23 305.84 0.0017398
table 0 0 -10 682.61 151.79 729.59 470.01 0.0017372
table 0 0 -10 249.66 71.73 686.50 346.68 0.0017309
desk 0 0 -10 381.19 31.15 715.34 282.16 0.0016461
sofa 0 0 -10 509.51 170.90 727.77 461.85 0.0016438
table 0 0 -10 108.47 97.14 707.82 456.57 0.0015604
sofa 0 0 -10 119.47 313.20 696.89 530.00 0.0015597
sofa 0 0 -10 651.42 44.20 730.00 309.80 0.0015145
table 0 0 -10 80.77 159.54 302.73 341.74 0.0014877
chair 0 0 -10 700.95 69.66 716.82 232.84 0.0013238
chair 0 0 -10 414.59 374.13 714.29 530.00 0.0013128
table 0 0 -10 703.65 141.15 729.49 165.33 0.0012758
chair 0 0 -10 715.97 63.62 728.38 266.44 0.0011996
desk 0 0 -10 252.38 62.44 698.61 360.68 0.0011943
chair 0 0 -10 690.69 102.57 728.70 220.58 0.0011839
desk 0 0 -10 471.73 354.40 722.21 530.00 0.0011788
table 0 0 -10 46.33 197.58 316.27 447.01 0.0011499
table 0 0 -10 383.68 39.17 701.36 275.13 0.0011202
table 0 0 -10 616.77 436.60 725.44 530.00 0.0011196
chair 0 0 -10 80.35 104.42 520.68 443.26 0.0011186
chair 0 0 -10 5.19 300.10 224.77 526.26 0.0010504
table 0 0 -10 14.09 146.52 226.27 347.55 0.0009727
chair 0 0 -10 7.88 175.79 124.44 324.81 0.0009602
desk 0 0 -10 683.98 147.00 728.76 469.15 0.0009232
chair 0 0 -10 371.88 466.75 650.50 530.00 0.0009123
sofa 0 0 -10 478.32 93.86 727.86 367.02 0.0009083
table 0 0 -10 702.62 379.34 729.49 530.00 0.0009083
chair 0 0 -10 382.23 70.97 469.33 145.09 0.0009069
desk 0 0 -10 211.35 317.19 518.51 523.47 0.0008908
chair 0 0 -10 717.67 134.40 729.98 246.85 0.0008895
chair 0 0 -10 530.14 449.02 727.43 530.00 0.0008737
chair 0 0 -10 688.33 470.33 730.00 530.00 0.0008165
