chair 0 0 -10 534.25 85.42 699.12 277.79 0.9917170
chair 0 0 -10 365.77 135.20 635.71 416.33 0.9880270
chair 0 0 -10 245.64 110.65 437.92 323.55 0.9815629
chair 0 0 -10 6.38 216.25 266.20 526.92 0.9798370
chair 0 0 -10 410.43 76.84 540.87 215.45 0.9725932
chair 0 0 -10 53.37 309.38 449.46 527.41 0.9724511
chair 0 0 -10 186.60 96.89 329.80 267.54 0.9687378
chair 0 0 -10 589.62 191.19 721.44 529.73 0.9558609
chair 0 0 -10 629.85 57.67 726.46 197.36 0.9183455
chair 0 0 -10 0.00 135.39 140.75 404.35 0.8825912
chair 0 0 -10 338.78 62.67 428.84 159.71 0.8458737
chair 0 0 -10 451.67 50.76 556.11 169.64 0.6792367
chair 0 0 -10 517.00 54.33 621.14 176.38 0.6031362
chair 0 0 -10 590.16 65.20 720.33 255.40 0.3393225
chair 0 0 -10 426.88 187.33 708.61 523.30 0.2868470
chair 0 0 -10 461.97 57.61 606.53 193.45 0.2333695
chair 0 0 -10 504.05 67.43 655.13 235.35 0.1906829
chair 0 0 -10 309.01 122.95 527.80 376.56 0.1818035
chair 0 0 -10 11.63 185.08 201.62 365.67 0.1673652
table 0 0 -10 23.67 286.75 263.13 530.00 0.1506610
chair 0 0 -10 474.32 106.38 694.27 352.72 0.1489527
chair 0 0 -10 334.82 63.14 471.10 212.85 0.1390010
chair 0 0 -10 456.07 48.95 539.29 120.65 0.1374838
chair 0 0 -10 523.31 142.73 723.16 422.08 0.1280889
chair 0 0 -10 489.65 47.79 584.12 164.97 0.1274395
chair 0 0 -10 1.30 124.67 112.67 291.29 0.1215191
chair 0 0 -10 535.38 50.22 613.58 122.92 0.1066739
chair 0 0 -10 420.00 46.61 641.09 158.41 0.0730194
chair 0 0 -10 659.52 31.10 727.40 166.01 0.0714535
chair 0 0 -10 595.67 52.67 684.65 152.11 0.0626224
chair 0 0 -10 3.83 139.10 65.17 469.06 0.0622415
chair 0 0 -10 543.47 55.07 651.18 142.73 0.0554007
chair 0 0 -10 637.37 54.17 718.61 130.84 0.0553886
table 0 0 -10 62.11 320.50 416.44 528.23 0.0541459
chair 0 0 -10 571.21 64.74 684.45 205.66 0.0529383
table 0 0 -10 100.25 242.39 645.25 524.16 0.0430298
table 0 0 -10 583.13 219.93 726.35 472.80 0.0428864
chair 0 0 -10 634.41 46.26 729.49 346.96 0.0425791
chair 0 0 -10 381.00 61.31 490.42 162.66 0.0403053
chair 0 0 -10 424.42 79.85 616.85 259.10 0.0366445
table 0 0 -10 1.93 151.47 131.27 388.85 0.0357762
chair 0 0 -10 673.35 40.06 728.41 112.31 0.0356371
chair 0 0 -10 2.40 125.72 75.51 240.34 0.0333327
chair 0 0 -10 430.30 60.54 521.62 140.48 0.0293584
chair 0 0 -10 168.94 226.30 481.16 479.92 0.0279828
table 0 0 -10 0.00 130.32 80.34 240.02 0.0269560
chair 0 0 -10 679.90 73.56 726.46 298.30 0.0246331
chair 0 0 -10 3.44 213.24 137.38 523.92 0.0240636
table 0 0 -10 463.60 180.17 699.35 500.71 0.0239414
table 0 0 -10 211.80 115.38 365.23 280.38 0.0230436
chair 0 0 -10 647.46 179.29 730.00 474.45 0.0220073
chair 0 0 -10 619.48 55.11 692.56 122.17 0.0201314
desk 0 0 -10 17.52 276.22 257.10 526.52 0.0141452
chair 0 0 -10 294.48 73.21 412.38 196.83 0.0125549
table 0 0 -10 593.32 89.13 722.52 306.44 0.0108333
chair 0 0 -10 244.08 84.50 490.70 252.60 0.0100499
table 0 0 -10 395.08 161.52 643.19 442.31 0.0099811
table 0 0 -10 508.42 100.34 707.79 318.67 0.0097299
chair 0 0 -10 685.93 64.96 728.57 205.21 0.0097142
chair 0 0 -10 395.78 49.03 506.09 131.49 0.0096447
table 0 0 -10 194.40 132.50 461.28 332.01 0.0096118
table 0 0 -10 3.29 190.45 162.86 485.95 0.0091870
chair 0 0 -10 275.80 181.92 607.62 478.35 0.0086589
table 0 0 -10 7.73 133.49 134.37 254.95 0.0073776
desk 0 0 -10 603.41 202.44 726.11 529.70 0.0066374
table 0 0 -10 665.38 53.16 727.83 185.44 0.0060703
table 0 0 -10 0.00 127.55 92.48 318.40 0.0057661
table 0 0 -10 297.23 137.75 578.36 364.14 0.0056015
table 0 0 -10 33.19 193.09 388.92 507.96 0.0054686
chair 0 0 -10 0.92 143.60 49.57 340.44 0.0053702
chair 0 0 -10 83.65 136.14 310.38 344.24 0.0052915
sofa 0 0 -10 9.95 232.75 264.99 520.77 0.0050738
table 0 0 -10 278.85 87.64 518.06 299.66 0.0047522
table 0 0 -10 628.18 143.17 728.11 439.64 0.0036314
desk 0 0 -10 540.36 84.65 718.41 329.50 0.0035988
chair 0 0 -10 264.53 272.01 539.66 511.84 0.0035929
table 0 0 -10 1.30 139.92 18.84 375.88 0.0035607
chair 0 0 -10 593.20 49.17 643.27 163.02 0.0035518
chair 0 0 -10 342.13 61.23 683.66 250.77 0.0035269
chair 0 0 -10 698.25 104.07 727.46 330.17 0.0034769
table 0 0 -10 0.09 123.46 33.69 410.74 0.0033882
chair 0 0 -10 710.83 73.31 729.03 289.00 0.0033515
table 0 0 -10 7.78 114.51 171.00 324.50 0.0032514
desk 0 0 -10 5.91 146.55 148.17 363.65 0.0031943
table 0 0 -10 148.21 98.04 339.92 259.76 0.0030622
desk 0 0 -10 46.37 332.51 428.03 524.53 0.0030157
table 0 0 -10 668.72 101.85 727.61 357.00 0.0029517
chair 0 0 -10 404.01 70.92 474.00 144.43 0.0027860
table 0 0 -10 4.36 150.20 65.54 461.99 0.0026719
desk 0 0 -10 370.49 182.69 618.89 457.91 0.0025623
table 0 0 -10 413.79 78.03 547.95 178.58 0.0025403
table 0 0 -10 612.10 72.23 728.61 207.27 0.0025200
chair 0 0 -10 0.16 157.19 25.88 369.01 0.0025162
chair 0 0 -10 575.22 43.21 629.01 159.39 0.0023506
sofa 0 0 -10 5.39 139.43 152.77 359.29 0.0023252
chair 0 0 -10 714.28 46.08 729.49 204.48 0.0022948
table 0 0 -10 532.95 57.58 633.16 162.43 0.0022553
chair 0 0 -10 143.62 96.80 410.68 358.37 0.0022474
desk 0 0 -10 98.32 237.06 657.28 530.00 0.0022245
desk 0 0 -10 196.71 129.79 456.74 333.76 0.0021838
