chair 0 0 -10 267.88 117.99 453.48 281.81 0.9918576
chair 0 0 -10 253.29 173.38 506.91 468.47 0.9901571
table 0 0 -10 344.78 85.81 627.32 422.82 0.8555693
chair 0 0 -10 546.75 2.27 677.55 152.09 0.8367282
dresser 0 0 -10 351.34 2.14 455.21 91.95 0.8005917
chair 0 0 -10 624.49 31.05 730.00 218.46 0.7459617
chair 0 0 -10 299.02 108.10 513.12 383.96 0.2245419
desk 0 0 -10 343.78 92.47 629.22 412.46 0.2160514
chair 0 0 -10 269.76 184.74 440.19 375.57 0.1002222
table 0 0 -10 578.08 19.34 717.49 174.18 0.0810272
chair 0 0 -10 664.29 44.95 728.46 197.13 0.0664403
chair 0 0 -10 271.89 111.41 420.92 217.49 0.0632061
chair 0 0 -10 596.69 5.46 700.08 145.05 0.0603726
chair 0 0 -10 628.55 1.59 730.00 105.70 0.0493818
table 0 0 -10 341.08 93.01 535.54 267.83 0.0400758
table 0 0 -10 628.38 32.97 729.63 212.71 0.0315239
chair 0 0 -10 689.64 63.92 728.58 219.73 0.0276215
chair 0 0 -10 711.84 33.47 730.00 231.24 0.0164246
chair 0 0 -10 566.65 6.23 645.07 127.93 0.0137140
table 0 0 -10 272.47 151.82 588.65 486.38 0.0135347
chair 0 0 -10 673.41 69.94 728.00 144.00 0.0115917
night_stand 0 0 -10 351.99 0.00 457.32 94.91 0.0111693
chair 0 0 -10 346.20 0.00 456.11 93.76 0.0109867
chair 0 0 -10 679.85 5.55 729.88 125.78 0.0108670
chair 0 0 -10 649.66 65.87 730.00 295.19 0.0101007
desk 0 0 -10 619.97 21.37 728.94 183.98 0.0099770
desk 0 0 -10 274.31 152.37 575.73 493.82 0.0092992
dresser 0 0 -10 195.38 4.49 451.75 99.93 0.0089767
chair 0 0 -10 553.43 17.61 718.44 227.81 0.0068935
sofa 0 0 -10 619.12 45.63 729.86 224.26 0.0068106
chair 0 0 -10 370.10 117.32 622.38 423.28 0.0067022
chair 0 0 -10 318.19 95.32 470.07 236.07 0.0065530
chair 0 0 -10 642.33 0.41 730.00 57.17 0.0063610
chair 0 0 -10 528.08 0.39 611.52 118.71 0.0059995
desk 0 0 -10 639.77 70.17 727.86 233.79 0.0058645
desk 0 0 -10 343.68 0.74 598.42 121.05 0.0057399
chair 0 0 -10 548.41 3.00 647.97 76.48 0.0053130
table 0 0 -10 251.79 97.13 307.40 138.14 0.0052259
chair 0 0 -10 608.49 5.10 672.36 110.17 0.0049968
chair 0 0 -10 365.63 90.82 509.22 280.22 0.0049216
desk 0 0 -10 353.03 0.00 456.71 98.32 0.0047956
table 0 0 -10 685.32 78.76 729.37 294.08 0.0046520
desk 0 0 -10 573.40 19.28 701.60 203.74 0.0041194
chair 0 0 -10 717.31 124.32 728.98 242.14 0.0038176
table 0 0 -10 624.66 4.31 729.03 102.91 0.0037708
sofa 0 0 -10 686.17 72.50 729.07 291.53 0.0034020
chair 0 0 -10 719.59 55.56 728.16 232.61 0.0033848
table 0 0 -10 501.98 7.51 705.26 138.84 0.0032088
desk 0 0 -10 413.81 3.23 698.50 129.92 0.0030679
desk 0 0 -10 0.00 3.96 342.06 528.52 0.0029012
bookshelf 0 0 -10 352.34 0.22 454.63 98.94 0.0027349
table 0 0 -10 706.79 92.23 729.99 250.03 0.0027034
table 0 0 -10 649.73 104.10 729.83 301.84 0.0024587
chair 0 0 -10 255.62 152.30 378.89 333.97 0.0023770
bathtub 0 0 -10 7.46 0.94 271.70 284.86 0.0022844
table 0 0 -10 305.19 115.36 504.25 332.14 0.0021279
chair 0 0 -10 428.93 67.64 664.32 370.62 0.0021006
table 0 0 -10 353.11 3.18 449.37 91.06 0.0019125
table 0 0 -10 0.97 11.66 334.20 530.00 0.0018980
desk 0 0 -10 218.92 3.23 398.41 150.51 0.0017864
chair 0 0 -10 687.20 104.52 730.00 360.27 0.0017844
desk 0 0 -10 339.67 94.66 530.07 268.81 0.0017772
chair 0 0 -10 577.59 11.43 676.85 74.63 0.0017755
desk 0 0 -10 686.23 76.98 728.68 288.63 0.0017308
table 0 0 -10 442.07 31.55 664.78 178.47 0.0016708
chair 0 0 -10 385.22 78.02 562.16 235.59 0.0016692
sofa 0 0 -10 543.72 10.56 706.82 167.94 0.0016374
table 0 0 -10 717.33 127.92 728.89 246.40 0.0016050
chair 0 0 -10 289.12 104.05 362.78 226.17 0.0015836
chair 0 0 -10 278.56 97.78 391.99 187.07 0.0015779
table 0 0 -10 671.06 4.09 729.76 171.04 0.0015309
night_stand 0 0 -10 251.76 96.59 310.59 139.66 0.0015066
table 0 0 -10 494.96 52.53 711.76 213.42 0.0015059
table 0 0 -10 644.19 3.46 729.54 63.03 0.0014973
table 0 0 -10 661.56 81.87 728.33 228.41 0.0014602
table 0 0 -10 243.97 249.95 501.63 497.65 0.0014337
desk 0 0 -10 253.65 0.00 465.72 114.52 0.0013480
bathtub 0 0 -10 9.89 0.98 321.48 158.19 0.0012700
table 0 0 -10 250.70 103.90 341.91 159.66 0.0012405
sofa 0 0 -10 294.24 92.47 633.20 446.51 0.0012235
chair 0 0 -10 504.58 0.62 729.31 59.63 0.0012169
toilet 0 0 -10 631.38 29.89 729.83 217.30 0.0011856
desk 0 0 -10 293.99 18.69 706.89 191.35 0.0011789
table 0 0 -10 382.37 81.79 611.08 220.05 0.0011363
chair 0 0 -10 318.96 241.59 488.74 492.94 0.0011272
chair 0 0 -10 693.49 37.51 730.00 89.00 0.0010904
chair 0 0 -10 311.49 65.60 441.18 183.21 0.0010735
table 0 0 -10 275.46 60.91 675.72 267.00 0.0010654
chair 0 0 -10 593.93 30.56 730.00 355.08 0.0010274
bookshelf 0 0 -10 630.91 23.08 729.44 214.22 0.0009905
bed 0 0 -10 629.43 26.16 730.00 217.10 0.0009582
chair 0 0 -10 611.19 2.55 708.27 71.25 0.0009419
chair 0 0 -10 708.90 22.65 730.00 90.17 0.0009311
chair 0 0 -10 262.15 190.92 384.59 455.01 0.0008818
dresser 0 0 -10 618.66 53.84 729.71 224.51 0.0008805
chair 0 0 -10 709.86 112.83 729.85 298.77 0.0008750
table 0 0 -10 295.87 25.11 695.13 190.78 0.0008677
night_stand 0 0 -10 657.33 62.05 730.00 251.36 0.0008174
desk 0 0 -10 541.68 9.41 674.29 157.49 0.0008114
chair 0 0 -10 539.39 0.48 613.54 62.07 0.0007977
