dresser 0 0 -10 385.11 0.76 730.00 417.84 0.0457660
table 0 0 -10 106.58 221.24 244.08 444.01 0.0093183
table 0 0 -10 229.02 174.09 357.42 395.61 0.0050775
desk 0 0 -10 373.73 12.77 730.00 429.80 0.0040770
table 0 0 -10 382.82 13.14 728.33 435.57 0.0028478
bed 0 0 -10 378.52 0.00 730.00 435.32 0.0017131
table 0 0 -10 79.15 222.35 361.09 447.56 0.0015929
bookshelf 0 0 -10 397.31 0.00 730.00 426.67 0.0010699
table 0 0 -10 25.26 127.84 399.68 415.62 0.0008802
desk 0 0 -10 125.12 118.24 730.00 455.72 0.0007499
chair 0 0 -10 87.40 153.24 260.68 436.99 0.0006710
dresser 0 0 -10 615.73 11.31 723.09 421.60 0.0006391
dresser 0 0 -10 114.78 0.00 658.53 380.18 0.0005044
desk 0 0 -10 17.63 121.31 463.69 440.75 0.0004046
table 0 0 -10 139.39 135.99 716.24 457.46 0.0003866
table 0 0 -10 0.00 0.00 428.75 342.26 0.0003682
bathtub 0 0 -10 387.20 1.64 730.00 409.21 0.0003587
night_stand 0 0 -10 108.75 212.27 251.93 433.10 0.0003243
table 0 0 -10 115.28 171.09 462.96 487.62 0.0003000
night_stand 0 0 -10 396.48 4.36 730.00 410.96 0.0002562
sofa 0 0 -10 394.61 15.94 730.00 420.26 0.0002192
desk 0 0 -10 66.94 213.19 379.17 454.15 0.0001723
table 0 0 -10 246.43 251.48 430.34 384.08 0.0001477
table 0 0 -10 47.75 286.12 232.54 439.21 0.0001396
chair 0 0 -10 0.71 364.73 243.01 529.53 0.0001348
table 0 0 -10 97.99 0.00 647.97 401.12 0.0001335
table 0 0 -10 35.03 245.65 624.67 522.32 0.0001283
table 0 0 -10 343.82 141.64 616.87 440.28 0.0001251
dresser 0 0 -10 96.30 200.88 247.84 438.69 0.0001236
chair 0 0 -10 320.79 3.47 721.82 465.60 0.0001230
table 0 0 -10 1.25 393.90 79.08 530.00 0.0001165
chair 0 0 -10 0.00 375.07 71.55 525.17 0.0001120
dresser 0 0 -10 692.49 46.54 727.86 423.01 0.0001048
night_stand 0 0 -10 234.45 166.08 363.73 390.70 0.0000996
table 0 0 -10 6.86 1.13 392.20 81.51 0.0000913
bathtub 0 0 -10 0.00 0.00 410.04 244.00 0.0000891
desk 0 0 -10 102.40 212.13 254.06 449.84 0.0000848
table 0 0 -10 130.03 310.88 334.65 434.99 0.0000837
table 0 0 -10 4.75 368.60 233.99 525.93 0.0000836
table 0 0 -10 0.44 347.48 43.89 530.00 0.0000767
table 0 0 -10 10.54 53.25 377.51 200.52 0.0000691
chair 0 0 -10 97.54 396.64 335.68 530.00 0.0000682
table 0 0 -10 230.02 137.59 460.52 385.60 0.0000667
table 0 0 -10 214.54 135.42 368.89 249.97 0.0000648
table 0 0 -10 0.00 3.16 408.15 153.32 0.0000638
table 0 0 -10 245.26 259.69 536.38 456.63 0.0000600
chair 0 0 -10 154.59 256.41 703.42 518.87 0.0000590
chair 0 0 -10 3.57 180.60 229.88 479.00 0.0000589
table 0 0 -10 10.20 172.71 235.76 479.30 0.0000577
table 0 0 -10 192.42 240.16 308.60 414.08 0.0000561
chair 0 0 -10 25.45 271.06 341.62 529.97 0.0000557
table 0 0 -10 1.96 359.54 19.31 529.04 0.0000551
chair 0 0 -10 25.36 363.81 682.91 530.00 0.0000550
toilet 0 0 -10 77.71 176.74 260.98 477.73 0.0000549
table 0 0 -10 210.85 306.60 647.04 479.39 0.0000548
bookshelf 0 0 -10 97.36 180.58 249.82 449.81 0.0000533
dresser 0 0 -10 0.00 0.00 398.75 241.34 0.0000489
chair 0 0 -10 53.29 154.51 514.10 481.05 0.0000479
chair 0 0 -10 0.21 424.84 129.91 530.00 0.0000473
chair 0 0 -10 458.19 369.22 722.00 530.00 0.0000472
dresser 0 0 -10 49.06 143.11 557.18 472.68 0.0000462
chair 0 0 -10 277.10 272.65 508.01 378.81 0.0000454
desk 0 0 -10 0.00 0.00 415.83 250.47 0.0000436
toilet 0 0 -10 363.21 14.91 724.69 450.13 0.0000436
table 0 0 -10 12.29 361.58 423.57 530.00 0.0000418
sofa 0 0 -10 20.01 352.73 712.19 530.00 0.0000396
chair 0 0 -10 9.93 431.55 462.53 530.00 0.0000377
table 0 0 -10 5.95 262.56 150.81 421.88 0.0000369
chair 0 0 -10 10.98 95.12 327.21 454.85 0.0000366
table 0 0 -10 0.62 40.14 176.23 425.63 0.0000357
chair 0 0 -10 0.00 199.55 58.38 473.48 0.0000352
chair 0 0 -10 375.66 216.97 728.00 503.04 0.0000347
chair 0 0 -10 344.17 437.49 718.44 530.00 0.0000344
chair 0 0 -10 220.03 332.99 440.44 516.22 0.0000333
bed 0 0 -10 0.00 6.98 423.50 189.69 0.0000325
chair 0 0 -10 255.53 262.90 543.41 461.27 0.0000318
chair 0 0 -10 140.91 400.23 549.28 527.12 0.0000311
desk 0 0 -10 225.95 169.69 365.27 399.43 0.0000310
chair 0 0 -10 6.62 5.65 237.26 182.33 0.0000297
dresser 0 0 -10 525.97 57.82 729.84 433.81 0.0000290
table 0 0 -10 142.11 77.02 383.79 307.54 0.0000284
chair 0 0 -10 389.58 330.17 634.13 520.01 0.0000284
chair 0 0 -10 0.00 44.02 61.73 393.86 0.0000277
bed 0 0 -10 137.76 96.59 730.00 458.69 0.0000270
table 0 0 -10 317.28 269.51 711.07 523.12 0.0000270
dresser 0 0 -10 11.97 152.35 218.47 429.88 0.0000260
chair 0 0 -10 632.98 9.18 730.00 411.55 0.0000256
bathtub 0 0 -10 75.90 0.00 690.51 348.08 0.0000249
desk 0 0 -10 336.32 146.31 627.03 434.16 0.0000245
bathtub 0 0 -10 3.02 0.00 420.51 75.65 0.0000243
desk 0 0 -10 286.31 227.45 716.69 454.92 0.0000238
chair 0 0 -10 646.60 256.51 730.00 509.26 0.0000226
table 0 0 -10 0.35 392.22 52.18 483.70 0.0000222
sofa 0 0 -10 8.69 405.31 228.05 529.78 0.0000222
table 0 0 -10 327.12 252.34 489.70 393.40 0.0000217
chair 0 0 -10 0.85 88.74 143.93 259.83 0.0000214
chair 0 0 -10 1.95 353.24 141.21 490.50 0.0000213
sofa 0 0 -10 358.08 191.44 730.00 491.42 0.0000212
chair 0 0 -10 527.60 428.00 726.92 530.00 0.0000212
chair 0 0 -10 165.46 329.45 334.86 490.55 0.0000212
