chair 0 0 -10 415.83 83.91 617.19 280.85 0.9931065
chair 0 0 -10 251.35 230.68 504.32 530.00 0.9905764
chair 0 0 -10 368.64 72.10 518.33 227.45 0.9849754
chair 0 0 -10 198.68 180.22 370.70 431.46 0.9789862
chair 0 0 -10 287.53 65.62 415.38 197.22 0.9691924
chair 0 0 -10 165.98 165.02 312.23 344.41 0.9690140
chair 0 0 -10 512.09 91.15 727.19 366.61 0.9629881
chair 0 0 -10 137.51 136.19 252.10 287.62 0.9538220
chair 0 0 -10 322.85 70.74 456.48 218.26 0.8227802
chair 0 0 -10 0.41 218.33 46.77 515.05 0.5722169
chair 0 0 -10 287.84 66.54 389.71 146.12 0.1551214
chair 0 0 -10 357.41 60.64 463.14 161.43 0.0900385
chair 0 0 -10 0.97 249.07 82.71 529.20 0.0641780
chair 0 0 -10 646.82 122.25 725.05 406.25 0.0625503
chair 0 0 -10 8.45 196.66 31.08 518.25 0.0542665
table 0 0 -10 1.45 236.12 33.81 524.21 0.0342921
chair 0 0 -10 133.43 133.60 234.79 223.62 0.0335093
sofa 0 0 -10 0.65 217.62 34.20 514.86 0.0295526
chair 0 0 -10 394.44 70.60 513.49 170.28 0.0290293
chair 0 0 -10 180.52 145.80 277.81 290.36 0.0200469
chair 0 0 -10 3.11 183.63 17.69 517.58 0.0181521
bed 0 0 -10 3.01 200.22 38.78 522.00 0.0165198
dresser 0 0 -10 2.52 219.14 38.69 515.60 0.0151611
chair 0 0 -10 76.16 110.48 262.19 265.84 0.0135812
chair 0 0 -10 267.75 55.45 493.58 183.12 0.0121259
chair 0 0 -10 359.22 182.25 693.28 524.68 0.0113430
desk 0 0 -10 3.44 217.20 38.34 520.17 0.0105860
chair 0 0 -10 680.51 94.56 728.05 349.12 0.0087365
chair 0 0 -10 612.42 87.27 727.72 341.99 0.0084589
chair 0 0 -10 283.01 29.59 367.27 180.39 0.0081570
chair 0 0 -10 102.70 161.75 338.69 422.10 0.0068101
chair 0 0 -10 222.95 146.64 322.64 303.10 0.0060408
chair 0 0 -10 253.89 194.60 445.98 433.76 0.0060213
bookshelf 0 0 -10 3.55 206.71 38.25 514.31 0.0051858
chair 0 0 -10 4.71 272.33 24.46 503.48 0.0049842
table 0 0 -10 294.84 271.02 497.32 530.00 0.0049086
chair 0 0 -10 1.48 319.13 42.39 453.93 0.0048183
table 0 0 -10 7.90 270.63 55.46 529.48 0.0043095
chair 0 0 -10 134.42 168.11 237.61 249.11 0.0042997
chair 0 0 -10 350.18 187.03 539.18 477.63 0.0041200
table 0 0 -10 353.85 2.55 718.78 88.93 0.0033999
chair 0 0 -10 416.24 84.03 671.58 399.04 0.0033284
table 0 0 -10 149.38 216.61 480.87 528.69 0.0032714
toilet 0 0 -10 3.06 217.36 38.80 518.59 0.0031405
table 0 0 -10 292.80 105.48 398.09 196.29 0.0028396
chair 0 0 -10 248.58 306.84 504.43 421.37 0.0028139
chair 0 0 -10 355.27 108.28 510.63 372.96 0.0027497
chair 0 0 -10 0.00 229.10 148.82 513.32 0.0027077
bathtub 0 0 -10 3.64 226.91 39.04 513.07 0.0026688
sofa 0 0 -10 358.62 4.50 724.38 87.94 0.0026591
sofa 0 0 -10 3.40 253.92 23.99 493.11 0.0026211
chair 0 0 -10 436.74 57.98 585.47 187.11 0.0025938
chair 0 0 -10 186.48 128.26 389.81 323.98 0.0025268
chair 0 0 -10 20.12 214.13 284.24 509.69 0.0024946
desk 0 0 -10 345.20 2.17 730.00 87.80 0.0024726
chair 0 0 -10 316.68 74.98 580.66 310.24 0.0023629
table 0 0 -10 574.38 108.45 723.59 381.50 0.0023309
chair 0 0 -10 207.95 137.41 263.74 257.90 0.0023187
sofa 0 0 -10 9.45 184.41 27.10 528.14 0.0022934
chair 0 0 -10 101.72 243.99 416.93 530.00 0.0021456
chair 0 0 -10 0.09 256.43 6.41 482.34 0.0021066
night_stand 0 0 -10 3.32 225.28 39.26 512.40 0.0019798
chair 0 0 -10 565.98 47.25 729.53 251.54 0.0019466
desk 0 0 -10 287.93 265.22 500.10 530.00 0.0019092
table 0 0 -10 10.58 183.17 26.27 522.88 0.0018960
table 0 0 -10 667.90 124.25 723.56 417.60 0.0018601
chair 0 0 -10 228.11 150.97 277.47 332.49 0.0018410
bed 0 0 -10 3.38 244.88 24.05 499.40 0.0018248
chair 0 0 -10 699.12 91.85 728.51 258.70 0.0018155
table 0 0 -10 13.87 221.67 37.59 493.32 0.0017931
table 0 0 -10 373.47 89.33 524.92 244.21 0.0017820
chair 0 0 -10 176.90 224.10 268.55 314.86 0.0017733
table 0 0 -10 448.57 91.53 627.05 318.24 0.0016848
table 0 0 -10 640.37 204.67 728.03 460.30 0.0016714
chair 0 0 -10 101.89 138.42 312.54 301.66 0.0016216
bed 0 0 -10 9.72 170.19 26.73 530.00 0.0016118
chair 0 0 -10 287.91 104.29 356.39 191.17 0.0015935
chair 0 0 -10 1.28 78.25 45.16 382.69 0.0015494
table 0 0 -10 268.40 79.24 370.38 195.74 0.0015448
table 0 0 -10 193.45 228.45 377.93 483.90 0.0014613
bathtub 0 0 -10 355.07 0.00 723.71 86.78 0.0014180
desk 0 0 -10 193.92 219.41 372.42 480.18 0.0013575
desk 0 0 -10 2.47 225.94 22.29 513.09 0.0013212
table 0 0 -10 127.67 190.81 358.67 397.76 0.0012188
table 0 0 -10 1.97 251.32 17.94 510.40 0.0012153
chair 0 0 -10 485.83 45.85 648.46 208.75 0.0011785
desk 0 0 -10 292.65 101.28 398.61 196.51 0.0011579
dresser 0 0 -10 3.29 255.76 23.81 497.65 0.0011495
chair 0 0 -10 198.01 96.37 473.22 287.07 0.0011349
chair 0 0 -10 2.02 407.53 41.49 511.40 0.0011010
table 0 0 -10 277.54 57.25 392.99 158.03 0.0010632
sofa 0 0 -10 0.53 243.25 62.56 523.56 0.0010618
desk 0 0 -10 144.95 210.73 483.99 527.81 0.0010566
table 0 0 -10 633.60 90.28 727.65 340.60 0.0010432
chair 0 0 -10 674.36 214.08 729.85 489.80 0.0010192
bookshelf 0 0 -10 361.70 0.00 724.28 89.16 0.0009606
chair 0 0 -10 372.67 56.91 536.48 139.46 0.0009557
sofa 0 0 -10 527.56 101.60 728.59 388.87 0.0009528
chair 0 0 -10 14.12 291.38 25.69 426.45 0.0009310
chair 0 0 -10 9.59 339.83 28.73 420.73 0.0008166
