table 0 0 -10 185.69 151.18 463.19 345.49 0.1644441
table 0 0 -10 267.68 212.00 456.09 335.95 0.0091607
table 0 0 -10 366.78 232.93 478.88 354.69 0.0022630
table 0 0 -10 93.41 112.48 487.45 393.59 0.0017285
desk 0 0 -10 186.59 145.77 465.64 362.09 0.0017091
table 0 0 -10 36.36 133.07 560.54 527.60 0.0015399
table 0 0 -10 5.24 137.88 165.54 237.58 0.0013174
table 0 0 -10 193.17 139.26 289.60 228.76 0.0009834
bed 0 0 -10 183.79 151.47 479.12 357.15 0.0008903
bed 0 0 -10 22.07 135.17 591.61 530.00 0.0006129
table 0 0 -10 337.58 185.01 459.34 321.51 0.0005487
table 0 0 -10 391.72 195.97 508.98 345.77 0.0005398
table 0 0 -10 228.03 116.31 440.62 275.95 0.0004596
table 0 0 -10 187.33 24.89 528.30 338.62 0.0003742
table 0 0 -10 212.72 109.96 712.24 513.07 0.0003457
bed 0 0 -10 69.69 47.29 542.06 384.44 0.0003294
table 0 0 -10 312.82 183.15 492.45 433.42 0.0002952
table 0 0 -10 34.68 105.52 155.73 278.62 0.0002856
desk 0 0 -10 83.41 107.02 501.53 396.09 0.0002746
desk 0 0 -10 22.08 134.07 581.09 524.93 0.0002370
table 0 0 -10 4.79 124.06 306.42 520.17 0.0001813
table 0 0 -10 273.08 135.25 407.17 254.19 0.0001767
chair 0 0 -10 0.00 94.14 88.46 230.71 0.0001711
table 0 0 -10 307.84 273.54 423.81 332.39 0.0001701
chair 0 0 -10 136.96 0.00 184.09 99.56 0.0001694
chair 0 0 -10 226.35 144.90 489.18 342.98 0.0001687
chair 0 0 -10 0.00 144.02 105.65 280.30 0.0001545
table 0 0 -10 464.15 303.63 721.93 523.29 0.0001505
table 0 0 -10 201.49 201.99 539.68 444.06 0.0001486
bed 0 0 -10 457.57 306.95 730.00 521.62 0.0001470
table 0 0 -10 334.53 249.83 476.89 404.23 0.0001415
chair 0 0 -10 0.00 135.11 83.27 514.01 0.0001410
sofa 0 0 -10 128.35 197.94 722.98 527.47 0.0001409
table 0 0 -10 38.28 132.52 389.80 330.61 0.0001400
night_stand 0 0 -10 198.20 159.93 475.87 351.37 0.0001329
chair 0 0 -10 86.45 0.00 186.83 97.97 0.0001226
chair 0 0 -10 168.70 216.98 712.54 522.90 0.0001196
sofa 0 0 -10 191.52 158.03 481.88 355.08 0.0001143
bed 0 0 -10 45.16 342.91 730.00 530.00 0.0001138
bed 0 0 -10 366.80 43.51 726.70 520.04 0.0001121
table 0 0 -10 5.03 133.65 243.87 364.07 0.0001107
chair 0 0 -10 8.34 0.00 149.35 100.16 0.0001055
chair 0 0 -10 6.81 127.82 148.48 228.53 0.0001029
table 0 0 -10 188.88 143.76 250.57 205.30 0.0000955
chair 0 0 -10 0.00 21.21 99.89 295.18 0.0000946
chair 0 0 -10 34.63 1.80 211.64 180.94 0.0000931
table 0 0 -10 183.81 87.95 371.78 243.56 0.0000927
table 0 0 -10 0.00 3.07 67.79 82.51 0.0000920
dresser 0 0 -10 191.35 154.72 470.59 351.85 0.0000914
chair 0 0 -10 271.65 201.27 509.05 400.95 0.0000901
table 0 0 -10 355.12 182.48 527.01 281.43 0.0000879
chair 0 0 -10 11.85 214.56 481.97 520.24 0.0000853
table 0 0 -10 421.20 235.27 523.40 353.65 0.0000843
desk 0 0 -10 198.92 102.73 730.00 514.73 0.0000842
table 0 0 -10 385.69 282.49 469.53 357.31 0.0000839
table 0 0 -10 0.00 131.75 79.72 516.40 0.0000737
table 0 0 -10 405.29 232.40 462.89 301.13 0.0000711
table 0 0 -10 0.00 34.30 194.65 276.49 0.0000709
table 0 0 -10 363.53 263.34 679.54 505.00 0.0000700
table 0 0 -10 0.88 57.16 181.97 465.50 0.0000678
table 0 0 -10 188.16 148.34 316.70 295.90 0.0000662
table 0 0 -10 3.84 0.00 188.45 100.50 0.0000653
table 0 0 -10 0.59 149.24 105.12 283.75 0.0000648
chair 0 0 -10 0.00 140.31 70.86 205.80 0.0000642
chair 0 0 -10 5.02 0.00 324.56 100.54 0.0000634
chair 0 0 -10 164.98 3.92 389.27 239.85 0.0000611
table 0 0 -10 329.68 168.30 487.40 259.87 0.0000600
chair 0 0 -10 1.93 127.89 43.92 488.55 0.0000599
chair 0 0 -10 0.00 225.41 186.35 496.46 0.0000593
chair 0 0 -10 5.65 0.00 73.07 118.54 0.0000588
chair 0 0 -10 92.06 24.07 531.91 364.49 0.0000584
table 0 0 -10 55.49 330.39 692.17 530.00 0.0000569
bathtub 0 0 -10 694.09 390.27 730.00 503.23 0.0000567
chair 0 0 -10 1.20 90.06 162.35 276.56 0.0000566
table 0 0 -10 358.44 55.15 523.38 348.25 0.0000558
sofa 0 0 -10 53.53 122.63 546.86 491.03 0.0000546
bathtub 0 0 -10 18.26 151.58 600.92 519.44 0.0000535
table 0 0 -10 409.08 258.81 466.69 326.99 0.0000523
chair 0 0 -10 163.64 99.92 256.48 226.41 0.0000522
chair 0 0 -10 27.19 441.12 502.98 530.00 0.0000511
chair 0 0 -10 0.00 39.65 57.58 366.60 0.0000470
bathtub 0 0 -10 667.24 364.36 730.00 528.67 0.0000469
chair 0 0 -10 17.13 143.79 220.93 241.48 0.0000464
chair 0 0 -10 116.20 0.00 211.01 58.78 0.0000463
chair 0 0 -10 131.50 0.00 221.47 114.33 0.0000462
bathtub 0 0 -10 393.20 2.24 543.84 304.27 0.0000443
chair 0 0 -10 391.04 8.40 541.56 308.10 0.0000443
table 0 0 -10 0.52 135.39 85.09 228.04 0.0000427
table 0 0 -10 189.43 93.84 262.15 216.64 0.0000423
chair 0 0 -10 93.64 0.00 277.79 194.35 0.0000421
table 0 0 -10 181.63 3.04 388.96 182.07 0.0000415
table 0 0 -10 8.11 100.67 199.00 200.68 0.0000415
chair 0 0 -10 658.29 18.02 730.00 493.73 0.0000411
bed 0 0 -10 273.08 247.71 730.00 524.24 0.0000410
chair 0 0 -10 173.30 102.91 590.21 458.13 0.0000408
chair 0 0 -10 185.78 11.16 527.54 179.88 0.0000407
desk 0 0 -10 248.08 212.51 457.61 345.92 0.0000401
table 0 0 -10 253.79 232.41 426.28 383.01 0.0000400
dresser 0 0 -10 88.53 39.08 530.77 368.09 0.0000388
table 0 0 -10 198.01 81.42 298.77 202.04 0.0000385
