chair 0 0 -10 243.86 146.38 611.31 529.84 0.9945402
chair 0 0 -10 179.26 117.06 403.28 382.36 0.9796856
chair 0 0 -10 116.50 117.78 275.81 303.30 0.9440083
chair 0 0 -10 68.05 91.48 213.45 240.21 0.8175837
chair 0 0 -10 0.75 239.74 76.64 507.22 0.3441170
chair 0 0 -10 1.52 292.46 149.18 530.00 0.1371855
chair 0 0 -10 47.10 78.64 152.80 191.64 0.0912484
chair 0 0 -10 67.04 116.38 150.36 223.22 0.0829014
chair 0 0 -10 171.54 119.48 317.34 338.72 0.0656783
chair 0 0 -10 3.39 387.96 194.10 530.00 0.0416032
chair 0 0 -10 1.91 358.35 117.09 507.09 0.0317156
chair 0 0 -10 52.58 74.16 218.94 170.18 0.0290894
chair 0 0 -10 1.88 252.16 56.88 424.93 0.0276825
chair 0 0 -10 61.60 103.77 334.63 325.46 0.0234738
chair 0 0 -10 122.56 106.15 204.54 245.38 0.0139427
chair 0 0 -10 6.84 424.72 126.07 528.91 0.0138574
table 0 0 -10 4.19 244.44 56.61 447.84 0.0124729
chair 0 0 -10 2.61 293.42 85.99 436.98 0.0116272
chair 0 0 -10 91.39 89.47 211.26 152.16 0.0104408
table 0 0 -10 120.45 131.92 623.45 497.44 0.0083247
chair 0 0 -10 55.42 2.72 210.10 203.95 0.0069017
chair 0 0 -10 3.87 307.81 306.35 530.00 0.0065929
chair 0 0 -10 21.86 179.27 373.73 517.63 0.0062241
chair 0 0 -10 135.28 107.30 517.84 495.18 0.0059234
table 0 0 -10 146.43 126.06 295.76 326.53 0.0058643
chair 0 0 -10 1.60 180.30 103.22 442.28 0.0058200
chair 0 0 -10 1.10 466.31 67.07 530.00 0.0051280
table 0 0 -10 119.07 142.76 409.06 398.48 0.0050823
chair 0 0 -10 107.32 93.82 240.99 203.24 0.0049709
desk 0 0 -10 86.02 64.22 712.12 364.60 0.0047763
desk 0 0 -10 170.75 126.15 609.75 497.38 0.0043288
table 0 0 -10 184.32 173.26 456.73 524.68 0.0034485
chair 0 0 -10 87.13 132.18 170.74 235.02 0.0034470
chair 0 0 -10 431.14 147.88 637.19 427.55 0.0034215
table 0 0 -10 101.77 124.69 251.94 283.54 0.0033687
table 0 0 -10 3.23 233.95 84.92 522.67 0.0032639
chair 0 0 -10 116.15 105.90 441.84 288.86 0.0032408
table 0 0 -10 80.42 107.12 214.36 248.51 0.0031615
chair 0 0 -10 22.23 103.11 233.25 380.07 0.0029609
chair 0 0 -10 1.17 394.85 81.00 530.00 0.0029328
table 0 0 -10 14.23 192.47 374.81 457.07 0.0024446
chair 0 0 -10 0.00 420.95 365.91 530.00 0.0023614
chair 0 0 -10 192.58 123.14 383.07 276.97 0.0022986
chair 0 0 -10 0.01 142.60 43.74 432.79 0.0021002
table 0 0 -10 83.31 73.26 690.75 353.78 0.0020801
desk 0 0 -10 60.97 118.77 218.54 289.24 0.0020395
desk 0 0 -10 102.40 141.56 375.39 374.75 0.0017353
table 0 0 -10 1.38 291.60 49.60 396.84 0.0016098
chair 0 0 -10 51.05 73.75 146.77 126.51 0.0015282
chair 0 0 -10 0.93 356.43 59.59 502.52 0.0014764
chair 0 0 -10 19.59 75.03 129.77 243.80 0.0013333
chair 0 0 -10 4.90 243.53 154.42 417.71 0.0013271
chair 0 0 -10 56.45 92.44 136.26 167.00 0.0012717
sofa 0 0 -10 191.21 136.09 610.39 509.51 0.0012516
desk 0 0 -10 2.05 256.42 55.96 437.98 0.0012008
chair 0 0 -10 72.45 107.06 178.85 182.90 0.0010420
night_stand 0 0 -10 1.46 245.17 58.86 438.81 0.0010420
chair 0 0 -10 6.98 1.38 168.87 140.66 0.0010006
chair 0 0 -10 339.96 133.82 594.75 372.15 0.0009408
desk 0 0 -10 110.82 132.50 277.95 312.04 0.0008831
table 0 0 -10 308.21 198.98 628.64 530.00 0.0008500
desk 0 0 -10 7.66 233.14 77.41 506.07 0.0007998
table 0 0 -10 194.05 153.98 374.10 351.11 0.0007835
chair 0 0 -10 208.83 198.51 391.95 358.87 0.0007633
chair 0 0 -10 1.75 148.17 157.50 363.51 0.0007335
chair 0 0 -10 559.68 320.08 724.20 528.52 0.0007159
bookshelf 0 0 -10 96.00 0.00 716.99 275.23 0.0007159
chair 0 0 -10 24.85 456.75 249.93 527.33 0.0006922
table 0 0 -10 78.38 96.48 165.47 224.98 0.0006572
chair 0 0 -10 79.26 0.00 202.39 117.64 0.0006319
table 0 0 -10 17.77 78.55 186.38 244.64 0.0005800
desk 0 0 -10 22.53 86.87 212.64 224.88 0.0005772
table 0 0 -10 8.25 300.90 132.55 520.44 0.0005705
chair 0 0 -10 151.55 138.61 218.79 263.49 0.0005523
sofa 0 0 -10 51.84 78.47 225.82 245.04 0.0005402
chair 0 0 -10 0.90 186.99 35.42 369.50 0.0005367
chair 0 0 -10 109.03 71.23 311.38 242.99 0.0005365
sofa 0 0 -10 8.09 4.57 161.33 130.89 0.0005333
chair 0 0 -10 2.70 246.35 29.79 528.26 0.0005242
dresser 0 0 -10 1.42 237.14 57.54 441.15 0.0005208
bathtub 0 0 -10 2.57 265.77 57.33 430.44 0.0004711
desk 0 0 -10 33.58 5.23 730.00 189.89 0.0004584
sofa 0 0 -10 2.37 240.32 57.56 444.37 0.0004407
chair 0 0 -10 1.21 475.55 126.35 530.00 0.0004377
desk 0 0 -10 95.50 101.93 170.91 232.98 0.0004268
toilet 0 0 -10 194.94 126.42 594.17 506.68 0.0004197
desk 0 0 -10 171.38 155.49 466.39 413.89 0.0004053
sofa 0 0 -10 104.72 119.41 253.37 281.55 0.0003963
chair 0 0 -10 282.84 123.10 497.90 349.32 0.0003889
bookshelf 0 0 -10 59.40 39.71 217.32 241.12 0.0003814
table 0 0 -10 1.55 1.60 146.32 111.48 0.0003593
toilet 0 0 -10 2.44 262.09 56.24 431.99 0.0003575
chair 0 0 -10 434.26 227.93 730.00 530.00 0.0003550
chair 0 0 -10 288.89 360.41 605.01 528.80 0.0003449
desk 0 0 -10 20.25 67.83 270.16 289.95 0.0003416
chair 0 0 -10 65.44 37.19 225.98 145.07 0.0003391
table 0 0 -10 56.38 162.44 277.59 395.03 0.0003199
sofa 0 0 -10 109.80 113.15 414.63 382.51 0.0003176
sofa 0 0 -10 73.46 92.60 164.69 224.26 0.0003113
desk 0 0 -10 11.86 186.17 373.63 458.31 0.0003008
