chair 0 0 -10 116.23 156.41 372.26 470.08 0.9894645
chair 0 0 -10 277.43 34.49 427.48 197.80 0.9889649
chair 0 0 -10 462.13 42.77 689.49 297.75 0.9889138
chair 0 0 -10 264.10 204.48 557.60 529.61 0.9879109
chair 0 0 -10 374.47 37.55 540.25 214.72 0.9852191
chair 0 0 -10 207.96 26.55 340.40 161.79 0.9785993
chair 0 0 -10 6.50 113.55 152.96 297.03 0.9785643
chair 0 0 -10 48.24 144.03 251.31 369.90 0.9743430
chair 0 0 -10 2.17 99.13 83.96 261.05 0.8890687
chair 0 0 -10 153.91 22.00 262.61 142.73 0.8463446
chair 0 0 -10 103.43 19.94 202.27 124.10 0.7716352
chair 0 0 -10 586.65 2.80 728.90 164.33 0.6784755
chair 0 0 -10 516.47 0.60 630.36 45.66 0.5938032
chair 0 0 -10 320.09 32.70 480.23 222.83 0.3664534
chair 0 0 -10 429.95 0.57 533.12 41.65 0.3159029
chair 0 0 -10 177.71 19.36 264.82 97.52 0.2564123
chair 0 0 -10 504.47 0.00 643.36 135.12 0.2353295
chair 0 0 -10 410.07 4.38 543.31 139.71 0.1970847
chair 0 0 -10 83.80 23.94 167.06 118.40 0.1947592
chair 0 0 -10 0.38 85.12 39.63 265.15 0.1916105
chair 0 0 -10 483.01 18.01 685.27 186.77 0.1657253
chair 0 0 -10 696.93 30.51 727.50 167.67 0.1563414
chair 0 0 -10 132.49 12.20 210.27 91.15 0.1519147
chair 0 0 -10 240.39 25.82 338.05 114.40 0.1107426
chair 0 0 -10 43.18 20.30 256.29 128.18 0.0956397
chair 0 0 -10 85.39 16.34 151.92 80.76 0.0762744
chair 0 0 -10 327.65 2.40 446.69 126.39 0.0618446
chair 0 0 -10 14.81 17.51 73.38 104.26 0.0536836
chair 0 0 -10 410.76 2.40 559.80 73.92 0.0532116
chair 0 0 -10 23.11 156.80 280.10 484.48 0.0463672
chair 0 0 -10 460.71 1.42 627.18 83.94 0.0385863
chair 0 0 -10 11.63 22.67 116.79 113.60 0.0378831
chair 0 0 -10 263.71 29.57 616.26 249.65 0.0364178
chair 0 0 -10 3.33 14.81 49.31 103.45 0.0350497
chair 0 0 -10 414.35 0.38 667.56 44.98 0.0338309
chair 0 0 -10 197.10 7.00 300.57 95.26 0.0323835
chair 0 0 -10 595.59 31.42 727.23 280.33 0.0300426
chair 0 0 -10 246.82 0.50 628.72 48.01 0.0266909
chair 0 0 -10 359.47 0.18 452.48 36.51 0.0239916
chair 0 0 -10 369.97 56.68 544.81 363.50 0.0238373
chair 0 0 -10 2.85 145.28 64.53 288.36 0.0236517
chair 0 0 -10 696.68 0.00 729.13 116.91 0.0233564
chair 0 0 -10 654.66 21.30 724.45 179.86 0.0207963
chair 0 0 -10 287.72 5.67 412.49 116.11 0.0198739
chair 0 0 -10 0.97 84.27 20.62 282.34 0.0195192
chair 0 0 -10 196.10 18.23 352.82 249.44 0.0192661
chair 0 0 -10 704.10 62.54 722.97 166.27 0.0189325
chair 0 0 -10 676.76 47.81 729.05 270.12 0.0171850
chair 0 0 -10 619.74 0.00 729.21 59.09 0.0162876
chair 0 0 -10 104.80 3.21 164.46 71.20 0.0160207
chair 0 0 -10 145.43 20.26 422.79 168.79 0.0155975
table 0 0 -10 1.26 27.46 118.06 112.60 0.0155712
chair 0 0 -10 254.94 0.00 367.67 104.07 0.0154373
chair 0 0 -10 74.96 7.34 464.70 99.85 0.0143264
chair 0 0 -10 216.04 31.54 458.07 236.21 0.0139557
table 0 0 -10 0.97 6.05 389.87 104.67 0.0131317
chair 0 0 -10 331.06 10.43 712.81 141.41 0.0129189
sofa 0 0 -10 73.95 18.12 202.92 104.05 0.0122490
chair 0 0 -10 709.87 43.42 727.75 142.23 0.0109062
sofa 0 0 -10 0.93 90.29 80.65 246.11 0.0099390
chair 0 0 -10 361.72 0.00 481.96 108.04 0.0098730
table 0 0 -10 14.17 270.79 150.72 352.34 0.0090754
chair 0 0 -10 136.99 2.57 196.32 67.30 0.0086494
chair 0 0 -10 212.30 129.86 386.74 404.17 0.0086017
sofa 0 0 -10 652.48 19.30 723.16 185.37 0.0083135
sofa 0 0 -10 15.91 16.36 284.95 124.57 0.0082468
sofa 0 0 -10 3.53 13.34 143.28 93.72 0.0080576
chair 0 0 -10 114.55 17.96 328.06 143.83 0.0070094
table 0 0 -10 578.58 41.96 724.53 294.45 0.0069582
chair 0 0 -10 703.97 62.92 727.01 112.85 0.0065179
table 0 0 -10 28.65 16.32 184.06 104.55 0.0057705
chair 0 0 -10 5.06 98.59 12.39 271.87 0.0056255
chair 0 0 -10 284.39 0.38 429.10 33.32 0.0054225
chair 0 0 -10 344.73 122.28 677.22 429.52 0.0054105
chair 0 0 -10 179.50 2.20 250.75 70.92 0.0053367
sofa 0 0 -10 0.00 91.28 43.58 206.08 0.0052878
table 0 0 -10 64.62 33.29 203.37 135.30 0.0050434
chair 0 0 -10 259.46 155.48 494.25 422.58 0.0049824
chair 0 0 -10 2.31 87.09 8.96 237.30 0.0048454
table 0 0 -10 471.10 35.99 697.38 213.22 0.0046827
chair 0 0 -10 158.68 80.32 351.90 316.24 0.0045694
chair 0 0 -10 80.61 251.19 324.81 504.77 0.0044612
chair 0 0 -10 1.82 97.00 23.01 198.16 0.0043228
table 0 0 -10 420.37 135.35 528.13 223.32 0.0042265
chair 0 0 -10 66.41 45.97 230.71 233.18 0.0040867
chair 0 0 -10 260.52 0.72 377.37 39.52 0.0040537
table 0 0 -10 2.53 81.62 80.91 238.46 0.0039487
table 0 0 -10 194.41 31.26 369.68 171.75 0.0039053
chair 0 0 -10 720.98 19.52 729.48 160.00 0.0038892
table 0 0 -10 80.23 217.79 552.13 526.18 0.0038052
table 0 0 -10 675.61 69.43 728.28 270.41 0.0037925
chair 0 0 -10 55.35 27.45 148.17 90.05 0.0036936
table 0 0 -10 48.32 25.95 308.74 141.51 0.0036826
chair 0 0 -10 180.75 2.00 295.01 35.43 0.0036703
sofa 0 0 -10 700.99 54.65 729.08 188.44 0.0035180
table 0 0 -10 2.87 145.10 152.78 314.55 0.0034759
chair 0 0 -10 709.95 75.98 729.62 166.96 0.0034704
sofa 0 0 -10 593.52 8.45 730.00 164.50 0.0033104
desk 0 0 -10 0.00 1.92 395.41 107.60 0.0032886
chair 0 0 -10 253.13 83.23 448.24 336.16 0.0031490
