desk 0 0 -10 144.66 204.30 509.96 463.91 0.4868141
table 0 0 -10 150.43 180.48 494.04 478.15 0.2041873
dresser 0 0 -10 148.78 184.98 495.73 474.81 0.0352185
night_stand 0 0 -10 160.04 182.30 494.09 471.53 0.0128246
table 0 0 -10 339.08 102.07 494.15 224.50 0.0039027
chair 0 0 -10 350.12 49.15 468.50 134.89 0.0021991
bookshelf 0 0 -10 157.52 203.40 497.06 481.31 0.0016673
desk 0 0 -10 91.74 45.44 618.95 444.88 0.0016209
table 0 0 -10 545.13 288.57 727.30 530.00 0.0014990
table 0 0 -10 161.44 150.34 498.90 318.86 0.0014753
chair 0 0 -10 368.38 51.82 437.37 112.55 0.0014258
table 0 0 -10 291.81 88.36 499.75 281.48 0.0012115
chair 0 0 -10 337.89 24.81 498.13 203.06 0.0011347
table 0 0 -10 197.45 183.20 493.79 261.63 0.0010590
bed 0 0 -10 556.95 266.78 730.00 530.00 0.0010022
table 0 0 -10 211.78 267.30 693.13 525.53 0.0007994
desk 0 0 -10 260.74 108.73 498.74 307.73 0.0006193
table 0 0 -10 171.64 97.30 490.51 226.31 0.0006124
table 0 0 -10 103.28 75.55 586.20 434.81 0.0006072
toilet 0 0 -10 169.18 200.82 513.93 513.88 0.0005971
chair 0 0 -10 199.42 215.41 529.26 492.66 0.0005696
bathtub 0 0 -10 153.21 221.38 495.59 484.05 0.0005520
table 0 0 -10 17.70 15.53 620.19 280.97 0.0005139
chair 0 0 -10 392.53 49.31 454.75 127.64 0.0005036
chair 0 0 -10 550.18 241.56 730.00 522.84 0.0004782
bed 0 0 -10 154.36 179.84 519.61 494.52 0.0004552
desk 0 0 -10 160.37 148.02 529.86 362.29 0.0004532
chair 0 0 -10 320.24 68.91 497.43 297.92 0.0004282
table 0 0 -10 244.34 168.74 492.13 235.06 0.0003871
chair 0 0 -10 386.38 38.77 463.94 168.01 0.0003217
chair 0 0 -10 331.95 46.34 423.38 173.43 0.0003204
desk 0 0 -10 198.47 262.55 723.06 524.38 0.0003008
table 0 0 -10 360.82 111.83 478.07 176.25 0.0002980
chair 0 0 -10 296.57 299.40 717.51 530.00 0.0002492
table 0 0 -10 357.49 95.57 477.54 148.67 0.0002471
dresser 0 0 -10 633.49 5.15 729.10 299.26 0.0002393
sofa 0 0 -10 163.33 207.04 515.59 488.93 0.0002079
night_stand 0 0 -10 346.80 95.95 501.34 229.13 0.0002056
table 0 0 -10 38.25 305.70 442.54 528.75 0.0001999
table 0 0 -10 647.10 300.71 727.96 530.00 0.0001933
chair 0 0 -10 556.15 355.40 730.00 458.74 0.0001748
bathtub 0 0 -10 670.56 110.10 729.84 346.00 0.0001687
table 0 0 -10 351.06 170.97 489.39 210.79 0.0001605
bathtub 0 0 -10 645.71 160.96 730.00 527.89 0.0001477
chair 0 0 -10 107.49 104.87 498.29 472.46 0.0001476
table 0 0 -10 562.94 357.81 728.49 463.09 0.0001423
chair 0 0 -10 330.95 102.19 431.22 303.83 0.0001362
bathtub 0 0 -10 558.43 253.03 730.00 528.04 0.0001354
table 0 0 -10 308.03 43.89 506.99 213.45 0.0001303
dresser 0 0 -10 559.97 256.90 728.31 528.71 0.0001281
desk 0 0 -10 559.67 266.47 730.00 530.00 0.0001219
chair 0 0 -10 10.67 324.47 366.14 530.00 0.0001210
desk 0 0 -10 195.49 182.38 502.84 262.83 0.0001207
table 0 0 -10 669.94 108.44 728.17 340.68 0.0001157
desk 0 0 -10 334.43 107.30 498.65 246.49 0.0001121
dresser 0 0 -10 285.18 88.47 497.84 374.79 0.0001098
dresser 0 0 -10 670.97 110.70 728.42 335.22 0.0001040
desk 0 0 -10 9.82 8.42 647.92 284.66 0.0001030
sofa 0 0 -10 558.98 259.67 730.00 530.00 0.0001009
table 0 0 -10 639.80 17.21 727.35 352.01 0.0001007
bathtub 0 0 -10 643.54 0.00 730.00 221.14 0.0001006
dresser 0 0 -10 239.15 265.53 699.93 519.98 0.0001001
chair 0 0 -10 228.54 107.28 381.25 291.82 0.0001000
chair 0 0 -10 350.05 74.80 491.85 169.20 0.0000970
desk 0 0 -10 147.06 162.14 328.15 465.58 0.0000938
table 0 0 -10 335.34 78.21 490.99 171.89 0.0000931
table 0 0 -10 419.99 286.13 719.05 470.19 0.0000908
chair 0 0 -10 652.80 357.53 730.00 530.00 0.0000908
bathtub 0 0 -10 622.55 64.71 730.00 332.14 0.0000904
chair 0 0 -10 421.18 276.65 721.98 473.94 0.0000845
chair 0 0 -10 0.06 183.28 44.16 438.93 0.0000841
chair 0 0 -10 12.58 185.61 262.38 506.97 0.0000838
bed 0 0 -10 643.08 176.79 730.00 530.00 0.0000769
chair 0 0 -10 333.73 83.43 413.23 154.66 0.0000757
bathtub 0 0 -10 660.55 357.44 730.00 530.00 0.0000753
desk 0 0 -10 245.49 167.27 498.70 235.42 0.0000733
dresser 0 0 -10 607.14 23.15 730.00 440.76 0.0000729
dresser 0 0 -10 645.22 163.89 730.00 522.30 0.0000729
desk 0 0 -10 26.10 303.28 461.53 528.36 0.0000724
bed 0 0 -10 225.37 262.43 720.87 530.00 0.0000694
chair 0 0 -10 304.38 0.00 540.46 376.58 0.0000686
table 0 0 -10 155.60 174.19 322.28 458.42 0.0000679
chair 0 0 -10 482.41 354.57 727.10 530.00 0.0000678
bathtub 0 0 -10 692.28 22.21 730.00 288.78 0.0000655
chair 0 0 -10 429.08 166.01 656.14 356.22 0.0000653
desk 0 0 -10 634.16 6.83 730.00 303.81 0.0000644
table 0 0 -10 315.34 197.01 490.21 439.43 0.0000628
table 0 0 -10 416.61 133.16 695.43 307.70 0.0000625
chair 0 0 -10 553.58 140.26 730.00 384.78 0.0000602
chair 0 0 -10 595.83 312.70 730.00 499.59 0.0000597
chair 0 0 -10 179.31 14.06 500.50 338.92 0.0000580
chair 0 0 -10 253.87 17.09 542.55 159.30 0.0000573
sofa 0 0 -10 126.47 48.71 502.73 449.28 0.0000564
chair 0 0 -10 638.52 170.08 730.00 525.47 0.0000544
bathtub 0 0 -10 559.40 362.51 730.00 458.01 0.0000543
table 0 0 -10 605.94 49.42 730.00 456.52 0.0000514
table 0 0 -10 86.52 101.26 455.72 291.95 0.0000511
bathtub 0 0 -10 221.13 271.14 718.38 522.11 0.0000507
table 0 0 -10 592.82 286.73 725.56 442.92 0.0000495
chair 0 0 -10 632.48 20.31 728.66 346.22 0.0000489
