toilet 0 0 -10 86.72 256.43 255.84 427.00 0.9899994
bathtub 0 0 -10 158.03 197.19 532.76 415.39 0.1138009
desk 0 0 -10 244.01 188.68 536.34 425.47 0.0522310
table 0 0 -10 317.47 409.11 501.33 426.51 0.0514296
chair 0 0 -10 303.57 398.58 511.96 427.00 0.0505529
toilet 0 0 -10 178.71 188.10 521.86 427.00 0.0401563
bathtub 0 0 -10 327.21 408.95 505.31 426.40 0.0305136
dresser 0 0 -10 242.91 189.84 539.91 427.00 0.0276709
bathtub 0 0 -10 237.20 175.45 535.51 278.94 0.0275926
bathtub 0 0 -10 263.54 397.46 505.71 423.94 0.0247646
table 0 0 -10 243.73 189.43 532.96 423.48 0.0245447
bed 0 0 -10 321.48 408.83 504.50 426.65 0.0243294
sofa 0 0 -10 302.82 400.18 508.06 426.67 0.0210024
table 0 0 -10 267.76 398.09 502.85 424.67 0.0203607
bathtub 0 0 -10 9.37 187.36 372.79 287.54 0.0184958
bathtub 0 0 -10 503.89 321.45 561.00 424.50 0.0176600
chair 0 0 -10 68.27 239.18 263.91 422.65 0.0142262
table 0 0 -10 334.37 417.63 479.19 426.29 0.0135068
bed 0 0 -10 273.15 398.70 506.00 424.77 0.0127616
bathtub 0 0 -10 335.13 417.65 484.19 426.40 0.0121721
bed 0 0 -10 334.84 417.74 484.12 426.46 0.0115581
bathtub 0 0 -10 13.41 189.53 275.20 403.60 0.0113795
table 0 0 -10 355.47 390.31 470.52 426.51 0.0104714
toilet 0 0 -10 6.70 186.47 260.65 423.40 0.0102166
toilet 0 0 -10 479.69 282.05 560.71 427.00 0.0100546
chair 0 0 -10 355.75 387.83 476.33 426.76 0.0090018
toilet 0 0 -10 329.96 408.51 502.71 426.66 0.0086266
bathtub 0 0 -10 15.43 156.30 532.93 340.65 0.0084638
sofa 0 0 -10 337.14 417.59 482.09 426.47 0.0079271
toilet 0 0 -10 263.78 397.12 506.13 424.21 0.0077999
table 0 0 -10 364.52 407.01 484.73 423.16 0.0074186
table 0 0 -10 334.77 422.86 478.55 427.00 0.0071048
bathtub 0 0 -10 356.23 389.22 473.87 426.54 0.0062359
bathtub 0 0 -10 249.67 192.87 496.16 249.31 0.0056908
bathtub 0 0 -10 468.04 413.21 560.45 427.00 0.0056896
toilet 0 0 -10 74.82 260.50 166.96 427.00 0.0054260
toilet 0 0 -10 74.49 263.58 412.42 427.00 0.0051347
chair 0 0 -10 375.23 408.74 486.15 425.29 0.0050268
bathtub 0 0 -10 386.59 391.47 448.75 426.58 0.0049891
bathtub 0 0 -10 2.93 215.41 291.44 269.63 0.0047235
chair 0 0 -10 385.59 389.76 449.24 426.64 0.0046677
toilet 0 0 -10 31.76 385.00 263.95 425.64 0.0043411
bathtub 0 0 -10 333.85 422.74 482.19 427.00 0.0041362
night_stand 0 0 -10 243.17 181.44 543.98 421.56 0.0038538
desk 0 0 -10 294.81 400.98 508.21 426.93 0.0037933
toilet 0 0 -10 355.15 388.25 471.99 427.00 0.0036222
bathtub 0 0 -10 82.38 245.35 243.90 410.51 0.0033902
sofa 0 0 -10 275.69 413.54 506.81 427.00 0.0032700
bathtub 0 0 -10 370.23 407.02 486.97 422.33 0.0031195
sofa 0 0 -10 367.80 409.38 485.44 425.16 0.0031157
chair 0 0 -10 338.15 324.47 552.25 427.00 0.0030142
chair 0 0 -10 339.55 417.36 483.02 426.33 0.0029104
toilet 0 0 -10 95.16 347.91 474.96 427.00 0.0028468
bathtub 0 0 -10 254.38 350.85 531.33 422.85 0.0027868
table 0 0 -10 519.06 314.07 559.08 427.00 0.0027509
bathtub 0 0 -10 244.54 274.85 550.28 424.34 0.0026674
toilet 0 0 -10 508.50 320.35 559.80 427.00 0.0025508
table 0 0 -10 458.65 406.06 554.78 426.65 0.0025380
bathtub 0 0 -10 534.05 339.17 560.86 426.34 0.0023830
table 0 0 -10 352.16 424.76 477.12 427.00 0.0023381
desk 0 0 -10 332.57 417.65 484.19 426.31 0.0022313
toilet 0 0 -10 336.73 417.57 481.34 426.53 0.0021975
dresser 0 0 -10 301.00 399.62 506.71 426.45 0.0021963
toilet 0 0 -10 63.98 335.91 254.76 427.00 0.0021831
table 0 0 -10 482.90 283.91 557.36 427.00 0.0021668
bathtub 0 0 -10 458.97 263.62 559.74 422.55 0.0021612
bed 0 0 -10 356.52 390.09 476.21 427.00 0.0021522
toilet 0 0 -10 386.18 390.59 447.57 427.00 0.0021406
chair 0 0 -10 447.92 305.39 556.54 426.04 0.0021313
desk 0 0 -10 19.29 210.31 290.73 421.81 0.0021262
chair 0 0 -10 403.61 399.36 549.33 427.00 0.0020409
night_stand 0 0 -10 304.48 400.61 508.15 426.28 0.0019515
dresser 0 0 -10 336.35 417.60 484.36 426.48 0.0019456
desk 0 0 -10 362.19 409.60 484.98 425.11 0.0018861
sofa 0 0 -10 357.24 389.38 475.12 427.00 0.0018104
bathtub 0 0 -10 530.41 291.46 561.00 414.04 0.0017424
chair 0 0 -10 289.43 371.76 515.38 426.13 0.0017160
bathtub 0 0 -10 501.69 221.06 561.00 422.93 0.0017074
bookshelf 0 0 -10 304.55 396.93 505.52 426.08 0.0016453
chair 0 0 -10 267.36 413.15 510.30 426.83 0.0015796
bed 0 0 -10 335.19 422.89 481.59 427.00 0.0014369
bathtub 0 0 -10 45.02 263.88 375.61 416.38 0.0014055
chair 0 0 -10 183.84 2.41 233.78 45.72 0.0014045
bathtub 0 0 -10 218.47 165.79 456.38 335.88 0.0013705
chair 0 0 -10 268.26 238.90 543.55 422.26 0.0013658
bed 0 0 -10 458.33 408.70 558.24 427.00 0.0013104
table 0 0 -10 414.67 400.86 545.64 427.00 0.0012131
table 0 0 -10 17.93 217.15 282.76 418.60 0.0012082
bed 0 0 -10 242.74 178.13 537.59 427.00 0.0012080
chair 0 0 -10 152.52 3.54 226.08 49.54 0.0011452
bookshelf 0 0 -10 250.76 135.52 533.98 427.00 0.0011451
table 0 0 -10 465.05 416.76 555.55 427.00 0.0011445
bathtub 0 0 -10 352.52 424.69 480.77 427.00 0.0010477
table 0 0 -10 141.49 1.81 277.00 63.86 0.0010398
dresser 0 0 -10 370.09 409.38 483.96 425.09 0.0010207
chair 0 0 -10 151.28 0.90 274.89 59.41 0.0010183
toilet 0 0 -10 423.73 254.69 556.34 427.00 0.0010020
bathtub 0 0 -10 433.05 328.44 554.38 416.00 0.0010007
toilet 0 0 -10 372.09 406.63 485.54 422.95 0.0009900
sofa 0 0 -10 337.27 422.81 479.64 427.00 0.0009775
