chair 0 0 -10 140.23 252.97 214.39 317.84 0.9607309
table 0 0 -10 0.00 317.27 389.78 427.00 0.9516237
chair 0 0 -10 272.68 362.51 456.83 427.00 0.9295436
chair 0 0 -10 171.50 307.15 271.83 356.36 0.9117240
chair 0 0 -10 221.18 322.07 345.25 390.76 0.8809066
chair 0 0 -10 245.13 315.57 371.72 411.30 0.6694988
chair 0 0 -10 166.83 304.65 285.42 396.54 0.6624055
chair 0 0 -10 165.60 317.20 503.53 425.51 0.3798442
chair 0 0 -10 283.42 324.44 405.64 423.91 0.2465037
chair 0 0 -10 138.35 314.73 328.80 418.85 0.2375564
chair 0 0 -10 139.08 265.95 261.56 355.12 0.2074841
chair 0 0 -10 125.27 250.32 220.73 364.81 0.1307284
chair 0 0 -10 359.56 366.68 473.97 427.00 0.1270086
desk 0 0 -10 0.00 309.31 425.14 427.00 0.0929985
table 0 0 -10 1.43 235.58 152.83 367.91 0.0724986
chair 0 0 -10 89.77 301.58 312.95 387.98 0.0700504
chair 0 0 -10 370.63 356.95 547.68 427.00 0.0459210
table 0 0 -10 10.68 306.48 308.81 391.96 0.0427804
chair 0 0 -10 110.97 271.21 241.15 393.83 0.0413943
chair 0 0 -10 31.21 340.45 301.61 425.15 0.0354392
table 0 0 -10 1.53 285.11 167.86 403.27 0.0345643
chair 0 0 -10 192.90 381.09 398.30 426.99 0.0321861
chair 0 0 -10 147.14 260.17 318.55 382.31 0.0195338
chair 0 0 -10 310.43 412.29 473.01 427.00 0.0182646
chair 0 0 -10 121.52 227.51 253.43 339.16 0.0164568
chair 0 0 -10 261.53 320.93 332.69 380.74 0.0156149
table 0 0 -10 258.15 348.87 383.79 427.00 0.0140222
table 0 0 -10 163.05 315.26 368.70 412.16 0.0138049
chair 0 0 -10 414.83 374.48 487.48 427.00 0.0128855
chair 0 0 -10 149.41 294.99 427.31 396.63 0.0126929
table 0 0 -10 134.88 307.41 260.22 346.66 0.0113371
chair 0 0 -10 322.42 315.33 551.18 426.43 0.0110523
desk 0 0 -10 0.00 231.28 145.70 366.28 0.0095596
chair 0 0 -10 173.59 297.51 242.30 373.89 0.0095176
chair 0 0 -10 106.04 391.05 366.40 426.24 0.0093392
desk 0 0 -10 152.39 327.84 370.99 425.86 0.0080685
chair 0 0 -10 154.69 298.99 266.86 332.91 0.0080586
table 0 0 -10 18.89 277.21 242.98 373.07 0.0076100
chair 0 0 -10 5.20 312.13 212.64 423.43 0.0064220
desk 0 0 -10 0.00 202.28 393.41 416.90 0.0058430
bed 0 0 -10 1.86 323.50 353.80 427.00 0.0052909
table 0 0 -10 99.34 307.70 277.50 373.68 0.0049300
table 0 0 -10 56.19 368.37 372.74 427.00 0.0048359
bathtub 0 0 -10 4.53 2.10 408.27 94.48 0.0045339
chair 0 0 -10 95.28 206.56 363.67 416.33 0.0044918
chair 0 0 -10 213.29 309.85 264.88 341.62 0.0044506
table 0 0 -10 443.90 410.15 479.76 427.00 0.0044506
table 0 0 -10 305.64 412.46 469.13 427.00 0.0043619
desk 0 0 -10 89.82 308.79 327.68 414.19 0.0042238
table 0 0 -10 210.83 328.85 485.22 420.89 0.0041774
table 0 0 -10 223.43 318.49 349.45 383.06 0.0041241
chair 0 0 -10 394.58 413.01 464.22 427.00 0.0040398
table 0 0 -10 304.88 380.41 492.49 425.63 0.0039099
table 0 0 -10 316.79 357.87 540.17 427.00 0.0036900
table 0 0 -10 360.84 413.87 532.16 427.00 0.0036841
chair 0 0 -10 245.57 276.28 417.90 418.46 0.0031293
table 0 0 -10 172.84 311.54 286.85 363.04 0.0030549
chair 0 0 -10 303.23 299.80 438.14 408.77 0.0030532
chair 0 0 -10 286.51 404.83 429.15 427.00 0.0028878
table 0 0 -10 421.95 367.20 546.23 427.00 0.0028266
chair 0 0 -10 0.88 277.79 147.56 401.62 0.0027650
table 0 0 -10 0.00 210.19 390.22 411.42 0.0027290
chair 0 0 -10 146.22 294.19 237.45 324.64 0.0026984
table 0 0 -10 269.82 401.58 383.05 427.00 0.0023634
chair 0 0 -10 445.06 383.02 518.27 427.00 0.0023536
chair 0 0 -10 326.44 336.13 480.65 414.19 0.0022807
table 0 0 -10 388.34 417.48 470.22 426.88 0.0022134
desk 0 0 -10 3.43 129.39 324.54 348.78 0.0021518
sofa 0 0 -10 396.88 371.59 543.63 427.00 0.0020394
chair 0 0 -10 295.74 377.42 414.75 427.00 0.0020276
table 0 0 -10 445.21 422.04 463.89 426.97 0.0019871
chair 0 0 -10 361.42 413.47 533.23 426.95 0.0018602
desk 0 0 -10 264.42 348.82 380.30 427.00 0.0018566
table 0 0 -10 440.55 385.12 503.90 427.00 0.0018065
table 0 0 -10 121.38 296.89 297.00 408.73 0.0017882
table 0 0 -10 441.32 424.38 495.06 426.99 0.0017788
sofa 0 0 -10 4.21 310.19 340.77 424.56 0.0017731
chair 0 0 -10 269.81 284.95 369.30 386.89 0.0016808
table 0 0 -10 288.58 360.90 429.97 426.65 0.0016647
chair 0 0 -10 439.63 386.46 484.75 427.00 0.0016274
chair 0 0 -10 432.91 352.40 503.41 427.00 0.0016117
chair 0 0 -10 318.03 296.14 386.32 403.31 0.0015634
desk 0 0 -10 129.30 303.24 271.33 365.34 0.0015279
chair 0 0 -10 440.36 410.31 474.07 427.00 0.0015216
table 0 0 -10 439.75 421.88 490.21 427.00 0.0014146
table 0 0 -10 362.34 420.88 449.40 427.00 0.0014126
chair 0 0 -10 98.32 160.92 283.42 330.39 0.0013968
table 0 0 -10 0.29 292.23 60.84 408.51 0.0013834
table 0 0 -10 157.77 287.39 273.44 349.93 0.0013514
table 0 0 -10 437.76 410.93 554.03 427.00 0.0013286
desk 0 0 -10 0.09 283.16 165.96 407.52 0.0013233
chair 0 0 -10 221.96 301.20 345.30 359.17 0.0013205
table 0 0 -10 272.72 309.91 373.09 406.18 0.0012863
table 0 0 -10 78.51 283.24 252.20 347.59 0.0012809
chair 0 0 -10 163.71 282.62 236.27 345.41 0.0012655
chair 0 0 -10 64.37 237.64 255.81 373.49 0.0012584
desk 0 0 -10 0.00 228.47 232.90 404.52 0.0012333
table 0 0 -10 123.57 266.35 231.55 332.94 0.0012211
bed 0 0 -10 8.88 165.86 130.26 219.30 0.0011594
desk 0 0 -10 222.66 328.00 489.53 422.80 0.0011081
