chair 0 0 -10 123.33 189.43 452.24 530.00 0.9881700
chair 0 0 -10 450.05 104.13 642.39 335.72 0.9838757
chair 0 0 -10 498.77 141.35 726.38 508.75 0.9779249
chair 0 0 -10 385.40 95.78 518.64 243.77 0.9373102
chair 0 0 -10 132.87 178.67 330.27 388.58 0.9054595
chair 0 0 -10 3.81 196.75 119.63 374.98 0.9034350
chair 0 0 -10 408.79 91.61 575.33 292.47 0.8256072
chair 0 0 -10 239.64 100.84 330.03 200.96 0.7428616
chair 0 0 -10 28.60 174.07 150.98 343.83 0.7413745
chair 0 0 -10 3.79 222.38 93.59 464.27 0.6485884
chair 0 0 -10 210.17 141.84 327.28 216.68 0.6238599
chair 0 0 -10 179.83 169.86 336.47 317.69 0.5813028
chair 0 0 -10 617.91 42.29 727.63 190.45 0.5756493
chair 0 0 -10 439.83 87.19 553.65 235.46 0.4228864
chair 0 0 -10 667.09 58.40 729.78 208.39 0.3548363
chair 0 0 -10 396.08 70.00 483.06 184.43 0.2426674
chair 0 0 -10 539.81 38.00 640.89 143.88 0.2050539
chair 0 0 -10 189.61 158.96 311.63 249.02 0.1743257
chair 0 0 -10 66.65 157.92 182.20 304.55 0.1718317
chair 0 0 -10 51.01 187.50 221.09 361.41 0.1396991
chair 0 0 -10 190.96 164.51 391.68 403.76 0.1381001
chair 0 0 -10 455.85 86.71 557.52 170.83 0.1188121
chair 0 0 -10 88.76 143.01 193.89 245.72 0.1090486
chair 0 0 -10 204.72 122.47 350.21 275.37 0.0980433
chair 0 0 -10 222.95 134.20 314.72 187.16 0.0936420
chair 0 0 -10 128.71 183.59 296.32 307.78 0.0867069
chair 0 0 -10 0.34 229.43 52.88 485.06 0.0789233
chair 0 0 -10 241.36 118.64 322.24 162.41 0.0729649
chair 0 0 -10 1.66 198.30 62.44 382.88 0.0558637
chair 0 0 -10 578.04 38.78 686.06 148.26 0.0547531
chair 0 0 -10 680.93 41.00 728.65 161.88 0.0544038
chair 0 0 -10 452.99 96.91 608.49 199.04 0.0483393
table 0 0 -10 676.20 67.38 728.97 197.65 0.0388592
chair 0 0 -10 127.76 131.46 200.91 207.63 0.0376263
chair 0 0 -10 396.41 103.31 466.37 221.61 0.0356612
chair 0 0 -10 628.68 60.10 697.71 159.93 0.0347303
desk 0 0 -10 19.60 199.11 152.03 394.35 0.0284152
table 0 0 -10 400.84 132.30 702.34 383.59 0.0276871
table 0 0 -10 3.79 206.75 143.88 391.70 0.0272599
chair 0 0 -10 198.41 77.25 354.10 214.14 0.0244072
chair 0 0 -10 1.88 193.28 165.34 462.82 0.0228777
chair 0 0 -10 537.48 43.74 683.65 200.31 0.0212306
table 0 0 -10 493.09 175.83 728.74 424.00 0.0187297
table 0 0 -10 14.21 189.10 222.29 365.18 0.0174612
chair 0 0 -10 554.74 53.22 633.92 118.67 0.0173176
chair 0 0 -10 544.60 38.28 612.46 111.08 0.0173072
chair 0 0 -10 624.49 39.37 729.40 375.07 0.0172568
chair 0 0 -10 104.47 183.47 212.37 290.34 0.0169358
chair 0 0 -10 693.81 7.94 729.99 124.36 0.0163813
chair 0 0 -10 631.49 12.10 723.58 113.88 0.0150133
chair 0 0 -10 402.82 72.68 478.98 137.72 0.0125906
chair 0 0 -10 5.46 217.09 82.59 312.60 0.0124250
chair 0 0 -10 642.66 35.24 719.63 150.71 0.0123413
table 0 0 -10 388.66 116.34 596.62 326.53 0.0111446
chair 0 0 -10 706.72 17.38 730.00 164.81 0.0108426
chair 0 0 -10 401.35 67.95 473.08 107.97 0.0107452
desk 0 0 -10 404.01 129.29 702.11 387.40 0.0104808
chair 0 0 -10 123.34 180.92 191.02 242.34 0.0099596
chair 0 0 -10 277.57 155.53 469.47 478.77 0.0099562
table 0 0 -10 116.59 193.13 539.59 518.58 0.0090435
table 0 0 -10 581.87 54.30 725.55 178.05 0.0085924
table 0 0 -10 5.66 220.62 101.13 467.49 0.0077518
chair 0 0 -10 469.83 69.64 555.94 112.12 0.0077395
chair 0 0 -10 602.37 176.01 728.35 503.65 0.0072137
chair 0 0 -10 3.53 191.54 98.76 281.71 0.0071232
chair 0 0 -10 332.67 115.36 609.07 358.35 0.0068139
desk 0 0 -10 496.15 174.86 729.12 427.32 0.0064704
table 0 0 -10 25.38 182.74 156.75 329.90 0.0063693
desk 0 0 -10 677.83 62.94 728.96 199.31 0.0061628
desk 0 0 -10 45.44 176.91 172.47 340.46 0.0054155
table 0 0 -10 2.28 250.55 57.18 490.48 0.0053692
desk 0 0 -10 3.69 220.66 105.70 410.12 0.0053345
chair 0 0 -10 0.00 150.56 52.20 332.51 0.0049968
chair 0 0 -10 682.32 2.47 728.06 56.59 0.0049143
table 0 0 -10 393.74 107.57 535.80 256.94 0.0045209
chair 0 0 -10 719.02 41.09 729.44 152.34 0.0044389
desk 0 0 -10 392.22 115.01 591.36 322.08 0.0044243
chair 0 0 -10 281.70 114.17 530.14 288.87 0.0042387
chair 0 0 -10 706.36 3.41 723.00 60.60 0.0042156
chair 0 0 -10 522.69 170.71 724.84 357.69 0.0039576
chair 0 0 -10 144.13 149.66 265.27 243.75 0.0037927
table 0 0 -10 59.18 189.98 325.95 413.14 0.0033378
table 0 0 -10 294.10 161.47 678.32 501.04 0.0026010
sofa 0 0 -10 672.96 53.13 729.60 209.27 0.0025371
chair 0 0 -10 1.85 207.61 28.08 488.76 0.0025171
desk 0 0 -10 3.11 247.86 55.27 487.26 0.0024349
chair 0 0 -10 46.21 131.86 237.30 250.33 0.0022544
sofa 0 0 -10 1.32 221.43 112.61 480.31 0.0021880
chair 0 0 -10 66.36 152.52 306.47 440.39 0.0021631
chair 0 0 -10 710.45 85.24 730.00 163.64 0.0017179
desk 0 0 -10 610.35 59.66 726.73 183.27 0.0017118
table 0 0 -10 457.17 136.92 619.44 361.18 0.0016548
table 0 0 -10 547.93 51.76 685.99 136.83 0.0016399
desk 0 0 -10 3.82 181.26 192.28 457.36 0.0015845
chair 0 0 -10 707.52 113.25 730.00 154.52 0.0014299
chair 0 0 -10 580.58 62.91 618.74 114.47 0.0013993
chair 0 0 -10 325.03 140.88 683.77 457.25 0.0013555
chair 0 0 -10 672.07 137.16 730.00 401.76 0.0013318
desk 0 0 -10 67.65 187.18 329.48 413.30 0.0012931
sofa 0 0 -10 432.26 117.68 622.77 354.80 0.0012875
