bed 0 0 -10 106.19 164.32 552.63 422.40 0.3251519
chair 0 0 -10 0.54 216.80 60.95 406.56 0.1438435
table 0 0 -10 117.69 225.85 554.70 427.00 0.1169987
bed 0 0 -10 4.06 94.62 558.74 352.19 0.1164634
chair 0 0 -10 131.44 201.08 365.17 427.00 0.0935256
dresser 0 0 -10 252.42 188.42 549.15 427.00 0.0698938
bed 0 0 -10 326.68 166.54 559.52 416.55 0.0637477
table 0 0 -10 0.78 230.86 42.79 427.00 0.0542048
sofa 0 0 -10 111.68 183.94 552.12 422.06 0.0531751
chair 0 0 -10 404.30 70.91 507.06 198.56 0.0472186
table 0 0 -10 132.59 185.13 393.14 405.72 0.0454550
desk 0 0 -10 71.62 175.76 549.15 427.00 0.0318551
bed 0 0 -10 112.95 197.52 367.99 426.16 0.0311271
chair 0 0 -10 18.98 202.12 95.78 336.69 0.0282933
chair 0 0 -10 331.94 193.30 500.89 422.34 0.0280520
table 0 0 -10 178.13 181.98 396.48 235.08 0.0276802
desk 0 0 -10 3.27 206.83 59.76 408.90 0.0234814
bed 0 0 -10 0.00 212.21 61.36 352.84 0.0214581
table 0 0 -10 57.96 282.88 355.04 425.26 0.0212723
table 0 0 -10 2.91 207.69 72.35 419.88 0.0177684
table 0 0 -10 140.46 180.06 549.39 251.67 0.0174868
chair 0 0 -10 441.78 158.15 561.00 389.57 0.0171367
table 0 0 -10 4.25 230.31 133.18 397.98 0.0169303
chair 0 0 -10 0.99 320.59 44.49 421.18 0.0161180
sofa 0 0 -10 0.70 218.00 61.41 350.69 0.0146748
chair 0 0 -10 2.09 247.51 48.31 361.67 0.0144204
table 0 0 -10 123.81 173.18 435.30 299.87 0.0140939
night_stand 0 0 -10 301.56 241.28 561.00 427.00 0.0134701
table 0 0 -10 333.64 251.74 552.30 427.00 0.0119501
chair 0 0 -10 4.45 181.34 37.96 425.42 0.0116611
dresser 0 0 -10 530.23 148.53 558.24 401.21 0.0111127
table 0 0 -10 0.08 237.54 57.10 349.14 0.0109820
desk 0 0 -10 290.15 236.37 561.00 427.00 0.0105177
chair 0 0 -10 376.49 189.57 553.04 338.82 0.0103296
desk 0 0 -10 185.68 172.98 397.40 228.36 0.0095990
bed 0 0 -10 528.59 137.48 559.08 406.46 0.0093833
table 0 0 -10 4.34 227.63 103.66 333.28 0.0090641
chair 0 0 -10 312.03 193.26 421.72 296.94 0.0087251
sofa 0 0 -10 96.00 221.99 371.53 421.90 0.0086449
sofa 0 0 -10 24.84 200.60 110.91 302.08 0.0083990
chair 0 0 -10 42.98 200.44 107.05 305.21 0.0083355
chair 0 0 -10 2.76 233.76 76.60 334.65 0.0080574
chair 0 0 -10 222.53 105.31 291.90 193.12 0.0078637
desk 0 0 -10 5.91 225.34 104.62 333.12 0.0077534
bed 0 0 -10 2.84 187.88 42.62 427.00 0.0076168
chair 0 0 -10 270.24 174.35 351.28 259.70 0.0072427
bed 0 0 -10 289.78 168.62 561.00 277.49 0.0064865
desk 0 0 -10 397.57 105.15 523.97 194.37 0.0062796
table 0 0 -10 223.54 186.68 558.26 350.99 0.0062530
dresser 0 0 -10 0.32 182.37 59.21 380.64 0.0059853
bookshelf 0 0 -10 0.34 25.65 61.47 387.15 0.0059293
table 0 0 -10 50.13 131.89 479.66 419.22 0.0057612
dresser 0 0 -10 400.34 205.18 553.55 420.04 0.0055469
desk 0 0 -10 6.94 198.35 112.49 403.52 0.0055439
table 0 0 -10 298.70 191.14 536.33 251.24 0.0052196
table 0 0 -10 180.41 131.10 409.28 257.92 0.0051791
chair 0 0 -10 462.07 194.13 560.73 330.31 0.0050508
chair 0 0 -10 343.99 183.64 462.66 307.10 0.0049951
sofa 0 0 -10 2.21 193.82 122.71 344.64 0.0049813
dresser 0 0 -10 357.75 195.15 555.84 334.46 0.0047395
dresser 0 0 -10 86.65 104.13 539.02 426.09 0.0046342
bed 0 0 -10 503.05 139.48 561.00 216.74 0.0046170
sofa 0 0 -10 63.18 204.47 103.15 293.61 0.0046040
desk 0 0 -10 0.45 234.99 52.42 354.29 0.0045173
table 0 0 -10 394.57 107.97 524.45 191.77 0.0044496
sofa 0 0 -10 2.63 200.22 43.50 425.82 0.0043186
desk 0 0 -10 57.76 282.36 363.72 424.02 0.0042982
chair 0 0 -10 130.09 213.97 215.43 404.15 0.0042658
bookshelf 0 0 -10 0.35 206.34 61.91 347.58 0.0041895
bed 0 0 -10 523.80 135.13 560.70 254.54 0.0040648
bookshelf 0 0 -10 118.43 69.57 449.82 408.29 0.0039516
bed 0 0 -10 365.89 210.40 561.00 288.50 0.0038789
chair 0 0 -10 323.59 159.76 561.00 276.69 0.0037263
bed 0 0 -10 424.45 146.29 561.00 319.17 0.0036413
table 0 0 -10 2.37 312.14 37.28 425.55 0.0035645
chair 0 0 -10 203.04 130.03 549.41 414.91 0.0035236
sofa 0 0 -10 286.81 207.10 528.49 426.63 0.0035170
desk 0 0 -10 341.95 195.00 560.11 337.49 0.0033844
desk 0 0 -10 145.02 177.16 556.89 251.98 0.0032770
chair 0 0 -10 403.39 236.59 557.74 420.05 0.0031364
sofa 0 0 -10 354.56 192.89 559.36 332.80 0.0030553
chair 0 0 -10 231.84 111.70 327.50 214.60 0.0030180
chair 0 0 -10 2.02 298.62 52.27 389.32 0.0029840
bed 0 0 -10 484.97 145.21 561.00 250.53 0.0029839
dresser 0 0 -10 148.33 186.52 442.58 427.00 0.0029725
chair 0 0 -10 346.20 184.43 409.36 287.62 0.0029658
chair 0 0 -10 284.86 192.38 436.13 421.18 0.0029406
table 0 0 -10 452.89 269.38 555.80 427.00 0.0029352
desk 0 0 -10 298.19 180.94 403.04 265.92 0.0028109
bookshelf 0 0 -10 254.80 174.45 553.12 425.16 0.0027826
chair 0 0 -10 403.18 105.85 498.62 164.16 0.0027792
bed 0 0 -10 0.85 163.56 88.34 414.03 0.0027789
table 0 0 -10 291.48 192.77 423.39 290.24 0.0026710
table 0 0 -10 342.69 189.36 511.72 293.58 0.0026467
bed 0 0 -10 155.34 160.93 549.34 249.02 0.0024586
table 0 0 -10 168.08 113.76 356.71 224.83 0.0024225
chair 0 0 -10 286.77 185.17 383.65 286.74 0.0024224
table 0 0 -10 175.76 162.87 388.86 212.02 0.0023213
bed 0 0 -10 117.41 114.85 383.92 325.94 0.0022717
chair 0 0 -10 490.03 137.23 561.00 234.03 0.0022132
