bookshelf 0 0 -10 99.86 70.87 465.42 425.61 0.9013565
chair 0 0 -10 2.02 386.77 104.44 427.00 0.4523846
bookshelf 0 0 -10 224.84 182.47 420.42 395.53 0.1971849
bookshelf 0 0 -10 90.36 84.21 285.51 415.74 0.1425933
table 0 0 -10 410.14 364.07 538.90 425.23 0.1318775
chair 0 0 -10 392.26 360.77 540.90 427.00 0.1139131
bookshelf 0 0 -10 239.45 179.58 293.90 415.65 0.0972286
night_stand 0 0 -10 394.12 364.57 539.12 426.56 0.0785431
dresser 0 0 -10 72.30 74.88 495.64 415.14 0.0721490
bookshelf 0 0 -10 177.81 160.28 307.31 405.86 0.0651078
chair 0 0 -10 533.72 379.57 561.00 427.00 0.0554396
bookshelf 0 0 -10 93.99 206.30 357.08 420.49 0.0527202
bookshelf 0 0 -10 312.63 138.92 431.04 397.59 0.0484038
sofa 0 0 -10 391.66 358.38 537.94 427.00 0.0473291
chair 0 0 -10 488.34 387.48 561.00 427.00 0.0450478
table 0 0 -10 3.14 390.27 99.72 427.00 0.0447533
desk 0 0 -10 59.42 68.43 494.58 399.28 0.0273332
sofa 0 0 -10 1.72 388.37 102.93 427.00 0.0251520
bookshelf 0 0 -10 111.57 248.67 180.75 420.34 0.0204805
desk 0 0 -10 405.09 363.50 541.21 425.80 0.0204653
dresser 0 0 -10 390.55 363.77 538.97 425.90 0.0185584
table 0 0 -10 69.09 340.05 373.99 422.87 0.0176588
dresser 0 0 -10 274.41 143.70 467.88 398.80 0.0170538
dresser 0 0 -10 352.27 62.70 531.10 422.61 0.0160459
chair 0 0 -10 370.20 303.02 550.44 423.55 0.0150179
table 0 0 -10 255.03 355.81 538.22 426.16 0.0141436
bookshelf 0 0 -10 62.48 332.23 379.57 426.46 0.0139188
bookshelf 0 0 -10 300.09 112.03 528.54 424.04 0.0125865
table 0 0 -10 370.98 337.04 516.13 427.00 0.0118111
chair 0 0 -10 2.93 375.87 168.64 427.00 0.0117939
bed 0 0 -10 387.21 350.40 543.57 427.00 0.0117854
bookshelf 0 0 -10 266.62 167.71 304.44 414.09 0.0116169
desk 0 0 -10 58.62 338.74 384.09 423.13 0.0110593
table 0 0 -10 160.79 363.06 280.34 426.01 0.0088803
bookshelf 0 0 -10 100.84 191.15 223.13 416.76 0.0088430
table 0 0 -10 3.62 409.89 126.85 426.56 0.0086382
bookshelf 0 0 -10 209.15 223.96 302.93 391.79 0.0084055
chair 0 0 -10 528.41 346.45 561.00 427.00 0.0083539
table 0 0 -10 19.67 423.84 92.35 426.82 0.0080860
bookshelf 0 0 -10 1.17 3.82 124.66 415.27 0.0079414
chair 0 0 -10 5.69 290.57 116.76 425.33 0.0077867
table 0 0 -10 13.65 419.72 94.07 426.54 0.0077852
chair 0 0 -10 156.97 245.20 316.90 423.50 0.0072368
table 0 0 -10 7.53 383.40 158.78 426.80 0.0066555
bookshelf 0 0 -10 105.07 80.95 210.12 325.29 0.0062532
table 0 0 -10 132.52 268.53 311.92 425.47 0.0059123
dresser 0 0 -10 373.88 290.70 544.01 417.84 0.0058438
sofa 0 0 -10 5.66 375.48 192.10 427.00 0.0058294
chair 0 0 -10 466.41 357.09 560.41 427.00 0.0058156
bookshelf 0 0 -10 256.53 231.18 279.76 388.02 0.0057464
bookshelf 0 0 -10 63.59 42.87 203.10 416.65 0.0056206
table 0 0 -10 70.08 394.67 341.61 426.39 0.0054027
bookshelf 0 0 -10 212.43 90.13 256.97 420.65 0.0053508
table 0 0 -10 534.18 378.68 560.34 427.00 0.0048399
bookshelf 0 0 -10 229.06 214.53 335.25 422.56 0.0046937
table 0 0 -10 15.69 395.49 236.49 426.15 0.0044720
chair 0 0 -10 404.08 389.69 534.78 426.28 0.0043719
desk 0 0 -10 38.54 211.72 467.02 417.50 0.0042256
bookshelf 0 0 -10 270.06 233.32 293.86 388.89 0.0040860
chair 0 0 -10 2.29 407.42 121.66 426.97 0.0040518
table 0 0 -10 82.46 79.18 474.90 405.26 0.0039168
table 0 0 -10 181.05 357.03 280.69 397.87 0.0038280
table 0 0 -10 28.88 426.83 87.42 427.00 0.0035894
bookshelf 0 0 -10 111.57 141.94 161.53 424.14 0.0034211
sofa 0 0 -10 53.36 393.79 336.80 426.93 0.0034191
bookshelf 0 0 -10 9.92 242.57 158.06 416.60 0.0032606
bookshelf 0 0 -10 388.90 75.87 504.44 427.00 0.0031024
bookshelf 0 0 -10 226.15 158.90 264.35 407.20 0.0030767
bed 0 0 -10 2.21 388.41 101.48 427.00 0.0030376
dresser 0 0 -10 63.85 338.46 380.74 427.00 0.0030044
bed 0 0 -10 74.03 57.35 472.32 427.00 0.0029272
desk 0 0 -10 341.54 61.96 534.06 421.85 0.0028685
table 0 0 -10 24.18 425.46 86.88 426.94 0.0028576
table 0 0 -10 12.67 411.87 314.34 426.79 0.0028127
bookshelf 0 0 -10 117.21 82.45 173.42 301.14 0.0028112
chair 0 0 -10 42.29 393.44 100.13 426.37 0.0027926
dresser 0 0 -10 426.92 26.84 557.42 404.50 0.0027362
sofa 0 0 -10 1.98 408.30 125.93 426.96 0.0027305
bathtub 0 0 -10 388.61 365.02 539.34 425.39 0.0026418
bookshelf 0 0 -10 124.47 292.27 154.36 419.09 0.0025109
table 0 0 -10 27.20 426.59 86.26 427.00 0.0024946
bookshelf 0 0 -10 39.45 268.64 260.82 420.40 0.0023505
toilet 0 0 -10 391.12 364.28 537.63 426.23 0.0022617
bookshelf 0 0 -10 251.07 239.29 312.19 419.90 0.0022446
table 0 0 -10 0.26 353.32 114.02 424.06 0.0022228
table 0 0 -10 167.33 388.23 248.59 427.00 0.0021535
chair 0 0 -10 120.79 359.94 495.81 426.21 0.0021437
bookshelf 0 0 -10 77.56 320.01 178.70 425.25 0.0021305
sofa 0 0 -10 10.39 359.05 285.40 427.00 0.0020849
bookshelf 0 0 -10 394.24 358.33 538.52 426.50 0.0020728
table 0 0 -10 56.45 412.79 139.15 426.98 0.0020561
bed 0 0 -10 7.95 394.90 222.94 427.00 0.0020417
sofa 0 0 -10 2.69 351.01 114.85 424.31 0.0019395
table 0 0 -10 380.91 407.49 547.62 426.94 0.0019241
dresser 0 0 -10 1.40 5.22 85.48 418.32 0.0019076
bookshelf 0 0 -10 417.58 34.44 554.96 427.00 0.0018607
table 0 0 -10 49.17 220.54 441.70 421.53 0.0017957
table 0 0 -10 178.57 330.61 305.26 427.00 0.0017575
bed 0 0 -10 373.21 293.84 546.89 422.91 0.0017569
desk 0 0 -10 59.93 394.64 347.18 426.24 0.0017374
