bed 0 0 -10 0.00 284.22 552.09 425.75 0.9484960
bed 0 0 -10 189.12 327.36 552.94 426.83 0.9477589
table 0 0 -10 1.88 343.54 102.98 427.00 0.5360625
bed 0 0 -10 221.96 370.64 546.56 425.86 0.3594605
bed 0 0 -10 14.73 267.31 306.89 427.00 0.1450478
sofa 0 0 -10 19.12 266.54 317.68 427.00 0.1285502
table 0 0 -10 2.10 286.30 122.20 425.49 0.0994816
desk 0 0 -10 7.26 336.95 97.50 427.00 0.0638921
chair 0 0 -10 2.79 287.13 121.06 426.51 0.0560394
sofa 0 0 -10 3.48 316.14 104.22 426.65 0.0505388
chair 0 0 -10 7.41 345.09 99.53 423.13 0.0291543
bed 0 0 -10 7.77 292.22 130.28 426.14 0.0225386
bed 0 0 -10 12.29 120.30 554.15 422.70 0.0176306
bed 0 0 -10 185.21 348.07 368.71 425.35 0.0158060
desk 0 0 -10 4.01 281.62 122.50 427.00 0.0144134
sofa 0 0 -10 0.00 234.19 548.30 425.34 0.0136142
sofa 0 0 -10 15.11 285.57 184.16 421.09 0.0114011
table 0 0 -10 9.52 261.43 255.16 426.42 0.0107704
table 0 0 -10 9.04 257.09 278.93 310.82 0.0097831
bed 0 0 -10 282.86 396.30 499.53 426.88 0.0086053
bed 0 0 -10 161.84 299.18 405.86 425.16 0.0079624
bed 0 0 -10 358.32 381.72 506.47 427.00 0.0079151
bed 0 0 -10 468.84 0.00 561.00 397.68 0.0052761
dresser 0 0 -10 470.15 0.00 561.00 388.54 0.0049816
chair 0 0 -10 12.47 260.78 384.72 427.00 0.0047595
night_stand 0 0 -10 3.13 337.19 102.50 427.00 0.0047352
bed 0 0 -10 1.85 338.42 102.40 427.00 0.0044662
bed 0 0 -10 47.71 325.19 241.93 426.30 0.0041775
table 0 0 -10 0.00 325.59 53.45 411.65 0.0037180
bed 0 0 -10 266.38 317.86 386.18 427.00 0.0026343
bed 0 0 -10 5.33 212.32 316.17 379.68 0.0026140
chair 0 0 -10 0.00 161.11 108.95 423.90 0.0025495
bed 0 0 -10 63.52 365.85 400.30 426.53 0.0022996
sofa 0 0 -10 131.71 308.88 544.09 423.86 0.0022879
bed 0 0 -10 300.75 273.64 529.95 420.66 0.0022569
table 0 0 -10 5.98 274.06 520.58 426.14 0.0022476
table 0 0 -10 0.00 158.27 106.48 417.94 0.0020751
table 0 0 -10 3.52 337.79 93.64 392.82 0.0020361
table 0 0 -10 0.00 333.46 39.84 388.38 0.0020269
table 0 0 -10 13.18 329.55 165.32 427.00 0.0019312
sofa 0 0 -10 202.42 358.61 547.05 426.17 0.0017660
chair 0 0 -10 3.98 206.73 216.18 426.03 0.0015526
desk 0 0 -10 0.00 256.10 390.29 425.35 0.0015383
table 0 0 -10 468.92 11.40 561.00 387.92 0.0013969
bed 0 0 -10 278.41 415.14 545.71 427.00 0.0013211
chair 0 0 -10 455.30 3.27 561.00 418.00 0.0013022
chair 0 0 -10 2.68 318.46 65.17 404.02 0.0012994
bed 0 0 -10 118.15 311.81 358.78 382.57 0.0012955
bed 0 0 -10 4.37 219.32 186.48 416.11 0.0012787
table 0 0 -10 0.17 298.11 33.00 399.55 0.0011830
bed 0 0 -10 357.88 6.32 561.00 421.98 0.0010794
night_stand 0 0 -10 3.77 284.95 122.05 421.47 0.0010737
chair 0 0 -10 198.47 307.96 555.43 419.62 0.0010258
dresser 0 0 -10 4.01 279.43 120.13 423.40 0.0009861
table 0 0 -10 0.09 300.07 70.27 389.81 0.0009681
bookshelf 0 0 -10 2.93 268.97 119.83 418.89 0.0009281
chair 0 0 -10 0.00 231.56 79.77 410.61 0.0009098
table 0 0 -10 3.95 254.19 152.12 378.03 0.0009019
bed 0 0 -10 0.00 65.85 316.02 417.45 0.0008970
dresser 0 0 -10 4.39 338.52 100.91 427.00 0.0008923
bathtub 0 0 -10 0.82 277.43 131.52 419.16 0.0008917
table 0 0 -10 152.78 360.53 556.55 424.72 0.0008741
bookshelf 0 0 -10 491.35 1.19 559.95 374.41 0.0008538
desk 0 0 -10 469.20 6.98 561.00 387.41 0.0008029
toilet 0 0 -10 0.89 279.25 121.93 425.67 0.0007857
table 0 0 -10 0.18 391.31 106.19 426.69 0.0007494
bathtub 0 0 -10 1.06 342.08 103.41 426.09 0.0007465
chair 0 0 -10 3.67 383.39 103.13 425.59 0.0006603
sofa 0 0 -10 51.04 320.37 239.67 424.77 0.0006571
dresser 0 0 -10 3.64 249.05 379.54 421.82 0.0006417
bathtub 0 0 -10 474.39 5.95 561.00 345.46 0.0005567
table 0 0 -10 480.96 184.46 558.20 362.96 0.0005298
bathtub 0 0 -10 0.50 246.38 385.03 417.90 0.0005131
bed 0 0 -10 318.06 346.56 561.00 419.85 0.0005127
bookshelf 0 0 -10 8.91 257.36 434.80 414.20 0.0005091
chair 0 0 -10 40.32 282.20 194.58 421.80 0.0004993
sofa 0 0 -10 57.04 263.12 297.55 362.60 0.0004934
bed 0 0 -10 173.47 197.62 507.15 413.78 0.0004877
bed 0 0 -10 401.10 394.78 561.00 427.00 0.0004846
table 0 0 -10 0.00 0.00 508.15 365.93 0.0004793
chair 0 0 -10 0.59 295.75 43.16 397.82 0.0004786
table 0 0 -10 9.51 212.06 295.50 373.67 0.0004656
chair 0 0 -10 91.97 360.54 511.11 424.21 0.0004400
chair 0 0 -10 0.00 295.47 85.90 370.08 0.0004322
toilet 0 0 -10 2.09 341.11 101.59 427.00 0.0003954
bookshelf 0 0 -10 1.59 337.29 103.90 427.00 0.0003857
table 0 0 -10 314.66 337.89 561.00 415.26 0.0003850
desk 0 0 -10 2.59 212.26 225.61 424.36 0.0003786
table 0 0 -10 0.18 320.83 17.03 424.36 0.0003734
table 0 0 -10 0.24 307.66 50.76 368.54 0.0003709
table 0 0 -10 4.80 169.31 395.75 416.97 0.0003671
night_stand 0 0 -10 10.07 260.55 379.37 419.93 0.0003461
table 0 0 -10 0.36 340.71 34.67 424.10 0.0003451
chair 0 0 -10 0.00 126.79 55.73 417.78 0.0003412
chair 0 0 -10 0.98 301.96 51.66 358.67 0.0003379
dresser 0 0 -10 511.08 10.09 560.42 352.78 0.0003303
bed 0 0 -10 510.54 399.58 561.00 427.00 0.0003190
dresser 0 0 -10 209.04 358.68 533.46 425.03 0.0003124
bookshelf 0 0 -10 16.40 0.00 548.02 394.55 0.0003112
night_stand 0 0 -10 221.45 362.78 528.65 423.58 0.0002953
