bookshelf 0 0 -10 197.62 0.00 367.92 391.21 0.1072220
bookshelf 0 0 -10 202.99 22.77 276.33 378.61 0.0241016
bookshelf 0 0 -10 179.85 1.05 354.90 221.20 0.0173470
bookshelf 0 0 -10 198.04 0.00 393.65 115.86 0.0131336
chair 0 0 -10 211.11 388.79 362.83 427.00 0.0128291
table 0 0 -10 224.26 409.67 370.44 426.70 0.0102851
sofa 0 0 -10 204.23 392.20 366.18 427.00 0.0083920
table 0 0 -10 157.38 399.64 366.32 426.61 0.0078166
bookshelf 0 0 -10 65.70 0.00 453.53 422.12 0.0077701
bookshelf 0 0 -10 254.76 84.88 287.39 389.47 0.0067927
chair 0 0 -10 237.69 78.35 274.37 375.27 0.0063140
bed 0 0 -10 164.89 398.75 370.96 427.00 0.0062749
chair 0 0 -10 311.97 396.42 369.29 427.00 0.0057388
bookshelf 0 0 -10 208.30 34.53 246.19 335.15 0.0054919
chair 0 0 -10 212.12 52.28 245.26 378.73 0.0053516
table 0 0 -10 318.94 397.26 368.33 427.00 0.0048256
chair 0 0 -10 202.00 68.42 266.71 372.10 0.0047709
table 0 0 -10 312.48 411.37 367.34 426.91 0.0044803
bookshelf 0 0 -10 228.71 21.95 270.87 328.09 0.0042937
chair 0 0 -10 253.81 71.40 288.85 376.91 0.0041105
bookshelf 0 0 -10 238.81 91.39 272.93 382.02 0.0040676
chair 0 0 -10 293.00 386.47 354.76 427.00 0.0039424
bookshelf 0 0 -10 268.24 83.26 295.04 382.52 0.0034964
table 0 0 -10 219.76 385.09 361.36 427.00 0.0032504
sofa 0 0 -10 201.64 408.96 381.24 427.00 0.0030244
table 0 0 -10 289.12 426.85 360.96 427.00 0.0029184
chair 0 0 -10 141.84 70.27 248.96 424.90 0.0028727
chair 0 0 -10 211.85 78.10 299.45 419.03 0.0028268
chair 0 0 -10 251.48 386.48 324.00 426.75 0.0027721
chair 0 0 -10 235.55 355.58 367.94 427.00 0.0027713
table 0 0 -10 211.54 106.42 244.91 383.19 0.0026473
table 0 0 -10 299.49 424.03 365.08 426.92 0.0025371
table 0 0 -10 297.45 417.23 362.09 426.83 0.0025051
bookshelf 0 0 -10 228.69 75.42 319.58 348.63 0.0024940
bookshelf 0 0 -10 245.05 17.84 294.62 335.79 0.0021897
chair 0 0 -10 198.53 52.21 225.92 396.12 0.0020009
dresser 0 0 -10 191.68 10.59 377.92 411.26 0.0018940
chair 0 0 -10 226.31 82.30 353.97 398.67 0.0018073
table 0 0 -10 293.99 426.98 366.86 427.00 0.0018036
sofa 0 0 -10 73.90 397.41 316.81 427.00 0.0017815
chair 0 0 -10 292.06 406.22 381.65 427.00 0.0017216
desk 0 0 -10 196.39 409.77 387.25 427.00 0.0016696
bathtub 0 0 -10 7.07 356.57 382.68 426.39 0.0016539
table 0 0 -10 69.58 397.63 312.79 426.78 0.0015787
chair 0 0 -10 255.96 406.96 298.48 426.36 0.0015655
table 0 0 -10 340.48 416.29 366.95 426.53 0.0015562
chair 0 0 -10 205.82 407.46 371.49 426.94 0.0015492
table 0 0 -10 259.52 399.67 360.62 426.97 0.0015005
chair 0 0 -10 16.17 93.46 321.35 423.05 0.0014518
table 0 0 -10 297.01 426.55 366.03 427.00 0.0013790
chair 0 0 -10 197.67 330.02 446.78 425.04 0.0013073
chair 0 0 -10 78.36 396.24 314.19 427.00 0.0012906
table 0 0 -10 237.68 118.43 273.89 384.12 0.0012596
chair 0 0 -10 288.74 339.10 371.56 425.44 0.0012215
dresser 0 0 -10 243.22 89.52 284.13 378.28 0.0011912
chair 0 0 -10 299.40 416.32 361.98 426.73 0.0011836
table 0 0 -10 230.17 423.03 305.12 426.85 0.0011276
bed 0 0 -10 20.90 316.01 381.62 427.00 0.0011016
table 0 0 -10 6.35 355.63 371.44 427.00 0.0010910
table 0 0 -10 338.96 422.15 362.48 426.84 0.0010885
bookshelf 0 0 -10 223.63 82.38 258.68 388.00 0.0010753
bed 0 0 -10 228.05 368.55 351.19 427.00 0.0010460
sofa 0 0 -10 224.05 360.01 353.04 427.00 0.0010441
table 0 0 -10 291.67 408.24 349.17 426.63 0.0010304
chair 0 0 -10 86.44 286.71 303.70 425.92 0.0010119
table 0 0 -10 297.31 425.99 365.87 427.00 0.0010103
desk 0 0 -10 155.42 399.19 374.82 427.00 0.0010095
dresser 0 0 -10 60.42 2.91 469.80 427.00 0.0009960
bed 0 0 -10 181.63 412.25 377.27 427.00 0.0009890
dresser 0 0 -10 204.54 68.71 234.19 392.09 0.0009599
chair 0 0 -10 295.51 426.85 361.56 427.00 0.0009479
bed 0 0 -10 212.93 63.76 307.06 421.89 0.0009439
table 0 0 -10 238.75 417.41 311.05 426.69 0.0009384
bed 0 0 -10 211.73 75.68 244.85 383.22 0.0009199
sofa 0 0 -10 297.96 416.82 363.22 426.89 0.0009155
dresser 0 0 -10 215.57 73.10 303.47 415.38 0.0009136
bookshelf 0 0 -10 204.37 65.20 230.62 356.49 0.0009084
bed 0 0 -10 241.99 85.42 284.79 380.81 0.0008957
bathtub 0 0 -10 70.29 396.81 320.92 427.00 0.0008805
chair 0 0 -10 267.54 74.18 296.27 373.28 0.0008598
chair 0 0 -10 10.41 358.18 373.18 427.00 0.0008274
bookshelf 0 0 -10 249.71 80.62 267.65 344.05 0.0008135
table 0 0 -10 319.53 420.19 377.79 426.81 0.0007983
bathtub 0 0 -10 149.84 328.29 417.48 424.29 0.0007974
bookshelf 0 0 -10 79.29 0.00 410.10 236.47 0.0007915
table 0 0 -10 198.08 104.74 225.55 404.30 0.0007856
chair 0 0 -10 19.32 275.48 100.22 421.18 0.0007807
desk 0 0 -10 210.97 103.00 244.79 381.92 0.0007622
table 0 0 -10 257.62 350.07 342.34 426.68 0.0007600
table 0 0 -10 222.34 117.97 259.79 388.01 0.0007572
dresser 0 0 -10 158.70 325.85 408.11 424.68 0.0007563
chair 0 0 -10 255.51 414.42 384.19 426.83 0.0007527
dresser 0 0 -10 165.79 398.60 368.74 427.00 0.0007160
bed 0 0 -10 187.27 326.97 450.40 425.74 0.0006858
chair 0 0 -10 263.01 376.91 349.31 423.97 0.0006849
table 0 0 -10 253.17 117.40 288.21 392.47 0.0006721
chair 0 0 -10 220.85 83.43 518.19 426.06 0.0006682
bed 0 0 -10 80.90 391.00 298.59 425.79 0.0006572
bathtub 0 0 -10 194.43 409.52 381.56 426.93 0.0006377
table 0 0 -10 198.68 341.47 381.27 427.00 0.0006372
