bookshelf 0 0 -10 393.20 126.03 531.99 343.79 0.6896146
desk 0 0 -10 16.89 307.04 346.36 418.70 0.6735983
chair 0 0 -10 1.02 295.25 75.96 427.00 0.2734565
table 0 0 -10 4.67 307.24 361.04 423.45 0.2094988
chair 0 0 -10 0.00 266.78 41.52 354.52 0.1051251
chair 0 0 -10 1.98 275.77 52.93 388.78 0.0375037
table 0 0 -10 2.06 300.36 58.87 426.19 0.0325913
chair 0 0 -10 10.81 387.76 222.51 427.00 0.0252145
chair 0 0 -10 1.90 352.18 221.32 425.91 0.0213501
table 0 0 -10 4.90 392.29 191.64 427.00 0.0142040
desk 0 0 -10 62.98 336.00 267.26 421.25 0.0135212
desk 0 0 -10 0.00 222.24 380.56 415.36 0.0108391
chair 0 0 -10 84.14 367.91 222.97 426.82 0.0100028
bathtub 0 0 -10 22.81 306.84 354.80 417.80 0.0096385
desk 0 0 -10 13.78 365.33 297.93 425.43 0.0094042
table 0 0 -10 0.34 347.57 240.27 427.00 0.0078361
chair 0 0 -10 0.00 296.22 182.70 421.48 0.0075293
chair 0 0 -10 223.70 342.80 537.36 427.00 0.0056194
table 0 0 -10 1.59 273.26 32.60 394.43 0.0047308
bookshelf 0 0 -10 275.06 117.53 525.31 392.73 0.0046371
dresser 0 0 -10 4.39 306.71 359.94 427.00 0.0044896
bookshelf 0 0 -10 20.13 52.99 456.34 410.87 0.0038000
bookshelf 0 0 -10 14.25 275.86 360.68 426.49 0.0036806
table 0 0 -10 3.16 357.75 102.18 427.00 0.0036459
desk 0 0 -10 164.05 296.80 355.06 412.63 0.0032128
bookshelf 0 0 -10 347.77 36.28 544.55 360.83 0.0029929
sofa 0 0 -10 0.66 297.03 62.00 424.80 0.0028894
chair 0 0 -10 8.62 342.00 123.60 426.48 0.0027317
desk 0 0 -10 1.43 299.24 58.70 426.46 0.0027062
desk 0 0 -10 6.28 322.49 201.02 427.00 0.0026478
table 0 0 -10 2.57 394.43 81.69 427.00 0.0025100
chair 0 0 -10 0.00 244.93 37.56 421.79 0.0021731
chair 0 0 -10 21.39 289.59 58.04 403.62 0.0021473
toilet 0 0 -10 0.71 302.74 363.17 427.00 0.0021243
chair 0 0 -10 198.04 302.47 428.97 420.10 0.0020132
desk 0 0 -10 0.00 106.68 472.02 405.25 0.0019829
table 0 0 -10 20.72 407.37 206.02 426.88 0.0019367
bookshelf 0 0 -10 407.43 139.25 528.37 248.95 0.0016966
dresser 0 0 -10 394.81 144.02 541.99 324.81 0.0016098
chair 0 0 -10 6.91 265.68 87.41 378.43 0.0015973
table 0 0 -10 10.09 323.34 135.73 427.00 0.0014591
chair 0 0 -10 20.94 322.03 315.71 420.11 0.0012472
bathtub 0 0 -10 3.59 202.26 389.20 412.68 0.0011758
bed 0 0 -10 0.00 273.69 49.29 421.73 0.0011554
table 0 0 -10 13.41 287.13 46.42 408.73 0.0010800
table 0 0 -10 0.02 272.89 37.63 341.08 0.0010737
bed 0 0 -10 3.39 300.46 349.24 427.00 0.0010633
chair 0 0 -10 21.51 407.83 205.32 426.99 0.0010632
chair 0 0 -10 0.00 393.18 79.94 427.00 0.0010362
chair 0 0 -10 1.30 297.16 63.64 356.96 0.0010281
bookshelf 0 0 -10 387.84 245.43 527.92 310.63 0.0009883
bookshelf 0 0 -10 399.14 107.80 472.00 305.18 0.0009812
chair 0 0 -10 127.94 350.82 411.85 427.00 0.0009797
chair 0 0 -10 2.46 329.86 71.05 386.23 0.0009535
dresser 0 0 -10 4.73 202.62 386.40 418.96 0.0008611
table 0 0 -10 12.27 380.74 304.35 422.93 0.0008105
desk 0 0 -10 87.99 273.49 486.61 421.22 0.0007987
dresser 0 0 -10 1.61 261.16 42.85 407.49 0.0007905
bookshelf 0 0 -10 0.27 264.00 38.75 357.78 0.0007854
desk 0 0 -10 19.36 390.30 195.77 427.00 0.0007649
table 0 0 -10 5.32 120.67 449.63 409.67 0.0007581
chair 0 0 -10 3.86 261.90 20.31 409.36 0.0007404
table 0 0 -10 3.50 336.22 67.23 387.96 0.0007327
sofa 0 0 -10 9.38 321.41 335.53 423.57 0.0007166
bathtub 0 0 -10 3.66 348.35 293.51 422.48 0.0007165
chair 0 0 -10 251.80 288.40 356.92 414.59 0.0006637
sofa 0 0 -10 1.36 272.26 33.93 390.66 0.0006399
bookshelf 0 0 -10 275.14 229.87 352.03 311.85 0.0006393
table 0 0 -10 0.82 315.37 30.90 427.00 0.0006085
table 0 0 -10 157.25 298.00 354.33 414.15 0.0005801
chair 0 0 -10 0.37 277.53 65.63 327.32 0.0005779
chair 0 0 -10 175.54 287.57 333.21 414.78 0.0005624
bed 0 0 -10 3.84 90.48 466.31 419.15 0.0005586
bookshelf 0 0 -10 458.76 115.09 528.33 317.43 0.0005458
chair 0 0 -10 299.72 393.84 544.31 426.66 0.0005356
night_stand 0 0 -10 10.15 339.43 341.83 423.24 0.0005220
table 0 0 -10 356.33 396.49 554.84 426.48 0.0005127
table 0 0 -10 62.98 417.01 180.36 426.73 0.0005066
bookshelf 0 0 -10 333.66 218.27 524.19 401.50 0.0004931
desk 0 0 -10 382.88 98.89 547.07 325.64 0.0004896
dresser 0 0 -10 0.36 298.56 61.72 425.39 0.0004846
bookshelf 0 0 -10 0.63 268.42 47.85 418.04 0.0004752
table 0 0 -10 385.57 108.45 540.47 329.99 0.0004714
desk 0 0 -10 0.84 274.22 32.67 394.77 0.0004459
chair 0 0 -10 78.56 386.69 161.50 426.94 0.0003908
bookshelf 0 0 -10 219.99 215.27 453.39 419.77 0.0003888
bookshelf 0 0 -10 4.52 318.16 257.19 425.96 0.0003856
bookshelf 0 0 -10 325.05 222.02 348.52 323.01 0.0003834
table 0 0 -10 4.62 269.48 18.31 418.39 0.0003829
dresser 0 0 -10 2.51 278.27 32.97 362.36 0.0003786
bed 0 0 -10 341.62 396.21 557.70 427.00 0.0003764
bookshelf 0 0 -10 475.47 27.28 560.18 368.89 0.0003689
bathtub 0 0 -10 289.50 394.99 550.36 426.56 0.0003675
bookshelf 0 0 -10 392.42 115.38 431.50 333.43 0.0003468
table 0 0 -10 15.68 215.28 346.88 408.51 0.0003272
night_stand 0 0 -10 1.62 299.82 62.26 425.01 0.0003248
chair 0 0 -10 5.09 265.30 17.45 344.08 0.0003230
toilet 0 0 -10 0.00 300.70 62.60 424.73 0.0003150
table 0 0 -10 56.15 386.78 127.07 427.00 0.0002955
chair 0 0 -10 109.48 341.64 286.69 425.67 0.0002922
