table 0 0 -10 0.00 259.13 145.56 412.55 0.9582944
table 0 0 -10 343.22 280.82 521.72 427.00 0.9222659
bookshelf 0 0 -10 196.26 82.92 305.40 353.06 0.9186269
table 0 0 -10 342.59 355.65 417.82 425.15 0.8199844
table 0 0 -10 328.23 328.18 436.47 427.00 0.4825818
bookshelf 0 0 -10 71.64 95.33 336.17 353.86 0.2223470
bookshelf 0 0 -10 61.65 95.57 148.38 209.24 0.1901505
chair 0 0 -10 14.60 245.01 126.06 384.23 0.1835584
chair 0 0 -10 337.87 315.09 429.66 425.33 0.0766858
desk 0 0 -10 0.00 242.74 152.76 421.35 0.0624673
chair 0 0 -10 35.30 236.10 116.96 342.78 0.0585352
table 0 0 -10 334.80 398.36 511.73 426.67 0.0537093
table 0 0 -10 347.98 394.47 431.28 426.10 0.0500365
chair 0 0 -10 494.44 168.82 560.22 422.14 0.0500313
bookshelf 0 0 -10 14.17 97.35 232.27 358.31 0.0475311
sofa 0 0 -10 514.35 235.77 560.09 417.57 0.0416257
chair 0 0 -10 447.07 271.11 561.00 422.81 0.0379050
table 0 0 -10 0.49 265.99 52.26 413.35 0.0378895
chair 0 0 -10 24.44 282.40 142.75 422.88 0.0348052
table 0 0 -10 344.53 409.70 465.74 426.80 0.0337434
bookshelf 0 0 -10 14.12 128.72 180.60 269.26 0.0331822
table 0 0 -10 2.67 256.40 139.99 325.42 0.0328954
bookshelf 0 0 -10 0.71 6.17 23.69 328.97 0.0328827
table 0 0 -10 327.84 376.08 452.78 426.27 0.0240711
table 0 0 -10 52.61 264.50 519.32 426.21 0.0210843
table 0 0 -10 345.77 418.68 424.06 426.80 0.0202236
bookshelf 0 0 -10 204.35 87.69 260.39 337.63 0.0187498
desk 0 0 -10 346.14 278.46 506.65 418.26 0.0185337
bookshelf 0 0 -10 210.42 88.82 387.07 355.86 0.0179033
table 0 0 -10 502.79 265.73 557.48 419.23 0.0155700
table 0 0 -10 337.52 335.77 416.98 394.97 0.0151546
chair 0 0 -10 4.71 289.02 92.77 419.73 0.0151104
table 0 0 -10 0.33 264.11 35.23 370.43 0.0141997
table 0 0 -10 351.77 422.57 421.14 426.80 0.0140454
table 0 0 -10 292.46 343.39 513.85 425.26 0.0134902
dresser 0 0 -10 190.19 92.95 326.17 354.15 0.0132257
table 0 0 -10 16.57 293.74 205.84 425.77 0.0129587
night_stand 0 0 -10 338.95 330.16 421.18 423.62 0.0114176
table 0 0 -10 438.75 405.31 551.52 426.55 0.0105901
desk 0 0 -10 0.86 137.52 293.55 401.37 0.0103206
table 0 0 -10 337.52 415.56 529.86 426.62 0.0103150
table 0 0 -10 351.38 406.70 413.28 426.14 0.0097588
chair 0 0 -10 39.80 242.30 107.37 303.46 0.0097407
bookshelf 0 0 -10 61.13 107.80 264.01 281.40 0.0095468
chair 0 0 -10 0.00 202.13 27.93 334.03 0.0093678
sofa 0 0 -10 496.34 166.44 559.17 381.46 0.0089868
table 0 0 -10 5.56 251.27 304.15 422.30 0.0086883
bookshelf 0 0 -10 5.95 133.82 29.50 279.95 0.0081931
sofa 0 0 -10 309.91 272.39 555.85 427.00 0.0079938
table 0 0 -10 9.11 212.14 137.52 309.62 0.0079810
bookshelf 0 0 -10 125.45 30.08 216.63 388.75 0.0078621
bed 0 0 -10 504.38 173.47 559.94 427.00 0.0071942
table 0 0 -10 441.59 284.29 550.62 418.58 0.0071709
bookshelf 0 0 -10 2.47 76.91 38.01 277.70 0.0071302
chair 0 0 -10 3.18 150.88 61.94 310.38 0.0069229
table 0 0 -10 0.08 249.99 24.11 349.13 0.0066843
table 0 0 -10 50.50 351.06 142.05 424.33 0.0063036
bookshelf 0 0 -10 28.75 62.77 155.68 230.47 0.0062333
sofa 0 0 -10 336.40 322.82 423.71 424.61 0.0062151
toilet 0 0 -10 334.05 324.45 419.29 420.10 0.0059694
bed 0 0 -10 518.20 261.27 561.00 425.14 0.0055683
table 0 0 -10 348.54 423.99 461.96 426.89 0.0055320
chair 0 0 -10 62.14 198.76 139.61 335.81 0.0053200
dresser 0 0 -10 70.18 101.29 353.02 354.18 0.0052475
sofa 0 0 -10 3.76 231.79 164.23 419.22 0.0051650
table 0 0 -10 369.39 296.86 473.99 419.97 0.0050003
desk 0 0 -10 331.41 312.63 444.23 427.00 0.0047995
bookshelf 0 0 -10 7.47 111.15 58.75 252.75 0.0047086
bookshelf 0 0 -10 171.04 10.93 499.09 378.29 0.0046554
bookshelf 0 0 -10 499.89 68.13 560.06 427.00 0.0045925
chair 0 0 -10 363.26 291.10 433.97 345.58 0.0045621
bookshelf 0 0 -10 4.74 35.88 147.73 383.92 0.0039069
chair 0 0 -10 1.28 249.72 73.30 351.96 0.0038549
desk 0 0 -10 14.37 199.20 138.91 260.02 0.0038328
chair 0 0 -10 347.57 288.38 462.36 409.46 0.0037648
table 0 0 -10 0.04 235.53 86.83 382.30 0.0034167
desk 0 0 -10 179.83 90.26 330.89 349.16 0.0033795
sofa 0 0 -10 529.46 155.33 560.64 363.86 0.0033425
bookshelf 0 0 -10 262.67 89.77 317.13 355.77 0.0033215
dresser 0 0 -10 500.16 166.60 561.00 418.62 0.0033039
chair 0 0 -10 3.85 189.10 179.24 421.86 0.0031675
chair 0 0 -10 377.85 299.30 532.02 426.22 0.0031453
chair 0 0 -10 0.00 208.44 14.52 337.70 0.0030058
chair 0 0 -10 0.32 213.71 46.23 354.69 0.0029823
bookshelf 0 0 -10 12.75 123.09 92.94 227.58 0.0029779
bookshelf 0 0 -10 70.65 38.11 163.60 304.61 0.0029294
bookshelf 0 0 -10 66.18 107.76 109.90 203.51 0.0029000
desk 0 0 -10 3.71 195.19 138.49 312.27 0.0028127
chair 0 0 -10 24.80 147.49 64.29 254.20 0.0027660
table 0 0 -10 3.21 137.73 193.88 414.41 0.0026517
table 0 0 -10 29.43 241.48 140.66 362.34 0.0026506
dresser 0 0 -10 132.26 15.63 215.12 386.53 0.0024712
bookshelf 0 0 -10 199.11 68.15 231.40 342.22 0.0024648
sofa 0 0 -10 476.71 261.14 559.89 422.50 0.0024624
night_stand 0 0 -10 345.18 410.34 473.15 427.00 0.0023205
table 0 0 -10 0.86 272.64 57.84 344.76 0.0022770
bed 0 0 -10 4.00 219.03 155.98 419.32 0.0022752
chair 0 0 -10 519.31 276.77 561.00 425.54 0.0022174
chair 0 0 -10 340.91 347.30 416.56 408.20 0.0021060
chair 0 0 -10 49.11 352.80 150.57 427.00 0.0020601
