chair 0 0 -10 518.40 338.65 560.91 425.91 0.6212356
table 0 0 -10 334.83 362.76 540.72 427.00 0.5862758
table 0 0 -10 183.19 366.73 434.49 426.89 0.2648409
table 0 0 -10 199.62 341.69 549.33 426.61 0.1766119
table 0 0 -10 196.10 307.71 404.64 427.00 0.1373961
desk 0 0 -10 1.74 321.87 204.90 422.67 0.1340252
table 0 0 -10 517.30 363.24 559.01 427.00 0.1113546
bathtub 0 0 -10 1.73 330.65 202.29 425.39 0.0927074
table 0 0 -10 323.19 383.54 456.85 426.69 0.0841806
desk 0 0 -10 198.99 294.55 389.21 420.39 0.0638928
bookshelf 0 0 -10 1.10 178.21 209.69 318.37 0.0562216
desk 0 0 -10 221.86 334.57 551.62 427.00 0.0542423
chair 0 0 -10 537.27 344.54 560.86 414.46 0.0411897
desk 0 0 -10 335.60 368.33 535.91 426.25 0.0348868
chair 0 0 -10 479.90 334.44 561.00 415.77 0.0296247
table 0 0 -10 209.61 296.12 386.22 373.08 0.0282400
table 0 0 -10 34.19 355.72 404.97 424.85 0.0249407
desk 0 0 -10 45.10 290.62 501.25 426.29 0.0231647
table 0 0 -10 177.43 388.68 334.83 425.56 0.0231129
table 0 0 -10 1.86 328.34 237.34 425.30 0.0230982
bookshelf 0 0 -10 189.46 174.55 407.01 426.93 0.0192000
bookshelf 0 0 -10 0.52 0.00 223.88 422.23 0.0177928
chair 0 0 -10 327.90 370.89 541.77 426.75 0.0174592
sofa 0 0 -10 339.69 367.97 537.04 426.49 0.0171809
table 0 0 -10 393.56 334.90 481.65 425.88 0.0159232
table 0 0 -10 495.39 328.09 559.41 427.00 0.0156729
chair 0 0 -10 550.92 337.64 561.00 423.34 0.0142912
desk 0 0 -10 181.57 377.67 442.56 426.63 0.0142398
dresser 0 0 -10 0.00 305.06 234.56 425.00 0.0138856
bookshelf 0 0 -10 0.00 205.48 214.38 410.37 0.0136967
desk 0 0 -10 29.04 354.74 404.69 425.36 0.0128935
chair 0 0 -10 324.61 390.32 461.69 427.00 0.0114688
chair 0 0 -10 321.17 327.78 556.14 424.26 0.0107634
table 0 0 -10 377.22 335.73 542.83 410.37 0.0106922
desk 0 0 -10 179.39 195.19 412.94 413.16 0.0104481
chair 0 0 -10 531.97 335.05 560.71 384.40 0.0099373
table 0 0 -10 51.27 293.22 494.24 426.20 0.0098449
desk 0 0 -10 517.09 354.12 560.71 427.00 0.0085332
desk 0 0 -10 0.00 256.63 221.50 407.44 0.0083593
bathtub 0 0 -10 139.23 313.48 420.05 419.71 0.0080674
dresser 0 0 -10 189.40 197.31 414.41 423.75 0.0079779
desk 0 0 -10 324.93 389.52 455.29 427.00 0.0079375
table 0 0 -10 203.37 344.60 391.67 410.35 0.0079103
bookshelf 0 0 -10 11.36 70.58 403.71 417.82 0.0076157
bookshelf 0 0 -10 339.53 366.31 538.30 426.47 0.0075362
table 0 0 -10 175.39 194.81 410.25 415.52 0.0071180
desk 0 0 -10 222.55 289.44 369.57 368.17 0.0067839
bathtub 0 0 -10 7.18 301.48 316.64 413.26 0.0067324
bathtub 0 0 -10 2.84 411.75 185.61 427.00 0.0063093
sofa 0 0 -10 508.96 331.83 558.58 427.00 0.0062820
bathtub 0 0 -10 11.83 391.28 220.05 426.60 0.0061630
table 0 0 -10 320.71 396.00 537.24 426.88 0.0059909
table 0 0 -10 431.60 361.77 561.00 427.00 0.0051893
chair 0 0 -10 557.45 336.18 561.00 419.09 0.0051867
chair 0 0 -10 266.01 381.34 440.66 427.00 0.0045241
desk 0 0 -10 0.00 188.60 208.42 314.46 0.0043492
sofa 0 0 -10 310.99 329.93 557.51 424.20 0.0043075
table 0 0 -10 370.57 361.98 484.66 405.23 0.0042374
dresser 0 0 -10 186.68 301.17 219.23 404.90 0.0036161
night_stand 0 0 -10 339.94 369.33 537.86 426.81 0.0035533
table 0 0 -10 305.34 335.80 447.78 426.93 0.0034331
desk 0 0 -10 178.83 388.88 335.94 425.99 0.0032327
bed 0 0 -10 335.42 367.76 537.17 426.97 0.0031698
table 0 0 -10 171.85 378.74 271.07 427.00 0.0030747
dresser 0 0 -10 163.51 308.36 417.53 424.71 0.0028056
chair 0 0 -10 524.51 367.30 560.37 418.43 0.0027633
bathtub 0 0 -10 337.63 369.47 534.82 424.18 0.0026274
dresser 0 0 -10 4.63 46.46 301.26 409.50 0.0026197
table 0 0 -10 0.00 192.35 197.92 317.96 0.0026104
table 0 0 -10 535.10 351.06 560.66 427.00 0.0026047
chair 0 0 -10 494.44 331.17 557.59 385.62 0.0025825
toilet 0 0 -10 339.14 368.55 532.80 425.52 0.0025394
chair 0 0 -10 499.57 225.14 560.99 427.00 0.0024263
bed 0 0 -10 246.30 331.43 550.38 427.00 0.0023666
desk 0 0 -10 15.28 173.68 471.57 417.22 0.0023651
dresser 0 0 -10 338.75 369.20 537.74 426.87 0.0023437
dresser 0 0 -10 0.00 199.10 229.91 405.89 0.0022795
toilet 0 0 -10 0.00 324.41 220.92 426.94 0.0022406
night_stand 0 0 -10 175.82 390.83 336.37 425.37 0.0022099
bookshelf 0 0 -10 1.28 2.51 234.66 202.52 0.0021563
table 0 0 -10 326.14 411.36 551.96 427.00 0.0021210
bookshelf 0 0 -10 77.73 80.00 206.47 364.18 0.0020917
chair 0 0 -10 179.66 390.42 325.34 425.02 0.0020390
chair 0 0 -10 193.92 302.47 237.44 397.46 0.0020100
chair 0 0 -10 439.14 360.13 561.00 425.52 0.0020015
night_stand 0 0 -10 517.56 367.46 561.00 427.00 0.0018567
bookshelf 0 0 -10 5.07 63.68 216.42 280.19 0.0018546
night_stand 0 0 -10 181.40 379.30 443.31 427.00 0.0018401
table 0 0 -10 80.50 379.26 256.03 427.00 0.0018394
chair 0 0 -10 413.50 358.09 514.78 423.39 0.0018002
bookshelf 0 0 -10 252.08 317.64 552.95 425.66 0.0017610
desk 0 0 -10 2.83 285.77 69.17 418.52 0.0017533
table 0 0 -10 216.41 367.36 384.89 395.97 0.0016970
bookshelf 0 0 -10 3.44 300.33 203.66 426.50 0.0016848
chair 0 0 -10 560.60 333.63 561.00 415.49 0.0016586
chair 0 0 -10 559.83 335.48 561.00 416.67 0.0016055
table 0 0 -10 0.00 263.63 216.88 410.71 0.0015915
night_stand 0 0 -10 322.13 391.42 461.64 427.00 0.0015774
bed 0 0 -10 187.47 318.69 388.51 426.32 0.0015085
chair 0 0 -10 399.34 335.12 481.30 422.77 0.0014760
