bed 0 0 -10 0.00 261.95 369.14 427.00 0.9904670
table 0 0 -10 310.59 351.18 534.38 427.00 0.1679122
bed 0 0 -10 253.10 294.08 548.71 426.53 0.1398814
table 0 0 -10 322.14 378.67 487.41 426.31 0.0886887
sofa 0 0 -10 326.78 319.20 557.08 422.74 0.0557753
bed 0 0 -10 0.00 137.59 476.40 422.33 0.0391007
bed 0 0 -10 61.57 316.02 307.38 427.00 0.0378085
chair 0 0 -10 311.05 312.05 550.16 425.59 0.0258108
bathtub 0 0 -10 324.19 319.58 560.05 425.89 0.0186130
night_stand 0 0 -10 317.23 324.67 558.85 426.63 0.0178932
desk 0 0 -10 320.36 377.97 487.86 426.97 0.0144374
desk 0 0 -10 316.67 339.04 546.86 427.00 0.0105476
sofa 0 0 -10 5.43 247.93 386.19 423.35 0.0099884
table 0 0 -10 307.67 366.04 424.15 427.00 0.0085998
dresser 0 0 -10 317.44 322.33 557.09 427.00 0.0068706
toilet 0 0 -10 302.52 319.48 559.33 426.69 0.0066713
bed 0 0 -10 0.00 269.71 190.70 424.66 0.0046394
chair 0 0 -10 321.57 388.21 458.09 426.39 0.0035465
sofa 0 0 -10 319.87 368.84 532.00 425.02 0.0028793
table 0 0 -10 306.11 399.68 481.41 425.61 0.0025175
bookshelf 0 0 -10 328.64 304.40 555.67 422.76 0.0024853
sofa 0 0 -10 477.40 298.53 556.40 425.85 0.0021335
table 0 0 -10 251.24 298.57 542.72 426.76 0.0019971
bed 0 0 -10 289.40 352.55 557.75 427.00 0.0019928
night_stand 0 0 -10 321.64 380.47 492.11 427.00 0.0017860
chair 0 0 -10 456.61 295.07 558.93 423.20 0.0016457
sofa 0 0 -10 0.00 134.99 478.13 412.00 0.0014819
table 0 0 -10 346.52 354.78 449.38 426.68 0.0013920
table 0 0 -10 292.79 339.76 384.04 427.00 0.0013220
table 0 0 -10 113.93 350.65 423.22 425.09 0.0011548
bed 0 0 -10 92.37 7.79 561.00 427.00 0.0011229
bookshelf 0 0 -10 319.08 378.26 492.82 427.00 0.0010406
bed 0 0 -10 8.84 389.45 327.57 426.27 0.0009434
bed 0 0 -10 95.72 353.17 425.70 427.00 0.0009121
chair 0 0 -10 322.13 369.67 537.62 425.13 0.0009047
table 0 0 -10 287.73 409.98 541.34 425.68 0.0008578
bed 0 0 -10 164.17 277.55 375.05 426.86 0.0008440
table 0 0 -10 2.31 256.38 389.36 422.83 0.0007775
bed 0 0 -10 28.60 254.41 262.17 309.86 0.0007133
bed 0 0 -10 500.56 304.58 561.00 427.00 0.0006819
chair 0 0 -10 9.07 276.87 366.51 425.50 0.0006123
table 0 0 -10 340.16 371.81 475.57 408.77 0.0005601
desk 0 0 -10 245.89 294.35 552.21 423.97 0.0004924
night_stand 0 0 -10 64.12 27.29 113.39 85.16 0.0004432
table 0 0 -10 344.11 370.00 411.43 422.32 0.0004335
bed 0 0 -10 1.31 279.92 70.90 423.58 0.0004154
bed 0 0 -10 303.16 383.79 530.06 426.78 0.0004037
dresser 0 0 -10 320.13 380.80 492.21 427.00 0.0003923
desk 0 0 -10 305.87 399.82 485.22 425.74 0.0003789
bathtub 0 0 -10 316.50 380.42 490.33 426.42 0.0003767
sofa 0 0 -10 58.58 312.08 310.34 427.00 0.0003463
table 0 0 -10 355.95 382.99 438.29 426.28 0.0003312
chair 0 0 -10 103.78 240.17 508.67 427.00 0.0003160
chair 0 0 -10 466.97 120.73 561.00 420.66 0.0003128
dresser 0 0 -10 0.00 270.90 368.47 425.97 0.0003102
table 0 0 -10 319.17 306.17 453.16 408.96 0.0003094
night_stand 0 0 -10 109.85 354.10 425.86 426.66 0.0003040
bed 0 0 -10 225.35 155.33 561.00 418.39 0.0002836
chair 0 0 -10 371.19 255.18 560.22 417.40 0.0002632
sofa 0 0 -10 287.82 235.56 561.00 419.84 0.0002601
chair 0 0 -10 71.45 319.69 295.74 427.00 0.0002600
sofa 0 0 -10 305.06 388.92 494.74 424.42 0.0002524
bed 0 0 -10 91.61 186.53 390.62 386.03 0.0002295
night_stand 0 0 -10 27.53 284.36 369.65 426.67 0.0002285
table 0 0 -10 482.94 301.94 554.72 426.86 0.0002268
night_stand 0 0 -10 130.30 76.33 175.18 130.01 0.0002136
bed 0 0 -10 286.56 410.35 560.25 425.94 0.0002093
toilet 0 0 -10 318.72 380.81 486.20 427.00 0.0002038
chair 0 0 -10 82.21 348.92 427.70 426.55 0.0002037
chair 0 0 -10 315.51 404.36 505.35 425.53 0.0001988
bed 0 0 -10 49.00 170.64 317.22 330.60 0.0001930
table 0 0 -10 399.77 385.98 461.45 426.52 0.0001891
chair 0 0 -10 3.59 3.00 107.98 81.16 0.0001825
table 0 0 -10 337.07 414.26 465.88 426.72 0.0001818
table 0 0 -10 0.00 145.35 482.80 408.24 0.0001784
bed 0 0 -10 457.62 33.71 561.00 414.81 0.0001756
bed 0 0 -10 35.91 267.38 299.57 364.69 0.0001743
night_stand 0 0 -10 307.37 401.63 488.11 425.58 0.0001718
sofa 0 0 -10 102.68 14.27 561.00 415.18 0.0001717
chair 0 0 -10 296.73 367.24 423.82 426.56 0.0001682
bed 0 0 -10 0.00 60.56 102.47 376.30 0.0001679
chair 0 0 -10 0.00 0.00 45.84 45.08 0.0001678
bed 0 0 -10 0.04 200.74 133.81 388.29 0.0001668
sofa 0 0 -10 51.49 383.53 358.57 427.00 0.0001653
toilet 0 0 -10 0.00 272.99 382.61 426.61 0.0001598
table 0 0 -10 205.55 56.31 558.98 406.53 0.0001591
sofa 0 0 -10 92.22 348.46 424.62 427.00 0.0001556
bathtub 0 0 -10 0.00 281.21 425.13 419.52 0.0001489
sofa 0 0 -10 167.73 265.87 370.97 423.51 0.0001440
bookshelf 0 0 -10 279.79 245.69 557.87 409.90 0.0001405
table 0 0 -10 388.78 405.33 475.10 426.77 0.0001374
chair 0 0 -10 1.15 0.00 104.59 40.26 0.0001372
bed 0 0 -10 463.70 220.01 561.00 419.39 0.0001367
bed 0 0 -10 0.00 117.33 203.39 381.13 0.0001272
table 0 0 -10 115.13 290.51 357.28 425.85 0.0001261
sofa 0 0 -10 294.31 410.48 553.65 425.71 0.0001229
table 0 0 -10 132.72 78.30 170.13 127.62 0.0001167
table 0 0 -10 0.00 0.00 561.00 349.38 0.0001143
desk 0 0 -10 0.00 274.58 381.79 424.55 0.0001143
bed 0 0 -10 210.39 216.30 451.83 396.52 0.0001117
