chair 0 0 -10 209.10 317.34 453.61 427.00 0.9714671
chair 0 0 -10 367.03 291.90 558.20 427.00 0.9301776
table 0 0 -10 132.21 297.59 546.09 424.76 0.3181915
table 0 0 -10 176.17 317.06 401.63 415.20 0.1364356
desk 0 0 -10 112.71 196.29 559.01 411.63 0.1289221
table 0 0 -10 128.37 140.39 538.67 406.48 0.0945636
chair 0 0 -10 82.35 331.76 406.92 426.81 0.0659495
bookshelf 0 0 -10 122.38 155.06 534.31 423.06 0.0496120
chair 0 0 -10 279.51 277.23 346.81 366.77 0.0491241
chair 0 0 -10 531.45 290.37 560.54 427.00 0.0442968
bookshelf 0 0 -10 342.71 113.46 523.39 343.46 0.0439148
desk 0 0 -10 175.72 287.91 549.67 424.09 0.0401459
chair 0 0 -10 506.10 261.65 561.00 427.00 0.0382135
table 0 0 -10 334.41 270.13 558.92 423.62 0.0281209
chair 0 0 -10 283.70 277.70 333.22 326.99 0.0199223
desk 0 0 -10 62.19 314.56 451.90 427.00 0.0198588
chair 0 0 -10 141.35 328.71 294.35 427.00 0.0179893
dresser 0 0 -10 121.88 144.76 547.73 403.79 0.0162657
chair 0 0 -10 542.19 328.32 561.00 427.00 0.0140286
chair 0 0 -10 331.30 299.47 441.55 425.22 0.0109710
table 0 0 -10 83.93 315.61 345.20 425.35 0.0106126
bookshelf 0 0 -10 197.44 0.00 414.66 129.88 0.0102003
chair 0 0 -10 426.30 261.12 537.66 403.85 0.0094663
table 0 0 -10 189.03 311.96 359.37 384.21 0.0085885
bed 0 0 -10 55.80 314.57 446.07 427.00 0.0080493
chair 0 0 -10 243.34 283.67 406.11 396.66 0.0073415
desk 0 0 -10 140.67 137.93 529.44 329.39 0.0073227
chair 0 0 -10 446.91 245.85 519.59 357.29 0.0070347
table 0 0 -10 534.55 292.14 560.38 427.00 0.0061096
bookshelf 0 0 -10 163.48 52.85 536.76 334.78 0.0057995
sofa 0 0 -10 197.68 319.40 436.92 427.00 0.0054545
table 0 0 -10 248.32 399.12 541.69 426.81 0.0053977
desk 0 0 -10 193.15 321.80 389.58 423.59 0.0053194
bookshelf 0 0 -10 246.69 251.25 551.59 421.74 0.0052103
chair 0 0 -10 310.05 294.38 372.64 381.37 0.0048642
table 0 0 -10 542.65 331.46 560.73 427.00 0.0046616
chair 0 0 -10 265.14 299.69 365.13 408.21 0.0046080
chair 0 0 -10 448.89 224.04 561.00 427.00 0.0045713
table 0 0 -10 281.92 297.03 342.27 380.27 0.0042538
dresser 0 0 -10 371.06 121.81 526.40 306.55 0.0041516
table 0 0 -10 288.46 306.12 536.67 386.41 0.0040183
bed 0 0 -10 232.26 277.52 554.80 427.00 0.0036234
chair 0 0 -10 547.97 270.24 561.00 427.00 0.0034548
bookshelf 0 0 -10 162.11 4.32 499.69 228.70 0.0033334
chair 0 0 -10 131.27 197.60 469.76 427.00 0.0032198
bed 0 0 -10 110.62 128.12 529.36 421.95 0.0031525
dresser 0 0 -10 239.14 275.19 556.45 424.74 0.0031092
dresser 0 0 -10 123.59 156.97 312.80 427.00 0.0029374
bookshelf 0 0 -10 58.06 314.58 444.47 427.00 0.0028555
sofa 0 0 -10 233.09 297.38 561.00 427.00 0.0028024
table 0 0 -10 319.13 273.82 534.96 350.32 0.0027595
table 0 0 -10 272.87 286.96 329.22 326.84 0.0025131
dresser 0 0 -10 198.67 123.06 527.04 314.67 0.0024622
bathtub 0 0 -10 125.11 142.58 537.02 389.87 0.0023168
chair 0 0 -10 270.01 272.42 507.78 411.36 0.0023065
night_stand 0 0 -10 182.92 294.66 547.86 423.20 0.0022830
chair 0 0 -10 337.16 120.66 408.14 245.05 0.0021536
chair 0 0 -10 202.22 378.08 441.46 425.19 0.0020850
chair 0 0 -10 371.84 260.15 465.38 406.44 0.0020754
chair 0 0 -10 254.52 273.91 341.59 331.40 0.0020715
chair 0 0 -10 364.20 124.09 440.67 263.27 0.0020237
chair 0 0 -10 326.60 393.76 558.95 427.00 0.0018781
table 0 0 -10 234.83 297.47 330.96 338.78 0.0018573
table 0 0 -10 171.92 317.64 285.27 425.43 0.0018380
chair 0 0 -10 85.65 322.33 244.86 427.00 0.0018180
table 0 0 -10 125.18 209.60 355.48 425.23 0.0017758
dresser 0 0 -10 55.89 317.33 443.62 427.00 0.0016957
chair 0 0 -10 347.35 170.63 557.73 381.94 0.0016823
table 0 0 -10 223.62 263.29 545.83 376.22 0.0016625
chair 0 0 -10 234.83 273.05 340.83 376.76 0.0015703
desk 0 0 -10 117.75 152.12 343.82 419.83 0.0015151
chair 0 0 -10 496.73 143.68 561.00 412.70 0.0015023
chair 0 0 -10 517.54 292.19 560.41 375.06 0.0014403
desk 0 0 -10 351.24 294.80 560.09 418.37 0.0013963
bathtub 0 0 -10 169.52 289.54 545.10 423.71 0.0013313
toilet 0 0 -10 176.82 292.28 537.80 427.00 0.0013290
table 0 0 -10 545.46 261.96 560.35 421.70 0.0013145
table 0 0 -10 74.09 397.40 305.32 426.40 0.0011746
chair 0 0 -10 362.28 256.69 423.01 390.21 0.0011395
sofa 0 0 -10 542.42 285.81 560.66 425.27 0.0011205
table 0 0 -10 156.71 125.48 522.73 295.03 0.0010959
bathtub 0 0 -10 37.54 319.40 444.68 424.68 0.0010636
chair 0 0 -10 412.28 339.04 551.86 426.90 0.0010210
bookshelf 0 0 -10 131.95 164.92 305.66 425.27 0.0010196
chair 0 0 -10 318.12 306.97 497.08 389.46 0.0009908
chair 0 0 -10 371.26 122.21 401.84 256.28 0.0009759
chair 0 0 -10 15.70 290.54 277.10 427.00 0.0009595
bookshelf 0 0 -10 427.19 125.25 547.91 334.07 0.0009458
table 0 0 -10 510.50 256.83 560.67 427.00 0.0009452
chair 0 0 -10 274.54 361.01 494.62 426.17 0.0009380
bookshelf 0 0 -10 399.91 59.80 526.20 295.11 0.0009331
chair 0 0 -10 77.32 375.49 299.11 427.00 0.0009305
toilet 0 0 -10 41.36 316.34 437.51 427.00 0.0009098
chair 0 0 -10 341.96 122.10 406.49 185.98 0.0009061
table 0 0 -10 395.47 313.06 549.51 424.27 0.0008837
chair 0 0 -10 76.17 171.88 318.31 427.00 0.0008572
chair 0 0 -10 387.60 121.50 413.09 270.45 0.0008561
desk 0 0 -10 136.57 318.83 312.81 425.61 0.0008515
table 0 0 -10 301.73 301.10 379.36 382.44 0.0008181
chair 0 0 -10 207.31 321.49 325.72 423.97 0.0008115
