table 0 0 -10 0.31 209.31 95.72 401.79 0.8682589
sofa 0 0 -10 318.31 342.83 555.76 427.00 0.4014340
bed 0 0 -10 334.67 342.57 559.28 427.00 0.3206412
chair 0 0 -10 14.42 168.49 149.92 409.15 0.1629411
desk 0 0 -10 1.32 206.87 101.02 416.51 0.0570718
chair 0 0 -10 1.25 213.63 91.51 420.29 0.0458976
dresser 0 0 -10 0.99 198.38 103.22 413.58 0.0320463
chair 0 0 -10 270.63 337.40 559.02 427.00 0.0258319
sofa 0 0 -10 4.36 190.14 131.63 399.62 0.0221367
chair 0 0 -10 62.03 160.50 162.51 364.46 0.0212655
night_stand 0 0 -10 1.48 202.45 106.30 413.56 0.0210264
bed 0 0 -10 195.80 294.48 556.01 424.17 0.0199163
table 0 0 -10 345.55 344.27 556.29 426.37 0.0183880
bed 0 0 -10 0.56 193.80 105.45 416.60 0.0144305
bed 0 0 -10 255.09 402.06 561.00 426.81 0.0136124
sofa 0 0 -10 289.21 383.50 552.24 426.90 0.0135913
table 0 0 -10 7.76 218.18 167.58 423.59 0.0090025
dresser 0 0 -10 24.87 170.55 150.44 377.44 0.0063403
bed 0 0 -10 354.93 382.73 558.39 426.40 0.0053111
desk 0 0 -10 0.00 195.01 191.79 423.14 0.0048810
chair 0 0 -10 365.02 370.74 543.46 425.57 0.0039291
table 0 0 -10 0.32 206.83 65.86 335.58 0.0034756
table 0 0 -10 27.44 217.08 122.77 378.43 0.0033702
sofa 0 0 -10 205.27 299.39 559.60 424.30 0.0032307
table 0 0 -10 469.82 358.00 559.45 426.77 0.0030302
table 0 0 -10 0.00 209.85 49.70 415.97 0.0026342
table 0 0 -10 254.42 402.27 550.59 426.59 0.0025922
bed 0 0 -10 196.03 167.76 541.71 425.23 0.0024629
chair 0 0 -10 480.81 379.58 559.76 426.92 0.0023842
sofa 0 0 -10 209.12 358.57 511.95 427.00 0.0021573
sofa 0 0 -10 54.60 168.98 157.27 356.99 0.0021205
bed 0 0 -10 12.37 34.65 561.00 427.00 0.0020658
chair 0 0 -10 55.47 164.25 273.05 363.46 0.0019683
dresser 0 0 -10 283.97 336.43 555.73 424.59 0.0017731
table 0 0 -10 1.10 233.65 71.78 272.38 0.0017073
bookshelf 0 0 -10 2.50 205.93 104.58 400.00 0.0016616
chair 0 0 -10 0.00 215.37 39.37 420.80 0.0016528
table 0 0 -10 355.83 385.06 552.69 426.48 0.0015620
desk 0 0 -10 294.97 355.63 560.18 424.88 0.0014880
bathtub 0 0 -10 0.00 190.23 105.25 414.66 0.0014194
bed 0 0 -10 17.62 165.52 154.02 391.50 0.0013329
table 0 0 -10 57.85 224.83 175.21 373.54 0.0012201
chair 0 0 -10 65.65 163.18 115.76 356.52 0.0011545
bathtub 0 0 -10 259.04 336.55 561.00 421.48 0.0011081
sofa 0 0 -10 28.02 164.63 530.92 427.00 0.0010934
bed 0 0 -10 451.42 341.82 558.90 427.00 0.0010625
table 0 0 -10 0.00 190.34 28.55 372.69 0.0010551
chair 0 0 -10 300.77 334.95 385.60 427.00 0.0008912
chair 0 0 -10 195.86 219.22 534.12 425.97 0.0008649
toilet 0 0 -10 0.18 191.30 103.90 420.36 0.0008568
table 0 0 -10 0.00 209.07 82.33 279.11 0.0008533
night_stand 0 0 -10 36.43 207.78 127.41 377.41 0.0008435
dresser 0 0 -10 66.90 157.36 111.24 359.82 0.0008178
table 0 0 -10 0.86 207.55 17.91 343.25 0.0008129
chair 0 0 -10 264.75 401.26 558.01 426.45 0.0008117
chair 0 0 -10 0.00 190.19 36.75 281.73 0.0008075
table 0 0 -10 4.99 292.18 125.28 373.89 0.0008026
table 0 0 -10 4.87 306.73 140.76 425.61 0.0007919
table 0 0 -10 443.86 390.82 556.67 426.99 0.0007794
table 0 0 -10 0.00 177.71 161.57 335.13 0.0007677
chair 0 0 -10 3.28 273.43 116.85 376.92 0.0007648
table 0 0 -10 181.25 296.87 544.89 423.13 0.0007327
bookshelf 0 0 -10 289.81 327.74 556.20 420.29 0.0007090
dresser 0 0 -10 193.51 209.02 513.43 418.03 0.0007049
chair 0 0 -10 68.13 168.69 397.46 419.92 0.0006769
sofa 0 0 -10 1.34 222.51 83.03 394.73 0.0006705
chair 0 0 -10 0.00 182.74 57.34 333.40 0.0006388
chair 0 0 -10 50.23 318.55 561.00 427.00 0.0006315
table 0 0 -10 2.52 202.89 13.70 412.65 0.0006201
night_stand 0 0 -10 270.68 339.30 558.18 424.19 0.0006110
chair 0 0 -10 0.00 10.55 42.23 307.94 0.0006106
chair 0 0 -10 0.00 152.34 25.84 340.27 0.0005812
desk 0 0 -10 247.05 402.01 561.00 426.63 0.0005796
table 0 0 -10 24.32 203.82 475.60 427.00 0.0005570
table 0 0 -10 392.71 401.29 542.98 426.84 0.0005552
bookshelf 0 0 -10 19.71 181.19 141.66 366.58 0.0005286
table 0 0 -10 204.88 384.45 454.09 426.36 0.0005265
table 0 0 -10 3.80 197.73 11.37 356.02 0.0005180
chair 0 0 -10 403.19 272.60 555.02 427.00 0.0005072
dresser 0 0 -10 72.88 160.21 159.79 351.42 0.0004938
night_stand 0 0 -10 7.84 257.05 115.87 371.91 0.0004922
bed 0 0 -10 81.84 344.26 470.61 427.00 0.0004881
toilet 0 0 -10 243.27 334.53 561.00 427.00 0.0004823
table 0 0 -10 0.00 329.97 62.80 426.52 0.0004753
bed 0 0 -10 318.44 226.63 561.00 410.80 0.0004606
sofa 0 0 -10 279.69 337.80 454.77 427.00 0.0004579
table 0 0 -10 3.04 203.43 8.16 406.01 0.0004485
bed 0 0 -10 0.00 143.07 248.45 397.66 0.0004430
dresser 0 0 -10 205.99 199.19 341.02 422.06 0.0004333
table 0 0 -10 58.22 274.57 119.83 361.57 0.0004258
chair 0 0 -10 97.50 158.91 192.67 369.89 0.0004236
chair 0 0 -10 69.62 193.49 206.82 317.53 0.0004023
chair 0 0 -10 16.50 156.77 116.45 294.80 0.0004013
desk 0 0 -10 43.99 187.03 134.40 368.71 0.0003897
table 0 0 -10 128.87 343.40 496.92 425.51 0.0003888
chair 0 0 -10 45.28 142.80 103.83 335.80 0.0003786
dresser 0 0 -10 4.93 198.43 239.76 421.46 0.0003780
chair 0 0 -10 0.00 99.80 85.61 383.09 0.0003759
table 0 0 -10 56.55 176.28 103.91 356.12 0.0003665
table 0 0 -10 291.74 408.50 480.34 426.86 0.0003542
