dresser 0 0 -10 0.00 219.70 312.10 427.00 0.3236621
table 0 0 -10 6.03 269.59 267.10 427.00 0.2320583
night_stand 0 0 -10 7.87 227.84 309.15 426.70 0.0831497
desk 0 0 -10 2.93 223.69 305.54 427.00 0.0500146
bed 0 0 -10 0.00 205.88 310.67 427.00 0.0377185
bathtub 0 0 -10 287.49 376.17 556.35 427.00 0.0109928
chair 0 0 -10 0.54 277.25 236.34 427.00 0.0107203
table 0 0 -10 2.81 203.14 283.18 321.18 0.0094351
table 0 0 -10 380.86 1.80 559.60 76.27 0.0090856
bathtub 0 0 -10 0.00 214.14 363.32 422.99 0.0089632
table 0 0 -10 17.54 67.91 206.16 243.48 0.0082429
bathtub 0 0 -10 20.50 277.25 528.72 427.00 0.0071841
table 0 0 -10 1.57 153.43 296.29 390.94 0.0045703
bathtub 0 0 -10 261.96 307.51 557.74 426.60 0.0044740
dresser 0 0 -10 18.06 272.04 512.88 427.00 0.0040318
sofa 0 0 -10 4.72 275.33 265.74 427.00 0.0035448
toilet 0 0 -10 0.00 207.94 322.11 427.00 0.0033319
bathtub 0 0 -10 0.00 273.41 254.38 425.59 0.0032291
dresser 0 0 -10 3.16 6.48 376.35 397.49 0.0029808
sofa 0 0 -10 383.87 3.06 560.52 73.94 0.0025004
bathtub 0 0 -10 346.73 346.53 549.42 422.28 0.0020349
bathtub 0 0 -10 108.64 339.14 479.97 427.00 0.0018962
bathtub 0 0 -10 265.53 122.91 561.00 425.73 0.0018428
bathtub 0 0 -10 213.59 394.68 519.29 427.00 0.0018356
toilet 0 0 -10 18.17 277.11 513.01 427.00 0.0017229
table 0 0 -10 367.18 5.34 555.27 148.03 0.0016629
dresser 0 0 -10 159.37 52.67 554.59 420.87 0.0016201
desk 0 0 -10 16.46 65.15 210.51 245.80 0.0013321
bathtub 0 0 -10 8.74 57.21 205.60 224.35 0.0012963
table 0 0 -10 2.94 301.61 157.23 425.21 0.0012059
bathtub 0 0 -10 296.47 332.02 402.43 425.50 0.0011134
table 0 0 -10 1.46 259.89 68.16 416.42 0.0011085
table 0 0 -10 4.52 204.46 172.04 290.04 0.0010767
desk 0 0 -10 0.00 32.57 546.34 427.00 0.0010067
bathtub 0 0 -10 283.58 237.39 397.87 424.65 0.0009891
bathtub 0 0 -10 10.79 33.16 531.30 410.56 0.0009590
chair 0 0 -10 2.85 198.33 336.38 421.04 0.0009472
bathtub 0 0 -10 380.56 375.37 514.43 427.00 0.0009386
table 0 0 -10 21.59 265.80 498.05 427.00 0.0008998
dresser 0 0 -10 135.90 279.42 392.92 425.74 0.0008567
chair 0 0 -10 30.80 280.72 515.50 427.00 0.0008480
bed 0 0 -10 0.22 9.54 525.40 427.00 0.0008067
bed 0 0 -10 23.19 268.06 521.03 427.00 0.0007579
desk 0 0 -10 15.44 266.44 516.43 427.00 0.0007374
night_stand 0 0 -10 40.19 276.88 520.00 424.02 0.0007014
bathtub 0 0 -10 392.25 338.35 496.03 423.76 0.0006636
table 0 0 -10 0.00 237.75 26.70 425.23 0.0006461
table 0 0 -10 0.15 14.40 371.75 394.55 0.0006147
toilet 0 0 -10 255.44 305.47 554.59 427.00 0.0006020
bathtub 0 0 -10 255.44 413.21 561.00 427.00 0.0005963
dresser 0 0 -10 181.31 242.54 324.50 419.27 0.0005867
chair 0 0 -10 195.45 184.99 536.66 422.30 0.0005865
table 0 0 -10 7.59 1.56 232.91 106.13 0.0005622
bed 0 0 -10 377.50 2.79 561.00 74.42 0.0005419
dresser 0 0 -10 223.29 295.66 555.45 425.51 0.0005272
chair 0 0 -10 421.10 0.37 558.99 78.70 0.0005271
bookshelf 0 0 -10 11.14 0.00 364.34 400.46 0.0005187
chair 0 0 -10 12.16 123.60 176.63 249.66 0.0005186
toilet 0 0 -10 287.20 375.72 549.93 427.00 0.0004891
bookshelf 0 0 -10 1.37 188.67 306.46 427.00 0.0004865
dresser 0 0 -10 382.45 96.71 557.50 425.92 0.0004727
bathtub 0 0 -10 372.52 266.80 530.48 423.59 0.0004493
table 0 0 -10 0.69 220.55 36.94 276.03 0.0004416
chair 0 0 -10 375.04 118.82 558.67 419.76 0.0004317
bathtub 0 0 -10 351.57 253.85 404.94 422.48 0.0004316
bathtub 0 0 -10 368.36 400.43 561.00 427.00 0.0004129
toilet 0 0 -10 281.75 230.38 396.21 427.00 0.0004024
table 0 0 -10 298.57 24.80 556.14 406.77 0.0003923
table 0 0 -10 23.09 115.28 242.78 287.90 0.0003771
dresser 0 0 -10 2.63 61.66 246.61 299.74 0.0003746
desk 0 0 -10 12.64 97.46 207.50 189.42 0.0003659
toilet 0 0 -10 112.16 339.33 468.31 427.00 0.0003491
dresser 0 0 -10 381.09 4.67 561.00 73.90 0.0003483
table 0 0 -10 394.83 113.54 559.38 427.00 0.0003364
bed 0 0 -10 259.44 84.70 561.00 427.00 0.0003355
bathtub 0 0 -10 369.05 99.34 561.00 332.21 0.0003353
bed 0 0 -10 1.02 296.44 250.01 427.00 0.0003332
toilet 0 0 -10 362.73 247.82 413.61 425.44 0.0003171
bathtub 0 0 -10 330.02 316.20 461.69 425.16 0.0003171
chair 0 0 -10 77.41 0.76 204.31 71.02 0.0003055
table 0 0 -10 11.47 152.00 199.63 253.33 0.0003027
bathtub 0 0 -10 0.00 82.77 324.65 395.43 0.0003010
chair 0 0 -10 364.96 0.88 557.80 147.52 0.0002954
sofa 0 0 -10 11.76 142.46 308.72 413.34 0.0002934
toilet 0 0 -10 265.12 108.37 558.38 427.00 0.0002910
chair 0 0 -10 310.36 16.22 556.34 388.55 0.0002847
bookshelf 0 0 -10 350.07 15.61 555.44 427.00 0.0002684
bathtub 0 0 -10 212.67 414.87 442.56 427.00 0.0002669
chair 0 0 -10 154.69 147.23 332.19 362.47 0.0002661
dresser 0 0 -10 215.20 202.95 381.96 400.53 0.0002659
night_stand 0 0 -10 381.44 0.51 561.00 74.84 0.0002612
table 0 0 -10 1.51 214.99 50.49 296.20 0.0002573
table 0 0 -10 59.38 48.62 551.19 425.42 0.0002545
chair 0 0 -10 72.52 44.00 220.57 255.91 0.0002491
desk 0 0 -10 4.68 301.33 259.16 419.22 0.0002470
dresser 0 0 -10 199.03 20.81 386.42 401.14 0.0002465
table 0 0 -10 1.94 219.05 27.86 326.95 0.0002341
desk 0 0 -10 379.49 3.19 561.00 75.83 0.0002331
table 0 0 -10 280.08 374.67 549.43 427.00 0.0002268
dresser 0 0 -10 7.47 310.67 255.88 417.99 0.0002248
