chair 0 0 -10 342.55 190.54 560.80 419.42 0.9902794
chair 0 0 -10 407.49 128.81 559.53 258.02 0.9792614
table 0 0 -10 0.00 127.57 482.41 421.56 0.9656601
chair 0 0 -10 54.52 118.09 240.32 306.98 0.9342513
chair 0 0 -10 330.73 91.33 446.31 209.17 0.9303471
chair 0 0 -10 386.93 145.97 557.93 339.81 0.9128495
chair 0 0 -10 0.18 160.70 96.10 331.80 0.8777743
chair 0 0 -10 111.41 113.15 260.27 256.37 0.7876437
chair 0 0 -10 19.61 136.91 199.42 398.79 0.7237939
chair 0 0 -10 126.87 113.48 232.80 179.24 0.5830321
chair 0 0 -10 426.50 92.90 510.01 183.83 0.5565452
chair 0 0 -10 122.74 196.50 546.77 425.66 0.4941923
chair 0 0 -10 66.29 118.23 222.56 215.35 0.4475113
chair 0 0 -10 287.72 85.08 398.16 195.12 0.3019335
table 0 0 -10 276.60 93.96 411.72 125.89 0.2487070
table 0 0 -10 245.77 101.83 464.60 206.73 0.2464869
chair 0 0 -10 256.81 89.23 359.08 215.98 0.2178895
chair 0 0 -10 0.86 204.58 160.24 426.77 0.1654819
chair 0 0 -10 7.50 134.11 142.59 283.75 0.1534547
chair 0 0 -10 91.11 149.39 317.78 419.89 0.1524844
chair 0 0 -10 268.07 85.39 395.32 143.78 0.1455286
chair 0 0 -10 463.18 124.40 559.55 383.44 0.1295151
chair 0 0 -10 121.33 104.63 319.80 309.79 0.0965416
chair 0 0 -10 356.51 82.91 468.36 180.32 0.0845588
chair 0 0 -10 432.86 110.12 550.10 204.60 0.0685414
chair 0 0 -10 291.74 88.43 371.06 134.92 0.0675758
table 0 0 -10 191.54 107.72 508.38 378.38 0.0672419
chair 0 0 -10 260.65 64.46 424.33 217.86 0.0655790
chair 0 0 -10 492.15 111.88 561.00 208.47 0.0619181
desk 0 0 -10 0.00 116.85 486.78 427.00 0.0612076
chair 0 0 -10 3.17 264.71 318.19 426.41 0.0600570
chair 0 0 -10 240.18 98.98 315.08 231.63 0.0539893
table 0 0 -10 266.22 89.52 437.26 142.58 0.0516282
chair 0 0 -10 1.06 169.14 70.01 210.17 0.0481707
chair 0 0 -10 353.55 88.39 442.16 121.59 0.0468628
chair 0 0 -10 0.00 139.26 54.98 353.73 0.0454390
table 0 0 -10 0.25 171.02 128.01 398.15 0.0371445
chair 0 0 -10 0.72 154.45 78.10 250.44 0.0324367
chair 0 0 -10 32.64 95.65 403.80 410.54 0.0316059
table 0 0 -10 389.63 121.02 505.17 262.64 0.0315621
chair 0 0 -10 55.53 91.24 309.51 194.03 0.0309833
chair 0 0 -10 505.49 95.21 558.90 167.14 0.0290397
chair 0 0 -10 168.10 110.70 306.06 233.36 0.0281415
chair 0 0 -10 515.03 101.75 560.49 251.60 0.0268304
chair 0 0 -10 288.30 145.93 507.12 377.63 0.0268093
chair 0 0 -10 496.94 27.90 561.00 218.42 0.0255787
table 0 0 -10 290.21 112.05 478.79 272.65 0.0237000
chair 0 0 -10 100.39 113.70 204.03 167.17 0.0219705
table 0 0 -10 322.43 110.64 517.74 344.52 0.0212720
table 0 0 -10 1.30 184.48 89.73 341.22 0.0203844
chair 0 0 -10 435.22 95.22 507.21 147.36 0.0198115
bed 0 0 -10 0.00 142.98 124.04 415.63 0.0197747
chair 0 0 -10 243.34 82.87 467.09 152.80 0.0191675
chair 0 0 -10 444.65 89.50 545.02 170.48 0.0180572
chair 0 0 -10 62.13 132.75 197.30 182.90 0.0178160
table 0 0 -10 503.70 103.27 559.96 168.67 0.0178023
chair 0 0 -10 366.54 104.92 504.81 249.13 0.0175046
table 0 0 -10 288.58 90.91 375.23 118.99 0.0171447
chair 0 0 -10 530.86 167.62 560.63 376.03 0.0168783
chair 0 0 -10 398.39 88.71 444.28 186.55 0.0154005
chair 0 0 -10 210.54 110.72 344.51 182.58 0.0142355
table 0 0 -10 75.06 117.20 461.34 276.93 0.0141225
table 0 0 -10 416.20 103.76 508.53 200.78 0.0137235
table 0 0 -10 437.64 98.14 515.74 169.10 0.0124179
chair 0 0 -10 173.83 311.94 520.26 423.06 0.0119926
chair 0 0 -10 393.36 82.96 523.37 207.36 0.0118445
chair 0 0 -10 307.72 89.06 366.48 118.67 0.0108171
chair 0 0 -10 304.81 88.97 414.05 122.85 0.0105969
table 0 0 -10 6.58 150.20 314.94 377.34 0.0102708
chair 0 0 -10 58.92 15.74 208.70 166.76 0.0101345
chair 0 0 -10 164.47 114.79 402.29 333.23 0.0099457
chair 0 0 -10 272.22 89.17 352.98 119.16 0.0098521
desk 0 0 -10 214.25 110.43 516.53 385.61 0.0097922
sofa 0 0 -10 532.13 166.78 560.56 382.52 0.0092626
bed 0 0 -10 5.67 111.06 395.85 426.05 0.0083974
desk 0 0 -10 504.88 101.81 559.02 168.67 0.0083510
table 0 0 -10 532.86 173.53 560.60 382.39 0.0082383
table 0 0 -10 249.48 100.12 354.65 199.10 0.0081426
chair 0 0 -10 233.22 238.11 457.59 426.00 0.0079926
sofa 0 0 -10 546.33 215.38 560.72 369.17 0.0075869
table 0 0 -10 409.02 111.69 541.19 233.26 0.0074690
chair 0 0 -10 25.73 41.45 266.81 241.27 0.0073676
desk 0 0 -10 0.00 154.21 124.14 418.00 0.0073645
chair 0 0 -10 0.00 55.15 108.54 294.86 0.0070977
table 0 0 -10 546.22 224.52 560.77 367.25 0.0069415
desk 0 0 -10 1.63 182.28 86.50 338.17 0.0068723
table 0 0 -10 272.12 81.59 441.08 120.23 0.0068692
chair 0 0 -10 65.64 11.38 516.93 179.50 0.0062804
table 0 0 -10 65.24 106.33 264.61 225.32 0.0061581
chair 0 0 -10 153.26 87.81 372.60 202.68 0.0061571
chair 0 0 -10 413.81 53.56 549.34 185.80 0.0061179
table 0 0 -10 269.96 99.90 373.94 141.72 0.0061068
chair 0 0 -10 19.99 17.25 161.49 208.83 0.0059269
chair 0 0 -10 217.30 34.25 448.15 136.53 0.0059158
sofa 0 0 -10 0.42 157.83 63.73 383.25 0.0058963
chair 0 0 -10 298.69 97.19 524.67 298.42 0.0056529
table 0 0 -10 71.70 78.16 533.82 219.92 0.0054383
chair 0 0 -10 73.59 7.79 127.35 138.64 0.0054310
bed 0 0 -10 0.26 170.92 86.49 335.92 0.0052751
desk 0 0 -10 251.60 99.17 462.46 208.68 0.0050102
