chair 0 0 -10 320.57 233.06 429.97 352.30 0.9872365
table 0 0 -10 27.14 296.35 333.62 426.69 0.9324210
table 0 0 -10 259.61 228.90 521.04 406.01 0.8909608
chair 0 0 -10 70.07 224.52 164.79 320.82 0.7878773
chair 0 0 -10 186.52 206.21 235.85 283.51 0.7113521
chair 0 0 -10 146.17 219.45 219.56 297.23 0.6937605
chair 0 0 -10 110.33 348.66 258.89 425.13 0.6194111
chair 0 0 -10 2.60 257.33 41.55 378.82 0.6115314
desk 0 0 -10 121.14 219.52 230.93 295.60 0.5899799
desk 0 0 -10 8.82 210.16 229.36 305.19 0.5689324
chair 0 0 -10 139.47 223.62 194.65 284.00 0.3936938
desk 0 0 -10 20.51 231.74 167.51 323.95 0.3756076
chair 0 0 -10 430.43 322.96 561.00 427.00 0.3520007
table 0 0 -10 99.71 240.49 491.69 422.23 0.3019379
table 0 0 -10 2.22 240.94 63.21 387.07 0.2708085
desk 0 0 -10 78.51 226.92 201.90 313.32 0.2552260
desk 0 0 -10 1.65 241.64 53.51 384.54 0.2055325
desk 0 0 -10 163.45 215.93 233.74 280.98 0.2031980
desk 0 0 -10 131.22 217.72 189.02 291.27 0.1954924
desk 0 0 -10 83.14 204.41 177.58 292.55 0.1883312
table 0 0 -10 3.37 231.47 169.54 357.92 0.1833619
desk 0 0 -10 257.94 232.06 522.50 409.00 0.1810640
desk 0 0 -10 8.32 220.55 104.88 351.55 0.1700132
chair 0 0 -10 84.91 324.13 312.42 426.12 0.1668921
chair 0 0 -10 167.83 208.96 222.06 275.37 0.1522157
table 0 0 -10 269.21 228.54 439.62 362.89 0.1522036
table 0 0 -10 9.17 211.13 230.76 301.50 0.1502472
chair 0 0 -10 119.53 221.86 180.92 302.63 0.1411839
chair 0 0 -10 521.00 278.86 560.73 420.18 0.1319930
desk 0 0 -10 107.27 227.45 166.99 302.29 0.1317482
desk 0 0 -10 31.00 200.99 152.77 289.36 0.1288161
chair 0 0 -10 199.54 194.42 237.57 260.49 0.1272591
chair 0 0 -10 433.33 383.07 561.00 425.24 0.1215048
chair 0 0 -10 47.61 210.46 137.92 310.81 0.1185187
table 0 0 -10 110.09 217.59 229.32 286.43 0.1127462
chair 0 0 -10 111.13 196.21 230.79 300.09 0.1064156
desk 0 0 -10 18.74 200.26 213.10 262.21 0.1041009
chair 0 0 -10 418.52 225.37 503.69 323.52 0.0988038
table 0 0 -10 4.71 197.96 128.94 251.70 0.0924167
chair 0 0 -10 130.96 210.72 181.40 275.39 0.0905284
table 0 0 -10 0.08 252.28 37.77 377.97 0.0869843
desk 0 0 -10 27.98 297.02 306.40 421.94 0.0818922
desk 0 0 -10 5.96 197.85 128.24 253.02 0.0784738
desk 0 0 -10 65.31 242.82 171.28 286.54 0.0743856
chair 0 0 -10 155.37 228.63 183.38 268.89 0.0692299
table 0 0 -10 82.18 203.62 178.67 290.18 0.0646668
chair 0 0 -10 450.15 152.75 497.28 258.78 0.0644249
desk 0 0 -10 5.53 208.09 110.72 282.01 0.0632877
chair 0 0 -10 182.16 197.81 231.56 246.78 0.0626192
table 0 0 -10 122.01 224.71 186.56 292.94 0.0618585
desk 0 0 -10 4.30 237.34 148.07 380.40 0.0606783
chair 0 0 -10 307.80 216.14 400.67 306.33 0.0577391
desk 0 0 -10 137.11 225.87 215.03 273.84 0.0569961
desk 0 0 -10 158.41 202.82 210.34 263.88 0.0549075
table 0 0 -10 63.04 243.63 173.36 286.05 0.0533674
table 0 0 -10 14.07 263.94 174.52 409.87 0.0524906
desk 0 0 -10 142.78 191.65 232.56 266.68 0.0506764
table 0 0 -10 18.69 200.33 213.61 261.39 0.0503811
table 0 0 -10 75.12 226.91 205.88 309.78 0.0490061
chair 0 0 -10 539.40 276.19 560.84 410.72 0.0481175
chair 0 0 -10 28.89 199.57 128.45 278.51 0.0474653
table 0 0 -10 6.05 206.94 117.44 304.30 0.0457917
table 0 0 -10 45.94 236.64 170.98 319.85 0.0448318
chair 0 0 -10 0.27 195.45 50.23 250.75 0.0444565
table 0 0 -10 29.45 199.77 153.03 286.97 0.0439825
chair 0 0 -10 111.99 190.09 175.63 285.50 0.0425656
chair 0 0 -10 145.66 206.25 192.55 267.46 0.0424012
chair 0 0 -10 175.89 232.99 203.37 273.72 0.0409100
table 0 0 -10 152.62 281.51 387.46 416.04 0.0403600
chair 0 0 -10 1.39 226.82 63.33 368.30 0.0373433
desk 0 0 -10 144.13 210.79 232.41 244.31 0.0357939
chair 0 0 -10 195.81 201.29 234.09 231.54 0.0348355
chair 0 0 -10 69.79 242.58 159.24 288.68 0.0346887
desk 0 0 -10 62.26 274.74 470.79 427.00 0.0342451
table 0 0 -10 437.05 386.22 552.99 427.00 0.0341576
chair 0 0 -10 48.62 339.19 213.96 426.53 0.0340348
table 0 0 -10 272.81 232.45 476.29 308.33 0.0339482
table 0 0 -10 8.18 199.03 339.72 408.41 0.0335244
table 0 0 -10 130.10 223.70 209.13 263.81 0.0323636
desk 0 0 -10 119.36 193.00 198.76 270.44 0.0318642
chair 0 0 -10 160.81 201.96 205.98 264.05 0.0308462
chair 0 0 -10 173.58 227.49 191.37 277.36 0.0299284
table 0 0 -10 160.50 216.35 234.90 279.43 0.0297093
chair 0 0 -10 341.77 232.66 492.82 366.14 0.0293068
chair 0 0 -10 181.31 222.78 195.21 274.47 0.0291265
desk 0 0 -10 268.26 230.54 433.87 367.48 0.0288332
chair 0 0 -10 194.59 212.22 230.00 242.78 0.0278037
chair 0 0 -10 44.46 234.60 173.12 385.08 0.0277940
table 0 0 -10 60.23 216.66 345.20 316.06 0.0272279
table 0 0 -10 119.87 213.16 202.29 246.08 0.0265729
chair 0 0 -10 68.17 267.78 212.13 404.51 0.0257826
chair 0 0 -10 208.84 220.20 236.62 258.48 0.0247059
table 0 0 -10 88.35 233.90 161.62 304.24 0.0238752
table 0 0 -10 141.58 211.38 233.28 244.31 0.0228234
table 0 0 -10 365.63 231.03 518.41 300.31 0.0213932
desk 0 0 -10 30.69 251.13 202.72 399.96 0.0213768
chair 0 0 -10 0.08 185.73 41.27 351.30 0.0213613
chair 0 0 -10 317.81 337.51 561.00 427.00 0.0212274
desk 0 0 -10 86.74 195.03 232.05 245.72 0.0205657
desk 0 0 -10 121.11 212.64 201.42 246.67 0.0205360
