bookshelf 0 0 -10 328.49 115.38 462.34 344.19 0.8415198
table 0 0 -10 378.80 291.51 535.86 372.92 0.7061853
sofa 0 0 -10 330.57 364.36 554.04 427.00 0.5612439
table 0 0 -10 8.62 232.75 238.92 370.38 0.4173730
chair 0 0 -10 437.11 270.36 526.40 359.84 0.4006996
chair 0 0 -10 112.75 237.43 213.86 374.81 0.3375284
chair 0 0 -10 0.64 182.97 92.75 362.04 0.3066398
desk 0 0 -10 99.88 225.89 253.48 350.96 0.2719119
desk 0 0 -10 7.89 233.27 241.84 371.28 0.2210756
chair 0 0 -10 418.71 261.15 494.53 352.55 0.1697779
table 0 0 -10 330.07 285.21 544.57 425.80 0.1647887
sofa 0 0 -10 359.58 312.00 558.05 427.00 0.1540562
desk 0 0 -10 192.43 231.19 265.59 342.39 0.1489667
table 0 0 -10 98.12 228.21 221.19 354.08 0.1346844
chair 0 0 -10 35.94 213.56 123.93 363.32 0.1188490
bookshelf 0 0 -10 1.70 8.82 119.08 366.31 0.0891951
chair 0 0 -10 471.91 271.00 530.47 339.07 0.0846757
chair 0 0 -10 448.06 264.78 507.13 337.20 0.0820165
bookshelf 0 0 -10 296.54 28.60 503.11 345.51 0.0646802
bed 0 0 -10 335.91 357.37 555.68 427.00 0.0617723
chair 0 0 -10 0.19 217.68 53.57 378.32 0.0617215
chair 0 0 -10 184.91 203.01 263.79 335.71 0.0559026
chair 0 0 -10 131.06 214.96 242.04 356.50 0.0553464
table 0 0 -10 403.38 290.09 532.64 331.29 0.0547055
table 0 0 -10 395.03 276.36 516.14 351.50 0.0474179
bed 0 0 -10 360.95 299.12 551.00 418.52 0.0464827
chair 0 0 -10 405.95 291.94 531.18 377.07 0.0441344
table 0 0 -10 14.33 283.17 254.24 410.67 0.0425020
bookshelf 0 0 -10 1.55 65.85 85.14 236.13 0.0355737
bookshelf 0 0 -10 14.70 203.02 249.25 349.93 0.0327742
table 0 0 -10 0.96 214.23 106.92 369.01 0.0324888
chair 0 0 -10 375.11 314.55 547.46 416.49 0.0322946
chair 0 0 -10 331.95 320.65 495.80 426.71 0.0299560
bookshelf 0 0 -10 7.15 119.20 154.86 329.77 0.0296035
desk 0 0 -10 248.72 226.56 305.37 325.44 0.0291794
table 0 0 -10 174.81 236.68 269.86 338.94 0.0279030
table 0 0 -10 205.59 238.66 244.42 341.72 0.0272788
bookshelf 0 0 -10 0.73 93.49 82.08 344.56 0.0270649
bookshelf 0 0 -10 252.63 157.64 314.81 308.01 0.0265780
desk 0 0 -10 384.49 288.46 529.51 366.03 0.0235533
bookshelf 0 0 -10 163.20 107.34 276.66 327.07 0.0224444
bookshelf 0 0 -10 115.33 185.36 233.22 360.88 0.0197574
chair 0 0 -10 406.95 271.23 473.30 333.94 0.0194825
bookshelf 0 0 -10 9.59 54.04 274.58 344.46 0.0183127
desk 0 0 -10 130.57 219.29 222.86 327.30 0.0179722
desk 0 0 -10 353.36 290.70 548.14 420.68 0.0179263
dresser 0 0 -10 114.28 212.52 235.19 366.30 0.0169555
chair 0 0 -10 415.92 268.73 501.30 317.36 0.0168403
desk 0 0 -10 155.06 216.12 309.13 338.89 0.0164499
bookshelf 0 0 -10 341.76 155.29 549.87 390.47 0.0163986
dresser 0 0 -10 186.90 210.41 258.37 335.50 0.0159404
chair 0 0 -10 333.23 380.16 512.29 426.70 0.0156790
chair 0 0 -10 469.18 278.79 548.64 373.56 0.0153963
bed 0 0 -10 333.93 207.15 553.15 405.07 0.0153336
chair 0 0 -10 455.77 268.08 523.10 315.71 0.0138684
chair 0 0 -10 71.45 219.97 143.00 373.14 0.0135357
bookshelf 0 0 -10 111.73 170.63 314.38 320.96 0.0121950
table 0 0 -10 35.04 228.84 157.19 356.29 0.0120818
chair 0 0 -10 263.35 246.73 304.16 315.02 0.0120632
chair 0 0 -10 104.50 221.98 168.60 376.24 0.0120167
dresser 0 0 -10 326.71 118.53 472.32 350.92 0.0116699
table 0 0 -10 265.04 241.74 307.08 316.09 0.0116092
bookshelf 0 0 -10 0.81 90.12 45.47 298.71 0.0110066
chair 0 0 -10 66.60 222.08 116.00 346.90 0.0109829
chair 0 0 -10 153.61 206.98 224.14 329.48 0.0108326
bookshelf 0 0 -10 130.29 108.90 340.11 277.68 0.0105742
sofa 0 0 -10 330.74 392.83 503.43 427.00 0.0103540
desk 0 0 -10 13.66 282.93 257.43 412.37 0.0101140
table 0 0 -10 339.50 392.86 540.57 427.00 0.0100276
bookshelf 0 0 -10 43.30 27.18 444.74 339.39 0.0098726
table 0 0 -10 232.78 231.19 269.98 328.42 0.0095940
desk 0 0 -10 203.22 235.29 237.18 344.75 0.0093451
desk 0 0 -10 407.03 285.43 524.78 331.87 0.0093066
bookshelf 0 0 -10 193.35 178.28 260.88 331.29 0.0091899
bookshelf 0 0 -10 329.46 117.96 397.37 334.52 0.0088687
bookshelf 0 0 -10 209.49 167.39 336.30 329.38 0.0086426
chair 0 0 -10 476.53 279.59 537.14 315.41 0.0084438
chair 0 0 -10 2.04 229.03 46.18 305.04 0.0075628
chair 0 0 -10 327.37 383.60 422.74 426.75 0.0073778
chair 0 0 -10 0.00 52.65 120.30 384.58 0.0073729
night_stand 0 0 -10 115.66 232.04 234.50 357.84 0.0073492
desk 0 0 -10 160.35 231.52 239.18 367.20 0.0071707
chair 0 0 -10 367.88 286.01 487.42 393.33 0.0070468
desk 0 0 -10 1.08 211.99 104.41 375.40 0.0070335
sofa 0 0 -10 142.43 306.10 559.80 427.00 0.0070252
chair 0 0 -10 0.20 150.57 38.33 352.85 0.0069976
bed 0 0 -10 324.59 382.74 512.65 426.83 0.0063666
dresser 0 0 -10 150.08 172.21 262.53 334.83 0.0061397
bookshelf 0 0 -10 104.98 118.56 269.26 245.13 0.0057358
bookshelf 0 0 -10 256.55 121.94 436.06 323.39 0.0057032
table 0 0 -10 329.38 382.24 412.60 426.66 0.0056162
chair 0 0 -10 60.13 261.43 233.28 403.97 0.0053998
chair 0 0 -10 261.00 356.42 558.86 427.00 0.0052684
chair 0 0 -10 200.16 224.69 246.68 302.58 0.0052442
bed 0 0 -10 47.88 217.02 227.63 356.26 0.0051688
table 0 0 -10 220.91 235.09 297.40 329.77 0.0051174
chair 0 0 -10 483.22 315.74 561.00 401.67 0.0050161
chair 0 0 -10 327.76 342.98 417.40 425.57 0.0049950
bookshelf 0 0 -10 51.81 13.77 130.27 344.49 0.0049681
desk 0 0 -10 207.94 231.61 256.03 311.25 0.0048313
