chair 0 0 -10 250.35 125.01 382.64 281.25 0.5964847
desk 0 0 -10 160.50 213.89 536.55 427.00 0.5046124
chair 0 0 -10 252.55 143.89 369.43 226.42 0.4741648
table 0 0 -10 193.97 234.29 440.03 421.05 0.4511564
desk 0 0 -10 439.17 259.44 558.46 427.00 0.4472965
dresser 0 0 -10 167.86 226.72 488.37 427.00 0.2700830
desk 0 0 -10 342.41 209.41 553.80 427.00 0.2008044
chair 0 0 -10 222.73 160.87 383.61 373.82 0.1948505
table 0 0 -10 3.37 301.03 116.19 426.72 0.1728928
table 0 0 -10 431.29 269.55 561.00 426.44 0.1493139
chair 0 0 -10 267.50 136.37 455.40 344.03 0.1364830
chair 0 0 -10 325.16 112.06 475.38 313.01 0.1345842
chair 0 0 -10 228.73 210.17 456.50 417.55 0.1217895
desk 0 0 -10 3.20 300.40 144.99 427.00 0.1180161
chair 0 0 -10 283.62 157.28 395.47 320.19 0.0957172
chair 0 0 -10 272.73 100.96 448.05 260.74 0.0841370
table 0 0 -10 245.82 173.43 387.20 234.83 0.0610435
chair 0 0 -10 269.22 171.95 399.32 233.94 0.0565342
bathtub 0 0 -10 2.31 311.46 170.30 424.51 0.0380635
chair 0 0 -10 259.97 165.51 344.77 221.02 0.0357506
dresser 0 0 -10 2.55 302.82 149.78 427.00 0.0321190
table 0 0 -10 340.60 217.23 556.83 427.00 0.0308096
bathtub 0 0 -10 163.11 246.74 440.93 420.46 0.0292975
bed 0 0 -10 189.15 402.16 435.57 427.00 0.0288541
chair 0 0 -10 164.39 254.11 374.87 421.69 0.0268776
bookshelf 0 0 -10 177.34 233.12 439.27 425.08 0.0264061
toilet 0 0 -10 1.90 309.12 167.12 426.42 0.0252368
bed 0 0 -10 174.56 217.31 474.11 425.99 0.0239265
chair 0 0 -10 426.96 282.48 554.66 424.98 0.0233427
night_stand 0 0 -10 1.47 299.12 119.08 424.45 0.0232173
table 0 0 -10 185.08 402.55 435.70 426.84 0.0205193
table 0 0 -10 227.76 195.70 477.32 374.09 0.0199582
desk 0 0 -10 229.24 192.29 476.17 374.31 0.0198478
desk 0 0 -10 244.99 173.42 386.01 235.53 0.0194301
chair 0 0 -10 381.98 180.43 518.81 406.72 0.0193462
chair 0 0 -10 318.65 159.80 403.74 281.78 0.0191196
night_stand 0 0 -10 428.44 272.31 561.00 426.10 0.0186883
dresser 0 0 -10 429.92 250.74 561.00 427.00 0.0184704
chair 0 0 -10 313.81 167.47 372.93 227.09 0.0180137
table 0 0 -10 252.74 179.16 412.65 306.81 0.0174611
bathtub 0 0 -10 107.72 326.17 179.04 426.68 0.0158102
chair 0 0 -10 314.59 149.63 459.48 235.24 0.0156348
desk 0 0 -10 348.22 148.72 484.57 278.78 0.0151600
chair 0 0 -10 189.62 396.08 439.27 427.00 0.0135797
chair 0 0 -10 319.24 277.65 531.11 423.52 0.0125758
desk 0 0 -10 0.00 207.64 183.86 416.62 0.0125672
chair 0 0 -10 235.60 129.57 330.47 340.35 0.0122987
night_stand 0 0 -10 181.47 231.47 448.32 420.65 0.0121942
desk 0 0 -10 432.25 240.54 554.87 333.25 0.0111090
chair 0 0 -10 412.09 196.97 492.11 381.58 0.0104488
table 0 0 -10 250.64 419.51 390.93 426.70 0.0101472
toilet 0 0 -10 165.03 236.86 430.92 423.56 0.0099026
chair 0 0 -10 376.53 102.98 478.20 271.30 0.0098126
desk 0 0 -10 411.81 222.34 523.40 392.04 0.0084307
dresser 0 0 -10 391.24 187.94 533.47 406.96 0.0083433
sofa 0 0 -10 185.76 412.69 444.39 427.00 0.0081254
desk 0 0 -10 244.50 169.15 389.76 290.16 0.0078169
table 0 0 -10 290.09 163.13 463.94 231.19 0.0077831
dresser 0 0 -10 8.01 45.30 248.31 420.43 0.0074564
sofa 0 0 -10 181.20 221.09 438.78 422.42 0.0072009
dresser 0 0 -10 352.58 93.16 467.57 287.45 0.0071968
desk 0 0 -10 262.16 178.07 552.38 311.80 0.0067975
table 0 0 -10 415.58 216.44 560.77 374.58 0.0061758
dresser 0 0 -10 0.00 188.61 182.19 416.48 0.0059853
bookshelf 0 0 -10 371.38 54.43 471.81 281.13 0.0059401
table 0 0 -10 431.86 240.40 559.58 319.89 0.0058752
bathtub 0 0 -10 182.34 412.69 445.10 426.90 0.0058109
desk 0 0 -10 383.60 162.58 477.79 335.68 0.0057094
table 0 0 -10 218.14 152.25 440.96 265.97 0.0056161
toilet 0 0 -10 107.10 326.76 178.92 427.00 0.0055000
table 0 0 -10 66.90 230.02 548.98 426.31 0.0054785
bookshelf 0 0 -10 1.18 303.19 141.63 427.00 0.0054747
table 0 0 -10 347.36 149.68 487.62 279.32 0.0054425
table 0 0 -10 273.34 195.27 387.57 225.18 0.0050133
dresser 0 0 -10 317.09 175.25 488.94 374.71 0.0049715
table 0 0 -10 176.75 175.87 316.06 233.07 0.0049576
desk 0 0 -10 221.79 129.99 485.15 255.87 0.0047993
chair 0 0 -10 211.11 89.27 239.58 221.23 0.0047279
table 0 0 -10 310.13 172.60 469.65 315.99 0.0046792
chair 0 0 -10 210.34 71.85 476.45 307.41 0.0045722
chair 0 0 -10 206.13 100.13 373.35 240.89 0.0045657
dresser 0 0 -10 198.46 197.65 414.27 378.62 0.0044806
bookshelf 0 0 -10 205.82 97.90 460.16 399.52 0.0044270
sofa 0 0 -10 188.04 398.00 438.37 426.53 0.0043669
bed 0 0 -10 248.14 419.41 393.11 426.92 0.0041613
desk 0 0 -10 292.53 161.62 465.12 231.94 0.0041197
table 0 0 -10 301.38 163.81 412.36 264.89 0.0040566
desk 0 0 -10 178.65 412.65 446.86 426.87 0.0039841
chair 0 0 -10 179.05 410.96 434.13 427.00 0.0039271
table 0 0 -10 200.73 415.08 451.53 427.00 0.0039004
table 0 0 -10 261.60 162.56 558.70 277.76 0.0037155
chair 0 0 -10 388.81 139.23 469.02 373.54 0.0036357
chair 0 0 -10 214.78 299.61 432.85 427.00 0.0032489
chair 0 0 -10 28.17 218.97 84.53 300.28 0.0032468
chair 0 0 -10 3.41 303.61 112.74 424.25 0.0031024
desk 0 0 -10 221.57 301.08 557.06 424.59 0.0029828
table 0 0 -10 238.15 151.97 356.91 299.43 0.0029759
sofa 0 0 -10 250.32 419.42 391.23 426.87 0.0028597
table 0 0 -10 253.58 423.17 402.01 426.85 0.0028514
dresser 0 0 -10 331.17 278.54 553.50 426.57 0.0027962
