chair 0 0 -10 1.97 294.61 61.95 400.35 0.9163134
table 0 0 -10 1.65 305.24 101.52 425.22 0.8902923
chair 0 0 -10 0.43 301.39 110.06 421.82 0.1129940
desk 0 0 -10 0.00 311.66 94.03 419.43 0.1026534
chair 0 0 -10 0.83 348.27 82.01 424.31 0.0412759
chair 0 0 -10 0.00 279.46 46.04 369.53 0.0329466
chair 0 0 -10 0.00 313.40 39.26 420.84 0.0187562
chair 0 0 -10 0.00 329.01 49.19 378.36 0.0186047
table 0 0 -10 0.78 292.37 64.98 394.20 0.0183759
chair 0 0 -10 0.44 272.82 46.54 314.15 0.0164858
table 0 0 -10 10.82 307.81 285.26 425.81 0.0159349
chair 0 0 -10 4.22 275.86 7.34 399.76 0.0151988
bathtub 0 0 -10 45.27 307.67 240.44 417.21 0.0126184
chair 0 0 -10 0.44 260.86 15.07 409.48 0.0121457
table 0 0 -10 0.36 308.39 37.73 426.64 0.0106657
chair 0 0 -10 3.65 366.07 137.59 426.61 0.0080732
chair 0 0 -10 0.11 203.52 52.81 426.77 0.0078224
bathtub 0 0 -10 13.87 309.81 543.27 424.80 0.0069774
table 0 0 -10 0.00 314.61 17.83 424.58 0.0059211
chair 0 0 -10 1.13 366.81 52.69 422.19 0.0055441
table 0 0 -10 0.00 349.74 74.74 422.81 0.0053230
chair 0 0 -10 1.96 269.16 8.26 395.97 0.0051283
chair 0 0 -10 0.93 317.62 41.76 362.93 0.0046185
chair 0 0 -10 23.57 313.29 98.29 399.62 0.0044895
chair 0 0 -10 20.66 291.85 82.82 373.59 0.0039214
desk 0 0 -10 1.23 293.72 63.08 396.62 0.0037060
desk 0 0 -10 0.15 324.94 51.56 420.42 0.0034749
chair 0 0 -10 17.99 301.99 188.28 426.34 0.0034629
chair 0 0 -10 0.16 215.42 27.11 389.86 0.0034327
chair 0 0 -10 1.39 293.07 46.62 314.02 0.0030127
table 0 0 -10 0.06 308.56 8.49 423.50 0.0028995
chair 0 0 -10 1.22 319.10 17.20 420.74 0.0028304
chair 0 0 -10 0.28 282.72 5.73 415.52 0.0027831
table 0 0 -10 0.00 236.37 551.69 419.14 0.0027353
desk 0 0 -10 0.00 234.78 105.04 412.56 0.0027291
table 0 0 -10 0.00 222.72 99.21 408.25 0.0026239
desk 0 0 -10 0.00 236.23 561.00 419.61 0.0025639
chair 0 0 -10 3.17 281.63 10.52 368.04 0.0024082
table 0 0 -10 4.23 281.80 7.22 402.79 0.0022496
chair 0 0 -10 3.63 282.12 61.01 340.65 0.0022101
bathtub 0 0 -10 2.70 308.42 153.27 418.57 0.0021314
sofa 0 0 -10 0.74 299.80 105.14 423.92 0.0019590
table 0 0 -10 4.48 321.06 91.14 386.90 0.0019454
table 0 0 -10 2.47 330.68 11.50 424.11 0.0019356
bathtub 0 0 -10 96.91 291.97 217.66 380.43 0.0019171
desk 0 0 -10 1.61 305.25 311.63 427.00 0.0018842
table 0 0 -10 0.00 331.91 32.23 399.09 0.0018509
bed 0 0 -10 1.87 233.83 553.96 425.71 0.0018008
bookshelf 0 0 -10 234.91 0.00 558.26 333.34 0.0017518
chair 0 0 -10 0.00 308.79 28.43 382.75 0.0016414
table 0 0 -10 41.53 312.94 98.60 406.01 0.0014615
chair 0 0 -10 4.75 273.77 33.14 299.32 0.0013309
bed 0 0 -10 0.10 300.23 105.88 425.17 0.0013168
bathtub 0 0 -10 282.12 107.96 561.00 240.13 0.0012275
chair 0 0 -10 45.33 294.88 53.37 362.37 0.0011676
sofa 0 0 -10 0.00 283.23 67.06 379.64 0.0011355
chair 0 0 -10 0.44 351.36 43.69 395.12 0.0011346
chair 0 0 -10 0.00 248.85 58.21 325.44 0.0010947
chair 0 0 -10 0.00 269.71 36.45 340.10 0.0010918
table 0 0 -10 0.00 359.35 27.45 415.37 0.0010396
table 0 0 -10 0.00 279.98 45.22 363.28 0.0009971
chair 0 0 -10 14.76 348.37 411.95 422.52 0.0009562
bookshelf 0 0 -10 19.18 204.33 542.93 419.81 0.0009526
chair 0 0 -10 0.52 248.40 94.68 377.74 0.0009523
table 0 0 -10 0.00 278.77 13.60 401.61 0.0009503
bed 0 0 -10 22.05 302.89 261.37 425.71 0.0009374
chair 0 0 -10 0.34 271.64 361.62 424.13 0.0009098
chair 0 0 -10 1.39 326.62 9.63 421.44 0.0009096
table 0 0 -10 266.07 199.59 540.47 330.21 0.0008722
toilet 0 0 -10 0.00 296.03 109.79 424.52 0.0008110
desk 0 0 -10 269.29 181.77 561.00 315.63 0.0007872
chair 0 0 -10 0.59 360.82 27.03 414.79 0.0007841
table 0 0 -10 1.82 288.43 6.34 420.77 0.0007722
desk 0 0 -10 0.00 316.68 24.85 423.76 0.0007525
table 0 0 -10 0.22 314.90 56.82 366.20 0.0007225
table 0 0 -10 0.00 358.81 49.79 404.07 0.0007063
chair 0 0 -10 4.47 282.30 43.46 303.90 0.0006972
dresser 0 0 -10 226.53 14.49 561.00 329.52 0.0006967
table 0 0 -10 2.57 255.29 77.06 373.29 0.0006745
bookshelf 0 0 -10 38.55 0.00 544.18 399.67 0.0006650
table 0 0 -10 11.35 364.76 113.98 419.51 0.0006462
toilet 0 0 -10 21.36 294.82 249.69 423.79 0.0006139
table 0 0 -10 0.00 342.31 46.74 382.75 0.0006030
night_stand 0 0 -10 0.00 302.21 109.68 420.59 0.0005328
bathtub 0 0 -10 164.03 193.96 559.83 407.24 0.0005245
desk 0 0 -10 2.66 243.79 222.40 419.29 0.0005232
chair 0 0 -10 6.09 268.64 22.04 313.20 0.0005138
chair 0 0 -10 0.06 293.72 19.02 361.73 0.0004808
desk 0 0 -10 1.75 251.56 77.16 375.17 0.0004595
dresser 0 0 -10 0.15 227.62 558.96 422.26 0.0004274
dresser 0 0 -10 0.00 299.47 107.21 424.25 0.0004133
desk 0 0 -10 203.61 11.88 561.00 329.16 0.0004112
table 0 0 -10 0.68 200.87 93.56 320.39 0.0003994
table 0 0 -10 0.00 307.17 17.82 368.46 0.0003969
table 0 0 -10 250.54 41.14 553.29 345.07 0.0003855
table 0 0 -10 3.02 287.91 10.10 368.12 0.0003784
chair 0 0 -10 0.00 171.92 120.78 417.29 0.0003776
toilet 0 0 -10 0.00 229.27 545.05 427.00 0.0003673
bed 0 0 -10 0.00 0.00 561.00 412.74 0.0003566
bathtub 0 0 -10 260.22 6.09 561.00 275.81 0.0003502
