chair 0 0 -10 271.10 108.43 389.34 315.47 0.9593323
bookshelf 0 0 -10 7.16 3.05 158.96 159.10 0.8712590
bookshelf 0 0 -10 394.78 0.62 558.94 144.00 0.7609198
desk 0 0 -10 236.35 124.92 449.44 276.18 0.7158288
bed 0 0 -10 105.50 266.93 561.00 425.86 0.6091263
desk 0 0 -10 320.74 130.24 467.76 259.51 0.2211146
desk 0 0 -10 109.80 137.09 289.52 282.01 0.2060794
desk 0 0 -10 5.26 129.50 365.21 304.82 0.1515042
bookshelf 0 0 -10 7.04 0.99 183.01 277.97 0.1016763
desk 0 0 -10 391.53 141.04 456.93 253.84 0.1006328
chair 0 0 -10 303.84 104.94 391.94 251.38 0.0960186
dresser 0 0 -10 395.60 143.82 456.31 246.32 0.0826801
desk 0 0 -10 153.11 108.87 521.43 288.74 0.0773745
table 0 0 -10 228.03 136.15 431.97 287.75 0.0605167
sofa 0 0 -10 91.43 233.25 561.00 424.63 0.0559183
bookshelf 0 0 -10 30.80 0.77 550.23 206.14 0.0458669
desk 0 0 -10 11.60 138.36 527.45 391.87 0.0418444
chair 0 0 -10 344.09 103.74 387.45 192.02 0.0400324
bookshelf 0 0 -10 375.57 3.71 429.73 138.38 0.0376117
chair 0 0 -10 394.73 132.22 460.46 253.07 0.0365860
bookshelf 0 0 -10 490.25 0.00 559.43 193.06 0.0351226
table 0 0 -10 62.11 207.17 556.21 415.28 0.0265141
desk 0 0 -10 275.25 91.98 561.00 260.19 0.0260057
chair 0 0 -10 358.23 108.69 393.69 221.90 0.0258425
table 0 0 -10 389.50 145.84 460.07 256.17 0.0257316
dresser 0 0 -10 144.63 133.76 283.67 272.09 0.0243405
night_stand 0 0 -10 393.14 146.29 456.99 249.65 0.0217240
desk 0 0 -10 201.27 149.73 409.40 329.80 0.0214499
bookshelf 0 0 -10 388.05 26.62 561.00 239.34 0.0212660
bookshelf 0 0 -10 524.29 0.00 560.31 222.67 0.0209906
chair 0 0 -10 271.88 86.55 371.33 198.02 0.0202674
bookshelf 0 0 -10 13.88 2.17 299.97 178.47 0.0195352
bookshelf 0 0 -10 271.59 7.03 538.12 262.63 0.0179830
bookshelf 0 0 -10 395.19 2.19 469.64 134.99 0.0174164
desk 0 0 -10 186.07 131.37 282.00 273.51 0.0168840
chair 0 0 -10 271.35 81.62 341.24 135.06 0.0168393
bookshelf 0 0 -10 321.56 2.77 487.63 135.39 0.0165104
dresser 0 0 -10 16.97 141.00 281.50 284.64 0.0164485
bookshelf 0 0 -10 213.58 8.68 537.68 133.72 0.0161058
table 0 0 -10 300.11 127.93 461.94 260.98 0.0151580
table 0 0 -10 138.10 139.16 288.55 281.40 0.0147761
bookshelf 0 0 -10 1.18 1.57 38.84 166.22 0.0134452
desk 0 0 -10 238.04 162.61 402.33 253.92 0.0122619
chair 0 0 -10 101.44 209.84 543.23 421.69 0.0112246
desk 0 0 -10 384.05 121.04 560.33 250.62 0.0109818
dresser 0 0 -10 397.96 10.48 561.00 145.81 0.0105013
chair 0 0 -10 256.48 97.24 355.84 273.02 0.0084226
dresser 0 0 -10 12.87 9.22 180.75 180.13 0.0076910
night_stand 0 0 -10 144.26 137.32 278.36 281.50 0.0073074
bookshelf 0 0 -10 346.25 17.57 485.13 243.33 0.0068324
desk 0 0 -10 295.99 116.47 397.18 257.74 0.0065536
table 0 0 -10 17.94 135.39 359.30 299.53 0.0061267
dresser 0 0 -10 387.64 45.31 561.00 236.35 0.0056794
bed 0 0 -10 15.47 108.26 561.00 406.54 0.0054359
desk 0 0 -10 211.83 132.82 346.11 279.16 0.0053369
desk 0 0 -10 84.99 236.59 561.00 420.96 0.0051266
chair 0 0 -10 352.51 107.63 403.02 176.89 0.0050778
bookshelf 0 0 -10 16.02 19.90 371.96 290.23 0.0049600
bookshelf 0 0 -10 334.24 3.37 407.64 131.12 0.0045162
bed 0 0 -10 334.48 281.01 560.37 423.44 0.0044745
chair 0 0 -10 346.21 109.18 406.59 241.78 0.0044420
chair 0 0 -10 320.83 102.81 376.40 170.78 0.0042453
chair 0 0 -10 307.93 86.76 391.56 186.88 0.0039866
table 0 0 -10 235.12 163.35 399.66 252.05 0.0036937
chair 0 0 -10 292.90 79.11 343.31 121.45 0.0036808
chair 0 0 -10 198.02 122.13 342.33 300.68 0.0035617
bookshelf 0 0 -10 0.74 0.00 61.91 280.95 0.0034674
chair 0 0 -10 157.06 109.50 283.14 264.38 0.0032031
dresser 0 0 -10 76.30 192.22 553.09 417.22 0.0031648
dresser 0 0 -10 535.50 15.96 560.92 238.32 0.0031292
chair 0 0 -10 372.42 110.43 402.00 212.43 0.0031223
desk 0 0 -10 117.87 170.60 455.55 354.05 0.0028933
chair 0 0 -10 132.68 145.51 257.44 278.44 0.0027488
chair 0 0 -10 287.94 94.40 354.48 164.58 0.0026062
bookshelf 0 0 -10 49.48 3.23 418.84 129.84 0.0024061
table 0 0 -10 211.30 135.72 343.85 279.47 0.0023841
chair 0 0 -10 182.22 93.31 269.82 187.28 0.0023490
table 0 0 -10 267.38 165.46 391.03 307.91 0.0022917
desk 0 0 -10 388.67 14.46 561.00 146.34 0.0022900
table 0 0 -10 118.32 174.62 459.32 350.41 0.0021832
chair 0 0 -10 16.21 2.62 158.20 153.43 0.0020527
table 0 0 -10 278.89 118.14 391.55 261.82 0.0020299
dresser 0 0 -10 3.59 43.35 174.80 278.16 0.0020219
chair 0 0 -10 231.67 141.97 523.15 373.47 0.0020007
table 0 0 -10 240.32 103.48 547.49 296.41 0.0019991
dresser 0 0 -10 475.82 52.93 560.76 231.54 0.0019007
bookshelf 0 0 -10 79.51 2.62 175.82 147.16 0.0018907
dresser 0 0 -10 153.68 162.16 214.74 267.31 0.0018705
dresser 0 0 -10 282.59 108.34 408.68 277.56 0.0018260
chair 0 0 -10 336.40 129.13 431.26 260.69 0.0018199
dresser 0 0 -10 504.54 13.58 560.22 310.23 0.0018140
bookshelf 0 0 -10 32.25 76.35 561.00 392.72 0.0017798
chair 0 0 -10 350.67 99.04 397.44 151.84 0.0017418
chair 0 0 -10 116.90 269.49 398.86 424.84 0.0017036
night_stand 0 0 -10 230.25 127.14 394.01 302.54 0.0015852
chair 0 0 -10 252.60 78.10 328.73 213.26 0.0015055
chair 0 0 -10 501.94 6.78 561.00 323.05 0.0014931
chair 0 0 -10 516.34 127.68 560.48 273.11 0.0014770
desk 0 0 -10 4.83 3.41 167.73 155.14 0.0013956
table 0 0 -10 410.41 85.44 475.07 134.39 0.0013342
