chair 0 0 -10 214.93 260.21 334.63 423.50 0.9843861
chair 0 0 -10 93.70 323.70 186.15 423.88 0.9352452
chair 0 0 -10 434.22 263.95 511.81 362.95 0.8897467
chair 0 0 -10 422.13 242.89 486.05 330.56 0.8506426
chair 0 0 -10 101.39 288.39 172.39 356.03 0.8462840
chair 0 0 -10 488.78 271.90 560.63 386.69 0.8184571
desk 0 0 -10 1.00 264.72 114.09 427.00 0.6539943
table 0 0 -10 0.80 265.86 123.91 426.65 0.6374120
chair 0 0 -10 453.55 267.40 544.94 375.98 0.6266780
chair 0 0 -10 137.56 264.34 202.72 322.26 0.5528395
chair 0 0 -10 92.57 302.29 176.81 385.20 0.5308473
desk 0 0 -10 466.04 229.42 558.58 332.74 0.5023833
desk 0 0 -10 333.48 188.01 503.55 292.32 0.3675717
table 0 0 -10 471.86 234.79 560.57 363.98 0.2772169
chair 0 0 -10 518.16 255.45 560.41 339.29 0.2631359
table 0 0 -10 479.40 226.95 561.00 303.75 0.2039964
chair 0 0 -10 521.35 292.77 560.47 405.05 0.1751266
desk 0 0 -10 446.42 260.28 556.61 355.54 0.1611945
chair 0 0 -10 500.30 248.81 554.64 325.28 0.1547161
chair 0 0 -10 34.67 321.22 157.68 427.00 0.1524414
desk 0 0 -10 477.19 221.23 559.84 290.97 0.1431709
chair 0 0 -10 128.41 277.81 185.42 341.90 0.1328569
chair 0 0 -10 412.17 336.98 561.00 425.14 0.1226572
chair 0 0 -10 441.99 254.54 521.84 326.80 0.0998612
table 0 0 -10 452.96 376.63 560.61 426.65 0.0963990
chair 0 0 -10 54.47 241.36 114.63 319.36 0.0949786
chair 0 0 -10 533.00 227.97 560.46 328.20 0.0941159
chair 0 0 -10 503.62 220.25 552.01 294.58 0.0917222
chair 0 0 -10 84.48 254.78 157.83 340.12 0.0808232
chair 0 0 -10 531.11 265.72 560.41 314.94 0.0777571
desk 0 0 -10 495.55 238.71 555.14 312.57 0.0762640
table 0 0 -10 335.39 189.33 499.85 292.79 0.0761581
desk 0 0 -10 14.63 257.96 147.37 373.65 0.0760573
chair 0 0 -10 124.05 271.97 207.16 369.77 0.0726227
chair 0 0 -10 470.87 213.09 540.11 307.00 0.0705480
table 0 0 -10 13.15 260.62 139.07 355.00 0.0654398
chair 0 0 -10 1.22 287.81 83.70 424.28 0.0644048
table 0 0 -10 456.98 403.10 560.37 427.00 0.0617815
bookshelf 0 0 -10 347.92 188.35 493.45 293.85 0.0589035
desk 0 0 -10 499.32 197.60 560.19 261.06 0.0585445
bookshelf 0 0 -10 536.56 57.95 560.90 227.42 0.0567869
desk 0 0 -10 408.46 205.73 537.21 323.14 0.0516883
table 0 0 -10 469.91 294.24 558.79 411.85 0.0481133
chair 0 0 -10 481.98 244.30 550.14 353.82 0.0470524
table 0 0 -10 493.44 240.54 553.18 332.69 0.0423992
chair 0 0 -10 472.10 319.02 561.00 415.93 0.0419399
chair 0 0 -10 418.75 222.44 515.44 339.10 0.0360083
chair 0 0 -10 90.00 280.71 136.95 338.87 0.0350742
desk 0 0 -10 492.39 254.62 560.30 370.61 0.0349755
chair 0 0 -10 508.53 245.90 537.93 281.66 0.0328802
chair 0 0 -10 103.16 279.56 153.52 330.10 0.0327171
desk 0 0 -10 46.15 248.97 121.07 363.82 0.0324459
desk 0 0 -10 22.12 307.80 175.25 427.00 0.0314736
chair 0 0 -10 25.72 250.79 109.25 395.40 0.0309447
desk 0 0 -10 474.02 292.39 557.11 411.70 0.0299151
desk 0 0 -10 12.36 242.42 358.05 421.40 0.0284167
chair 0 0 -10 106.83 290.00 137.77 321.91 0.0281192
desk 0 0 -10 423.93 202.69 498.53 300.32 0.0276789
chair 0 0 -10 537.87 319.39 560.73 415.46 0.0276118
chair 0 0 -10 520.99 263.28 541.25 310.14 0.0270077
chair 0 0 -10 426.64 236.92 498.26 294.81 0.0258854
chair 0 0 -10 495.25 193.74 548.32 238.44 0.0256194
chair 0 0 -10 110.41 255.19 152.79 303.97 0.0249496
table 0 0 -10 431.76 262.17 554.34 390.92 0.0248726
chair 0 0 -10 457.38 238.98 517.81 299.57 0.0244285
chair 0 0 -10 101.05 370.32 178.28 424.60 0.0241600
desk 0 0 -10 525.63 230.61 560.46 368.56 0.0231083
chair 0 0 -10 436.95 371.98 561.00 426.13 0.0225573
bookshelf 0 0 -10 405.26 186.32 471.28 283.77 0.0211663
chair 0 0 -10 435.03 237.31 559.60 414.66 0.0211498
chair 0 0 -10 369.45 293.12 554.87 422.28 0.0210028
chair 0 0 -10 545.34 254.58 561.00 313.22 0.0206020
table 0 0 -10 35.13 246.67 125.65 331.01 0.0202940
chair 0 0 -10 139.08 258.80 193.12 301.58 0.0198158
chair 0 0 -10 87.14 255.12 217.38 382.95 0.0195454
chair 0 0 -10 79.38 252.40 127.48 320.12 0.0189027
table 0 0 -10 481.75 226.35 560.45 266.15 0.0182847
table 0 0 -10 13.74 247.53 356.78 416.07 0.0180400
table 0 0 -10 19.67 307.35 175.80 426.03 0.0173848
chair 0 0 -10 121.57 324.69 169.12 357.94 0.0171904
table 0 0 -10 416.70 330.40 559.01 424.87 0.0166868
table 0 0 -10 461.10 229.16 537.94 322.95 0.0165112
chair 0 0 -10 71.69 260.75 148.83 388.65 0.0163150
desk 0 0 -10 23.16 254.07 140.29 322.31 0.0161358
desk 0 0 -10 429.53 223.20 532.24 285.56 0.0160507
chair 0 0 -10 544.82 248.75 560.77 381.37 0.0159619
table 0 0 -10 437.68 257.70 536.57 334.81 0.0159195
chair 0 0 -10 520.23 216.11 561.00 274.87 0.0157097
desk 0 0 -10 495.44 192.60 546.49 236.41 0.0155036
chair 0 0 -10 499.77 195.70 557.35 264.93 0.0152739
desk 0 0 -10 399.93 272.75 551.90 399.78 0.0150328
chair 0 0 -10 482.39 234.64 544.90 288.52 0.0147449
chair 0 0 -10 105.77 254.73 138.13 292.62 0.0146037
chair 0 0 -10 432.41 247.53 478.81 287.40 0.0145394
bookshelf 0 0 -10 388.39 189.74 434.63 282.84 0.0141500
chair 0 0 -10 129.05 262.95 248.05 402.17 0.0140729
table 0 0 -10 524.07 227.23 560.83 365.52 0.0135247
chair 0 0 -10 100.27 263.55 139.47 323.96 0.0127771
desk 0 0 -10 460.40 202.38 524.73 303.05 0.0125429
table 0 0 -10 498.08 199.11 560.61 261.05 0.0107580
