chair 0 0 -10 114.24 103.61 198.35 205.91 0.9843828
chair 0 0 -10 199.85 117.70 293.46 232.17 0.9693644
sofa 0 0 -10 261.66 155.57 493.59 427.00 0.4967102
bed 0 0 -10 8.24 222.89 291.89 427.00 0.4010566
chair 0 0 -10 261.24 150.43 493.48 425.64 0.3553830
table 0 0 -10 252.55 156.55 501.36 424.64 0.1548593
table 0 0 -10 103.68 110.00 263.90 218.35 0.1353808
chair 0 0 -10 445.38 27.51 561.00 273.76 0.1302767
sofa 0 0 -10 9.09 176.03 400.82 427.00 0.0936310
chair 0 0 -10 137.20 106.23 237.64 223.28 0.0511674
bed 0 0 -10 259.24 142.36 492.93 424.04 0.0369714
table 0 0 -10 7.20 220.27 310.56 422.72 0.0357201
chair 0 0 -10 70.76 100.69 182.70 212.81 0.0223681
table 0 0 -10 441.16 53.73 558.61 263.49 0.0190064
desk 0 0 -10 100.20 105.98 268.11 224.21 0.0165389
chair 0 0 -10 11.54 224.20 313.46 427.00 0.0134206
table 0 0 -10 467.32 138.40 559.22 427.00 0.0101924
chair 0 0 -10 118.78 101.47 191.40 163.84 0.0092340
table 0 0 -10 178.43 110.79 279.13 217.95 0.0077846
chair 0 0 -10 58.99 89.67 126.85 202.13 0.0067943
chair 0 0 -10 439.12 73.78 560.40 415.93 0.0062432
table 0 0 -10 117.40 110.29 192.61 208.89 0.0059387
desk 0 0 -10 252.43 143.79 504.07 425.92 0.0058131
night_stand 0 0 -10 254.32 158.92 504.09 427.00 0.0054910
table 0 0 -10 122.59 174.61 450.28 427.00 0.0052833
toilet 0 0 -10 250.43 150.01 496.14 424.98 0.0052130
table 0 0 -10 172.51 151.72 312.31 243.55 0.0050862
table 0 0 -10 216.02 126.57 289.35 225.08 0.0049149
table 0 0 -10 490.36 295.84 555.90 427.00 0.0048745
sofa 0 0 -10 184.17 113.27 300.68 233.61 0.0048677
chair 0 0 -10 461.54 239.85 561.00 427.00 0.0047937
table 0 0 -10 303.15 254.26 490.85 427.00 0.0047021
chair 0 0 -10 203.95 119.71 288.76 181.22 0.0045911
table 0 0 -10 64.98 106.64 207.19 203.82 0.0043306
bookshelf 0 0 -10 1.70 0.44 74.54 198.69 0.0040314
table 0 0 -10 1.44 95.52 59.42 204.01 0.0038707
sofa 0 0 -10 443.15 46.80 557.69 294.59 0.0034123
chair 0 0 -10 240.45 114.14 295.21 214.08 0.0032968
dresser 0 0 -10 251.26 146.29 503.28 423.00 0.0032620
chair 0 0 -10 352.87 64.14 545.10 412.23 0.0032327
dresser 0 0 -10 0.00 90.97 60.97 199.81 0.0031373
dresser 0 0 -10 441.75 47.44 560.22 297.71 0.0031368
sofa 0 0 -10 39.04 60.66 519.95 413.51 0.0031360
chair 0 0 -10 150.50 97.97 196.94 198.71 0.0030306
desk 0 0 -10 446.54 46.96 561.00 424.22 0.0028491
bed 0 0 -10 436.37 42.66 559.11 304.89 0.0028468
chair 0 0 -10 508.71 299.48 560.75 426.71 0.0025650
chair 0 0 -10 188.96 335.49 503.14 423.36 0.0023945
table 0 0 -10 131.26 101.84 236.76 186.80 0.0022959
chair 0 0 -10 140.06 92.94 221.89 183.88 0.0022749
chair 0 0 -10 123.39 97.80 169.32 187.12 0.0021001
bookshelf 0 0 -10 255.04 132.15 497.93 422.58 0.0019229
table 0 0 -10 9.38 92.15 157.39 209.23 0.0018014
bed 0 0 -10 1.09 184.70 153.50 418.18 0.0016895
desk 0 0 -10 115.95 112.85 191.72 210.64 0.0016893
sofa 0 0 -10 290.46 153.18 462.43 253.33 0.0016751
table 0 0 -10 523.42 283.11 559.38 427.00 0.0016735
chair 0 0 -10 62.94 92.91 110.93 171.62 0.0016060
desk 0 0 -10 0.00 91.03 61.86 205.86 0.0015710
sofa 0 0 -10 265.61 128.01 480.34 304.77 0.0015123
chair 0 0 -10 79.07 86.52 194.89 171.79 0.0015111
desk 0 0 -10 8.35 199.89 353.48 427.00 0.0014543
desk 0 0 -10 188.75 116.18 294.09 214.63 0.0014212
bed 0 0 -10 344.85 25.93 550.34 423.79 0.0013510
table 0 0 -10 475.75 78.03 558.40 212.27 0.0012994
table 0 0 -10 7.03 123.66 300.01 310.41 0.0012644
bookshelf 0 0 -10 444.12 6.38 558.24 394.23 0.0012548
bathtub 0 0 -10 429.78 55.44 561.00 303.46 0.0012348
bathtub 0 0 -10 246.64 169.77 501.85 418.85 0.0012275
table 0 0 -10 56.63 94.62 125.96 198.34 0.0012104
chair 0 0 -10 0.43 88.11 60.52 197.38 0.0011760
chair 0 0 -10 378.11 2.54 552.21 231.41 0.0011725
chair 0 0 -10 18.02 336.52 356.58 424.77 0.0011507
chair 0 0 -10 176.90 114.25 319.44 294.57 0.0011497
dresser 0 0 -10 9.69 218.69 297.73 427.00 0.0011346
chair 0 0 -10 446.78 330.65 559.40 427.00 0.0011026
table 0 0 -10 392.07 129.52 542.41 427.00 0.0010976
sofa 0 0 -10 351.48 61.81 548.80 411.51 0.0010602
dresser 0 0 -10 2.27 40.17 87.13 187.43 0.0010473
chair 0 0 -10 470.77 75.17 557.78 209.57 0.0010356
sofa 0 0 -10 110.29 105.29 265.28 219.36 0.0010118
night_stand 0 0 -10 1.52 98.46 46.63 205.32 0.0009972
bed 0 0 -10 0.00 97.99 442.34 425.29 0.0009680
table 0 0 -10 355.92 296.80 530.23 427.00 0.0009516
chair 0 0 -10 192.21 104.08 247.79 190.81 0.0009459
sofa 0 0 -10 1.30 93.18 61.34 203.53 0.0009282
chair 0 0 -10 309.50 293.09 529.13 427.00 0.0009205
chair 0 0 -10 8.25 35.97 124.23 199.64 0.0009155
table 0 0 -10 194.08 114.93 262.04 174.51 0.0008930
sofa 0 0 -10 237.40 117.96 413.30 241.33 0.0008895
night_stand 0 0 -10 19.30 226.95 298.78 426.67 0.0008546
sofa 0 0 -10 33.21 44.12 358.88 214.83 0.0008297
table 0 0 -10 38.92 90.30 319.46 243.75 0.0008162
table 0 0 -10 62.71 114.40 129.29 170.86 0.0008070
desk 0 0 -10 171.99 149.26 310.84 245.61 0.0007965
chair 0 0 -10 44.76 35.26 278.76 222.68 0.0007901
desk 0 0 -10 453.13 65.48 557.42 269.69 0.0007782
chair 0 0 -10 42.43 65.71 160.02 207.13 0.0007744
bed 0 0 -10 367.31 0.00 555.06 241.41 0.0007686
dresser 0 0 -10 375.37 5.35 553.76 226.47 0.0007642
