chair 0 0 -10 346.88 178.25 408.09 262.06 0.9267132
chair 0 0 -10 25.73 335.81 205.22 426.52 0.9258643
desk 0 0 -10 96.63 209.60 344.07 287.56 0.8906039
chair 0 0 -10 421.44 220.74 488.65 313.09 0.8801269
table 0 0 -10 3.78 272.93 306.50 424.11 0.8364107
desk 0 0 -10 429.21 221.26 523.85 316.26 0.8092477
desk 0 0 -10 124.49 215.22 248.82 279.72 0.7927080
desk 0 0 -10 232.24 204.93 323.02 290.04 0.7893667
chair 0 0 -10 133.85 229.26 198.35 266.19 0.7805367
chair 0 0 -10 230.69 232.24 296.94 287.92 0.7330639
desk 0 0 -10 5.33 284.19 283.27 422.71 0.6972981
desk 0 0 -10 2.60 202.03 89.34 272.85 0.6440968
chair 0 0 -10 149.25 324.74 253.53 425.25 0.6091694
chair 0 0 -10 223.67 306.94 439.41 426.33 0.5979989
chair 0 0 -10 0.00 212.29 49.47 269.41 0.4571594
table 0 0 -10 1.27 202.19 94.63 271.51 0.4229985
desk 0 0 -10 260.16 183.88 348.91 282.11 0.3948648
desk 0 0 -10 153.83 276.32 284.60 411.41 0.3473914
chair 0 0 -10 432.28 190.44 501.36 292.95 0.3221630
table 0 0 -10 253.43 305.23 430.91 422.52 0.3206428
desk 0 0 -10 27.79 194.31 120.75 265.64 0.2812475
chair 0 0 -10 191.92 209.22 233.58 266.06 0.2649928
desk 0 0 -10 9.46 303.09 199.59 400.10 0.2523180
table 0 0 -10 0.95 271.71 82.68 411.93 0.2471771
desk 0 0 -10 2.03 268.70 120.07 403.75 0.2399850
desk 0 0 -10 121.57 210.76 194.09 264.50 0.2349266
table 0 0 -10 430.94 211.20 514.66 309.02 0.2315619
chair 0 0 -10 131.55 215.41 204.06 294.59 0.2310681
desk 0 0 -10 7.00 197.51 238.25 278.40 0.2141535
chair 0 0 -10 9.19 350.96 135.96 426.75 0.2108474
chair 0 0 -10 251.02 206.77 313.17 302.66 0.2036908
chair 0 0 -10 211.23 207.59 246.71 269.96 0.1952634
table 0 0 -10 0.00 199.41 93.40 339.06 0.1777897
desk 0 0 -10 123.55 205.96 286.90 323.62 0.1721129
table 0 0 -10 0.00 305.17 51.43 416.66 0.1683760
chair 0 0 -10 414.27 207.16 470.98 287.37 0.1680729
desk 0 0 -10 3.93 281.97 67.63 419.45 0.1647623
desk 0 0 -10 76.39 199.71 182.76 261.27 0.1612275
chair 0 0 -10 1.47 332.37 84.96 427.00 0.1594142
chair 0 0 -10 0.60 223.69 39.49 402.65 0.1543049
table 0 0 -10 4.93 305.18 193.66 424.66 0.1503588
desk 0 0 -10 189.11 225.90 312.06 291.49 0.1487807
chair 0 0 -10 229.76 233.09 291.19 337.46 0.1369622
chair 0 0 -10 426.01 155.49 478.72 220.86 0.1337248
table 0 0 -10 159.33 280.42 282.02 418.83 0.1307831
chair 0 0 -10 434.88 179.11 494.57 251.60 0.1201808
table 0 0 -10 118.94 214.15 238.39 275.60 0.1125842
chair 0 0 -10 216.20 258.16 284.78 377.90 0.1109479
chair 0 0 -10 68.69 328.00 354.75 425.86 0.1074303
table 0 0 -10 69.83 207.14 356.13 276.40 0.1071435
chair 0 0 -10 211.56 206.69 226.91 261.49 0.1052353
chair 0 0 -10 221.20 215.05 236.15 265.50 0.1014489
table 0 0 -10 8.06 198.55 243.17 274.91 0.0894265
chair 0 0 -10 172.61 285.81 276.77 417.06 0.0863009
desk 0 0 -10 1.81 198.57 91.36 341.79 0.0848604
table 0 0 -10 235.53 213.84 323.52 293.90 0.0821642
chair 0 0 -10 174.92 247.85 262.28 349.87 0.0792917
chair 0 0 -10 74.50 190.67 132.62 259.54 0.0768229
table 0 0 -10 0.00 225.86 40.73 397.84 0.0737941
chair 0 0 -10 159.89 221.56 235.55 273.81 0.0730992
chair 0 0 -10 217.51 206.13 269.32 264.06 0.0720231
chair 0 0 -10 199.04 208.27 217.20 255.30 0.0707803
chair 0 0 -10 0.78 370.60 57.48 427.00 0.0640664
chair 0 0 -10 223.02 215.62 280.71 280.34 0.0588418
desk 0 0 -10 211.33 196.18 337.07 264.55 0.0586129
table 0 0 -10 86.44 230.97 326.42 403.50 0.0572861
chair 0 0 -10 90.51 237.78 233.90 378.83 0.0569865
desk 0 0 -10 192.57 202.72 329.42 337.87 0.0536810
desk 0 0 -10 425.48 216.25 486.96 295.25 0.0521853
table 0 0 -10 425.05 166.45 478.28 217.63 0.0513964
desk 0 0 -10 276.40 205.36 325.60 294.90 0.0513187
table 0 0 -10 426.10 214.16 519.03 259.26 0.0511777
table 0 0 -10 24.20 196.07 123.79 264.46 0.0490088
chair 0 0 -10 9.12 205.33 72.41 260.54 0.0489114
desk 0 0 -10 88.47 225.46 327.63 408.08 0.0475934
desk 0 0 -10 231.27 232.66 295.25 283.39 0.0473842
table 0 0 -10 159.53 205.90 326.63 300.66 0.0456034
desk 0 0 -10 193.70 213.68 248.98 278.40 0.0454596
chair 0 0 -10 422.28 216.02 457.54 248.31 0.0454499
chair 0 0 -10 419.21 167.93 480.16 271.23 0.0439098
chair 0 0 -10 0.00 214.90 20.18 274.33 0.0431283
desk 0 0 -10 0.74 302.52 44.49 408.88 0.0419839
chair 0 0 -10 7.03 238.30 78.24 390.21 0.0416162
chair 0 0 -10 409.75 213.39 441.80 295.47 0.0383020
desk 0 0 -10 423.97 190.25 507.94 279.17 0.0381958
desk 0 0 -10 431.37 211.16 556.20 366.52 0.0381782
chair 0 0 -10 59.97 217.64 212.61 345.82 0.0378837
table 0 0 -10 415.32 212.41 548.71 335.22 0.0341512
chair 0 0 -10 277.07 221.32 317.13 307.43 0.0338123
desk 0 0 -10 0.10 222.24 38.91 401.38 0.0314618
desk 0 0 -10 66.99 199.84 128.00 261.90 0.0299580
table 0 0 -10 194.96 219.07 300.50 282.43 0.0288772
desk 0 0 -10 133.95 226.54 209.85 266.15 0.0282029
chair 0 0 -10 0.44 391.91 36.13 427.00 0.0276200
chair 0 0 -10 189.30 229.30 285.14 328.76 0.0267360
table 0 0 -10 257.92 186.94 349.34 282.06 0.0265392
desk 0 0 -10 222.79 216.20 311.60 262.41 0.0262443
chair 0 0 -10 124.35 263.89 260.30 409.77 0.0258839
chair 0 0 -10 493.58 181.67 560.16 325.68 0.0256998
table 0 0 -10 120.78 211.94 196.34 262.37 0.0252211
