table 0 0 -10 58.42 311.39 293.99 425.32 0.7090067
desk 0 0 -10 67.86 309.15 288.02 425.73 0.4646603
table 0 0 -10 397.76 321.66 489.39 424.38 0.3800410
table 0 0 -10 327.35 268.44 444.76 415.05 0.2380800
table 0 0 -10 2.61 341.79 143.69 425.85 0.1886472
desk 0 0 -10 332.40 276.11 412.02 416.13 0.1793301
table 0 0 -10 70.43 311.09 300.59 372.15 0.1645022
table 0 0 -10 348.67 306.38 528.23 426.96 0.1626587
chair 0 0 -10 296.80 229.40 356.91 380.25 0.1593221
table 0 0 -10 403.17 298.17 469.53 353.49 0.1454208
desk 0 0 -10 1.38 338.27 141.15 425.40 0.1450949
chair 0 0 -10 398.22 304.06 487.98 427.00 0.1126271
chair 0 0 -10 112.08 336.91 224.63 424.02 0.1122251
table 0 0 -10 505.38 349.41 559.12 421.61 0.1073070
table 0 0 -10 428.82 287.89 488.34 341.09 0.0966723
desk 0 0 -10 311.23 262.94 492.28 366.62 0.0828111
chair 0 0 -10 427.82 257.72 485.08 339.66 0.0818088
desk 0 0 -10 72.68 312.04 295.43 371.30 0.0786522
chair 0 0 -10 5.58 351.42 147.80 427.00 0.0763523
chair 0 0 -10 328.69 277.05 406.49 422.97 0.0754521
chair 0 0 -10 141.50 238.82 281.25 411.19 0.0668298
desk 0 0 -10 34.53 321.38 201.93 425.53 0.0598397
table 0 0 -10 402.71 376.07 488.11 427.00 0.0583672
table 0 0 -10 385.64 284.77 472.26 387.73 0.0575224
desk 0 0 -10 366.66 264.13 484.69 339.04 0.0542304
desk 0 0 -10 419.98 276.67 494.56 346.29 0.0533792
table 0 0 -10 531.82 346.92 559.75 426.40 0.0512637
table 0 0 -10 287.35 282.08 411.41 421.85 0.0467827
table 0 0 -10 369.83 380.80 548.20 426.28 0.0458773
table 0 0 -10 397.98 275.90 498.07 342.33 0.0455375
table 0 0 -10 312.71 264.64 490.15 366.80 0.0443282
desk 0 0 -10 329.19 265.67 448.83 330.02 0.0435412
table 0 0 -10 26.14 364.61 196.74 425.48 0.0381820
chair 0 0 -10 137.87 354.49 258.68 426.10 0.0322144
bookshelf 0 0 -10 142.89 106.32 280.49 376.87 0.0295179
chair 0 0 -10 131.29 310.35 302.06 426.21 0.0275598
desk 0 0 -10 391.99 290.42 487.29 418.18 0.0262458
chair 0 0 -10 518.87 334.68 560.94 418.90 0.0254940
desk 0 0 -10 38.76 371.76 281.28 426.43 0.0246841
table 0 0 -10 426.86 343.23 553.66 425.50 0.0246154
chair 0 0 -10 88.82 289.64 220.24 416.10 0.0236741
table 0 0 -10 289.32 284.55 361.11 400.16 0.0218851
table 0 0 -10 94.74 290.20 515.90 427.00 0.0218828
table 0 0 -10 544.63 353.81 559.17 425.20 0.0213898
table 0 0 -10 505.20 413.64 559.59 425.98 0.0210482
sofa 0 0 -10 395.13 288.89 487.72 416.96 0.0204527
sofa 0 0 -10 412.53 253.34 487.25 346.32 0.0203416
table 0 0 -10 330.44 266.79 449.02 330.13 0.0197011
table 0 0 -10 74.22 360.12 275.52 424.87 0.0196375
table 0 0 -10 126.95 380.45 264.29 426.06 0.0184391
chair 0 0 -10 150.98 255.40 260.73 352.46 0.0182088
desk 0 0 -10 317.11 274.14 524.31 427.00 0.0176016
chair 0 0 -10 364.77 384.13 548.90 427.00 0.0171198
chair 0 0 -10 216.98 203.19 290.49 388.99 0.0164466
chair 0 0 -10 186.60 255.12 286.37 375.01 0.0164243
table 0 0 -10 408.41 401.49 555.42 425.79 0.0162334
table 0 0 -10 249.78 337.91 547.74 426.26 0.0150585
sofa 0 0 -10 406.11 261.57 480.22 310.18 0.0144232
chair 0 0 -10 396.76 271.83 476.09 370.23 0.0143685
dresser 0 0 -10 334.25 273.06 415.87 410.82 0.0141549
chair 0 0 -10 401.79 263.47 448.71 309.20 0.0130955
desk 0 0 -10 109.45 341.69 240.05 425.04 0.0128577
table 0 0 -10 355.93 259.22 420.64 357.61 0.0127400
chair 0 0 -10 391.15 225.70 493.60 344.28 0.0124519
desk 0 0 -10 356.62 256.80 420.45 359.78 0.0122381
chair 0 0 -10 399.92 377.93 490.67 426.81 0.0114963
table 0 0 -10 350.16 392.44 498.41 427.00 0.0104925
desk 0 0 -10 92.51 285.09 521.65 427.00 0.0102634
sofa 0 0 -10 373.18 261.45 472.38 356.07 0.0098433
night_stand 0 0 -10 332.94 278.29 418.02 410.61 0.0098398
chair 0 0 -10 500.61 387.70 561.00 425.68 0.0097063
table 0 0 -10 494.41 405.36 560.85 426.13 0.0096012
desk 0 0 -10 514.26 346.28 560.42 427.00 0.0092512
table 0 0 -10 367.96 262.43 446.67 308.71 0.0090974
table 0 0 -10 33.97 324.74 201.50 403.40 0.0085575
night_stand 0 0 -10 400.01 307.39 487.52 418.86 0.0084145
table 0 0 -10 501.65 386.41 560.42 424.47 0.0083829
chair 0 0 -10 77.51 281.54 155.94 354.15 0.0080299
desk 0 0 -10 71.54 176.50 300.89 416.45 0.0080014
chair 0 0 -10 157.92 260.39 233.10 325.98 0.0078770
table 0 0 -10 404.54 327.87 480.92 387.32 0.0078206
table 0 0 -10 381.77 276.42 453.37 351.51 0.0078173
chair 0 0 -10 361.66 277.07 458.79 423.83 0.0076477
chair 0 0 -10 15.77 310.57 203.21 425.46 0.0075314
chair 0 0 -10 349.11 265.66 417.65 390.77 0.0074436
desk 0 0 -10 403.80 263.47 479.15 311.82 0.0074107
desk 0 0 -10 369.00 380.52 553.33 427.00 0.0074026
chair 0 0 -10 303.54 249.96 389.44 400.55 0.0073262
chair 0 0 -10 128.65 290.57 264.81 363.83 0.0071312
sofa 0 0 -10 4.64 354.15 137.23 426.90 0.0070648
bookshelf 0 0 -10 32.25 105.44 289.76 407.84 0.0068449
sofa 0 0 -10 337.64 261.95 466.93 415.20 0.0067791
sofa 0 0 -10 7.19 326.53 258.22 426.11 0.0065221
table 0 0 -10 374.60 256.20 471.22 331.68 0.0064912
night_stand 0 0 -10 370.90 384.64 507.91 427.00 0.0064749
chair 0 0 -10 504.67 415.60 560.70 426.54 0.0063070
table 0 0 -10 68.44 189.50 297.17 414.21 0.0062965
dresser 0 0 -10 150.14 111.48 264.43 329.87 0.0062741
chair 0 0 -10 0.00 345.99 85.79 422.56 0.0062273
chair 0 0 -10 19.71 390.64 148.37 426.00 0.0062027
