chair 0 0 -10 3.57 231.56 179.20 424.27 0.9519667
table 0 0 -10 339.43 264.11 560.00 427.00 0.9081594
chair 0 0 -10 492.12 137.04 561.00 287.17 0.5795606
chair 0 0 -10 277.88 319.66 520.76 427.00 0.2001714
desk 0 0 -10 347.45 262.10 545.34 424.74 0.1947756
desk 0 0 -10 10.07 129.70 526.81 405.06 0.1933215
toilet 0 0 -10 493.28 137.35 558.63 277.59 0.1624813
table 0 0 -10 2.76 232.70 144.39 425.41 0.1028121
table 0 0 -10 501.24 155.22 556.68 271.65 0.0994988
toilet 0 0 -10 0.00 238.62 150.52 420.04 0.0652230
desk 0 0 -10 2.43 215.46 154.49 422.29 0.0618530
table 0 0 -10 130.29 227.86 532.71 424.85 0.0615759
chair 0 0 -10 458.58 118.95 561.00 355.28 0.0599563
desk 0 0 -10 122.91 224.26 537.78 427.00 0.0591881
chair 0 0 -10 216.76 331.68 360.91 427.00 0.0509085
chair 0 0 -10 246.31 304.44 405.04 427.00 0.0477404
table 0 0 -10 491.36 157.68 559.79 365.07 0.0474522
chair 0 0 -10 267.08 242.85 446.89 420.91 0.0452790
table 0 0 -10 13.22 130.80 520.57 402.02 0.0431844
chair 0 0 -10 289.37 176.95 556.93 425.96 0.0344299
desk 0 0 -10 308.32 161.95 561.00 418.62 0.0344066
bathtub 0 0 -10 494.59 141.55 561.00 267.35 0.0293906
desk 0 0 -10 491.78 147.80 560.74 286.76 0.0291941
dresser 0 0 -10 2.08 213.69 161.31 416.42 0.0258746
bathtub 0 0 -10 16.06 101.43 516.32 376.09 0.0189726
chair 0 0 -10 212.10 256.90 376.49 421.89 0.0171989
bathtub 0 0 -10 0.83 243.96 148.20 413.36 0.0171145
chair 0 0 -10 367.61 249.92 557.88 408.61 0.0170378
chair 0 0 -10 487.21 243.84 561.00 372.50 0.0158549
dresser 0 0 -10 490.33 145.69 560.26 280.17 0.0156360
chair 0 0 -10 120.85 342.35 497.82 427.00 0.0153876
table 0 0 -10 485.79 257.12 559.92 379.67 0.0133772
chair 0 0 -10 9.80 326.78 221.05 427.00 0.0128034
chair 0 0 -10 259.95 370.18 415.52 427.00 0.0124278
sofa 0 0 -10 8.09 227.13 175.29 426.73 0.0118719
chair 0 0 -10 132.11 302.07 354.09 426.11 0.0116499
table 0 0 -10 476.43 121.02 557.20 290.22 0.0109772
table 0 0 -10 9.46 194.25 249.88 407.90 0.0108782
bed 0 0 -10 2.02 230.99 156.28 426.18 0.0092926
toilet 0 0 -10 443.49 149.27 561.00 285.87 0.0091251
desk 0 0 -10 6.34 179.51 339.23 376.73 0.0086304
bed 0 0 -10 341.17 264.66 561.00 427.00 0.0085372
chair 0 0 -10 313.21 297.06 443.24 426.19 0.0080611
night_stand 0 0 -10 0.00 239.30 157.40 417.48 0.0079948
chair 0 0 -10 0.00 218.40 117.62 374.65 0.0076820
bathtub 0 0 -10 0.00 114.05 502.70 211.22 0.0076261
chair 0 0 -10 168.54 234.08 510.38 425.72 0.0061081
dresser 0 0 -10 451.67 93.46 548.24 275.64 0.0061080
night_stand 0 0 -10 492.08 147.38 561.00 275.04 0.0060774
chair 0 0 -10 301.28 213.28 369.15 415.05 0.0060188
night_stand 0 0 -10 342.38 267.61 561.00 425.98 0.0055052
table 0 0 -10 302.02 216.07 496.32 417.38 0.0053352
toilet 0 0 -10 345.90 260.81 522.88 427.00 0.0049228
table 0 0 -10 250.20 255.25 441.01 424.52 0.0047832
table 0 0 -10 498.09 252.76 559.83 330.78 0.0043582
bookshelf 0 0 -10 2.75 235.20 152.47 420.63 0.0042383
table 0 0 -10 526.68 252.99 558.62 387.95 0.0041486
chair 0 0 -10 177.75 371.68 366.54 427.00 0.0041007
bathtub 0 0 -10 350.30 266.55 547.65 422.54 0.0039839
dresser 0 0 -10 0.00 127.02 515.24 417.17 0.0039681
dresser 0 0 -10 345.31 266.72 554.71 427.00 0.0039292
bathtub 0 0 -10 211.60 157.95 551.82 412.22 0.0039247
chair 0 0 -10 0.00 207.99 66.00 408.08 0.0038696
table 0 0 -10 417.27 92.90 449.20 120.83 0.0038100
desk 0 0 -10 0.00 89.01 540.41 280.84 0.0036156
dresser 0 0 -10 225.93 152.00 547.81 420.14 0.0035307
chair 0 0 -10 62.51 167.50 379.03 427.00 0.0033669
table 0 0 -10 0.00 87.48 529.49 277.85 0.0031535
chair 0 0 -10 528.31 145.53 561.00 365.88 0.0030244
toilet 0 0 -10 493.21 154.02 561.00 388.61 0.0030150
bookshelf 0 0 -10 492.81 139.53 560.08 287.58 0.0028993
table 0 0 -10 396.80 131.46 561.00 364.31 0.0027847
chair 0 0 -10 429.25 211.56 555.17 354.53 0.0027618
desk 0 0 -10 449.93 97.60 549.20 285.08 0.0026707
chair 0 0 -10 521.22 141.92 558.91 264.19 0.0025197
bathtub 0 0 -10 0.00 70.98 542.11 258.36 0.0025053
table 0 0 -10 412.70 247.23 559.64 377.52 0.0024791
chair 0 0 -10 496.68 187.95 560.25 268.17 0.0024216
chair 0 0 -10 446.02 289.47 560.01 409.23 0.0023575
chair 0 0 -10 516.10 252.81 560.58 339.34 0.0023416
chair 0 0 -10 43.03 193.34 247.39 413.75 0.0022150
desk 0 0 -10 3.10 117.15 532.78 213.30 0.0021995
chair 0 0 -10 362.65 99.69 561.00 383.69 0.0021475
table 0 0 -10 333.53 296.35 465.71 427.00 0.0021466
bed 0 0 -10 220.20 146.64 544.80 422.26 0.0021352
desk 0 0 -10 247.67 249.66 442.51 421.57 0.0020655
table 0 0 -10 539.85 258.76 558.93 416.04 0.0020555
desk 0 0 -10 196.78 127.43 454.83 409.89 0.0020492
bed 0 0 -10 0.00 77.43 529.23 386.81 0.0019798
sofa 0 0 -10 499.49 150.45 560.38 270.35 0.0019506
bookshelf 0 0 -10 13.47 112.56 498.82 415.32 0.0018377
chair 0 0 -10 434.68 83.01 561.00 270.05 0.0017859
chair 0 0 -10 344.52 280.21 479.40 412.38 0.0017656
table 0 0 -10 452.05 191.15 559.40 333.00 0.0017570
dresser 0 0 -10 7.56 149.91 273.48 405.22 0.0017367
table 0 0 -10 401.45 88.94 460.86 121.35 0.0017178
bed 0 0 -10 499.78 148.89 560.37 272.85 0.0016502
sofa 0 0 -10 345.85 264.50 548.83 427.00 0.0016439
table 0 0 -10 502.63 204.56 557.00 254.42 0.0016016
bathtub 0 0 -10 3.54 149.51 290.64 398.20 0.0015268
