chair 0 0 -10 0.28 256.10 76.47 422.33 0.9451259
chair 0 0 -10 306.04 249.89 415.56 370.67 0.9303884
table 0 0 -10 293.01 219.92 561.00 413.30 0.7831707
chair 0 0 -10 419.95 169.45 485.09 234.61 0.7722588
chair 0 0 -10 371.21 293.87 533.44 386.89 0.7676460
chair 0 0 -10 468.55 225.73 561.00 391.98 0.6486592
desk 0 0 -10 485.84 166.71 536.05 232.93 0.5774280
chair 0 0 -10 411.46 184.34 484.76 278.46 0.5545466
chair 0 0 -10 522.52 159.24 560.53 234.17 0.4627848
table 0 0 -10 82.02 328.49 502.82 425.84 0.4459545
chair 0 0 -10 0.68 257.32 50.76 372.39 0.4143702
chair 0 0 -10 400.20 88.33 461.83 192.79 0.3349291
table 0 0 -10 371.93 356.38 557.49 426.69 0.3264808
chair 0 0 -10 257.26 122.45 317.19 215.14 0.2670427
chair 0 0 -10 402.10 163.29 510.46 310.78 0.2283235
table 0 0 -10 478.62 168.57 539.68 233.92 0.2243134
desk 0 0 -10 301.91 230.95 542.26 396.53 0.2152060
bookshelf 0 0 -10 400.36 94.85 468.61 194.94 0.2135825
chair 0 0 -10 422.30 206.25 548.37 369.75 0.2050852
table 0 0 -10 257.27 149.79 320.05 211.49 0.2034992
table 0 0 -10 125.66 383.63 430.63 425.91 0.1833228
desk 0 0 -10 497.54 161.88 557.72 239.90 0.1687144
table 0 0 -10 97.76 222.55 531.68 421.46 0.1569728
chair 0 0 -10 420.19 203.50 472.39 227.09 0.1408316
desk 0 0 -10 456.01 153.14 552.64 237.23 0.1368721
table 0 0 -10 459.00 158.04 556.15 240.42 0.1318631
chair 0 0 -10 314.55 258.12 393.90 333.56 0.1305097
chair 0 0 -10 496.63 277.66 561.00 411.43 0.1302936
chair 0 0 -10 386.46 197.40 480.13 303.86 0.1071232
chair 0 0 -10 374.15 236.77 555.93 405.94 0.1065540
desk 0 0 -10 400.71 99.33 470.79 193.35 0.0957577
table 0 0 -10 446.44 171.32 524.29 237.20 0.0955719
table 0 0 -10 422.37 238.35 561.00 413.11 0.0942700
desk 0 0 -10 488.53 160.22 542.92 207.11 0.0890682
chair 0 0 -10 414.68 197.82 476.72 237.80 0.0852332
desk 0 0 -10 126.79 383.79 429.19 425.44 0.0827837
bookshelf 0 0 -10 6.01 127.22 178.06 268.12 0.0766837
chair 0 0 -10 1.63 236.35 35.68 343.86 0.0759415
desk 0 0 -10 74.36 351.39 461.38 423.39 0.0754076
desk 0 0 -10 427.33 127.00 539.67 214.88 0.0727753
chair 0 0 -10 374.38 303.31 477.84 364.40 0.0722738
table 0 0 -10 262.79 150.95 403.71 209.51 0.0702048
chair 0 0 -10 327.40 246.17 492.00 388.87 0.0696220
desk 0 0 -10 258.52 144.47 318.38 212.79 0.0696006
desk 0 0 -10 446.52 171.05 521.40 236.38 0.0674763
chair 0 0 -10 433.80 173.76 514.84 237.32 0.0673987
desk 0 0 -10 430.24 237.33 557.56 417.44 0.0657136
chair 0 0 -10 509.76 217.16 561.00 375.62 0.0652590
desk 0 0 -10 374.35 356.14 556.50 427.00 0.0630969
desk 0 0 -10 40.58 298.77 503.52 425.46 0.0613739
chair 0 0 -10 383.91 239.33 505.83 345.96 0.0601393
chair 0 0 -10 275.25 229.40 381.91 330.38 0.0581140
chair 0 0 -10 373.39 338.92 520.90 414.97 0.0575334
table 0 0 -10 397.00 126.25 459.33 197.16 0.0559256
chair 0 0 -10 439.16 160.63 491.52 205.38 0.0558752
chair 0 0 -10 442.44 171.68 474.75 203.12 0.0552946
table 0 0 -10 336.64 283.38 536.41 420.06 0.0550951
table 0 0 -10 451.23 181.01 558.50 330.24 0.0546191
chair 0 0 -10 508.75 147.64 561.00 297.60 0.0545974
desk 0 0 -10 484.84 215.53 559.07 399.49 0.0538542
table 0 0 -10 0.34 246.10 33.36 361.44 0.0537250
table 0 0 -10 518.41 163.32 560.29 233.71 0.0536864
desk 0 0 -10 454.57 179.35 557.25 329.52 0.0522084
table 0 0 -10 480.77 214.73 560.78 396.81 0.0503591
chair 0 0 -10 374.87 190.04 552.38 282.99 0.0440935
chair 0 0 -10 445.47 284.29 556.36 408.13 0.0410392
chair 0 0 -10 435.40 220.57 559.60 299.73 0.0406365
table 0 0 -10 15.92 282.56 264.74 424.44 0.0398906
table 0 0 -10 207.52 355.56 544.20 424.97 0.0392140
desk 0 0 -10 256.01 104.65 405.42 220.03 0.0376229
desk 0 0 -10 523.67 166.78 560.93 226.81 0.0373105
desk 0 0 -10 363.14 294.42 554.59 415.82 0.0365394
chair 0 0 -10 499.87 140.71 555.50 233.35 0.0363358
table 0 0 -10 321.20 239.02 561.00 346.22 0.0362271
desk 0 0 -10 293.86 226.69 452.99 363.22 0.0327439
chair 0 0 -10 526.04 256.33 561.00 369.40 0.0322189
desk 0 0 -10 343.43 224.23 497.28 343.41 0.0313403
chair 0 0 -10 480.36 149.54 535.83 229.64 0.0312836
chair 0 0 -10 482.48 194.87 561.00 289.04 0.0295848
desk 0 0 -10 0.05 235.01 46.04 358.99 0.0271911
table 0 0 -10 486.16 160.92 543.99 207.91 0.0263730
dresser 0 0 -10 401.07 94.29 469.53 191.75 0.0242179
desk 0 0 -10 451.49 247.72 557.86 353.24 0.0238200
chair 0 0 -10 416.52 150.14 527.38 263.68 0.0229866
desk 0 0 -10 412.99 123.99 483.82 208.76 0.0222511
chair 0 0 -10 177.93 21.59 277.77 243.18 0.0222493
desk 0 0 -10 112.12 209.36 561.00 414.26 0.0215430
table 0 0 -10 0.00 250.84 67.86 384.09 0.0211286
table 0 0 -10 183.15 132.89 458.53 215.95 0.0209477
desk 0 0 -10 179.41 131.58 457.47 214.77 0.0206168
bed 0 0 -10 400.00 89.92 469.15 192.84 0.0201523
table 0 0 -10 292.34 225.41 458.78 358.93 0.0195834
chair 0 0 -10 398.62 125.56 450.25 197.28 0.0192457
desk 0 0 -10 400.15 81.46 561.00 218.73 0.0191222
table 0 0 -10 351.89 196.21 394.42 220.47 0.0188072
desk 0 0 -10 218.51 353.62 547.84 425.53 0.0187655
desk 0 0 -10 260.26 146.81 378.25 213.72 0.0186365
chair 0 0 -10 535.48 273.19 561.00 416.75 0.0180183
bookshelf 0 0 -10 313.03 49.13 402.73 196.45 0.0178730
chair 0 0 -10 0.71 243.88 16.52 382.06 0.0169259
