bookshelf 0 0 -10 24.67 3.64 324.47 214.36 0.9823453
desk 0 0 -10 180.08 149.93 556.25 427.00 0.9328405
dresser 0 0 -10 0.33 150.45 67.62 425.31 0.2022575
desk 0 0 -10 402.45 153.12 556.69 371.17 0.1443643
chair 0 0 -10 273.55 107.03 371.13 232.56 0.0950537
chair 0 0 -10 278.77 107.63 432.33 264.00 0.0736264
bookshelf 0 0 -10 159.79 0.04 334.25 162.83 0.0687440
table 0 0 -10 176.55 140.29 557.50 414.08 0.0682071
table 0 0 -10 0.04 191.23 71.01 424.57 0.0610654
bookshelf 0 0 -10 0.00 28.86 73.57 394.26 0.0549295
chair 0 0 -10 0.00 140.35 73.38 412.91 0.0529581
desk 0 0 -10 2.22 154.12 61.20 427.00 0.0414135
dresser 0 0 -10 162.42 153.63 550.70 423.31 0.0409313
desk 0 0 -10 432.17 142.02 556.39 245.17 0.0252536
desk 0 0 -10 0.00 9.81 341.18 214.91 0.0247476
chair 0 0 -10 285.43 108.51 375.17 171.71 0.0244171
night_stand 0 0 -10 229.44 213.42 555.02 426.59 0.0220323
bookshelf 0 0 -10 139.87 30.13 305.65 249.24 0.0219717
bookshelf 0 0 -10 120.41 1.30 203.09 197.81 0.0214175
bookshelf 0 0 -10 143.15 1.33 396.83 281.48 0.0158281
dresser 0 0 -10 14.81 0.00 333.95 212.36 0.0151831
bed 0 0 -10 0.00 117.65 70.21 427.00 0.0145369
bookshelf 0 0 -10 7.08 7.30 153.27 343.14 0.0137371
chair 0 0 -10 467.40 115.49 559.09 313.14 0.0136304
bookshelf 0 0 -10 192.07 0.00 260.12 181.75 0.0116364
chair 0 0 -10 263.19 178.62 480.78 418.63 0.0114567
desk 0 0 -10 487.80 165.09 560.00 360.47 0.0110387
bookshelf 0 0 -10 44.21 0.65 139.38 203.46 0.0108846
desk 0 0 -10 74.32 52.83 551.79 291.84 0.0106630
chair 0 0 -10 397.66 182.66 553.48 406.71 0.0099230
chair 0 0 -10 256.53 99.71 333.79 249.07 0.0096804
chair 0 0 -10 289.55 111.64 334.71 156.22 0.0081421
table 0 0 -10 174.03 135.01 521.58 250.39 0.0081244
chair 0 0 -10 352.98 112.63 430.48 255.62 0.0079507
desk 0 0 -10 116.43 102.69 436.31 399.74 0.0078422
desk 0 0 -10 449.69 122.53 558.53 318.28 0.0070797
bookshelf 0 0 -10 3.48 6.14 100.06 232.22 0.0067943
bookshelf 0 0 -10 245.93 4.64 331.85 158.47 0.0065746
table 0 0 -10 10.85 9.50 336.62 214.17 0.0064438
table 0 0 -10 167.47 136.76 266.10 267.21 0.0063700
chair 0 0 -10 224.34 91.25 380.43 285.61 0.0063541
desk 0 0 -10 271.42 112.01 556.20 316.95 0.0060087
night_stand 0 0 -10 1.28 170.25 69.38 411.78 0.0058577
chair 0 0 -10 318.67 127.99 399.98 267.69 0.0056683
desk 0 0 -10 167.19 137.00 317.66 365.75 0.0054219
night_stand 0 0 -10 275.68 280.86 442.28 423.83 0.0052694
chair 0 0 -10 12.86 2.35 326.83 217.12 0.0051223
bookshelf 0 0 -10 162.34 1.78 227.99 229.72 0.0048863
dresser 0 0 -10 124.96 82.68 419.87 397.41 0.0047229
chair 0 0 -10 245.62 113.63 365.16 182.68 0.0046723
chair 0 0 -10 499.71 127.87 561.00 189.63 0.0042055
sofa 0 0 -10 15.01 5.73 326.91 196.12 0.0041529
table 0 0 -10 426.89 136.60 559.92 355.84 0.0038173
desk 0 0 -10 176.92 136.30 516.88 251.12 0.0038169
dresser 0 0 -10 0.00 41.86 74.56 355.77 0.0037839
chair 0 0 -10 164.50 122.20 237.79 257.53 0.0037765
bed 0 0 -10 207.38 185.97 561.00 427.00 0.0037020
chair 0 0 -10 1.18 132.03 70.75 279.93 0.0036602
desk 0 0 -10 276.51 252.58 561.00 419.17 0.0034577
bookshelf 0 0 -10 43.41 21.05 213.66 241.51 0.0032529
chair 0 0 -10 195.10 104.47 536.88 407.78 0.0032184
chair 0 0 -10 288.03 106.66 331.99 216.60 0.0031188
chair 0 0 -10 176.01 107.29 309.18 269.16 0.0030082
chair 0 0 -10 355.05 285.40 561.00 419.46 0.0028291
desk 0 0 -10 133.80 123.62 318.56 271.03 0.0027858
chair 0 0 -10 415.46 107.17 545.80 327.81 0.0027843
table 0 0 -10 438.23 127.60 559.14 257.12 0.0027027
table 0 0 -10 168.54 138.27 318.86 358.53 0.0026262
desk 0 0 -10 458.11 127.90 558.92 212.50 0.0026164
chair 0 0 -10 523.06 121.67 561.00 217.22 0.0025310
table 0 0 -10 134.93 125.87 319.31 268.26 0.0024017
chair 0 0 -10 326.44 142.48 520.31 393.48 0.0023714
bookshelf 0 0 -10 165.66 119.75 547.34 421.89 0.0023344
table 0 0 -10 349.19 180.91 559.26 375.79 0.0022599
table 0 0 -10 0.89 156.78 61.36 266.08 0.0021434
dresser 0 0 -10 422.64 110.32 561.00 345.69 0.0021226
chair 0 0 -10 144.30 21.12 384.44 282.02 0.0021174
dresser 0 0 -10 147.24 19.51 405.26 278.46 0.0021003
table 0 0 -10 0.06 135.65 72.01 333.63 0.0020448
table 0 0 -10 505.25 206.01 560.75 387.00 0.0020123
desk 0 0 -10 517.00 182.02 560.39 387.92 0.0019841
table 0 0 -10 2.61 164.15 39.50 427.00 0.0019638
table 0 0 -10 461.49 124.26 560.91 185.43 0.0019548
chair 0 0 -10 482.56 112.32 561.00 232.17 0.0019331
table 0 0 -10 473.50 123.09 554.35 161.78 0.0019283
desk 0 0 -10 5.27 143.45 123.59 420.11 0.0018902
chair 0 0 -10 136.87 185.64 412.18 425.05 0.0018713
chair 0 0 -10 261.95 106.70 329.61 163.17 0.0018064
chair 0 0 -10 336.51 100.65 489.61 318.40 0.0017762
chair 0 0 -10 298.21 160.98 456.58 253.70 0.0017724
chair 0 0 -10 196.27 123.22 390.60 364.60 0.0017661
chair 0 0 -10 168.81 154.27 220.25 249.22 0.0017150
table 0 0 -10 86.59 61.30 542.34 293.01 0.0017063
sofa 0 0 -10 0.59 147.04 75.60 417.95 0.0017023
bookshelf 0 0 -10 4.57 0.00 56.19 220.30 0.0015210
table 0 0 -10 172.25 156.01 222.74 250.93 0.0015191
table 0 0 -10 270.95 115.30 558.02 313.52 0.0015058
night_stand 0 0 -10 494.33 210.39 560.85 391.26 0.0014953
chair 0 0 -10 534.81 113.51 561.00 323.26 0.0014413
chair 0 0 -10 60.75 116.95 349.15 416.36 0.0014009
