chair 0 0 -10 517.90 112.00 560.76 263.53 0.8931575
table 0 0 -10 261.59 117.24 331.63 165.28 0.2330825
dresser 0 0 -10 127.64 62.80 178.47 203.13 0.1317357
chair 0 0 -10 2.85 219.70 70.11 381.84 0.0949184
chair 0 0 -10 519.10 279.84 561.00 419.53 0.0776237
table 0 0 -10 0.00 273.43 65.43 382.50 0.0604639
bookshelf 0 0 -10 117.96 59.68 181.46 203.59 0.0597843
chair 0 0 -10 525.51 111.16 537.28 237.53 0.0553788
table 0 0 -10 530.09 303.94 559.13 425.40 0.0503591
chair 0 0 -10 515.50 113.94 542.27 239.11 0.0392323
chair 0 0 -10 541.54 113.78 560.67 270.19 0.0374768
chair 0 0 -10 527.54 110.52 560.88 207.61 0.0275675
chair 0 0 -10 258.66 111.54 314.56 160.06 0.0264591
desk 0 0 -10 260.58 114.76 332.95 165.40 0.0240205
chair 0 0 -10 504.94 193.50 561.00 412.27 0.0212831
chair 0 0 -10 3.44 250.16 91.75 337.08 0.0177632
table 0 0 -10 414.56 240.92 477.81 302.27 0.0143142
bookshelf 0 0 -10 88.04 5.27 177.07 222.02 0.0129757
table 0 0 -10 527.51 140.95 560.43 286.09 0.0122860
sofa 0 0 -10 260.26 106.01 340.54 164.23 0.0122840
chair 0 0 -10 475.25 273.84 560.78 421.12 0.0122648
dresser 0 0 -10 87.12 6.23 179.25 219.05 0.0116268
chair 0 0 -10 417.06 241.63 478.88 303.21 0.0116006
toilet 0 0 -10 528.76 261.74 561.00 426.42 0.0101827
chair 0 0 -10 554.68 122.16 560.86 246.30 0.0097401
chair 0 0 -10 529.23 165.76 560.03 284.24 0.0096565
chair 0 0 -10 479.77 108.59 561.00 268.53 0.0094564
chair 0 0 -10 0.00 167.47 102.15 377.99 0.0088071
chair 0 0 -10 0.00 294.16 66.55 392.81 0.0082374
chair 0 0 -10 262.82 113.11 292.23 148.20 0.0081715
desk 0 0 -10 115.22 66.88 182.35 206.79 0.0072113
sofa 0 0 -10 516.32 114.79 560.86 257.10 0.0058589
desk 0 0 -10 528.06 135.52 559.88 286.13 0.0051760
chair 0 0 -10 557.97 131.92 560.91 242.13 0.0046800
table 0 0 -10 547.57 309.41 560.86 422.20 0.0046699
table 0 0 -10 555.34 297.57 560.94 424.81 0.0043181
table 0 0 -10 538.71 382.96 559.47 427.00 0.0042823
chair 0 0 -10 541.39 285.21 561.00 421.47 0.0041943
table 0 0 -10 269.67 126.31 325.10 149.58 0.0040499
chair 0 0 -10 547.82 119.86 560.32 224.16 0.0039671
chair 0 0 -10 527.54 211.78 560.00 266.60 0.0037656
table 0 0 -10 117.13 69.24 185.78 210.34 0.0037515
sofa 0 0 -10 533.73 229.19 560.86 421.75 0.0035574
table 0 0 -10 513.87 268.83 559.07 425.32 0.0034204
chair 0 0 -10 544.07 179.10 560.48 293.04 0.0033123
bathtub 0 0 -10 528.71 260.73 561.00 422.42 0.0031446
chair 0 0 -10 204.95 123.56 232.84 159.81 0.0030875
chair 0 0 -10 265.75 90.67 303.27 143.61 0.0030608
table 0 0 -10 558.27 311.29 560.95 423.38 0.0028833
table 0 0 -10 273.32 110.31 332.62 145.14 0.0028716
table 0 0 -10 513.88 111.17 559.94 233.58 0.0028367
bookshelf 0 0 -10 117.62 0.00 374.73 199.12 0.0026998
chair 0 0 -10 465.97 343.32 557.60 425.87 0.0024743
bookshelf 0 0 -10 380.65 0.00 442.28 79.09 0.0024261
toilet 0 0 -10 543.03 292.57 561.00 425.22 0.0022362
table 0 0 -10 264.35 141.38 326.43 162.30 0.0022019
chair 0 0 -10 0.00 99.60 61.48 395.90 0.0020964
chair 0 0 -10 113.02 54.56 181.84 201.03 0.0019867
chair 0 0 -10 2.06 267.18 60.18 340.02 0.0019605
night_stand 0 0 -10 261.83 116.19 331.50 167.62 0.0019428
chair 0 0 -10 351.17 0.38 441.95 48.23 0.0019391
chair 0 0 -10 392.05 0.00 460.58 44.51 0.0019186
chair 0 0 -10 0.00 257.47 44.93 373.14 0.0018931
bed 0 0 -10 126.39 52.49 178.72 211.02 0.0018730
desk 0 0 -10 520.95 277.53 560.47 422.41 0.0018567
chair 0 0 -10 268.04 95.35 333.40 156.51 0.0017425
table 0 0 -10 274.19 120.71 319.45 142.46 0.0016549
chair 0 0 -10 450.93 144.71 561.00 401.42 0.0016207
bookshelf 0 0 -10 348.99 1.67 443.39 50.95 0.0015434
table 0 0 -10 0.00 209.92 82.07 379.69 0.0014955
chair 0 0 -10 269.29 119.63 301.74 146.58 0.0014780
chair 0 0 -10 276.06 83.95 291.84 128.16 0.0014437
table 0 0 -10 0.00 262.87 88.02 333.84 0.0013821
dresser 0 0 -10 96.94 50.03 149.47 224.54 0.0013551
desk 0 0 -10 514.97 112.84 557.95 254.73 0.0013291
table 0 0 -10 0.18 240.95 38.94 399.29 0.0012739
bookshelf 0 0 -10 112.21 22.46 212.31 197.61 0.0012644
bookshelf 0 0 -10 173.43 7.70 339.63 158.07 0.0012470
bookshelf 0 0 -10 113.55 7.99 170.06 147.46 0.0012410
toilet 0 0 -10 502.06 307.89 560.07 425.64 0.0012032
chair 0 0 -10 270.53 84.40 309.16 127.25 0.0011946
chair 0 0 -10 523.19 152.19 559.94 212.32 0.0011648
table 0 0 -10 543.13 183.11 560.34 294.32 0.0011588
bed 0 0 -10 528.87 261.04 561.00 427.00 0.0011359
bed 0 0 -10 259.70 106.04 332.53 162.58 0.0010869
toilet 0 0 -10 555.29 293.95 561.00 427.00 0.0010788
dresser 0 0 -10 137.02 7.61 352.53 144.92 0.0010726
bookshelf 0 0 -10 102.58 0.92 170.29 72.32 0.0010409
sofa 0 0 -10 511.16 125.51 560.37 354.90 0.0010218
table 0 0 -10 543.81 120.81 560.77 272.31 0.0009916
chair 0 0 -10 270.71 109.07 297.45 137.87 0.0009821
chair 0 0 -10 407.15 290.45 561.00 427.00 0.0009651
table 0 0 -10 508.14 129.84 559.83 356.68 0.0009521
chair 0 0 -10 386.66 109.63 556.59 246.68 0.0009508
table 0 0 -10 384.29 215.49 482.05 307.60 0.0009487
chair 0 0 -10 505.19 103.65 559.57 197.01 0.0009283
chair 0 0 -10 555.16 286.90 561.00 422.54 0.0008937
desk 0 0 -10 505.34 196.18 559.64 417.13 0.0008899
table 0 0 -10 362.83 0.36 441.51 57.02 0.0008826
chair 0 0 -10 559.27 112.87 560.99 235.73 0.0008768
