toilet 0 0 -10 367.72 153.36 498.96 355.89 0.9936076
dresser 0 0 -10 88.40 160.46 345.41 368.80 0.3907112
desk 0 0 -10 90.74 147.04 342.68 365.45 0.1812077
dresser 0 0 -10 0.00 6.53 120.72 412.79 0.0419438
dresser 0 0 -10 1.39 206.92 118.08 420.80 0.0296162
toilet 0 0 -10 413.38 157.10 553.18 344.77 0.0295712
table 0 0 -10 4.98 238.22 116.19 427.00 0.0252879
table 0 0 -10 94.74 168.31 332.43 365.08 0.0167121
chair 0 0 -10 367.47 150.61 500.23 350.90 0.0165542
night_stand 0 0 -10 13.08 237.65 118.47 417.72 0.0164424
night_stand 0 0 -10 94.54 154.69 342.49 368.03 0.0102328
bathtub 0 0 -10 115.80 80.85 343.68 183.63 0.0066262
bathtub 0 0 -10 421.18 164.68 552.06 331.78 0.0059524
chair 0 0 -10 169.04 371.57 228.95 426.59 0.0059274
desk 0 0 -10 0.00 12.55 110.34 423.54 0.0058317
bookshelf 0 0 -10 494.71 0.00 557.19 342.94 0.0058112
bed 0 0 -10 4.08 225.25 119.29 427.00 0.0041556
bathtub 0 0 -10 484.57 197.66 560.57 423.32 0.0040821
bookshelf 0 0 -10 90.61 155.42 343.26 379.60 0.0040710
desk 0 0 -10 3.74 212.71 118.23 425.75 0.0033166
bathtub 0 0 -10 93.52 139.37 350.05 389.25 0.0031404
bathtub 0 0 -10 533.93 267.35 561.00 375.10 0.0030936
toilet 0 0 -10 431.65 158.08 499.09 354.47 0.0030180
toilet 0 0 -10 436.74 23.30 561.00 313.84 0.0029885
desk 0 0 -10 40.49 205.07 294.12 423.82 0.0026014
chair 0 0 -10 3.05 238.47 130.57 425.25 0.0025929
toilet 0 0 -10 369.80 140.82 478.66 267.89 0.0023946
bookshelf 0 0 -10 1.04 3.34 118.73 417.08 0.0022954
table 0 0 -10 166.38 369.78 235.26 427.00 0.0022812
bathtub 0 0 -10 364.21 177.00 520.88 352.44 0.0022618
bathtub 0 0 -10 7.59 220.27 108.35 418.15 0.0022205
toilet 0 0 -10 468.42 136.44 498.66 327.24 0.0017605
chair 0 0 -10 33.78 231.12 241.28 426.83 0.0017144
bathtub 0 0 -10 135.09 133.75 318.56 186.66 0.0016375
dresser 0 0 -10 73.60 13.36 350.30 319.63 0.0016218
bed 0 0 -10 62.48 156.87 381.62 427.00 0.0015973
toilet 0 0 -10 5.23 230.83 121.41 427.00 0.0014293
table 0 0 -10 373.67 159.94 498.07 343.62 0.0013550
chair 0 0 -10 531.31 172.68 559.43 311.73 0.0013384
dresser 0 0 -10 25.72 210.42 222.68 414.12 0.0012996
bathtub 0 0 -10 44.72 197.21 505.04 417.57 0.0012890
bathtub 0 0 -10 479.62 179.42 560.55 315.65 0.0012601
toilet 0 0 -10 66.03 142.63 363.59 410.87 0.0012382
table 0 0 -10 1.61 25.96 110.39 427.00 0.0012136
chair 0 0 -10 159.90 343.90 250.98 426.58 0.0011797
bookshelf 0 0 -10 525.91 6.35 559.50 351.42 0.0011582
toilet 0 0 -10 281.40 174.44 516.88 386.58 0.0011541
sofa 0 0 -10 6.44 227.79 122.39 427.00 0.0011215
chair 0 0 -10 179.14 5.08 236.42 70.49 0.0011172
table 0 0 -10 63.92 166.23 510.04 421.81 0.0011094
night_stand 0 0 -10 374.36 160.75 495.57 349.18 0.0010797
bathtub 0 0 -10 517.21 241.82 561.00 421.48 0.0010550
desk 0 0 -10 48.16 167.34 525.67 422.98 0.0010517
table 0 0 -10 103.69 142.03 331.56 191.86 0.0010241
chair 0 0 -10 159.85 285.34 290.50 427.00 0.0010129
bed 0 0 -10 501.42 147.93 560.16 421.53 0.0010067
dresser 0 0 -10 376.02 158.27 493.08 348.72 0.0009777
toilet 0 0 -10 399.40 211.01 514.79 352.27 0.0009458
table 0 0 -10 2.09 278.20 141.33 378.87 0.0009405
desk 0 0 -10 72.03 15.95 357.66 328.06 0.0009123
chair 0 0 -10 0.00 10.56 116.66 412.93 0.0008326
bathtub 0 0 -10 492.34 252.97 560.84 374.86 0.0008132
bookshelf 0 0 -10 379.80 157.05 492.08 346.72 0.0008059
bookshelf 0 0 -10 5.50 204.84 116.66 426.57 0.0008056
chair 0 0 -10 259.17 130.46 335.82 205.36 0.0007818
toilet 0 0 -10 473.68 104.14 511.80 341.78 0.0007768
bookshelf 0 0 -10 521.56 154.83 560.11 401.81 0.0007418
table 0 0 -10 98.21 160.71 130.58 185.00 0.0007382
bookshelf 0 0 -10 533.48 168.20 559.50 327.93 0.0007201
bed 0 0 -10 0.00 0.00 125.64 427.00 0.0007114
dresser 0 0 -10 255.89 177.33 325.04 337.30 0.0006991
toilet 0 0 -10 389.62 144.28 455.15 206.90 0.0006988
toilet 0 0 -10 459.57 165.82 560.03 415.26 0.0006118
sofa 0 0 -10 374.83 160.41 495.34 352.22 0.0006076
bathtub 0 0 -10 452.09 50.06 561.00 281.06 0.0005928
desk 0 0 -10 103.78 140.06 326.07 190.29 0.0005901
chair 0 0 -10 166.46 365.81 296.83 427.00 0.0005576
toilet 0 0 -10 142.81 154.74 502.98 421.33 0.0005508
chair 0 0 -10 62.17 164.93 334.24 405.96 0.0005272
sofa 0 0 -10 107.22 349.47 550.62 427.00 0.0005253
dresser 0 0 -10 502.10 148.82 560.85 420.03 0.0005176
bathtub 0 0 -10 509.27 168.64 560.81 377.57 0.0005175
table 0 0 -10 98.29 153.91 160.82 185.66 0.0005113
bed 0 0 -10 372.67 159.12 493.17 359.59 0.0004866
bathtub 0 0 -10 160.79 150.53 270.93 184.47 0.0004660
sofa 0 0 -10 72.86 179.47 373.40 423.06 0.0004604
chair 0 0 -10 500.15 155.24 559.36 421.65 0.0004564
dresser 0 0 -10 53.60 182.77 498.11 422.26 0.0004561
bed 0 0 -10 530.20 139.22 559.83 361.23 0.0004448
bathtub 0 0 -10 545.85 258.16 561.00 410.47 0.0004440
table 0 0 -10 500.84 152.16 558.97 421.49 0.0004363
dresser 0 0 -10 493.62 2.38 559.00 341.48 0.0004296
toilet 0 0 -10 360.22 26.46 546.26 341.70 0.0004277
table 0 0 -10 423.44 155.50 548.26 347.52 0.0003912
toilet 0 0 -10 480.27 178.46 559.66 320.57 0.0003887
chair 0 0 -10 65.44 7.04 159.16 242.60 0.0003840
bathtub 0 0 -10 502.00 22.33 561.00 389.33 0.0003719
table 0 0 -10 52.37 210.97 285.01 426.91 0.0003715
table 0 0 -10 109.50 88.49 338.26 201.09 0.0003618
bathtub 0 0 -10 376.26 146.36 483.02 298.36 0.0003617
