bookshelf 0 0 -10 3.32 9.31 250.77 351.55 0.9597193
sofa 0 0 -10 7.68 304.35 247.59 427.00 0.8848472
table 0 0 -10 262.70 294.20 559.42 427.00 0.8682963
desk 0 0 -10 377.50 218.00 546.30 376.56 0.6360856
chair 0 0 -10 386.64 188.23 474.55 293.39 0.5887229
sofa 0 0 -10 145.45 230.07 311.04 383.08 0.5796883
desk 0 0 -10 289.39 254.16 554.67 413.76 0.4330314
table 0 0 -10 365.35 221.61 558.81 376.89 0.3124432
chair 0 0 -10 367.83 192.24 442.50 297.20 0.2846931
chair 0 0 -10 447.63 192.70 542.80 307.15 0.2765388
chair 0 0 -10 394.04 192.77 467.72 255.48 0.2526867
bookshelf 0 0 -10 446.88 83.01 558.82 222.86 0.2432505
chair 0 0 -10 7.20 303.73 283.51 425.28 0.2283009
sofa 0 0 -10 9.40 248.01 338.44 412.08 0.2031499
chair 0 0 -10 420.79 190.28 498.41 307.26 0.1825250
chair 0 0 -10 485.94 251.43 561.00 399.79 0.1335805
chair 0 0 -10 143.68 232.77 317.19 387.66 0.1281297
chair 0 0 -10 477.67 214.19 557.68 347.84 0.1262861
chair 0 0 -10 362.95 191.10 470.21 345.42 0.1227004
bookshelf 0 0 -10 24.15 9.93 487.02 301.69 0.1022364
chair 0 0 -10 510.82 225.50 561.00 369.51 0.0975766
bookshelf 0 0 -10 1.13 50.21 87.33 362.92 0.0887194
chair 0 0 -10 339.21 303.35 549.49 425.45 0.0881237
chair 0 0 -10 28.96 308.37 212.67 389.57 0.0783182
chair 0 0 -10 532.54 220.72 560.94 410.10 0.0749753
bookshelf 0 0 -10 281.66 63.12 544.95 282.05 0.0737222
chair 0 0 -10 344.86 208.03 432.49 317.66 0.0707288
chair 0 0 -10 385.93 195.37 452.90 236.18 0.0685785
chair 0 0 -10 399.86 193.12 516.61 267.48 0.0625546
chair 0 0 -10 384.03 192.39 526.48 354.53 0.0507048
bookshelf 0 0 -10 71.34 60.83 261.64 273.19 0.0447471
dresser 0 0 -10 383.20 196.50 554.87 362.63 0.0432343
bed 0 0 -10 2.74 315.24 263.82 426.90 0.0358908
sofa 0 0 -10 3.59 297.73 121.27 424.39 0.0357613
chair 0 0 -10 310.70 218.04 411.04 297.30 0.0352226
chair 0 0 -10 369.42 194.65 427.90 260.87 0.0340685
bookshelf 0 0 -10 262.24 75.09 429.47 270.73 0.0323359
sofa 0 0 -10 25.53 305.93 205.61 386.05 0.0307827
bookshelf 0 0 -10 473.34 85.00 517.56 205.48 0.0293607
table 0 0 -10 370.56 194.88 554.75 290.80 0.0289364
desk 0 0 -10 368.95 214.36 507.70 306.69 0.0265741
chair 0 0 -10 481.06 189.67 560.11 270.82 0.0261149
bookshelf 0 0 -10 412.61 23.48 559.25 271.10 0.0259902
sofa 0 0 -10 147.96 237.79 533.32 422.87 0.0240146
chair 0 0 -10 457.91 196.09 546.25 253.53 0.0215430
bookshelf 0 0 -10 116.58 59.25 392.57 277.75 0.0214919
chair 0 0 -10 1.87 292.29 104.25 418.17 0.0209081
sofa 0 0 -10 7.48 106.10 288.06 361.21 0.0204729
chair 0 0 -10 352.38 217.85 417.35 282.83 0.0198869
bookshelf 0 0 -10 516.88 68.08 559.02 236.14 0.0192501
table 0 0 -10 333.60 216.07 400.90 270.67 0.0192010
sofa 0 0 -10 373.01 192.97 546.47 348.41 0.0163628
table 0 0 -10 34.90 315.73 243.49 426.79 0.0159046
chair 0 0 -10 381.46 220.02 460.62 277.58 0.0147917
chair 0 0 -10 493.73 199.65 540.32 328.30 0.0146339
bed 0 0 -10 0.00 296.58 91.93 426.55 0.0145719
chair 0 0 -10 338.38 213.05 394.49 284.99 0.0141341
chair 0 0 -10 407.22 195.64 463.81 226.80 0.0134861
bookshelf 0 0 -10 3.53 156.77 277.67 382.65 0.0132881
chair 0 0 -10 405.37 335.80 561.00 427.00 0.0132744
table 0 0 -10 370.99 224.59 490.17 339.87 0.0119339
bookshelf 0 0 -10 220.89 8.01 453.35 307.35 0.0117181
table 0 0 -10 245.51 262.60 406.38 413.85 0.0116461
sofa 0 0 -10 386.62 193.11 530.78 252.37 0.0112619
chair 0 0 -10 20.80 211.30 289.42 386.69 0.0111367
bookshelf 0 0 -10 223.93 55.95 256.32 268.06 0.0110120
bookshelf 0 0 -10 387.78 172.42 553.77 360.19 0.0109504
table 0 0 -10 6.70 280.53 172.53 366.02 0.0102311
bookshelf 0 0 -10 459.14 86.98 496.55 205.51 0.0101982
desk 0 0 -10 380.29 202.95 548.74 277.18 0.0101711
bookshelf 0 0 -10 140.01 53.96 279.97 324.28 0.0101061
table 0 0 -10 0.00 292.93 88.32 424.04 0.0094776
chair 0 0 -10 541.86 220.21 560.98 360.12 0.0092085
table 0 0 -10 403.63 189.76 533.36 263.49 0.0085762
desk 0 0 -10 249.33 168.83 561.00 386.27 0.0085113
bookshelf 0 0 -10 146.74 62.26 233.84 248.49 0.0083382
desk 0 0 -10 269.51 327.24 556.48 426.63 0.0079780
desk 0 0 -10 326.64 215.32 397.62 278.42 0.0071977
table 0 0 -10 284.60 218.84 395.37 294.35 0.0070703
bed 0 0 -10 372.06 189.70 548.29 352.78 0.0070557
table 0 0 -10 529.83 234.39 559.97 416.85 0.0069046
chair 0 0 -10 4.63 51.08 257.37 376.24 0.0068707
table 0 0 -10 499.08 250.91 558.13 404.64 0.0066151
chair 0 0 -10 498.94 197.31 545.48 258.36 0.0062308
bed 0 0 -10 0.00 203.55 286.63 401.16 0.0061215
night_stand 0 0 -10 379.56 205.56 550.10 362.99 0.0061086
desk 0 0 -10 322.42 199.75 538.54 326.97 0.0059662
chair 0 0 -10 502.53 224.95 558.88 306.10 0.0058230
bookshelf 0 0 -10 378.55 113.98 547.76 301.72 0.0057590
bookshelf 0 0 -10 536.65 89.39 560.63 223.45 0.0056836
dresser 0 0 -10 1.95 90.96 247.72 345.66 0.0056636
chair 0 0 -10 315.73 218.08 380.00 271.01 0.0054432
night_stand 0 0 -10 268.96 292.60 553.45 427.00 0.0053941
bookshelf 0 0 -10 451.46 124.63 558.86 333.58 0.0053035
table 0 0 -10 142.23 250.59 310.66 392.11 0.0051281
sofa 0 0 -10 309.92 206.52 560.42 406.96 0.0050424
chair 0 0 -10 313.11 235.41 481.43 404.10 0.0046620
desk 0 0 -10 0.00 108.94 307.35 364.24 0.0045398
bookshelf 0 0 -10 3.22 96.48 176.24 303.35 0.0043103
table 0 0 -10 40.74 330.21 470.52 423.99 0.0042475
