bookshelf 0 0 -10 341.62 91.22 402.89 156.54 0.9128144
bookshelf 0 0 -10 409.51 86.05 548.71 183.18 0.9039121
desk 0 0 -10 525.55 288.69 561.00 427.00 0.5160763
table 0 0 -10 520.32 306.93 561.00 427.00 0.1039537
bookshelf 0 0 -10 469.26 90.04 537.84 180.27 0.0538517
dresser 0 0 -10 521.27 283.24 561.00 427.00 0.0461191
chair 0 0 -10 341.48 89.77 405.60 164.37 0.0401168
night_stand 0 0 -10 527.57 304.98 561.00 426.22 0.0292696
desk 0 0 -10 501.97 207.19 560.63 424.42 0.0221791
desk 0 0 -10 0.00 181.94 561.00 405.89 0.0214445
bookshelf 0 0 -10 516.43 87.88 553.58 180.00 0.0147319
desk 0 0 -10 360.91 167.22 560.05 419.59 0.0137185
table 0 0 -10 339.03 93.72 401.42 158.75 0.0129756
dresser 0 0 -10 344.07 90.16 405.11 161.34 0.0125439
bookshelf 0 0 -10 431.85 89.12 478.11 168.57 0.0115736
bookshelf 0 0 -10 350.36 92.07 358.79 159.22 0.0115424
desk 0 0 -10 338.19 91.49 402.76 158.38 0.0114057
desk 0 0 -10 529.81 169.15 560.56 427.00 0.0095749
bookshelf 0 0 -10 408.77 78.57 497.39 165.97 0.0086945
dresser 0 0 -10 405.30 89.72 557.60 184.12 0.0085684
bookshelf 0 0 -10 450.12 90.67 511.81 175.77 0.0083505
table 0 0 -10 406.58 87.67 553.28 181.52 0.0079533
chair 0 0 -10 520.85 309.57 560.70 427.00 0.0076383
bookshelf 0 0 -10 354.44 91.07 486.93 156.48 0.0069792
desk 0 0 -10 544.48 282.61 561.00 427.00 0.0067763
sofa 0 0 -10 338.63 92.64 398.88 160.96 0.0062492
desk 0 0 -10 460.98 172.85 557.53 418.12 0.0057038
desk 0 0 -10 401.72 85.83 559.99 182.58 0.0054081
table 0 0 -10 2.24 183.83 551.44 406.40 0.0050640
bed 0 0 -10 336.18 90.27 398.77 163.01 0.0050597
bookshelf 0 0 -10 340.25 73.02 522.02 178.45 0.0049620
sofa 0 0 -10 409.92 91.35 552.83 181.23 0.0049463
bookshelf 0 0 -10 419.66 107.10 535.87 157.90 0.0047809
desk 0 0 -10 497.91 299.17 561.00 402.98 0.0038970
table 0 0 -10 478.44 280.19 559.62 427.00 0.0032784
bookshelf 0 0 -10 407.82 90.87 547.72 137.99 0.0027755
chair 0 0 -10 413.88 94.17 556.14 184.74 0.0027697
chair 0 0 -10 484.39 111.80 560.69 201.31 0.0027230
bookshelf 0 0 -10 397.72 109.41 406.87 149.69 0.0027136
bookshelf 0 0 -10 354.74 91.21 366.71 152.24 0.0026757
chair 0 0 -10 512.29 145.99 561.00 205.88 0.0026660
bookshelf 0 0 -10 322.14 70.34 385.33 160.58 0.0024122
desk 0 0 -10 431.67 272.02 561.00 423.93 0.0023878
dresser 0 0 -10 374.84 152.21 561.00 414.16 0.0022438
desk 0 0 -10 312.66 109.29 416.72 166.65 0.0020590
bookshelf 0 0 -10 345.99 121.54 409.93 159.78 0.0020453
bed 0 0 -10 403.26 88.29 551.69 187.41 0.0020309
dresser 0 0 -10 479.04 263.62 560.60 423.81 0.0020140
night_stand 0 0 -10 337.15 90.82 399.41 160.90 0.0020082
bathtub 0 0 -10 5.94 157.32 535.45 388.54 0.0019618
bed 0 0 -10 521.46 271.65 561.00 427.00 0.0019115
dresser 0 0 -10 497.81 298.91 561.00 398.34 0.0018656
night_stand 0 0 -10 408.69 85.55 552.84 181.91 0.0018203
desk 0 0 -10 533.49 321.55 561.00 407.52 0.0017455
toilet 0 0 -10 336.14 93.64 404.52 169.29 0.0016869
bookshelf 0 0 -10 424.97 121.11 538.92 179.91 0.0016646
table 0 0 -10 367.68 267.25 556.47 423.51 0.0016426
chair 0 0 -10 318.82 87.00 410.59 193.55 0.0016103
bookshelf 0 0 -10 348.95 93.14 391.29 126.42 0.0014921
bookshelf 0 0 -10 317.05 44.14 450.64 164.11 0.0014430
bookshelf 0 0 -10 404.60 86.30 454.54 159.36 0.0013676
bookshelf 0 0 -10 302.69 102.95 409.75 165.82 0.0012086
bookshelf 0 0 -10 394.84 109.97 400.54 150.40 0.0011812
desk 0 0 -10 253.78 262.63 561.00 424.01 0.0011488
bookshelf 0 0 -10 485.51 99.95 558.99 193.62 0.0011028
bookshelf 0 0 -10 393.68 35.48 560.89 247.63 0.0010442
dresser 0 0 -10 393.27 72.39 561.00 248.05 0.0010295
bathtub 0 0 -10 528.43 308.28 561.00 424.20 0.0009640
chair 0 0 -10 486.68 131.48 560.48 249.35 0.0009576
chair 0 0 -10 470.03 96.54 538.22 185.30 0.0009563
dresser 0 0 -10 539.27 298.03 561.00 427.00 0.0009056
dresser 0 0 -10 1.54 176.01 554.37 407.62 0.0009053
table 0 0 -10 311.67 112.41 414.82 166.62 0.0008790
bookshelf 0 0 -10 390.39 108.78 398.41 149.62 0.0008677
desk 0 0 -10 411.82 127.19 550.15 188.25 0.0008460
table 0 0 -10 344.57 128.26 408.10 159.64 0.0007893
bookshelf 0 0 -10 527.68 299.95 561.00 426.88 0.0007715
bathtub 0 0 -10 2.14 135.53 394.98 218.93 0.0007613
chair 0 0 -10 405.51 90.29 482.12 168.22 0.0007376
chair 0 0 -10 529.07 155.71 560.78 408.04 0.0007159
desk 0 0 -10 344.34 127.86 409.40 159.63 0.0007119
desk 0 0 -10 387.56 156.49 554.68 228.02 0.0006679
bed 0 0 -10 0.00 166.89 561.00 409.08 0.0006573
bed 0 0 -10 335.09 265.55 561.00 424.23 0.0006375
chair 0 0 -10 539.52 114.84 561.00 215.83 0.0006332
table 0 0 -10 523.81 335.81 560.46 399.68 0.0006242
table 0 0 -10 540.53 279.68 560.70 427.00 0.0006142
chair 0 0 -10 483.90 303.99 556.14 426.99 0.0006141
sofa 0 0 -10 528.21 299.23 560.88 426.22 0.0005975
dresser 0 0 -10 501.00 98.78 561.00 426.77 0.0005917
night_stand 0 0 -10 497.56 311.00 561.00 407.98 0.0005757
bathtub 0 0 -10 405.35 82.51 552.27 177.82 0.0005754
bookshelf 0 0 -10 3.37 0.00 427.23 199.33 0.0005629
table 0 0 -10 19.59 284.07 549.42 427.00 0.0005544
desk 0 0 -10 0.00 151.55 442.44 330.52 0.0005539
bookshelf 0 0 -10 374.26 87.85 414.12 157.25 0.0005532
bathtub 0 0 -10 339.49 89.86 400.52 160.52 0.0005293
chair 0 0 -10 528.54 105.90 559.16 193.75 0.0005274
bookshelf 0 0 -10 357.38 91.30 372.34 142.62 0.0005180
chair 0 0 -10 528.01 91.33 561.00 256.72 0.0005169
