chair 0 0 -10 180.18 95.59 331.50 331.41 0.9830986
bookshelf 0 0 -10 305.93 5.67 550.82 188.03 0.9287043
desk 0 0 -10 3.54 94.15 230.88 427.00 0.8862922
bookshelf 0 0 -10 238.03 0.00 297.10 112.53 0.7554718
desk 0 0 -10 327.10 134.10 561.00 423.05 0.7085223
desk 0 0 -10 46.74 102.58 318.97 345.92 0.5501792
table 0 0 -10 325.13 142.23 561.00 427.00 0.4038830
desk 0 0 -10 28.05 96.86 478.34 427.00 0.3350802
bookshelf 0 0 -10 315.63 24.77 561.00 386.00 0.1831516
table 0 0 -10 7.40 118.81 230.70 418.42 0.1776487
bookshelf 0 0 -10 205.30 0.00 321.70 129.39 0.1550801
desk 0 0 -10 9.60 93.47 218.14 260.78 0.1141326
table 0 0 -10 46.42 102.59 351.64 314.41 0.0697889
table 0 0 -10 304.69 115.64 385.02 210.01 0.0668073
desk 0 0 -10 374.94 124.13 557.46 276.67 0.0608118
table 0 0 -10 36.61 104.09 481.59 414.16 0.0603764
chair 0 0 -10 475.85 177.41 561.00 366.02 0.0583937
desk 0 0 -10 322.88 99.37 544.49 214.28 0.0573197
chair 0 0 -10 0.00 193.81 223.22 417.49 0.0546772
chair 0 0 -10 307.85 92.28 386.23 207.46 0.0544146
desk 0 0 -10 2.26 110.75 108.03 418.22 0.0506937
dresser 0 0 -10 0.00 119.88 233.61 426.35 0.0489887
chair 0 0 -10 386.72 174.02 554.63 416.05 0.0464667
desk 0 0 -10 283.59 68.17 561.00 280.84 0.0432313
table 0 0 -10 355.95 126.90 547.22 278.48 0.0429544
night_stand 0 0 -10 326.19 203.62 561.00 427.00 0.0387629
desk 0 0 -10 195.82 112.06 525.02 383.80 0.0327705
bookshelf 0 0 -10 258.75 4.06 436.24 183.44 0.0306847
chair 0 0 -10 516.15 199.30 561.00 393.03 0.0286121
chair 0 0 -10 0.00 199.57 91.58 427.00 0.0283814
bookshelf 0 0 -10 307.07 0.43 391.83 178.33 0.0278306
night_stand 0 0 -10 4.95 153.42 229.02 422.19 0.0262507
desk 0 0 -10 131.27 104.63 363.65 299.24 0.0245227
chair 0 0 -10 67.79 102.28 291.81 424.51 0.0211947
desk 0 0 -10 77.95 95.45 210.19 223.75 0.0207009
desk 0 0 -10 422.91 146.97 561.00 381.65 0.0205796
table 0 0 -10 311.48 121.14 441.53 218.19 0.0204629
table 0 0 -10 7.54 307.13 218.71 427.00 0.0202336
chair 0 0 -10 2.66 303.79 236.07 423.29 0.0197037
chair 0 0 -10 359.33 92.69 525.12 248.65 0.0196092
table 0 0 -10 309.71 198.34 498.77 387.49 0.0195107
bookshelf 0 0 -10 359.42 62.66 553.85 226.32 0.0194256
chair 0 0 -10 338.90 45.25 551.85 294.44 0.0171943
bookshelf 0 0 -10 216.32 17.63 333.00 197.62 0.0165955
chair 0 0 -10 315.13 55.21 454.23 209.09 0.0162752
bookshelf 0 0 -10 327.71 37.31 451.73 190.11 0.0160100
dresser 0 0 -10 320.82 197.87 561.00 427.00 0.0153199
bookshelf 0 0 -10 49.90 4.29 521.34 195.94 0.0145788
table 0 0 -10 325.60 103.78 545.02 216.75 0.0142049
bookshelf 0 0 -10 263.22 1.48 339.34 131.45 0.0134748
chair 0 0 -10 326.60 142.63 523.08 387.70 0.0122273
bed 0 0 -10 0.00 147.15 228.39 425.98 0.0121620
table 0 0 -10 1.66 131.56 93.58 422.13 0.0114690
table 0 0 -10 203.55 118.01 522.90 376.46 0.0114151
table 0 0 -10 514.46 204.90 560.54 401.24 0.0109976
table 0 0 -10 286.83 70.86 560.03 287.30 0.0109378
bookshelf 0 0 -10 142.16 7.41 352.59 210.31 0.0108882
table 0 0 -10 308.88 150.33 412.20 209.43 0.0100021
bookshelf 0 0 -10 437.16 0.00 558.88 155.59 0.0097978
table 0 0 -10 190.85 110.90 327.22 290.30 0.0097370
dresser 0 0 -10 1.85 111.74 122.64 420.07 0.0096610
desk 0 0 -10 4.75 153.29 179.14 361.94 0.0094836
chair 0 0 -10 237.19 83.32 372.47 260.70 0.0091019
desk 0 0 -10 309.27 117.55 402.65 221.78 0.0088832
chair 0 0 -10 8.55 79.11 100.53 259.33 0.0087045
table 0 0 -10 537.47 181.77 560.73 414.88 0.0083496
desk 0 0 -10 316.56 135.42 513.60 315.42 0.0077557
bookshelf 0 0 -10 204.48 0.00 290.95 86.03 0.0075272
table 0 0 -10 439.98 137.57 560.36 408.65 0.0069036
sofa 0 0 -10 1.30 166.21 226.52 419.29 0.0065238
desk 0 0 -10 309.93 196.08 496.57 394.55 0.0065219
table 0 0 -10 2.19 215.84 66.61 426.07 0.0064223
table 0 0 -10 4.31 97.77 224.24 261.53 0.0062608
bookshelf 0 0 -10 92.65 1.74 304.52 110.23 0.0062033
desk 0 0 -10 6.61 118.93 122.17 267.66 0.0061664
chair 0 0 -10 181.77 111.84 330.78 227.70 0.0061577
desk 0 0 -10 297.70 24.60 561.00 195.00 0.0061520
bed 0 0 -10 0.70 316.60 35.36 427.00 0.0060241
chair 0 0 -10 3.34 301.35 83.66 427.00 0.0059731
chair 0 0 -10 513.05 98.84 561.00 338.09 0.0058647
dresser 0 0 -10 292.11 41.34 561.00 271.92 0.0056531
sofa 0 0 -10 291.48 40.55 560.14 258.14 0.0055660
sofa 0 0 -10 323.88 74.41 543.12 207.26 0.0054370
desk 0 0 -10 159.90 154.21 347.26 365.42 0.0053418
table 0 0 -10 158.73 160.24 351.33 363.38 0.0051824
desk 0 0 -10 497.51 160.97 559.91 389.77 0.0051503
desk 0 0 -10 224.68 104.02 448.03 275.25 0.0050725
chair 0 0 -10 220.96 96.58 461.51 363.10 0.0048972
bookshelf 0 0 -10 297.55 71.27 497.64 213.19 0.0048671
table 0 0 -10 158.00 121.43 354.87 211.08 0.0045000
chair 0 0 -10 459.91 61.90 561.00 297.48 0.0044534
chair 0 0 -10 3.47 234.44 49.34 426.49 0.0044084
bookshelf 0 0 -10 0.00 111.03 226.20 424.78 0.0043994
sofa 0 0 -10 318.71 101.45 561.00 392.43 0.0043905
bookshelf 0 0 -10 304.46 78.86 383.62 189.33 0.0041007
chair 0 0 -10 329.41 272.59 553.58 422.66 0.0040290
table 0 0 -10 236.16 92.53 391.53 242.76 0.0040022
bed 0 0 -10 308.42 84.45 561.00 402.94 0.0039336
table 0 0 -10 284.38 141.93 490.56 332.37 0.0039115
chair 0 0 -10 437.34 21.85 560.41 203.46 0.0038622
