chair 0 0 -10 339.94 244.22 522.85 425.09 0.9380341
table 0 0 -10 282.82 212.63 482.88 383.99 0.6920121
chair 0 0 -10 356.62 174.34 555.22 386.41 0.6540695
chair 0 0 -10 249.08 191.63 371.70 374.08 0.4839085
table 0 0 -10 216.07 205.08 542.88 415.25 0.3997915
bathtub 0 0 -10 8.19 229.54 376.60 420.05 0.2724952
chair 0 0 -10 236.49 117.52 346.82 232.87 0.2338742
chair 0 0 -10 389.34 153.86 487.93 331.63 0.2312625
desk 0 0 -10 274.81 208.57 488.69 387.24 0.2114163
desk 0 0 -10 15.28 208.77 488.55 426.60 0.1920573
table 0 0 -10 14.53 209.06 489.57 422.79 0.1275171
table 0 0 -10 258.29 209.11 409.10 353.50 0.0759969
table 0 0 -10 390.32 167.78 493.85 346.52 0.0592144
chair 0 0 -10 379.41 160.36 451.41 300.12 0.0549897
bathtub 0 0 -10 76.69 310.13 329.19 427.00 0.0526725
chair 0 0 -10 274.92 169.04 494.62 398.69 0.0513783
desk 0 0 -10 380.86 173.36 472.93 358.99 0.0502064
chair 0 0 -10 334.36 226.95 466.52 368.24 0.0426344
chair 0 0 -10 219.37 141.55 334.82 274.89 0.0366949
chair 0 0 -10 202.57 343.52 529.26 427.00 0.0337526
table 0 0 -10 340.35 201.66 460.72 352.61 0.0261348
table 0 0 -10 355.41 164.59 556.14 413.88 0.0253979
chair 0 0 -10 333.80 151.14 472.71 299.17 0.0232243
desk 0 0 -10 342.58 220.24 552.14 409.22 0.0221752
chair 0 0 -10 350.30 329.35 528.73 427.00 0.0204873
chair 0 0 -10 447.31 156.30 557.86 364.69 0.0199474
chair 0 0 -10 324.85 199.66 429.28 342.55 0.0192937
desk 0 0 -10 261.14 207.05 404.55 357.01 0.0185813
desk 0 0 -10 14.20 111.92 247.13 218.60 0.0181391
chair 0 0 -10 175.94 147.54 378.54 397.24 0.0180943
chair 0 0 -10 224.75 175.13 348.79 327.12 0.0175777
table 0 0 -10 256.57 166.39 493.85 268.68 0.0161258
chair 0 0 -10 185.05 240.91 469.43 424.83 0.0148100
bathtub 0 0 -10 37.08 283.07 530.37 427.00 0.0127655
bathtub 0 0 -10 0.00 213.06 278.15 329.29 0.0125431
table 0 0 -10 1.62 113.76 251.27 221.12 0.0123629
table 0 0 -10 327.34 187.76 481.70 273.52 0.0110778
table 0 0 -10 453.21 209.92 554.42 427.00 0.0097634
chair 0 0 -10 266.91 176.36 419.86 327.11 0.0093023
bed 0 0 -10 16.41 199.22 422.58 424.69 0.0090391
chair 0 0 -10 403.36 152.09 511.19 270.18 0.0089792
bathtub 0 0 -10 49.10 259.06 268.14 346.63 0.0084074
table 0 0 -10 237.04 188.01 359.84 337.77 0.0082816
desk 0 0 -10 238.50 183.85 354.90 338.13 0.0080104
bathtub 0 0 -10 198.71 207.97 549.98 420.27 0.0078897
desk 0 0 -10 335.10 261.03 484.17 378.88 0.0078211
dresser 0 0 -10 2.50 119.68 257.18 218.96 0.0067145
chair 0 0 -10 0.10 273.18 91.99 397.83 0.0066267
bathtub 0 0 -10 0.40 150.83 263.22 405.62 0.0063701
dresser 0 0 -10 1.48 147.76 332.71 422.29 0.0063248
table 0 0 -10 393.23 165.03 479.05 273.77 0.0060947
chair 0 0 -10 490.97 176.60 559.20 418.62 0.0058437
desk 0 0 -10 315.26 204.60 441.38 347.11 0.0057233
chair 0 0 -10 273.87 121.64 340.73 209.90 0.0056492
table 0 0 -10 347.63 268.93 518.03 376.70 0.0050583
table 0 0 -10 39.61 316.14 505.71 425.57 0.0048473
desk 0 0 -10 457.01 207.33 555.21 426.61 0.0046191
desk 0 0 -10 401.48 161.58 516.74 342.30 0.0046037
dresser 0 0 -10 8.58 225.48 516.21 427.00 0.0045281
desk 0 0 -10 12.42 270.91 348.70 422.60 0.0043853
table 0 0 -10 242.82 235.13 364.74 390.87 0.0040746
chair 0 0 -10 252.21 127.35 417.81 276.44 0.0039428
table 0 0 -10 185.01 229.64 402.49 416.53 0.0038995
toilet 0 0 -10 17.75 229.17 486.05 425.17 0.0037884
table 0 0 -10 298.95 210.36 462.47 295.08 0.0037815
table 0 0 -10 418.13 166.40 490.73 243.39 0.0037034
desk 0 0 -10 28.43 320.12 514.18 424.46 0.0036601
chair 0 0 -10 39.34 318.82 469.36 420.64 0.0036041
chair 0 0 -10 366.58 166.31 479.54 261.10 0.0034111
table 0 0 -10 358.07 213.46 404.99 338.94 0.0030534
chair 0 0 -10 246.02 372.97 489.82 427.00 0.0030440
toilet 0 0 -10 233.08 203.91 536.17 422.63 0.0030139
toilet 0 0 -10 19.03 276.08 313.10 419.12 0.0028382
chair 0 0 -10 5.04 271.84 274.61 422.33 0.0027881
bathtub 0 0 -10 14.66 224.22 252.89 289.15 0.0026926
dresser 0 0 -10 232.56 204.61 541.37 420.28 0.0026474
desk 0 0 -10 0.00 116.07 310.23 408.48 0.0025089
table 0 0 -10 224.56 156.47 343.97 267.65 0.0024852
night_stand 0 0 -10 251.96 201.74 374.16 371.66 0.0024662
chair 0 0 -10 42.27 215.84 407.03 424.11 0.0023091
chair 0 0 -10 0.00 187.18 69.24 412.25 0.0021724
bathtub 0 0 -10 2.23 117.81 258.90 293.73 0.0021503
table 0 0 -10 0.00 89.70 279.22 381.97 0.0021436
bathtub 0 0 -10 204.38 216.40 364.64 418.86 0.0020997
chair 0 0 -10 386.83 183.08 428.05 306.82 0.0020340
table 0 0 -10 365.87 183.44 444.51 297.12 0.0018781
chair 0 0 -10 0.00 195.90 37.33 392.52 0.0018531
table 0 0 -10 364.66 183.79 427.96 238.73 0.0018017
chair 0 0 -10 361.12 199.69 402.32 333.14 0.0017932
sofa 0 0 -10 331.20 170.17 541.59 386.63 0.0017466
chair 0 0 -10 272.83 115.09 309.17 232.67 0.0017088
desk 0 0 -10 227.12 152.91 341.98 265.60 0.0017050
bathtub 0 0 -10 4.57 147.37 528.44 393.97 0.0016098
toilet 0 0 -10 228.18 206.07 374.99 394.88 0.0015751
sofa 0 0 -10 16.56 209.59 423.30 423.80 0.0015688
chair 0 0 -10 398.62 158.24 471.48 241.06 0.0015290
bed 0 0 -10 226.82 190.88 539.43 418.09 0.0015231
bathtub 0 0 -10 102.85 244.58 306.39 404.91 0.0015152
bed 0 0 -10 0.00 106.66 303.21 411.84 0.0015030
bookshelf 0 0 -10 10.07 104.43 323.11 415.78 0.0014810
