chair 0 0 -10 294.85 84.82 416.56 240.55 0.9925194
chair 0 0 -10 344.26 144.75 561.00 408.58 0.9898064
chair 0 0 -10 34.38 176.97 321.60 426.55 0.9872448
table 0 0 -10 205.82 149.94 410.92 352.47 0.9655824
chair 0 0 -10 37.79 97.71 250.62 251.71 0.9604941
chair 0 0 -10 33.28 124.47 285.24 346.54 0.5539761
table 0 0 -10 67.29 170.48 369.53 411.92 0.4945669
chair 0 0 -10 188.37 156.79 360.98 370.06 0.2119650
desk 0 0 -10 216.17 141.12 407.82 358.41 0.0759345
chair 0 0 -10 460.69 137.82 556.97 392.62 0.0745947
chair 0 0 -10 484.25 138.10 558.90 266.74 0.0580514
sofa 0 0 -10 28.84 151.47 322.62 414.11 0.0533430
chair 0 0 -10 258.64 106.92 417.73 317.51 0.0500804
table 0 0 -10 416.80 82.05 559.04 239.93 0.0494335
chair 0 0 -10 306.34 105.78 497.46 352.77 0.0473024
chair 0 0 -10 505.51 142.85 559.64 372.96 0.0429579
table 0 0 -10 154.40 90.75 313.36 160.64 0.0369658
sofa 0 0 -10 32.12 96.00 268.55 240.47 0.0339874
table 0 0 -10 167.10 114.00 337.76 258.73 0.0228076
desk 0 0 -10 60.82 164.80 373.93 424.95 0.0197125
table 0 0 -10 86.67 88.04 323.85 182.67 0.0188371
chair 0 0 -10 148.05 171.46 416.95 423.10 0.0165640
table 0 0 -10 520.01 147.23 559.41 414.22 0.0148177
table 0 0 -10 407.93 141.42 557.48 344.97 0.0137694
table 0 0 -10 204.21 140.63 384.65 229.57 0.0137526
chair 0 0 -10 348.93 105.24 520.28 254.07 0.0120654
chair 0 0 -10 2.35 77.64 80.19 236.81 0.0117705
desk 0 0 -10 419.07 87.71 560.47 206.48 0.0103883
chair 0 0 -10 404.13 134.83 555.91 277.23 0.0100612
table 0 0 -10 0.00 171.52 105.10 427.00 0.0082391
table 0 0 -10 258.11 156.53 507.79 370.96 0.0082269
table 0 0 -10 493.63 117.74 560.01 277.67 0.0076689
chair 0 0 -10 262.43 104.12 363.98 247.42 0.0074896
table 0 0 -10 198.95 99.42 306.34 145.02 0.0071099
sofa 0 0 -10 57.44 91.00 308.30 182.50 0.0070738
chair 0 0 -10 17.61 153.55 172.66 427.00 0.0067149
chair 0 0 -10 0.00 73.04 143.54 270.06 0.0063048
table 0 0 -10 530.87 204.76 560.23 350.48 0.0062667
table 0 0 -10 190.08 92.48 326.21 199.94 0.0061141
night_stand 0 0 -10 161.90 164.71 411.41 391.95 0.0054250
chair 0 0 -10 100.85 122.13 267.06 293.63 0.0053284
sofa 0 0 -10 152.38 168.92 407.86 390.67 0.0053264
table 0 0 -10 26.87 164.80 244.72 260.05 0.0053030
table 0 0 -10 493.88 203.50 558.06 421.71 0.0052826
chair 0 0 -10 490.55 124.76 560.04 210.21 0.0047946
chair 0 0 -10 249.22 146.78 463.88 409.79 0.0046380
chair 0 0 -10 518.51 117.64 560.97 285.93 0.0044932
chair 0 0 -10 149.76 148.10 263.50 258.54 0.0043327
table 0 0 -10 485.16 106.91 557.56 205.59 0.0042905
table 0 0 -10 270.11 144.10 409.08 279.91 0.0041205
table 0 0 -10 156.32 180.61 247.21 238.70 0.0036476
table 0 0 -10 40.48 95.51 369.57 294.03 0.0035244
chair 0 0 -10 232.10 69.50 387.69 212.43 0.0032241
sofa 0 0 -10 344.01 142.06 560.30 416.43 0.0029231
desk 0 0 -10 521.17 142.50 559.48 415.33 0.0028931
chair 0 0 -10 160.42 159.99 288.31 330.79 0.0028012
dresser 0 0 -10 135.74 165.24 397.69 417.37 0.0026899
bed 0 0 -10 126.79 151.39 399.11 419.24 0.0025696
chair 0 0 -10 234.55 140.68 335.77 307.88 0.0024996
desk 0 0 -10 454.29 102.65 559.30 289.90 0.0024994
table 0 0 -10 345.34 193.82 554.52 419.49 0.0024986
chair 0 0 -10 527.41 69.91 561.00 232.85 0.0024201
chair 0 0 -10 480.10 74.80 559.64 201.59 0.0022647
chair 0 0 -10 513.26 145.11 561.00 190.20 0.0022338
chair 0 0 -10 428.82 79.48 552.88 230.88 0.0020198
table 0 0 -10 116.72 159.90 279.50 304.71 0.0019850
table 0 0 -10 251.70 100.77 412.10 233.59 0.0019419
desk 0 0 -10 406.13 140.76 559.84 348.66 0.0019242
dresser 0 0 -10 51.73 204.73 331.13 421.91 0.0019111
chair 0 0 -10 181.57 215.78 331.46 308.00 0.0018548
desk 0 0 -10 509.26 107.82 560.14 264.43 0.0018468
table 0 0 -10 46.39 92.69 282.25 231.27 0.0018209
desk 0 0 -10 494.00 111.90 559.88 346.97 0.0017914
chair 0 0 -10 277.44 71.88 480.79 264.19 0.0016856
chair 0 0 -10 0.00 155.41 96.73 427.00 0.0015220
chair 0 0 -10 175.85 78.45 295.67 263.99 0.0015208
bookshelf 0 0 -10 135.63 161.93 395.56 414.01 0.0015169
chair 0 0 -10 358.46 71.06 509.70 206.52 0.0014943
chair 0 0 -10 236.64 199.48 377.50 404.12 0.0014919
bathtub 0 0 -10 422.05 88.95 560.27 204.15 0.0014905
table 0 0 -10 452.52 87.10 556.99 189.69 0.0014658
chair 0 0 -10 65.65 242.87 241.72 424.28 0.0014654
desk 0 0 -10 487.10 107.87 558.01 205.37 0.0014447
table 0 0 -10 244.55 198.30 381.55 411.65 0.0014414
chair 0 0 -10 155.55 174.82 251.81 236.67 0.0012569
chair 0 0 -10 252.25 77.02 326.72 231.82 0.0012504
chair 0 0 -10 187.16 143.45 323.62 260.76 0.0010788
toilet 0 0 -10 130.68 170.12 391.28 422.20 0.0010336
night_stand 0 0 -10 59.76 187.69 324.40 427.00 0.0010081
table 0 0 -10 248.08 125.02 349.85 238.77 0.0009998
chair 0 0 -10 532.96 140.92 560.79 380.87 0.0009966
table 0 0 -10 218.77 89.94 302.57 130.54 0.0009597
bathtub 0 0 -10 134.89 169.02 403.45 417.95 0.0009462
chair 0 0 -10 7.49 133.66 122.25 241.29 0.0008857
sofa 0 0 -10 308.69 82.01 407.42 236.45 0.0008488
sofa 0 0 -10 18.92 81.36 368.93 284.06 0.0008061
table 0 0 -10 218.64 78.53 302.33 179.90 0.0007769
desk 0 0 -10 265.67 156.83 516.64 371.79 0.0007699
table 0 0 -10 513.03 141.85 560.62 178.00 0.0007690
desk 0 0 -10 85.68 95.75 327.30 238.62 0.0007628
