bed 0 0 -10 433.78 302.69 561.00 427.00 0.2633505
sofa 0 0 -10 435.12 302.65 559.99 427.00 0.0897303
bed 0 0 -10 420.44 204.40 558.24 422.63 0.0881175
dresser 0 0 -10 24.40 149.54 306.32 427.00 0.0873838
chair 0 0 -10 430.53 295.91 559.31 427.00 0.0551826
desk 0 0 -10 27.90 152.26 319.57 427.00 0.0437047
bed 0 0 -10 403.13 13.13 559.35 427.00 0.0320240
bed 0 0 -10 0.00 108.16 315.16 427.00 0.0284247
table 0 0 -10 12.39 266.23 113.67 427.00 0.0274279
dresser 0 0 -10 411.26 53.34 561.00 427.00 0.0268816
table 0 0 -10 16.25 151.54 309.07 427.00 0.0254586
sofa 0 0 -10 427.26 202.99 560.42 419.20 0.0208825
bathtub 0 0 -10 33.80 158.26 304.49 417.22 0.0194616
sofa 0 0 -10 13.66 118.68 207.57 418.25 0.0174686
desk 0 0 -10 0.03 227.59 117.70 427.00 0.0159989
chair 0 0 -10 390.79 22.00 554.65 426.74 0.0145437
chair 0 0 -10 415.65 190.90 558.62 424.85 0.0132097
table 0 0 -10 389.40 208.64 547.89 427.00 0.0130884
table 0 0 -10 429.94 307.89 557.61 427.00 0.0124245
dresser 0 0 -10 0.00 210.58 123.49 427.00 0.0120286
bookshelf 0 0 -10 425.21 105.11 557.90 415.16 0.0115495
night_stand 0 0 -10 419.32 289.05 560.65 425.81 0.0096387
table 0 0 -10 2.83 122.43 88.54 427.00 0.0084786
dresser 0 0 -10 414.19 278.92 561.00 427.00 0.0083329
table 0 0 -10 400.67 35.92 559.05 423.14 0.0058779
sofa 0 0 -10 2.07 100.21 111.29 414.50 0.0056444
bed 0 0 -10 6.69 58.73 42.43 412.19 0.0054408
bed 0 0 -10 1.03 75.73 89.39 427.00 0.0049036
bed 0 0 -10 46.52 29.76 535.04 427.00 0.0046436
desk 0 0 -10 414.94 68.67 561.00 423.02 0.0045198
sofa 0 0 -10 13.77 112.99 281.77 269.15 0.0044378
chair 0 0 -10 0.84 91.20 115.35 423.12 0.0038707
desk 0 0 -10 414.68 279.88 559.06 426.58 0.0036705
chair 0 0 -10 1.45 252.26 128.71 427.00 0.0036656
chair 0 0 -10 6.02 74.84 44.53 405.24 0.0035180
night_stand 0 0 -10 62.15 163.21 306.06 419.16 0.0034591
bed 0 0 -10 496.97 10.80 558.18 427.00 0.0032886
bookshelf 0 0 -10 20.43 162.21 313.54 427.00 0.0030599
night_stand 0 0 -10 9.16 268.47 124.14 427.00 0.0030526
toilet 0 0 -10 37.42 156.65 296.50 427.00 0.0028526
dresser 0 0 -10 499.01 30.02 558.65 416.37 0.0026633
dresser 0 0 -10 7.12 69.83 42.16 409.33 0.0026337
table 0 0 -10 29.29 217.82 219.04 425.71 0.0025397
bookshelf 0 0 -10 0.68 80.31 85.36 427.00 0.0024234
bed 0 0 -10 326.17 308.14 523.22 427.00 0.0022904
sofa 0 0 -10 3.85 248.61 115.87 426.32 0.0021276
bathtub 0 0 -10 1.07 275.53 114.55 427.00 0.0020594
table 0 0 -10 1.01 95.81 48.56 422.36 0.0020516
table 0 0 -10 269.89 280.11 448.84 417.25 0.0020227
chair 0 0 -10 98.32 254.39 264.33 421.44 0.0019702
dresser 0 0 -10 129.12 146.92 309.98 358.06 0.0019304
table 0 0 -10 100.83 232.32 265.80 427.00 0.0019042
bookshelf 0 0 -10 500.77 12.88 557.73 409.90 0.0018818
bookshelf 0 0 -10 0.30 19.88 49.16 407.32 0.0017631
night_stand 0 0 -10 415.03 167.35 555.68 419.24 0.0017449
bed 0 0 -10 4.21 112.62 283.82 277.92 0.0016573
dresser 0 0 -10 0.00 70.44 81.41 416.71 0.0016199
chair 0 0 -10 460.85 15.62 559.49 354.86 0.0015044
sofa 0 0 -10 1.46 74.02 50.01 405.77 0.0013809
bookshelf 0 0 -10 435.76 275.71 556.82 420.08 0.0013527
chair 0 0 -10 7.31 152.87 248.42 403.84 0.0013111
desk 0 0 -10 0.23 154.66 63.91 425.00 0.0013005
table 0 0 -10 409.99 222.18 492.83 426.96 0.0012243
bookshelf 0 0 -10 0.00 241.31 115.01 427.00 0.0011901
bed 0 0 -10 181.55 274.94 529.16 427.00 0.0011795
sofa 0 0 -10 403.09 35.26 560.33 419.26 0.0011762
dresser 0 0 -10 194.25 52.39 533.80 425.37 0.0011230
bathtub 0 0 -10 425.74 311.10 560.72 425.88 0.0011128
bathtub 0 0 -10 427.43 153.38 556.77 417.73 0.0010988
table 0 0 -10 45.44 271.92 441.84 424.32 0.0010659
bathtub 0 0 -10 102.49 249.03 270.02 426.67 0.0010617
chair 0 0 -10 501.72 3.65 560.69 229.81 0.0010434
desk 0 0 -10 501.32 40.60 559.03 412.41 0.0010372
toilet 0 0 -10 412.49 279.86 558.27 426.58 0.0010305
toilet 0 0 -10 6.72 265.55 121.04 427.00 0.0009851
table 0 0 -10 75.60 170.03 264.32 254.03 0.0009261
table 0 0 -10 329.98 313.60 511.22 426.69 0.0008718
bed 0 0 -10 320.05 90.93 534.02 427.00 0.0008476
chair 0 0 -10 272.40 186.02 549.58 426.72 0.0008398
toilet 0 0 -10 103.93 233.34 257.91 427.00 0.0008247
night_stand 0 0 -10 278.91 284.04 454.05 413.32 0.0008062
desk 0 0 -10 7.64 80.09 41.75 407.91 0.0007827
chair 0 0 -10 0.73 289.40 57.27 388.92 0.0007581
dresser 0 0 -10 30.21 262.60 236.78 426.63 0.0007194
table 0 0 -10 473.05 180.60 559.99 411.40 0.0007073
bathtub 0 0 -10 1.29 96.89 325.76 342.52 0.0007048
bed 0 0 -10 0.89 242.52 116.04 427.00 0.0006997
chair 0 0 -10 512.49 70.74 560.69 427.00 0.0006826
sofa 0 0 -10 516.63 75.85 559.08 426.86 0.0006745
dresser 0 0 -10 473.25 176.32 561.00 411.79 0.0006706
table 0 0 -10 499.59 52.10 558.13 416.28 0.0006703
dresser 0 0 -10 27.24 271.80 449.14 424.19 0.0006252
bed 0 0 -10 535.80 71.50 561.00 427.00 0.0006080
chair 0 0 -10 464.81 0.00 559.32 83.08 0.0005720
desk 0 0 -10 29.07 269.12 458.08 425.12 0.0005530
chair 0 0 -10 442.09 0.00 561.00 167.43 0.0005441
bathtub 0 0 -10 0.00 196.88 139.90 414.25 0.0005307
desk 0 0 -10 474.39 173.93 561.00 423.26 0.0005074
night_stand 0 0 -10 55.29 281.74 450.32 421.83 0.0005068
toilet 0 0 -10 425.02 139.20 554.86 418.83 0.0005051
