chair 0 0 -10 8.60 119.54 134.68 276.19 0.9855071
chair 0 0 -10 233.45 175.81 435.26 420.96 0.9515533
chair 0 0 -10 53.38 169.55 223.57 390.62 0.9393273
table 0 0 -10 113.70 112.67 409.44 407.46 0.8519643
chair 0 0 -10 205.76 113.08 312.21 246.26 0.8277016
chair 0 0 -10 32.45 157.97 201.48 302.07 0.4090842
desk 0 0 -10 62.77 113.29 432.36 418.79 0.2932617
chair 0 0 -10 189.76 104.73 341.99 305.98 0.1828525
chair 0 0 -10 224.70 118.86 379.67 353.10 0.1529481
chair 0 0 -10 252.62 157.41 414.32 313.66 0.1475941
chair 0 0 -10 251.37 136.27 355.61 261.86 0.1137441
chair 0 0 -10 234.74 108.44 306.59 207.72 0.0646952
chair 0 0 -10 142.30 91.24 432.75 390.04 0.0598172
table 0 0 -10 103.38 107.38 355.92 266.12 0.0329269
table 0 0 -10 37.97 186.32 532.89 426.20 0.0312176
chair 0 0 -10 103.14 156.61 294.39 397.06 0.0309328
chair 0 0 -10 99.22 143.19 261.24 293.29 0.0240756
chair 0 0 -10 124.55 91.99 302.12 282.16 0.0164994
desk 0 0 -10 36.34 196.41 228.29 418.84 0.0153823
chair 0 0 -10 188.14 113.91 279.48 283.98 0.0140425
chair 0 0 -10 276.13 117.97 352.62 230.93 0.0134540
table 0 0 -10 35.74 196.12 230.68 417.98 0.0121006
chair 0 0 -10 52.24 118.30 177.32 240.80 0.0111638
chair 0 0 -10 0.51 95.92 70.87 242.57 0.0097477
chair 0 0 -10 224.94 115.24 305.66 164.28 0.0093400
chair 0 0 -10 78.94 202.48 177.57 387.45 0.0083495
chair 0 0 -10 42.59 148.20 146.45 375.00 0.0076256
desk 0 0 -10 118.64 113.87 398.66 305.77 0.0076015
chair 0 0 -10 291.60 121.00 459.39 324.52 0.0071677
chair 0 0 -10 209.57 127.90 309.81 375.76 0.0058371
chair 0 0 -10 0.00 153.14 120.51 419.60 0.0055679
chair 0 0 -10 251.52 229.89 409.02 343.25 0.0048437
table 0 0 -10 81.25 131.04 235.32 355.42 0.0046179
table 0 0 -10 206.55 149.68 423.17 340.09 0.0045918
chair 0 0 -10 104.47 124.34 214.02 257.51 0.0037329
table 0 0 -10 184.32 210.20 437.33 419.30 0.0037229
desk 0 0 -10 192.20 206.91 436.72 423.59 0.0035553
chair 0 0 -10 159.45 70.21 321.75 230.50 0.0034218
table 0 0 -10 109.77 115.89 222.06 245.75 0.0033161
chair 0 0 -10 111.06 219.67 411.30 426.73 0.0031122
chair 0 0 -10 34.57 233.68 264.10 425.23 0.0029188
chair 0 0 -10 242.99 103.76 421.28 256.24 0.0028209
chair 0 0 -10 299.41 125.18 380.86 230.52 0.0028006
table 0 0 -10 83.48 123.70 197.08 280.97 0.0026677
chair 0 0 -10 252.70 116.48 291.99 191.41 0.0026010
table 0 0 -10 170.23 151.83 400.23 255.58 0.0026004
chair 0 0 -10 255.22 97.75 369.76 199.43 0.0025967
table 0 0 -10 160.15 109.99 305.83 239.96 0.0025272
desk 0 0 -10 215.79 149.95 420.86 340.06 0.0024030
chair 0 0 -10 0.14 171.74 57.03 268.39 0.0022999
table 0 0 -10 280.21 235.37 551.64 427.00 0.0021785
chair 0 0 -10 186.15 194.12 349.98 420.29 0.0021471
chair 0 0 -10 175.48 167.57 284.74 377.10 0.0021425
chair 0 0 -10 43.58 171.72 126.54 257.47 0.0021336
chair 0 0 -10 2.14 118.10 45.72 282.08 0.0020435
table 0 0 -10 2.24 145.81 138.09 291.96 0.0019084
desk 0 0 -10 95.44 138.86 306.86 381.86 0.0018714
chair 0 0 -10 1.30 248.88 170.81 426.13 0.0018390
chair 0 0 -10 313.69 202.07 453.13 399.29 0.0018345
desk 0 0 -10 277.31 236.77 557.56 426.78 0.0017705
chair 0 0 -10 113.38 89.17 201.15 223.41 0.0016246
dresser 0 0 -10 120.05 174.21 417.11 420.29 0.0015437
sofa 0 0 -10 120.57 174.19 423.27 416.09 0.0014405
bookshelf 0 0 -10 124.31 168.03 415.14 416.50 0.0013725
chair 0 0 -10 5.21 135.54 73.12 335.77 0.0013190
chair 0 0 -10 235.46 106.57 306.98 146.39 0.0012602
bed 0 0 -10 114.85 154.73 413.83 421.26 0.0011747
chair 0 0 -10 265.02 251.65 519.74 425.93 0.0011104
night_stand 0 0 -10 122.34 176.28 418.58 418.66 0.0011015
dresser 0 0 -10 40.64 198.53 218.81 420.49 0.0010636
desk 0 0 -10 43.34 147.89 197.34 306.86 0.0010052
chair 0 0 -10 262.71 112.79 317.97 235.69 0.0009957
chair 0 0 -10 168.92 98.94 311.33 180.40 0.0009850
desk 0 0 -10 141.72 106.89 331.19 235.64 0.0009341
desk 0 0 -10 80.26 200.66 202.94 365.86 0.0009169
bathtub 0 0 -10 109.69 189.65 412.76 415.52 0.0008444
desk 0 0 -10 2.12 140.35 132.47 290.46 0.0008278
table 0 0 -10 260.75 265.25 443.49 426.26 0.0007524
chair 0 0 -10 0.00 88.94 36.61 237.63 0.0007116
bathtub 0 0 -10 37.34 215.76 218.16 422.74 0.0007086
chair 0 0 -10 296.75 135.74 356.53 207.51 0.0006890
toilet 0 0 -10 128.12 183.69 409.13 418.77 0.0006821
chair 0 0 -10 87.27 226.29 191.66 294.87 0.0006783
sofa 0 0 -10 34.45 186.64 194.03 418.06 0.0006559
desk 0 0 -10 176.98 150.69 396.53 254.78 0.0006121
chair 0 0 -10 121.10 13.88 220.48 205.11 0.0005984
table 0 0 -10 121.02 134.91 197.87 214.77 0.0005952
table 0 0 -10 84.59 205.93 204.30 382.55 0.0005833
table 0 0 -10 190.36 141.33 322.08 389.15 0.0005583
bookshelf 0 0 -10 43.22 191.38 216.83 417.08 0.0005561
table 0 0 -10 1.06 166.44 121.87 427.00 0.0005553
chair 0 0 -10 218.31 68.42 307.18 157.66 0.0005502
table 0 0 -10 130.97 103.04 309.51 178.25 0.0005265
chair 0 0 -10 248.35 85.12 503.92 357.44 0.0005218
chair 0 0 -10 77.65 296.16 304.75 427.00 0.0005177
table 0 0 -10 7.45 146.82 188.52 371.61 0.0005143
chair 0 0 -10 9.72 51.07 147.98 240.03 0.0004970
chair 0 0 -10 33.52 140.39 103.52 259.31 0.0004830
table 0 0 -10 21.08 116.16 166.20 255.20 0.0004403
chair 0 0 -10 204.27 131.19 235.91 176.56 0.0004368
