chair 0 0 -10 319.43 170.26 498.82 411.59 0.9563082
bookshelf 0 0 -10 291.61 0.00 493.57 279.81 0.9231561
table 0 0 -10 159.46 214.87 296.46 346.51 0.7746529
table 0 0 -10 483.81 214.20 560.16 303.90 0.2568804
bookshelf 0 0 -10 389.38 0.00 492.04 256.14 0.2127184
desk 0 0 -10 160.19 219.76 296.67 345.91 0.1348516
bookshelf 0 0 -10 278.47 0.61 405.50 314.21 0.0862292
table 0 0 -10 31.66 219.36 418.68 408.33 0.0841945
chair 0 0 -10 160.77 212.53 273.44 347.74 0.0800209
bookshelf 0 0 -10 308.68 0.00 403.36 211.14 0.0465396
chair 0 0 -10 0.65 211.19 49.40 408.19 0.0456259
dresser 0 0 -10 0.75 226.82 47.40 414.43 0.0414977
table 0 0 -10 241.33 213.64 501.67 402.63 0.0364989
table 0 0 -10 12.82 255.20 272.31 383.44 0.0295890
bookshelf 0 0 -10 319.76 96.16 510.24 396.94 0.0227442
desk 0 0 -10 482.12 211.17 559.49 306.99 0.0181566
night_stand 0 0 -10 155.76 213.56 299.63 349.50 0.0147082
table 0 0 -10 1.51 237.84 48.22 418.10 0.0146762
desk 0 0 -10 20.88 224.26 283.78 391.81 0.0146231
bookshelf 0 0 -10 0.00 189.36 51.70 409.74 0.0110327
desk 0 0 -10 0.53 234.46 48.39 414.24 0.0098810
chair 0 0 -10 1.15 270.03 45.44 375.59 0.0096858
bookshelf 0 0 -10 276.84 5.26 312.61 323.39 0.0095593
dresser 0 0 -10 276.55 10.95 528.93 265.95 0.0089586
table 0 0 -10 0.55 272.14 36.35 393.67 0.0079359
chair 0 0 -10 0.00 174.07 84.78 403.37 0.0068287
night_stand 0 0 -10 490.50 219.18 561.00 306.86 0.0063532
chair 0 0 -10 183.34 202.99 299.06 304.65 0.0062453
bed 0 0 -10 0.55 255.99 40.14 391.71 0.0060059
chair 0 0 -10 280.14 89.92 443.41 363.06 0.0058856
bookshelf 0 0 -10 484.88 145.91 556.34 236.96 0.0054905
bookshelf 0 0 -10 308.02 0.00 494.62 128.93 0.0049651
chair 0 0 -10 167.99 141.31 322.47 322.37 0.0046738
night_stand 0 0 -10 2.11 236.46 48.72 409.80 0.0044200
bookshelf 0 0 -10 433.30 36.60 545.69 288.37 0.0043358
sofa 0 0 -10 309.82 183.02 502.31 418.55 0.0043127
chair 0 0 -10 532.78 212.78 561.00 273.75 0.0042897
dresser 0 0 -10 0.52 268.09 34.07 396.46 0.0041531
table 0 0 -10 305.11 137.33 522.65 372.88 0.0039768
bookshelf 0 0 -10 286.20 7.19 330.40 318.85 0.0039294
table 0 0 -10 464.86 207.78 558.21 368.80 0.0038265
bed 0 0 -10 498.26 203.34 560.52 310.96 0.0036115
chair 0 0 -10 389.54 137.89 516.75 359.96 0.0036091
bookshelf 0 0 -10 1.54 242.39 39.00 386.44 0.0035332
chair 0 0 -10 183.54 214.79 242.17 312.26 0.0032361
dresser 0 0 -10 156.88 215.67 298.01 346.27 0.0032360
desk 0 0 -10 252.93 4.92 517.17 271.76 0.0030180
bookshelf 0 0 -10 145.00 0.00 479.90 326.73 0.0029720
chair 0 0 -10 428.40 141.09 548.11 331.68 0.0029519
sofa 0 0 -10 1.14 258.62 40.13 385.43 0.0028707
bed 0 0 -10 159.21 212.07 298.37 344.26 0.0026087
dresser 0 0 -10 276.69 2.61 313.23 322.87 0.0025310
chair 0 0 -10 505.48 221.80 558.49 303.28 0.0025238
desk 0 0 -10 321.96 222.95 498.29 413.55 0.0025183
toilet 0 0 -10 0.00 232.86 47.18 418.61 0.0022513
chair 0 0 -10 165.46 175.03 415.63 406.53 0.0022302
sofa 0 0 -10 162.65 203.10 298.05 345.41 0.0022284
chair 0 0 -10 8.60 244.12 236.02 392.19 0.0022253
table 0 0 -10 2.27 273.58 21.67 412.09 0.0021762
chair 0 0 -10 271.95 27.34 388.97 325.38 0.0021696
bookshelf 0 0 -10 300.85 7.15 368.49 292.79 0.0021624
chair 0 0 -10 28.43 167.31 312.46 394.39 0.0021614
desk 0 0 -10 0.00 272.97 34.20 399.22 0.0020993
table 0 0 -10 168.51 244.66 295.49 302.82 0.0020461
bed 0 0 -10 0.04 192.37 55.45 412.73 0.0020014
table 0 0 -10 10.88 268.42 195.62 344.40 0.0019981
chair 0 0 -10 3.00 203.32 149.40 386.57 0.0018930
bathtub 0 0 -10 0.36 242.93 49.30 420.24 0.0018520
bookshelf 0 0 -10 467.23 0.25 559.51 193.34 0.0017982
dresser 0 0 -10 5.08 172.45 23.39 410.35 0.0017693
bed 0 0 -10 13.63 353.11 397.95 426.21 0.0017288
chair 0 0 -10 540.49 226.18 561.00 260.62 0.0016650
desk 0 0 -10 84.98 202.24 522.21 419.49 0.0016503
dresser 0 0 -10 266.70 10.62 357.09 321.24 0.0015944
bookshelf 0 0 -10 168.43 207.74 295.06 322.83 0.0015635
table 0 0 -10 345.93 231.84 515.55 412.79 0.0014770
desk 0 0 -10 303.21 137.54 527.23 380.66 0.0014755
bookshelf 0 0 -10 486.48 102.47 558.87 300.44 0.0014636
dresser 0 0 -10 316.50 148.28 520.11 409.14 0.0014433
dresser 0 0 -10 357.05 11.03 492.52 246.86 0.0014263
desk 0 0 -10 167.18 244.14 293.36 302.80 0.0014052
chair 0 0 -10 1.44 285.37 56.02 342.63 0.0013617
bed 0 0 -10 323.95 206.98 499.60 412.34 0.0013205
chair 0 0 -10 274.71 7.61 498.33 300.60 0.0012920
table 0 0 -10 512.74 214.58 560.81 279.24 0.0012784
bed 0 0 -10 11.87 212.51 305.43 401.84 0.0012780
table 0 0 -10 279.42 5.38 509.26 262.44 0.0012765
table 0 0 -10 6.87 239.56 163.08 410.23 0.0012711
sofa 0 0 -10 489.87 212.71 560.63 308.01 0.0012406
chair 0 0 -10 486.88 181.61 560.39 297.18 0.0012284
bed 0 0 -10 487.22 140.79 559.60 241.42 0.0012246
table 0 0 -10 539.56 225.14 560.64 318.54 0.0012156
bookshelf 0 0 -10 337.15 46.04 388.12 160.13 0.0011907
desk 0 0 -10 13.28 253.73 186.49 385.74 0.0011832
chair 0 0 -10 542.92 198.85 560.94 297.99 0.0011745
chair 0 0 -10 4.28 173.27 25.48 401.22 0.0011534
bookshelf 0 0 -10 393.12 97.49 512.19 330.19 0.0011105
bookshelf 0 0 -10 371.61 0.00 460.08 208.43 0.0011076
bookshelf 0 0 -10 522.33 92.53 559.87 266.26 0.0010963
bookshelf 0 0 -10 533.73 9.32 560.94 258.73 0.0010639
