chair 0 0 -10 213.28 136.76 310.71 245.82 0.9563655
bookshelf 0 0 -10 8.79 1.93 160.36 216.62 0.9332022
chair 0 0 -10 1.58 161.15 182.04 408.72 0.9297954
table 0 0 -10 249.89 136.38 356.66 225.73 0.3006730
bed 0 0 -10 371.81 98.39 555.03 314.67 0.2235831
bed 0 0 -10 521.69 139.58 560.28 369.95 0.2184503
chair 0 0 -10 381.65 101.71 536.37 311.23 0.2083289
chair 0 0 -10 265.26 113.04 352.54 220.94 0.1759984
table 0 0 -10 221.23 147.32 328.70 242.24 0.1571909
table 0 0 -10 362.06 119.31 547.47 304.64 0.1490653
chair 0 0 -10 520.27 112.71 559.11 362.86 0.1329349
sofa 0 0 -10 522.71 141.50 560.13 365.31 0.1068729
sofa 0 0 -10 372.35 107.66 554.98 300.40 0.0674836
bookshelf 0 0 -10 0.00 0.00 94.09 169.06 0.0590170
table 0 0 -10 526.81 200.43 559.59 328.23 0.0584917
chair 0 0 -10 228.02 132.81 306.21 203.00 0.0574552
table 0 0 -10 250.26 129.54 340.60 192.38 0.0529887
dresser 0 0 -10 519.98 115.03 558.71 361.17 0.0521711
table 0 0 -10 324.89 134.80 385.98 223.70 0.0501910
table 0 0 -10 520.69 149.84 556.40 383.61 0.0476041
night_stand 0 0 -10 517.94 171.08 555.93 380.29 0.0470588
table 0 0 -10 339.43 107.12 501.13 251.13 0.0444662
desk 0 0 -10 255.41 133.36 359.02 224.07 0.0402929
table 0 0 -10 161.10 191.92 244.73 282.25 0.0397218
desk 0 0 -10 520.35 126.54 558.90 362.71 0.0377737
sofa 0 0 -10 0.00 161.66 185.30 409.33 0.0376854
night_stand 0 0 -10 526.78 202.07 560.52 325.78 0.0360710
table 0 0 -10 239.04 127.65 417.72 237.44 0.0353689
chair 0 0 -10 289.69 85.60 357.18 202.83 0.0347439
sofa 0 0 -10 518.09 226.08 558.83 411.76 0.0336911
bed 0 0 -10 540.45 175.33 560.22 365.57 0.0313781
table 0 0 -10 314.20 132.08 453.35 229.71 0.0275645
table 0 0 -10 522.77 263.44 559.24 351.05 0.0263457
chair 0 0 -10 525.14 194.47 560.89 326.41 0.0244251
desk 0 0 -10 222.15 145.84 326.68 247.39 0.0233551
chair 0 0 -10 252.84 123.82 338.70 191.62 0.0209258
bookshelf 0 0 -10 520.50 102.06 558.43 355.36 0.0192891
desk 0 0 -10 337.18 121.92 411.08 212.95 0.0190269
desk 0 0 -10 339.69 131.36 388.83 198.57 0.0188979
table 0 0 -10 208.11 175.07 311.71 254.77 0.0176838
table 0 0 -10 505.88 227.22 559.41 314.65 0.0171654
desk 0 0 -10 356.83 114.26 547.58 309.81 0.0170037
chair 0 0 -10 505.27 246.58 558.96 417.44 0.0166410
table 0 0 -10 340.00 137.02 393.49 200.60 0.0161611
table 0 0 -10 269.47 146.76 346.88 207.54 0.0157913
dresser 0 0 -10 526.21 196.80 560.46 326.09 0.0139019
table 0 0 -10 286.98 130.82 394.14 200.62 0.0137401
sofa 0 0 -10 252.24 118.96 353.74 222.39 0.0136795
chair 0 0 -10 532.82 102.38 561.00 276.37 0.0136410
sofa 0 0 -10 524.32 122.02 560.40 258.72 0.0126361
table 0 0 -10 2.50 213.33 186.90 421.46 0.0125154
desk 0 0 -10 308.65 127.32 386.74 211.00 0.0116697
desk 0 0 -10 526.48 197.45 560.82 329.49 0.0113061
chair 0 0 -10 500.26 118.28 561.00 270.41 0.0111283
bookshelf 0 0 -10 2.88 101.21 182.97 398.55 0.0110731
bookshelf 0 0 -10 56.37 6.19 316.72 222.87 0.0110484
chair 0 0 -10 0.94 176.49 93.27 426.10 0.0109466
bed 0 0 -10 524.67 265.81 560.58 369.14 0.0108972
sofa 0 0 -10 540.75 179.00 560.12 361.04 0.0100335
sofa 0 0 -10 196.37 128.36 334.68 245.81 0.0098757
bed 0 0 -10 549.95 185.50 560.94 354.63 0.0092226
toilet 0 0 -10 520.45 142.56 556.38 382.82 0.0089901
bookshelf 0 0 -10 0.37 1.55 48.16 165.50 0.0087419
chair 0 0 -10 226.48 76.13 361.12 233.65 0.0084218
bathtub 0 0 -10 520.38 120.94 558.94 356.62 0.0080826
chair 0 0 -10 162.24 131.65 253.16 260.96 0.0077561
sofa 0 0 -10 524.07 263.30 560.34 362.31 0.0077287
table 0 0 -10 348.70 124.63 407.57 245.71 0.0073858
chair 0 0 -10 539.20 172.87 560.61 363.04 0.0073666
chair 0 0 -10 477.84 120.65 561.00 365.61 0.0072823
dresser 0 0 -10 6.24 7.10 173.13 218.72 0.0070253
chair 0 0 -10 238.85 130.60 319.07 176.85 0.0069059
table 0 0 -10 541.36 186.32 560.15 364.76 0.0067883
chair 0 0 -10 312.02 120.57 365.09 193.06 0.0067023
desk 0 0 -10 242.51 123.12 436.78 233.39 0.0064371
desk 0 0 -10 215.38 131.55 382.02 259.21 0.0063072
table 0 0 -10 202.41 131.59 312.39 216.33 0.0062533
dresser 0 0 -10 1.36 87.65 189.45 323.62 0.0062179
chair 0 0 -10 524.56 266.51 561.00 362.61 0.0060326
desk 0 0 -10 0.00 98.18 192.73 314.74 0.0059514
table 0 0 -10 300.84 142.81 369.50 210.31 0.0059293
chair 0 0 -10 13.26 85.43 171.24 306.31 0.0058562
chair 0 0 -10 0.01 169.61 40.21 414.17 0.0057643
bookshelf 0 0 -10 526.70 191.33 560.77 325.35 0.0057313
bookshelf 0 0 -10 378.83 96.55 538.72 297.60 0.0056102
dresser 0 0 -10 537.16 118.25 559.74 295.67 0.0054656
bed 0 0 -10 515.91 219.62 559.79 410.96 0.0054407
dresser 0 0 -10 541.03 181.06 560.37 363.71 0.0053072
table 0 0 -10 203.81 133.20 487.39 277.97 0.0052539
table 0 0 -10 1.10 97.62 185.18 316.51 0.0051676
night_stand 0 0 -10 506.89 230.82 561.00 311.97 0.0051437
bed 0 0 -10 523.34 116.67 560.81 264.96 0.0050630
bookshelf 0 0 -10 186.87 22.61 320.39 208.80 0.0047036
sofa 0 0 -10 525.08 219.47 560.02 317.45 0.0046227
night_stand 0 0 -10 541.08 190.20 560.51 357.95 0.0045178
bed 0 0 -10 489.05 158.09 559.00 379.49 0.0043012
bed 0 0 -10 523.71 220.33 560.22 318.61 0.0041875
desk 0 0 -10 324.77 122.06 367.75 200.66 0.0041743
night_stand 0 0 -10 222.92 146.10 320.94 248.57 0.0041417
dresser 0 0 -10 549.22 115.21 560.81 315.95 0.0040804
