chair 0 0 -10 3.40 271.52 104.63 425.24 0.9793010
bed 0 0 -10 276.47 104.45 558.61 427.00 0.9639186
bookshelf 0 0 -10 128.04 0.00 252.99 287.23 0.7676098
bookshelf 0 0 -10 135.80 0.89 242.66 157.05 0.2239030
table 0 0 -10 225.50 127.28 469.94 387.58 0.2099670
chair 0 0 -10 221.73 135.23 443.48 410.46 0.1014224
desk 0 0 -10 203.12 124.02 520.41 420.62 0.0818220
table 0 0 -10 316.91 104.13 479.25 211.06 0.0749951
bed 0 0 -10 275.93 99.59 544.80 265.97 0.0706341
dresser 0 0 -10 216.78 137.71 526.01 423.30 0.0627217
bed 0 0 -10 420.17 102.21 561.00 220.82 0.0606417
bookshelf 0 0 -10 108.05 2.74 314.12 390.86 0.0465832
sofa 0 0 -10 0.49 273.41 101.96 422.03 0.0450950
bookshelf 0 0 -10 160.29 8.12 511.17 402.07 0.0424509
bed 0 0 -10 112.37 8.90 527.86 419.96 0.0408632
bed 0 0 -10 323.22 250.32 557.71 423.85 0.0392741
table 0 0 -10 5.04 302.03 110.02 426.15 0.0365328
chair 0 0 -10 328.69 70.75 500.90 206.83 0.0296786
desk 0 0 -10 71.80 88.27 329.96 419.40 0.0289890
sofa 0 0 -10 237.81 98.37 561.00 421.71 0.0245534
table 0 0 -10 222.86 159.02 328.22 427.00 0.0207298
chair 0 0 -10 208.64 111.33 403.94 305.37 0.0176896
desk 0 0 -10 217.35 152.81 328.50 426.99 0.0153029
bed 0 0 -10 222.12 130.39 452.80 426.99 0.0151015
desk 0 0 -10 199.63 121.48 439.18 296.84 0.0143794
table 0 0 -10 314.25 263.58 553.72 427.00 0.0143643
chair 0 0 -10 282.07 95.86 512.86 312.07 0.0141952
desk 0 0 -10 3.97 296.82 109.09 427.00 0.0135354
dresser 0 0 -10 116.85 5.07 278.93 295.46 0.0122739
table 0 0 -10 225.06 133.46 421.25 263.62 0.0111589
dresser 0 0 -10 220.73 150.09 327.96 425.54 0.0111512
chair 0 0 -10 324.23 235.12 555.54 427.00 0.0095837
bed 0 0 -10 444.78 106.48 561.00 315.51 0.0090643
bookshelf 0 0 -10 225.63 121.61 464.92 381.90 0.0076374
chair 0 0 -10 236.16 88.35 469.55 242.40 0.0068552
desk 0 0 -10 111.88 0.00 279.16 297.49 0.0063908
chair 0 0 -10 3.99 212.67 210.55 426.67 0.0062114
bed 0 0 -10 313.91 81.30 502.12 207.12 0.0060028
table 0 0 -10 282.51 101.05 542.23 264.14 0.0056683
night_stand 0 0 -10 221.72 154.85 526.24 418.38 0.0056553
bookshelf 0 0 -10 171.10 35.09 238.89 126.32 0.0054669
table 0 0 -10 77.38 94.26 321.77 426.89 0.0053413
bookshelf 0 0 -10 87.54 3.40 508.71 230.78 0.0050479
sofa 0 0 -10 315.53 223.14 558.96 424.74 0.0050211
table 0 0 -10 0.39 303.48 45.22 427.00 0.0049167
bed 0 0 -10 395.79 33.45 561.00 241.91 0.0046951
dresser 0 0 -10 62.97 6.51 346.56 344.12 0.0044314
bed 0 0 -10 1.33 270.20 98.88 423.93 0.0043687
desk 0 0 -10 152.68 126.67 319.31 378.29 0.0042331
bookshelf 0 0 -10 22.88 0.00 252.29 369.17 0.0038832
dresser 0 0 -10 161.28 100.40 370.99 423.56 0.0037196
bookshelf 0 0 -10 173.14 3.50 341.19 204.12 0.0036754
dresser 0 0 -10 129.44 5.57 248.33 159.43 0.0033561
chair 0 0 -10 182.53 152.70 342.14 427.00 0.0031311
desk 0 0 -10 307.57 97.72 494.30 199.23 0.0031084
dresser 0 0 -10 127.07 9.21 523.35 262.58 0.0030835
table 0 0 -10 184.95 117.01 373.10 300.37 0.0030432
table 0 0 -10 146.80 65.26 524.78 416.76 0.0029839
chair 0 0 -10 0.32 269.16 87.16 357.89 0.0029667
chair 0 0 -10 0.00 115.83 130.27 414.65 0.0028854
bed 0 0 -10 358.11 127.75 561.00 337.67 0.0028218
bookshelf 0 0 -10 163.54 74.39 367.06 424.07 0.0027950
table 0 0 -10 419.83 108.28 556.92 212.26 0.0027790
table 0 0 -10 294.42 98.35 561.00 403.59 0.0026244
table 0 0 -10 224.04 149.90 325.01 255.21 0.0026109
bathtub 0 0 -10 217.82 145.41 513.25 418.85 0.0025894
dresser 0 0 -10 239.15 118.49 429.28 375.97 0.0025219
table 0 0 -10 168.51 167.67 302.90 426.53 0.0025175
chair 0 0 -10 261.83 102.76 413.29 188.49 0.0024276
chair 0 0 -10 223.40 136.74 400.87 241.83 0.0021773
desk 0 0 -10 309.78 260.69 558.55 427.00 0.0021116
table 0 0 -10 0.00 315.21 25.29 425.17 0.0020467
dresser 0 0 -10 105.80 143.62 309.34 419.40 0.0019447
dresser 0 0 -10 312.77 230.05 557.89 427.00 0.0018713
bed 0 0 -10 542.35 0.00 560.96 117.45 0.0018385
table 0 0 -10 0.00 255.96 97.68 398.17 0.0017797
sofa 0 0 -10 317.89 107.61 556.83 288.33 0.0017769
bookshelf 0 0 -10 178.74 117.63 247.59 279.20 0.0017649
desk 0 0 -10 183.00 151.30 242.90 285.57 0.0017295
table 0 0 -10 188.62 89.72 500.17 222.69 0.0017247
desk 0 0 -10 226.81 101.29 485.72 244.52 0.0017104
night_stand 0 0 -10 236.32 123.68 432.12 372.22 0.0016677
chair 0 0 -10 31.36 340.41 396.63 424.84 0.0016646
chair 0 0 -10 389.70 67.00 510.79 180.10 0.0016442
table 0 0 -10 260.09 125.34 461.29 224.36 0.0016169
table 0 0 -10 115.81 9.85 270.75 299.19 0.0015876
toilet 0 0 -10 220.61 127.48 457.71 386.18 0.0015656
chair 0 0 -10 169.68 44.70 515.47 405.33 0.0015092
chair 0 0 -10 2.07 277.25 53.72 424.42 0.0015042
chair 0 0 -10 3.74 321.14 224.77 427.00 0.0014536
table 0 0 -10 347.77 77.90 519.43 186.56 0.0014343
sofa 0 0 -10 236.05 125.04 436.95 376.14 0.0014342
bathtub 0 0 -10 312.70 75.24 503.05 203.78 0.0013900
sofa 0 0 -10 425.92 100.90 561.00 217.25 0.0013771
dresser 0 0 -10 269.11 101.54 510.01 320.01 0.0013077
desk 0 0 -10 104.52 5.83 248.70 192.37 0.0012170
chair 0 0 -10 294.69 37.57 549.49 227.78 0.0011884
desk 0 0 -10 112.42 12.94 528.83 270.53 0.0011858
table 0 0 -10 125.25 17.90 517.08 273.22 0.0011743
table 0 0 -10 0.41 201.59 132.74 410.60 0.0010412
