bookshelf 0 0 -10 6.10 3.16 405.86 202.90 0.9642295
chair 0 0 -10 0.30 152.09 61.73 371.72 0.8844399
desk 0 0 -10 69.27 122.87 476.79 423.90 0.7570462
table 0 0 -10 76.51 125.74 474.56 427.00 0.3887897
bookshelf 0 0 -10 1.72 1.86 181.00 202.29 0.3726238
table 0 0 -10 5.77 144.70 97.18 217.78 0.1651387
bookshelf 0 0 -10 159.93 4.41 429.47 158.74 0.1482895
chair 0 0 -10 5.41 100.43 99.67 221.46 0.0751039
chair 0 0 -10 2.54 165.70 42.67 331.60 0.0625207
chair 0 0 -10 0.00 164.03 191.20 334.99 0.0547784
bookshelf 0 0 -10 5.21 33.17 99.13 202.68 0.0404552
table 0 0 -10 5.99 139.21 91.52 358.83 0.0376179
desk 0 0 -10 0.00 14.86 434.40 191.78 0.0359668
desk 0 0 -10 0.66 105.98 243.76 364.60 0.0324703
desk 0 0 -10 0.00 58.29 320.28 257.29 0.0306177
chair 0 0 -10 84.79 180.14 383.70 424.49 0.0296262
dresser 0 0 -10 497.80 28.65 560.37 279.19 0.0279936
chair 0 0 -10 185.70 77.66 398.26 265.09 0.0267522
chair 0 0 -10 2.45 127.84 98.50 312.24 0.0265506
bookshelf 0 0 -10 128.90 0.68 445.80 275.28 0.0249951
desk 0 0 -10 7.53 139.45 89.35 368.82 0.0248913
chair 0 0 -10 61.15 86.51 222.72 284.52 0.0243169
bookshelf 0 0 -10 297.35 0.11 410.06 150.35 0.0234344
bookshelf 0 0 -10 499.52 9.68 559.08 280.75 0.0230194
bookshelf 0 0 -10 40.60 46.20 223.91 221.03 0.0201412
table 0 0 -10 0.00 157.43 63.22 309.65 0.0193447
chair 0 0 -10 2.59 72.00 50.46 278.85 0.0182079
chair 0 0 -10 6.34 27.60 269.37 259.96 0.0160408
desk 0 0 -10 9.82 137.17 106.57 233.89 0.0143853
chair 0 0 -10 24.47 97.77 256.12 399.34 0.0136574
table 0 0 -10 57.11 196.08 228.75 389.69 0.0131374
chair 0 0 -10 59.03 187.01 214.74 364.79 0.0127153
chair 0 0 -10 159.48 108.29 500.72 416.42 0.0112889
chair 0 0 -10 1.81 20.10 143.74 220.93 0.0111824
bookshelf 0 0 -10 112.10 3.76 293.31 196.08 0.0111152
desk 0 0 -10 103.86 116.59 422.55 293.44 0.0110415
desk 0 0 -10 98.36 113.55 262.66 234.42 0.0108196
bookshelf 0 0 -10 58.20 4.48 150.89 196.12 0.0108163
desk 0 0 -10 5.23 157.51 50.04 373.85 0.0105961
chair 0 0 -10 2.02 193.68 79.17 319.83 0.0104778
bookshelf 0 0 -10 79.47 51.50 488.78 423.61 0.0093241
table 0 0 -10 3.86 157.07 151.48 382.73 0.0088590
desk 0 0 -10 20.12 96.02 212.13 225.56 0.0085984
bookshelf 0 0 -10 4.69 17.43 109.42 329.34 0.0084780
chair 0 0 -10 7.60 170.08 118.35 392.97 0.0078320
desk 0 0 -10 496.27 52.74 559.93 278.55 0.0075927
sofa 0 0 -10 0.00 32.82 302.82 243.24 0.0075046
table 0 0 -10 0.00 206.58 32.38 397.38 0.0075040
table 0 0 -10 106.42 111.66 423.82 243.75 0.0074091
desk 0 0 -10 3.23 76.45 134.60 229.86 0.0074023
table 0 0 -10 6.93 19.33 420.96 197.61 0.0071836
table 0 0 -10 0.11 188.36 59.54 393.84 0.0069448
table 0 0 -10 3.30 113.86 248.09 364.24 0.0068958
desk 0 0 -10 58.95 197.51 224.77 396.47 0.0067352
chair 0 0 -10 1.81 139.99 19.13 371.80 0.0067111
dresser 0 0 -10 77.32 129.75 482.21 427.00 0.0062684
sofa 0 0 -10 9.74 9.96 425.30 176.88 0.0056862
table 0 0 -10 85.21 105.11 246.56 242.04 0.0051568
table 0 0 -10 7.30 123.20 144.47 252.32 0.0050982
dresser 0 0 -10 7.73 29.63 247.53 210.38 0.0050978
chair 0 0 -10 488.15 39.44 560.31 283.90 0.0049976
desk 0 0 -10 2.81 151.73 150.24 393.07 0.0047951
table 0 0 -10 0.18 67.74 319.73 262.84 0.0045477
bookshelf 0 0 -10 0.43 11.83 36.19 229.73 0.0045379
bed 0 0 -10 73.81 101.74 497.18 425.21 0.0045198
dresser 0 0 -10 5.75 6.47 436.23 194.35 0.0045076
chair 0 0 -10 40.64 119.36 125.88 228.44 0.0044740
bookshelf 0 0 -10 0.91 44.92 225.86 358.16 0.0044649
chair 0 0 -10 24.27 70.44 199.30 230.41 0.0042854
chair 0 0 -10 115.29 64.73 263.19 247.35 0.0041573
chair 0 0 -10 299.94 102.91 490.56 323.88 0.0040795
table 0 0 -10 493.05 51.54 558.28 279.62 0.0040438
chair 0 0 -10 79.62 192.42 226.63 281.06 0.0040366
sofa 0 0 -10 0.09 151.37 50.11 337.52 0.0039783
chair 0 0 -10 31.14 246.32 195.85 414.03 0.0039247
chair 0 0 -10 51.95 247.92 307.89 422.95 0.0039227
chair 0 0 -10 123.68 27.31 408.02 225.55 0.0038511
chair 0 0 -10 10.61 85.16 159.71 301.12 0.0037377
chair 0 0 -10 69.25 91.44 158.60 224.56 0.0036145
bookshelf 0 0 -10 266.11 0.00 434.46 209.32 0.0033507
bookshelf 0 0 -10 166.50 52.03 375.54 217.74 0.0032462
table 0 0 -10 21.34 98.03 212.28 226.36 0.0031121
desk 0 0 -10 0.60 103.14 67.64 322.02 0.0030849
desk 0 0 -10 240.88 186.10 474.78 400.94 0.0029810
chair 0 0 -10 228.87 167.07 417.20 414.78 0.0029629
chair 0 0 -10 3.16 196.51 30.83 380.24 0.0028449
desk 0 0 -10 37.91 123.08 145.89 235.11 0.0027949
night_stand 0 0 -10 70.55 141.50 439.25 427.00 0.0027618
table 0 0 -10 5.67 145.47 201.16 296.12 0.0026732
dresser 0 0 -10 7.19 50.54 127.78 223.09 0.0026488
chair 0 0 -10 1.70 238.52 55.02 337.38 0.0025971
chair 0 0 -10 229.50 93.71 350.32 243.02 0.0025793
desk 0 0 -10 0.05 200.54 31.87 394.25 0.0025739
chair 0 0 -10 2.00 159.70 49.21 231.73 0.0024698
table 0 0 -10 62.98 69.08 494.35 308.10 0.0024034
desk 0 0 -10 4.51 144.30 199.23 298.08 0.0023363
dresser 0 0 -10 21.37 48.51 421.90 358.08 0.0022817
table 0 0 -10 3.75 141.91 41.07 281.75 0.0022503
sofa 0 0 -10 48.13 124.00 424.58 427.00 0.0022041
chair 0 0 -10 73.18 169.16 213.64 254.56 0.0021679
