chair 0 0 -10 125.11 129.12 185.07 234.80 0.9119613
table 0 0 -10 109.18 127.52 219.18 224.48 0.7639177
chair 0 0 -10 97.40 121.01 145.32 232.12 0.7291979
chair 0 0 -10 410.63 54.65 561.00 420.95 0.5363621
chair 0 0 -10 193.68 94.13 260.18 220.73 0.4342271
desk 0 0 -10 111.04 124.11 216.49 231.52 0.1851012
chair 0 0 -10 149.27 115.14 188.55 218.05 0.1685238
chair 0 0 -10 125.82 128.66 141.07 228.78 0.1662640
table 0 0 -10 353.68 69.46 558.97 419.06 0.1142529
bookshelf 0 0 -10 269.06 0.59 380.91 92.08 0.1075333
chair 0 0 -10 110.38 137.70 164.83 226.15 0.0941909
chair 0 0 -10 95.16 121.48 131.41 191.42 0.0728955
desk 0 0 -10 140.45 111.71 256.31 227.76 0.0683824
bookshelf 0 0 -10 279.13 7.92 430.86 174.26 0.0543597
desk 0 0 -10 357.76 67.28 561.00 419.68 0.0539710
chair 0 0 -10 110.92 126.27 129.70 209.45 0.0515838
chair 0 0 -10 83.15 104.90 132.74 220.72 0.0458489
chair 0 0 -10 156.00 97.34 242.81 219.05 0.0425452
chair 0 0 -10 104.97 112.30 209.02 234.87 0.0396699
chair 0 0 -10 104.75 124.57 121.54 202.77 0.0376636
dresser 0 0 -10 411.58 76.71 560.69 423.31 0.0324908
chair 0 0 -10 516.91 0.45 561.00 59.06 0.0304037
chair 0 0 -10 529.81 87.69 561.00 424.51 0.0289114
chair 0 0 -10 117.40 128.45 134.57 220.14 0.0279106
table 0 0 -10 157.17 113.24 249.11 221.70 0.0262497
chair 0 0 -10 398.92 0.00 534.53 69.71 0.0259096
sofa 0 0 -10 314.30 97.10 371.33 240.06 0.0231675
table 0 0 -10 85.02 116.79 253.48 260.88 0.0225450
bookshelf 0 0 -10 372.78 26.22 553.75 416.23 0.0206152
table 0 0 -10 168.34 133.89 214.24 216.79 0.0195038
chair 0 0 -10 72.76 131.84 154.51 245.83 0.0190646
table 0 0 -10 113.50 150.27 188.84 237.53 0.0182211
desk 0 0 -10 122.22 148.20 188.04 234.92 0.0167503
table 0 0 -10 102.10 127.25 158.69 251.01 0.0118022
table 0 0 -10 531.34 103.89 560.56 427.00 0.0117792
bookshelf 0 0 -10 302.59 14.01 374.63 137.51 0.0116205
table 0 0 -10 323.76 91.74 368.66 128.85 0.0115927
sofa 0 0 -10 340.70 58.47 561.00 417.51 0.0105670
table 0 0 -10 453.97 79.43 555.82 427.00 0.0098536
bookshelf 0 0 -10 359.83 0.37 555.32 78.03 0.0094281
bookshelf 0 0 -10 244.99 0.63 479.53 83.31 0.0087662
chair 0 0 -10 298.99 114.70 430.56 330.20 0.0083692
chair 0 0 -10 196.91 126.84 231.91 218.11 0.0083221
chair 0 0 -10 479.35 117.44 559.82 419.45 0.0082376
table 0 0 -10 310.69 152.89 373.13 359.99 0.0078865
chair 0 0 -10 99.63 125.79 112.44 194.17 0.0077966
chair 0 0 -10 307.16 66.86 527.48 291.38 0.0077397
chair 0 0 -10 483.62 0.00 561.00 94.35 0.0070848
table 0 0 -10 130.78 137.72 209.72 203.26 0.0069950
chair 0 0 -10 123.29 136.03 179.12 191.67 0.0067725
table 0 0 -10 306.95 69.09 448.45 387.71 0.0065152
table 0 0 -10 104.65 132.13 139.04 233.16 0.0061410
dresser 0 0 -10 300.88 33.36 557.97 418.03 0.0059770
desk 0 0 -10 84.15 114.07 256.77 265.78 0.0059252
chair 0 0 -10 311.50 64.37 369.75 154.01 0.0057122
table 0 0 -10 67.49 103.61 295.04 213.02 0.0056308
chair 0 0 -10 101.83 134.51 116.21 208.50 0.0056159
chair 0 0 -10 150.40 134.96 218.25 218.76 0.0056028
table 0 0 -10 85.61 89.51 536.82 427.00 0.0055440
chair 0 0 -10 165.91 47.10 561.00 422.66 0.0055131
chair 0 0 -10 110.32 120.59 163.29 190.01 0.0054982
chair 0 0 -10 104.88 140.69 129.75 187.65 0.0054700
bookshelf 0 0 -10 319.42 7.29 543.50 117.51 0.0048867
table 0 0 -10 312.08 38.51 556.97 268.23 0.0048392
table 0 0 -10 147.80 118.92 192.03 217.81 0.0047717
desk 0 0 -10 312.22 38.00 561.00 268.28 0.0046240
chair 0 0 -10 520.38 0.21 561.00 127.26 0.0046131
bed 0 0 -10 409.24 57.74 561.00 427.00 0.0043904
table 0 0 -10 312.52 83.67 456.87 252.95 0.0042661
bookshelf 0 0 -10 306.98 43.94 428.28 233.62 0.0041660
bookshelf 0 0 -10 208.08 5.23 429.26 115.79 0.0040149
table 0 0 -10 353.87 88.02 400.73 364.89 0.0038923
bookshelf 0 0 -10 264.43 2.66 519.35 202.82 0.0038742
desk 0 0 -10 101.44 138.57 142.39 233.83 0.0037914
chair 0 0 -10 509.69 8.94 561.00 335.73 0.0037401
table 0 0 -10 320.27 93.02 369.23 173.73 0.0036836
table 0 0 -10 195.12 135.71 205.64 219.83 0.0036798
toilet 0 0 -10 413.08 59.29 559.91 427.00 0.0035948
sofa 0 0 -10 308.62 85.22 415.44 276.61 0.0035189
table 0 0 -10 97.92 120.71 271.63 186.90 0.0034144
table 0 0 -10 124.05 127.82 207.96 176.27 0.0033357
table 0 0 -10 399.26 0.51 532.13 69.17 0.0032635
bed 0 0 -10 317.34 111.79 373.63 250.81 0.0032498
desk 0 0 -10 235.42 8.84 510.91 121.83 0.0031518
table 0 0 -10 60.46 121.71 282.72 331.35 0.0031286
desk 0 0 -10 130.51 137.39 208.09 204.04 0.0030494
desk 0 0 -10 148.67 117.09 190.93 220.07 0.0030331
bathtub 0 0 -10 415.36 63.92 561.00 426.73 0.0029516
desk 0 0 -10 77.73 83.22 553.50 427.00 0.0028709
bookshelf 0 0 -10 411.94 2.68 529.95 62.43 0.0028323
chair 0 0 -10 202.24 123.14 218.70 197.11 0.0027999
desk 0 0 -10 308.32 61.05 447.71 389.14 0.0027698
table 0 0 -10 508.60 1.17 560.83 75.10 0.0026951
sofa 0 0 -10 483.54 2.95 558.01 92.64 0.0026735
sofa 0 0 -10 402.32 1.57 530.62 67.18 0.0026668
chair 0 0 -10 314.96 111.21 375.77 266.34 0.0026309
chair 0 0 -10 200.72 101.79 239.34 202.39 0.0025998
dresser 0 0 -10 278.04 11.59 436.23 171.92 0.0025938
desk 0 0 -10 452.48 79.66 558.16 427.00 0.0025901
table 0 0 -10 7.33 84.66 194.87 427.00 0.0025603
