bookshelf 0 0 -10 274.65 3.78 468.45 212.18 0.6726670
dresser 0 0 -10 243.48 208.97 561.00 427.00 0.2738768
desk 0 0 -10 243.37 208.16 559.22 427.00 0.1797220
bookshelf 0 0 -10 240.54 97.24 561.00 426.64 0.1757811
bookshelf 0 0 -10 220.95 3.66 540.00 330.35 0.0562549
table 0 0 -10 250.84 222.55 546.87 425.69 0.0145124
bathtub 0 0 -10 205.90 213.90 561.00 423.01 0.0116261
dresser 0 0 -10 273.29 16.25 482.34 209.84 0.0078460
bathtub 0 0 -10 110.11 311.62 209.42 416.28 0.0058515
bathtub 0 0 -10 65.34 290.52 264.02 418.89 0.0045705
bookshelf 0 0 -10 19.63 0.00 521.04 423.38 0.0044653
dresser 0 0 -10 217.58 12.93 554.08 314.67 0.0040185
toilet 0 0 -10 218.15 206.71 545.90 427.00 0.0034863
bookshelf 0 0 -10 361.09 0.00 459.70 206.85 0.0029305
bookshelf 0 0 -10 286.35 0.00 355.66 204.48 0.0027111
bathtub 0 0 -10 84.06 313.17 251.90 387.03 0.0027068
desk 0 0 -10 188.56 70.66 561.00 410.35 0.0026884
table 0 0 -10 278.25 9.74 460.20 213.99 0.0020964
bookshelf 0 0 -10 64.21 3.18 506.89 235.56 0.0019749
table 0 0 -10 452.83 273.06 558.95 388.85 0.0018505
chair 0 0 -10 434.34 255.91 556.35 409.62 0.0017733
bathtub 0 0 -10 20.27 316.47 377.03 425.38 0.0017672
night_stand 0 0 -10 255.24 208.06 557.60 423.67 0.0016663
chair 0 0 -10 287.72 206.97 547.28 419.93 0.0015912
bed 0 0 -10 242.19 185.06 561.00 427.00 0.0015293
desk 0 0 -10 227.19 2.09 503.69 206.89 0.0015089
bed 0 0 -10 5.23 399.84 281.58 425.62 0.0014324
bathtub 0 0 -10 273.84 319.95 552.70 425.65 0.0014002
desk 0 0 -10 454.03 271.29 560.24 392.62 0.0012270
bed 0 0 -10 276.94 0.72 460.89 229.45 0.0012095
dresser 0 0 -10 69.40 190.17 475.62 423.64 0.0011842
dresser 0 0 -10 50.95 315.17 308.72 422.31 0.0011370
sofa 0 0 -10 289.62 12.62 458.80 213.27 0.0010382
bookshelf 0 0 -10 193.56 6.95 411.32 217.30 0.0010152
dresser 0 0 -10 13.10 9.33 531.89 418.01 0.0009294
bathtub 0 0 -10 127.85 348.82 458.30 427.00 0.0008842
sofa 0 0 -10 251.75 212.58 554.25 423.71 0.0008025
toilet 0 0 -10 45.95 304.77 219.36 425.14 0.0008011
table 0 0 -10 3.89 399.61 275.81 425.06 0.0007831
chair 0 0 -10 17.75 320.56 368.11 427.00 0.0007804
bathtub 0 0 -10 36.85 225.80 360.61 421.27 0.0007577
bathtub 0 0 -10 175.84 303.09 243.48 420.19 0.0007463
dresser 0 0 -10 324.89 41.54 559.12 411.95 0.0007357
chair 0 0 -10 280.61 7.45 463.05 216.83 0.0006727
bathtub 0 0 -10 41.57 344.62 212.67 424.74 0.0006346
dresser 0 0 -10 266.61 289.50 451.21 420.83 0.0006159
bookshelf 0 0 -10 287.92 2.10 461.70 117.61 0.0005803
bookshelf 0 0 -10 306.47 87.73 456.32 207.90 0.0005656
table 0 0 -10 320.04 128.82 426.27 173.91 0.0005481
table 0 0 -10 152.39 9.23 523.18 207.81 0.0005477
bookshelf 0 0 -10 75.68 174.28 465.49 423.69 0.0005411
bathtub 0 0 -10 110.79 337.07 207.22 364.16 0.0005328
dresser 0 0 -10 446.28 141.82 560.88 403.79 0.0005093
toilet 0 0 -10 113.90 303.75 255.67 424.24 0.0004425
chair 0 0 -10 258.92 291.37 446.53 420.44 0.0004415
bathtub 0 0 -10 65.26 304.58 209.02 364.88 0.0004343
table 0 0 -10 196.44 94.24 561.00 415.32 0.0004287
chair 0 0 -10 430.16 134.54 561.00 368.98 0.0004187
table 0 0 -10 263.60 295.21 449.09 422.31 0.0004105
bathtub 0 0 -10 2.60 398.28 282.35 425.12 0.0004097
bathtub 0 0 -10 202.51 12.60 550.91 317.77 0.0004048
toilet 0 0 -10 10.39 317.98 362.05 427.00 0.0003919
bookshelf 0 0 -10 269.20 273.92 449.83 427.00 0.0003862
bathtub 0 0 -10 286.22 6.19 465.44 191.48 0.0003740
dresser 0 0 -10 451.16 273.06 561.00 410.83 0.0003713
desk 0 0 -10 258.96 290.42 458.53 424.96 0.0003495
table 0 0 -10 108.54 398.39 379.80 426.04 0.0003427
chair 0 0 -10 371.03 0.81 469.05 30.79 0.0003426
bathtub 0 0 -10 80.03 349.30 304.53 422.43 0.0003405
bathtub 0 0 -10 26.65 313.39 151.72 424.69 0.0003385
table 0 0 -10 96.83 381.25 303.48 425.64 0.0003383
table 0 0 -10 29.43 315.78 357.64 426.66 0.0003279
bed 0 0 -10 37.93 300.50 263.23 424.92 0.0003170
bookshelf 0 0 -10 283.00 201.05 511.18 427.00 0.0003095
table 0 0 -10 33.40 380.33 221.86 426.13 0.0003089
bed 0 0 -10 156.07 1.12 523.78 216.73 0.0002952
toilet 0 0 -10 39.63 192.85 451.68 427.00 0.0002848
dresser 0 0 -10 283.72 169.93 480.69 372.27 0.0002833
desk 0 0 -10 20.05 316.31 372.93 424.51 0.0002825
sofa 0 0 -10 9.45 399.04 278.18 425.30 0.0002708
bathtub 0 0 -10 13.29 32.78 529.30 400.63 0.0002691
toilet 0 0 -10 169.05 331.82 430.68 427.00 0.0002630
dresser 0 0 -10 61.76 7.40 508.81 228.77 0.0002611
dresser 0 0 -10 200.25 207.74 403.64 422.80 0.0002581
bathtub 0 0 -10 23.71 372.52 181.28 426.14 0.0002370
table 0 0 -10 3.82 294.25 68.36 426.90 0.0002328
toilet 0 0 -10 266.47 292.41 445.55 424.48 0.0002301
bathtub 0 0 -10 4.31 255.71 174.55 421.30 0.0002187
chair 0 0 -10 36.43 379.77 226.27 427.00 0.0002183
bathtub 0 0 -10 156.90 287.23 286.58 421.85 0.0002176
chair 0 0 -10 362.82 59.50 556.20 402.50 0.0002131
toilet 0 0 -10 175.18 300.14 241.95 425.80 0.0002033
chair 0 0 -10 26.56 238.57 333.59 421.71 0.0002028
toilet 0 0 -10 269.75 12.87 484.27 218.51 0.0002013
chair 0 0 -10 319.78 128.28 428.96 178.76 0.0001999
bookshelf 0 0 -10 444.15 15.83 561.00 404.63 0.0001998
chair 0 0 -10 158.67 330.13 414.68 427.00 0.0001882
table 0 0 -10 8.17 407.75 206.33 426.52 0.0001786
table 0 0 -10 373.67 2.53 462.33 30.62 0.0001759
bathtub 0 0 -10 372.57 280.76 559.12 423.37 0.0001722
