chair 0 0 -10 280.56 208.53 561.00 426.41 0.9849879
chair 0 0 -10 212.51 59.73 332.51 267.31 0.9514432
table 0 0 -10 150.10 147.24 355.70 312.86 0.4835845
desk 0 0 -10 147.87 146.30 410.98 323.19 0.4282879
desk 0 0 -10 136.04 139.07 521.04 398.63 0.2800223
chair 0 0 -10 217.20 54.09 332.85 168.80 0.2265208
table 0 0 -10 142.25 140.83 512.32 372.19 0.1817484
desk 0 0 -10 220.12 144.53 512.14 272.78 0.1794268
table 0 0 -10 324.28 145.05 517.83 286.66 0.1618534
chair 0 0 -10 309.62 149.57 523.93 360.82 0.1598372
chair 0 0 -10 479.36 227.86 559.58 427.00 0.1445866
desk 0 0 -10 314.11 161.22 524.51 409.65 0.1434544
table 0 0 -10 302.92 147.35 549.38 412.22 0.0670737
night_stand 0 0 -10 350.87 150.31 515.93 274.05 0.0606327
chair 0 0 -10 417.62 201.23 561.00 414.55 0.0560059
desk 0 0 -10 153.29 165.64 329.49 278.43 0.0470414
desk 0 0 -10 356.83 142.84 520.85 282.01 0.0352544
chair 0 0 -10 517.92 271.53 560.33 423.40 0.0342695
chair 0 0 -10 330.55 146.53 482.51 272.13 0.0294308
table 0 0 -10 132.48 169.03 268.65 343.70 0.0290200
dresser 0 0 -10 348.17 154.82 532.38 359.81 0.0229690
chair 0 0 -10 272.48 144.20 453.22 298.36 0.0211537
night_stand 0 0 -10 342.90 155.76 535.76 361.40 0.0210914
dresser 0 0 -10 339.57 145.60 514.19 272.77 0.0198724
table 0 0 -10 200.21 135.18 520.60 252.02 0.0195827
table 0 0 -10 148.34 198.80 318.62 299.12 0.0160085
table 0 0 -10 510.06 282.30 560.17 427.00 0.0159095
chair 0 0 -10 280.46 271.87 474.41 427.00 0.0149709
table 0 0 -10 362.42 203.40 547.49 331.42 0.0145393
table 0 0 -10 532.99 295.53 560.40 417.98 0.0082224
chair 0 0 -10 229.11 108.78 475.44 388.85 0.0076385
desk 0 0 -10 359.96 201.75 545.41 331.11 0.0075072
chair 0 0 -10 447.91 144.12 561.00 364.12 0.0074056
desk 0 0 -10 237.76 135.21 341.08 280.15 0.0069455
desk 0 0 -10 108.69 144.82 323.38 374.39 0.0069177
bookshelf 0 0 -10 323.18 154.09 522.78 404.04 0.0067937
table 0 0 -10 60.76 147.91 356.11 394.29 0.0055221
chair 0 0 -10 507.99 197.62 559.18 395.94 0.0054477
table 0 0 -10 368.28 134.50 514.63 223.48 0.0051063
sofa 0 0 -10 316.61 176.62 559.75 427.00 0.0042293
chair 0 0 -10 361.05 256.92 557.57 345.24 0.0039985
chair 0 0 -10 248.30 115.24 360.82 269.44 0.0036421
desk 0 0 -10 153.44 138.53 353.01 233.85 0.0036262
table 0 0 -10 38.81 204.52 272.21 383.99 0.0034695
desk 0 0 -10 324.09 149.46 456.89 267.45 0.0033714
table 0 0 -10 382.27 129.34 511.93 186.84 0.0033611
table 0 0 -10 358.95 266.19 556.23 346.78 0.0032965
bed 0 0 -10 313.09 148.18 528.34 416.41 0.0030593
table 0 0 -10 446.01 211.98 556.39 427.00 0.0030019
table 0 0 -10 215.00 141.61 369.42 272.62 0.0028146
chair 0 0 -10 318.45 131.62 427.71 243.25 0.0027241
chair 0 0 -10 159.42 90.18 306.45 273.32 0.0027171
table 0 0 -10 192.00 85.17 334.25 269.90 0.0026526
table 0 0 -10 396.25 130.47 537.38 302.49 0.0024263
chair 0 0 -10 291.92 86.54 469.35 255.34 0.0019569
chair 0 0 -10 534.11 194.31 560.99 400.31 0.0018549
toilet 0 0 -10 322.80 166.13 524.39 414.47 0.0018102
chair 0 0 -10 217.03 99.53 347.30 202.02 0.0016827
chair 0 0 -10 84.27 220.97 492.71 427.00 0.0015965
table 0 0 -10 444.18 129.59 507.27 176.48 0.0015234
sofa 0 0 -10 335.76 145.70 517.23 274.12 0.0015183
desk 0 0 -10 512.36 280.85 560.46 425.34 0.0015067
table 0 0 -10 470.26 143.89 523.07 213.16 0.0014316
bookshelf 0 0 -10 338.45 132.90 515.65 272.13 0.0013980
chair 0 0 -10 236.65 138.56 384.04 220.48 0.0013910
chair 0 0 -10 189.07 165.69 305.75 276.19 0.0013482
bathtub 0 0 -10 325.63 165.92 523.31 402.20 0.0012928
desk 0 0 -10 195.03 80.09 334.13 272.61 0.0012741
bed 0 0 -10 342.18 129.82 515.28 281.22 0.0012085
table 0 0 -10 336.93 140.28 448.28 269.68 0.0011177
table 0 0 -10 438.61 131.14 515.69 226.03 0.0010823
table 0 0 -10 160.40 112.78 347.85 212.67 0.0010663
bathtub 0 0 -10 246.30 145.41 512.62 270.62 0.0010497
desk 0 0 -10 140.54 119.46 509.87 221.65 0.0010173
dresser 0 0 -10 213.51 157.38 538.69 420.41 0.0009873
night_stand 0 0 -10 431.61 142.41 533.63 237.73 0.0009538
table 0 0 -10 173.78 137.14 295.56 289.93 0.0009361
chair 0 0 -10 387.09 71.56 472.28 182.13 0.0009143
night_stand 0 0 -10 199.63 150.93 509.16 290.29 0.0008835
desk 0 0 -10 105.57 68.82 355.70 301.47 0.0008655
chair 0 0 -10 371.93 123.77 523.41 257.11 0.0008526
table 0 0 -10 459.81 154.02 550.72 342.35 0.0008509
table 0 0 -10 452.77 125.69 491.18 200.83 0.0007929
desk 0 0 -10 257.56 136.91 394.10 256.80 0.0007741
chair 0 0 -10 472.36 108.79 559.80 297.18 0.0007704
desk 0 0 -10 358.60 266.18 557.53 345.53 0.0007402
night_stand 0 0 -10 482.68 153.61 524.79 222.21 0.0007248
chair 0 0 -10 201.35 165.89 379.41 382.76 0.0007085
dresser 0 0 -10 200.49 151.39 508.12 290.08 0.0006988
chair 0 0 -10 423.15 96.65 513.55 200.60 0.0006652
chair 0 0 -10 275.90 152.45 492.74 231.73 0.0006620
chair 0 0 -10 56.44 116.07 302.29 394.43 0.0006396
desk 0 0 -10 368.79 133.35 515.67 224.09 0.0006212
table 0 0 -10 235.12 147.44 513.77 214.61 0.0006076
table 0 0 -10 216.24 151.07 343.38 194.79 0.0006037
chair 0 0 -10 523.77 224.15 560.97 322.89 0.0005982
desk 0 0 -10 447.85 206.63 558.27 426.61 0.0005982
chair 0 0 -10 359.49 95.79 436.29 225.20 0.0005966
desk 0 0 -10 218.79 75.75 351.97 168.96 0.0005954
night_stand 0 0 -10 371.77 134.01 518.11 222.15 0.0005863
