desk 0 0 -10 103.29 134.97 517.10 427.00 0.7927952
toilet 0 0 -10 0.66 232.61 48.89 423.70 0.6612779
dresser 0 0 -10 73.56 135.31 535.15 427.00 0.4022803
table 0 0 -10 1.89 272.96 38.58 425.34 0.2044890
chair 0 0 -10 0.40 243.78 54.94 417.47 0.1050012
chair 0 0 -10 284.45 41.04 374.28 141.93 0.0635871
table 0 0 -10 103.06 132.44 516.88 427.00 0.0592328
dresser 0 0 -10 0.00 131.08 179.11 417.65 0.0408555
dresser 0 0 -10 285.81 173.94 516.50 424.93 0.0277720
chair 0 0 -10 277.53 52.43 384.65 216.18 0.0267900
bathtub 0 0 -10 2.05 209.36 70.64 410.29 0.0263774
bathtub 0 0 -10 1.43 246.12 39.83 415.15 0.0231980
sofa 0 0 -10 2.32 242.72 41.54 425.94 0.0230810
toilet 0 0 -10 8.53 189.42 74.37 427.00 0.0163580
chair 0 0 -10 200.08 115.67 267.01 217.42 0.0162168
bed 0 0 -10 1.67 244.84 41.08 427.00 0.0143845
desk 0 0 -10 0.00 109.01 208.76 419.23 0.0141396
toilet 0 0 -10 0.64 280.64 30.44 423.23 0.0140718
table 0 0 -10 0.36 213.37 56.34 425.77 0.0139348
desk 0 0 -10 286.25 71.73 376.78 133.86 0.0139046
chair 0 0 -10 0.00 246.63 257.10 427.00 0.0122673
chair 0 0 -10 137.97 171.92 477.78 427.00 0.0090540
chair 0 0 -10 288.80 72.09 361.07 127.51 0.0084717
chair 0 0 -10 168.47 109.03 244.31 216.01 0.0081365
bathtub 0 0 -10 1.97 113.85 184.77 414.21 0.0080092
bathtub 0 0 -10 114.69 155.50 502.12 419.48 0.0075132
bookshelf 0 0 -10 78.48 127.13 526.79 427.00 0.0072361
chair 0 0 -10 0.00 226.16 125.95 422.15 0.0065229
desk 0 0 -10 0.48 250.44 54.01 414.44 0.0064076
night_stand 0 0 -10 1.37 246.23 48.03 421.64 0.0063702
toilet 0 0 -10 0.00 282.70 85.39 409.68 0.0063659
table 0 0 -10 285.86 71.71 377.40 132.79 0.0063165
dresser 0 0 -10 3.33 253.88 51.19 423.22 0.0059124
table 0 0 -10 0.00 129.76 179.45 423.15 0.0051570
table 0 0 -10 0.01 300.80 2.19 420.14 0.0046006
chair 0 0 -10 214.87 117.62 320.87 222.64 0.0044041
chair 0 0 -10 257.20 96.59 347.97 219.25 0.0041430
chair 0 0 -10 186.73 95.75 364.28 233.17 0.0040571
bed 0 0 -10 107.38 126.28 518.67 427.00 0.0034909
bookshelf 0 0 -10 2.05 233.55 57.14 424.75 0.0034027
chair 0 0 -10 0.03 263.87 32.09 426.77 0.0032881
chair 0 0 -10 0.00 39.70 48.48 427.00 0.0031469
bathtub 0 0 -10 113.35 104.00 217.09 160.65 0.0029687
chair 0 0 -10 311.52 118.68 422.26 223.83 0.0028670
table 0 0 -10 0.08 185.18 24.34 427.00 0.0028343
bathtub 0 0 -10 3.90 102.82 210.34 187.63 0.0028164
dresser 0 0 -10 37.83 212.51 314.89 424.88 0.0025784
bed 0 0 -10 0.35 274.38 61.10 393.63 0.0021568
table 0 0 -10 2.64 303.76 6.77 416.95 0.0021391
table 0 0 -10 0.31 312.23 16.60 420.74 0.0021213
night_stand 0 0 -10 117.24 150.65 514.06 426.52 0.0020854
bookshelf 0 0 -10 278.49 22.62 364.85 130.94 0.0020806
table 0 0 -10 0.00 305.25 4.30 419.49 0.0020488
bathtub 0 0 -10 1.61 274.50 63.08 376.25 0.0020319
table 0 0 -10 0.00 268.72 121.48 427.00 0.0019778
chair 0 0 -10 143.43 91.12 280.41 216.59 0.0019197
toilet 0 0 -10 6.49 232.11 22.62 427.00 0.0017714
table 0 0 -10 2.61 289.41 63.35 406.35 0.0017690
desk 0 0 -10 0.00 274.29 33.05 427.00 0.0017492
table 0 0 -10 4.36 298.62 8.12 411.81 0.0017414
chair 0 0 -10 320.51 47.98 368.24 138.68 0.0017188
chair 0 0 -10 0.00 137.70 196.38 416.85 0.0016621
toilet 0 0 -10 73.50 114.66 474.80 427.00 0.0016407
table 0 0 -10 3.01 251.69 19.48 426.29 0.0016217
bathtub 0 0 -10 0.00 229.10 150.15 417.98 0.0015590
table 0 0 -10 2.25 329.60 28.54 426.85 0.0015526
chair 0 0 -10 256.71 91.38 303.61 141.83 0.0015276
table 0 0 -10 218.40 90.44 377.59 139.03 0.0015026
toilet 0 0 -10 0.00 125.81 174.55 427.00 0.0014659
chair 0 0 -10 211.57 124.68 258.63 190.48 0.0014579
desk 0 0 -10 220.29 90.32 376.38 138.52 0.0014566
chair 0 0 -10 154.47 78.70 212.46 166.25 0.0014543
chair 0 0 -10 241.35 83.21 360.94 142.05 0.0014446
bed 0 0 -10 0.86 224.94 72.59 426.80 0.0014215
desk 0 0 -10 45.22 200.91 358.60 427.00 0.0014188
chair 0 0 -10 238.07 9.33 407.98 230.60 0.0014139
bookshelf 0 0 -10 0.00 127.92 174.82 423.44 0.0014037
bathtub 0 0 -10 149.05 113.94 470.70 207.94 0.0013554
desk 0 0 -10 0.00 216.53 144.94 420.95 0.0013049
bathtub 0 0 -10 0.22 184.75 25.05 427.00 0.0011764
chair 0 0 -10 230.40 128.44 380.79 204.95 0.0011572
chair 0 0 -10 381.78 114.44 449.29 220.16 0.0011247
sofa 0 0 -10 114.63 161.56 516.16 427.00 0.0010910
bathtub 0 0 -10 148.80 100.27 213.52 193.26 0.0010767
sofa 0 0 -10 1.14 275.73 66.55 403.85 0.0010681
bathtub 0 0 -10 0.82 62.40 47.72 427.00 0.0010628
bathtub 0 0 -10 4.61 288.29 93.97 402.56 0.0010456
night_stand 0 0 -10 0.00 136.32 183.28 405.62 0.0010272
chair 0 0 -10 180.08 121.11 291.53 184.41 0.0009524
table 0 0 -10 299.28 62.70 361.13 117.89 0.0009133
dresser 0 0 -10 340.20 270.18 504.42 425.91 0.0009108
bathtub 0 0 -10 139.93 106.00 214.00 144.23 0.0009106
table 0 0 -10 171.38 132.26 505.97 219.91 0.0008723
chair 0 0 -10 238.44 19.43 364.90 140.42 0.0008371
bathtub 0 0 -10 4.03 318.57 267.77 423.87 0.0008336
bathtub 0 0 -10 451.24 146.44 518.16 211.69 0.0008055
chair 0 0 -10 277.68 120.25 487.40 213.75 0.0007795
dresser 0 0 -10 145.29 314.85 498.99 423.44 0.0007575
chair 0 0 -10 154.19 96.30 220.86 204.39 0.0007446
dresser 0 0 -10 443.67 156.80 544.73 419.57 0.0007302
