chair 0 0 -10 230.07 201.28 355.01 338.28 0.9887530
chair 0 0 -10 171.96 229.65 347.46 424.54 0.9864540
chair 0 0 -10 1.86 224.88 162.28 420.92 0.9854595
chair 0 0 -10 330.86 188.43 400.58 299.25 0.9419163
chair 0 0 -10 168.95 189.90 242.98 316.17 0.9170656
bookshelf 0 0 -10 398.00 35.93 545.14 216.91 0.8843518
sofa 0 0 -10 379.53 192.99 559.48 362.33 0.8278531
table 0 0 -10 467.93 230.07 561.00 383.42 0.8056892
bookshelf 0 0 -10 469.79 21.33 556.47 222.44 0.3866143
bookshelf 0 0 -10 407.40 46.85 482.17 210.00 0.2145281
sofa 0 0 -10 356.66 183.12 500.42 304.39 0.2057705
sofa 0 0 -10 330.35 186.98 443.41 284.16 0.2046431
desk 0 0 -10 477.77 229.10 560.98 388.34 0.1961759
chair 0 0 -10 277.13 190.11 390.66 323.41 0.1600164
chair 0 0 -10 0.59 229.58 44.42 379.27 0.1575263
chair 0 0 -10 379.89 202.42 555.26 369.41 0.1103918
chair 0 0 -10 223.23 198.20 330.41 287.76 0.0935142
bookshelf 0 0 -10 383.47 33.34 492.91 261.35 0.0860216
desk 0 0 -10 382.08 213.74 559.31 384.35 0.0716924
chair 0 0 -10 396.48 177.87 483.55 228.04 0.0710438
sofa 0 0 -10 342.35 178.67 471.31 227.99 0.0697561
bookshelf 0 0 -10 498.38 38.20 545.53 192.21 0.0675910
table 0 0 -10 381.51 217.89 561.00 382.99 0.0601240
chair 0 0 -10 236.70 201.71 317.63 236.24 0.0545769
chair 0 0 -10 0.86 209.37 86.01 370.27 0.0495379
bed 0 0 -10 396.62 199.79 560.74 374.32 0.0478720
chair 0 0 -10 333.33 190.30 403.78 236.24 0.0413832
sofa 0 0 -10 470.32 177.31 560.62 233.02 0.0398651
chair 0 0 -10 381.11 180.09 520.12 310.67 0.0374071
chair 0 0 -10 467.42 201.39 560.66 370.97 0.0340051
chair 0 0 -10 338.24 176.70 457.94 296.06 0.0339379
table 0 0 -10 133.13 227.38 338.07 370.57 0.0328184
sofa 0 0 -10 396.82 181.09 470.65 222.21 0.0299460
table 0 0 -10 131.08 227.63 230.93 331.57 0.0297696
night_stand 0 0 -10 476.63 228.92 561.00 388.34 0.0279771
chair 0 0 -10 164.65 218.09 221.81 295.91 0.0239902
chair 0 0 -10 374.67 174.41 481.56 260.86 0.0231573
table 0 0 -10 215.72 224.11 351.30 330.51 0.0224444
table 0 0 -10 326.15 202.17 442.83 291.29 0.0220798
table 0 0 -10 488.84 198.72 561.00 296.09 0.0211350
chair 0 0 -10 488.95 39.72 560.16 264.90 0.0195855
bookshelf 0 0 -10 521.54 7.23 558.31 223.62 0.0195576
sofa 0 0 -10 333.18 190.51 405.78 246.78 0.0166927
sofa 0 0 -10 383.45 179.99 515.61 253.15 0.0163973
desk 0 0 -10 133.15 225.45 230.12 331.35 0.0150978
table 0 0 -10 170.00 218.59 309.07 332.60 0.0149509
table 0 0 -10 0.11 241.76 189.95 414.34 0.0144641
chair 0 0 -10 469.03 172.28 561.00 239.70 0.0137862
sofa 0 0 -10 416.73 158.60 555.73 296.73 0.0137859
chair 0 0 -10 178.06 202.63 318.05 332.94 0.0137614
chair 0 0 -10 143.48 192.23 284.64 307.68 0.0135424
table 0 0 -10 465.36 184.00 553.72 236.10 0.0122768
chair 0 0 -10 136.85 207.70 218.40 324.64 0.0122700
chair 0 0 -10 445.67 177.82 543.86 312.88 0.0119580
desk 0 0 -10 137.54 225.57 340.14 374.84 0.0106396
chair 0 0 -10 332.63 176.35 414.25 257.39 0.0101900
bookshelf 0 0 -10 384.38 86.21 556.36 345.64 0.0101371
bookshelf 0 0 -10 392.49 36.52 450.37 202.61 0.0098483
table 0 0 -10 331.37 186.74 411.86 270.40 0.0097453
table 0 0 -10 221.91 212.17 459.04 346.64 0.0094548
table 0 0 -10 509.31 213.35 561.00 344.58 0.0092764
table 0 0 -10 544.16 220.05 560.95 379.17 0.0090755
chair 0 0 -10 479.37 162.89 561.00 305.28 0.0089802
chair 0 0 -10 294.90 209.17 363.93 357.93 0.0089707
table 0 0 -10 171.35 222.71 490.19 408.73 0.0077568
sofa 0 0 -10 458.90 215.08 561.00 379.04 0.0076640
chair 0 0 -10 93.79 186.44 227.51 346.22 0.0061807
chair 0 0 -10 125.44 203.83 176.67 314.32 0.0060913
sofa 0 0 -10 2.76 218.24 155.29 414.04 0.0057270
dresser 0 0 -10 379.18 211.07 561.00 382.06 0.0052476
desk 0 0 -10 333.71 187.37 421.16 278.48 0.0049917
table 0 0 -10 341.82 186.62 409.95 219.89 0.0047758
night_stand 0 0 -10 386.55 215.45 561.00 385.43 0.0047001
dresser 0 0 -10 481.06 43.80 556.58 223.78 0.0046287
dresser 0 0 -10 394.27 43.72 561.00 240.02 0.0043477
sofa 0 0 -10 242.06 183.56 450.39 298.31 0.0042730
bookshelf 0 0 -10 288.47 40.92 520.76 214.26 0.0042101
chair 0 0 -10 468.32 110.42 559.98 233.74 0.0041639
chair 0 0 -10 320.99 225.13 358.40 331.39 0.0041224
chair 0 0 -10 0.66 234.75 18.72 381.13 0.0041111
table 0 0 -10 0.96 224.97 113.38 351.84 0.0040099
desk 0 0 -10 233.81 217.81 352.50 355.43 0.0040034
bookshelf 0 0 -10 151.38 197.92 232.65 317.63 0.0039735
chair 0 0 -10 386.73 41.73 508.93 216.26 0.0037262
table 0 0 -10 507.14 221.16 561.00 284.65 0.0036942
table 0 0 -10 403.86 183.49 470.58 218.14 0.0036554
chair 0 0 -10 405.80 184.49 467.11 216.71 0.0035037
sofa 0 0 -10 164.85 195.25 311.73 322.40 0.0034772
table 0 0 -10 346.37 195.29 491.94 307.03 0.0034509
sofa 0 0 -10 161.00 196.33 237.61 314.71 0.0034368
sofa 0 0 -10 490.91 42.30 559.33 256.54 0.0034092
bed 0 0 -10 477.15 220.77 561.00 388.29 0.0030741
chair 0 0 -10 420.58 119.39 558.51 351.23 0.0030637
bookshelf 0 0 -10 544.07 19.18 559.25 217.35 0.0029242
table 0 0 -10 172.51 214.00 234.72 293.53 0.0028914
bookshelf 0 0 -10 382.57 205.25 561.00 381.09 0.0028877
chair 0 0 -10 237.54 162.92 313.61 236.72 0.0028325
desk 0 0 -10 169.15 212.69 503.01 421.62 0.0028130
bookshelf 0 0 -10 417.53 109.56 478.47 181.66 0.0028093
chair 0 0 -10 410.17 63.42 531.60 262.12 0.0027608
