bathtub 0 0 -10 151.60 277.80 560.15 427.00 0.9373251
toilet 0 0 -10 167.58 267.50 550.09 426.37 0.0226893
bathtub 0 0 -10 96.96 316.63 326.11 425.45 0.0205903
bathtub 0 0 -10 132.90 74.18 561.00 410.15 0.0089421
table 0 0 -10 186.03 267.84 561.00 427.00 0.0072366
bathtub 0 0 -10 195.98 195.39 529.44 324.02 0.0059186
toilet 0 0 -10 95.34 312.87 306.21 427.00 0.0057394
bathtub 0 0 -10 171.25 239.32 399.08 391.87 0.0054620
desk 0 0 -10 181.87 281.97 561.00 427.00 0.0039217
chair 0 0 -10 32.82 299.54 241.06 427.00 0.0037857
bathtub 0 0 -10 170.75 164.22 435.58 354.01 0.0026015
bathtub 0 0 -10 280.16 314.87 551.70 412.82 0.0025454
bathtub 0 0 -10 168.50 325.98 441.01 427.00 0.0019272
chair 0 0 -10 2.47 368.45 231.74 426.10 0.0019029
chair 0 0 -10 148.84 314.21 240.25 421.56 0.0015970
bathtub 0 0 -10 14.83 302.85 255.17 425.62 0.0013939
bathtub 0 0 -10 178.71 61.64 558.14 232.86 0.0012115
chair 0 0 -10 106.30 386.63 316.86 425.08 0.0011135
table 0 0 -10 153.63 338.79 258.68 426.03 0.0009771
table 0 0 -10 160.66 311.61 423.29 427.00 0.0009382
toilet 0 0 -10 134.80 328.62 243.44 426.32 0.0008899
bathtub 0 0 -10 360.95 274.00 561.00 425.84 0.0008226
chair 0 0 -10 166.64 263.35 527.85 425.40 0.0007352
bed 0 0 -10 201.43 270.84 561.00 427.00 0.0007000
chair 0 0 -10 137.56 354.03 290.41 427.00 0.0006169
bathtub 0 0 -10 526.05 263.59 561.00 421.14 0.0006126
bathtub 0 0 -10 138.96 313.86 228.13 420.72 0.0005756
toilet 0 0 -10 30.20 328.97 238.41 427.00 0.0005651
table 0 0 -10 52.98 305.61 254.94 427.00 0.0005610
chair 0 0 -10 126.47 272.85 265.67 421.76 0.0005412
dresser 0 0 -10 189.37 273.61 561.00 427.00 0.0004957
toilet 0 0 -10 141.29 51.57 526.84 423.02 0.0004856
bathtub 0 0 -10 215.49 270.67 359.61 395.66 0.0004837
toilet 0 0 -10 172.64 211.39 413.27 357.39 0.0004778
bathtub 0 0 -10 197.26 119.46 561.00 294.72 0.0004601
bathtub 0 0 -10 307.59 220.67 561.00 372.05 0.0004567
toilet 0 0 -10 158.00 313.42 396.50 427.00 0.0004363
table 0 0 -10 138.25 301.06 284.59 426.98 0.0004214
bathtub 0 0 -10 43.09 216.91 370.26 420.13 0.0003649
table 0 0 -10 175.75 282.87 258.81 373.02 0.0003542
chair 0 0 -10 125.93 300.34 212.95 425.76 0.0002938
toilet 0 0 -10 135.78 176.14 403.09 424.46 0.0002915
bathtub 0 0 -10 551.55 389.80 561.00 427.00 0.0002841
bathtub 0 0 -10 534.16 202.57 560.11 333.48 0.0002656
chair 0 0 -10 243.96 254.06 314.23 363.20 0.0002641
chair 0 0 -10 181.48 218.82 256.88 343.35 0.0002522
chair 0 0 -10 535.17 294.70 559.93 385.16 0.0002372
desk 0 0 -10 159.37 313.97 424.80 427.00 0.0002321
chair 0 0 -10 525.58 253.15 561.00 404.54 0.0002315
chair 0 0 -10 240.74 238.21 417.19 403.36 0.0002158
bathtub 0 0 -10 185.59 257.71 333.88 336.95 0.0002138
bathtub 0 0 -10 176.86 81.36 335.65 355.17 0.0002095
desk 0 0 -10 155.60 328.47 248.97 423.74 0.0002028
bathtub 0 0 -10 205.52 233.00 390.14 298.15 0.0001993
bathtub 0 0 -10 556.68 388.31 561.00 427.00 0.0001981
table 0 0 -10 163.45 273.11 354.87 407.30 0.0001929
bathtub 0 0 -10 177.94 287.16 336.12 354.70 0.0001926
table 0 0 -10 182.14 305.84 256.96 351.71 0.0001900
bathtub 0 0 -10 162.17 102.06 195.73 425.41 0.0001850
chair 0 0 -10 231.56 255.89 358.48 379.17 0.0001830
bathtub 0 0 -10 3.17 14.43 310.94 398.65 0.0001758
chair 0 0 -10 190.30 245.88 316.12 327.76 0.0001701
bed 0 0 -10 0.22 0.00 308.54 427.00 0.0001616
toilet 0 0 -10 526.46 266.66 561.00 418.51 0.0001597
toilet 0 0 -10 10.95 271.76 289.13 426.76 0.0001552
bathtub 0 0 -10 542.54 134.75 561.00 333.13 0.0001510
bathtub 0 0 -10 170.95 208.48 264.82 320.38 0.0001464
bathtub 0 0 -10 151.70 351.56 315.38 427.00 0.0001452
bathtub 0 0 -10 186.90 90.15 227.78 340.70 0.0001439
night_stand 0 0 -10 191.32 270.77 561.00 426.71 0.0001413
bathtub 0 0 -10 239.35 242.13 374.56 335.20 0.0001405
table 0 0 -10 123.23 375.00 272.54 426.74 0.0001398
bathtub 0 0 -10 168.18 365.08 543.36 427.00 0.0001329
chair 0 0 -10 215.87 276.67 254.80 338.84 0.0001309
chair 0 0 -10 132.23 160.50 406.63 416.68 0.0001256
chair 0 0 -10 263.78 263.84 293.19 329.07 0.0001252
bathtub 0 0 -10 183.85 193.97 235.06 352.25 0.0001243
chair 0 0 -10 170.78 205.18 299.58 372.55 0.0001233
chair 0 0 -10 0.00 32.27 291.73 427.00 0.0001230
bookshelf 0 0 -10 198.57 268.66 561.00 427.00 0.0001230
bed 0 0 -10 15.02 307.41 254.99 425.49 0.0001162
bathtub 0 0 -10 99.25 311.48 266.11 391.81 0.0001115
dresser 0 0 -10 114.94 314.69 312.27 427.00 0.0001099
bathtub 0 0 -10 557.65 358.11 561.00 427.00 0.0001093
bathtub 0 0 -10 508.36 324.74 561.00 427.00 0.0001086
chair 0 0 -10 34.86 195.04 331.31 425.39 0.0001059
desk 0 0 -10 159.46 171.57 561.00 409.15 0.0001036
table 0 0 -10 546.28 291.52 560.83 416.79 0.0001033
bathtub 0 0 -10 117.39 292.66 202.30 420.31 0.0001021
bathtub 0 0 -10 176.22 228.14 299.81 300.19 0.0000998
toilet 0 0 -10 230.30 253.60 412.42 424.39 0.0000959
bathtub 0 0 -10 127.43 225.84 267.18 416.69 0.0000938
bathtub 0 0 -10 170.07 156.54 207.04 417.24 0.0000924
chair 0 0 -10 152.53 317.17 377.60 424.65 0.0000913
bathtub 0 0 -10 534.55 318.68 561.00 412.90 0.0000906
bathtub 0 0 -10 544.52 366.16 561.00 427.00 0.0000900
bathtub 0 0 -10 139.83 96.20 285.05 405.74 0.0000892
bathtub 0 0 -10 480.61 286.81 561.00 425.89 0.0000882
table 0 0 -10 182.16 215.64 258.83 346.43 0.0000878
chair 0 0 -10 170.93 180.55 216.63 397.94 0.0000863
