chair 0 0 -10 1.15 8.06 309.53 426.58 0.9921563
desk 0 0 -10 285.01 86.49 559.67 422.94 0.8688011
desk 0 0 -10 0.00 46.14 229.35 331.08 0.6801668
table 0 0 -10 350.60 141.92 559.44 424.79 0.2715429
desk 0 0 -10 14.70 40.55 401.58 422.26 0.2593021
desk 0 0 -10 329.11 163.97 511.32 415.00 0.1405129
sofa 0 0 -10 8.35 72.22 273.74 427.00 0.1310532
desk 0 0 -10 258.51 68.55 553.26 270.69 0.1290836
desk 0 0 -10 307.58 80.60 560.97 196.42 0.1138667
table 0 0 -10 0.00 61.69 234.98 339.03 0.0955900
chair 0 0 -10 319.42 133.73 504.49 388.44 0.0893404
table 0 0 -10 164.06 57.38 547.44 426.61 0.0652888
table 0 0 -10 15.60 42.21 409.77 401.19 0.0640404
chair 0 0 -10 378.13 184.61 556.98 420.57 0.0423520
chair 0 0 -10 75.20 7.55 268.11 250.19 0.0321256
chair 0 0 -10 360.88 154.91 469.23 304.28 0.0235059
chair 0 0 -10 149.38 23.97 440.69 417.30 0.0226216
table 0 0 -10 274.74 73.55 546.96 281.59 0.0204639
chair 0 0 -10 464.27 3.11 561.00 234.07 0.0181520
chair 0 0 -10 7.05 51.29 202.66 358.28 0.0174482
dresser 0 0 -10 354.39 160.12 561.00 426.51 0.0166997
chair 0 0 -10 2.99 234.41 250.99 426.04 0.0165760
chair 0 0 -10 329.49 88.11 531.97 272.82 0.0163852
table 0 0 -10 295.77 83.19 561.00 196.24 0.0152715
desk 0 0 -10 301.35 81.96 540.24 137.89 0.0133900
table 0 0 -10 2.32 67.31 56.85 333.22 0.0123183
sofa 0 0 -10 5.25 225.67 206.36 422.13 0.0115884
table 0 0 -10 300.59 158.53 471.93 411.36 0.0108898
desk 0 0 -10 277.82 159.23 445.11 406.41 0.0108216
chair 0 0 -10 408.40 103.36 559.95 329.09 0.0107754
chair 0 0 -10 454.89 217.14 561.00 345.83 0.0101059
desk 0 0 -10 414.98 116.36 561.00 410.92 0.0096642
chair 0 0 -10 330.81 127.50 439.09 305.04 0.0092947
chair 0 0 -10 471.86 136.40 561.00 411.92 0.0082288
desk 0 0 -10 371.69 230.48 559.23 425.41 0.0072442
chair 0 0 -10 3.21 107.74 144.42 427.00 0.0069215
desk 0 0 -10 195.14 45.26 543.03 189.61 0.0063455
dresser 0 0 -10 3.73 23.45 258.29 412.85 0.0063387
chair 0 0 -10 252.08 108.62 453.41 417.53 0.0056191
sofa 0 0 -10 358.34 156.61 560.34 420.12 0.0052311
table 0 0 -10 385.67 241.39 544.25 425.74 0.0051904
table 0 0 -10 292.84 81.71 547.89 139.40 0.0050158
chair 0 0 -10 198.92 10.80 395.59 286.73 0.0048690
chair 0 0 -10 363.21 118.28 496.77 254.78 0.0048367
sofa 0 0 -10 12.05 4.80 235.88 48.49 0.0046660
bed 0 0 -10 352.25 141.71 561.00 427.00 0.0043687
chair 0 0 -10 395.83 285.20 555.94 415.32 0.0041994
chair 0 0 -10 4.23 313.50 207.03 427.00 0.0041986
desk 0 0 -10 1.70 65.72 47.60 355.11 0.0039789
chair 0 0 -10 2.06 94.88 68.80 322.50 0.0039421
table 0 0 -10 8.24 150.27 295.33 427.00 0.0036648
desk 0 0 -10 371.18 225.20 557.64 322.25 0.0036376
sofa 0 0 -10 70.34 95.92 540.96 426.61 0.0033752
bookshelf 0 0 -10 6.10 15.12 255.12 408.56 0.0033609
table 0 0 -10 4.45 76.76 143.22 419.64 0.0033082
desk 0 0 -10 366.47 166.47 498.88 316.26 0.0032962
bookshelf 0 0 -10 359.78 154.79 560.00 422.29 0.0032388
table 0 0 -10 4.36 4.90 235.32 48.87 0.0031472
table 0 0 -10 499.59 172.35 560.57 395.92 0.0029645
chair 0 0 -10 307.67 242.29 525.22 422.78 0.0029620
chair 0 0 -10 2.38 124.09 40.45 369.00 0.0026495
desk 0 0 -10 2.06 19.55 301.11 216.85 0.0024204
table 0 0 -10 376.95 188.67 561.00 347.06 0.0022852
bed 0 0 -10 1.53 7.39 261.20 423.38 0.0021563
toilet 0 0 -10 2.14 23.51 251.23 417.62 0.0021006
table 0 0 -10 5.60 253.69 193.91 427.00 0.0020905
chair 0 0 -10 401.42 68.66 512.51 244.82 0.0020634
desk 0 0 -10 1.41 68.62 142.82 413.70 0.0020328
desk 0 0 -10 214.58 26.43 466.81 337.18 0.0018913
chair 0 0 -10 511.65 162.72 561.00 418.44 0.0017859
table 0 0 -10 0.18 120.44 45.72 259.51 0.0017815
table 0 0 -10 365.54 166.55 503.24 317.60 0.0016364
desk 0 0 -10 414.66 75.25 557.27 178.21 0.0016185
night_stand 0 0 -10 372.74 139.65 561.00 414.57 0.0016042
chair 0 0 -10 263.29 326.07 557.25 426.64 0.0015156
chair 0 0 -10 272.37 34.48 450.92 312.33 0.0014983
chair 0 0 -10 392.74 227.16 554.89 312.71 0.0014765
night_stand 0 0 -10 1.34 32.57 261.07 410.72 0.0014431
desk 0 0 -10 500.97 170.51 561.00 394.62 0.0013690
chair 0 0 -10 338.05 93.26 467.89 208.79 0.0013684
table 0 0 -10 3.08 7.37 316.70 159.13 0.0013532
bathtub 0 0 -10 354.68 186.64 559.45 417.45 0.0013303
table 0 0 -10 530.94 173.49 560.42 420.72 0.0013289
chair 0 0 -10 468.40 66.89 561.00 180.85 0.0013108
desk 0 0 -10 403.97 24.07 558.17 237.83 0.0012517
chair 0 0 -10 365.87 100.40 444.36 234.54 0.0011549
desk 0 0 -10 0.00 117.95 45.69 261.22 0.0011381
table 0 0 -10 243.66 236.86 525.58 423.73 0.0011297
bathtub 0 0 -10 3.65 30.21 249.57 389.39 0.0011104
table 0 0 -10 391.51 261.98 551.53 359.17 0.0010889
desk 0 0 -10 7.97 44.59 217.83 146.72 0.0010887
table 0 0 -10 35.99 233.27 430.75 425.22 0.0010649
table 0 0 -10 16.00 34.63 215.29 233.65 0.0010467
sofa 0 0 -10 4.07 264.00 226.27 366.54 0.0010461
chair 0 0 -10 88.50 12.29 236.00 166.50 0.0009992
chair 0 0 -10 129.13 39.43 294.15 150.66 0.0009906
dresser 0 0 -10 523.37 192.60 559.94 413.39 0.0009887
bookshelf 0 0 -10 11.93 2.73 239.73 49.84 0.0009293
table 0 0 -10 5.07 44.46 214.79 146.94 0.0008748
desk 0 0 -10 241.24 238.11 531.82 423.45 0.0008698
