bathtub 0 0 -10 501.27 248.33 559.00 327.07 0.2867837
desk 0 0 -10 12.78 237.26 410.08 423.50 0.2365414
table 0 0 -10 11.66 235.45 408.88 422.55 0.1663669
table 0 0 -10 5.37 225.17 237.93 353.91 0.1538049
bed 0 0 -10 10.68 269.51 342.58 424.26 0.1516210
bathtub 0 0 -10 13.61 224.52 412.72 421.55 0.1125920
desk 0 0 -10 12.02 221.77 304.10 370.63 0.1045577
bed 0 0 -10 2.84 214.45 311.81 381.25 0.0809350
bathtub 0 0 -10 498.68 259.92 559.11 410.12 0.0696589
table 0 0 -10 495.87 247.78 561.00 335.37 0.0650177
dresser 0 0 -10 14.80 242.04 397.00 424.34 0.0477344
desk 0 0 -10 497.70 248.68 561.00 336.97 0.0449150
sofa 0 0 -10 2.19 222.65 228.89 348.08 0.0303966
table 0 0 -10 496.46 256.09 560.75 411.18 0.0271585
bathtub 0 0 -10 532.97 245.10 560.27 372.69 0.0258400
bathtub 0 0 -10 3.71 216.80 276.90 364.36 0.0203823
bathtub 0 0 -10 449.66 253.58 553.43 401.04 0.0195392
desk 0 0 -10 199.51 185.74 528.13 425.14 0.0193224
toilet 0 0 -10 502.12 246.21 556.52 328.69 0.0190418
chair 0 0 -10 3.79 216.80 223.29 374.16 0.0175238
bathtub 0 0 -10 473.52 259.08 561.00 354.32 0.0168994
bed 0 0 -10 0.00 197.41 214.13 344.78 0.0160023
toilet 0 0 -10 509.07 270.73 559.80 421.51 0.0157750
bathtub 0 0 -10 245.57 163.81 520.77 294.59 0.0155389
chair 0 0 -10 499.61 244.40 538.19 331.13 0.0130825
dresser 0 0 -10 6.18 218.19 261.25 367.89 0.0114538
night_stand 0 0 -10 17.87 263.63 399.40 425.39 0.0102567
desk 0 0 -10 474.96 239.68 558.51 417.37 0.0096738
bathtub 0 0 -10 239.07 175.71 553.38 414.80 0.0091779
toilet 0 0 -10 458.09 250.03 556.87 423.11 0.0080265
table 0 0 -10 70.49 209.82 294.20 368.61 0.0078975
bathtub 0 0 -10 532.91 263.92 561.00 325.94 0.0072466
bathtub 0 0 -10 546.40 256.84 558.99 343.38 0.0071533
table 0 0 -10 427.49 300.70 561.00 426.97 0.0071336
bathtub 0 0 -10 494.12 329.82 559.67 404.70 0.0071274
chair 0 0 -10 6.04 263.27 312.18 418.71 0.0070300
table 0 0 -10 320.29 227.40 502.78 427.00 0.0064822
sofa 0 0 -10 9.64 248.62 402.17 422.72 0.0062635
desk 0 0 -10 299.26 252.33 558.80 424.62 0.0062066
bathtub 0 0 -10 456.70 321.33 559.46 423.89 0.0061637
bookshelf 0 0 -10 8.56 214.20 293.93 378.38 0.0061443
toilet 0 0 -10 20.77 242.04 362.94 418.81 0.0058327
bathtub 0 0 -10 547.15 243.69 561.00 388.86 0.0057749
bathtub 0 0 -10 551.82 252.83 560.35 364.70 0.0057571
toilet 0 0 -10 532.71 254.48 560.88 394.20 0.0056467
table 0 0 -10 464.93 210.56 559.39 406.71 0.0053588
bookshelf 0 0 -10 6.09 237.54 400.00 425.59 0.0053247
chair 0 0 -10 0.17 184.59 37.14 369.03 0.0050110
table 0 0 -10 530.66 249.06 560.59 391.93 0.0047067
toilet 0 0 -10 524.09 258.55 560.24 331.41 0.0045409
chair 0 0 -10 209.89 218.94 278.52 356.96 0.0045108
chair 0 0 -10 42.89 180.28 120.87 262.33 0.0044164
chair 0 0 -10 506.15 274.31 560.85 420.19 0.0042435
chair 0 0 -10 121.57 270.06 398.38 422.00 0.0041281
chair 0 0 -10 163.04 207.47 253.43 303.34 0.0039837
bathtub 0 0 -10 407.88 203.95 561.00 410.59 0.0033081
chair 0 0 -10 146.64 195.51 302.70 331.52 0.0032847
chair 0 0 -10 299.44 262.36 556.30 420.27 0.0031475
bathtub 0 0 -10 496.02 259.27 538.51 322.34 0.0030390
bathtub 0 0 -10 557.33 252.14 561.00 361.92 0.0030143
bathtub 0 0 -10 503.69 253.27 509.58 326.02 0.0029203
chair 0 0 -10 511.63 243.48 559.96 339.51 0.0028483
dresser 0 0 -10 316.89 209.65 485.12 424.23 0.0028430
table 0 0 -10 546.12 243.79 560.89 386.64 0.0028200
bathtub 0 0 -10 505.19 249.74 542.19 359.48 0.0027405
bathtub 0 0 -10 361.27 160.61 546.81 338.32 0.0027168
chair 0 0 -10 235.75 215.46 302.74 378.29 0.0026520
desk 0 0 -10 137.00 220.24 365.25 387.45 0.0025707
table 0 0 -10 504.98 249.20 510.25 328.75 0.0025455
dresser 0 0 -10 499.44 248.37 560.18 317.27 0.0024628
desk 0 0 -10 13.71 216.21 233.98 317.01 0.0024313
chair 0 0 -10 491.81 218.49 560.36 396.58 0.0022331
chair 0 0 -10 454.18 255.22 556.76 422.44 0.0021931
table 0 0 -10 188.04 186.72 552.84 422.83 0.0021618
bathtub 0 0 -10 351.38 282.72 560.92 424.51 0.0021477
toilet 0 0 -10 444.94 244.28 552.46 340.07 0.0021339
bathtub 0 0 -10 0.00 124.43 535.26 362.54 0.0020932
toilet 0 0 -10 554.87 258.99 561.00 358.49 0.0020472
table 0 0 -10 444.17 242.46 558.70 344.97 0.0020171
desk 0 0 -10 405.09 210.73 561.00 411.06 0.0019904
table 0 0 -10 0.00 233.34 20.59 373.36 0.0018805
toilet 0 0 -10 549.74 255.43 560.36 338.19 0.0018536
bed 0 0 -10 498.10 245.44 561.00 336.09 0.0018368
chair 0 0 -10 63.33 209.26 197.51 328.17 0.0018087
toilet 0 0 -10 4.73 217.61 248.25 368.49 0.0017936
night_stand 0 0 -10 493.86 248.95 561.00 338.97 0.0017765
table 0 0 -10 502.99 325.31 559.05 416.02 0.0017733
table 0 0 -10 531.38 264.22 560.13 335.36 0.0017305
bathtub 0 0 -10 505.04 246.47 512.75 336.58 0.0016770
table 0 0 -10 549.59 255.64 560.18 341.37 0.0016731
toilet 0 0 -10 558.11 238.60 560.97 341.71 0.0016402
chair 0 0 -10 130.18 207.07 228.13 325.36 0.0015693
chair 0 0 -10 84.51 188.65 168.27 281.06 0.0015552
chair 0 0 -10 0.00 217.46 22.66 374.28 0.0015261
bed 0 0 -10 0.00 189.68 471.99 420.41 0.0014967
table 0 0 -10 554.73 258.43 560.99 359.22 0.0014786
chair 0 0 -10 179.38 219.92 239.44 266.67 0.0014459
night_stand 0 0 -10 12.49 222.86 292.67 376.68 0.0013252
chair 0 0 -10 532.59 251.33 560.80 390.80 0.0012786
bathtub 0 0 -10 265.49 148.36 424.30 364.85 0.0012722
