toilet 0 0 -10 307.41 154.88 396.47 322.22 0.9902028
bathtub 0 0 -10 509.74 207.23 561.00 388.14 0.7836723
chair 0 0 -10 0.00 296.95 200.57 423.32 0.3047650
bathtub 0 0 -10 460.44 206.82 561.00 398.26 0.1983925
bathtub 0 0 -10 4.62 175.28 281.30 421.88 0.0857951
bathtub 0 0 -10 375.99 200.14 561.00 418.43 0.0659553
bathtub 0 0 -10 534.96 200.99 561.00 373.83 0.0295005
chair 0 0 -10 3.16 141.54 191.02 419.99 0.0258081
toilet 0 0 -10 482.95 201.35 559.12 411.96 0.0246276
bathtub 0 0 -10 507.76 203.36 561.00 295.32 0.0233273
table 0 0 -10 0.00 233.95 206.89 412.22 0.0185610
toilet 0 0 -10 286.96 147.32 518.40 393.75 0.0165108
bathtub 0 0 -10 114.96 142.85 318.85 412.78 0.0159741
toilet 0 0 -10 316.59 146.97 442.18 349.97 0.0153173
bathtub 0 0 -10 49.46 153.85 383.91 324.24 0.0140003
sofa 0 0 -10 3.32 319.32 196.96 427.00 0.0118094
bathtub 0 0 -10 79.02 147.53 518.14 412.01 0.0113988
bathtub 0 0 -10 320.49 148.48 549.58 334.54 0.0110481
toilet 0 0 -10 385.26 191.21 556.90 422.42 0.0103309
table 0 0 -10 16.06 317.98 193.90 427.00 0.0101631
toilet 0 0 -10 1.28 220.75 210.27 424.12 0.0093429
dresser 0 0 -10 0.95 228.29 211.29 423.81 0.0091464
bathtub 0 0 -10 442.27 207.51 561.00 297.18 0.0089652
bathtub 0 0 -10 552.06 201.62 561.00 374.35 0.0069154
toilet 0 0 -10 214.89 151.18 397.06 332.02 0.0067485
bathtub 0 0 -10 129.76 225.03 265.76 392.94 0.0066162
bathtub 0 0 -10 545.91 181.95 561.00 354.82 0.0064345
desk 0 0 -10 2.43 204.58 192.17 423.33 0.0062456
bathtub 0 0 -10 15.34 241.89 199.74 408.43 0.0059255
bathtub 0 0 -10 310.60 158.54 434.80 322.61 0.0059121
chair 0 0 -10 303.13 149.44 396.65 329.25 0.0053039
bathtub 0 0 -10 17.92 57.89 402.18 366.36 0.0052501
dresser 0 0 -10 8.87 59.14 287.04 419.24 0.0049957
bathtub 0 0 -10 489.72 116.84 561.00 380.60 0.0045390
bed 0 0 -10 8.52 62.23 296.93 424.07 0.0044150
toilet 0 0 -10 7.07 136.84 370.81 426.33 0.0040018
bathtub 0 0 -10 512.46 278.04 561.00 335.52 0.0036108
dresser 0 0 -10 4.05 318.78 200.16 424.27 0.0035352
bed 0 0 -10 9.52 289.30 204.84 426.09 0.0034760
chair 0 0 -10 0.00 232.24 77.47 420.80 0.0033347
toilet 0 0 -10 323.77 163.47 529.17 308.98 0.0032724
table 0 0 -10 409.25 224.63 552.19 426.55 0.0030354
bathtub 0 0 -10 522.34 229.91 561.00 332.52 0.0029975
bathtub 0 0 -10 512.82 244.33 561.00 298.42 0.0027591
bathtub 0 0 -10 174.45 226.27 278.48 355.93 0.0026698
bathtub 0 0 -10 557.31 204.92 561.00 347.38 0.0024571
bathtub 0 0 -10 379.77 202.66 525.08 274.75 0.0024564
table 0 0 -10 501.59 189.84 560.73 408.79 0.0022584
chair 0 0 -10 66.37 240.36 245.35 423.28 0.0022441
bathtub 0 0 -10 472.17 249.66 561.00 344.75 0.0022394
sofa 0 0 -10 2.80 205.53 198.08 422.27 0.0021085
chair 0 0 -10 0.00 174.56 41.52 415.78 0.0020150
bathtub 0 0 -10 78.50 271.38 272.81 349.21 0.0019363
desk 0 0 -10 12.18 315.19 197.00 425.70 0.0018819
toilet 0 0 -10 438.26 204.59 559.35 342.89 0.0018106
night_stand 0 0 -10 8.82 287.58 202.79 421.62 0.0017927
bathtub 0 0 -10 558.47 237.99 561.00 366.34 0.0017336
table 0 0 -10 10.30 71.66 303.74 424.33 0.0016890
bathtub 0 0 -10 13.17 317.10 200.45 424.03 0.0015094
table 0 0 -10 0.57 267.81 28.86 427.00 0.0014617
bed 0 0 -10 3.72 155.14 191.30 425.42 0.0014575
bookshelf 0 0 -10 8.53 313.16 198.32 425.51 0.0013443
toilet 0 0 -10 161.14 131.18 480.36 427.00 0.0011781
chair 0 0 -10 409.78 197.56 561.00 416.86 0.0011719
toilet 0 0 -10 9.66 315.15 200.02 426.38 0.0011525
bathtub 0 0 -10 558.91 178.32 561.00 328.80 0.0011486
table 0 0 -10 3.44 180.10 127.14 427.00 0.0010784
bathtub 0 0 -10 418.30 287.04 556.43 421.62 0.0010533
bathtub 0 0 -10 505.21 202.82 535.58 304.60 0.0010258
bathtub 0 0 -10 433.21 135.92 560.93 307.66 0.0009890
desk 0 0 -10 12.91 116.70 265.86 427.00 0.0009775
bathtub 0 0 -10 522.06 203.06 561.00 264.08 0.0009651
toilet 0 0 -10 512.53 198.00 559.28 362.95 0.0009510
bed 0 0 -10 410.00 215.11 560.44 423.24 0.0008883
chair 0 0 -10 497.51 168.21 561.00 393.96 0.0008695
bathtub 0 0 -10 473.80 200.47 546.82 329.70 0.0008621
bathtub 0 0 -10 336.06 142.17 504.32 271.76 0.0008483
bathtub 0 0 -10 494.85 257.10 561.00 423.48 0.0008267
table 0 0 -10 86.50 240.60 245.29 427.00 0.0008115
toilet 0 0 -10 311.27 152.60 394.73 231.60 0.0008051
bathtub 0 0 -10 219.95 156.11 396.01 323.64 0.0007446
bathtub 0 0 -10 535.68 86.86 561.00 298.74 0.0007273
chair 0 0 -10 20.51 285.89 374.89 427.00 0.0007248
dresser 0 0 -10 485.71 204.63 560.88 408.78 0.0007123
bookshelf 0 0 -10 2.24 157.14 202.42 421.58 0.0006886
bathtub 0 0 -10 538.52 189.58 561.00 290.57 0.0006873
bathtub 0 0 -10 107.52 184.84 270.12 318.88 0.0006866
bathtub 0 0 -10 30.39 97.05 253.06 340.66 0.0006631
bathtub 0 0 -10 509.08 0.85 561.00 313.18 0.0006396
bathtub 0 0 -10 525.76 255.57 561.00 392.81 0.0006296
dresser 0 0 -10 415.96 208.31 560.83 422.35 0.0006068
table 0 0 -10 1.88 294.88 17.41 427.00 0.0006055
sofa 0 0 -10 11.63 67.72 294.57 407.80 0.0006024
table 0 0 -10 2.44 230.80 77.25 421.61 0.0006010
bathtub 0 0 -10 554.11 182.93 561.00 305.10 0.0005943
night_stand 0 0 -10 308.09 168.42 395.54 331.42 0.0005918
dresser 0 0 -10 308.42 165.07 393.58 328.38 0.0005901
toilet 0 0 -10 82.73 58.06 483.34 352.70 0.0005690
bathtub 0 0 -10 401.13 235.90 556.60 310.86 0.0005587
bookshelf 0 0 -10 16.47 30.20 278.80 409.36 0.0005533
