desk 0 0 -10 151.53 197.36 561.00 427.00 0.4266093
dresser 0 0 -10 138.05 186.37 561.00 427.00 0.1185255
bathtub 0 0 -10 137.00 198.25 560.19 425.49 0.1026616
table 0 0 -10 154.38 195.94 561.00 427.00 0.1010421
dresser 0 0 -10 0.76 156.80 183.12 427.00 0.0960772
desk 0 0 -10 0.09 160.25 182.02 427.00 0.0751408
chair 0 0 -10 244.46 142.91 385.20 294.02 0.0369009
chair 0 0 -10 275.78 150.69 349.12 292.25 0.0332304
chair 0 0 -10 314.57 158.69 399.33 299.40 0.0225570
table 0 0 -10 3.52 167.67 169.97 427.00 0.0205541
chair 0 0 -10 241.35 136.96 320.79 270.32 0.0133160
bathtub 0 0 -10 3.58 160.92 166.52 425.48 0.0119725
bathtub 0 0 -10 521.45 209.51 561.00 425.23 0.0094021
night_stand 0 0 -10 158.92 184.24 556.37 427.00 0.0053024
bed 0 0 -10 145.04 166.15 561.00 427.00 0.0050998
dresser 0 0 -10 54.82 151.75 397.89 427.00 0.0045636
chair 0 0 -10 213.23 131.29 299.33 262.25 0.0045151
bookshelf 0 0 -10 1.07 133.14 167.62 427.00 0.0028782
bathtub 0 0 -10 543.55 207.19 561.00 365.58 0.0027530
toilet 0 0 -10 146.14 167.61 538.41 427.00 0.0023971
chair 0 0 -10 313.13 146.03 467.82 315.27 0.0022363
chair 0 0 -10 134.74 196.16 384.60 427.00 0.0021119
night_stand 0 0 -10 1.31 160.42 191.27 426.03 0.0019547
chair 0 0 -10 0.00 169.94 198.24 424.85 0.0019473
chair 0 0 -10 63.41 186.15 288.67 427.00 0.0019205
bookshelf 0 0 -10 152.18 159.01 561.00 427.00 0.0017317
chair 0 0 -10 250.94 183.94 338.64 300.26 0.0017248
chair 0 0 -10 290.67 188.67 427.59 286.76 0.0014985
bathtub 0 0 -10 380.72 187.86 561.00 331.50 0.0014047
bathtub 0 0 -10 553.41 200.26 561.00 392.02 0.0013603
chair 0 0 -10 179.65 47.24 240.05 183.73 0.0012766
chair 0 0 -10 203.75 178.22 517.46 417.99 0.0011627
table 0 0 -10 197.05 178.87 396.21 263.67 0.0011319
bathtub 0 0 -10 108.50 71.96 561.00 348.69 0.0011046
chair 0 0 -10 177.47 122.57 338.00 269.20 0.0011028
bathtub 0 0 -10 548.18 195.37 561.00 312.58 0.0010381
bookshelf 0 0 -10 373.63 0.40 442.31 83.82 0.0010299
desk 0 0 -10 202.77 178.52 395.42 263.67 0.0010293
desk 0 0 -10 177.08 163.13 527.87 280.63 0.0009802
dresser 0 0 -10 4.11 16.75 162.46 309.76 0.0009775
table 0 0 -10 173.86 160.21 528.23 281.49 0.0009361
bathtub 0 0 -10 343.08 216.83 561.00 427.00 0.0008784
bathtub 0 0 -10 552.05 207.23 560.93 279.95 0.0008256
table 0 0 -10 106.46 82.21 559.15 369.56 0.0008184
bathtub 0 0 -10 537.88 247.98 561.00 399.57 0.0008143
chair 0 0 -10 266.62 169.98 416.78 258.33 0.0007982
chair 0 0 -10 234.58 155.06 351.18 233.82 0.0007813
dresser 0 0 -10 159.23 313.13 558.66 420.30 0.0007688
desk 0 0 -10 108.91 81.94 561.00 370.40 0.0007247
chair 0 0 -10 373.65 0.49 441.70 63.14 0.0007247
toilet 0 0 -10 0.00 148.39 159.45 426.55 0.0007223
chair 0 0 -10 38.70 376.74 240.71 427.00 0.0007165
desk 0 0 -10 141.24 176.53 407.50 308.97 0.0006720
chair 0 0 -10 358.96 145.06 437.78 309.21 0.0006694
bathtub 0 0 -10 179.91 166.54 549.45 300.47 0.0006682
bathtub 0 0 -10 556.20 201.99 561.00 286.05 0.0006576
table 0 0 -10 397.92 107.14 470.24 206.66 0.0006487
chair 0 0 -10 116.92 111.28 274.64 305.19 0.0006302
bathtub 0 0 -10 531.42 224.56 561.00 338.63 0.0005941
dresser 0 0 -10 68.23 7.61 543.46 393.21 0.0005885
bathtub 0 0 -10 557.81 218.34 561.00 321.33 0.0005441
table 0 0 -10 528.34 329.49 559.54 427.00 0.0005343
chair 0 0 -10 239.77 144.47 267.45 229.51 0.0005146
bed 0 0 -10 185.72 61.65 227.77 181.71 0.0005008
bathtub 0 0 -10 24.06 347.09 349.75 427.00 0.0004914
dresser 0 0 -10 186.80 64.84 227.15 176.82 0.0004780
bathtub 0 0 -10 8.12 301.42 203.63 426.40 0.0004747
sofa 0 0 -10 150.39 182.77 558.09 427.00 0.0004498
chair 0 0 -10 243.21 135.04 320.71 174.33 0.0004380
bathtub 0 0 -10 510.46 205.73 561.00 275.93 0.0004268
dresser 0 0 -10 155.44 169.61 338.30 427.00 0.0004256
desk 0 0 -10 1.20 27.98 165.78 327.39 0.0004250
chair 0 0 -10 317.24 86.42 449.73 268.89 0.0004221
desk 0 0 -10 141.49 158.13 373.13 407.55 0.0004217
dresser 0 0 -10 407.47 111.54 467.41 186.40 0.0004076
chair 0 0 -10 167.93 152.83 298.39 242.17 0.0003990
desk 0 0 -10 397.14 103.94 473.35 206.30 0.0003832
table 0 0 -10 204.75 164.73 356.41 235.26 0.0003671
chair 0 0 -10 145.36 158.06 365.41 307.35 0.0003591
bed 0 0 -10 0.00 112.28 172.49 427.00 0.0003559
dresser 0 0 -10 70.34 350.71 491.87 425.90 0.0003550
bathtub 0 0 -10 551.09 231.74 560.73 347.10 0.0003493
bathtub 0 0 -10 558.79 192.17 561.00 285.07 0.0003470
chair 0 0 -10 271.64 136.81 334.36 172.44 0.0003466
bathtub 0 0 -10 473.14 209.44 561.00 398.82 0.0003401
toilet 0 0 -10 534.91 219.30 561.00 425.27 0.0003227
desk 0 0 -10 176.69 149.84 354.73 286.92 0.0003211
bookshelf 0 0 -10 138.97 4.86 503.53 344.57 0.0003210
table 0 0 -10 161.97 131.92 452.63 240.94 0.0003202
dresser 0 0 -10 4.55 1.03 325.49 358.11 0.0003161
table 0 0 -10 134.42 175.65 407.34 306.02 0.0003092
chair 0 0 -10 280.32 119.53 526.93 349.14 0.0003087
chair 0 0 -10 24.94 349.89 336.83 427.00 0.0003036
chair 0 0 -10 247.61 126.78 352.69 182.36 0.0002878
bookshelf 0 0 -10 331.61 6.88 431.65 78.04 0.0002868
bathtub 0 0 -10 497.76 200.98 561.00 315.12 0.0002829
bookshelf 0 0 -10 187.95 58.14 227.06 176.05 0.0002819
chair 0 0 -10 277.90 57.49 359.40 171.76 0.0002797
table 0 0 -10 174.45 146.19 356.30 285.50 0.0002702
desk 0 0 -10 250.76 169.87 349.64 295.89 0.0002662
