chair 0 0 -10 164.24 185.77 319.17 373.63 0.9804949
table 0 0 -10 0.10 176.33 204.98 373.01 0.9594828
chair 0 0 -10 79.43 154.93 165.21 259.44 0.9060346
chair 0 0 -10 226.32 160.01 316.46 288.13 0.8694528
chair 0 0 -10 0.53 157.13 64.85 292.35 0.7918704
table 0 0 -10 400.34 184.06 561.00 420.82 0.7715580
chair 0 0 -10 130.43 150.38 189.23 236.92 0.6673843
table 0 0 -10 7.75 170.12 206.60 278.69 0.6249060
chair 0 0 -10 9.63 149.00 93.75 270.04 0.4736815
chair 0 0 -10 90.64 153.38 155.42 224.58 0.4321188
chair 0 0 -10 0.68 155.32 33.54 318.30 0.3401499
chair 0 0 -10 5.85 145.73 96.28 196.98 0.2599252
chair 0 0 -10 150.97 147.37 201.67 219.07 0.2395551
desk 0 0 -10 403.14 176.18 561.00 411.88 0.2373683
table 0 0 -10 0.00 153.23 34.70 359.52 0.1824306
chair 0 0 -10 94.62 149.52 150.65 173.18 0.1712400
chair 0 0 -10 174.57 142.48 243.77 223.80 0.1569366
table 0 0 -10 0.29 177.97 133.94 326.73 0.1515050
chair 0 0 -10 0.11 157.47 18.20 304.87 0.1332850
chair 0 0 -10 94.42 148.01 169.37 199.57 0.1107044
chair 0 0 -10 435.21 148.16 561.00 417.27 0.1031206
chair 0 0 -10 52.69 149.05 140.03 249.80 0.0820616
chair 0 0 -10 126.05 141.26 217.48 208.73 0.0726242
table 0 0 -10 56.83 161.50 204.08 246.93 0.0725554
desk 0 0 -10 37.78 168.31 196.41 277.63 0.0611574
chair 0 0 -10 100.46 146.29 196.66 254.05 0.0585164
desk 0 0 -10 0.00 183.71 219.35 391.79 0.0584580
table 0 0 -10 409.72 179.96 555.93 311.35 0.0562716
chair 0 0 -10 0.59 159.62 47.96 244.98 0.0551844
chair 0 0 -10 142.60 141.05 192.49 195.05 0.0542684
table 0 0 -10 71.71 146.55 195.85 207.97 0.0507260
table 0 0 -10 261.53 152.62 555.97 358.97 0.0436031
table 0 0 -10 144.75 145.21 235.54 223.84 0.0435687
table 0 0 -10 0.00 179.54 72.65 364.73 0.0434489
sofa 0 0 -10 112.60 141.06 231.97 200.31 0.0423913
sofa 0 0 -10 43.60 149.13 189.90 257.79 0.0321227
chair 0 0 -10 50.02 142.87 142.93 189.30 0.0319065
chair 0 0 -10 0.07 161.08 9.70 299.07 0.0317495
chair 0 0 -10 26.57 156.89 145.89 303.19 0.0295013
chair 0 0 -10 132.81 147.55 192.84 177.51 0.0285429
table 0 0 -10 432.16 269.18 559.63 425.96 0.0264251
table 0 0 -10 0.20 235.00 25.67 347.07 0.0250663
chair 0 0 -10 22.16 131.52 108.52 231.75 0.0229925
sofa 0 0 -10 74.82 144.12 195.28 209.86 0.0223874
desk 0 0 -10 110.21 140.72 235.26 200.81 0.0217877
table 0 0 -10 124.70 163.39 217.47 235.27 0.0214745
chair 0 0 -10 0.84 152.69 52.98 197.87 0.0213935
chair 0 0 -10 141.68 133.37 247.72 251.88 0.0212583
chair 0 0 -10 17.08 139.66 84.00 181.09 0.0198257
table 0 0 -10 0.39 166.24 16.93 318.47 0.0188603
desk 0 0 -10 67.37 153.08 199.64 237.15 0.0183176
chair 0 0 -10 8.36 189.68 157.49 381.69 0.0176911
desk 0 0 -10 259.73 146.95 559.60 369.97 0.0173872
chair 0 0 -10 207.46 156.79 301.69 242.26 0.0170350
chair 0 0 -10 183.51 138.26 237.83 194.03 0.0170270
sofa 0 0 -10 7.72 139.67 93.26 199.88 0.0167933
table 0 0 -10 22.45 134.79 72.81 152.47 0.0157475
table 0 0 -10 67.99 184.52 196.77 305.02 0.0157241
chair 0 0 -10 416.66 269.72 556.92 425.61 0.0156163
table 0 0 -10 14.11 138.98 80.42 177.54 0.0148833
table 0 0 -10 1.70 155.28 98.27 285.27 0.0148321
table 0 0 -10 63.79 178.04 284.13 374.20 0.0147020
table 0 0 -10 131.53 137.87 239.54 186.10 0.0140655
chair 0 0 -10 0.36 232.93 26.07 350.17 0.0138007
chair 0 0 -10 2.33 153.76 10.71 258.49 0.0129787
table 0 0 -10 5.12 142.07 150.38 250.62 0.0129758
sofa 0 0 -10 3.27 145.86 92.09 258.05 0.0129651
table 0 0 -10 78.97 147.63 170.36 177.65 0.0129409
table 0 0 -10 165.41 167.22 226.39 229.74 0.0124771
table 0 0 -10 0.37 183.47 45.21 296.34 0.0124381
chair 0 0 -10 187.17 158.08 239.23 211.98 0.0123348
table 0 0 -10 19.37 140.12 177.85 189.90 0.0121518
desk 0 0 -10 2.68 179.09 127.50 333.86 0.0113916
table 0 0 -10 108.49 167.10 197.23 272.32 0.0111231
sofa 0 0 -10 152.24 141.51 237.25 185.59 0.0104158
chair 0 0 -10 237.44 161.94 311.31 227.88 0.0102968
chair 0 0 -10 151.91 165.52 293.11 301.80 0.0094226
desk 0 0 -10 409.43 189.75 555.13 305.86 0.0086424
chair 0 0 -10 420.13 175.32 545.29 339.50 0.0084930
chair 0 0 -10 83.59 143.19 179.36 177.25 0.0084448
table 0 0 -10 125.75 166.11 279.32 290.54 0.0084020
desk 0 0 -10 124.85 167.82 199.65 248.28 0.0083678
table 0 0 -10 228.57 159.81 315.83 264.20 0.0078834
chair 0 0 -10 1.48 160.98 7.53 243.59 0.0076685
table 0 0 -10 171.41 179.33 315.24 321.02 0.0074174
chair 0 0 -10 58.11 137.38 111.89 224.02 0.0066572
table 0 0 -10 1.19 185.86 9.94 313.78 0.0065138
chair 0 0 -10 1.39 164.30 22.76 245.28 0.0059934
table 0 0 -10 223.86 139.63 524.23 281.95 0.0058385
table 0 0 -10 143.89 137.61 235.65 163.22 0.0058083
table 0 0 -10 2.27 244.58 15.15 344.88 0.0056015
chair 0 0 -10 120.47 150.88 176.65 173.81 0.0050077
table 0 0 -10 2.92 217.96 11.55 371.00 0.0049171
chair 0 0 -10 18.46 159.34 117.54 206.60 0.0045936
sofa 0 0 -10 0.52 151.75 143.69 281.30 0.0044698
chair 0 0 -10 0.26 162.51 15.65 198.56 0.0041710
table 0 0 -10 9.77 133.80 245.80 212.44 0.0040804
chair 0 0 -10 159.91 179.61 254.10 342.48 0.0040769
table 0 0 -10 132.68 152.09 206.84 191.75 0.0040566
table 0 0 -10 136.41 141.00 208.36 171.86 0.0040246
