chair 0 0 -10 278.13 114.73 523.50 425.32 0.9909998
table 0 0 -10 0.00 91.27 295.59 410.67 0.8972033
chair 0 0 -10 0.12 19.40 62.35 306.85 0.8151579
desk 0 0 -10 1.49 79.50 282.92 412.34 0.6093637
sofa 0 0 -10 0.91 36.47 52.04 181.58 0.3557564
chair 0 0 -10 6.08 91.20 118.85 280.68 0.2460817
chair 0 0 -10 0.82 36.58 54.06 177.91 0.2275286
desk 0 0 -10 49.58 74.51 244.69 171.02 0.1673820
desk 0 0 -10 26.33 71.25 247.22 258.07 0.1533307
table 0 0 -10 2.78 86.87 209.92 294.06 0.1397220
desk 0 0 -10 3.34 81.32 133.89 305.82 0.0981589
chair 0 0 -10 1.39 138.82 87.50 260.87 0.0941955
chair 0 0 -10 355.28 102.02 535.10 320.82 0.0802582
desk 0 0 -10 22.85 73.46 163.01 177.82 0.0762173
chair 0 0 -10 40.35 84.85 150.48 266.07 0.0573452
table 0 0 -10 96.24 125.16 513.76 423.93 0.0555149
chair 0 0 -10 90.97 46.60 235.22 257.49 0.0541967
chair 0 0 -10 0.00 24.10 95.42 203.29 0.0541150
table 0 0 -10 4.23 104.59 93.71 290.74 0.0407356
chair 0 0 -10 0.38 120.43 33.55 302.37 0.0371322
table 0 0 -10 0.91 51.90 53.88 175.74 0.0306427
chair 0 0 -10 410.48 141.04 556.01 413.43 0.0276241
chair 0 0 -10 0.00 74.56 137.08 174.42 0.0245736
chair 0 0 -10 2.14 102.45 159.67 378.41 0.0244414
chair 0 0 -10 78.33 109.11 272.62 362.68 0.0222955
desk 0 0 -10 2.25 46.16 63.00 183.77 0.0209994
desk 0 0 -10 0.00 62.09 61.01 313.19 0.0169560
table 0 0 -10 46.40 76.18 250.73 170.43 0.0164217
desk 0 0 -10 55.61 71.15 234.52 124.16 0.0161310
desk 0 0 -10 7.66 50.17 127.02 201.44 0.0161235
table 0 0 -10 0.00 129.54 33.83 303.06 0.0155927
table 0 0 -10 23.81 69.78 274.35 238.10 0.0144687
table 0 0 -10 0.00 94.55 57.06 351.16 0.0125617
chair 0 0 -10 60.05 68.19 185.04 221.78 0.0124096
chair 0 0 -10 12.47 152.10 244.23 405.78 0.0095100
table 0 0 -10 480.60 167.61 557.99 423.33 0.0093409
table 0 0 -10 11.75 56.82 161.78 178.88 0.0086525
chair 0 0 -10 2.60 49.88 16.22 313.66 0.0084530
table 0 0 -10 0.00 132.40 147.47 399.94 0.0082658
chair 0 0 -10 144.37 99.93 408.24 413.38 0.0081580
desk 0 0 -10 97.18 119.13 526.04 427.00 0.0072394
table 0 0 -10 0.00 145.45 58.38 269.43 0.0070679
desk 0 0 -10 0.00 138.21 92.06 259.59 0.0068042
chair 0 0 -10 90.45 63.52 206.75 180.13 0.0067920
table 0 0 -10 0.17 25.13 59.70 250.74 0.0067635
chair 0 0 -10 149.84 81.61 292.97 270.70 0.0067558
table 0 0 -10 97.67 96.76 296.85 277.01 0.0064660
chair 0 0 -10 3.41 149.26 8.62 268.88 0.0064330
chair 0 0 -10 2.32 158.45 50.90 280.56 0.0063572
chair 0 0 -10 0.05 157.25 19.60 294.92 0.0063284
sofa 0 0 -10 1.52 64.49 52.46 123.96 0.0062925
chair 0 0 -10 472.68 193.17 556.57 421.71 0.0058985
desk 0 0 -10 121.89 81.01 283.05 284.55 0.0053550
chair 0 0 -10 451.79 65.13 559.40 366.56 0.0052557
dresser 0 0 -10 0.26 10.08 61.79 182.44 0.0049845
chair 0 0 -10 16.42 41.11 196.86 308.54 0.0047023
table 0 0 -10 0.97 148.27 17.21 295.87 0.0037737
chair 0 0 -10 1.59 150.34 11.09 301.78 0.0037430
sofa 0 0 -10 0.46 17.03 86.58 285.28 0.0036501
bookshelf 0 0 -10 0.63 0.00 60.72 182.56 0.0035156
desk 0 0 -10 44.97 53.55 119.94 155.99 0.0033272
chair 0 0 -10 116.84 169.54 298.21 412.06 0.0031014
table 0 0 -10 1.68 163.35 9.10 280.07 0.0030977
desk 0 0 -10 8.15 35.80 288.61 176.43 0.0030581
chair 0 0 -10 111.06 74.68 200.87 286.70 0.0026882
table 0 0 -10 264.68 170.60 524.43 427.00 0.0023728
desk 0 0 -10 53.79 55.09 169.04 138.38 0.0023088
table 0 0 -10 4.22 89.58 20.53 324.97 0.0020573
table 0 0 -10 517.06 182.80 559.25 426.83 0.0020282
chair 0 0 -10 0.00 231.30 112.35 424.08 0.0019504
chair 0 0 -10 139.85 52.83 244.63 183.23 0.0018228
desk 0 0 -10 0.00 128.90 33.30 301.82 0.0017603
table 0 0 -10 3.22 98.00 146.45 244.98 0.0017254
table 0 0 -10 11.57 70.77 78.02 151.43 0.0017161
chair 0 0 -10 40.90 93.43 148.89 151.17 0.0017004
desk 0 0 -10 10.00 67.91 76.32 152.12 0.0016930
bookshelf 0 0 -10 2.57 0.00 84.87 286.41 0.0016643
desk 0 0 -10 6.24 25.47 346.87 274.83 0.0016275
chair 0 0 -10 70.13 58.05 153.28 166.03 0.0015742
bed 0 0 -10 0.37 39.73 53.90 176.56 0.0014778
sofa 0 0 -10 0.00 74.48 186.83 278.53 0.0014707
desk 0 0 -10 83.77 58.92 201.97 161.54 0.0014585
desk 0 0 -10 15.57 10.02 254.91 118.79 0.0014486
dresser 0 0 -10 2.01 9.86 87.93 285.64 0.0012402
chair 0 0 -10 0.69 154.93 7.36 281.11 0.0012306
table 0 0 -10 150.51 83.75 317.94 360.83 0.0011538
table 0 0 -10 530.45 209.18 559.87 372.02 0.0011179
table 0 0 -10 53.42 72.52 239.82 124.51 0.0011123
chair 0 0 -10 1.16 175.32 29.52 270.10 0.0010557
table 0 0 -10 2.72 59.51 100.35 215.25 0.0010282
night_stand 0 0 -10 21.73 99.48 284.14 396.72 0.0009957
chair 0 0 -10 14.87 43.11 197.95 173.84 0.0009673
bed 0 0 -10 0.00 3.51 59.40 271.04 0.0009487
chair 0 0 -10 504.67 112.67 558.13 386.42 0.0009406
sofa 0 0 -10 0.88 22.05 29.04 175.52 0.0009377
chair 0 0 -10 45.69 40.52 117.84 148.36 0.0008870
desk 0 0 -10 97.22 78.86 218.49 231.75 0.0008184
table 0 0 -10 408.71 222.99 556.17 427.00 0.0008156
dresser 0 0 -10 25.82 82.88 264.90 325.96 0.0007749
table 0 0 -10 22.72 13.99 248.29 118.25 0.0007715
