sofa 0 0 -10 513.28 189.00 557.19 262.70 0.9129210
bed 0 0 -10 273.67 232.31 493.80 421.26 0.7022305
table 0 0 -10 407.43 198.71 490.36 281.37 0.6152927
chair 0 0 -10 133.36 150.88 225.03 279.26 0.5745150
sofa 0 0 -10 504.07 170.00 557.37 303.04 0.4157232
sofa 0 0 -10 274.85 242.85 516.40 424.17 0.3179335
sofa 0 0 -10 52.54 155.17 228.06 309.22 0.1587052
chair 0 0 -10 402.06 196.93 487.46 283.17 0.1550885
chair 0 0 -10 274.12 286.96 544.34 423.49 0.1431417
chair 0 0 -10 52.82 162.55 214.38 311.64 0.1412356
sofa 0 0 -10 509.07 171.96 560.10 218.04 0.1410313
chair 0 0 -10 180.33 169.28 247.61 248.31 0.1142751
night_stand 0 0 -10 287.50 285.34 510.33 425.92 0.1121762
sofa 0 0 -10 135.89 149.74 242.80 245.68 0.1001924
chair 0 0 -10 465.00 298.66 558.74 426.17 0.0966503
sofa 0 0 -10 489.15 285.43 559.50 424.90 0.0936489
table 0 0 -10 154.33 210.05 236.49 274.21 0.0929040
chair 0 0 -10 139.41 152.21 244.22 228.54 0.0793747
table 0 0 -10 272.56 244.24 493.01 424.66 0.0698410
sofa 0 0 -10 518.18 204.22 560.72 290.07 0.0696581
chair 0 0 -10 213.33 187.69 244.16 259.47 0.0605850
dresser 0 0 -10 269.10 252.95 500.50 419.80 0.0502692
chair 0 0 -10 159.40 179.62 219.99 260.40 0.0370925
desk 0 0 -10 410.32 203.84 486.79 275.31 0.0359682
table 0 0 -10 303.64 306.01 532.30 427.00 0.0306076
sofa 0 0 -10 123.51 157.16 215.98 296.46 0.0295525
desk 0 0 -10 153.90 207.06 234.30 275.85 0.0259141
chair 0 0 -10 217.92 214.17 241.09 259.54 0.0255474
table 0 0 -10 128.65 190.40 224.66 293.20 0.0253369
sofa 0 0 -10 503.55 215.68 559.91 408.66 0.0247527
desk 0 0 -10 274.12 302.11 532.29 420.59 0.0237499
sofa 0 0 -10 547.54 192.74 560.79 288.52 0.0227928
bed 0 0 -10 276.88 242.60 478.59 308.62 0.0215207
sofa 0 0 -10 422.96 300.42 555.49 427.00 0.0211312
night_stand 0 0 -10 407.46 201.91 490.30 287.05 0.0210633
bed 0 0 -10 309.75 293.56 542.66 427.00 0.0197606
chair 0 0 -10 133.40 146.66 200.22 222.72 0.0169306
table 0 0 -10 107.91 217.88 218.38 313.60 0.0139926
chair 0 0 -10 168.13 173.83 242.93 220.47 0.0138192
table 0 0 -10 293.76 225.80 478.22 294.63 0.0136267
table 0 0 -10 500.15 232.37 558.93 295.53 0.0121563
sofa 0 0 -10 180.66 168.96 246.45 241.38 0.0115413
chair 0 0 -10 509.19 178.57 561.00 294.11 0.0110857
table 0 0 -10 193.30 213.35 239.92 267.62 0.0110753
table 0 0 -10 470.22 293.53 558.51 427.00 0.0103990
table 0 0 -10 315.07 210.39 485.77 272.73 0.0089828
chair 0 0 -10 143.80 150.60 213.86 191.66 0.0088969
table 0 0 -10 407.43 196.86 480.85 246.13 0.0085612
desk 0 0 -10 153.88 168.93 244.88 256.38 0.0075375
desk 0 0 -10 136.23 205.17 219.13 306.11 0.0074854
chair 0 0 -10 154.69 164.46 202.24 280.64 0.0074526
chair 0 0 -10 509.28 171.06 560.21 210.63 0.0073278
desk 0 0 -10 190.47 207.13 236.38 271.15 0.0071331
sofa 0 0 -10 486.36 172.54 560.34 254.78 0.0068832
chair 0 0 -10 377.93 312.09 555.77 423.55 0.0068389
table 0 0 -10 156.97 171.48 245.61 258.29 0.0068168
sofa 0 0 -10 517.47 197.03 553.04 240.23 0.0067798
chair 0 0 -10 550.39 191.16 561.00 300.98 0.0066412
chair 0 0 -10 228.92 197.03 242.11 258.16 0.0062173
chair 0 0 -10 514.34 191.01 559.16 252.40 0.0060024
night_stand 0 0 -10 365.45 302.43 548.44 427.00 0.0059677
table 0 0 -10 472.21 200.34 548.44 282.99 0.0059614
desk 0 0 -10 185.55 184.52 239.95 255.86 0.0058112
chair 0 0 -10 223.78 167.01 247.22 262.98 0.0057210
sofa 0 0 -10 548.75 177.17 560.83 416.65 0.0056867
sofa 0 0 -10 431.97 187.12 557.37 310.45 0.0053022
table 0 0 -10 185.28 171.70 240.46 224.58 0.0052847
chair 0 0 -10 489.43 218.67 561.00 417.65 0.0049223
table 0 0 -10 214.49 216.66 227.95 264.61 0.0048936
sofa 0 0 -10 235.01 135.92 534.11 414.50 0.0048788
chair 0 0 -10 264.09 220.64 476.84 412.06 0.0047655
table 0 0 -10 185.38 188.78 240.14 257.62 0.0047314
sofa 0 0 -10 551.49 194.85 558.68 266.74 0.0046045
desk 0 0 -10 266.43 216.15 485.42 410.60 0.0044835
sofa 0 0 -10 157.45 171.91 219.36 281.69 0.0044684
table 0 0 -10 550.79 197.99 560.83 304.25 0.0041883
sofa 0 0 -10 406.71 195.53 501.39 277.90 0.0040104
table 0 0 -10 217.76 219.02 240.93 260.45 0.0038034
chair 0 0 -10 305.09 362.07 542.89 426.32 0.0037855
bed 0 0 -10 259.36 127.15 539.41 417.47 0.0036600
table 0 0 -10 510.89 169.76 558.99 224.98 0.0035696
table 0 0 -10 314.17 388.75 533.26 424.02 0.0034929
sofa 0 0 -10 512.26 177.18 556.49 203.62 0.0033827
sofa 0 0 -10 75.50 149.79 189.90 274.46 0.0033614
sofa 0 0 -10 305.62 325.37 555.71 424.16 0.0033249
sofa 0 0 -10 446.21 197.84 560.06 417.05 0.0032721
chair 0 0 -10 297.56 195.74 476.75 305.93 0.0031232
dresser 0 0 -10 407.56 201.00 487.97 287.32 0.0030153
chair 0 0 -10 433.03 195.91 486.99 259.49 0.0028412
bed 0 0 -10 404.76 198.96 488.72 287.39 0.0026486
table 0 0 -10 441.27 208.88 554.05 400.58 0.0026022
table 0 0 -10 241.69 200.06 470.15 252.34 0.0025934
sofa 0 0 -10 556.27 198.92 560.79 284.74 0.0025584
bookshelf 0 0 -10 275.40 293.97 535.70 422.64 0.0025077
table 0 0 -10 213.60 221.62 220.59 271.17 0.0024579
desk 0 0 -10 98.57 186.20 238.03 314.52 0.0024415
table 0 0 -10 546.18 196.67 560.82 367.78 0.0021841
table 0 0 -10 82.29 208.23 249.78 343.76 0.0021670
dresser 0 0 -10 362.72 298.40 546.73 425.73 0.0021035
toilet 0 0 -10 292.48 290.18 521.96 426.44 0.0020674
