bookshelf 0 0 -10 0.00 0.00 288.49 423.11 0.9641663
desk 0 0 -10 165.38 187.25 559.62 427.00 0.5347343
bookshelf 0 0 -10 152.62 2.70 278.56 250.09 0.4059699
bookshelf 0 0 -10 25.55 25.00 524.21 424.81 0.2065335
bookshelf 0 0 -10 0.07 97.90 186.46 417.09 0.1595913
table 0 0 -10 173.59 179.06 557.18 427.00 0.1280814
chair 0 0 -10 498.77 263.53 561.00 426.68 0.0817959
chair 0 0 -10 521.26 202.37 561.00 390.54 0.0564005
bookshelf 0 0 -10 73.19 32.10 311.79 263.51 0.0386708
desk 0 0 -10 4.91 96.35 555.30 419.05 0.0344445
chair 0 0 -10 55.14 330.92 186.58 427.00 0.0287988
dresser 0 0 -10 167.54 177.72 542.87 427.00 0.0255202
chair 0 0 -10 428.35 281.29 557.74 427.00 0.0202794
table 0 0 -10 58.97 320.06 183.08 421.49 0.0198614
bed 0 0 -10 134.44 122.71 550.56 427.00 0.0145434
bookshelf 0 0 -10 139.85 0.00 271.34 104.10 0.0136450
dresser 0 0 -10 1.94 15.46 370.66 395.97 0.0118299
desk 0 0 -10 0.00 101.64 230.24 419.47 0.0117047
desk 0 0 -10 13.58 280.99 189.35 421.99 0.0112287
bookshelf 0 0 -10 149.90 3.87 191.55 360.32 0.0094249
bookshelf 0 0 -10 0.00 6.88 119.42 384.85 0.0089301
bookshelf 0 0 -10 165.26 71.09 285.40 209.36 0.0084322
bookshelf 0 0 -10 4.02 0.00 254.09 95.11 0.0076075
dresser 0 0 -10 0.30 75.65 226.13 427.00 0.0068301
bookshelf 0 0 -10 16.22 256.01 188.96 423.32 0.0068044
bookshelf 0 0 -10 0.00 5.46 176.94 201.11 0.0064155
chair 0 0 -10 535.46 245.27 559.52 427.00 0.0061744
chair 0 0 -10 489.21 187.40 559.96 355.62 0.0059797
bathtub 0 0 -10 147.01 153.75 555.41 416.55 0.0051889
table 0 0 -10 515.25 211.69 561.00 393.68 0.0049729
desk 0 0 -10 489.73 204.80 559.16 378.81 0.0043892
table 0 0 -10 0.00 212.59 210.76 422.37 0.0041921
desk 0 0 -10 378.64 199.17 553.52 398.61 0.0041520
chair 0 0 -10 352.71 230.34 552.35 412.83 0.0036347
chair 0 0 -10 459.17 257.88 561.00 388.17 0.0035953
bookshelf 0 0 -10 160.97 3.43 226.09 298.52 0.0035634
dresser 0 0 -10 124.91 23.78 293.11 281.99 0.0034626
bookshelf 0 0 -10 37.28 0.72 166.36 100.45 0.0026653
chair 0 0 -10 223.25 214.70 531.54 421.15 0.0025232
table 0 0 -10 415.63 186.57 556.47 382.33 0.0025177
chair 0 0 -10 535.02 310.61 560.54 359.91 0.0025020
bookshelf 0 0 -10 127.08 5.55 171.62 332.09 0.0024927
bookshelf 0 0 -10 169.88 141.66 553.47 427.00 0.0023900
night_stand 0 0 -10 178.89 182.13 543.71 427.00 0.0023487
desk 0 0 -10 524.64 212.84 558.78 421.26 0.0023222
desk 0 0 -10 0.00 15.42 333.23 372.13 0.0021581
chair 0 0 -10 525.50 328.22 561.00 427.00 0.0019056
chair 0 0 -10 1.51 279.03 103.59 427.00 0.0017650
desk 0 0 -10 31.18 226.39 450.98 423.73 0.0017590
table 0 0 -10 8.37 307.14 246.07 425.64 0.0017388
dresser 0 0 -10 60.31 140.54 440.99 422.54 0.0016929
chair 0 0 -10 521.57 299.07 559.96 367.64 0.0016823
bookshelf 0 0 -10 210.32 27.02 277.66 207.34 0.0016211
bookshelf 0 0 -10 2.50 105.65 174.34 267.48 0.0016096
table 0 0 -10 7.74 75.67 405.71 401.62 0.0015304
table 0 0 -10 515.93 198.75 559.57 241.64 0.0015143
chair 0 0 -10 526.71 180.42 560.46 321.92 0.0014764
chair 0 0 -10 546.15 221.01 561.00 427.00 0.0014478
chair 0 0 -10 9.46 385.86 167.81 426.89 0.0014066
table 0 0 -10 12.65 386.27 160.40 426.64 0.0013994
sofa 0 0 -10 141.20 132.03 549.21 416.34 0.0013359
sofa 0 0 -10 24.43 317.33 186.99 427.00 0.0013090
bed 0 0 -10 0.00 6.16 386.93 415.08 0.0012763
chair 0 0 -10 5.43 311.91 246.78 427.00 0.0012523
desk 0 0 -10 226.21 174.23 536.20 291.02 0.0011917
night_stand 0 0 -10 62.17 330.90 188.55 427.00 0.0011090
bookshelf 0 0 -10 6.45 78.39 84.04 420.78 0.0010858
desk 0 0 -10 441.46 231.04 558.46 388.76 0.0010718
table 0 0 -10 223.24 174.39 538.03 289.94 0.0010638
dresser 0 0 -10 15.02 276.79 190.86 422.90 0.0010575
bookshelf 0 0 -10 44.97 80.73 273.45 331.31 0.0009292
desk 0 0 -10 67.73 325.67 182.74 426.12 0.0009184
chair 0 0 -10 3.28 11.25 322.62 369.07 0.0009106
chair 0 0 -10 2.44 86.02 212.92 425.77 0.0008405
chair 0 0 -10 106.45 140.42 482.29 427.00 0.0008147
desk 0 0 -10 396.57 220.24 553.33 315.93 0.0008096
chair 0 0 -10 48.24 274.41 334.84 427.00 0.0008067
table 0 0 -10 5.00 328.04 123.47 427.00 0.0007582
table 0 0 -10 485.05 246.41 560.43 406.65 0.0006582
table 0 0 -10 53.46 397.15 174.94 425.55 0.0006488
table 0 0 -10 350.42 168.38 555.18 332.48 0.0005959
toilet 0 0 -10 107.96 160.53 513.02 427.00 0.0005899
bookshelf 0 0 -10 0.24 46.20 37.91 379.53 0.0005684
dresser 0 0 -10 34.78 187.06 294.14 425.76 0.0005458
chair 0 0 -10 459.55 350.97 558.22 427.00 0.0005328
chair 0 0 -10 225.01 325.75 548.38 424.89 0.0005311
table 0 0 -10 220.04 175.24 360.03 230.71 0.0005081
desk 0 0 -10 112.16 28.38 297.81 285.53 0.0004933
chair 0 0 -10 407.82 149.74 555.00 318.13 0.0004864
toilet 0 0 -10 0.00 10.73 355.22 399.37 0.0004797
table 0 0 -10 34.29 226.12 438.98 423.62 0.0004721
dresser 0 0 -10 115.43 107.60 325.78 333.40 0.0004568
dresser 0 0 -10 162.99 124.36 364.31 399.13 0.0004453
table 0 0 -10 469.93 203.26 559.43 361.26 0.0004420
chair 0 0 -10 549.31 314.15 560.82 360.05 0.0004375
desk 0 0 -10 18.37 382.59 188.51 426.66 0.0004362
chair 0 0 -10 506.42 224.84 561.00 312.68 0.0004249
chair 0 0 -10 553.46 228.67 561.00 427.00 0.0004132
bed 0 0 -10 15.90 272.70 185.90 422.74 0.0004078
bathtub 0 0 -10 174.74 323.67 484.24 427.00 0.0004023
