sofa 0 0 -10 1.90 194.23 271.19 354.65 0.9896523
chair 0 0 -10 355.63 182.09 516.36 415.84 0.9865578
table 0 0 -10 241.47 250.60 368.02 356.92 0.4673761
table 0 0 -10 3.41 274.57 91.31 388.78 0.2574159
sofa 0 0 -10 0.00 197.51 98.03 371.27 0.2560783
sofa 0 0 -10 0.80 190.21 46.91 326.14 0.1946121
chair 0 0 -10 0.91 190.68 38.23 364.03 0.0864393
night_stand 0 0 -10 238.04 246.55 374.33 368.92 0.0761190
chair 0 0 -10 1.89 207.91 93.63 377.41 0.0528886
sofa 0 0 -10 0.31 178.84 25.63 335.06 0.0347296
sofa 0 0 -10 0.41 182.99 37.50 264.79 0.0274464
table 0 0 -10 277.66 202.36 494.65 383.33 0.0232489
night_stand 0 0 -10 4.63 277.19 96.58 386.55 0.0230631
sofa 0 0 -10 1.43 212.10 44.11 279.29 0.0199979
sofa 0 0 -10 0.00 180.93 127.08 311.03 0.0167473
table 0 0 -10 0.26 231.88 25.34 371.07 0.0159031
sofa 0 0 -10 332.44 176.28 519.18 380.23 0.0127363
chair 0 0 -10 239.65 252.41 365.91 368.92 0.0124078
table 0 0 -10 450.71 183.16 555.83 367.94 0.0115609
table 0 0 -10 1.79 221.64 49.88 393.83 0.0107075
chair 0 0 -10 436.69 170.96 555.79 374.99 0.0098103
table 0 0 -10 355.93 194.11 546.67 357.83 0.0096039
desk 0 0 -10 359.23 192.66 545.77 366.14 0.0092349
desk 0 0 -10 240.40 244.59 373.53 364.67 0.0091267
chair 0 0 -10 3.12 301.33 96.13 386.14 0.0090557
sofa 0 0 -10 0.69 212.63 31.93 259.76 0.0085330
table 0 0 -10 0.31 254.52 35.50 315.93 0.0082802
chair 0 0 -10 371.32 155.71 499.01 325.20 0.0080287
table 0 0 -10 0.90 232.45 77.56 339.79 0.0076565
chair 0 0 -10 0.73 186.97 36.70 265.19 0.0071896
sofa 0 0 -10 2.67 178.82 97.52 250.83 0.0070926
desk 0 0 -10 3.50 264.87 91.40 383.74 0.0070808
sofa 0 0 -10 4.22 222.22 152.53 390.47 0.0070494
sofa 0 0 -10 1.98 169.09 15.00 315.05 0.0060463
chair 0 0 -10 0.44 200.33 17.22 359.14 0.0060165
chair 0 0 -10 483.13 177.53 560.17 349.72 0.0051223
table 0 0 -10 2.21 265.40 61.84 327.01 0.0050707
chair 0 0 -10 1.24 238.49 36.39 314.75 0.0050360
table 0 0 -10 258.90 243.93 363.02 285.14 0.0048673
table 0 0 -10 277.72 237.83 416.50 361.38 0.0046157
desk 0 0 -10 276.73 198.13 497.23 386.83 0.0037350
sofa 0 0 -10 1.51 187.62 61.20 243.71 0.0035388
chair 0 0 -10 1.70 188.25 30.69 220.39 0.0034973
sofa 0 0 -10 2.64 271.16 96.34 390.37 0.0031340
sofa 0 0 -10 0.44 219.07 20.06 255.27 0.0029867
chair 0 0 -10 2.07 207.07 10.46 349.03 0.0029047
sofa 0 0 -10 2.32 208.88 10.16 340.28 0.0026542
bed 0 0 -10 0.00 383.37 123.53 427.00 0.0026222
table 0 0 -10 498.96 186.86 558.56 349.77 0.0026015
table 0 0 -10 0.39 176.29 34.28 312.02 0.0024613
chair 0 0 -10 0.63 217.03 59.30 314.44 0.0022919
table 0 0 -10 0.00 183.78 62.77 319.24 0.0022755
table 0 0 -10 0.19 270.08 21.17 287.76 0.0021752
chair 0 0 -10 10.11 203.73 283.88 377.27 0.0021058
table 0 0 -10 4.81 228.02 10.48 392.81 0.0019453
chair 0 0 -10 349.03 122.13 474.43 256.60 0.0018911
table 0 0 -10 261.89 238.60 378.59 322.76 0.0018355
sofa 0 0 -10 487.70 175.83 559.33 348.65 0.0017861
table 0 0 -10 1.40 219.51 13.54 378.02 0.0017538
bed 0 0 -10 0.15 178.68 35.33 320.35 0.0016783
table 0 0 -10 12.69 206.16 293.88 372.58 0.0016091
sofa 0 0 -10 0.34 218.50 21.63 291.27 0.0016056
chair 0 0 -10 0.23 138.30 23.07 323.30 0.0015047
table 0 0 -10 535.53 181.61 560.26 395.92 0.0014752
sofa 0 0 -10 89.35 175.14 518.59 419.89 0.0014492
bed 0 0 -10 2.42 245.17 94.84 376.81 0.0014360
bed 0 0 -10 3.78 187.17 300.01 366.35 0.0014237
chair 0 0 -10 0.90 191.00 21.13 215.36 0.0013290
table 0 0 -10 0.00 201.02 19.83 321.32 0.0013167
desk 0 0 -10 0.00 216.83 27.67 374.94 0.0012442
table 0 0 -10 2.52 220.73 10.02 348.25 0.0012059
table 0 0 -10 3.20 295.48 89.71 341.09 0.0012013
bed 0 0 -10 7.11 374.81 202.84 426.98 0.0011804
table 0 0 -10 11.77 252.86 142.63 392.12 0.0011194
toilet 0 0 -10 325.79 173.32 510.61 425.28 0.0010821
table 0 0 -10 0.00 379.40 125.77 427.00 0.0010670
desk 0 0 -10 2.46 221.34 63.05 353.89 0.0010645
sofa 0 0 -10 0.33 182.96 25.40 227.54 0.0010223
sofa 0 0 -10 0.39 231.05 14.32 252.17 0.0010211
table 0 0 -10 1.40 262.08 48.34 296.52 0.0010120
bed 0 0 -10 0.00 184.57 65.72 332.52 0.0009745
sofa 0 0 -10 241.22 240.16 376.01 364.07 0.0009304
chair 0 0 -10 1.05 180.80 43.98 227.03 0.0009196
table 0 0 -10 1.79 214.53 40.29 280.19 0.0009190
sofa 0 0 -10 2.70 179.18 8.61 285.04 0.0009009
table 0 0 -10 346.99 232.64 500.07 421.19 0.0008881
table 0 0 -10 312.30 252.97 446.67 423.70 0.0008880
table 0 0 -10 2.63 267.96 15.15 412.44 0.0008805
night_stand 0 0 -10 0.00 214.19 28.30 372.21 0.0008780
bed 0 0 -10 330.54 167.38 510.84 418.72 0.0008697
chair 0 0 -10 2.22 217.24 38.12 258.07 0.0008452
table 0 0 -10 129.68 238.22 408.96 412.76 0.0008226
dresser 0 0 -10 3.00 247.24 94.02 376.58 0.0007698
dresser 0 0 -10 0.13 211.64 27.75 373.35 0.0007608
sofa 0 0 -10 4.25 357.30 253.83 427.00 0.0007604
chair 0 0 -10 310.22 133.29 464.62 350.98 0.0007387
table 0 0 -10 0.54 259.26 23.99 282.14 0.0007375
chair 0 0 -10 0.15 214.81 25.96 401.90 0.0007350
bookshelf 0 0 -10 344.15 178.25 513.10 385.47 0.0007072
table 0 0 -10 5.43 194.18 124.40 350.64 0.0007029
