chair 0 0 -10 0.93 158.47 147.82 363.65 0.9965354
chair 0 0 -10 361.92 176.00 553.02 427.00 0.9331431
table 0 0 -10 12.86 150.16 449.90 404.34 0.7642651
desk 0 0 -10 4.78 157.89 435.76 403.90 0.6366420
table 0 0 -10 389.27 201.23 556.57 413.35 0.1628368
table 0 0 -10 497.68 229.79 560.87 427.00 0.1137778
table 0 0 -10 187.46 173.16 555.84 396.98 0.0961170
desk 0 0 -10 21.74 147.48 241.28 352.70 0.0821096
chair 0 0 -10 311.86 159.48 492.63 415.08 0.0812689
table 0 0 -10 1.14 336.27 78.10 427.00 0.0521082
chair 0 0 -10 490.10 236.54 560.09 427.00 0.0450339
table 0 0 -10 18.44 141.15 250.18 343.68 0.0437300
chair 0 0 -10 0.00 124.87 118.44 298.18 0.0428117
chair 0 0 -10 300.40 172.66 409.25 409.82 0.0391016
table 0 0 -10 252.08 161.14 433.74 398.12 0.0351339
desk 0 0 -10 499.97 224.90 561.00 427.00 0.0304638
chair 0 0 -10 3.42 139.23 78.34 376.66 0.0285184
table 0 0 -10 2.56 149.65 143.39 381.61 0.0247206
desk 0 0 -10 195.93 169.34 560.18 404.63 0.0218861
table 0 0 -10 526.23 281.72 560.55 397.36 0.0212319
desk 0 0 -10 267.38 149.61 413.48 398.87 0.0183523
desk 0 0 -10 0.49 149.69 141.01 380.26 0.0175365
table 0 0 -10 2.37 254.82 145.15 418.01 0.0162167
desk 0 0 -10 1.06 344.39 75.10 427.00 0.0146086
desk 0 0 -10 337.45 206.44 557.40 427.00 0.0132344
chair 0 0 -10 0.00 120.57 76.68 250.50 0.0131902
bookshelf 0 0 -10 288.79 166.47 406.80 404.56 0.0103417
table 0 0 -10 11.55 272.77 414.44 422.70 0.0095771
chair 0 0 -10 1.95 217.74 121.76 417.64 0.0088201
desk 0 0 -10 0.00 265.56 84.90 426.57 0.0086139
chair 0 0 -10 68.14 120.28 148.99 271.09 0.0085046
chair 0 0 -10 4.26 119.85 46.69 339.01 0.0069680
chair 0 0 -10 30.84 149.84 220.16 346.13 0.0069450
chair 0 0 -10 0.00 11.46 82.71 256.05 0.0066195
chair 0 0 -10 523.94 266.78 560.91 397.20 0.0064431
desk 0 0 -10 4.05 273.31 426.03 422.32 0.0059257
table 0 0 -10 300.36 142.21 413.65 202.79 0.0056794
table 0 0 -10 309.83 244.73 540.20 425.40 0.0052711
table 0 0 -10 148.81 195.12 392.08 413.95 0.0048536
desk 0 0 -10 147.96 196.80 398.09 417.35 0.0047244
chair 0 0 -10 2.26 348.67 75.08 425.81 0.0046331
sofa 0 0 -10 0.19 147.15 147.72 376.11 0.0043907
table 0 0 -10 50.39 149.11 396.47 265.52 0.0039186
chair 0 0 -10 22.67 190.14 292.20 416.79 0.0036896
chair 0 0 -10 481.95 385.83 559.90 426.86 0.0036888
chair 0 0 -10 348.33 330.34 555.69 427.00 0.0035765
desk 0 0 -10 19.75 146.69 377.95 258.76 0.0035321
desk 0 0 -10 28.02 144.81 197.85 230.19 0.0034871
chair 0 0 -10 112.75 162.77 382.94 406.89 0.0030121
table 0 0 -10 309.52 209.89 422.94 420.49 0.0029657
night_stand 0 0 -10 2.23 353.68 78.87 427.00 0.0029082
desk 0 0 -10 3.66 151.15 70.04 373.82 0.0028577
dresser 0 0 -10 287.78 150.13 410.44 404.07 0.0027738
table 0 0 -10 289.13 189.05 379.84 394.80 0.0027228
desk 0 0 -10 302.59 185.83 377.79 397.44 0.0026796
table 0 0 -10 492.63 370.67 559.07 426.81 0.0026301
chair 0 0 -10 467.97 182.86 555.66 395.21 0.0026138
sofa 0 0 -10 355.13 193.54 557.61 425.66 0.0026090
dresser 0 0 -10 499.55 234.08 561.00 426.73 0.0023746
chair 0 0 -10 406.04 157.70 530.47 271.64 0.0023116
chair 0 0 -10 290.39 208.04 374.18 393.12 0.0022664
chair 0 0 -10 75.60 113.18 204.91 251.12 0.0020503
desk 0 0 -10 526.08 252.14 561.00 398.40 0.0019965
night_stand 0 0 -10 498.70 240.62 561.00 418.36 0.0019643
chair 0 0 -10 25.32 120.24 127.43 223.71 0.0019371
table 0 0 -10 103.01 88.02 172.27 146.21 0.0017740
bed 0 0 -10 1.56 140.63 144.43 382.24 0.0017277
chair 0 0 -10 308.43 151.56 417.77 307.13 0.0016770
table 0 0 -10 524.92 341.18 559.67 393.15 0.0016686
table 0 0 -10 4.82 150.67 71.71 375.76 0.0016506
bookshelf 0 0 -10 353.62 193.84 554.51 427.00 0.0015706
bed 0 0 -10 186.13 148.72 537.33 427.00 0.0014777
dresser 0 0 -10 349.93 203.75 557.43 427.00 0.0014645
sofa 0 0 -10 197.58 164.68 547.70 422.83 0.0013999
table 0 0 -10 485.46 313.02 558.46 426.09 0.0013776
chair 0 0 -10 101.97 85.68 171.26 146.54 0.0013368
dresser 0 0 -10 208.27 158.26 537.21 422.41 0.0012620
night_stand 0 0 -10 314.27 142.09 406.72 206.35 0.0012558
table 0 0 -10 290.56 145.61 416.34 258.29 0.0012047
chair 0 0 -10 0.07 273.71 84.38 424.31 0.0012046
bookshelf 0 0 -10 191.87 157.04 514.02 415.74 0.0012045
desk 0 0 -10 444.34 189.79 557.79 418.86 0.0011640
desk 0 0 -10 117.83 147.54 347.44 372.45 0.0011536
night_stand 0 0 -10 356.56 173.73 554.63 426.17 0.0011396
table 0 0 -10 360.09 318.54 547.98 427.00 0.0010970
table 0 0 -10 320.94 173.91 555.51 327.65 0.0010822
chair 0 0 -10 12.14 113.33 28.27 359.78 0.0010702
chair 0 0 -10 78.84 124.19 170.11 220.71 0.0010688
bed 0 0 -10 524.74 260.22 561.00 412.23 0.0010609
table 0 0 -10 213.90 304.39 528.37 426.77 0.0010547
bed 0 0 -10 2.41 344.27 73.85 426.89 0.0010466
table 0 0 -10 8.67 288.06 227.97 424.80 0.0010412
dresser 0 0 -10 0.82 148.92 141.87 378.88 0.0010225
table 0 0 -10 22.39 146.30 205.36 230.03 0.0010158
bed 0 0 -10 497.65 226.76 560.98 427.00 0.0010113
table 0 0 -10 522.04 300.51 559.89 347.71 0.0009711
chair 0 0 -10 463.99 328.62 560.44 427.00 0.0009675
bed 0 0 -10 390.89 195.84 553.14 427.00 0.0009597
table 0 0 -10 507.15 331.31 558.72 398.61 0.0009544
chair 0 0 -10 21.20 96.15 370.72 369.45 0.0009532
