chair 0 0 -10 52.99 346.07 193.14 427.00 0.7926375
sofa 0 0 -10 70.61 348.21 195.12 427.00 0.3442377
table 0 0 -10 119.87 235.85 242.94 342.26 0.3277406
desk 0 0 -10 3.52 218.17 109.98 424.69 0.0479168
bathtub 0 0 -10 119.52 249.65 246.68 338.41 0.0461929
sofa 0 0 -10 26.08 345.07 278.90 427.00 0.0437862
chair 0 0 -10 71.23 345.13 358.59 426.45 0.0391762
sofa 0 0 -10 83.89 351.56 459.71 427.00 0.0371138
desk 0 0 -10 121.67 236.16 242.38 342.19 0.0316912
sofa 0 0 -10 15.97 344.15 152.79 427.00 0.0284034
chair 0 0 -10 6.85 305.08 163.06 424.89 0.0265201
table 0 0 -10 12.64 224.37 100.52 427.00 0.0262374
bookshelf 0 0 -10 120.82 210.73 250.48 389.00 0.0166112
table 0 0 -10 116.02 343.00 486.56 424.97 0.0143826
chair 0 0 -10 27.79 335.19 118.22 427.00 0.0137577
table 0 0 -10 36.75 358.84 196.87 426.08 0.0129192
dresser 0 0 -10 0.99 213.45 110.80 427.00 0.0104658
desk 0 0 -10 36.43 357.52 198.22 425.28 0.0101164
bathtub 0 0 -10 117.53 222.29 266.97 384.27 0.0092422
chair 0 0 -10 19.19 269.95 108.49 424.09 0.0091158
desk 0 0 -10 18.32 194.99 284.32 409.11 0.0087406
toilet 0 0 -10 119.24 249.61 243.34 340.75 0.0085860
chair 0 0 -10 119.20 208.91 251.94 361.12 0.0085757
table 0 0 -10 44.14 348.78 307.29 425.74 0.0085559
bed 0 0 -10 40.24 351.69 200.47 426.75 0.0079869
chair 0 0 -10 84.19 350.06 184.14 402.79 0.0079256
bathtub 0 0 -10 2.76 232.76 117.63 420.65 0.0074931
chair 0 0 -10 127.52 351.11 261.76 427.00 0.0071161
bed 0 0 -10 116.42 220.84 254.10 394.83 0.0065878
sofa 0 0 -10 117.80 239.97 246.99 383.89 0.0064179
bathtub 0 0 -10 8.16 211.99 365.28 409.74 0.0056670
table 0 0 -10 158.39 380.71 366.85 426.01 0.0053390
sofa 0 0 -10 117.71 378.98 360.29 427.00 0.0050020
sofa 0 0 -10 0.00 383.65 243.91 425.41 0.0047804
dresser 0 0 -10 118.79 231.19 252.44 392.31 0.0045304
table 0 0 -10 4.74 325.62 135.93 426.51 0.0044216
sofa 0 0 -10 99.67 336.01 224.19 415.70 0.0041641
bathtub 0 0 -10 136.70 267.37 238.98 305.82 0.0038849
bathtub 0 0 -10 394.66 223.78 561.00 427.00 0.0038335
toilet 0 0 -10 115.40 220.71 256.64 396.34 0.0036523
sofa 0 0 -10 7.34 402.27 163.20 427.00 0.0036502
sofa 0 0 -10 5.04 415.50 165.95 427.00 0.0035979
desk 0 0 -10 3.25 327.58 139.14 424.18 0.0035331
bed 0 0 -10 32.60 267.64 481.27 423.34 0.0032313
desk 0 0 -10 101.03 204.95 247.14 392.24 0.0031828
table 0 0 -10 22.59 203.40 272.64 407.25 0.0031020
desk 0 0 -10 110.56 354.49 476.71 425.13 0.0030995
bathtub 0 0 -10 5.41 161.50 253.11 364.42 0.0030273
dresser 0 0 -10 394.38 238.47 561.00 427.00 0.0025980
bed 0 0 -10 12.15 200.98 346.63 415.16 0.0024636
table 0 0 -10 123.27 336.71 347.00 395.11 0.0023933
chair 0 0 -10 82.73 301.85 232.84 419.57 0.0023117
toilet 0 0 -10 0.78 279.22 139.30 427.00 0.0023076
table 0 0 -10 396.39 232.51 561.00 427.00 0.0022870
bed 0 0 -10 98.51 340.42 509.14 425.47 0.0022833
bed 0 0 -10 46.07 323.69 322.34 426.62 0.0022247
desk 0 0 -10 44.32 319.81 345.69 425.65 0.0021209
dresser 0 0 -10 24.11 191.74 275.38 409.34 0.0020937
bookshelf 0 0 -10 2.57 259.41 134.45 422.59 0.0019949
chair 0 0 -10 4.05 239.59 194.34 414.49 0.0018949
table 0 0 -10 85.97 195.94 250.18 360.75 0.0018861
table 0 0 -10 135.51 266.58 236.92 306.40 0.0018811
chair 0 0 -10 9.25 383.32 172.56 427.00 0.0017097
dresser 0 0 -10 520.72 280.35 561.00 424.04 0.0016927
bookshelf 0 0 -10 45.37 350.97 197.92 425.06 0.0016578
chair 0 0 -10 93.43 379.76 336.92 426.35 0.0016499
chair 0 0 -10 52.23 292.95 458.03 427.00 0.0016478
chair 0 0 -10 117.09 241.93 235.42 322.63 0.0016445
desk 0 0 -10 20.32 268.77 483.92 421.67 0.0016427
dresser 0 0 -10 43.55 354.22 197.48 426.05 0.0015453
table 0 0 -10 72.61 374.49 277.73 423.76 0.0014978
table 0 0 -10 34.31 272.12 464.65 421.00 0.0014928
bookshelf 0 0 -10 123.10 246.30 245.14 340.39 0.0014745
table 0 0 -10 0.00 264.45 162.92 422.46 0.0014614
sofa 0 0 -10 50.45 275.92 383.89 418.90 0.0013859
desk 0 0 -10 393.28 233.57 561.00 425.07 0.0013687
sofa 0 0 -10 129.15 312.50 257.62 404.92 0.0013415
bed 0 0 -10 0.95 261.54 140.56 426.00 0.0013134
bed 0 0 -10 121.60 243.74 250.20 326.40 0.0013131
table 0 0 -10 12.98 400.29 113.70 427.00 0.0012857
desk 0 0 -10 148.48 380.83 370.20 426.02 0.0012786
chair 0 0 -10 523.87 179.83 560.24 235.10 0.0012724
dresser 0 0 -10 3.36 263.21 72.42 426.48 0.0012552
bookshelf 0 0 -10 29.24 173.83 266.07 407.54 0.0012494
chair 0 0 -10 13.36 399.03 134.29 426.82 0.0011845
table 0 0 -10 112.66 343.45 195.68 414.42 0.0011839
chair 0 0 -10 162.74 0.85 274.55 59.71 0.0011318
sofa 0 0 -10 6.37 281.99 143.89 423.41 0.0011098
bathtub 0 0 -10 149.24 249.97 221.10 310.80 0.0010899
chair 0 0 -10 143.79 264.64 263.41 341.53 0.0010327
desk 0 0 -10 64.19 373.08 277.26 424.34 0.0010241
bathtub 0 0 -10 0.00 180.08 181.69 320.24 0.0010202
table 0 0 -10 7.36 384.61 145.56 427.00 0.0010009
night_stand 0 0 -10 123.14 228.72 246.69 336.09 0.0009778
chair 0 0 -10 17.08 155.82 246.74 370.45 0.0009666
toilet 0 0 -10 43.81 353.17 197.47 426.15 0.0009600
sofa 0 0 -10 64.19 397.10 187.52 426.22 0.0009364
dresser 0 0 -10 381.76 28.50 561.00 397.08 0.0009361
table 0 0 -10 17.82 416.04 95.63 426.58 0.0009257
sofa 0 0 -10 4.22 421.19 190.50 427.00 0.0008725
