chair 0 0 -10 304.86 288.22 560.09 424.01 0.9883561
chair 0 0 -10 466.46 205.58 561.00 412.72 0.7708736
chair 0 0 -10 54.05 140.44 244.43 312.81 0.7192211
desk 0 0 -10 139.12 173.86 541.09 422.15 0.6935661
table 0 0 -10 131.90 150.25 561.00 423.41 0.4565531
table 0 0 -10 5.54 217.89 164.42 426.51 0.4119847
chair 0 0 -10 7.65 133.95 189.65 287.56 0.3894870
chair 0 0 -10 5.48 238.43 214.98 427.00 0.3669506
table 0 0 -10 0.15 210.62 91.28 407.05 0.3419721
chair 0 0 -10 148.74 294.77 387.72 427.00 0.3242508
chair 0 0 -10 376.91 176.05 560.85 410.57 0.2041500
chair 0 0 -10 144.01 259.47 550.29 426.35 0.2004917
desk 0 0 -10 485.13 161.85 560.21 380.07 0.1639104
chair 0 0 -10 311.56 363.89 529.29 425.52 0.1489303
chair 0 0 -10 33.99 165.77 259.76 394.66 0.1015714
chair 0 0 -10 2.23 218.20 87.11 422.87 0.0842323
chair 0 0 -10 73.92 258.66 278.19 424.57 0.0828990
table 0 0 -10 88.30 205.23 408.40 425.64 0.0690457
table 0 0 -10 0.00 195.06 85.20 263.50 0.0683236
table 0 0 -10 490.61 177.96 559.97 401.39 0.0669413
chair 0 0 -10 320.94 105.18 396.74 200.94 0.0654575
table 0 0 -10 5.38 190.66 221.19 322.08 0.0597766
table 0 0 -10 0.93 201.19 110.42 327.43 0.0554454
desk 0 0 -10 5.88 218.91 174.75 427.00 0.0550993
sofa 0 0 -10 2.24 144.04 248.56 271.76 0.0548195
chair 0 0 -10 0.00 176.55 90.15 314.17 0.0545158
desk 0 0 -10 272.69 155.24 549.69 365.40 0.0505497
chair 0 0 -10 95.68 154.99 381.19 408.64 0.0455086
desk 0 0 -10 1.30 204.24 89.84 408.42 0.0445490
chair 0 0 -10 6.04 168.29 148.40 383.94 0.0419097
desk 0 0 -10 322.17 96.64 423.51 195.45 0.0410078
chair 0 0 -10 135.30 133.75 242.12 265.88 0.0400739
desk 0 0 -10 417.57 135.00 556.16 370.21 0.0380410
table 0 0 -10 514.55 164.47 560.82 316.89 0.0341539
table 0 0 -10 56.65 228.71 237.01 415.65 0.0319992
chair 0 0 -10 0.28 196.99 82.17 254.61 0.0309700
desk 0 0 -10 80.73 207.45 403.30 427.00 0.0272511
desk 0 0 -10 508.64 153.96 561.00 305.76 0.0220169
table 0 0 -10 0.20 200.30 85.93 234.44 0.0218947
chair 0 0 -10 10.44 167.96 159.47 251.86 0.0197903
desk 0 0 -10 6.72 184.80 218.49 322.28 0.0192765
chair 0 0 -10 430.98 277.96 559.21 403.06 0.0175516
table 0 0 -10 271.49 103.81 555.42 375.73 0.0163816
bed 0 0 -10 2.36 204.03 105.56 425.36 0.0162011
desk 0 0 -10 303.67 100.55 549.37 264.66 0.0159488
chair 0 0 -10 495.07 122.67 560.63 369.59 0.0157765
table 0 0 -10 1.57 188.74 155.63 287.22 0.0156139
chair 0 0 -10 174.16 136.94 538.01 413.11 0.0151309
chair 0 0 -10 507.81 271.88 559.79 400.30 0.0149759
table 0 0 -10 323.35 87.45 421.39 192.85 0.0145415
chair 0 0 -10 159.05 141.79 320.72 315.00 0.0132127
table 0 0 -10 0.00 162.57 242.25 275.99 0.0130565
dresser 0 0 -10 1.72 209.50 103.48 425.61 0.0124472
table 0 0 -10 3.43 224.88 48.74 427.00 0.0122306
table 0 0 -10 196.61 174.82 551.61 317.15 0.0103832
table 0 0 -10 175.03 276.48 511.87 421.34 0.0101943
chair 0 0 -10 2.63 235.71 47.91 426.31 0.0097409
chair 0 0 -10 513.14 165.63 560.73 320.08 0.0092516
chair 0 0 -10 273.29 169.38 495.97 381.52 0.0089970
table 0 0 -10 316.89 303.22 556.81 425.38 0.0089742
desk 0 0 -10 179.36 280.36 514.21 419.84 0.0088307
desk 0 0 -10 5.65 192.33 185.54 272.47 0.0087626
night_stand 0 0 -10 513.88 170.44 560.63 288.88 0.0086603
desk 0 0 -10 58.23 227.46 232.07 417.70 0.0082378
table 0 0 -10 343.76 367.61 551.63 427.00 0.0081326
chair 0 0 -10 119.59 169.43 294.88 371.51 0.0078396
desk 0 0 -10 0.25 194.34 83.34 265.26 0.0077539
chair 0 0 -10 99.45 319.11 311.59 426.95 0.0076184
chair 0 0 -10 258.64 255.04 460.10 423.25 0.0070446
desk 0 0 -10 515.02 188.35 559.87 415.21 0.0065728
chair 0 0 -10 415.51 131.97 555.48 342.43 0.0064405
sofa 0 0 -10 0.00 146.39 235.73 398.65 0.0063750
dresser 0 0 -10 508.75 168.34 559.48 297.55 0.0055853
table 0 0 -10 444.33 153.01 560.29 373.65 0.0052884
desk 0 0 -10 304.22 256.96 559.56 419.39 0.0052679
table 0 0 -10 12.17 298.51 226.87 427.00 0.0052514
chair 0 0 -10 472.55 247.21 558.99 350.89 0.0052252
sofa 0 0 -10 7.29 150.61 167.73 240.40 0.0051260
table 0 0 -10 255.16 223.55 558.21 398.76 0.0046541
desk 0 0 -10 7.94 163.25 267.25 420.08 0.0041796
table 0 0 -10 319.08 107.93 550.89 244.34 0.0041026
chair 0 0 -10 302.02 110.41 426.39 226.20 0.0039170
sofa 0 0 -10 2.78 211.64 107.59 417.35 0.0037385
desk 0 0 -10 530.21 172.24 560.68 291.37 0.0035997
dresser 0 0 -10 484.63 161.61 561.00 374.42 0.0035965
chair 0 0 -10 0.00 195.45 56.84 286.48 0.0034472
chair 0 0 -10 211.07 127.36 433.90 252.82 0.0034393
table 0 0 -10 0.00 205.94 63.53 312.47 0.0033318
bed 0 0 -10 0.00 140.43 182.39 366.15 0.0031132
bed 0 0 -10 106.02 110.64 559.81 415.45 0.0030733
table 0 0 -10 272.74 135.21 517.48 289.11 0.0029275
desk 0 0 -10 5.02 199.72 121.61 299.49 0.0027988
table 0 0 -10 499.19 267.41 560.61 421.59 0.0027455
table 0 0 -10 117.05 284.99 240.61 427.00 0.0027111
table 0 0 -10 536.77 169.91 560.13 336.40 0.0026484
bed 0 0 -10 0.31 147.41 245.51 274.36 0.0026299
chair 0 0 -10 301.51 106.39 450.15 334.64 0.0025414
bookshelf 0 0 -10 2.54 183.83 101.44 418.39 0.0025343
chair 0 0 -10 64.98 297.16 205.58 426.07 0.0022383
chair 0 0 -10 20.05 107.96 165.27 241.00 0.0021935
