chair 0 0 -10 102.07 193.95 309.81 425.28 0.9977105
table 0 0 -10 188.05 212.43 561.00 427.00 0.6909742
desk 0 0 -10 186.77 196.29 553.16 426.86 0.6777647
desk 0 0 -10 66.44 193.56 323.90 389.88 0.0767828
dresser 0 0 -10 0.20 83.45 102.21 400.71 0.0749063
chair 0 0 -10 132.72 182.15 226.34 323.50 0.0544993
desk 0 0 -10 400.78 229.95 560.12 421.38 0.0445777
table 0 0 -10 405.60 232.44 561.00 413.45 0.0329015
table 0 0 -10 125.92 183.35 376.43 390.83 0.0313213
chair 0 0 -10 146.58 168.99 316.78 327.00 0.0288278
table 0 0 -10 0.86 190.71 103.32 392.01 0.0269176
chair 0 0 -10 293.43 236.38 539.36 421.39 0.0215750
chair 0 0 -10 412.08 235.38 559.02 420.09 0.0170660
desk 0 0 -10 0.12 188.15 105.33 395.72 0.0149732
desk 0 0 -10 129.40 190.68 255.29 294.46 0.0138876
table 0 0 -10 282.16 284.24 558.96 427.00 0.0132685
table 0 0 -10 0.00 396.71 127.17 425.77 0.0123249
chair 0 0 -10 173.94 200.65 392.03 419.62 0.0119851
table 0 0 -10 89.67 190.15 291.43 363.91 0.0118181
desk 0 0 -10 109.44 185.39 298.70 329.16 0.0094516
chair 0 0 -10 191.85 180.91 305.99 398.59 0.0092489
chair 0 0 -10 135.96 200.26 285.45 298.27 0.0081177
table 0 0 -10 0.00 321.12 230.83 427.00 0.0080218
table 0 0 -10 0.00 247.52 137.88 425.68 0.0077918
chair 0 0 -10 1.28 165.51 101.38 382.05 0.0070370
bed 0 0 -10 0.00 166.82 104.32 395.05 0.0061099
bookshelf 0 0 -10 1.26 104.77 103.99 400.00 0.0060740
chair 0 0 -10 102.04 171.17 250.27 359.03 0.0059578
table 0 0 -10 127.06 189.93 259.62 293.27 0.0054154
table 0 0 -10 1.98 361.37 181.93 426.55 0.0053629
night_stand 0 0 -10 402.76 235.77 561.00 423.88 0.0047883
chair 0 0 -10 0.69 182.80 56.21 244.36 0.0043923
chair 0 0 -10 477.86 227.21 559.97 376.39 0.0038761
desk 0 0 -10 78.02 219.75 235.50 295.26 0.0038547
sofa 0 0 -10 3.45 175.41 101.97 394.15 0.0037985
desk 0 0 -10 176.21 177.31 372.93 383.92 0.0036874
table 0 0 -10 153.01 172.43 336.20 313.99 0.0036070
table 0 0 -10 441.81 288.52 559.20 427.00 0.0035653
bed 0 0 -10 215.81 194.97 561.00 427.00 0.0032127
table 0 0 -10 48.33 226.05 311.91 423.71 0.0032084
chair 0 0 -10 165.53 172.52 240.26 292.11 0.0030885
dresser 0 0 -10 3.77 182.25 67.53 371.65 0.0029126
chair 0 0 -10 273.45 121.96 392.71 295.74 0.0027672
night_stand 0 0 -10 229.97 208.74 561.00 427.00 0.0025448
table 0 0 -10 526.83 292.27 561.00 427.00 0.0022614
desk 0 0 -10 282.86 283.31 561.00 427.00 0.0018837
chair 0 0 -10 255.25 149.18 347.54 271.51 0.0018121
table 0 0 -10 502.57 268.93 559.49 427.00 0.0017739
sofa 0 0 -10 217.67 203.94 561.00 426.71 0.0016478
night_stand 0 0 -10 4.35 219.13 103.00 373.43 0.0015754
chair 0 0 -10 0.94 160.93 50.22 353.89 0.0015197
bookshelf 0 0 -10 102.97 181.93 287.43 380.40 0.0015005
bed 0 0 -10 0.00 6.46 79.30 409.56 0.0014774
desk 0 0 -10 0.00 319.39 237.68 427.00 0.0013919
chair 0 0 -10 73.31 335.21 423.79 425.77 0.0013735
dresser 0 0 -10 329.62 231.33 557.08 427.00 0.0013725
sofa 0 0 -10 98.38 192.00 298.16 383.87 0.0013515
chair 0 0 -10 506.97 257.74 561.00 420.14 0.0013396
chair 0 0 -10 154.15 185.43 213.89 283.41 0.0013264
table 0 0 -10 75.71 220.41 234.74 294.82 0.0013253
desk 0 0 -10 463.02 238.93 559.47 390.01 0.0013126
dresser 0 0 -10 100.25 185.93 290.21 381.89 0.0012591
chair 0 0 -10 212.78 157.62 321.60 272.78 0.0012045
desk 0 0 -10 505.06 264.50 559.08 427.00 0.0011621
chair 0 0 -10 515.58 203.55 561.00 358.23 0.0011528
table 0 0 -10 23.38 337.42 481.69 423.67 0.0011309
chair 0 0 -10 379.05 270.43 519.22 412.06 0.0010974
sofa 0 0 -10 1.84 185.10 69.83 289.01 0.0010824
chair 0 0 -10 0.09 8.08 53.38 319.81 0.0010652
desk 0 0 -10 36.32 270.11 319.53 426.74 0.0010552
table 0 0 -10 84.39 150.87 530.91 385.63 0.0010412
chair 0 0 -10 528.19 291.64 561.00 424.47 0.0010318
desk 0 0 -10 0.00 220.70 221.82 420.44 0.0010039
chair 0 0 -10 222.87 301.72 498.32 423.84 0.0009460
table 0 0 -10 207.45 261.98 436.38 427.00 0.0009139
table 0 0 -10 100.92 243.01 244.83 427.00 0.0008900
desk 0 0 -10 209.33 189.95 381.36 294.27 0.0008884
table 0 0 -10 0.90 45.42 78.56 407.27 0.0008762
chair 0 0 -10 386.18 317.98 556.31 425.10 0.0008639
desk 0 0 -10 103.95 177.31 405.17 277.90 0.0008498
table 0 0 -10 296.70 128.20 367.98 194.58 0.0008344
chair 0 0 -10 24.95 320.91 284.22 427.00 0.0008288
chair 0 0 -10 271.39 120.49 368.25 200.78 0.0007727
sofa 0 0 -10 91.94 186.60 425.06 422.46 0.0007724
chair 0 0 -10 248.15 238.15 433.95 421.68 0.0007720
chair 0 0 -10 530.29 223.95 561.00 334.05 0.0007459
dresser 0 0 -10 143.35 190.08 493.52 427.00 0.0007314
chair 0 0 -10 199.16 143.89 530.68 408.02 0.0007226
chair 0 0 -10 189.27 147.14 270.00 287.68 0.0007008
chair 0 0 -10 142.71 289.91 315.89 425.60 0.0006799
bathtub 0 0 -10 1.77 173.49 106.37 375.81 0.0006442
table 0 0 -10 446.15 362.45 555.29 426.71 0.0006188
chair 0 0 -10 216.39 165.04 347.15 375.19 0.0006156
desk 0 0 -10 17.85 337.80 482.13 423.53 0.0006138
desk 0 0 -10 0.00 372.94 224.36 425.02 0.0006035
chair 0 0 -10 156.48 171.64 287.98 263.72 0.0006009
bookshelf 0 0 -10 139.23 183.30 489.47 422.04 0.0005718
table 0 0 -10 106.79 178.51 403.29 275.98 0.0005638
chair 0 0 -10 239.10 368.36 465.55 427.00 0.0005632
toilet 0 0 -10 94.84 185.47 292.49 391.80 0.0005231
