desk 0 0 -10 4.13 170.97 521.06 427.00 0.6793455
chair 0 0 -10 254.36 153.07 358.61 287.28 0.4899917
table 0 0 -10 4.34 180.54 545.60 427.00 0.4740272
chair 0 0 -10 293.34 153.39 378.92 273.44 0.2765299
chair 0 0 -10 254.05 132.38 323.52 241.65 0.1088472
chair 0 0 -10 278.43 143.82 349.17 256.44 0.1021239
chair 0 0 -10 237.10 124.19 290.57 187.81 0.0912913
table 0 0 -10 463.67 245.30 558.70 425.93 0.0803067
desk 0 0 -10 409.95 181.37 553.63 417.85 0.0752339
chair 0 0 -10 463.17 223.19 558.67 421.69 0.0709383
table 0 0 -10 488.74 308.20 559.23 420.00 0.0479304
chair 0 0 -10 143.10 217.50 492.06 424.47 0.0405939
chair 0 0 -10 230.84 152.80 313.74 283.09 0.0359489
chair 0 0 -10 234.46 146.64 347.34 220.89 0.0332119
desk 0 0 -10 470.41 223.39 556.92 427.00 0.0318112
dresser 0 0 -10 134.72 171.32 514.42 427.00 0.0314818
chair 0 0 -10 230.03 141.21 296.41 238.33 0.0300965
chair 0 0 -10 239.04 132.31 283.99 169.98 0.0300530
table 0 0 -10 77.26 168.20 169.91 207.24 0.0296216
chair 0 0 -10 193.45 136.27 332.46 264.80 0.0250593
desk 0 0 -10 280.92 171.32 533.02 411.47 0.0240372
chair 0 0 -10 262.60 164.59 418.37 259.30 0.0237323
chair 0 0 -10 7.24 238.44 300.75 425.44 0.0215677
table 0 0 -10 264.49 155.38 380.37 200.80 0.0212934
chair 0 0 -10 256.54 129.07 339.27 197.87 0.0209171
desk 0 0 -10 368.44 160.10 548.21 316.21 0.0204548
desk 0 0 -10 264.53 153.09 364.26 207.70 0.0185909
dresser 0 0 -10 386.23 123.32 561.00 386.45 0.0180261
chair 0 0 -10 92.85 152.62 245.03 305.40 0.0177051
chair 0 0 -10 254.18 139.32 315.96 185.26 0.0168749
table 0 0 -10 247.64 147.06 358.23 188.89 0.0157079
chair 0 0 -10 68.98 145.05 159.03 204.42 0.0151283
chair 0 0 -10 35.70 158.40 186.41 314.97 0.0146889
chair 0 0 -10 0.00 207.19 71.36 414.60 0.0135356
chair 0 0 -10 0.00 171.05 30.95 244.69 0.0126561
bed 0 0 -10 0.00 170.00 528.56 427.00 0.0117283
table 0 0 -10 0.00 190.44 281.15 416.21 0.0111176
desk 0 0 -10 251.15 145.47 355.20 189.32 0.0105883
chair 0 0 -10 0.00 254.38 123.50 427.00 0.0105077
chair 0 0 -10 506.48 279.03 559.88 416.71 0.0099044
table 0 0 -10 226.61 151.79 362.67 215.90 0.0088820
table 0 0 -10 81.68 147.84 166.69 194.09 0.0085083
chair 0 0 -10 200.69 140.19 312.94 202.63 0.0073282
dresser 0 0 -10 323.35 191.36 535.67 416.71 0.0072128
chair 0 0 -10 75.49 151.58 152.97 269.09 0.0070686
chair 0 0 -10 307.50 148.35 368.85 210.71 0.0067456
chair 0 0 -10 245.15 127.21 292.88 159.08 0.0065649
desk 0 0 -10 351.27 80.75 561.00 407.86 0.0061573
dresser 0 0 -10 411.93 219.42 555.78 425.92 0.0061528
chair 0 0 -10 0.38 166.76 89.65 347.41 0.0061460
chair 0 0 -10 114.97 148.89 194.68 273.25 0.0060636
chair 0 0 -10 267.06 150.60 360.00 203.77 0.0059415
chair 0 0 -10 307.29 149.30 517.29 334.40 0.0055787
chair 0 0 -10 212.62 139.23 287.18 183.43 0.0054516
chair 0 0 -10 0.00 319.29 202.26 427.00 0.0053973
chair 0 0 -10 0.00 164.98 39.79 371.49 0.0052990
table 0 0 -10 244.47 136.89 285.15 159.74 0.0052739
table 0 0 -10 404.54 195.33 553.88 416.69 0.0051977
chair 0 0 -10 166.72 174.89 371.91 400.00 0.0051556
table 0 0 -10 0.00 177.56 27.43 251.32 0.0050598
chair 0 0 -10 288.56 128.83 418.33 299.67 0.0050001
table 0 0 -10 363.09 163.74 550.30 316.08 0.0047886
chair 0 0 -10 208.88 158.28 459.56 326.98 0.0045632
dresser 0 0 -10 286.08 26.98 561.00 348.14 0.0044345
chair 0 0 -10 74.24 151.31 132.56 194.61 0.0044062
chair 0 0 -10 278.06 118.76 348.94 163.79 0.0043580
chair 0 0 -10 312.64 200.69 528.92 427.00 0.0043500
chair 0 0 -10 216.14 119.55 307.75 172.79 0.0042455
table 0 0 -10 260.15 145.91 332.32 176.43 0.0042346
desk 0 0 -10 266.11 142.33 335.06 228.56 0.0040779
table 0 0 -10 264.04 141.95 337.32 227.50 0.0040050
table 0 0 -10 242.14 135.82 291.31 176.20 0.0038968
table 0 0 -10 0.43 229.80 61.14 413.56 0.0038600
table 0 0 -10 203.51 160.41 304.87 234.20 0.0037017
table 0 0 -10 71.30 172.66 184.31 247.33 0.0036457
chair 0 0 -10 395.43 187.54 561.00 408.50 0.0035993
table 0 0 -10 50.30 163.23 175.67 221.87 0.0034216
chair 0 0 -10 144.80 145.95 295.01 306.21 0.0034059
chair 0 0 -10 256.13 103.51 377.01 253.36 0.0033975
table 0 0 -10 249.01 128.40 329.94 202.73 0.0033431
table 0 0 -10 159.98 167.57 440.18 278.10 0.0032639
night_stand 0 0 -10 45.64 205.00 513.93 427.00 0.0032542
chair 0 0 -10 116.95 145.39 174.88 217.35 0.0032214
chair 0 0 -10 100.94 140.03 173.45 189.81 0.0030927
chair 0 0 -10 0.33 156.38 34.66 213.85 0.0029773
chair 0 0 -10 262.12 123.51 319.26 174.70 0.0029704
table 0 0 -10 2.36 182.15 108.02 408.44 0.0028785
chair 0 0 -10 31.76 153.94 124.17 280.09 0.0028289
chair 0 0 -10 297.34 159.01 415.48 221.66 0.0028089
chair 0 0 -10 2.51 194.78 189.25 400.04 0.0027827
chair 0 0 -10 0.00 318.76 85.82 427.00 0.0027155
desk 0 0 -10 221.39 155.36 358.47 226.17 0.0026909
desk 0 0 -10 254.92 160.12 386.72 244.32 0.0026853
table 0 0 -10 4.45 178.99 183.09 331.57 0.0025949
desk 0 0 -10 268.81 141.56 321.36 197.10 0.0025389
table 0 0 -10 13.99 170.69 224.81 261.38 0.0025132
sofa 0 0 -10 82.76 143.77 167.20 192.94 0.0025070
table 0 0 -10 200.99 165.79 340.77 277.51 0.0024817
chair 0 0 -10 211.04 121.19 536.24 404.36 0.0024467
night_stand 0 0 -10 412.48 226.52 560.86 425.36 0.0024306
