chair 0 0 -10 1.20 211.68 92.36 422.11 0.9778751
chair 0 0 -10 368.36 203.24 496.52 398.41 0.9675636
chair 0 0 -10 261.37 214.53 422.08 415.58 0.9668870
chair 0 0 -10 111.87 227.97 259.52 420.81 0.9661568
table 0 0 -10 0.00 176.06 490.12 400.48 0.7231772
chair 0 0 -10 262.99 212.38 414.61 317.50 0.4164858
chair 0 0 -10 115.54 233.23 253.73 327.68 0.4100618
chair 0 0 -10 381.90 184.29 485.93 301.28 0.4069298
table 0 0 -10 4.85 179.59 223.43 421.92 0.3362187
desk 0 0 -10 0.00 174.98 480.43 406.29 0.2246302
chair 0 0 -10 277.37 158.68 413.29 272.84 0.1256436
chair 0 0 -10 290.22 156.34 351.02 249.19 0.1122674
chair 0 0 -10 165.21 223.73 364.48 425.24 0.0948698
table 0 0 -10 1.22 234.45 96.95 426.87 0.0944830
chair 0 0 -10 229.30 121.62 297.49 260.13 0.0852564
chair 0 0 -10 314.92 159.73 404.02 241.93 0.0840354
chair 0 0 -10 322.81 194.77 446.17 381.95 0.0792271
chair 0 0 -10 393.07 170.63 479.20 261.32 0.0762368
chair 0 0 -10 407.48 196.37 501.75 330.77 0.0707622
chair 0 0 -10 251.43 134.19 318.81 247.17 0.0673246
chair 0 0 -10 80.73 186.52 243.18 376.08 0.0672301
chair 0 0 -10 338.55 167.83 468.17 322.10 0.0624730
chair 0 0 -10 318.72 177.90 408.17 307.33 0.0595086
table 0 0 -10 328.41 217.34 495.73 419.14 0.0525760
desk 0 0 -10 278.24 169.77 500.90 303.42 0.0472082
table 0 0 -10 278.58 181.62 483.63 343.42 0.0461364
desk 0 0 -10 333.54 171.96 476.15 241.60 0.0381874
table 0 0 -10 95.32 179.21 432.94 327.43 0.0374973
chair 0 0 -10 353.20 153.45 416.68 253.48 0.0352553
chair 0 0 -10 264.64 157.77 333.36 263.39 0.0323904
chair 0 0 -10 244.41 132.89 348.48 290.91 0.0302045
chair 0 0 -10 3.98 192.70 45.60 403.85 0.0296850
chair 0 0 -10 249.19 152.90 373.34 220.72 0.0294185
desk 0 0 -10 0.84 244.14 79.55 420.97 0.0283467
dresser 0 0 -10 544.06 96.59 559.36 318.94 0.0269562
desk 0 0 -10 5.53 179.16 221.31 425.73 0.0268143
desk 0 0 -10 293.68 182.58 503.10 413.97 0.0255198
chair 0 0 -10 215.75 106.77 275.73 279.57 0.0246075
table 0 0 -10 64.96 168.75 460.54 239.08 0.0244271
chair 0 0 -10 9.62 197.54 161.84 408.99 0.0230844
chair 0 0 -10 278.76 143.37 340.95 221.67 0.0230009
desk 0 0 -10 99.68 154.75 415.06 342.58 0.0197294
chair 0 0 -10 415.42 196.59 493.65 258.54 0.0192360
chair 0 0 -10 219.74 156.41 476.97 233.23 0.0183641
dresser 0 0 -10 535.89 59.67 556.95 322.15 0.0182871
chair 0 0 -10 313.88 154.77 363.41 235.88 0.0155110
chair 0 0 -10 162.39 128.56 275.37 314.12 0.0149885
chair 0 0 -10 0.24 153.86 52.51 314.12 0.0148815
desk 0 0 -10 366.04 178.19 485.93 283.70 0.0147860
chair 0 0 -10 43.06 228.53 210.12 425.67 0.0143395
chair 0 0 -10 395.67 161.72 428.60 263.56 0.0132234
chair 0 0 -10 408.56 172.73 485.03 228.75 0.0127192
chair 0 0 -10 214.79 179.53 388.93 331.57 0.0125724
desk 0 0 -10 403.09 169.38 476.98 226.62 0.0119505
chair 0 0 -10 382.26 163.37 440.21 233.89 0.0111815
table 0 0 -10 351.72 177.35 477.54 284.45 0.0103789
chair 0 0 -10 286.32 154.51 362.83 207.53 0.0103180
desk 0 0 -10 75.31 167.22 454.54 239.55 0.0101697
chair 0 0 -10 193.97 136.57 312.63 278.99 0.0100274
table 0 0 -10 221.09 199.34 472.54 416.56 0.0099691
table 0 0 -10 232.14 170.79 443.93 297.81 0.0094521
table 0 0 -10 178.94 165.05 339.64 225.06 0.0083949
chair 0 0 -10 144.28 189.27 235.84 320.06 0.0080866
desk 0 0 -10 372.84 203.07 487.71 402.99 0.0079412
chair 0 0 -10 103.81 199.95 355.25 352.73 0.0073901
table 0 0 -10 536.58 119.06 560.30 333.72 0.0072882
chair 0 0 -10 208.86 161.51 328.50 237.58 0.0071657
dresser 0 0 -10 549.24 147.06 560.88 336.03 0.0067970
bookshelf 0 0 -10 537.08 50.71 559.22 325.20 0.0064526
desk 0 0 -10 399.40 148.87 541.37 302.77 0.0064097
chair 0 0 -10 397.12 211.13 477.65 283.89 0.0063504
table 0 0 -10 310.27 169.85 470.00 231.98 0.0062735
table 0 0 -10 258.98 248.49 415.23 420.06 0.0061241
table 0 0 -10 547.66 144.67 559.66 346.50 0.0059096
desk 0 0 -10 104.61 166.28 262.37 341.55 0.0058921
table 0 0 -10 31.42 191.90 317.36 346.06 0.0055094
table 0 0 -10 363.22 201.36 494.99 351.28 0.0053875
chair 0 0 -10 344.16 161.01 402.55 221.98 0.0052648
chair 0 0 -10 354.54 148.82 488.30 272.78 0.0051993
desk 0 0 -10 208.15 133.84 550.45 341.92 0.0049917
table 0 0 -10 258.30 160.39 414.66 214.78 0.0049700
chair 0 0 -10 243.47 122.71 401.90 248.09 0.0048512
desk 0 0 -10 274.69 175.86 431.43 371.68 0.0046989
chair 0 0 -10 76.20 136.41 227.75 285.66 0.0046781
chair 0 0 -10 280.58 131.92 325.46 192.43 0.0046382
desk 0 0 -10 536.59 116.60 561.00 330.55 0.0045544
table 0 0 -10 401.28 170.85 477.84 226.51 0.0044920
chair 0 0 -10 39.24 143.48 266.56 342.38 0.0040889
chair 0 0 -10 292.68 132.63 552.34 360.04 0.0039966
desk 0 0 -10 0.00 117.00 529.93 295.37 0.0038014
chair 0 0 -10 299.16 138.11 346.18 204.67 0.0036153
table 0 0 -10 102.99 166.99 263.99 335.27 0.0035890
table 0 0 -10 267.17 154.02 342.21 177.13 0.0035082
dresser 0 0 -10 438.01 95.05 549.88 295.79 0.0035033
bookshelf 0 0 -10 542.84 146.51 560.34 321.24 0.0034415
chair 0 0 -10 0.46 158.85 27.84 381.29 0.0034090
chair 0 0 -10 271.46 151.60 344.51 189.40 0.0033830
chair 0 0 -10 1.86 214.35 21.56 415.26 0.0032807
desk 0 0 -10 14.34 210.83 115.29 427.00 0.0032725
desk 0 0 -10 288.73 164.73 458.26 221.57 0.0032592
