bookshelf 0 0 -10 133.32 16.86 272.55 320.31 0.8352039
table 0 0 -10 284.87 262.34 526.38 426.77 0.2641229
chair 0 0 -10 262.70 229.23 306.24 418.15 0.1340210
table 0 0 -10 470.55 187.46 554.88 402.02 0.0726638
desk 0 0 -10 1.41 202.51 146.26 367.49 0.0558142
chair 0 0 -10 238.46 229.24 296.87 321.58 0.0454938
chair 0 0 -10 251.65 203.87 366.54 417.83 0.0391213
chair 0 0 -10 245.37 219.86 290.80 385.72 0.0327773
table 0 0 -10 508.38 205.82 559.18 398.21 0.0265449
desk 0 0 -10 281.87 260.36 530.41 425.40 0.0246530
bookshelf 0 0 -10 163.33 40.19 239.15 280.16 0.0242210
chair 0 0 -10 237.84 192.45 314.81 424.42 0.0199783
chair 0 0 -10 265.88 274.32 455.49 427.00 0.0177181
bookshelf 0 0 -10 154.07 46.41 182.60 328.73 0.0172988
dresser 0 0 -10 100.70 14.16 291.79 324.61 0.0167733
bookshelf 0 0 -10 140.85 23.62 172.62 330.25 0.0152777
table 0 0 -10 435.74 203.02 483.92 268.57 0.0139345
table 0 0 -10 2.57 196.56 139.27 368.14 0.0136159
chair 0 0 -10 268.75 221.73 286.45 384.08 0.0116610
chair 0 0 -10 262.44 234.76 284.47 321.44 0.0112161
bed 0 0 -10 283.34 259.12 531.51 427.00 0.0085901
bookshelf 0 0 -10 162.90 45.01 197.26 309.47 0.0082200
night_stand 0 0 -10 287.52 259.43 534.51 420.45 0.0073536
chair 0 0 -10 466.77 206.07 560.18 378.12 0.0071597
chair 0 0 -10 268.57 230.11 295.45 337.47 0.0057990
dresser 0 0 -10 282.35 264.04 523.89 427.00 0.0053359
table 0 0 -10 533.67 180.46 559.67 395.08 0.0048724
dresser 0 0 -10 3.75 197.72 146.50 369.72 0.0045149
desk 0 0 -10 82.06 7.91 296.37 320.77 0.0042375
chair 0 0 -10 349.00 262.45 551.19 418.93 0.0040867
bookshelf 0 0 -10 191.85 16.58 298.17 323.23 0.0039013
bookshelf 0 0 -10 33.15 17.16 258.18 236.29 0.0037669
chair 0 0 -10 98.01 4.54 281.65 322.69 0.0034082
dresser 0 0 -10 167.71 121.70 268.11 287.75 0.0032717
chair 0 0 -10 275.08 219.49 292.61 383.15 0.0030432
chair 0 0 -10 248.50 178.66 286.45 319.71 0.0029188
bookshelf 0 0 -10 129.82 0.77 487.49 332.46 0.0027557
chair 0 0 -10 244.74 226.52 287.15 293.62 0.0026986
bookshelf 0 0 -10 105.49 4.66 187.58 358.02 0.0025858
desk 0 0 -10 471.86 209.79 560.01 389.44 0.0022057
chair 0 0 -10 250.83 192.26 530.92 417.96 0.0021973
bookshelf 0 0 -10 12.57 0.00 207.66 354.59 0.0021779
table 0 0 -10 302.83 266.62 462.76 344.33 0.0021593
table 0 0 -10 263.36 221.49 301.10 399.86 0.0018280
chair 0 0 -10 207.83 215.28 309.28 301.33 0.0017551
chair 0 0 -10 194.52 166.00 397.48 415.38 0.0016600
chair 0 0 -10 223.44 247.65 285.06 313.77 0.0015377
bookshelf 0 0 -10 139.18 14.31 366.08 249.22 0.0014351
bathtub 0 0 -10 282.25 265.08 522.66 421.42 0.0014256
table 0 0 -10 438.86 79.25 556.56 393.37 0.0013349
table 0 0 -10 106.39 18.74 301.40 322.34 0.0013289
chair 0 0 -10 253.18 218.76 279.06 328.57 0.0012727
chair 0 0 -10 267.66 237.18 278.15 318.03 0.0012165
chair 0 0 -10 258.40 114.65 289.93 396.92 0.0011759
bookshelf 0 0 -10 129.30 21.55 157.95 338.43 0.0011597
chair 0 0 -10 273.67 232.16 288.88 301.97 0.0011483
sofa 0 0 -10 275.58 263.91 529.54 425.73 0.0011304
chair 0 0 -10 233.43 254.56 355.14 371.24 0.0011239
bathtub 0 0 -10 3.18 192.33 143.68 366.69 0.0011208
dresser 0 0 -10 465.62 135.67 561.00 396.06 0.0011178
table 0 0 -10 482.27 183.73 556.08 312.09 0.0010938
dresser 0 0 -10 140.13 24.99 173.74 326.28 0.0010921
chair 0 0 -10 237.07 229.06 438.27 369.76 0.0010598
bathtub 0 0 -10 2.72 188.10 123.72 235.50 0.0009695
bookshelf 0 0 -10 215.24 40.75 259.15 288.13 0.0009630
table 0 0 -10 226.74 305.15 449.50 427.00 0.0009609
chair 0 0 -10 165.14 291.02 422.60 427.00 0.0009471
table 0 0 -10 540.10 197.67 554.14 413.32 0.0008937
night_stand 0 0 -10 237.87 246.52 284.25 320.24 0.0008493
chair 0 0 -10 157.79 67.94 198.95 321.39 0.0008403
table 0 0 -10 379.51 266.25 455.64 296.03 0.0008386
desk 0 0 -10 141.11 84.10 282.24 321.22 0.0008107
table 0 0 -10 228.40 243.08 280.38 317.68 0.0007557
toilet 0 0 -10 231.92 209.52 283.05 319.83 0.0007374
chair 0 0 -10 137.92 31.72 346.69 366.26 0.0007090
chair 0 0 -10 238.87 125.95 283.40 306.31 0.0006869
table 0 0 -10 545.43 205.25 557.17 413.20 0.0006813
bookshelf 0 0 -10 462.30 11.94 558.04 377.86 0.0006779
chair 0 0 -10 209.26 148.14 346.81 327.68 0.0006667
dresser 0 0 -10 530.23 123.89 558.62 403.51 0.0006596
dresser 0 0 -10 9.69 11.58 213.03 346.70 0.0006021
desk 0 0 -10 263.43 219.20 301.10 400.26 0.0005883
chair 0 0 -10 285.00 258.56 292.90 381.45 0.0005879
desk 0 0 -10 462.60 83.59 561.00 409.72 0.0005825
bookshelf 0 0 -10 532.43 23.85 560.20 376.42 0.0005802
dresser 0 0 -10 159.22 81.69 198.13 326.93 0.0005707
bathtub 0 0 -10 168.95 134.68 267.02 282.42 0.0005692
chair 0 0 -10 166.74 83.73 219.55 281.54 0.0005673
chair 0 0 -10 273.40 104.80 303.48 406.66 0.0005582
table 0 0 -10 168.41 136.21 267.12 290.73 0.0005501
bathtub 0 0 -10 231.49 207.34 282.84 316.40 0.0005491
desk 0 0 -10 193.87 143.27 559.01 401.28 0.0005437
dresser 0 0 -10 190.00 22.57 301.28 323.12 0.0005387
table 0 0 -10 203.51 151.54 552.23 403.29 0.0005365
dresser 0 0 -10 509.75 207.90 559.93 400.89 0.0005358
dresser 0 0 -10 262.72 233.30 303.46 415.72 0.0005281
table 0 0 -10 370.32 187.43 549.21 399.50 0.0005261
bed 0 0 -10 142.66 0.64 475.97 407.73 0.0005165
bookshelf 0 0 -10 242.61 6.36 273.91 313.66 0.0005066
bathtub 0 0 -10 184.67 253.32 290.32 323.14 0.0005063
