chair 0 0 -10 129.88 307.52 261.94 425.67 0.9852602
chair 0 0 -10 489.02 270.74 561.00 416.74 0.9382386
chair 0 0 -10 252.06 257.95 322.00 341.11 0.9065673
table 0 0 -10 223.85 322.13 550.55 425.72 0.8582636
chair 0 0 -10 247.75 255.38 332.89 395.11 0.3952077
table 0 0 -10 279.34 367.14 529.89 425.41 0.2868560
chair 0 0 -10 247.69 368.84 389.05 427.00 0.2527130
table 0 0 -10 205.21 317.23 401.31 427.00 0.2010622
chair 0 0 -10 439.96 368.16 561.00 427.00 0.1885044
table 0 0 -10 169.28 251.21 334.65 377.16 0.1805442
table 0 0 -10 99.85 284.04 537.18 422.15 0.1780460
table 0 0 -10 248.98 366.89 390.68 426.29 0.1710168
chair 0 0 -10 211.91 309.01 367.10 427.00 0.1689326
chair 0 0 -10 419.41 277.41 559.08 425.54 0.1157761
chair 0 0 -10 375.22 386.00 543.76 427.00 0.0925199
chair 0 0 -10 172.09 247.48 295.19 420.21 0.0817910
table 0 0 -10 356.07 402.50 532.65 427.00 0.0810806
chair 0 0 -10 166.15 262.42 267.21 376.92 0.0653645
chair 0 0 -10 200.75 241.94 324.40 353.76 0.0485837
table 0 0 -10 249.09 396.17 555.37 425.09 0.0348951
table 0 0 -10 456.58 275.75 560.80 420.40 0.0314036
dresser 0 0 -10 0.19 16.97 68.40 384.15 0.0307744
desk 0 0 -10 281.50 366.53 528.46 425.42 0.0307609
chair 0 0 -10 346.05 348.48 561.00 427.00 0.0307324
bookshelf 0 0 -10 0.66 11.65 54.83 414.01 0.0304454
desk 0 0 -10 100.98 276.91 539.50 422.74 0.0295939
table 0 0 -10 246.40 412.22 551.57 426.51 0.0290599
chair 0 0 -10 149.68 312.38 470.55 426.77 0.0274972
desk 0 0 -10 164.42 254.48 321.90 346.65 0.0238917
table 0 0 -10 430.40 339.16 559.77 425.72 0.0209878
table 0 0 -10 502.24 280.47 561.00 403.66 0.0191764
table 0 0 -10 146.84 304.53 340.26 421.34 0.0189790
table 0 0 -10 244.17 280.72 371.04 413.04 0.0166353
desk 0 0 -10 244.58 328.76 508.58 426.77 0.0154120
table 0 0 -10 451.90 393.14 542.67 427.00 0.0149005
table 0 0 -10 265.36 337.69 432.39 425.56 0.0145509
table 0 0 -10 167.13 247.97 280.71 338.76 0.0132923
chair 0 0 -10 548.04 277.40 560.76 425.13 0.0131819
chair 0 0 -10 304.11 399.15 561.00 424.72 0.0128850
table 0 0 -10 337.93 377.17 502.34 420.00 0.0109753
table 0 0 -10 112.85 317.76 254.10 427.00 0.0102787
chair 0 0 -10 457.45 402.47 561.00 427.00 0.0099436
table 0 0 -10 370.44 417.62 518.77 426.87 0.0095681
chair 0 0 -10 275.94 306.12 553.20 426.83 0.0092341
chair 0 0 -10 253.03 334.52 334.04 411.64 0.0071314
chair 0 0 -10 253.94 263.98 294.41 375.51 0.0068619
table 0 0 -10 152.97 269.31 267.65 397.20 0.0065975
sofa 0 0 -10 352.88 376.05 540.74 427.00 0.0063328
chair 0 0 -10 269.36 377.73 473.05 424.12 0.0058958
desk 0 0 -10 350.76 402.48 537.35 426.79 0.0057178
chair 0 0 -10 530.60 276.61 560.71 421.91 0.0054250
chair 0 0 -10 350.76 410.28 541.45 426.31 0.0051786
table 0 0 -10 248.49 264.67 319.51 344.48 0.0051079
table 0 0 -10 214.49 399.96 384.12 427.00 0.0049965
table 0 0 -10 460.24 408.84 541.36 426.91 0.0047051
table 0 0 -10 548.10 278.03 560.72 425.21 0.0045438
chair 0 0 -10 163.25 392.31 388.23 427.00 0.0042891
table 0 0 -10 247.97 325.08 467.51 388.34 0.0041230
chair 0 0 -10 541.46 265.73 559.96 395.09 0.0040641
chair 0 0 -10 555.32 281.69 560.57 419.94 0.0037556
desk 0 0 -10 245.41 396.28 560.28 425.37 0.0036665
chair 0 0 -10 552.54 287.91 559.47 415.75 0.0035973
table 0 0 -10 204.10 255.09 324.81 336.96 0.0035786
desk 0 0 -10 248.97 351.31 388.42 426.55 0.0034202
table 0 0 -10 70.55 183.09 465.12 401.14 0.0034181
chair 0 0 -10 85.53 271.99 242.50 418.19 0.0034101
sofa 0 0 -10 111.50 302.90 249.36 427.00 0.0032491
chair 0 0 -10 247.08 261.60 393.96 423.41 0.0032243
chair 0 0 -10 128.75 377.40 309.88 425.70 0.0032242
table 0 0 -10 394.96 299.28 529.13 427.00 0.0031408
desk 0 0 -10 65.42 168.87 471.21 395.60 0.0030589
chair 0 0 -10 558.00 266.81 561.00 381.26 0.0028173
chair 0 0 -10 501.61 268.22 556.14 364.95 0.0027774
bed 0 0 -10 246.32 412.36 557.55 426.82 0.0026870
bed 0 0 -10 347.16 374.77 536.22 427.00 0.0026770
table 0 0 -10 373.38 422.06 510.62 426.95 0.0025426
sofa 0 0 -10 469.99 271.13 561.00 420.47 0.0024582
desk 0 0 -10 152.02 255.99 408.00 375.91 0.0024196
dresser 0 0 -10 3.89 42.60 38.20 416.43 0.0023711
desk 0 0 -10 496.60 278.21 560.76 409.31 0.0022822
table 0 0 -10 1.69 212.99 52.35 422.47 0.0022814
desk 0 0 -10 241.35 412.26 560.43 426.39 0.0022806
sofa 0 0 -10 103.04 305.86 535.00 427.00 0.0022440
table 0 0 -10 42.28 301.73 226.19 427.00 0.0022273
table 0 0 -10 105.24 216.99 390.33 334.11 0.0021089
bed 0 0 -10 70.82 104.89 393.94 286.96 0.0020524
table 0 0 -10 174.66 391.07 439.84 426.17 0.0019993
table 0 0 -10 249.00 347.52 343.11 414.26 0.0019951
sofa 0 0 -10 253.91 352.50 561.00 427.00 0.0019876
desk 0 0 -10 0.00 56.61 58.78 414.13 0.0019794
desk 0 0 -10 136.77 309.30 381.50 427.00 0.0019768
chair 0 0 -10 502.88 268.09 559.11 307.28 0.0018962
chair 0 0 -10 248.62 401.19 377.32 426.19 0.0018157
bookshelf 0 0 -10 330.61 374.22 528.64 425.26 0.0017472
desk 0 0 -10 187.87 264.04 348.43 416.75 0.0016579
table 0 0 -10 386.83 379.49 552.54 426.97 0.0015537
desk 0 0 -10 355.69 296.72 555.50 427.00 0.0015194
chair 0 0 -10 245.41 325.37 450.28 405.62 0.0015026
chair 0 0 -10 317.19 244.64 531.63 412.31 0.0014914
bed 0 0 -10 357.67 402.64 538.91 427.00 0.0014721
