dresser 0 0 -10 222.91 14.96 473.57 278.37 0.3712836
desk 0 0 -10 217.86 11.06 468.16 275.19 0.2861417
bookshelf 0 0 -10 219.73 3.53 453.29 286.99 0.2185140
bookshelf 0 0 -10 85.74 0.00 241.09 236.49 0.0559815
table 0 0 -10 218.95 43.99 460.57 279.83 0.0535071
bookshelf 0 0 -10 88.52 0.00 374.34 263.94 0.0316839
dresser 0 0 -10 82.55 3.59 279.78 223.23 0.0213182
dresser 0 0 -10 61.97 1.34 411.55 261.23 0.0203140
chair 0 0 -10 227.44 24.97 457.78 284.33 0.0159162
night_stand 0 0 -10 222.22 0.00 463.27 274.55 0.0094223
chair 0 0 -10 80.03 7.30 263.02 244.91 0.0093839
dresser 0 0 -10 0.00 3.19 127.85 244.95 0.0086756
desk 0 0 -10 30.64 2.68 520.67 287.90 0.0080188
dresser 0 0 -10 536.62 136.33 560.36 402.94 0.0044492
table 0 0 -10 2.90 234.53 537.72 427.00 0.0038302
bed 0 0 -10 0.00 0.00 129.86 255.27 0.0029554
bed 0 0 -10 9.16 261.51 561.00 427.00 0.0026236
table 0 0 -10 199.49 72.31 258.80 258.42 0.0021092
bed 0 0 -10 210.28 0.00 474.08 296.55 0.0018756
table 0 0 -10 97.10 15.50 415.77 264.11 0.0018419
dresser 0 0 -10 29.38 0.00 214.80 246.54 0.0017862
toilet 0 0 -10 216.86 9.59 466.06 310.59 0.0017701
desk 0 0 -10 0.00 125.36 538.05 406.25 0.0015759
table 0 0 -10 224.37 5.69 461.87 50.26 0.0014443
sofa 0 0 -10 229.06 16.23 461.26 276.14 0.0013571
bookshelf 0 0 -10 93.53 5.40 257.84 127.03 0.0013375
table 0 0 -10 85.10 18.57 260.26 247.22 0.0013293
dresser 0 0 -10 172.72 9.64 312.61 213.55 0.0012704
table 0 0 -10 97.25 108.62 231.55 241.74 0.0011874
desk 0 0 -10 74.19 14.79 271.36 244.94 0.0011802
chair 0 0 -10 201.94 30.19 261.24 246.93 0.0011128
bathtub 0 0 -10 229.39 19.62 463.88 287.55 0.0009844
table 0 0 -10 214.54 34.37 272.90 246.95 0.0009829
chair 0 0 -10 201.36 65.50 291.27 206.06 0.0009488
bed 0 0 -10 539.53 114.13 561.00 419.33 0.0009266
sofa 0 0 -10 5.55 228.44 561.00 427.00 0.0008820
table 0 0 -10 219.17 3.59 465.42 112.15 0.0007661
bookshelf 0 0 -10 74.36 3.26 498.04 361.74 0.0007402
bed 0 0 -10 48.61 0.00 259.75 254.71 0.0007105
bed 0 0 -10 65.63 355.21 551.95 426.80 0.0007013
bathtub 0 0 -10 536.97 144.93 561.00 404.42 0.0006865
table 0 0 -10 48.68 50.01 499.48 364.38 0.0006128
dresser 0 0 -10 111.46 11.97 348.12 154.81 0.0006033
dresser 0 0 -10 91.88 6.45 243.87 136.05 0.0005949
bookshelf 0 0 -10 2.17 0.31 126.72 248.53 0.0005658
table 0 0 -10 231.36 149.43 443.78 296.38 0.0005564
table 0 0 -10 532.56 177.33 559.11 410.71 0.0005551
chair 0 0 -10 190.28 12.17 305.43 255.43 0.0005434
bed 0 0 -10 528.76 233.43 561.00 415.43 0.0005294
bookshelf 0 0 -10 533.13 158.68 559.36 404.90 0.0005087
chair 0 0 -10 530.99 158.47 559.91 406.49 0.0004822
bathtub 0 0 -10 462.20 129.02 561.00 365.60 0.0004691
bookshelf 0 0 -10 174.37 15.46 223.09 191.03 0.0004615
sofa 0 0 -10 530.55 237.37 560.09 416.43 0.0004540
dresser 0 0 -10 214.87 27.50 272.64 239.61 0.0004404
bed 0 0 -10 81.20 0.00 392.34 279.11 0.0004289
bookshelf 0 0 -10 90.84 1.13 180.18 161.77 0.0003978
dresser 0 0 -10 514.46 118.37 560.03 385.40 0.0003654
bathtub 0 0 -10 2.19 4.22 127.62 230.29 0.0003599
desk 0 0 -10 157.90 23.09 303.04 252.42 0.0003468
bookshelf 0 0 -10 172.66 3.24 311.55 218.75 0.0003420
bed 0 0 -10 0.00 95.69 534.70 411.44 0.0003370
chair 0 0 -10 138.48 8.58 211.54 194.18 0.0003314
night_stand 0 0 -10 96.00 5.96 377.01 256.62 0.0003284
desk 0 0 -10 212.62 28.86 274.63 247.83 0.0003273
table 0 0 -10 89.36 0.35 273.88 110.68 0.0003161
bathtub 0 0 -10 17.59 267.36 556.73 426.54 0.0003086
chair 0 0 -10 52.52 16.31 411.29 313.20 0.0003059
dresser 0 0 -10 545.60 178.96 559.88 418.53 0.0003045
desk 0 0 -10 222.88 6.99 468.91 65.80 0.0002923
bookshelf 0 0 -10 141.31 4.63 211.49 192.42 0.0002912
table 0 0 -10 162.40 27.48 300.53 253.84 0.0002764
sofa 0 0 -10 543.13 186.43 558.03 413.08 0.0002626
bathtub 0 0 -10 512.20 128.66 561.00 405.33 0.0002564
table 0 0 -10 0.50 124.03 39.72 254.73 0.0002530
desk 0 0 -10 246.24 146.21 461.02 290.08 0.0002451
sofa 0 0 -10 88.62 12.60 390.51 257.61 0.0002435
table 0 0 -10 0.00 6.43 126.77 247.29 0.0002432
table 0 0 -10 165.64 0.47 453.57 35.73 0.0002411
chair 0 0 -10 82.96 359.04 537.56 425.90 0.0002390
chair 0 0 -10 41.55 226.30 554.79 427.00 0.0002336
bookshelf 0 0 -10 109.85 7.22 349.04 160.92 0.0002286
table 0 0 -10 220.29 87.82 239.36 256.60 0.0002264
table 0 0 -10 112.85 99.02 356.91 285.60 0.0002246
chair 0 0 -10 512.06 115.53 560.90 385.83 0.0002223
table 0 0 -10 193.20 102.85 314.30 201.06 0.0002217
sofa 0 0 -10 61.98 353.98 550.89 427.00 0.0002193
bathtub 0 0 -10 528.11 242.90 561.00 418.62 0.0002182
chair 0 0 -10 338.41 168.67 559.98 417.61 0.0002153
night_stand 0 0 -10 87.98 2.90 231.86 192.63 0.0001988
bathtub 0 0 -10 480.14 196.45 559.23 334.35 0.0001978
bookshelf 0 0 -10 200.46 6.96 244.30 240.76 0.0001977
chair 0 0 -10 87.15 0.00 279.70 111.55 0.0001976
bathtub 0 0 -10 469.24 231.07 558.86 381.93 0.0001881
dresser 0 0 -10 205.47 67.95 287.11 201.35 0.0001852
table 0 0 -10 545.60 192.24 559.67 422.33 0.0001847
dresser 0 0 -10 2.45 73.60 60.47 260.30 0.0001839
table 0 0 -10 70.47 348.79 538.89 425.69 0.0001794
table 0 0 -10 125.45 99.85 265.02 205.98 0.0001782
chair 0 0 -10 0.00 0.80 143.24 176.68 0.0001745
