chair 0 0 -10 82.81 165.42 221.50 346.32 0.9926288
chair 0 0 -10 152.41 153.06 230.67 288.74 0.9822034
chair 0 0 -10 60.87 117.35 141.92 252.96 0.9423499
table 0 0 -10 1.23 160.59 222.96 348.01 0.8901114
chair 0 0 -10 1.49 220.89 51.17 392.92 0.8496156
table 0 0 -10 343.12 132.65 561.00 382.80 0.6075192
desk 0 0 -10 347.36 131.59 561.00 379.87 0.5590617
chair 0 0 -10 177.87 134.02 236.48 265.14 0.3597304
chair 0 0 -10 0.02 175.06 64.98 352.66 0.2546228
chair 0 0 -10 78.50 111.52 136.58 184.84 0.2427969
chair 0 0 -10 107.17 147.29 212.76 290.34 0.2330764
chair 0 0 -10 31.32 123.01 129.81 297.57 0.1803433
chair 0 0 -10 164.47 143.92 226.73 216.01 0.1503621
chair 0 0 -10 4.94 141.70 93.80 264.03 0.0963029
table 0 0 -10 0.68 257.53 46.24 400.04 0.0879171
table 0 0 -10 9.47 200.87 279.83 421.43 0.0837993
table 0 0 -10 331.32 151.79 473.51 425.49 0.0819864
chair 0 0 -10 200.30 157.86 231.12 275.74 0.0805029
desk 0 0 -10 10.84 152.13 228.52 355.66 0.0787339
desk 0 0 -10 341.59 123.29 503.34 305.77 0.0713788
chair 0 0 -10 90.75 130.54 171.38 254.91 0.0663489
chair 0 0 -10 68.54 152.54 168.56 329.78 0.0621218
table 0 0 -10 58.51 169.50 218.60 285.15 0.0586607
chair 0 0 -10 349.34 188.30 561.00 422.45 0.0551302
dresser 0 0 -10 282.47 126.38 343.05 202.38 0.0515469
table 0 0 -10 330.59 128.65 483.13 295.85 0.0442285
chair 0 0 -10 339.86 109.00 426.93 270.53 0.0411657
desk 0 0 -10 344.61 124.20 432.62 285.71 0.0385033
chair 0 0 -10 52.88 200.12 235.04 406.20 0.0381799
desk 0 0 -10 328.93 109.73 428.99 221.88 0.0352979
chair 0 0 -10 140.29 130.24 212.01 221.21 0.0321542
chair 0 0 -10 0.00 207.13 93.98 421.00 0.0318809
sofa 0 0 -10 0.71 241.07 47.34 389.19 0.0310063
chair 0 0 -10 171.47 143.81 229.26 182.89 0.0265972
table 0 0 -10 344.88 141.25 412.16 303.46 0.0263502
table 0 0 -10 0.00 177.93 69.86 363.79 0.0236340
table 0 0 -10 35.62 153.05 155.13 334.70 0.0231676
chair 0 0 -10 2.26 204.39 39.13 333.29 0.0231475
chair 0 0 -10 180.83 128.80 234.58 194.77 0.0229049
chair 0 0 -10 119.58 130.97 191.75 235.32 0.0223142
table 0 0 -10 156.23 142.06 547.19 425.63 0.0205835
chair 0 0 -10 152.48 140.64 213.12 195.51 0.0203775
desk 0 0 -10 0.57 254.54 45.07 401.00 0.0201754
chair 0 0 -10 324.15 54.19 452.85 274.38 0.0187890
desk 0 0 -10 332.74 147.70 471.07 426.12 0.0181648
chair 0 0 -10 22.24 136.13 116.65 235.66 0.0164906
chair 0 0 -10 211.15 144.18 236.52 269.04 0.0164239
desk 0 0 -10 40.23 159.40 157.38 339.24 0.0151705
table 0 0 -10 2.61 176.63 125.90 417.29 0.0149211
desk 0 0 -10 321.86 95.53 467.11 261.03 0.0130792
table 0 0 -10 0.39 132.94 252.19 239.72 0.0129008
desk 0 0 -10 67.73 170.50 220.51 287.40 0.0126687
desk 0 0 -10 280.39 126.71 343.29 203.38 0.0118792
desk 0 0 -10 3.07 131.16 251.96 240.59 0.0112422
desk 0 0 -10 0.67 177.58 67.42 368.54 0.0103201
desk 0 0 -10 231.40 131.02 277.44 205.13 0.0098355
night_stand 0 0 -10 350.93 121.92 561.00 375.89 0.0098150
chair 0 0 -10 35.37 120.86 206.39 246.93 0.0098080
chair 0 0 -10 134.08 156.85 217.50 204.07 0.0093669
table 0 0 -10 282.78 128.89 340.36 207.97 0.0093274
table 0 0 -10 5.15 297.04 249.64 427.00 0.0091459
table 0 0 -10 6.26 149.39 151.57 244.71 0.0089383
dresser 0 0 -10 342.62 156.54 561.00 427.00 0.0086277
chair 0 0 -10 10.25 172.89 126.63 357.58 0.0086100
desk 0 0 -10 10.07 155.01 146.49 270.83 0.0086056
chair 0 0 -10 344.87 134.97 520.70 356.11 0.0074691
chair 0 0 -10 283.64 121.41 341.98 200.56 0.0072336
desk 0 0 -10 2.20 157.79 121.88 353.37 0.0064629
chair 0 0 -10 193.00 121.33 260.81 209.00 0.0063313
table 0 0 -10 397.75 215.68 556.29 426.21 0.0062227
table 0 0 -10 123.86 120.52 203.09 201.76 0.0060794
desk 0 0 -10 264.03 113.44 479.07 221.54 0.0058022
chair 0 0 -10 0.00 141.07 53.67 284.02 0.0057442
chair 0 0 -10 52.66 123.79 103.69 229.93 0.0056260
table 0 0 -10 0.00 161.15 117.65 311.69 0.0055907
table 0 0 -10 231.86 134.08 276.22 203.39 0.0054480
chair 0 0 -10 455.91 92.29 561.00 280.61 0.0053538
table 0 0 -10 532.31 159.92 560.72 420.18 0.0051226
bookshelf 0 0 -10 282.92 121.23 342.92 203.81 0.0048896
table 0 0 -10 4.71 275.00 26.88 418.71 0.0047842
chair 0 0 -10 103.37 119.06 145.98 241.29 0.0046838
table 0 0 -10 182.31 134.76 268.04 205.85 0.0046298
dresser 0 0 -10 231.76 130.53 276.31 204.85 0.0045563
bathtub 0 0 -10 346.21 174.67 558.90 424.90 0.0044251
table 0 0 -10 137.54 131.21 217.15 173.22 0.0043832
table 0 0 -10 106.50 137.87 228.19 267.75 0.0043734
chair 0 0 -10 1.73 260.45 33.81 404.16 0.0042347
desk 0 0 -10 177.77 130.37 275.71 202.25 0.0042205
chair 0 0 -10 14.89 306.74 267.98 424.72 0.0041846
table 0 0 -10 165.64 147.97 228.17 215.10 0.0041103
chair 0 0 -10 88.19 120.23 190.88 197.31 0.0040880
night_stand 0 0 -10 283.75 127.79 341.87 209.07 0.0040672
table 0 0 -10 210.70 135.92 234.21 261.03 0.0038479
chair 0 0 -10 492.36 115.73 559.64 242.50 0.0037040
table 0 0 -10 147.34 133.22 244.67 198.01 0.0036956
dresser 0 0 -10 326.01 83.30 452.29 272.81 0.0036016
desk 0 0 -10 51.63 161.68 128.25 250.71 0.0034397
chair 0 0 -10 417.02 154.55 557.43 378.83 0.0034150
desk 0 0 -10 210.81 134.70 233.99 261.46 0.0033387
chair 0 0 -10 215.68 146.96 226.73 227.95 0.0031358
