desk 0 0 -10 41.61 207.04 557.22 422.14 0.2976548
table 0 0 -10 48.06 214.16 544.52 419.81 0.0468349
dresser 0 0 -10 50.67 200.49 561.00 426.05 0.0278437
bathtub 0 0 -10 17.42 174.50 559.27 416.96 0.0274376
desk 0 0 -10 229.06 331.45 557.63 425.03 0.0112682
table 0 0 -10 2.03 57.53 556.59 258.70 0.0090391
desk 0 0 -10 2.04 60.32 561.00 261.52 0.0088423
bathtub 0 0 -10 12.07 44.35 555.31 249.50 0.0083996
table 0 0 -10 292.36 133.26 553.93 274.31 0.0062021
chair 0 0 -10 533.54 129.08 560.40 259.68 0.0059673
chair 0 0 -10 500.32 135.81 561.00 398.98 0.0051620
chair 0 0 -10 524.30 163.49 560.38 363.01 0.0048776
dresser 0 0 -10 38.30 196.35 280.65 421.12 0.0046515
table 0 0 -10 19.84 165.91 215.55 254.19 0.0037516
desk 0 0 -10 205.72 264.17 549.72 417.72 0.0033828
bookshelf 0 0 -10 50.10 0.00 542.14 234.57 0.0031098
chair 0 0 -10 503.25 158.60 561.00 290.92 0.0029452
chair 0 0 -10 259.28 167.78 550.38 406.80 0.0028259
table 0 0 -10 16.83 0.00 539.43 184.09 0.0027629
chair 0 0 -10 533.58 229.84 561.00 421.10 0.0024625
chair 0 0 -10 531.11 174.75 560.46 237.49 0.0022919
chair 0 0 -10 499.38 213.55 561.00 343.72 0.0020063
bed 0 0 -10 194.71 168.34 561.00 423.78 0.0019318
bed 0 0 -10 326.01 137.98 559.83 273.81 0.0018945
bathtub 0 0 -10 323.86 143.67 561.00 269.66 0.0018943
chair 0 0 -10 350.65 147.06 555.07 277.26 0.0017750
bathtub 0 0 -10 192.52 244.84 557.42 414.98 0.0017282
table 0 0 -10 185.24 2.46 517.07 103.23 0.0016996
bookshelf 0 0 -10 56.32 64.17 561.00 402.73 0.0015314
chair 0 0 -10 42.96 275.19 250.64 421.19 0.0015119
dresser 0 0 -10 466.64 159.54 559.54 416.37 0.0014509
chair 0 0 -10 539.86 247.60 560.69 267.67 0.0014330
bathtub 0 0 -10 216.55 104.40 554.69 238.51 0.0014283
sofa 0 0 -10 364.64 168.76 552.78 273.38 0.0012659
chair 0 0 -10 549.04 111.44 561.00 255.48 0.0012354
chair 0 0 -10 527.73 104.60 559.55 204.95 0.0012059
dresser 0 0 -10 8.16 44.67 561.00 257.57 0.0011436
desk 0 0 -10 11.74 0.05 561.00 186.62 0.0010908
toilet 0 0 -10 6.11 152.38 544.87 424.55 0.0010290
table 0 0 -10 271.16 168.04 321.33 262.53 0.0009632
night_stand 0 0 -10 75.40 207.19 555.49 423.13 0.0009276
bed 0 0 -10 52.97 35.36 551.47 269.08 0.0009154
chair 0 0 -10 528.79 222.62 561.00 321.33 0.0009085
chair 0 0 -10 508.22 135.85 561.00 230.49 0.0009063
dresser 0 0 -10 376.65 216.16 556.57 420.36 0.0008893
table 0 0 -10 203.21 266.96 547.80 415.35 0.0008765
chair 0 0 -10 528.36 190.63 561.00 287.58 0.0008675
dresser 0 0 -10 57.74 293.04 248.35 421.63 0.0008223
table 0 0 -10 534.74 129.73 560.63 349.45 0.0007693
chair 0 0 -10 23.13 176.64 336.34 416.80 0.0007657
chair 0 0 -10 278.70 62.22 553.97 276.05 0.0007516
chair 0 0 -10 532.51 241.73 560.83 276.29 0.0007351
chair 0 0 -10 538.77 152.42 560.06 321.03 0.0006714
sofa 0 0 -10 70.91 46.80 546.04 262.39 0.0006575
table 0 0 -10 51.27 292.29 251.23 422.98 0.0006515
table 0 0 -10 533.70 241.06 560.47 425.35 0.0006124
desk 0 0 -10 2.54 110.55 377.32 413.89 0.0005946
desk 0 0 -10 33.41 190.55 292.83 426.73 0.0005737
table 0 0 -10 239.82 343.13 556.22 405.73 0.0005669
bathtub 0 0 -10 234.64 6.28 517.06 176.62 0.0005602
desk 0 0 -10 295.60 135.86 561.00 277.39 0.0005114
sofa 0 0 -10 44.86 133.49 558.30 408.37 0.0005096
chair 0 0 -10 368.45 0.00 498.32 67.82 0.0005082
desk 0 0 -10 51.82 289.45 254.77 425.60 0.0005022
table 0 0 -10 250.65 17.01 519.15 263.19 0.0004749
table 0 0 -10 539.82 249.12 560.02 267.80 0.0004690
table 0 0 -10 15.63 146.40 345.33 264.89 0.0004613
chair 0 0 -10 151.65 162.29 252.14 255.00 0.0004550
table 0 0 -10 7.32 113.09 373.58 416.40 0.0004478
chair 0 0 -10 530.86 252.12 560.66 288.19 0.0004384
dresser 0 0 -10 330.63 130.92 561.00 267.96 0.0004212
night_stand 0 0 -10 39.55 199.73 285.96 417.82 0.0004177
bookshelf 0 0 -10 180.04 180.21 561.00 423.32 0.0004170
chair 0 0 -10 358.70 156.54 413.60 262.61 0.0004169
chair 0 0 -10 554.07 137.89 560.05 237.60 0.0004008
dresser 0 0 -10 523.95 210.82 559.59 415.07 0.0003908
sofa 0 0 -10 306.13 137.13 557.29 256.48 0.0003897
dresser 0 0 -10 8.12 93.38 338.73 415.18 0.0003881
chair 0 0 -10 542.41 252.96 560.90 275.13 0.0003620
table 0 0 -10 188.70 131.47 408.14 255.21 0.0003554
chair 0 0 -10 103.80 0.83 152.42 72.33 0.0003433
table 0 0 -10 34.71 196.43 288.55 426.29 0.0003120
desk 0 0 -10 489.85 242.61 560.85 416.68 0.0003092
chair 0 0 -10 223.85 0.00 359.35 72.19 0.0003073
bathtub 0 0 -10 71.46 31.96 502.75 155.47 0.0003067
chair 0 0 -10 556.29 114.57 560.93 234.20 0.0003049
table 0 0 -10 2.59 109.37 69.27 261.52 0.0002984
chair 0 0 -10 464.93 209.92 561.00 387.93 0.0002945
bookshelf 0 0 -10 279.12 0.64 508.52 266.35 0.0002945
table 0 0 -10 539.96 204.36 560.31 366.46 0.0002926
chair 0 0 -10 283.85 315.46 556.52 420.49 0.0002920
chair 0 0 -10 552.39 127.52 558.87 271.71 0.0002857
desk 0 0 -10 524.34 211.61 559.52 413.35 0.0002768
toilet 0 0 -10 224.33 216.52 529.37 415.95 0.0002762
bookshelf 0 0 -10 337.38 100.83 556.96 262.88 0.0002741
bathtub 0 0 -10 94.81 6.10 514.41 95.51 0.0002732
chair 0 0 -10 338.75 0.00 388.92 65.25 0.0002721
desk 0 0 -10 180.88 2.88 527.83 105.06 0.0002699
desk 0 0 -10 39.19 156.69 253.57 259.08 0.0002648
table 0 0 -10 546.12 137.32 560.69 317.58 0.0002616
