chair 0 0 -10 262.48 119.90 345.32 216.12 0.8877165
dresser 0 0 -10 221.41 149.05 561.00 372.45 0.7572864
chair 0 0 -10 179.91 129.79 229.30 245.49 0.6591010
chair 0 0 -10 239.61 104.28 317.77 189.31 0.6331226
chair 0 0 -10 348.03 124.97 432.37 202.28 0.5773855
desk 0 0 -10 223.40 150.28 561.00 366.88 0.5567565
chair 0 0 -10 286.82 99.85 348.75 200.88 0.4438073
chair 0 0 -10 256.71 129.36 335.81 184.48 0.3213453
chair 0 0 -10 244.32 108.72 307.34 151.60 0.3212520
chair 0 0 -10 375.55 116.98 457.87 196.98 0.2772827
chair 0 0 -10 353.22 128.70 424.75 167.43 0.2717012
chair 0 0 -10 309.87 102.88 362.97 189.98 0.2159086
chair 0 0 -10 267.63 128.66 402.28 203.55 0.1778363
chair 0 0 -10 334.49 107.38 375.52 204.61 0.1732818
chair 0 0 -10 263.43 102.13 328.33 155.14 0.1498937
chair 0 0 -10 324.14 113.22 414.63 187.26 0.1446341
chair 0 0 -10 264.68 130.28 327.88 151.97 0.1445272
chair 0 0 -10 319.60 105.14 461.70 217.68 0.1403539
table 0 0 -10 222.50 135.16 557.50 203.27 0.1374200
bed 0 0 -10 222.77 123.83 561.00 375.36 0.1343192
chair 0 0 -10 251.93 98.92 386.74 235.65 0.1323954
chair 0 0 -10 298.75 111.61 376.89 218.43 0.1270139
table 0 0 -10 250.75 103.88 341.03 146.05 0.1178015
chair 0 0 -10 359.03 130.09 417.70 150.28 0.1111543
chair 0 0 -10 169.00 105.72 276.37 253.73 0.1104790
table 0 0 -10 233.36 154.08 554.55 365.83 0.1078750
chair 0 0 -10 297.16 107.17 350.60 151.96 0.1075778
chair 0 0 -10 410.44 111.09 454.51 193.47 0.0950197
chair 0 0 -10 240.16 125.46 330.66 159.03 0.0842473
chair 0 0 -10 314.44 108.16 339.11 182.16 0.0617042
chair 0 0 -10 145.08 114.90 232.28 252.53 0.0610198
chair 0 0 -10 206.84 98.33 321.33 247.46 0.0601049
chair 0 0 -10 275.23 121.55 346.26 161.01 0.0594438
chair 0 0 -10 350.61 124.60 483.85 180.79 0.0574833
chair 0 0 -10 346.92 110.86 359.79 183.94 0.0557467
chair 0 0 -10 338.57 110.12 352.66 173.78 0.0523485
desk 0 0 -10 224.88 133.41 552.66 205.65 0.0480565
desk 0 0 -10 251.16 107.02 350.08 150.21 0.0457100
night_stand 0 0 -10 227.12 145.73 561.00 372.01 0.0423752
chair 0 0 -10 193.19 103.70 250.99 239.85 0.0402404
chair 0 0 -10 330.73 108.51 348.66 170.29 0.0379010
chair 0 0 -10 303.73 99.39 331.21 147.36 0.0362311
chair 0 0 -10 362.74 122.40 434.55 154.01 0.0309748
chair 0 0 -10 370.31 135.91 447.90 181.09 0.0300232
table 0 0 -10 233.97 112.62 359.82 181.44 0.0224473
table 0 0 -10 235.34 127.87 337.16 157.84 0.0222227
chair 0 0 -10 369.80 126.12 458.76 166.03 0.0212553
table 0 0 -10 332.93 135.32 556.92 183.17 0.0195228
chair 0 0 -10 419.36 122.52 475.64 185.93 0.0191521
chair 0 0 -10 207.06 119.25 279.70 229.65 0.0183553
sofa 0 0 -10 220.00 149.33 560.09 378.00 0.0181019
chair 0 0 -10 326.68 108.20 382.57 167.03 0.0178624
chair 0 0 -10 240.43 107.42 278.32 196.50 0.0177893
table 0 0 -10 231.37 131.94 390.07 206.72 0.0165866
chair 0 0 -10 308.86 97.53 322.39 153.13 0.0163416
desk 0 0 -10 186.17 135.89 388.08 260.35 0.0139462
chair 0 0 -10 376.74 141.90 441.73 167.20 0.0131341
chair 0 0 -10 311.59 104.89 328.30 165.03 0.0126125
chair 0 0 -10 158.61 128.21 247.70 216.76 0.0124375
chair 0 0 -10 261.22 141.16 523.34 372.37 0.0117510
chair 0 0 -10 418.70 117.68 452.49 157.36 0.0117442
table 0 0 -10 258.38 119.17 346.21 152.86 0.0117292
table 0 0 -10 263.99 133.53 332.34 151.37 0.0116539
chair 0 0 -10 318.33 110.19 354.84 149.49 0.0115945
chair 0 0 -10 293.01 120.23 365.79 173.24 0.0097175
bathtub 0 0 -10 228.66 135.94 559.45 371.05 0.0088279
bookshelf 0 0 -10 232.70 26.57 559.05 357.73 0.0082581
chair 0 0 -10 187.87 131.69 205.95 204.29 0.0080360
chair 0 0 -10 280.51 125.19 329.82 145.74 0.0071855
desk 0 0 -10 359.65 134.05 549.75 174.55 0.0071648
chair 0 0 -10 324.52 105.25 452.02 149.12 0.0068310
chair 0 0 -10 284.06 105.79 332.94 138.60 0.0068099
chair 0 0 -10 268.61 104.98 312.94 141.58 0.0067435
dresser 0 0 -10 220.46 117.00 368.69 278.72 0.0065146
sofa 0 0 -10 247.95 102.62 338.03 147.23 0.0064278
chair 0 0 -10 207.52 116.37 302.19 185.15 0.0061629
chair 0 0 -10 332.86 113.75 364.38 149.98 0.0054725
table 0 0 -10 263.48 124.54 332.94 145.74 0.0054536
chair 0 0 -10 291.63 82.60 346.30 160.74 0.0052623
chair 0 0 -10 224.99 122.41 411.17 289.77 0.0052295
dresser 0 0 -10 223.30 135.36 475.07 300.91 0.0049842
table 0 0 -10 357.02 129.57 418.39 156.73 0.0049778
table 0 0 -10 263.07 129.97 347.00 167.72 0.0049585
chair 0 0 -10 312.82 121.25 400.67 161.45 0.0049317
table 0 0 -10 278.19 107.97 339.43 134.55 0.0046927
desk 0 0 -10 232.08 109.88 366.41 232.37 0.0046728
chair 0 0 -10 422.08 117.20 507.90 194.59 0.0046083
table 0 0 -10 188.78 140.01 391.27 256.77 0.0045412
chair 0 0 -10 210.03 131.79 239.16 241.73 0.0043675
table 0 0 -10 337.37 127.12 419.78 187.18 0.0040709
desk 0 0 -10 229.69 106.23 505.61 176.15 0.0039240
bookshelf 0 0 -10 419.73 5.38 480.50 140.10 0.0038387
table 0 0 -10 288.73 98.78 356.00 183.18 0.0037020
table 0 0 -10 181.48 141.58 217.66 231.92 0.0036183
table 0 0 -10 294.85 98.13 344.92 148.24 0.0036122
chair 0 0 -10 288.74 77.43 433.34 201.62 0.0034790
desk 0 0 -10 213.30 131.35 406.57 340.41 0.0033353
desk 0 0 -10 236.84 127.32 334.06 157.78 0.0033295
chair 0 0 -10 314.02 136.40 396.49 185.29 0.0030830
table 0 0 -10 362.17 127.48 522.89 170.15 0.0030394
