chair 0 0 -10 62.42 210.27 266.70 421.28 0.9962867
chair 0 0 -10 301.54 201.31 475.40 417.47 0.9956917
chair 0 0 -10 111.17 155.67 225.81 280.66 0.9818525
table 0 0 -10 104.85 158.27 454.46 417.86 0.9729635
chair 0 0 -10 334.46 146.47 421.98 271.92 0.8704339
chair 0 0 -10 1.02 136.59 28.83 224.20 0.6423650
chair 0 0 -10 116.65 168.96 256.49 351.55 0.3937747
chair 0 0 -10 2.78 115.20 42.36 205.94 0.2832280
chair 0 0 -10 304.92 156.42 437.55 321.78 0.1353117
table 0 0 -10 155.77 149.06 434.14 283.01 0.0935289
desk 0 0 -10 105.36 161.36 469.00 427.00 0.0557664
chair 0 0 -10 3.82 110.28 35.46 170.70 0.0508546
chair 0 0 -10 3.97 149.56 32.96 199.46 0.0424682
chair 0 0 -10 4.01 129.79 18.23 216.05 0.0383924
chair 0 0 -10 0.08 113.27 27.41 317.38 0.0348426
table 0 0 -10 120.99 160.68 293.16 357.58 0.0341707
chair 0 0 -10 2.75 127.26 10.90 241.77 0.0338410
chair 0 0 -10 285.94 119.37 439.51 264.84 0.0205584
chair 0 0 -10 0.56 155.44 22.77 207.85 0.0205365
chair 0 0 -10 311.01 144.99 392.77 280.62 0.0204417
chair 0 0 -10 182.28 140.90 324.89 297.25 0.0191481
chair 0 0 -10 1.51 143.45 44.87 266.83 0.0190650
chair 0 0 -10 141.90 130.06 280.75 312.26 0.0157710
table 0 0 -10 0.60 134.66 25.71 331.46 0.0154847
table 0 0 -10 284.02 167.37 444.47 306.66 0.0148210
chair 0 0 -10 2.93 128.19 18.49 299.03 0.0136359
chair 0 0 -10 1.30 125.30 7.66 215.75 0.0132891
chair 0 0 -10 1.09 184.47 37.40 257.84 0.0109680
table 0 0 -10 0.97 149.65 26.20 217.40 0.0104606
chair 0 0 -10 6.01 115.70 29.18 156.32 0.0104305
chair 0 0 -10 0.32 122.42 21.73 184.46 0.0102630
chair 0 0 -10 181.65 190.07 400.99 413.76 0.0086027
chair 0 0 -10 5.82 116.74 13.12 204.17 0.0078584
table 0 0 -10 70.36 183.22 269.64 411.12 0.0074031
table 0 0 -10 345.97 166.02 446.21 276.19 0.0073728
chair 0 0 -10 360.45 146.48 409.15 175.56 0.0067680
chair 0 0 -10 82.15 167.30 195.65 302.39 0.0059176
chair 0 0 -10 115.19 156.34 182.81 241.84 0.0054464
chair 0 0 -10 329.48 144.54 412.22 180.06 0.0053652
chair 0 0 -10 227.68 135.38 383.85 293.94 0.0050278
table 0 0 -10 221.71 219.51 465.89 419.41 0.0045960
chair 0 0 -10 5.68 130.15 12.18 299.41 0.0045155
chair 0 0 -10 0.68 184.44 27.09 226.26 0.0044070
chair 0 0 -10 350.17 139.78 415.75 226.64 0.0042153
chair 0 0 -10 1.78 138.13 36.61 178.81 0.0041815
table 0 0 -10 121.11 165.27 259.89 284.66 0.0039813
chair 0 0 -10 260.74 141.13 417.60 218.11 0.0034867
desk 0 0 -10 79.73 217.76 347.46 423.83 0.0034461
desk 0 0 -10 1.66 140.30 33.22 221.49 0.0034233
chair 0 0 -10 283.14 137.42 420.81 188.31 0.0033083
table 0 0 -10 1.50 128.19 33.32 238.69 0.0030666
table 0 0 -10 3.57 146.96 17.50 313.66 0.0029942
table 0 0 -10 224.14 152.93 415.02 360.08 0.0024515
chair 0 0 -10 1.92 167.38 40.53 221.53 0.0023729
table 0 0 -10 5.07 154.48 33.93 199.98 0.0023654
desk 0 0 -10 195.30 154.75 438.89 296.38 0.0023598
chair 0 0 -10 176.58 184.91 281.40 367.10 0.0023371
desk 0 0 -10 302.98 167.71 470.78 391.61 0.0022594
table 0 0 -10 269.47 151.44 435.12 248.99 0.0022249
table 0 0 -10 0.04 193.60 29.71 385.73 0.0021396
chair 0 0 -10 0.70 211.74 22.63 232.92 0.0021175
table 0 0 -10 4.20 152.66 37.53 296.60 0.0021054
chair 0 0 -10 249.34 0.00 380.30 52.62 0.0020952
chair 0 0 -10 7.26 155.08 14.55 287.41 0.0020514
chair 0 0 -10 285.93 150.94 376.62 316.63 0.0020198
desk 0 0 -10 0.21 144.92 21.00 213.70 0.0019325
table 0 0 -10 108.42 159.06 211.67 267.35 0.0018926
chair 0 0 -10 161.19 124.68 379.26 348.69 0.0018537
chair 0 0 -10 212.28 159.34 299.26 325.46 0.0018059
chair 0 0 -10 1.46 152.87 7.09 270.55 0.0017323
desk 0 0 -10 124.85 164.06 284.67 366.00 0.0017003
chair 0 0 -10 369.80 145.18 451.62 259.10 0.0016848
chair 0 0 -10 2.74 138.77 9.13 302.28 0.0016744
desk 0 0 -10 0.49 135.29 25.22 331.20 0.0016366
table 0 0 -10 7.21 133.85 45.49 211.88 0.0015878
table 0 0 -10 7.69 154.96 11.97 329.26 0.0015124
table 0 0 -10 5.95 150.55 10.45 333.82 0.0014875
chair 0 0 -10 1.81 143.13 17.26 181.51 0.0014526
desk 0 0 -10 299.82 160.42 438.90 279.57 0.0013646
table 0 0 -10 297.63 183.11 482.02 370.46 0.0013452
table 0 0 -10 2.91 137.82 10.71 250.79 0.0013407
chair 0 0 -10 4.04 176.23 32.89 336.05 0.0012826
sofa 0 0 -10 0.14 121.43 27.66 245.60 0.0011711
chair 0 0 -10 0.09 119.70 23.00 151.14 0.0011569
table 0 0 -10 536.38 161.23 559.61 213.60 0.0011340
sofa 0 0 -10 66.64 200.66 257.96 420.35 0.0011060
table 0 0 -10 4.65 195.01 15.99 396.28 0.0010853
chair 0 0 -10 68.61 253.28 250.41 361.35 0.0010652
chair 0 0 -10 1.12 192.22 20.03 213.75 0.0010643
chair 0 0 -10 254.49 144.01 327.24 307.93 0.0010623
table 0 0 -10 312.07 258.87 481.18 426.59 0.0010496
table 0 0 -10 3.01 159.56 8.88 309.56 0.0010321
chair 0 0 -10 58.09 228.81 151.58 407.81 0.0009929
table 0 0 -10 547.61 73.98 560.51 208.92 0.0009927
chair 0 0 -10 356.49 166.30 473.02 334.03 0.0009666
desk 0 0 -10 2.49 148.74 20.52 281.22 0.0009280
sofa 0 0 -10 309.43 209.92 476.52 426.18 0.0009233
table 0 0 -10 194.43 147.82 410.06 233.52 0.0009124
dresser 0 0 -10 532.28 14.65 559.38 213.54 0.0009028
chair 0 0 -10 250.00 108.04 465.87 345.51 0.0008861
