chair 0 0 -10 48.26 159.92 120.07 290.79 0.9642028
desk 0 0 -10 51.75 150.18 185.30 301.41 0.9273298
dresser 0 0 -10 369.27 189.03 559.38 421.52 0.1817100
table 0 0 -10 44.18 148.71 188.58 312.62 0.1607999
desk 0 0 -10 104.63 164.73 544.57 424.76 0.1590554
dresser 0 0 -10 115.42 177.00 548.42 427.00 0.1526238
chair 0 0 -10 52.28 169.99 95.50 277.80 0.0622551
desk 0 0 -10 20.32 142.11 217.36 358.51 0.0363178
desk 0 0 -10 13.44 219.21 420.86 420.40 0.0331708
chair 0 0 -10 81.41 157.95 128.42 297.21 0.0324364
table 0 0 -10 62.08 157.35 529.35 427.00 0.0266672
dresser 0 0 -10 46.80 151.10 195.41 311.72 0.0216019
night_stand 0 0 -10 386.02 215.51 561.00 427.00 0.0169952
table 0 0 -10 15.64 159.38 218.77 390.21 0.0150195
table 0 0 -10 13.19 309.15 379.87 426.65 0.0145257
chair 0 0 -10 55.30 142.20 157.52 274.96 0.0141901
desk 0 0 -10 73.78 157.90 133.29 288.27 0.0141792
dresser 0 0 -10 7.82 218.30 404.79 420.24 0.0115845
desk 0 0 -10 18.89 313.29 387.37 422.31 0.0109399
night_stand 0 0 -10 143.20 161.71 509.82 427.00 0.0104153
bathtub 0 0 -10 16.13 309.61 382.46 420.86 0.0077340
table 0 0 -10 31.51 359.74 323.32 426.79 0.0063245
desk 0 0 -10 331.45 175.56 558.38 427.00 0.0062466
dresser 0 0 -10 18.66 352.88 406.11 418.76 0.0060571
night_stand 0 0 -10 46.96 148.98 197.40 310.46 0.0057554
desk 0 0 -10 106.17 146.48 230.50 350.24 0.0054990
table 0 0 -10 73.40 157.74 136.29 287.21 0.0050986
dresser 0 0 -10 139.23 149.35 261.99 355.31 0.0047981
bathtub 0 0 -10 116.50 140.96 528.87 416.97 0.0042507
table 0 0 -10 1.29 265.84 60.81 385.92 0.0041701
bed 0 0 -10 116.67 138.81 535.25 427.00 0.0039734
desk 0 0 -10 43.94 169.93 121.71 297.53 0.0038330
bed 0 0 -10 33.52 317.78 368.68 421.19 0.0036242
dresser 0 0 -10 56.11 164.25 252.39 398.95 0.0032939
night_stand 0 0 -10 516.83 191.83 561.00 272.96 0.0032391
bookshelf 0 0 -10 52.28 95.76 177.14 294.49 0.0031838
table 0 0 -10 4.98 235.08 165.15 421.95 0.0030941
chair 0 0 -10 68.36 135.86 116.28 266.93 0.0030797
table 0 0 -10 42.69 170.90 125.35 298.14 0.0024251
desk 0 0 -10 49.73 140.47 179.18 208.43 0.0023118
chair 0 0 -10 12.12 179.87 118.04 316.39 0.0021762
dresser 0 0 -10 518.52 182.44 561.00 275.44 0.0021522
dresser 0 0 -10 134.18 163.46 370.66 402.88 0.0020890
desk 0 0 -10 81.99 153.60 216.83 233.72 0.0020589
night_stand 0 0 -10 40.60 248.23 470.64 420.11 0.0020150
chair 0 0 -10 11.01 342.55 342.70 425.87 0.0019598
bed 0 0 -10 9.29 209.21 414.63 424.41 0.0018638
sofa 0 0 -10 15.20 337.66 349.22 427.00 0.0017859
night_stand 0 0 -10 43.18 353.53 405.77 417.05 0.0017278
table 0 0 -10 325.21 186.60 551.38 427.00 0.0017122
desk 0 0 -10 29.61 128.83 204.09 250.69 0.0016557
chair 0 0 -10 59.61 152.79 199.04 326.49 0.0015768
table 0 0 -10 114.52 155.42 149.63 326.03 0.0015321
chair 0 0 -10 0.00 183.66 197.71 397.79 0.0015241
table 0 0 -10 3.12 238.10 80.37 415.51 0.0014720
desk 0 0 -10 35.60 358.34 350.20 425.30 0.0014079
chair 0 0 -10 364.25 165.76 559.68 417.98 0.0013974
bathtub 0 0 -10 2.68 245.03 482.81 426.28 0.0012933
bathtub 0 0 -10 360.91 202.41 561.00 393.58 0.0012914
chair 0 0 -10 116.87 108.82 267.40 274.95 0.0012796
table 0 0 -10 516.60 190.49 559.53 273.71 0.0012784
chair 0 0 -10 139.12 151.88 262.23 229.37 0.0012278
chair 0 0 -10 0.38 232.87 105.78 411.70 0.0012266
chair 0 0 -10 184.52 129.96 280.30 231.24 0.0011531
bathtub 0 0 -10 528.72 173.04 560.19 364.21 0.0011518
desk 0 0 -10 103.57 157.26 143.53 303.91 0.0011293
chair 0 0 -10 27.28 129.25 98.58 285.02 0.0011287
chair 0 0 -10 45.36 122.53 141.77 223.81 0.0011121
bookshelf 0 0 -10 70.77 1.78 199.53 210.00 0.0010079
dresser 0 0 -10 146.73 48.22 561.00 366.09 0.0009572
bookshelf 0 0 -10 47.08 133.32 119.34 275.77 0.0009232
table 0 0 -10 47.91 172.13 93.73 278.22 0.0008471
chair 0 0 -10 0.51 256.50 68.84 375.41 0.0008398
chair 0 0 -10 96.09 137.94 133.95 280.89 0.0008260
chair 0 0 -10 5.41 238.45 355.66 419.49 0.0008060
table 0 0 -10 2.73 258.15 25.28 410.44 0.0007858
desk 0 0 -10 16.28 50.00 241.71 295.12 0.0007743
desk 0 0 -10 105.29 175.86 291.75 403.69 0.0007669
desk 0 0 -10 523.04 189.51 560.83 271.51 0.0007507
bathtub 0 0 -10 532.48 183.30 561.00 291.70 0.0007488
table 0 0 -10 47.38 140.87 182.96 210.25 0.0007204
sofa 0 0 -10 43.91 143.14 170.35 298.44 0.0007166
dresser 0 0 -10 156.19 345.09 512.83 426.50 0.0007157
table 0 0 -10 42.41 130.58 154.34 185.46 0.0007081
chair 0 0 -10 213.29 100.79 371.09 252.93 0.0007015
bed 0 0 -10 368.33 180.38 558.54 426.95 0.0006932
table 0 0 -10 69.92 2.81 194.77 105.35 0.0006784
sofa 0 0 -10 60.11 168.92 115.37 286.80 0.0006672
bed 0 0 -10 40.80 142.98 160.39 310.82 0.0006634
table 0 0 -10 58.78 208.73 356.91 420.30 0.0006611
desk 0 0 -10 50.90 6.17 193.08 246.45 0.0006486
bathtub 0 0 -10 514.75 194.57 561.00 271.49 0.0006373
bookshelf 0 0 -10 102.29 27.28 559.43 408.69 0.0006320
toilet 0 0 -10 37.60 152.35 147.23 316.37 0.0006176
dresser 0 0 -10 44.18 82.61 433.53 354.27 0.0005935
table 0 0 -10 112.67 163.74 261.96 374.85 0.0005889
desk 0 0 -10 66.10 154.00 173.42 193.41 0.0005769
chair 0 0 -10 90.53 177.40 154.32 309.09 0.0005733
bathtub 0 0 -10 26.69 160.53 199.85 300.74 0.0005626
dresser 0 0 -10 21.74 37.92 232.70 291.73 0.0005511
