dresser 0 0 -10 410.76 158.42 558.62 363.96 0.5537655
desk 0 0 -10 11.44 127.27 494.53 427.00 0.3714691
dresser 0 0 -10 4.39 143.53 465.29 427.00 0.1460207
table 0 0 -10 17.67 131.35 482.82 427.00 0.0406794
bathtub 0 0 -10 10.23 129.31 481.96 420.21 0.0310498
bed 0 0 -10 4.99 108.54 483.96 427.00 0.0253157
desk 0 0 -10 402.98 158.99 561.00 374.49 0.0211763
bookshelf 0 0 -10 397.35 1.47 492.44 120.22 0.0167974
dresser 0 0 -10 507.96 158.64 560.33 402.44 0.0102984
table 0 0 -10 114.13 150.18 175.53 220.64 0.0075387
chair 0 0 -10 5.81 185.90 336.77 424.40 0.0067334
dresser 0 0 -10 534.06 156.69 560.31 411.24 0.0059009
bookshelf 0 0 -10 442.14 2.38 489.79 134.78 0.0049761
bookshelf 0 0 -10 12.23 119.32 477.79 427.00 0.0043372
night_stand 0 0 -10 15.05 156.23 449.44 423.69 0.0043268
dresser 0 0 -10 262.07 165.72 553.47 421.02 0.0043024
bathtub 0 0 -10 154.72 121.13 439.59 215.80 0.0041874
table 0 0 -10 4.49 209.68 249.64 427.00 0.0037588
chair 0 0 -10 1.63 262.48 214.17 427.00 0.0036947
chair 0 0 -10 541.64 100.67 560.59 197.49 0.0029331
dresser 0 0 -10 11.44 205.14 299.35 426.46 0.0028857
chair 0 0 -10 3.33 236.58 110.58 416.98 0.0028788
dresser 0 0 -10 67.61 297.90 390.00 425.01 0.0025246
chair 0 0 -10 392.34 144.39 556.89 373.07 0.0024555
bathtub 0 0 -10 48.47 2.91 447.84 199.00 0.0022698
desk 0 0 -10 0.00 208.66 246.79 423.68 0.0019102
bathtub 0 0 -10 113.09 71.20 412.61 188.00 0.0017002
chair 0 0 -10 0.00 226.16 56.38 405.79 0.0016107
chair 0 0 -10 489.82 94.09 560.32 166.25 0.0016051
desk 0 0 -10 396.49 116.53 553.86 176.55 0.0015275
chair 0 0 -10 247.23 117.00 310.19 213.07 0.0015019
bookshelf 0 0 -10 350.02 4.84 456.56 109.46 0.0014490
bed 0 0 -10 2.92 154.81 258.16 420.20 0.0014179
sofa 0 0 -10 3.38 170.46 430.58 427.00 0.0013769
chair 0 0 -10 418.63 1.72 491.95 76.99 0.0013697
dresser 0 0 -10 3.79 41.93 125.18 379.91 0.0013497
toilet 0 0 -10 7.76 126.25 456.39 427.00 0.0013223
night_stand 0 0 -10 415.87 158.85 561.00 360.84 0.0012596
bookshelf 0 0 -10 420.79 2.72 446.77 117.43 0.0011800
table 0 0 -10 391.97 159.90 554.29 377.81 0.0011704
table 0 0 -10 4.94 227.15 120.58 419.32 0.0011369
dresser 0 0 -10 200.36 147.74 426.61 426.03 0.0011188
chair 0 0 -10 120.05 195.31 518.91 422.06 0.0010837
dresser 0 0 -10 4.80 155.25 167.00 409.25 0.0010277
chair 0 0 -10 0.00 178.06 140.22 375.21 0.0009304
bathtub 0 0 -10 178.05 119.82 428.30 339.32 0.0008152
chair 0 0 -10 529.11 94.77 561.00 173.50 0.0008106
chair 0 0 -10 547.20 97.71 559.35 162.68 0.0007890
bookshelf 0 0 -10 398.84 57.33 496.60 118.57 0.0007784
chair 0 0 -10 390.42 0.00 499.32 101.52 0.0007530
desk 0 0 -10 271.54 142.83 547.98 413.76 0.0007267
bed 0 0 -10 416.28 134.72 561.00 401.30 0.0006957
desk 0 0 -10 533.38 157.94 561.00 417.35 0.0006281
bookshelf 0 0 -10 21.31 1.32 487.85 101.96 0.0006010
desk 0 0 -10 2.23 192.98 119.47 418.10 0.0005841
chair 0 0 -10 533.96 88.89 561.00 235.36 0.0005781
table 0 0 -10 5.46 2.95 476.09 102.16 0.0005728
bookshelf 0 0 -10 417.34 1.86 489.77 79.72 0.0005717
bookshelf 0 0 -10 15.11 0.00 483.83 265.56 0.0005538
bookshelf 0 0 -10 414.11 144.20 559.55 379.46 0.0005475
dresser 0 0 -10 421.63 10.19 558.73 235.66 0.0005359
bathtub 0 0 -10 236.85 130.41 399.49 197.02 0.0004877
chair 0 0 -10 231.66 103.60 377.71 223.66 0.0004785
desk 0 0 -10 0.00 0.00 521.81 267.66 0.0004712
night_stand 0 0 -10 73.68 332.68 402.32 423.04 0.0004562
bathtub 0 0 -10 403.97 161.15 561.00 372.12 0.0004488
dresser 0 0 -10 6.48 0.00 500.38 258.16 0.0004435
chair 0 0 -10 551.05 96.25 561.00 190.82 0.0004394
chair 0 0 -10 190.41 115.64 310.44 228.44 0.0004163
table 0 0 -10 30.76 1.45 444.42 206.12 0.0003985
chair 0 0 -10 115.78 135.38 181.97 212.93 0.0003959
chair 0 0 -10 409.62 87.41 468.54 118.32 0.0003958
chair 0 0 -10 430.35 0.00 527.12 55.75 0.0003934
bathtub 0 0 -10 195.52 100.78 551.02 413.88 0.0003780
table 0 0 -10 525.30 36.75 559.72 74.77 0.0003770
bookshelf 0 0 -10 439.73 4.27 546.05 122.90 0.0003720
dresser 0 0 -10 312.93 267.76 549.61 420.54 0.0003633
dresser 0 0 -10 349.65 24.56 554.07 313.93 0.0003597
chair 0 0 -10 321.70 148.81 529.71 413.11 0.0003551
desk 0 0 -10 0.00 3.12 502.94 101.43 0.0003525
bathtub 0 0 -10 389.08 108.13 547.32 157.61 0.0003518
chair 0 0 -10 315.63 105.66 386.63 203.95 0.0003391
bookshelf 0 0 -10 329.95 0.01 426.97 65.54 0.0003319
desk 0 0 -10 0.00 66.12 224.03 398.29 0.0003319
table 0 0 -10 3.42 238.40 61.98 419.13 0.0003196
bookshelf 0 0 -10 409.49 86.41 472.64 118.26 0.0003183
chair 0 0 -10 220.15 163.38 412.14 415.65 0.0003182
chair 0 0 -10 258.79 115.64 348.86 209.30 0.0003177
bathtub 0 0 -10 193.88 104.75 368.75 245.21 0.0003149
bed 0 0 -10 0.00 191.88 167.22 392.78 0.0003120
table 0 0 -10 533.23 165.00 560.78 420.73 0.0003026
bookshelf 0 0 -10 365.82 7.61 425.23 131.47 0.0002973
dresser 0 0 -10 1.33 82.62 146.25 257.12 0.0002850
bookshelf 0 0 -10 271.97 1.66 492.80 103.91 0.0002802
toilet 0 0 -10 109.44 144.73 179.38 223.03 0.0002751
bathtub 0 0 -10 115.41 141.84 181.32 215.61 0.0002694
chair 0 0 -10 145.04 122.08 278.25 244.11 0.0002641
chair 0 0 -10 387.88 94.93 450.19 119.41 0.0002615
dresser 0 0 -10 405.93 4.79 488.53 111.54 0.0002614
desk 0 0 -10 504.79 155.59 561.00 411.10 0.0002602
