table 0 0 -10 12.13 278.00 550.85 421.51 0.5566570
table 0 0 -10 38.96 336.19 467.77 425.22 0.2755327
bed 0 0 -10 0.00 273.59 540.79 424.26 0.1685377
desk 0 0 -10 6.65 251.18 561.00 423.52 0.1557044
dresser 0 0 -10 8.40 228.83 297.39 411.93 0.0709433
desk 0 0 -10 1.43 239.99 273.83 420.26 0.0679425
bed 0 0 -10 7.94 299.24 338.41 421.05 0.0672177
dresser 0 0 -10 245.87 117.09 341.17 301.85 0.0372277
table 0 0 -10 174.68 339.46 345.19 425.23 0.0367601
desk 0 0 -10 9.19 337.09 383.73 426.06 0.0340643
table 0 0 -10 230.58 269.85 443.48 416.32 0.0320389
sofa 0 0 -10 44.61 334.07 442.63 424.49 0.0310687
table 0 0 -10 32.57 361.19 346.13 422.76 0.0280094
table 0 0 -10 9.24 334.85 262.83 427.00 0.0251144
chair 0 0 -10 42.09 322.41 402.88 423.64 0.0183172
sofa 0 0 -10 27.43 269.33 530.79 424.93 0.0156809
table 0 0 -10 5.78 241.14 271.88 421.21 0.0143066
bed 0 0 -10 45.63 336.30 267.79 425.41 0.0134041
table 0 0 -10 140.42 264.90 515.87 383.72 0.0122383
desk 0 0 -10 187.72 282.91 508.83 425.52 0.0108987
table 0 0 -10 295.44 278.86 528.51 415.86 0.0103036
table 0 0 -10 240.33 329.07 400.41 426.88 0.0081661
dresser 0 0 -10 0.00 233.93 546.59 422.05 0.0080625
table 0 0 -10 4.66 342.68 137.17 425.86 0.0078794
chair 0 0 -10 0.00 370.19 113.93 426.84 0.0062503
bathtub 0 0 -10 12.08 231.19 304.81 404.96 0.0058677
chair 0 0 -10 8.70 223.40 414.52 420.57 0.0043295
bed 0 0 -10 146.47 328.69 347.73 424.66 0.0040834
bathtub 0 0 -10 0.00 247.46 540.73 421.70 0.0036484
chair 0 0 -10 204.77 300.06 443.52 423.64 0.0034841
dresser 0 0 -10 6.07 143.88 297.76 319.03 0.0034559
bed 0 0 -10 1.82 110.49 325.39 415.94 0.0030789
desk 0 0 -10 249.85 115.64 335.65 243.14 0.0028614
bed 0 0 -10 55.53 222.13 377.74 427.00 0.0028029
chair 0 0 -10 1.02 322.24 90.85 427.00 0.0026825
bathtub 0 0 -10 36.36 337.51 423.72 423.04 0.0026823
chair 0 0 -10 4.92 289.52 172.70 425.80 0.0026572
desk 0 0 -10 1.68 317.89 204.65 422.69 0.0024107
chair 0 0 -10 166.75 218.13 430.13 363.29 0.0023996
table 0 0 -10 168.73 299.98 475.19 361.35 0.0022318
table 0 0 -10 188.15 323.33 489.87 411.74 0.0021816
night_stand 0 0 -10 65.53 294.39 524.58 421.72 0.0019885
bookshelf 0 0 -10 12.62 167.77 457.48 406.01 0.0019267
dresser 0 0 -10 49.56 335.81 415.25 425.22 0.0018518
dresser 0 0 -10 243.93 218.63 346.59 305.49 0.0018451
bookshelf 0 0 -10 52.41 288.08 524.45 419.88 0.0018031
table 0 0 -10 28.86 373.35 235.64 426.15 0.0017597
table 0 0 -10 156.96 223.66 433.24 358.78 0.0016483
bed 0 0 -10 172.11 247.68 422.10 427.00 0.0015641
desk 0 0 -10 31.95 374.48 337.35 423.46 0.0014263
sofa 0 0 -10 150.77 328.72 347.72 423.19 0.0013952
bookshelf 0 0 -10 49.09 333.37 418.62 423.51 0.0013915
table 0 0 -10 289.83 266.06 464.41 332.41 0.0013531
chair 0 0 -10 0.00 321.22 43.15 427.00 0.0013500
table 0 0 -10 332.72 269.16 435.87 314.71 0.0013235
bookshelf 0 0 -10 1.47 222.29 291.19 422.25 0.0013082
chair 0 0 -10 246.49 112.97 339.99 244.72 0.0012374
bed 0 0 -10 32.08 375.80 332.93 423.54 0.0012172
dresser 0 0 -10 13.59 164.41 258.14 262.31 0.0011433
table 0 0 -10 1.74 353.13 76.65 423.31 0.0011306
night_stand 0 0 -10 55.00 338.59 415.22 425.36 0.0011279
chair 0 0 -10 356.60 270.34 549.20 416.22 0.0011163
desk 0 0 -10 7.99 166.52 256.82 264.86 0.0011005
dresser 0 0 -10 252.48 124.14 334.53 226.94 0.0010283
sofa 0 0 -10 33.79 363.95 329.99 425.38 0.0010245
bookshelf 0 0 -10 244.27 105.01 340.84 312.66 0.0009471
bookshelf 0 0 -10 13.40 40.63 305.75 391.45 0.0009223
dresser 0 0 -10 192.46 281.66 549.75 421.57 0.0009178
toilet 0 0 -10 45.70 336.41 396.81 424.86 0.0009062
dresser 0 0 -10 148.75 211.33 366.94 380.78 0.0009001
dresser 0 0 -10 14.11 117.72 462.97 384.15 0.0008906
chair 0 0 -10 40.84 255.45 227.33 421.05 0.0008740
chair 0 0 -10 207.00 328.97 360.15 423.71 0.0008706
dresser 0 0 -10 1.77 26.97 302.52 291.20 0.0008640
desk 0 0 -10 0.87 206.79 264.16 326.83 0.0008637
bathtub 0 0 -10 12.38 152.96 241.20 264.97 0.0008604
table 0 0 -10 2.00 164.21 232.62 249.54 0.0008414
chair 0 0 -10 30.40 378.43 228.85 426.47 0.0008363
table 0 0 -10 0.47 180.87 463.27 412.42 0.0008317
desk 0 0 -10 0.00 105.75 546.04 406.69 0.0008257
chair 0 0 -10 150.95 241.99 512.87 413.58 0.0008225
desk 0 0 -10 5.34 351.27 113.00 425.37 0.0007552
bathtub 0 0 -10 191.72 281.32 557.33 414.38 0.0007390
sofa 0 0 -10 14.09 240.24 310.14 415.98 0.0007243
bookshelf 0 0 -10 159.51 6.34 476.58 334.30 0.0006971
bookshelf 0 0 -10 5.03 157.93 244.41 255.06 0.0006906
toilet 0 0 -10 61.89 293.85 511.03 420.52 0.0006782
sofa 0 0 -10 14.17 323.68 273.27 424.96 0.0006421
chair 0 0 -10 47.64 359.62 330.33 423.20 0.0006274
chair 0 0 -10 2.65 399.78 163.03 426.30 0.0005580
night_stand 0 0 -10 249.41 115.51 336.16 233.60 0.0005553
table 0 0 -10 288.95 257.79 409.88 373.58 0.0005396
chair 0 0 -10 251.99 95.40 404.94 325.37 0.0005317
table 0 0 -10 106.29 389.23 371.26 424.84 0.0005223
dresser 0 0 -10 171.91 137.67 325.53 296.73 0.0005217
bathtub 0 0 -10 0.10 127.82 252.60 378.52 0.0005210
bed 0 0 -10 270.37 269.11 546.76 424.14 0.0004872
chair 0 0 -10 265.06 215.99 520.18 377.98 0.0004838
table 0 0 -10 253.38 238.19 386.27 302.45 0.0004828
desk 0 0 -10 0.00 103.11 275.89 374.28 0.0004735
