chair 0 0 -10 0.00 233.45 108.19 425.60 0.9252310
table 0 0 -10 1.73 140.38 421.79 421.60 0.6901709
desk 0 0 -10 0.00 137.48 447.94 419.07 0.6394930
desk 0 0 -10 456.54 212.90 561.00 427.00 0.4753361
chair 0 0 -10 0.00 175.59 76.94 373.56 0.4068219
dresser 0 0 -10 350.13 124.18 561.00 254.86 0.3594264
table 0 0 -10 449.69 210.80 561.00 427.00 0.2762789
chair 0 0 -10 3.91 206.67 210.15 423.27 0.2159379
dresser 0 0 -10 451.63 219.34 561.00 427.00 0.2027132
desk 0 0 -10 357.64 119.34 557.08 257.64 0.1878992
table 0 0 -10 2.45 262.14 107.27 423.69 0.1163903
table 0 0 -10 0.13 180.64 76.76 372.73 0.1157318
table 0 0 -10 360.48 121.86 558.31 256.31 0.0992794
dresser 0 0 -10 271.15 142.53 439.97 352.40 0.0938839
dresser 0 0 -10 325.73 140.55 484.73 320.52 0.0670723
night_stand 0 0 -10 455.56 224.11 561.00 424.71 0.0650556
bookshelf 0 0 -10 198.12 1.60 268.49 72.13 0.0625074
table 0 0 -10 6.72 197.03 190.78 416.22 0.0619481
chair 0 0 -10 0.00 155.28 57.90 311.60 0.0302742
bed 0 0 -10 450.95 202.79 561.00 427.00 0.0236269
dresser 0 0 -10 0.00 145.40 477.57 420.21 0.0228061
desk 0 0 -10 231.99 142.51 440.20 369.72 0.0200024
table 0 0 -10 0.63 213.16 46.86 399.61 0.0196004
desk 0 0 -10 371.39 158.32 561.00 380.51 0.0175874
dresser 0 0 -10 350.68 145.31 557.06 385.13 0.0163398
chair 0 0 -10 2.24 202.71 44.79 351.66 0.0156098
chair 0 0 -10 22.05 148.84 229.58 365.21 0.0149040
bed 0 0 -10 0.00 132.44 443.57 417.26 0.0130930
bookshelf 0 0 -10 136.36 1.95 283.71 143.56 0.0130894
chair 0 0 -10 440.19 204.56 557.64 427.00 0.0130027
bookshelf 0 0 -10 144.93 4.53 267.02 78.41 0.0116386
dresser 0 0 -10 346.89 9.14 561.00 241.74 0.0107937
table 0 0 -10 6.65 235.35 317.79 427.00 0.0104100
bookshelf 0 0 -10 209.07 5.47 275.69 115.02 0.0087759
table 0 0 -10 2.17 151.82 139.32 358.79 0.0087346
table 0 0 -10 5.76 159.33 247.50 335.76 0.0084217
chair 0 0 -10 146.94 125.38 238.98 230.86 0.0080311
table 0 0 -10 374.43 167.06 557.77 381.05 0.0080152
desk 0 0 -10 296.00 131.93 513.06 380.88 0.0076383
table 0 0 -10 0.00 199.68 51.16 300.89 0.0074989
chair 0 0 -10 128.02 92.12 266.42 321.35 0.0070358
desk 0 0 -10 4.42 180.12 86.64 393.79 0.0062026
chair 0 0 -10 276.38 119.08 363.22 208.56 0.0057015
chair 0 0 -10 533.39 120.47 560.69 221.35 0.0056613
bookshelf 0 0 -10 22.11 3.81 182.15 156.21 0.0054168
dresser 0 0 -10 533.49 125.88 559.79 219.65 0.0054038
chair 0 0 -10 303.60 112.86 404.44 203.36 0.0050796
sofa 0 0 -10 1.35 185.09 96.79 396.72 0.0050081
chair 0 0 -10 136.18 72.16 293.58 233.62 0.0049787
desk 0 0 -10 7.93 203.09 184.65 425.21 0.0048103
night_stand 0 0 -10 365.33 116.94 560.26 258.18 0.0046436
chair 0 0 -10 1.13 154.14 36.00 416.88 0.0045190
table 0 0 -10 0.32 168.87 62.74 267.81 0.0043495
chair 0 0 -10 4.64 175.01 127.04 296.29 0.0042648
desk 0 0 -10 331.23 128.60 446.14 340.89 0.0041888
bookshelf 0 0 -10 15.62 4.28 74.82 159.75 0.0040367
chair 0 0 -10 517.63 142.67 560.77 293.30 0.0038353
chair 0 0 -10 198.52 1.24 271.49 71.62 0.0036185
chair 0 0 -10 0.73 181.96 55.54 261.98 0.0034001
dresser 0 0 -10 198.65 3.86 269.51 71.12 0.0033039
desk 0 0 -10 3.38 255.33 106.77 425.89 0.0032323
bathtub 0 0 -10 456.75 235.68 561.00 423.98 0.0031211
table 0 0 -10 76.42 143.24 297.35 218.10 0.0030314
sofa 0 0 -10 453.29 207.72 560.49 427.00 0.0028865
desk 0 0 -10 265.37 212.05 534.59 426.37 0.0028520
chair 0 0 -10 255.71 97.51 409.29 229.96 0.0027432
dresser 0 0 -10 141.84 3.08 251.72 78.30 0.0027101
sofa 0 0 -10 2.30 217.35 152.54 424.21 0.0026922
chair 0 0 -10 314.54 123.02 349.44 209.47 0.0026062
dresser 0 0 -10 303.50 209.52 525.71 419.85 0.0025952
table 0 0 -10 186.29 138.66 467.94 407.71 0.0025824
sofa 0 0 -10 0.67 175.12 59.41 364.95 0.0024754
chair 0 0 -10 226.28 77.59 298.16 204.17 0.0024667
table 0 0 -10 0.59 226.61 17.67 397.63 0.0024217
desk 0 0 -10 3.69 175.80 46.82 378.37 0.0023866
chair 0 0 -10 0.41 266.99 34.84 393.14 0.0023523
chair 0 0 -10 258.07 131.90 447.86 344.55 0.0023155
bed 0 0 -10 363.93 105.44 561.00 255.93 0.0023028
chair 0 0 -10 367.00 120.12 537.45 259.06 0.0022746
desk 0 0 -10 134.42 1.10 256.68 78.27 0.0022649
table 0 0 -10 1.89 170.19 95.08 295.40 0.0022614
chair 0 0 -10 181.19 89.10 257.20 227.88 0.0022591
table 0 0 -10 500.30 206.92 561.00 393.55 0.0022287
desk 0 0 -10 92.35 151.20 305.17 421.31 0.0021388
desk 0 0 -10 123.28 112.62 512.64 340.49 0.0020100
bookshelf 0 0 -10 28.61 0.00 393.49 194.32 0.0019755
night_stand 0 0 -10 0.00 150.50 478.67 416.03 0.0019196
toilet 0 0 -10 439.03 217.34 559.53 427.00 0.0019150
chair 0 0 -10 112.61 120.63 208.29 219.91 0.0019064
sofa 0 0 -10 0.00 179.79 268.88 421.60 0.0018228
chair 0 0 -10 182.74 96.50 344.83 235.63 0.0017773
dresser 0 0 -10 134.90 5.10 298.39 117.72 0.0017697
chair 0 0 -10 508.55 191.83 561.00 365.44 0.0017471
bookshelf 0 0 -10 454.92 227.48 561.00 427.00 0.0016927
chair 0 0 -10 534.25 176.59 561.00 338.61 0.0016477
chair 0 0 -10 84.49 138.28 250.14 225.08 0.0016021
bathtub 0 0 -10 361.23 115.60 561.00 269.61 0.0015978
table 0 0 -10 0.00 276.08 33.43 391.93 0.0015653
chair 0 0 -10 0.45 229.18 22.69 382.77 0.0015402
chair 0 0 -10 316.72 131.64 376.31 196.85 0.0015236
