desk 0 0 -10 2.40 154.15 408.51 427.00 0.5608650
bed 0 0 -10 407.87 194.64 561.00 422.14 0.1574968
dresser 0 0 -10 0.00 160.32 388.74 425.96 0.1246741
table 0 0 -10 394.22 218.46 561.00 427.00 0.0946711
chair 0 0 -10 402.95 212.02 559.20 423.79 0.0691844
sofa 0 0 -10 405.14 225.96 561.00 427.00 0.0380654
table 0 0 -10 8.11 158.46 404.17 426.82 0.0256281
desk 0 0 -10 272.61 117.56 490.24 320.66 0.0185850
desk 0 0 -10 156.25 113.76 545.35 405.44 0.0171928
table 0 0 -10 0.39 178.22 36.97 223.24 0.0162499
dresser 0 0 -10 3.22 195.56 210.96 421.95 0.0133586
desk 0 0 -10 388.04 153.12 561.00 419.61 0.0104896
dresser 0 0 -10 466.18 116.97 558.57 251.47 0.0102735
bathtub 0 0 -10 6.89 131.29 431.30 404.81 0.0072881
bathtub 0 0 -10 21.37 108.21 333.45 220.92 0.0068098
dresser 0 0 -10 394.56 224.47 561.00 426.42 0.0056971
table 0 0 -10 272.75 134.35 532.94 421.48 0.0045037
chair 0 0 -10 0.00 198.41 198.05 427.00 0.0044212
desk 0 0 -10 455.89 120.55 560.90 255.38 0.0036026
dresser 0 0 -10 312.58 133.93 542.24 418.14 0.0033096
bookshelf 0 0 -10 137.08 0.00 293.24 85.47 0.0032605
chair 0 0 -10 387.78 317.78 559.94 427.00 0.0031293
toilet 0 0 -10 383.49 228.46 561.00 427.00 0.0029891
desk 0 0 -10 0.92 198.27 170.68 427.00 0.0029534
bed 0 0 -10 0.00 145.71 502.31 427.00 0.0028458
bed 0 0 -10 303.49 123.27 546.66 424.89 0.0027012
table 0 0 -10 311.08 269.08 478.36 427.00 0.0026475
dresser 0 0 -10 35.48 92.94 554.05 377.62 0.0026255
bathtub 0 0 -10 214.86 118.44 502.09 302.27 0.0024613
table 0 0 -10 466.76 128.73 558.20 252.94 0.0023956
bathtub 0 0 -10 366.02 232.96 561.00 421.46 0.0022889
dresser 0 0 -10 411.87 119.06 558.91 356.28 0.0021276
night_stand 0 0 -10 398.05 235.65 561.00 423.44 0.0021189
desk 0 0 -10 398.80 104.41 551.59 265.57 0.0020857
bookshelf 0 0 -10 2.25 142.29 406.93 427.00 0.0020257
bathtub 0 0 -10 181.57 150.42 366.17 192.60 0.0016992
table 0 0 -10 2.15 0.86 136.05 74.02 0.0015197
table 0 0 -10 404.54 316.80 545.97 427.00 0.0014552
dresser 0 0 -10 286.43 120.03 489.93 318.20 0.0013948
night_stand 0 0 -10 468.20 118.81 561.00 250.09 0.0013709
chair 0 0 -10 0.21 177.83 40.02 217.32 0.0012462
bookshelf 0 0 -10 145.44 0.00 476.15 80.74 0.0010226
night_stand 0 0 -10 13.61 172.29 353.27 422.53 0.0009844
table 0 0 -10 267.63 118.16 499.86 305.47 0.0008864
table 0 0 -10 399.55 123.78 557.71 350.70 0.0008768
table 0 0 -10 0.00 167.23 44.50 251.19 0.0008687
bookshelf 0 0 -10 396.65 218.37 560.33 421.25 0.0008601
desk 0 0 -10 347.68 115.24 441.29 311.15 0.0008088
night_stand 0 0 -10 0.08 178.73 39.86 223.67 0.0007655
bathtub 0 0 -10 177.36 111.22 376.89 286.53 0.0007523
table 0 0 -10 513.37 97.20 560.19 119.42 0.0007444
table 0 0 -10 3.21 209.47 164.36 427.00 0.0007210
bathtub 0 0 -10 19.93 138.90 353.01 264.89 0.0007117
desk 0 0 -10 219.84 167.86 438.13 410.57 0.0006658
bathtub 0 0 -10 291.14 148.50 551.45 412.29 0.0006508
night_stand 0 0 -10 4.00 213.72 167.19 423.33 0.0006504
chair 0 0 -10 512.69 1.70 561.00 55.89 0.0006279
bathtub 0 0 -10 307.94 133.12 395.29 181.06 0.0006082
chair 0 0 -10 302.05 278.84 510.51 426.96 0.0006022
bathtub 0 0 -10 410.08 124.88 561.00 353.79 0.0005954
chair 0 0 -10 510.55 45.53 559.76 175.87 0.0005946
table 0 0 -10 15.42 118.11 148.26 206.53 0.0005830
dresser 0 0 -10 144.82 211.04 314.77 420.62 0.0005594
bathtub 0 0 -10 138.97 28.18 516.85 274.94 0.0005496
chair 0 0 -10 434.14 105.98 561.00 257.22 0.0005327
desk 0 0 -10 295.98 190.62 536.73 427.00 0.0005276
chair 0 0 -10 294.07 0.00 353.13 49.18 0.0005205
dresser 0 0 -10 1.08 43.96 152.50 311.29 0.0005188
sofa 0 0 -10 4.28 2.46 140.09 74.32 0.0004908
chair 0 0 -10 19.66 151.54 369.13 427.00 0.0004809
table 0 0 -10 120.49 89.59 541.16 322.21 0.0004759
chair 0 0 -10 0.00 160.88 46.21 237.09 0.0004712
bed 0 0 -10 471.82 218.38 560.32 412.18 0.0004488
bed 0 0 -10 362.63 276.03 538.66 425.92 0.0004226
bathtub 0 0 -10 1.82 31.97 410.43 222.63 0.0004179
chair 0 0 -10 15.97 338.25 311.69 425.58 0.0004179
chair 0 0 -10 0.41 0.00 142.32 72.70 0.0004012
table 0 0 -10 0.01 191.65 24.87 427.00 0.0003724
chair 0 0 -10 530.88 32.15 561.00 211.89 0.0003664
table 0 0 -10 0.00 180.67 27.00 209.42 0.0003652
chair 0 0 -10 463.02 131.27 561.00 381.70 0.0003584
dresser 0 0 -10 235.50 163.14 427.95 404.91 0.0003546
bookshelf 0 0 -10 80.82 0.00 387.26 108.66 0.0003356
bed 0 0 -10 240.69 238.11 507.08 425.41 0.0003342
table 0 0 -10 463.43 168.15 560.06 421.07 0.0003339
toilet 0 0 -10 2.93 152.54 392.17 427.00 0.0003327
sofa 0 0 -10 1.25 176.33 44.18 223.39 0.0003311
table 0 0 -10 145.90 37.29 283.17 79.86 0.0003212
bookshelf 0 0 -10 0.00 0.00 151.13 85.51 0.0003203
chair 0 0 -10 386.74 0.70 442.81 48.08 0.0003180
table 0 0 -10 281.78 0.00 549.17 56.50 0.0003153
table 0 0 -10 145.52 4.14 281.62 61.89 0.0003145
bathtub 0 0 -10 448.78 126.51 560.50 270.63 0.0003109
bookshelf 0 0 -10 14.90 11.72 279.65 101.66 0.0003101
table 0 0 -10 169.20 265.75 466.76 425.51 0.0003091
sofa 0 0 -10 5.18 159.90 405.10 426.50 0.0003060
bathtub 0 0 -10 170.53 110.86 455.24 220.02 0.0003005
dresser 0 0 -10 357.79 124.14 537.00 294.31 0.0002929
table 0 0 -10 3.41 178.54 8.87 232.09 0.0002827
dresser 0 0 -10 430.32 135.18 485.57 267.17 0.0002671
