chair 0 0 -10 30.88 316.18 270.55 425.73 0.7837707
chair 0 0 -10 34.05 314.06 126.60 425.22 0.6229532
table 0 0 -10 98.14 216.99 558.41 422.75 0.5655885
desk 0 0 -10 95.63 187.21 546.93 424.69 0.5477533
chair 0 0 -10 0.76 243.17 52.26 426.31 0.5293944
chair 0 0 -10 4.78 263.94 105.58 425.75 0.1400325
chair 0 0 -10 17.31 248.77 35.78 425.01 0.0778650
chair 0 0 -10 13.05 242.26 26.78 424.50 0.0492375
sofa 0 0 -10 2.07 262.60 41.39 427.00 0.0488482
table 0 0 -10 0.97 274.58 45.16 426.01 0.0474808
chair 0 0 -10 80.15 299.08 162.64 426.18 0.0388854
sofa 0 0 -10 10.06 245.37 24.64 427.00 0.0328691
chair 0 0 -10 80.34 274.75 221.53 427.00 0.0285739
bookshelf 0 0 -10 0.00 0.00 87.59 196.39 0.0279243
bathtub 0 0 -10 100.93 168.07 525.74 404.20 0.0273080
desk 0 0 -10 151.78 170.73 555.09 300.22 0.0246067
chair 0 0 -10 159.41 263.76 533.06 420.84 0.0192185
chair 0 0 -10 3.54 248.56 82.62 363.20 0.0168170
chair 0 0 -10 1.35 262.26 29.94 425.83 0.0146134
chair 0 0 -10 336.78 260.11 555.21 417.67 0.0135343
chair 0 0 -10 8.84 244.29 21.99 426.55 0.0116399
table 0 0 -10 448.28 3.17 559.34 167.36 0.0085996
table 0 0 -10 19.47 258.14 42.18 427.00 0.0075476
bed 0 0 -10 106.14 207.71 560.07 422.61 0.0067508
desk 0 0 -10 278.60 198.06 555.59 378.35 0.0062782
table 0 0 -10 335.13 237.68 560.63 384.32 0.0061155
table 0 0 -10 6.11 280.52 26.35 426.95 0.0058596
sofa 0 0 -10 6.95 241.09 15.25 427.00 0.0057177
table 0 0 -10 14.09 250.53 31.15 424.51 0.0053316
chair 0 0 -10 86.61 236.72 329.51 426.14 0.0052734
dresser 0 0 -10 98.64 193.60 561.00 427.00 0.0047510
sofa 0 0 -10 10.39 235.59 17.14 427.00 0.0041452
table 0 0 -10 2.46 255.68 76.35 423.65 0.0041259
chair 0 0 -10 6.74 242.04 15.84 427.00 0.0038590
table 0 0 -10 139.74 171.80 552.52 297.28 0.0038022
table 0 0 -10 262.70 183.78 524.88 332.47 0.0037834
desk 0 0 -10 449.18 0.00 561.00 168.32 0.0037099
sofa 0 0 -10 17.71 243.57 35.56 427.00 0.0035002
table 0 0 -10 2.47 295.69 15.35 427.00 0.0034935
desk 0 0 -10 317.63 180.44 558.20 282.70 0.0033338
sofa 0 0 -10 14.68 310.44 170.76 427.00 0.0031586
chair 0 0 -10 451.36 1.03 560.55 170.42 0.0031245
table 0 0 -10 5.65 319.79 138.65 427.00 0.0030162
toilet 0 0 -10 0.17 248.98 83.17 427.00 0.0029635
chair 0 0 -10 24.72 249.73 55.72 421.87 0.0026981
sofa 0 0 -10 3.10 254.38 80.03 427.00 0.0026029
chair 0 0 -10 277.13 219.46 521.77 392.56 0.0024904
sofa 0 0 -10 2.34 253.98 20.46 427.00 0.0023703
sofa 0 0 -10 106.54 241.36 560.03 427.00 0.0023585
table 0 0 -10 174.89 181.37 418.68 344.75 0.0021869
toilet 0 0 -10 13.51 306.14 173.31 427.00 0.0021642
bookshelf 0 0 -10 12.12 7.20 325.17 170.11 0.0021157
chair 0 0 -10 4.92 364.54 201.24 423.87 0.0019083
desk 0 0 -10 0.00 268.62 45.81 426.65 0.0018693
chair 0 0 -10 302.48 177.23 483.31 339.75 0.0018300
chair 0 0 -10 482.80 249.01 560.41 411.58 0.0018147
desk 0 0 -10 127.04 191.65 448.41 245.20 0.0018088
chair 0 0 -10 401.37 229.92 561.00 377.68 0.0018064
chair 0 0 -10 62.87 328.58 473.44 416.44 0.0018053
bookshelf 0 0 -10 2.36 6.74 104.12 378.28 0.0017817
bathtub 0 0 -10 169.51 155.95 556.87 240.04 0.0017665
dresser 0 0 -10 452.72 2.60 559.99 165.57 0.0017255
sofa 0 0 -10 4.34 239.81 7.13 427.00 0.0016915
desk 0 0 -10 370.72 168.68 490.95 263.82 0.0016025
desk 0 0 -10 82.13 314.98 532.09 418.44 0.0015560
bathtub 0 0 -10 260.30 251.04 561.00 416.18 0.0015521
toilet 0 0 -10 133.85 188.21 540.07 425.38 0.0015239
bookshelf 0 0 -10 26.53 0.00 384.65 295.37 0.0015017
table 0 0 -10 131.12 198.08 423.06 270.66 0.0014474
bathtub 0 0 -10 62.45 112.22 561.00 312.55 0.0013439
bookshelf 0 0 -10 6.48 2.54 166.65 192.08 0.0013147
desk 0 0 -10 42.11 57.91 561.00 377.31 0.0012724
table 0 0 -10 361.52 193.99 543.66 317.09 0.0012139
bookshelf 0 0 -10 91.75 226.44 548.88 424.12 0.0012024
table 0 0 -10 503.50 280.67 559.47 421.36 0.0011958
dresser 0 0 -10 23.12 6.34 325.65 129.44 0.0011955
desk 0 0 -10 180.19 182.30 416.40 352.69 0.0010572
table 0 0 -10 1.07 292.88 8.80 427.00 0.0009913
bathtub 0 0 -10 6.78 250.14 69.18 416.60 0.0009738
table 0 0 -10 100.23 311.78 520.00 420.41 0.0009603
bathtub 0 0 -10 17.39 5.53 396.02 290.95 0.0009413
desk 0 0 -10 2.40 222.91 78.71 420.13 0.0009404
chair 0 0 -10 227.33 0.00 331.70 136.15 0.0009187
chair 0 0 -10 230.41 161.58 343.16 284.50 0.0008990
dresser 0 0 -10 261.18 249.51 558.10 421.70 0.0008904
chair 0 0 -10 260.38 134.18 329.44 306.12 0.0008840
toilet 0 0 -10 0.53 265.15 41.13 427.00 0.0008774
table 0 0 -10 90.72 294.00 156.64 426.55 0.0008716
bathtub 0 0 -10 153.02 127.81 430.86 283.20 0.0008590
table 0 0 -10 467.27 262.50 559.58 386.05 0.0008427
table 0 0 -10 9.51 243.39 20.64 427.00 0.0007966
bookshelf 0 0 -10 454.21 0.00 560.01 169.82 0.0007934
chair 0 0 -10 263.39 184.80 368.14 286.11 0.0007931
desk 0 0 -10 242.42 103.23 561.00 334.24 0.0007912
table 0 0 -10 27.19 290.63 189.86 426.55 0.0007908
chair 0 0 -10 190.58 144.69 553.85 399.71 0.0007655
chair 0 0 -10 388.41 161.44 478.41 263.05 0.0007555
bed 0 0 -10 451.71 0.00 559.58 173.97 0.0007521
toilet 0 0 -10 13.29 235.53 26.20 427.00 0.0007349
bathtub 0 0 -10 107.89 172.31 512.85 269.48 0.0007288
