chair 0 0 -10 157.80 145.43 363.72 416.98 0.9969656
chair 0 0 -10 359.03 187.33 559.58 424.96 0.9893273
chair 0 0 -10 241.69 107.28 365.63 299.42 0.9511092
table 0 0 -10 235.04 159.83 550.41 399.77 0.8662525
chair 0 0 -10 315.99 103.09 409.79 268.12 0.7966671
chair 0 0 -10 484.55 112.35 561.00 269.04 0.5415463
chair 0 0 -10 347.62 85.78 455.63 247.80 0.3337786
chair 0 0 -10 199.33 113.23 328.49 326.02 0.2824619
chair 0 0 -10 240.83 108.49 323.22 243.66 0.2720354
chair 0 0 -10 318.03 98.45 398.59 196.93 0.2464740
chair 0 0 -10 392.19 144.87 553.92 320.57 0.2310165
desk 0 0 -10 224.90 151.96 551.57 427.00 0.1820834
chair 0 0 -10 413.39 108.27 553.74 258.59 0.0941957
chair 0 0 -10 246.75 111.16 315.59 190.41 0.0928063
table 0 0 -10 446.05 125.90 560.93 292.91 0.0906327
chair 0 0 -10 399.42 80.42 454.58 256.02 0.0877264
chair 0 0 -10 515.48 113.18 560.86 237.54 0.0867989
desk 0 0 -10 471.06 131.15 561.00 322.32 0.0529258
chair 0 0 -10 455.84 140.76 560.61 363.29 0.0494566
desk 0 0 -10 448.89 182.52 558.13 414.72 0.0458138
table 0 0 -10 447.42 184.53 558.14 414.29 0.0404581
chair 0 0 -10 376.45 95.11 489.57 283.77 0.0378770
chair 0 0 -10 350.04 168.84 508.09 360.96 0.0365942
table 0 0 -10 410.19 138.32 557.15 230.19 0.0329218
table 0 0 -10 237.84 157.04 435.78 345.17 0.0315736
chair 0 0 -10 523.37 135.67 561.00 345.78 0.0259794
table 0 0 -10 283.55 149.25 544.19 279.91 0.0251259
chair 0 0 -10 152.72 132.06 270.69 381.57 0.0245020
chair 0 0 -10 170.90 132.48 306.99 275.82 0.0233310
chair 0 0 -10 224.94 151.26 341.44 266.29 0.0207457
table 0 0 -10 312.82 151.55 419.15 369.47 0.0192259
chair 0 0 -10 492.06 112.81 559.04 185.28 0.0172653
chair 0 0 -10 535.98 107.70 560.49 263.05 0.0154572
desk 0 0 -10 499.41 193.34 558.97 409.46 0.0150642
table 0 0 -10 494.19 208.12 561.00 422.40 0.0143670
chair 0 0 -10 290.37 99.09 497.00 304.76 0.0141474
chair 0 0 -10 324.26 100.97 385.73 158.06 0.0134878
chair 0 0 -10 489.60 192.02 559.78 413.66 0.0126220
chair 0 0 -10 50.28 136.93 306.53 425.04 0.0107351
chair 0 0 -10 355.76 235.45 486.19 400.08 0.0106984
table 0 0 -10 484.78 145.64 561.00 345.42 0.0101814
desk 0 0 -10 452.73 120.78 547.66 261.70 0.0089769
chair 0 0 -10 272.83 101.07 442.11 222.23 0.0088665
chair 0 0 -10 208.30 116.03 457.06 334.99 0.0084600
chair 0 0 -10 218.72 161.77 396.12 374.63 0.0081514
chair 0 0 -10 444.50 113.52 557.17 207.87 0.0081124
desk 0 0 -10 520.76 153.74 559.99 358.39 0.0076647
chair 0 0 -10 545.01 111.23 561.00 320.74 0.0066504
desk 0 0 -10 178.26 156.37 421.88 406.29 0.0065934
table 0 0 -10 532.65 195.16 560.08 401.24 0.0064351
desk 0 0 -10 314.93 158.87 542.28 354.39 0.0059584
desk 0 0 -10 277.35 150.04 403.20 330.96 0.0059527
chair 0 0 -10 278.53 102.63 375.12 188.68 0.0055377
table 0 0 -10 335.57 162.40 484.42 343.85 0.0046891
table 0 0 -10 446.14 121.08 559.54 198.17 0.0044389
table 0 0 -10 497.52 120.33 560.87 231.77 0.0040590
table 0 0 -10 359.90 87.73 459.96 225.74 0.0035924
bed 0 0 -10 0.00 265.79 192.78 393.97 0.0035341
table 0 0 -10 545.60 214.03 560.88 364.87 0.0035221
chair 0 0 -10 250.45 142.52 354.27 186.26 0.0033729
table 0 0 -10 332.42 109.20 471.80 185.06 0.0033609
table 0 0 -10 234.88 104.30 507.85 219.62 0.0033251
chair 0 0 -10 550.79 102.80 561.00 226.53 0.0032521
chair 0 0 -10 154.10 141.70 212.90 364.99 0.0032495
table 0 0 -10 373.74 115.86 558.05 347.12 0.0030720
table 0 0 -10 193.86 142.24 366.18 367.63 0.0030685
desk 0 0 -10 217.09 154.75 352.96 318.93 0.0029379
chair 0 0 -10 334.81 174.38 455.32 313.87 0.0028355
table 0 0 -10 327.59 103.44 471.29 287.26 0.0027405
table 0 0 -10 135.13 170.37 408.17 420.24 0.0027045
chair 0 0 -10 387.54 85.72 449.35 173.17 0.0026896
table 0 0 -10 0.27 249.62 184.91 350.95 0.0026568
table 0 0 -10 288.64 145.33 397.29 300.44 0.0025670
table 0 0 -10 525.77 120.43 560.00 313.09 0.0025465
table 0 0 -10 383.99 229.61 552.31 427.00 0.0024998
table 0 0 -10 314.78 151.05 481.19 240.40 0.0023151
desk 0 0 -10 375.70 124.60 556.73 279.26 0.0020989
desk 0 0 -10 249.50 146.57 482.42 305.91 0.0020495
chair 0 0 -10 522.37 110.45 561.00 170.61 0.0020467
table 0 0 -10 398.79 104.50 496.33 276.76 0.0019779
chair 0 0 -10 532.74 189.79 560.95 401.82 0.0018610
table 0 0 -10 207.30 149.47 327.04 278.20 0.0016983
chair 0 0 -10 372.22 88.18 547.70 215.48 0.0016268
chair 0 0 -10 86.87 131.97 226.49 384.28 0.0015122
table 0 0 -10 259.53 115.54 427.75 195.32 0.0014501
chair 0 0 -10 264.94 167.65 338.26 255.98 0.0014259
chair 0 0 -10 249.62 105.34 320.42 149.99 0.0013867
chair 0 0 -10 5.66 238.65 222.61 380.28 0.0013849
table 0 0 -10 247.21 115.07 383.44 264.57 0.0013326
chair 0 0 -10 557.13 83.16 561.00 229.78 0.0012838
table 0 0 -10 317.56 193.62 534.06 308.54 0.0012734
table 0 0 -10 347.90 89.07 551.24 203.61 0.0011800
table 0 0 -10 248.61 175.28 342.07 250.08 0.0011197
table 0 0 -10 164.78 207.10 320.83 427.00 0.0010891
chair 0 0 -10 215.13 230.36 360.34 425.84 0.0010890
chair 0 0 -10 192.41 108.63 291.01 233.21 0.0010820
table 0 0 -10 176.64 110.98 547.96 312.20 0.0010466
chair 0 0 -10 545.44 209.77 561.00 368.29 0.0010005
desk 0 0 -10 300.61 145.89 450.68 262.90 0.0009785
chair 0 0 -10 554.19 98.37 561.00 348.61 0.0009740
