bed 0 0 -10 46.63 125.23 530.94 427.00 0.9942827
bed 0 0 -10 53.66 123.80 294.39 371.15 0.1180361
chair 0 0 -10 59.06 117.16 261.51 333.40 0.0195605
bed 0 0 -10 0.61 239.70 136.49 424.13 0.0119763
chair 0 0 -10 448.00 158.85 561.00 405.88 0.0103936
sofa 0 0 -10 95.31 164.57 543.11 427.00 0.0100485
bed 0 0 -10 292.54 170.47 542.71 427.00 0.0096230
chair 0 0 -10 182.70 190.52 521.63 427.00 0.0087381
bed 0 0 -10 14.37 177.20 243.72 421.05 0.0079084
night_stand 0 0 -10 202.85 156.35 314.83 230.54 0.0077291
table 0 0 -10 502.29 237.12 556.29 427.00 0.0071610
table 0 0 -10 80.51 171.80 546.03 427.00 0.0047983
night_stand 0 0 -10 71.93 219.17 154.02 350.87 0.0039063
chair 0 0 -10 473.69 225.21 552.98 427.00 0.0038003
bed 0 0 -10 437.30 165.17 557.08 394.64 0.0037880
chair 0 0 -10 344.65 185.10 547.27 427.00 0.0028513
table 0 0 -10 456.13 220.65 553.40 422.03 0.0027358
dresser 0 0 -10 454.66 198.65 539.36 382.92 0.0026674
table 0 0 -10 527.58 276.81 559.50 419.39 0.0025706
sofa 0 0 -10 2.71 236.53 135.10 419.50 0.0022886
bed 0 0 -10 117.17 137.46 248.43 325.11 0.0021382
sofa 0 0 -10 57.76 119.94 292.76 355.79 0.0019907
chair 0 0 -10 61.94 137.35 362.75 414.50 0.0019552
chair 0 0 -10 499.31 236.83 559.25 391.76 0.0019433
chair 0 0 -10 458.73 182.83 540.87 330.58 0.0018817
desk 0 0 -10 475.35 193.24 555.08 425.02 0.0018816
dresser 0 0 -10 116.10 174.08 534.52 427.00 0.0017304
night_stand 0 0 -10 253.05 140.14 320.69 240.77 0.0015982
dresser 0 0 -10 61.00 126.86 273.50 362.51 0.0015784
chair 0 0 -10 228.95 117.77 309.25 245.21 0.0014911
bed 0 0 -10 144.99 294.54 457.25 423.43 0.0013672
chair 0 0 -10 501.87 129.99 554.06 352.70 0.0013616
night_stand 0 0 -10 453.69 204.08 542.65 376.97 0.0013225
chair 0 0 -10 130.26 103.71 254.26 276.19 0.0013045
night_stand 0 0 -10 134.58 186.45 534.86 423.56 0.0011955
desk 0 0 -10 84.32 172.08 556.88 427.00 0.0011775
bed 0 0 -10 14.08 259.96 384.37 426.38 0.0011067
night_stand 0 0 -10 6.00 247.93 125.53 411.54 0.0011026
table 0 0 -10 474.05 192.68 548.43 364.17 0.0009529
table 0 0 -10 225.59 146.84 306.12 174.41 0.0008738
night_stand 0 0 -10 61.68 137.87 274.18 358.94 0.0008580
chair 0 0 -10 411.82 264.47 552.58 427.00 0.0008275
dresser 0 0 -10 533.87 48.67 560.31 304.67 0.0008105
night_stand 0 0 -10 85.43 204.87 213.82 345.93 0.0007944
bed 0 0 -10 0.00 263.05 93.15 394.94 0.0007871
dresser 0 0 -10 459.72 72.66 556.61 369.84 0.0007708
sofa 0 0 -10 15.91 173.66 243.81 420.18 0.0007684
dresser 0 0 -10 470.51 187.84 548.48 324.99 0.0007679
table 0 0 -10 6.15 243.08 140.15 412.30 0.0007314
desk 0 0 -10 496.49 246.16 557.55 395.15 0.0007159
chair 0 0 -10 5.74 171.27 162.62 418.51 0.0006747
bed 0 0 -10 87.20 152.92 513.64 315.93 0.0006286
desk 0 0 -10 483.53 186.15 554.85 323.21 0.0006149
table 0 0 -10 230.72 130.17 294.41 171.79 0.0006036
chair 0 0 -10 206.99 104.87 353.77 253.34 0.0005654
chair 0 0 -10 416.90 126.35 554.62 329.55 0.0005268
table 0 0 -10 228.56 153.78 313.75 233.55 0.0005237
table 0 0 -10 539.74 313.15 559.94 425.75 0.0005066
chair 0 0 -10 517.48 72.30 557.09 323.38 0.0004913
table 0 0 -10 523.92 255.65 559.36 357.77 0.0004615
dresser 0 0 -10 480.55 145.53 559.06 298.79 0.0004580
chair 0 0 -10 254.13 122.18 333.44 234.00 0.0004320
desk 0 0 -10 504.18 147.97 553.56 370.45 0.0004288
bookshelf 0 0 -10 60.38 115.55 275.27 353.14 0.0004220
night_stand 0 0 -10 447.60 220.29 553.56 309.65 0.0004027
table 0 0 -10 521.32 187.92 558.74 408.69 0.0003950
night_stand 0 0 -10 268.38 147.07 301.01 174.54 0.0003881
bed 0 0 -10 173.84 118.18 396.12 379.77 0.0003771
table 0 0 -10 496.97 207.30 554.65 320.87 0.0003594
bookshelf 0 0 -10 133.78 81.59 545.04 402.08 0.0003562
table 0 0 -10 57.54 138.25 301.84 367.10 0.0003454
table 0 0 -10 223.32 157.77 325.26 180.42 0.0003346
chair 0 0 -10 0.36 251.05 122.80 418.40 0.0003346
bathtub 0 0 -10 131.39 187.46 546.10 420.29 0.0003331
table 0 0 -10 204.90 128.01 319.18 177.14 0.0003323
chair 0 0 -10 233.47 130.03 295.23 172.04 0.0003297
night_stand 0 0 -10 215.92 151.80 309.88 176.87 0.0003230
table 0 0 -10 267.65 147.71 299.16 174.69 0.0003189
bathtub 0 0 -10 533.83 49.46 561.00 305.64 0.0003105
chair 0 0 -10 457.30 15.09 561.00 308.79 0.0002999
table 0 0 -10 534.97 186.25 551.87 354.30 0.0002915
chair 0 0 -10 471.16 189.59 552.06 268.32 0.0002913
night_stand 0 0 -10 158.02 147.30 287.13 259.73 0.0002911
night_stand 0 0 -10 37.10 204.21 184.42 411.75 0.0002876
table 0 0 -10 70.66 222.63 153.25 355.86 0.0002819
chair 0 0 -10 96.60 51.39 538.48 409.15 0.0002799
bed 0 0 -10 380.96 84.29 560.61 356.46 0.0002703
dresser 0 0 -10 505.61 105.27 555.21 327.35 0.0002689
bookshelf 0 0 -10 534.32 43.18 560.33 311.15 0.0002484
chair 0 0 -10 304.69 55.80 552.31 395.00 0.0002373
toilet 0 0 -10 143.23 178.43 536.06 427.00 0.0002372
night_stand 0 0 -10 130.64 156.92 241.40 315.06 0.0002275
night_stand 0 0 -10 213.90 121.98 346.39 248.05 0.0002270
table 0 0 -10 549.45 277.08 560.38 427.00 0.0002247
table 0 0 -10 472.02 254.46 558.38 337.01 0.0002230
table 0 0 -10 38.74 53.65 548.35 369.80 0.0002216
chair 0 0 -10 532.77 44.46 560.45 306.61 0.0002167
table 0 0 -10 262.06 129.73 300.52 173.65 0.0002107
chair 0 0 -10 30.44 103.30 192.52 373.71 0.0002056
chair 0 0 -10 265.69 129.37 300.47 172.03 0.0002034
