bed 0 0 -10 411.44 149.41 560.99 348.83 0.9890899
dresser 0 0 -10 284.67 95.51 429.39 274.53 0.9841810
bed 0 0 -10 78.76 144.21 442.17 423.31 0.9775413
table 0 0 -10 76.53 215.17 457.43 427.00 0.2187563
dresser 0 0 -10 185.97 115.53 435.41 397.47 0.1644446
bed 0 0 -10 291.58 95.55 514.57 390.74 0.0987302
desk 0 0 -10 68.06 217.11 461.12 424.20 0.0735084
bed 0 0 -10 402.70 218.05 556.70 420.95 0.0605756
bed 0 0 -10 172.72 113.93 435.36 345.24 0.0532871
chair 0 0 -10 373.32 332.29 561.00 427.00 0.0347662
table 0 0 -10 365.42 315.56 513.27 427.00 0.0315343
dresser 0 0 -10 72.15 219.72 451.69 427.00 0.0311191
bed 0 0 -10 104.96 147.50 385.66 313.40 0.0220108
dresser 0 0 -10 365.16 138.00 552.18 339.25 0.0205752
bed 0 0 -10 279.51 89.74 457.82 286.57 0.0187348
chair 0 0 -10 103.76 233.36 434.67 423.76 0.0157495
bed 0 0 -10 106.64 179.04 373.99 263.17 0.0153853
bed 0 0 -10 81.06 219.08 316.36 426.96 0.0132810
sofa 0 0 -10 62.86 233.24 489.84 427.00 0.0112570
chair 0 0 -10 372.86 228.93 561.00 420.45 0.0112508
chair 0 0 -10 27.57 248.28 221.25 427.00 0.0106286
sofa 0 0 -10 419.52 152.26 559.46 351.52 0.0097582
night_stand 0 0 -10 298.92 99.59 441.39 266.90 0.0090013
table 0 0 -10 406.51 230.35 550.20 423.33 0.0077722
dresser 0 0 -10 300.62 111.65 505.97 385.69 0.0075465
sofa 0 0 -10 406.74 221.94 555.20 425.06 0.0072526
night_stand 0 0 -10 387.44 249.02 560.04 420.74 0.0068346
night_stand 0 0 -10 87.23 223.87 456.25 424.26 0.0056414
bathtub 0 0 -10 80.11 232.25 452.42 425.46 0.0050575
desk 0 0 -10 168.38 123.52 442.36 404.54 0.0045469
night_stand 0 0 -10 411.64 184.65 560.10 350.20 0.0042171
sofa 0 0 -10 110.75 123.37 457.23 404.56 0.0040609
desk 0 0 -10 371.49 324.85 548.08 427.00 0.0040445
bed 0 0 -10 498.38 159.97 560.05 362.96 0.0039705
dresser 0 0 -10 377.62 226.62 558.55 419.35 0.0037678
chair 0 0 -10 131.46 157.38 391.48 361.96 0.0037481
bookshelf 0 0 -10 80.22 220.49 451.66 425.44 0.0030931
desk 0 0 -10 314.25 308.93 500.98 424.83 0.0030359
bed 0 0 -10 533.79 175.11 561.00 387.91 0.0028535
dresser 0 0 -10 314.78 149.90 437.57 259.13 0.0027890
desk 0 0 -10 293.60 92.83 432.28 281.45 0.0027838
night_stand 0 0 -10 193.69 127.80 435.34 383.42 0.0026573
table 0 0 -10 1.26 235.64 103.57 427.00 0.0024939
chair 0 0 -10 1.12 240.76 112.19 426.14 0.0024697
desk 0 0 -10 386.04 231.09 560.88 421.56 0.0024062
bed 0 0 -10 387.04 319.11 549.38 427.00 0.0022282
bookshelf 0 0 -10 288.60 83.84 437.69 313.95 0.0022248
sofa 0 0 -10 377.13 329.04 554.45 427.00 0.0022111
chair 0 0 -10 398.43 139.22 556.86 377.52 0.0020710
bookshelf 0 0 -10 88.40 74.59 434.57 395.75 0.0020390
dresser 0 0 -10 111.48 143.77 391.60 319.98 0.0020173
dresser 0 0 -10 216.92 34.90 424.19 267.41 0.0018405
table 0 0 -10 415.68 343.62 554.04 427.00 0.0017275
dresser 0 0 -10 358.35 103.13 430.54 282.14 0.0016598
dresser 0 0 -10 106.84 11.36 358.87 251.45 0.0015163
chair 0 0 -10 254.49 92.74 427.72 351.65 0.0014228
table 0 0 -10 342.50 241.39 485.01 426.43 0.0013711
toilet 0 0 -10 84.08 226.81 440.73 425.75 0.0012159
dresser 0 0 -10 277.78 101.63 333.75 242.58 0.0011987
night_stand 0 0 -10 280.22 201.58 511.89 416.51 0.0011781
table 0 0 -10 245.21 185.34 501.19 426.84 0.0011333
table 0 0 -10 49.34 233.85 287.44 427.00 0.0010817
bed 0 0 -10 433.32 61.26 561.00 302.87 0.0009959
table 0 0 -10 113.58 144.32 409.89 357.95 0.0009881
bed 0 0 -10 310.79 308.85 513.26 425.13 0.0009650
table 0 0 -10 289.68 104.81 431.62 361.82 0.0009430
chair 0 0 -10 285.10 158.47 535.42 419.65 0.0009340
chair 0 0 -10 352.59 297.15 511.22 421.15 0.0008544
dresser 0 0 -10 311.47 311.66 505.09 425.57 0.0008233
table 0 0 -10 421.77 169.12 561.00 344.20 0.0008097
dresser 0 0 -10 308.09 85.79 422.40 212.30 0.0007176
chair 0 0 -10 374.63 50.77 416.46 98.28 0.0007129
bed 0 0 -10 56.85 296.37 466.51 425.82 0.0007076
dresser 0 0 -10 389.04 322.31 548.03 426.90 0.0007059
bathtub 0 0 -10 381.62 329.18 561.00 426.63 0.0007054
chair 0 0 -10 249.84 243.34 481.71 419.97 0.0007039
dresser 0 0 -10 262.50 90.22 370.10 233.54 0.0006844
table 0 0 -10 532.82 327.99 559.74 403.62 0.0006756
night_stand 0 0 -10 391.18 330.24 559.04 426.06 0.0006555
bed 0 0 -10 64.10 161.63 282.62 373.07 0.0006336
chair 0 0 -10 388.30 53.90 412.93 119.30 0.0006319
night_stand 0 0 -10 313.11 143.38 517.29 333.24 0.0006301
sofa 0 0 -10 263.28 156.53 521.49 420.46 0.0006221
dresser 0 0 -10 509.73 9.67 559.66 216.10 0.0005697
sofa 0 0 -10 119.14 166.58 359.55 261.78 0.0005664
table 0 0 -10 294.70 317.61 462.26 427.00 0.0005656
table 0 0 -10 355.97 365.29 494.93 427.00 0.0005579
night_stand 0 0 -10 239.41 156.12 309.21 205.37 0.0005451
dresser 0 0 -10 293.99 19.71 529.39 240.08 0.0005337
desk 0 0 -10 292.79 119.26 518.46 390.71 0.0005108
bookshelf 0 0 -10 115.93 136.53 391.90 316.95 0.0004825
bathtub 0 0 -10 110.35 150.98 395.92 351.61 0.0004741
table 0 0 -10 504.37 326.12 558.73 427.00 0.0004728
night_stand 0 0 -10 319.62 316.15 511.61 423.68 0.0004592
bed 0 0 -10 478.34 262.02 561.00 421.29 0.0004585
dresser 0 0 -10 215.42 58.04 353.34 214.98 0.0004557
chair 0 0 -10 110.21 239.34 237.99 410.92 0.0004375
table 0 0 -10 109.10 215.13 400.92 295.64 0.0004369
table 0 0 -10 49.67 222.09 133.12 427.00 0.0004324
table 0 0 -10 11.17 330.69 93.61 427.00 0.0004269
