night_stand 0 0 -10 82.34 106.66 165.66 183.77 0.9768218
bed 0 0 -10 40.72 50.66 561.00 382.10 0.9494515
night_stand 0 0 -10 452.84 96.64 546.02 160.51 0.7767184
table 0 0 -10 46.05 103.23 561.00 369.57 0.7053795
table 0 0 -10 456.33 98.81 547.15 158.61 0.1434869
bed 0 0 -10 154.45 25.27 527.38 270.15 0.0279968
night_stand 0 0 -10 70.59 93.96 174.51 226.61 0.0216342
night_stand 0 0 -10 109.07 101.27 166.41 150.93 0.0197295
night_stand 0 0 -10 453.63 87.47 540.33 128.26 0.0171452
desk 0 0 -10 33.26 104.30 561.00 365.52 0.0169222
night_stand 0 0 -10 432.93 73.94 554.41 172.98 0.0127630
dresser 0 0 -10 83.30 110.22 165.10 181.72 0.0117800
bed 0 0 -10 189.45 95.55 490.24 382.49 0.0114372
table 0 0 -10 453.42 91.54 539.26 134.03 0.0093080
night_stand 0 0 -10 114.29 99.90 185.00 185.39 0.0073063
desk 0 0 -10 454.97 98.76 547.20 159.03 0.0068181
table 0 0 -10 78.71 108.40 167.48 210.35 0.0066344
table 0 0 -10 455.57 83.54 531.60 116.60 0.0059526
night_stand 0 0 -10 86.70 99.46 159.52 135.76 0.0054847
table 0 0 -10 432.57 85.76 549.47 201.70 0.0041306
chair 0 0 -10 127.44 10.68 467.49 324.41 0.0035424
chair 0 0 -10 220.94 89.90 535.30 344.04 0.0035326
table 0 0 -10 537.62 131.92 559.87 196.77 0.0034400
chair 0 0 -10 59.21 119.62 170.14 267.37 0.0030798
night_stand 0 0 -10 111.39 95.55 162.39 129.35 0.0030643
table 0 0 -10 58.98 127.45 170.66 263.63 0.0029008
bed 0 0 -10 131.22 13.92 440.64 197.71 0.0027308
night_stand 0 0 -10 44.91 113.66 561.00 371.75 0.0026694
dresser 0 0 -10 455.15 98.71 548.04 158.01 0.0024768
table 0 0 -10 96.37 100.98 163.11 135.37 0.0024141
table 0 0 -10 547.29 131.50 559.46 350.57 0.0022509
table 0 0 -10 534.72 140.37 558.67 367.97 0.0021362
chair 0 0 -10 524.22 144.97 559.74 383.42 0.0019758
sofa 0 0 -10 49.43 103.46 561.00 368.48 0.0019024
bed 0 0 -10 50.54 26.36 244.15 240.77 0.0018582
bed 0 0 -10 456.43 96.85 549.02 159.46 0.0018326
table 0 0 -10 527.67 104.85 560.45 197.37 0.0018108
night_stand 0 0 -10 493.20 87.25 529.00 112.84 0.0018081
night_stand 0 0 -10 476.21 105.94 558.74 200.70 0.0017748
table 0 0 -10 129.42 94.17 148.65 114.86 0.0017104
night_stand 0 0 -10 470.08 86.46 516.54 107.64 0.0017076
night_stand 0 0 -10 98.53 101.45 213.12 218.78 0.0016482
table 0 0 -10 240.61 83.47 555.05 319.75 0.0015948
bed 0 0 -10 271.78 69.91 545.28 302.98 0.0015639
table 0 0 -10 462.12 102.57 554.26 266.32 0.0015343
chair 0 0 -10 458.25 97.22 549.89 158.73 0.0015169
chair 0 0 -10 371.46 14.90 443.23 217.91 0.0014728
night_stand 0 0 -10 127.07 108.17 202.91 165.78 0.0014053
bed 0 0 -10 57.04 29.13 349.56 348.14 0.0013185
chair 0 0 -10 337.93 50.80 456.25 249.02 0.0013009
night_stand 0 0 -10 125.59 96.86 151.20 116.44 0.0012941
table 0 0 -10 544.65 237.97 560.39 353.86 0.0012444
bed 0 0 -10 52.83 93.32 187.72 274.17 0.0012256
table 0 0 -10 86.58 110.81 150.13 179.74 0.0011798
chair 0 0 -10 424.81 111.57 561.00 353.65 0.0011600
night_stand 0 0 -10 472.89 77.95 531.68 116.46 0.0011556
night_stand 0 0 -10 221.56 71.33 556.58 332.96 0.0011305
chair 0 0 -10 54.14 81.11 212.99 335.49 0.0011015
chair 0 0 -10 78.95 101.33 175.81 206.95 0.0010917
sofa 0 0 -10 456.90 97.75 548.73 158.16 0.0010803
table 0 0 -10 550.58 166.54 560.75 395.19 0.0010746
night_stand 0 0 -10 138.31 70.85 189.61 195.70 0.0010705
night_stand 0 0 -10 443.76 76.65 516.01 110.51 0.0010633
chair 0 0 -10 537.49 117.01 559.41 345.65 0.0010465
toilet 0 0 -10 455.01 94.65 545.35 163.17 0.0010344
table 0 0 -10 543.56 110.57 559.25 256.69 0.0009518
dresser 0 0 -10 37.21 114.44 561.00 376.15 0.0009340
chair 0 0 -10 446.11 68.38 557.43 179.86 0.0009271
table 0 0 -10 476.09 113.77 557.49 190.87 0.0009240
night_stand 0 0 -10 76.44 105.53 146.66 158.31 0.0009164
table 0 0 -10 470.78 87.15 517.51 107.52 0.0008879
bed 0 0 -10 77.53 108.18 168.47 185.72 0.0008535
chair 0 0 -10 9.05 97.65 149.64 250.33 0.0008232
chair 0 0 -10 449.75 71.72 541.08 129.07 0.0008218
chair 0 0 -10 72.83 27.60 322.13 343.71 0.0008089
table 0 0 -10 27.01 271.84 553.40 427.00 0.0008053
chair 0 0 -10 47.47 109.02 410.24 398.23 0.0007347
table 0 0 -10 12.11 92.71 159.35 245.56 0.0007302
table 0 0 -10 491.67 88.39 526.42 112.35 0.0007265
table 0 0 -10 539.99 92.64 557.69 212.23 0.0006844
night_stand 0 0 -10 125.42 92.01 186.65 127.12 0.0006710
night_stand 0 0 -10 465.08 85.93 496.23 106.62 0.0006675
bed 0 0 -10 313.49 4.51 541.76 214.18 0.0006516
chair 0 0 -10 311.83 2.56 525.11 219.40 0.0006503
table 0 0 -10 528.97 228.17 559.94 378.32 0.0006491
table 0 0 -10 59.77 109.81 242.46 339.39 0.0006450
chair 0 0 -10 489.03 139.78 558.40 378.03 0.0006233
table 0 0 -10 543.71 166.07 559.90 190.56 0.0006061
night_stand 0 0 -10 49.26 104.51 220.50 285.44 0.0005847
dresser 0 0 -10 58.79 78.21 170.02 189.71 0.0005834
table 0 0 -10 458.63 91.96 524.77 110.69 0.0005668
table 0 0 -10 546.17 113.09 554.56 217.74 0.0005274
chair 0 0 -10 544.40 241.67 561.00 352.53 0.0005072
chair 0 0 -10 543.25 114.67 559.46 260.21 0.0004887
table 0 0 -10 396.75 101.51 554.61 319.16 0.0004762
dresser 0 0 -10 219.65 55.18 549.03 340.74 0.0004468
night_stand 0 0 -10 123.98 101.96 156.77 124.96 0.0004458
chair 0 0 -10 470.28 82.41 534.78 117.84 0.0004397
desk 0 0 -10 76.90 110.22 168.41 183.79 0.0004386
toilet 0 0 -10 74.09 110.24 167.53 185.21 0.0004292
