dresser 0 0 -10 377.71 57.94 559.06 414.01 0.9799364
bed 0 0 -10 0.00 253.37 229.14 427.00 0.9790065
dresser 0 0 -10 80.93 164.39 224.85 332.74 0.8455819
bookshelf 0 0 -10 32.96 0.00 188.44 200.92 0.6957815
dresser 0 0 -10 26.65 14.67 219.59 264.31 0.1402476
dresser 0 0 -10 5.91 144.69 235.75 381.29 0.0905432
night_stand 0 0 -10 93.00 157.54 225.50 328.72 0.0621846
bookshelf 0 0 -10 18.96 7.82 221.28 314.62 0.0561789
bed 0 0 -10 39.28 171.33 232.50 352.01 0.0298377
bookshelf 0 0 -10 44.26 0.00 185.49 89.24 0.0238365
dresser 0 0 -10 190.95 42.07 542.18 421.22 0.0149980
desk 0 0 -10 304.82 59.45 561.00 423.00 0.0139572
sofa 0 0 -10 3.64 256.03 222.35 427.00 0.0096654
bed 0 0 -10 4.02 113.26 246.94 404.92 0.0083952
dresser 0 0 -10 23.63 94.30 185.21 316.00 0.0081535
table 0 0 -10 8.93 217.25 230.75 387.65 0.0074676
desk 0 0 -10 75.33 159.76 226.71 335.84 0.0072915
night_stand 0 0 -10 7.77 233.72 225.75 399.42 0.0060390
bed 0 0 -10 12.12 238.37 473.60 427.00 0.0058977
dresser 0 0 -10 0.00 249.82 220.10 423.16 0.0052737
bed 0 0 -10 9.06 54.74 469.44 422.98 0.0049048
dresser 0 0 -10 39.32 178.51 535.17 422.72 0.0048369
chair 0 0 -10 6.59 264.29 232.38 427.00 0.0039984
dresser 0 0 -10 322.80 242.68 555.55 423.29 0.0037152
dresser 0 0 -10 540.05 81.25 560.11 418.92 0.0035662
table 0 0 -10 56.59 170.93 228.00 346.52 0.0033994
desk 0 0 -10 3.16 166.11 238.61 389.87 0.0033423
dresser 0 0 -10 402.37 43.25 552.75 197.83 0.0024877
sofa 0 0 -10 8.78 171.14 235.96 388.10 0.0023676
bookshelf 0 0 -10 354.25 29.97 550.91 415.71 0.0023570
bed 0 0 -10 0.00 232.90 69.69 419.78 0.0020348
table 0 0 -10 25.53 290.84 222.32 427.00 0.0016989
desk 0 0 -10 14.46 0.36 211.28 207.15 0.0016238
dresser 0 0 -10 377.48 6.88 543.96 127.84 0.0015843
dresser 0 0 -10 18.85 0.48 407.76 284.12 0.0014071
dresser 0 0 -10 523.94 82.13 557.85 414.43 0.0013697
bed 0 0 -10 343.34 14.62 556.78 427.00 0.0011600
desk 0 0 -10 9.01 49.32 233.96 321.44 0.0011270
bookshelf 0 0 -10 4.00 1.65 80.24 271.23 0.0010684
desk 0 0 -10 40.46 181.91 559.83 425.29 0.0010173
chair 0 0 -10 64.02 144.73 235.37 329.14 0.0009988
bookshelf 0 0 -10 55.29 158.32 230.16 344.36 0.0009740
table 0 0 -10 19.81 4.61 203.36 209.32 0.0009570
bookshelf 0 0 -10 22.61 0.00 397.76 292.59 0.0009292
bookshelf 0 0 -10 144.11 10.07 192.73 174.62 0.0009230
dresser 0 0 -10 186.04 5.44 525.14 158.48 0.0009052
bathtub 0 0 -10 4.95 150.71 233.39 399.97 0.0008101
dresser 0 0 -10 473.32 64.86 558.85 410.04 0.0007627
dresser 0 0 -10 176.96 2.31 212.42 215.15 0.0007512
night_stand 0 0 -10 359.66 57.17 557.60 402.93 0.0007501
chair 0 0 -10 144.70 130.83 202.89 192.92 0.0006960
chair 0 0 -10 346.00 34.01 548.29 423.98 0.0006952
bookshelf 0 0 -10 75.00 2.87 504.81 415.67 0.0006924
dresser 0 0 -10 0.87 63.07 33.78 274.68 0.0006850
chair 0 0 -10 399.82 0.00 493.85 124.77 0.0006814
dresser 0 0 -10 2.29 119.35 97.83 263.81 0.0006285
chair 0 0 -10 413.82 0.09 499.47 60.23 0.0006220
table 0 0 -10 316.25 81.43 554.72 427.00 0.0005995
dresser 0 0 -10 0.10 147.81 47.77 250.24 0.0005688
dresser 0 0 -10 410.71 12.72 495.68 131.16 0.0005571
bathtub 0 0 -10 69.90 162.66 247.32 328.13 0.0005494
dresser 0 0 -10 502.61 3.75 560.52 103.04 0.0005175
bed 0 0 -10 4.24 360.14 237.12 425.79 0.0005031
dresser 0 0 -10 357.51 13.21 496.32 170.54 0.0004704
dresser 0 0 -10 44.19 4.14 186.57 86.24 0.0004702
chair 0 0 -10 6.17 202.27 220.76 369.39 0.0004440
chair 0 0 -10 2.54 69.67 222.95 323.77 0.0004439
table 0 0 -10 63.07 194.17 527.28 427.00 0.0004427
toilet 0 0 -10 47.22 167.11 240.03 361.08 0.0004401
dresser 0 0 -10 1.96 13.12 70.17 253.66 0.0004380
bookshelf 0 0 -10 30.29 4.91 91.60 221.01 0.0003986
bed 0 0 -10 11.50 0.00 206.62 220.49 0.0003794
dresser 0 0 -10 36.00 6.77 187.90 155.29 0.0003774
bed 0 0 -10 0.01 239.28 35.76 427.00 0.0003728
dresser 0 0 -10 505.92 185.80 559.84 412.15 0.0003702
bed 0 0 -10 5.58 396.71 256.60 426.97 0.0003537
chair 0 0 -10 16.00 8.30 187.01 189.97 0.0003520
night_stand 0 0 -10 25.63 131.95 249.25 384.83 0.0003475
dresser 0 0 -10 118.80 156.82 279.25 361.02 0.0003455
bookshelf 0 0 -10 64.58 54.83 195.20 182.20 0.0003400
bed 0 0 -10 23.71 347.18 375.62 425.80 0.0003388
table 0 0 -10 18.40 63.55 222.16 327.85 0.0003210
bookshelf 0 0 -10 57.14 5.04 304.78 171.51 0.0003196
night_stand 0 0 -10 72.39 198.68 528.86 417.58 0.0003123
bookshelf 0 0 -10 99.96 4.65 189.16 138.67 0.0003018
chair 0 0 -10 123.52 119.70 197.01 211.63 0.0003013
dresser 0 0 -10 150.71 157.10 222.80 309.72 0.0002959
dresser 0 0 -10 331.72 35.19 502.58 375.13 0.0002898
sofa 0 0 -10 20.68 11.56 199.80 184.19 0.0002895
desk 0 0 -10 14.08 254.17 224.65 423.84 0.0002889
toilet 0 0 -10 1.52 222.33 221.27 412.26 0.0002784
bathtub 0 0 -10 22.90 9.21 214.10 234.75 0.0002721
bed 0 0 -10 0.00 0.00 293.34 338.68 0.0002712
dresser 0 0 -10 536.10 58.21 560.55 150.66 0.0002655
night_stand 0 0 -10 417.78 32.62 557.84 149.39 0.0002636
bookshelf 0 0 -10 14.43 242.19 217.76 419.34 0.0002574
dresser 0 0 -10 113.42 118.02 256.57 281.91 0.0002505
toilet 0 0 -10 14.62 7.72 194.44 202.29 0.0002478
chair 0 0 -10 0.00 115.22 101.02 267.10 0.0002403
chair 0 0 -10 499.95 0.00 561.00 112.79 0.0002325
