bed 0 0 -10 59.83 86.77 561.00 424.92 0.9957365
bed 0 0 -10 435.99 96.78 558.53 344.09 0.0679586
bed 0 0 -10 329.38 91.50 553.81 361.34 0.0275145
table 0 0 -10 43.46 118.54 141.15 245.69 0.0213366
bed 0 0 -10 167.51 79.27 543.65 314.41 0.0207503
bookshelf 0 0 -10 31.02 13.00 143.12 209.96 0.0157066
chair 0 0 -10 59.31 116.34 151.01 223.05 0.0138376
table 0 0 -10 6.94 173.95 115.83 323.38 0.0122422
bed 0 0 -10 2.23 180.58 51.52 333.08 0.0090098
sofa 0 0 -10 53.86 120.07 561.00 427.00 0.0089519
chair 0 0 -10 47.40 137.75 152.62 277.97 0.0087187
bed 0 0 -10 461.70 100.38 561.00 188.97 0.0083228
bed 0 0 -10 224.05 8.92 561.00 216.90 0.0064354
bed 0 0 -10 41.35 106.67 314.18 224.80 0.0048968
bed 0 0 -10 525.20 92.18 558.01 398.56 0.0043175
table 0 0 -10 58.49 145.03 155.96 222.16 0.0042161
table 0 0 -10 0.35 179.83 49.74 319.71 0.0041267
chair 0 0 -10 0.54 192.95 73.00 315.82 0.0038857
bed 0 0 -10 3.11 140.68 161.11 316.23 0.0037341
bed 0 0 -10 29.96 202.17 451.27 426.74 0.0037254
table 0 0 -10 39.56 104.05 111.12 210.22 0.0035805
chair 0 0 -10 531.00 271.33 560.59 369.14 0.0035297
bookshelf 0 0 -10 12.31 0.00 254.70 208.86 0.0031658
bed 0 0 -10 367.85 88.93 554.53 185.52 0.0030255
table 0 0 -10 334.45 5.97 554.80 110.81 0.0029583
chair 0 0 -10 4.87 162.63 120.22 303.71 0.0027721
chair 0 0 -10 38.96 103.22 108.02 208.53 0.0025161
bed 0 0 -10 292.43 41.97 561.00 159.45 0.0024586
bed 0 0 -10 496.55 97.44 558.01 352.72 0.0021530
desk 0 0 -10 49.16 125.47 146.79 222.14 0.0021475
dresser 0 0 -10 11.63 1.96 260.33 206.64 0.0021231
table 0 0 -10 538.75 269.43 560.29 420.46 0.0021136
sofa 0 0 -10 2.98 181.83 75.94 328.38 0.0019416
chair 0 0 -10 499.05 145.25 560.56 410.56 0.0019270
chair 0 0 -10 519.40 239.98 561.00 395.67 0.0017339
chair 0 0 -10 541.70 278.23 561.00 404.63 0.0016423
chair 0 0 -10 534.53 319.30 560.68 370.90 0.0015372
bookshelf 0 0 -10 328.90 1.72 560.87 125.78 0.0013955
chair 0 0 -10 126.03 137.57 549.42 416.27 0.0013334
table 0 0 -10 57.45 194.57 513.72 427.00 0.0013220
bed 0 0 -10 56.03 141.96 159.91 224.42 0.0013155
bed 0 0 -10 79.47 278.50 557.48 427.00 0.0013080
table 0 0 -10 42.20 175.26 150.29 299.26 0.0012991
table 0 0 -10 1.89 301.41 76.07 411.94 0.0012488
bookshelf 0 0 -10 1.43 4.40 62.47 186.12 0.0012075
night_stand 0 0 -10 56.85 156.28 160.04 249.96 0.0011643
dresser 0 0 -10 12.36 142.93 142.91 321.05 0.0011067
chair 0 0 -10 5.52 170.13 48.16 341.15 0.0010810
table 0 0 -10 521.11 248.93 560.62 398.18 0.0010698
table 0 0 -10 1.52 266.06 127.36 421.99 0.0010686
bookshelf 0 0 -10 17.73 3.54 144.65 120.94 0.0010255
table 0 0 -10 364.78 6.41 553.48 65.13 0.0009795
chair 0 0 -10 32.28 153.21 144.13 232.34 0.0009766
bed 0 0 -10 280.47 93.63 494.05 151.58 0.0009691
bed 0 0 -10 105.61 120.79 341.38 262.40 0.0009657
table 0 0 -10 0.28 208.95 70.94 379.98 0.0009560
bed 0 0 -10 8.37 93.05 278.41 386.28 0.0009476
dresser 0 0 -10 37.69 41.47 155.85 211.44 0.0009450
night_stand 0 0 -10 284.87 107.00 380.74 185.70 0.0009068
night_stand 0 0 -10 12.53 153.20 152.18 308.00 0.0008812
dresser 0 0 -10 1.81 175.62 74.13 324.57 0.0008786
bookshelf 0 0 -10 0.14 0.00 165.10 311.05 0.0008397
sofa 0 0 -10 522.33 245.81 560.91 398.28 0.0008371
chair 0 0 -10 36.35 45.96 158.00 213.76 0.0008327
table 0 0 -10 533.02 261.22 559.88 364.02 0.0008231
table 0 0 -10 0.02 214.29 24.99 279.95 0.0008041
bed 0 0 -10 68.50 147.37 325.84 317.68 0.0007813
table 0 0 -10 549.14 278.46 560.58 422.67 0.0007711
sofa 0 0 -10 532.13 266.56 560.31 368.36 0.0007442
chair 0 0 -10 532.96 146.89 559.69 421.22 0.0007424
dresser 0 0 -10 55.13 118.71 147.52 224.23 0.0007252
sofa 0 0 -10 12.58 145.96 147.28 323.74 0.0007101
table 0 0 -10 51.79 117.36 138.77 179.76 0.0006859
desk 0 0 -10 24.19 115.28 146.72 279.96 0.0006596
night_stand 0 0 -10 441.80 104.99 559.06 299.98 0.0006488
chair 0 0 -10 452.39 75.86 557.82 335.38 0.0006377
bed 0 0 -10 0.00 0.00 352.78 228.84 0.0006335
chair 0 0 -10 7.26 122.77 171.33 323.25 0.0006255
bed 0 0 -10 93.47 163.70 510.46 353.61 0.0005928
chair 0 0 -10 44.18 118.85 78.38 202.65 0.0005779
sofa 0 0 -10 542.69 274.67 560.40 408.87 0.0005625
bookshelf 0 0 -10 29.53 0.46 77.15 198.66 0.0005384
dresser 0 0 -10 327.69 11.37 541.24 134.73 0.0005342
bed 0 0 -10 0.00 15.40 176.14 339.22 0.0005158
table 0 0 -10 7.40 295.98 235.20 427.00 0.0005080
sofa 0 0 -10 160.88 60.06 561.00 338.99 0.0004802
bed 0 0 -10 520.05 243.96 561.00 395.73 0.0004772
bed 0 0 -10 277.20 55.60 496.90 201.98 0.0004682
bed 0 0 -10 0.00 123.58 38.74 315.55 0.0004671
night_stand 0 0 -10 54.07 128.33 148.88 218.91 0.0004665
chair 0 0 -10 54.22 108.37 160.11 178.94 0.0004593
table 0 0 -10 500.68 135.97 560.05 412.26 0.0004556
desk 0 0 -10 1.07 179.03 78.21 328.63 0.0004518
night_stand 0 0 -10 308.20 98.44 474.90 189.69 0.0004513
dresser 0 0 -10 449.80 103.77 556.86 340.55 0.0004420
table 0 0 -10 545.24 340.80 560.57 427.00 0.0004414
table 0 0 -10 532.97 141.71 559.16 408.14 0.0004405
sofa 0 0 -10 1.42 230.36 56.91 325.68 0.0004344
desk 0 0 -10 333.54 7.78 561.00 111.44 0.0004252
chair 0 0 -10 0.55 204.39 43.73 292.82 0.0004211
