bed 0 0 -10 12.30 95.38 442.68 423.24 0.9890647
night_stand 0 0 -10 0.75 172.74 41.97 318.98 0.6957492
night_stand 0 0 -10 1.32 168.47 65.05 360.90 0.0713767
table 0 0 -10 1.08 161.89 35.84 334.78 0.0325037
night_stand 0 0 -10 4.06 156.51 23.73 343.20 0.0272955
night_stand 0 0 -10 2.68 171.55 8.30 308.54 0.0215509
dresser 0 0 -10 0.69 144.37 35.54 311.15 0.0185993
sofa 0 0 -10 23.34 79.67 448.71 401.81 0.0181345
table 0 0 -10 22.87 133.41 478.14 427.00 0.0137035
bookshelf 0 0 -10 250.25 1.91 371.15 179.84 0.0082420
night_stand 0 0 -10 2.01 218.33 43.10 270.46 0.0073294
night_stand 0 0 -10 1.73 175.27 6.01 310.90 0.0063611
table 0 0 -10 3.44 168.89 8.37 326.06 0.0057505
dresser 0 0 -10 265.12 123.55 377.77 185.44 0.0054248
bookshelf 0 0 -10 260.06 7.83 312.69 153.95 0.0051978
bed 0 0 -10 8.64 119.68 128.78 424.67 0.0048628
table 0 0 -10 2.43 174.02 20.51 340.99 0.0045554
chair 0 0 -10 42.64 73.85 439.45 401.22 0.0043874
desk 0 0 -10 0.00 155.22 36.16 336.05 0.0043404
night_stand 0 0 -10 0.92 167.09 14.05 338.92 0.0038073
dresser 0 0 -10 1.59 127.69 59.49 345.08 0.0037381
bookshelf 0 0 -10 240.97 8.86 291.17 161.97 0.0035662
bed 0 0 -10 0.67 107.52 40.78 337.42 0.0032690
night_stand 0 0 -10 0.74 201.65 29.25 278.26 0.0031405
bookshelf 0 0 -10 228.68 10.43 329.35 128.77 0.0028956
table 0 0 -10 3.00 146.78 73.67 414.43 0.0028231
dresser 0 0 -10 27.85 73.15 441.71 393.92 0.0025297
desk 0 0 -10 17.69 77.38 456.29 397.04 0.0023868
night_stand 0 0 -10 0.85 199.13 39.03 246.22 0.0023040
bookshelf 0 0 -10 37.62 51.67 437.41 383.94 0.0022850
chair 0 0 -10 121.83 267.15 299.19 426.94 0.0021049
dresser 0 0 -10 329.86 122.96 375.94 186.66 0.0021043
dresser 0 0 -10 233.30 26.87 380.36 184.66 0.0021018
table 0 0 -10 0.00 90.90 22.80 322.45 0.0018392
night_stand 0 0 -10 0.00 173.55 5.02 329.83 0.0016760
table 0 0 -10 1.86 161.89 6.15 338.70 0.0016506
bookshelf 0 0 -10 278.27 9.22 366.23 131.32 0.0016486
chair 0 0 -10 0.39 90.32 43.33 323.55 0.0015926
dresser 0 0 -10 0.02 168.80 23.10 336.28 0.0015799
bed 0 0 -10 82.43 226.14 443.94 425.45 0.0015767
bed 0 0 -10 263.08 144.15 453.03 362.61 0.0014580
bookshelf 0 0 -10 263.78 3.92 361.72 52.23 0.0014512
bed 0 0 -10 0.04 159.60 68.72 377.62 0.0014241
chair 0 0 -10 142.05 168.32 407.94 422.73 0.0013681
night_stand 0 0 -10 33.47 84.24 441.42 392.71 0.0012974
chair 0 0 -10 18.90 127.49 267.75 427.00 0.0012051
dresser 0 0 -10 2.69 166.48 8.12 309.88 0.0012033
table 0 0 -10 1.78 218.13 41.34 272.44 0.0011829
night_stand 0 0 -10 1.97 235.91 39.28 286.59 0.0010473
night_stand 0 0 -10 1.95 123.04 19.65 299.55 0.0009626
bed 0 0 -10 1.73 161.23 28.36 343.60 0.0009522
table 0 0 -10 5.56 177.69 49.79 372.47 0.0009490
dresser 0 0 -10 233.89 7.99 281.73 155.15 0.0009484
table 0 0 -10 0.16 175.09 4.80 335.23 0.0009368
chair 0 0 -10 0.00 68.77 24.03 296.74 0.0008843
dresser 0 0 -10 0.84 178.45 44.80 390.71 0.0008590
bathtub 0 0 -10 35.55 69.32 449.05 368.10 0.0008130
night_stand 0 0 -10 0.14 138.55 43.96 250.48 0.0007776
dresser 0 0 -10 0.66 170.84 4.96 312.20 0.0007252
bed 0 0 -10 230.99 121.10 371.22 201.08 0.0007154
chair 0 0 -10 315.26 0.30 364.63 46.26 0.0006973
desk 0 0 -10 4.29 150.74 22.80 345.20 0.0006889
dresser 0 0 -10 2.08 169.43 80.88 416.77 0.0006712
bed 0 0 -10 57.52 97.30 408.79 271.58 0.0006491
toilet 0 0 -10 32.55 66.39 438.53 392.80 0.0006327
night_stand 0 0 -10 17.59 172.53 85.58 398.51 0.0006186
night_stand 0 0 -10 0.00 68.80 29.49 278.91 0.0006119
bed 0 0 -10 4.15 70.31 309.28 336.64 0.0005970
dresser 0 0 -10 298.01 128.45 366.11 176.24 0.0005891
bed 0 0 -10 35.94 192.08 228.17 427.00 0.0005861
chair 0 0 -10 48.91 267.05 188.65 427.00 0.0005781
table 0 0 -10 0.00 111.33 16.77 263.56 0.0005729
bookshelf 0 0 -10 268.12 1.19 315.93 44.69 0.0005640
bookshelf 0 0 -10 166.11 3.69 315.38 138.38 0.0005530
dresser 0 0 -10 4.23 168.87 9.48 336.30 0.0005382
desk 0 0 -10 0.00 133.78 75.75 410.99 0.0005251
dresser 0 0 -10 0.21 218.66 41.43 279.70 0.0005112
dresser 0 0 -10 217.51 87.37 414.51 196.66 0.0005048
bookshelf 0 0 -10 227.95 2.86 271.20 159.34 0.0004818
table 0 0 -10 1.50 234.68 37.45 288.05 0.0004750
night_stand 0 0 -10 0.12 117.68 21.57 185.25 0.0004696
bookshelf 0 0 -10 0.83 69.88 39.42 321.92 0.0004678
sofa 0 0 -10 1.33 174.30 41.38 319.00 0.0004654
chair 0 0 -10 0.00 85.67 74.64 278.69 0.0004512
night_stand 0 0 -10 1.19 211.79 71.49 307.28 0.0004504
desk 0 0 -10 3.28 160.59 8.46 326.33 0.0004485
chair 0 0 -10 4.88 269.38 141.37 427.00 0.0004331
chair 0 0 -10 368.45 194.19 446.66 364.26 0.0004282
chair 0 0 -10 33.27 243.33 366.55 423.39 0.0004237
table 0 0 -10 362.72 208.90 454.28 365.94 0.0004233
chair 0 0 -10 148.70 311.67 260.85 427.00 0.0004165
table 0 0 -10 4.04 123.79 59.09 325.59 0.0004022
bookshelf 0 0 -10 229.93 3.30 355.33 80.65 0.0004017
dresser 0 0 -10 1.88 139.96 6.01 307.45 0.0004004
bookshelf 0 0 -10 301.59 6.45 324.41 136.69 0.0003928
bookshelf 0 0 -10 233.87 0.60 327.99 48.91 0.0003798
chair 0 0 -10 275.33 0.83 370.64 48.27 0.0003783
toilet 0 0 -10 0.00 106.71 40.92 344.73 0.0003574
table 0 0 -10 264.16 121.87 372.28 190.01 0.0003299
table 0 0 -10 0.09 208.00 67.42 310.37 0.0003233
