dresser 0 0 -10 275.81 15.13 561.00 427.00 0.7991489
bookshelf 0 0 -10 128.71 12.24 207.08 310.80 0.4487259
desk 0 0 -10 281.66 15.02 561.00 418.61 0.2510906
bookshelf 0 0 -10 28.05 6.95 251.73 335.25 0.0543377
bookshelf 0 0 -10 288.18 2.76 552.25 427.00 0.0498512
table 0 0 -10 31.39 226.48 108.93 415.62 0.0377223
chair 0 0 -10 395.36 356.93 547.53 426.82 0.0245192
bookshelf 0 0 -10 147.67 6.26 257.71 318.27 0.0216733
table 0 0 -10 286.87 21.45 550.35 427.00 0.0163037
dresser 0 0 -10 51.21 5.47 286.61 327.32 0.0136451
chair 0 0 -10 334.79 33.40 554.32 420.66 0.0134761
dresser 0 0 -10 373.12 28.87 558.65 221.50 0.0132574
bookshelf 0 0 -10 168.58 0.00 203.56 307.51 0.0108381
dresser 0 0 -10 281.57 231.49 561.00 423.60 0.0097528
chair 0 0 -10 380.53 288.44 553.49 421.82 0.0097199
bookshelf 0 0 -10 131.00 4.86 345.53 369.48 0.0096736
bookshelf 0 0 -10 99.27 4.13 227.24 230.71 0.0095512
dresser 0 0 -10 71.85 0.00 510.65 418.93 0.0076346
bookshelf 0 0 -10 141.19 0.00 176.90 310.09 0.0071537
chair 0 0 -10 377.85 333.17 503.63 424.64 0.0070823
bookshelf 0 0 -10 81.93 0.00 493.75 418.68 0.0068070
dresser 0 0 -10 3.20 9.94 130.71 386.34 0.0066844
dresser 0 0 -10 401.86 17.59 560.12 386.96 0.0059848
dresser 0 0 -10 276.86 18.06 388.32 416.50 0.0051183
bookshelf 0 0 -10 8.00 3.23 142.75 361.58 0.0050779
dresser 0 0 -10 129.49 3.67 351.82 364.61 0.0049136
desk 0 0 -10 310.82 206.53 561.00 422.51 0.0041326
dresser 0 0 -10 111.39 12.35 211.90 326.42 0.0040011
bed 0 0 -10 284.13 0.00 559.08 427.00 0.0036877
desk 0 0 -10 338.00 64.38 557.01 238.14 0.0036759
dresser 0 0 -10 445.22 77.06 559.39 230.82 0.0034633
chair 0 0 -10 376.45 160.20 559.46 394.72 0.0033807
table 0 0 -10 25.19 133.83 130.45 369.49 0.0033544
table 0 0 -10 54.81 168.39 136.47 320.85 0.0032048
chair 0 0 -10 434.14 62.83 561.00 223.03 0.0031221
bookshelf 0 0 -10 186.79 5.73 213.85 289.46 0.0027482
chair 0 0 -10 130.42 315.18 490.56 426.61 0.0024670
table 0 0 -10 1.25 186.55 89.81 427.00 0.0022303
desk 0 0 -10 18.55 8.15 279.13 330.35 0.0020527
desk 0 0 -10 43.63 6.61 481.69 408.69 0.0019604
desk 0 0 -10 437.98 73.55 560.63 242.50 0.0018445
bathtub 0 0 -10 2.81 214.02 102.82 416.92 0.0016319
table 0 0 -10 49.81 221.30 123.59 336.38 0.0014962
night_stand 0 0 -10 285.53 9.71 561.00 418.40 0.0014517
desk 0 0 -10 2.07 21.23 136.92 384.57 0.0013592
chair 0 0 -10 286.71 374.56 500.87 426.71 0.0012852
bathtub 0 0 -10 302.31 19.09 556.24 418.34 0.0012801
chair 0 0 -10 302.26 265.19 500.10 425.05 0.0012158
table 0 0 -10 343.02 304.71 540.85 426.78 0.0011409
chair 0 0 -10 272.34 145.38 518.30 418.68 0.0011395
chair 0 0 -10 188.69 225.98 493.19 425.29 0.0010858
bed 0 0 -10 1.34 0.00 182.18 350.45 0.0010590
toilet 0 0 -10 11.83 220.73 114.41 426.83 0.0010414
chair 0 0 -10 402.60 396.09 542.34 426.89 0.0010353
desk 0 0 -10 106.87 15.78 213.03 316.29 0.0010172
chair 0 0 -10 86.03 0.00 335.49 331.93 0.0010123
dresser 0 0 -10 342.51 165.06 555.09 361.77 0.0009296
dresser 0 0 -10 0.53 9.68 62.56 409.00 0.0009109
chair 0 0 -10 457.13 0.00 552.81 96.99 0.0008886
desk 0 0 -10 183.35 230.65 501.41 422.59 0.0008861
chair 0 0 -10 101.37 0.94 210.34 320.68 0.0007978
desk 0 0 -10 11.65 139.85 113.58 417.14 0.0007868
bookshelf 0 0 -10 1.12 3.28 61.62 417.32 0.0007847
table 0 0 -10 314.33 213.21 551.28 424.07 0.0007615
dresser 0 0 -10 145.88 9.46 262.14 318.03 0.0007576
bathtub 0 0 -10 35.11 157.98 141.44 299.01 0.0007484
bookshelf 0 0 -10 95.48 4.45 204.68 126.47 0.0007373
chair 0 0 -10 391.60 8.82 556.17 244.01 0.0007313
desk 0 0 -10 341.08 299.10 553.41 425.75 0.0007243
desk 0 0 -10 102.76 0.00 561.00 259.70 0.0007233
dresser 0 0 -10 160.73 100.19 392.02 295.27 0.0006734
table 0 0 -10 337.15 68.34 553.74 240.17 0.0006719
toilet 0 0 -10 266.07 15.28 546.63 426.60 0.0006546
bed 0 0 -10 38.80 0.00 287.20 344.92 0.0006495
desk 0 0 -10 34.37 156.50 141.60 308.70 0.0006484
bookshelf 0 0 -10 191.89 2.31 289.76 332.82 0.0006369
dresser 0 0 -10 249.74 176.07 454.63 422.54 0.0005773
table 0 0 -10 12.27 273.17 163.84 427.00 0.0005772
sofa 0 0 -10 291.74 25.07 554.84 426.97 0.0005403
bed 0 0 -10 108.42 0.00 209.79 335.79 0.0005312
dresser 0 0 -10 6.49 3.75 36.82 400.11 0.0005308
bookshelf 0 0 -10 6.91 4.45 36.48 407.27 0.0005272
desk 0 0 -10 341.71 111.97 559.53 354.58 0.0005119
bathtub 0 0 -10 21.34 17.34 273.65 322.91 0.0005008
bookshelf 0 0 -10 123.81 25.87 161.00 304.94 0.0004930
bathtub 0 0 -10 214.77 233.04 282.25 335.68 0.0004841
table 0 0 -10 23.44 11.47 266.16 338.37 0.0004811
dresser 0 0 -10 231.52 81.54 416.14 369.08 0.0004704
desk 0 0 -10 132.99 38.49 166.11 316.44 0.0004617
chair 0 0 -10 2.26 5.29 172.11 321.97 0.0004563
chair 0 0 -10 3.58 0.00 72.56 37.95 0.0004517
table 0 0 -10 155.57 249.79 207.46 313.11 0.0004370
dresser 0 0 -10 60.43 2.18 517.06 86.62 0.0004348
table 0 0 -10 2.98 22.31 109.64 427.00 0.0004317
bookshelf 0 0 -10 69.02 88.82 180.37 333.48 0.0004061
chair 0 0 -10 67.27 168.35 144.09 309.46 0.0004014
chair 0 0 -10 150.68 21.50 435.69 410.70 0.0003943
chair 0 0 -10 130.04 4.57 282.60 261.09 0.0003925
bookshelf 0 0 -10 26.21 4.69 200.57 206.64 0.0003821
table 0 0 -10 436.36 80.05 559.18 243.87 0.0003819
