night_stand 0 0 -10 374.80 172.99 528.66 318.96 0.9847102
bed 0 0 -10 0.00 100.64 382.53 427.00 0.9837369
chair 0 0 -10 472.79 305.15 561.00 426.38 0.4814276
sofa 0 0 -10 0.06 85.32 383.26 427.00 0.0755708
table 0 0 -10 471.32 299.80 559.13 427.00 0.0628027
desk 0 0 -10 373.80 174.07 537.77 342.67 0.0448580
dresser 0 0 -10 382.86 176.47 534.88 343.34 0.0441381
chair 0 0 -10 471.61 235.17 558.53 397.17 0.0410309
chair 0 0 -10 419.40 250.16 561.00 423.07 0.0367339
night_stand 0 0 -10 361.51 174.05 555.01 413.65 0.0353215
table 0 0 -10 383.39 168.72 532.44 322.74 0.0191535
desk 0 0 -10 336.75 187.55 555.27 420.84 0.0191286
chair 0 0 -10 299.87 233.34 556.84 426.56 0.0165641
sofa 0 0 -10 30.26 83.47 359.63 214.99 0.0148607
table 0 0 -10 458.18 184.90 555.82 421.37 0.0138011
desk 0 0 -10 475.16 291.56 559.33 427.00 0.0094426
bed 0 0 -10 0.00 96.37 174.50 410.53 0.0084350
table 0 0 -10 372.54 231.89 550.19 424.77 0.0083292
night_stand 0 0 -10 394.61 148.86 435.73 180.31 0.0081113
chair 0 0 -10 478.85 115.78 560.72 427.00 0.0076059
bed 0 0 -10 314.38 97.71 550.87 399.12 0.0073559
night_stand 0 0 -10 441.72 187.32 551.24 330.34 0.0070116
night_stand 0 0 -10 379.71 145.65 450.66 235.82 0.0069085
desk 0 0 -10 457.99 176.06 558.23 423.29 0.0062462
sofa 0 0 -10 104.69 83.97 364.36 148.20 0.0060294
bed 0 0 -10 375.54 164.46 540.98 318.27 0.0055428
night_stand 0 0 -10 409.32 104.26 503.27 186.31 0.0049807
table 0 0 -10 496.92 323.08 556.87 413.90 0.0042431
table 0 0 -10 4.69 117.58 395.48 427.00 0.0040949
night_stand 0 0 -10 397.01 150.15 522.42 188.26 0.0040686
dresser 0 0 -10 464.51 185.15 558.53 421.49 0.0038214
dresser 0 0 -10 353.80 196.75 556.40 421.11 0.0035959
night_stand 0 0 -10 373.40 128.13 510.81 275.63 0.0032057
bed 0 0 -10 183.51 91.37 390.46 402.59 0.0030594
night_stand 0 0 -10 372.11 158.58 453.09 295.17 0.0029217
chair 0 0 -10 513.75 222.90 561.00 420.30 0.0028218
night_stand 0 0 -10 385.27 148.18 462.57 189.74 0.0027773
table 0 0 -10 394.15 151.64 515.60 187.42 0.0027451
night_stand 0 0 -10 359.50 194.83 378.73 281.95 0.0027129
table 0 0 -10 491.87 240.51 559.95 380.78 0.0025006
night_stand 0 0 -10 387.28 157.68 441.51 216.47 0.0024231
chair 0 0 -10 456.24 214.93 556.70 336.66 0.0024016
chair 0 0 -10 482.31 270.63 559.42 354.10 0.0024016
night_stand 0 0 -10 430.76 157.84 526.48 227.57 0.0022526
chair 0 0 -10 37.73 131.00 363.42 426.35 0.0022040
night_stand 0 0 -10 466.44 150.57 518.10 193.60 0.0021208
night_stand 0 0 -10 464.25 202.58 560.69 415.08 0.0021034
dresser 0 0 -10 1.92 28.81 57.34 187.96 0.0020213
chair 0 0 -10 377.12 307.23 548.51 427.00 0.0020197
night_stand 0 0 -10 398.85 135.31 509.98 215.28 0.0018905
sofa 0 0 -10 478.91 255.55 560.75 427.00 0.0018093
bed 0 0 -10 129.41 50.89 505.94 394.41 0.0017062
night_stand 0 0 -10 351.04 191.36 388.29 241.11 0.0016696
desk 0 0 -10 0.00 153.18 427.30 426.25 0.0016520
chair 0 0 -10 398.57 188.60 545.49 367.79 0.0016268
bed 0 0 -10 409.30 157.58 556.36 411.94 0.0015934
bed 0 0 -10 40.76 77.49 381.28 195.52 0.0015803
night_stand 0 0 -10 21.80 151.49 387.60 424.56 0.0015118
bed 0 0 -10 476.78 241.20 560.72 427.00 0.0015097
dresser 0 0 -10 4.75 137.58 389.51 427.00 0.0014849
chair 0 0 -10 508.20 319.11 559.46 402.78 0.0014580
chair 0 0 -10 359.81 162.07 532.14 318.07 0.0014536
bed 0 0 -10 0.00 158.43 78.36 340.54 0.0014012
sofa 0 0 -10 126.48 76.83 379.07 120.19 0.0013843
dresser 0 0 -10 417.98 101.46 505.06 191.24 0.0013786
table 0 0 -10 503.88 252.35 557.98 332.02 0.0013673
bed 0 0 -10 95.38 83.80 367.88 149.97 0.0013646
table 0 0 -10 454.58 244.87 558.06 344.43 0.0013628
night_stand 0 0 -10 348.66 220.68 386.25 283.57 0.0013357
table 0 0 -10 405.35 306.86 549.31 427.00 0.0012961
table 0 0 -10 490.59 146.44 557.91 259.73 0.0012826
chair 0 0 -10 457.75 146.96 535.90 239.55 0.0010964
table 0 0 -10 143.30 2.67 353.66 59.31 0.0010732
table 0 0 -10 391.72 147.07 435.89 180.51 0.0010175
dresser 0 0 -10 387.17 98.14 521.88 269.54 0.0009989
night_stand 0 0 -10 412.96 145.66 475.43 254.25 0.0009852
night_stand 0 0 -10 4.35 176.35 54.85 236.53 0.0009836
bed 0 0 -10 0.00 165.40 68.13 256.61 0.0009800
night_stand 0 0 -10 459.32 161.40 529.12 261.53 0.0009612
bed 0 0 -10 1.46 157.76 46.21 385.62 0.0008963
night_stand 0 0 -10 346.57 134.35 385.91 299.74 0.0008889
chair 0 0 -10 297.58 83.22 376.41 115.25 0.0008731
table 0 0 -10 403.25 105.91 501.12 186.16 0.0008493
bookshelf 0 0 -10 9.00 57.73 373.04 410.44 0.0008199
table 0 0 -10 462.56 161.71 548.10 237.41 0.0008157
bed 0 0 -10 256.07 81.49 414.59 342.90 0.0007902
sofa 0 0 -10 78.52 112.66 327.04 278.23 0.0007712
dresser 0 0 -10 444.34 205.65 550.99 329.46 0.0007650
bed 0 0 -10 13.93 153.24 364.95 312.37 0.0007618
bookshelf 0 0 -10 383.25 172.28 536.31 347.79 0.0007474
table 0 0 -10 385.54 148.81 462.51 188.94 0.0006762
desk 0 0 -10 433.51 201.72 552.69 333.61 0.0006615
night_stand 0 0 -10 460.03 163.68 485.54 181.94 0.0006544
night_stand 0 0 -10 378.01 169.35 432.15 228.69 0.0006399
table 0 0 -10 480.34 151.52 519.84 189.91 0.0006237
sofa 0 0 -10 383.41 165.44 542.58 314.99 0.0006221
desk 0 0 -10 456.49 242.74 559.30 345.68 0.0006196
table 0 0 -10 418.47 158.39 514.11 202.81 0.0005964
chair 0 0 -10 498.86 254.01 559.56 330.49 0.0005946
chair 0 0 -10 255.02 74.59 378.69 117.26 0.0005945
