bed 0 0 -10 74.93 109.64 541.27 415.82 0.9916278
bed 0 0 -10 238.85 118.11 510.74 355.57 0.8064834
desk 0 0 -10 444.14 138.16 552.57 207.70 0.7810591
chair 0 0 -10 390.33 196.78 557.91 427.00 0.4443453
table 0 0 -10 440.47 141.79 560.50 210.82 0.3916293
bed 0 0 -10 88.03 384.95 333.30 425.24 0.3417722
table 0 0 -10 440.04 129.63 561.00 287.80 0.3351029
sofa 0 0 -10 86.70 385.06 340.00 424.66 0.2747402
bed 0 0 -10 353.22 162.87 549.34 422.40 0.2151234
night_stand 0 0 -10 441.80 142.71 552.04 213.68 0.1489699
chair 0 0 -10 24.42 336.78 335.41 427.00 0.1232102
table 0 0 -10 498.45 150.87 561.00 282.31 0.1126427
chair 0 0 -10 4.16 330.61 69.43 427.00 0.1072557
dresser 0 0 -10 318.01 192.56 551.29 416.67 0.0623147
chair 0 0 -10 65.28 375.39 346.15 426.43 0.0589681
sofa 0 0 -10 19.96 354.06 374.17 426.31 0.0570195
bed 0 0 -10 420.04 150.35 557.96 358.08 0.0547694
bed 0 0 -10 342.32 141.95 544.34 301.23 0.0443912
chair 0 0 -10 19.47 333.18 153.99 427.00 0.0424351
table 0 0 -10 74.77 169.77 523.22 421.64 0.0378778
chair 0 0 -10 474.59 147.52 557.12 210.76 0.0350541
table 0 0 -10 408.48 178.92 559.19 413.62 0.0302092
desk 0 0 -10 67.40 167.52 544.13 419.00 0.0280303
bed 0 0 -10 89.62 216.55 447.28 423.24 0.0261615
bookshelf 0 0 -10 322.45 192.76 548.96 415.58 0.0235234
chair 0 0 -10 47.21 250.93 396.19 425.32 0.0235207
table 0 0 -10 451.40 130.71 553.93 187.36 0.0225322
night_stand 0 0 -10 435.53 128.65 551.99 272.35 0.0221634
chair 0 0 -10 444.57 153.65 532.55 210.36 0.0218873
bed 0 0 -10 82.00 348.08 371.32 427.00 0.0208234
desk 0 0 -10 486.39 140.17 560.86 237.29 0.0207930
desk 0 0 -10 442.50 128.58 561.00 296.42 0.0199289
bed 0 0 -10 122.84 114.00 438.53 316.31 0.0199115
sofa 0 0 -10 397.90 186.22 561.00 421.05 0.0177495
chair 0 0 -10 502.68 151.68 560.70 261.67 0.0154446
chair 0 0 -10 533.61 144.37 561.00 325.10 0.0152022
table 0 0 -10 493.40 156.45 560.87 213.14 0.0151929
desk 0 0 -10 292.38 191.17 556.23 418.21 0.0148982
chair 0 0 -10 13.73 299.40 98.27 427.00 0.0142240
chair 0 0 -10 518.71 140.50 561.00 211.74 0.0136872
table 0 0 -10 531.11 143.17 561.00 318.71 0.0132888
dresser 0 0 -10 440.84 140.03 540.01 211.56 0.0131313
night_stand 0 0 -10 423.87 160.52 558.72 348.65 0.0129111
chair 0 0 -10 106.42 332.07 466.55 421.73 0.0124382
desk 0 0 -10 461.93 128.98 538.17 188.26 0.0123897
chair 0 0 -10 252.32 109.42 499.68 331.14 0.0114328
chair 0 0 -10 470.44 169.37 560.42 348.29 0.0113446
chair 0 0 -10 0.00 267.68 53.67 424.72 0.0113153
bed 0 0 -10 440.05 132.43 548.73 211.24 0.0110848
bookshelf 0 0 -10 55.99 201.94 410.98 418.53 0.0110250
bed 0 0 -10 85.52 112.61 257.37 365.87 0.0091632
table 0 0 -10 55.35 376.98 376.10 426.57 0.0089733
sofa 0 0 -10 113.36 115.57 553.51 369.66 0.0082242
table 0 0 -10 290.54 197.11 549.09 414.21 0.0074979
bed 0 0 -10 191.41 375.81 394.03 427.00 0.0073655
chair 0 0 -10 536.51 178.69 561.00 418.23 0.0070807
bed 0 0 -10 422.25 75.64 561.00 286.42 0.0069137
dresser 0 0 -10 64.02 179.21 514.04 426.58 0.0067828
chair 0 0 -10 422.70 128.74 555.94 259.09 0.0067782
dresser 0 0 -10 415.47 181.70 560.68 365.82 0.0066293
night_stand 0 0 -10 373.67 195.56 556.45 419.75 0.0060966
table 0 0 -10 546.65 147.30 560.97 303.54 0.0059264
sofa 0 0 -10 66.11 281.18 540.04 421.05 0.0058709
chair 0 0 -10 38.42 247.34 206.86 427.00 0.0057599
bed 0 0 -10 111.67 318.00 523.04 423.20 0.0052671
chair 0 0 -10 540.69 138.95 560.30 249.49 0.0051479
chair 0 0 -10 460.60 135.87 540.49 193.03 0.0046975
night_stand 0 0 -10 243.18 166.00 524.46 414.30 0.0045306
sofa 0 0 -10 266.90 159.42 558.57 417.54 0.0044669
chair 0 0 -10 260.96 151.89 543.41 418.39 0.0044213
table 0 0 -10 40.14 327.23 387.44 424.38 0.0043449
sofa 0 0 -10 103.38 332.81 483.01 420.07 0.0041780
table 0 0 -10 521.01 143.25 560.10 232.97 0.0039635
chair 0 0 -10 144.34 211.15 502.70 427.00 0.0037697
chair 0 0 -10 521.64 170.34 560.72 245.01 0.0037241
chair 0 0 -10 529.30 210.21 559.55 241.29 0.0036888
bed 0 0 -10 96.33 409.11 359.73 426.70 0.0035667
chair 0 0 -10 33.99 390.57 275.76 426.55 0.0033753
chair 0 0 -10 547.12 148.45 561.00 304.83 0.0032588
night_stand 0 0 -10 421.36 150.47 495.81 306.47 0.0031271
chair 0 0 -10 19.73 361.17 62.05 427.00 0.0031198
chair 0 0 -10 101.04 111.57 351.94 354.94 0.0030683
table 0 0 -10 505.92 180.52 561.00 244.51 0.0030664
bed 0 0 -10 68.88 157.56 313.97 421.07 0.0030116
bookshelf 0 0 -10 425.44 139.60 556.68 349.46 0.0029631
bathtub 0 0 -10 62.80 330.12 411.88 416.07 0.0028299
desk 0 0 -10 514.29 141.83 560.56 276.22 0.0027452
sofa 0 0 -10 55.65 412.35 338.60 427.00 0.0026558
chair 0 0 -10 488.32 117.18 558.66 199.51 0.0026028
chair 0 0 -10 503.23 201.21 560.83 406.01 0.0025610
table 0 0 -10 438.19 198.67 561.00 263.20 0.0025175
night_stand 0 0 -10 361.26 154.97 539.45 297.81 0.0024480
dresser 0 0 -10 432.93 138.83 557.76 303.22 0.0024028
chair 0 0 -10 428.67 0.00 503.67 54.66 0.0023854
chair 0 0 -10 541.89 193.29 561.00 335.59 0.0023502
desk 0 0 -10 36.35 342.88 427.80 424.42 0.0023214
table 0 0 -10 54.40 344.58 210.74 425.70 0.0022865
desk 0 0 -10 383.36 139.02 561.00 387.63 0.0022745
chair 0 0 -10 549.29 147.80 559.67 250.98 0.0021642
sofa 0 0 -10 440.55 137.56 548.73 209.59 0.0021515
