bed 0 0 -10 1.07 97.78 246.74 388.18 0.9923421
bookshelf 0 0 -10 479.47 0.00 560.56 254.80 0.9146543
sofa 0 0 -10 1.03 108.48 249.88 405.37 0.2144295
bed 0 0 -10 273.22 120.74 427.99 219.62 0.1249942
bookshelf 0 0 -10 522.44 5.11 561.00 267.14 0.0413378
table 0 0 -10 2.57 133.89 255.22 405.85 0.0333747
bookshelf 0 0 -10 408.19 4.29 557.86 207.90 0.0307886
dresser 0 0 -10 90.78 70.26 248.71 192.33 0.0233181
table 0 0 -10 279.74 127.81 430.90 222.99 0.0197227
bed 0 0 -10 10.54 78.11 251.05 250.18 0.0134586
bookshelf 0 0 -10 474.54 3.30 520.79 230.04 0.0075941
desk 0 0 -10 0.00 126.14 254.58 404.12 0.0069496
bed 0 0 -10 30.59 60.07 503.33 418.01 0.0068279
sofa 0 0 -10 531.21 207.42 560.75 332.63 0.0064046
chair 0 0 -10 5.89 138.75 249.57 400.69 0.0057956
dresser 0 0 -10 474.50 7.00 561.00 249.86 0.0053845
dresser 0 0 -10 152.32 82.78 268.55 186.98 0.0049405
bookshelf 0 0 -10 483.60 83.44 561.00 206.36 0.0040870
table 0 0 -10 103.53 73.88 238.37 125.07 0.0040184
night_stand 0 0 -10 93.87 65.45 246.98 190.43 0.0034726
bed 0 0 -10 259.83 43.25 424.00 224.24 0.0033818
chair 0 0 -10 520.90 213.14 561.00 371.59 0.0033100
dresser 0 0 -10 0.00 125.52 250.63 404.89 0.0031161
bed 0 0 -10 88.49 72.22 258.24 194.29 0.0030712
chair 0 0 -10 279.27 120.93 390.74 222.45 0.0028539
bed 0 0 -10 345.85 126.48 425.81 215.88 0.0025455
chair 0 0 -10 531.84 215.28 560.00 320.74 0.0023848
desk 0 0 -10 489.29 33.31 561.00 282.62 0.0023465
dresser 0 0 -10 283.07 118.63 426.47 220.05 0.0022429
table 0 0 -10 121.35 183.65 533.78 424.83 0.0020083
table 0 0 -10 164.43 45.64 218.90 79.83 0.0019037
table 0 0 -10 2.13 235.09 74.88 400.09 0.0018990
night_stand 0 0 -10 288.20 122.74 425.10 218.55 0.0018687
desk 0 0 -10 275.51 125.02 432.80 222.06 0.0018569
table 0 0 -10 110.47 63.05 244.07 180.41 0.0018291
dresser 0 0 -10 405.00 7.11 561.00 202.10 0.0017655
night_stand 0 0 -10 153.28 59.24 243.50 130.01 0.0016582
night_stand 0 0 -10 182.42 64.73 251.27 170.29 0.0015869
table 0 0 -10 163.31 51.39 251.78 110.50 0.0015581
chair 0 0 -10 323.05 114.41 422.07 216.35 0.0015396
table 0 0 -10 344.84 133.94 425.74 216.44 0.0014465
night_stand 0 0 -10 4.05 110.54 241.68 395.94 0.0014308
chair 0 0 -10 472.16 15.98 561.00 281.55 0.0013959
bookshelf 0 0 -10 502.05 0.00 561.00 114.35 0.0013881
table 0 0 -10 261.56 109.33 449.28 303.17 0.0012660
bed 0 0 -10 151.89 151.83 555.73 398.64 0.0012296
table 0 0 -10 136.45 37.65 229.87 82.87 0.0012246
table 0 0 -10 189.96 33.98 235.88 81.51 0.0011271
table 0 0 -10 267.55 153.56 316.38 216.69 0.0010767
table 0 0 -10 109.35 68.02 235.99 89.12 0.0010628
night_stand 0 0 -10 350.87 134.20 425.67 214.21 0.0010591
table 0 0 -10 167.90 37.23 245.61 91.20 0.0009909
table 0 0 -10 265.86 70.44 454.96 225.44 0.0009769
bed 0 0 -10 118.76 68.03 372.92 214.59 0.0009756
table 0 0 -10 161.51 63.21 236.98 83.91 0.0009500
sofa 0 0 -10 275.77 122.66 429.74 217.89 0.0009269
chair 0 0 -10 358.33 78.18 443.96 210.26 0.0009241
night_stand 0 0 -10 268.91 154.74 314.09 213.90 0.0009178
night_stand 0 0 -10 189.73 32.56 238.72 80.93 0.0008953
bathtub 0 0 -10 0.00 143.73 256.99 411.34 0.0008623
table 0 0 -10 479.30 38.71 561.00 313.34 0.0008549
bookshelf 0 0 -10 268.20 24.44 449.70 218.82 0.0008537
bed 0 0 -10 0.00 141.71 213.54 302.06 0.0008450
bed 0 0 -10 0.00 146.19 65.65 268.37 0.0008203
dresser 0 0 -10 183.21 67.32 250.16 173.06 0.0008148
chair 0 0 -10 294.42 136.46 363.02 216.94 0.0007803
table 0 0 -10 183.31 63.13 246.60 92.72 0.0007768
bookshelf 0 0 -10 3.70 117.78 249.30 398.45 0.0007635
chair 0 0 -10 365.53 215.54 558.89 419.40 0.0007225
table 0 0 -10 95.73 44.03 135.27 89.63 0.0006970
chair 0 0 -10 1.06 140.44 51.85 293.32 0.0006784
sofa 0 0 -10 23.91 78.98 251.80 188.47 0.0006769
chair 0 0 -10 402.23 7.63 558.65 207.51 0.0006741
bookshelf 0 0 -10 279.39 100.78 428.40 220.87 0.0006737
night_stand 0 0 -10 167.12 21.99 243.23 102.22 0.0006714
dresser 0 0 -10 11.81 84.04 239.81 285.92 0.0006707
bookshelf 0 0 -10 302.01 0.00 537.81 236.68 0.0006618
dresser 0 0 -10 135.50 74.58 243.10 151.63 0.0006349
chair 0 0 -10 93.45 44.24 129.61 94.78 0.0006345
table 0 0 -10 152.39 61.16 214.51 80.47 0.0006232
sofa 0 0 -10 517.32 219.36 560.61 417.65 0.0006205
table 0 0 -10 191.56 65.16 235.76 81.25 0.0006185
bookshelf 0 0 -10 102.66 66.83 265.64 190.70 0.0006128
bookshelf 0 0 -10 547.61 9.38 561.00 245.10 0.0006117
night_stand 0 0 -10 170.44 55.98 235.66 81.88 0.0005937
bed 0 0 -10 206.45 1.73 560.06 282.07 0.0005885
table 0 0 -10 0.41 161.14 70.30 359.11 0.0005709
chair 0 0 -10 370.82 3.10 469.00 209.95 0.0005706
bed 0 0 -10 470.05 2.15 561.00 281.67 0.0005684
bookshelf 0 0 -10 525.06 69.49 561.00 206.44 0.0005636
chair 0 0 -10 173.88 1.64 247.32 82.48 0.0005602
bed 0 0 -10 398.95 1.42 560.29 215.33 0.0005498
bed 0 0 -10 533.38 179.22 561.00 341.05 0.0005492
chair 0 0 -10 497.97 185.40 561.00 395.56 0.0005437
chair 0 0 -10 391.43 37.80 446.52 209.85 0.0005415
table 0 0 -10 3.83 229.53 185.24 396.35 0.0005404
sofa 0 0 -10 107.71 176.90 547.81 427.00 0.0005213
chair 0 0 -10 293.93 14.62 438.95 223.21 0.0005195
night_stand 0 0 -10 180.31 65.54 251.20 116.40 0.0004992
bed 0 0 -10 32.04 104.46 238.23 199.83 0.0004832
