dresser 0 0 -10 0.00 208.47 145.42 425.63 0.9568595
dresser 0 0 -10 51.96 67.14 233.20 374.07 0.9533997
night_stand 0 0 -10 11.92 222.34 159.28 423.95 0.0717573
bed 0 0 -10 440.08 144.43 559.23 328.59 0.0548194
bed 0 0 -10 1.09 198.12 146.83 427.00 0.0420064
desk 0 0 -10 1.64 209.36 144.74 426.93 0.0349141
dresser 0 0 -10 7.61 97.88 179.87 394.09 0.0302120
table 0 0 -10 5.70 210.94 142.44 427.00 0.0269082
chair 0 0 -10 0.00 208.01 146.04 427.00 0.0259833
bookshelf 0 0 -10 527.15 119.21 558.07 329.61 0.0218799
bed 0 0 -10 525.41 125.28 558.51 339.57 0.0160080
desk 0 0 -10 29.45 60.68 249.28 397.06 0.0147624
bookshelf 0 0 -10 497.62 115.91 560.16 311.96 0.0130714
bed 0 0 -10 503.23 155.76 561.00 307.55 0.0120949
dresser 0 0 -10 526.85 128.90 558.35 333.86 0.0088194
bookshelf 0 0 -10 33.12 57.62 234.69 398.53 0.0070252
bed 0 0 -10 1.67 42.43 248.01 427.00 0.0065403
sofa 0 0 -10 3.62 212.11 148.29 426.26 0.0063651
bookshelf 0 0 -10 444.32 151.94 559.17 322.00 0.0061974
sofa 0 0 -10 435.54 174.79 558.35 321.35 0.0059203
bookshelf 0 0 -10 0.00 207.96 144.12 427.00 0.0052333
table 0 0 -10 35.14 72.86 241.39 398.94 0.0050888
chair 0 0 -10 525.07 131.86 559.62 343.93 0.0047104
chair 0 0 -10 8.08 62.47 243.09 419.79 0.0039867
table 0 0 -10 437.76 188.87 556.90 326.74 0.0038262
bed 0 0 -10 534.31 190.19 561.00 313.45 0.0035705
dresser 0 0 -10 58.15 70.13 217.20 238.52 0.0029414
night_stand 0 0 -10 49.31 65.82 230.32 353.48 0.0028178
dresser 0 0 -10 169.87 73.43 224.94 346.48 0.0025529
chair 0 0 -10 494.43 134.88 561.00 321.99 0.0024197
chair 0 0 -10 444.07 176.95 555.85 328.65 0.0023057
bathtub 0 0 -10 0.00 216.43 138.56 424.05 0.0020769
dresser 0 0 -10 441.90 143.26 561.00 323.92 0.0018299
sofa 0 0 -10 527.06 133.72 557.99 329.80 0.0017353
bed 0 0 -10 542.79 137.57 559.91 320.48 0.0017080
toilet 0 0 -10 0.00 210.28 133.76 427.00 0.0015509
dresser 0 0 -10 49.56 194.99 200.99 416.31 0.0014863
bookshelf 0 0 -10 541.85 159.01 560.86 318.98 0.0013281
bed 0 0 -10 525.16 125.95 561.00 232.05 0.0012223
chair 0 0 -10 534.23 182.94 561.00 315.37 0.0011776
chair 0 0 -10 539.78 256.17 561.00 309.83 0.0010947
dresser 0 0 -10 502.10 92.38 560.48 331.70 0.0010665
dresser 0 0 -10 60.24 208.33 535.11 422.34 0.0010415
bookshelf 0 0 -10 519.75 43.87 559.20 283.14 0.0009872
night_stand 0 0 -10 442.66 189.97 557.78 324.06 0.0009649
sofa 0 0 -10 481.94 117.57 559.39 328.27 0.0009605
table 0 0 -10 525.74 136.78 558.92 343.16 0.0009405
bed 0 0 -10 58.76 161.34 561.00 422.50 0.0009396
dresser 0 0 -10 147.03 9.92 555.27 254.44 0.0009116
dresser 0 0 -10 2.26 215.60 75.79 424.68 0.0009035
bed 0 0 -10 537.02 212.77 560.77 268.88 0.0008574
dresser 0 0 -10 6.81 29.97 128.23 252.86 0.0008272
toilet 0 0 -10 3.98 65.13 258.29 427.00 0.0007991
bed 0 0 -10 464.56 185.96 561.00 276.74 0.0007721
bookshelf 0 0 -10 111.83 0.34 557.77 362.84 0.0007664
dresser 0 0 -10 2.64 160.83 100.78 371.79 0.0007599
dresser 0 0 -10 100.72 21.15 364.88 257.87 0.0007478
bathtub 0 0 -10 6.30 73.58 291.27 406.41 0.0007230
bookshelf 0 0 -10 45.48 0.44 154.25 87.80 0.0007150
night_stand 0 0 -10 526.85 138.09 558.60 329.23 0.0006913
sofa 0 0 -10 16.07 76.75 245.47 410.03 0.0006572
bed 0 0 -10 334.40 166.58 554.02 416.31 0.0006493
table 0 0 -10 519.94 126.73 561.00 167.73 0.0006395
desk 0 0 -10 25.49 75.44 536.67 418.38 0.0006212
chair 0 0 -10 112.38 0.00 171.69 55.06 0.0006126
chair 0 0 -10 1.96 197.23 52.14 361.64 0.0006101
chair 0 0 -10 0.00 6.86 75.79 247.11 0.0005551
bed 0 0 -10 502.38 127.42 561.00 196.32 0.0005425
bed 0 0 -10 518.62 127.66 560.55 167.80 0.0005320
toilet 0 0 -10 526.03 138.29 558.82 355.10 0.0005267
bed 0 0 -10 553.97 113.46 560.99 311.53 0.0005035
dresser 0 0 -10 110.30 69.05 207.93 353.27 0.0004941
dresser 0 0 -10 55.01 165.38 252.95 263.38 0.0004896
night_stand 0 0 -10 17.33 185.59 251.56 411.14 0.0004882
chair 0 0 -10 521.43 221.73 561.00 399.51 0.0004824
chair 0 0 -10 518.05 124.62 560.47 165.82 0.0004742
table 0 0 -10 495.76 152.20 559.84 346.95 0.0004403
chair 0 0 -10 517.14 61.36 559.87 285.42 0.0004369
desk 0 0 -10 525.91 136.39 559.40 334.08 0.0004347
dresser 0 0 -10 88.69 226.41 174.09 417.43 0.0004340
dresser 0 0 -10 541.86 171.33 560.75 323.06 0.0004074
dresser 0 0 -10 137.63 71.29 257.98 391.62 0.0003997
bed 0 0 -10 440.18 193.81 561.00 419.47 0.0003934
chair 0 0 -10 411.84 207.31 561.00 427.00 0.0003889
chair 0 0 -10 545.66 263.90 560.48 301.15 0.0003882
table 0 0 -10 1.56 214.63 68.32 427.00 0.0003594
bed 0 0 -10 373.43 15.81 558.84 313.34 0.0003547
bookshelf 0 0 -10 448.69 8.99 558.42 292.28 0.0003426
bed 0 0 -10 520.00 192.37 561.00 264.59 0.0003400
bookshelf 0 0 -10 530.80 158.62 561.00 267.61 0.0003298
bed 0 0 -10 545.22 221.86 560.84 254.65 0.0003274
chair 0 0 -10 17.42 103.80 100.17 280.01 0.0003248
bed 0 0 -10 550.00 177.27 560.96 329.95 0.0003098
sofa 0 0 -10 388.88 191.53 556.84 411.27 0.0003096
table 0 0 -10 442.07 216.57 557.33 422.88 0.0003081
chair 0 0 -10 121.83 1.93 221.50 72.23 0.0003053
bathtub 0 0 -10 532.01 94.13 559.62 312.94 0.0003006
desk 0 0 -10 435.66 188.10 561.00 326.68 0.0002879
chair 0 0 -10 537.60 0.00 561.00 154.52 0.0002868
chair 0 0 -10 2.48 152.43 84.60 296.76 0.0002868
