bed 0 0 -10 0.00 171.21 417.55 426.08 0.9954826
night_stand 0 0 -10 226.37 214.57 297.47 276.22 0.6583021
night_stand 0 0 -10 237.00 211.23 294.60 242.37 0.2371835
table 0 0 -10 234.64 217.57 301.65 278.31 0.0258736
night_stand 0 0 -10 218.25 195.60 298.89 249.84 0.0229868
sofa 0 0 -10 0.00 164.44 419.53 415.73 0.0177181
table 0 0 -10 350.21 293.84 552.59 426.38 0.0170790
bed 0 0 -10 2.26 175.59 127.93 419.32 0.0113604
bed 0 0 -10 0.00 76.02 257.98 402.41 0.0108404
chair 0 0 -10 1.81 369.08 46.39 426.12 0.0105701
night_stand 0 0 -10 330.56 269.43 425.02 405.96 0.0104233
table 0 0 -10 1.30 16.67 210.05 225.47 0.0103780
night_stand 0 0 -10 241.33 206.10 290.18 222.54 0.0099038
bed 0 0 -10 0.50 219.85 38.94 425.62 0.0083580
table 0 0 -10 302.26 292.93 417.13 424.49 0.0074192
bed 0 0 -10 0.00 2.75 221.30 222.78 0.0066209
table 0 0 -10 233.98 207.76 292.96 242.63 0.0059624
night_stand 0 0 -10 252.64 222.41 295.17 240.79 0.0058618
night_stand 0 0 -10 239.01 212.37 265.47 235.17 0.0057408
night_stand 0 0 -10 361.80 254.43 445.03 334.80 0.0051474
dresser 0 0 -10 223.88 215.98 296.49 281.94 0.0050297
night_stand 0 0 -10 192.15 202.91 309.33 267.37 0.0049972
sofa 0 0 -10 2.87 8.51 211.17 226.37 0.0043662
table 0 0 -10 24.31 221.02 418.14 427.00 0.0042347
table 0 0 -10 111.46 298.44 415.91 420.53 0.0040829
chair 0 0 -10 3.75 343.98 71.47 427.00 0.0040224
night_stand 0 0 -10 252.35 210.30 292.31 231.68 0.0039370
table 0 0 -10 0.59 243.59 31.70 423.97 0.0038125
desk 0 0 -10 0.00 6.68 214.08 233.48 0.0036075
table 0 0 -10 342.36 261.64 419.89 393.42 0.0032781
table 0 0 -10 215.25 308.50 494.60 422.48 0.0028140
bed 0 0 -10 177.78 247.55 413.89 421.37 0.0027852
chair 0 0 -10 0.00 3.03 214.20 228.34 0.0027333
bed 0 0 -10 164.72 50.83 550.65 426.06 0.0027169
bed 0 0 -10 220.72 214.09 297.99 282.99 0.0025084
bed 0 0 -10 0.00 165.21 60.48 423.65 0.0023105
dresser 0 0 -10 1.43 12.15 203.67 219.64 0.0022806
sofa 0 0 -10 2.11 366.24 47.84 427.00 0.0022432
night_stand 0 0 -10 0.00 262.47 22.31 333.22 0.0019881
table 0 0 -10 340.38 263.90 469.85 418.42 0.0019231
night_stand 0 0 -10 0.42 249.54 32.73 416.87 0.0018314
night_stand 0 0 -10 251.87 206.19 277.57 219.57 0.0018243
table 0 0 -10 370.69 265.98 425.15 337.85 0.0018147
night_stand 0 0 -10 51.86 232.07 414.75 423.03 0.0018016
night_stand 0 0 -10 274.34 278.23 417.01 420.35 0.0017593
desk 0 0 -10 221.25 216.05 296.39 283.14 0.0017159
bed 0 0 -10 2.92 328.67 70.91 426.78 0.0016072
bed 0 0 -10 0.00 120.17 168.65 287.72 0.0015490
chair 0 0 -10 0.54 312.37 45.66 424.58 0.0015013
night_stand 0 0 -10 244.19 191.19 306.02 284.33 0.0014818
chair 0 0 -10 7.28 209.38 422.34 425.17 0.0014112
bookshelf 0 0 -10 2.86 0.23 205.01 226.54 0.0013669
night_stand 0 0 -10 257.35 209.03 286.01 224.29 0.0012719
bed 0 0 -10 0.74 246.13 231.33 427.00 0.0012256
night_stand 0 0 -10 236.56 197.30 297.97 231.25 0.0012159
table 0 0 -10 202.43 198.99 302.37 263.61 0.0011647
dresser 0 0 -10 0.00 202.45 415.74 427.00 0.0010979
sofa 0 0 -10 222.84 213.13 296.63 283.58 0.0010311
table 0 0 -10 355.78 259.08 452.12 343.29 0.0009946
chair 0 0 -10 4.77 337.21 129.49 427.00 0.0009668
desk 0 0 -10 0.00 162.93 416.17 417.74 0.0009513
toilet 0 0 -10 221.56 216.23 296.08 286.70 0.0009392
bed 0 0 -10 1.26 363.31 48.16 427.00 0.0009324
night_stand 0 0 -10 329.14 265.19 540.85 420.76 0.0008913
table 0 0 -10 189.38 218.03 326.00 286.54 0.0008806
night_stand 0 0 -10 207.38 199.77 272.95 243.36 0.0008702
bed 0 0 -10 319.17 229.79 559.68 424.14 0.0008600
table 0 0 -10 0.85 361.91 53.91 426.62 0.0008543
table 0 0 -10 2.05 246.42 17.85 414.09 0.0007670
bed 0 0 -10 1.64 240.02 22.38 406.10 0.0007184
table 0 0 -10 242.29 214.85 287.69 236.32 0.0007157
table 0 0 -10 237.04 200.78 300.31 224.04 0.0006634
chair 0 0 -10 0.90 194.86 38.48 414.52 0.0006492
bookshelf 0 0 -10 0.41 106.51 160.75 278.35 0.0006423
chair 0 0 -10 226.01 266.30 483.17 420.37 0.0006233
night_stand 0 0 -10 246.83 204.61 270.52 217.87 0.0005823
dresser 0 0 -10 0.06 238.19 32.12 425.95 0.0005739
night_stand 0 0 -10 2.24 254.35 8.34 353.17 0.0005648
chair 0 0 -10 232.27 211.70 293.43 271.28 0.0005646
bookshelf 0 0 -10 5.04 27.59 408.89 377.45 0.0005595
table 0 0 -10 400.23 258.13 498.65 355.44 0.0005581
table 0 0 -10 241.15 207.69 290.28 228.07 0.0005523
night_stand 0 0 -10 255.30 208.49 315.32 245.86 0.0005166
bed 0 0 -10 129.77 153.95 385.93 310.36 0.0005045
table 0 0 -10 364.52 250.09 418.80 307.30 0.0004840
bed 0 0 -10 142.15 205.94 430.50 347.68 0.0004832
bed 0 0 -10 5.14 314.69 126.18 426.55 0.0004641
night_stand 0 0 -10 6.28 252.72 11.36 368.60 0.0004592
table 0 0 -10 249.13 212.53 306.38 246.81 0.0004507
night_stand 0 0 -10 2.90 312.76 60.38 419.71 0.0004389
chair 0 0 -10 1.37 265.48 192.19 427.00 0.0004377
bathtub 0 0 -10 400.80 287.89 561.00 422.08 0.0004374
bookshelf 0 0 -10 222.21 213.77 297.41 282.26 0.0004339
night_stand 0 0 -10 0.72 250.77 6.35 363.33 0.0004256
table 0 0 -10 236.13 212.23 264.39 235.72 0.0004220
chair 0 0 -10 0.65 241.94 61.53 427.00 0.0004194
chair 0 0 -10 101.36 316.35 273.47 424.82 0.0004185
night_stand 0 0 -10 235.20 221.30 336.09 257.23 0.0004171
dresser 0 0 -10 237.34 212.35 294.60 241.17 0.0004129
night_stand 0 0 -10 1.78 354.09 49.20 423.92 0.0004102
