bed 0 0 -10 0.00 202.02 114.49 395.59 0.9908948
dresser 0 0 -10 334.64 174.62 443.88 286.05 0.2996671
chair 0 0 -10 395.70 274.30 528.47 423.39 0.2512593
sofa 0 0 -10 395.48 275.33 526.63 420.41 0.1196040
bookshelf 0 0 -10 318.63 173.08 459.96 357.67 0.0788680
dresser 0 0 -10 318.25 181.74 463.54 358.43 0.0623434
night_stand 0 0 -10 331.02 172.82 445.70 279.86 0.0586519
sofa 0 0 -10 2.90 207.43 119.83 397.51 0.0415540
bookshelf 0 0 -10 330.81 175.92 445.38 286.35 0.0328903
table 0 0 -10 327.95 170.15 442.03 300.54 0.0311820
chair 0 0 -10 169.99 165.30 264.59 280.12 0.0306750
desk 0 0 -10 327.09 169.91 445.26 289.26 0.0220595
table 0 0 -10 396.67 308.16 494.94 414.63 0.0216011
table 0 0 -10 526.86 333.02 559.61 427.00 0.0212989
table 0 0 -10 453.62 369.59 541.10 427.00 0.0209595
table 0 0 -10 169.92 169.12 267.01 276.94 0.0174051
dresser 0 0 -10 342.36 173.98 400.12 275.40 0.0144885
bed 0 0 -10 314.35 175.11 462.35 362.47 0.0125873
table 0 0 -10 2.42 228.21 121.31 401.04 0.0111398
table 0 0 -10 384.74 315.99 474.34 361.71 0.0088371
sofa 0 0 -10 362.84 259.76 501.99 384.23 0.0070598
table 0 0 -10 383.63 290.85 485.33 372.22 0.0064892
table 0 0 -10 320.36 181.86 472.09 359.21 0.0063781
chair 0 0 -10 451.39 271.03 514.18 423.80 0.0063513
table 0 0 -10 425.04 319.78 542.40 427.00 0.0057105
chair 0 0 -10 4.66 216.26 123.60 403.13 0.0056247
desk 0 0 -10 316.48 181.06 463.63 353.60 0.0055652
bed 0 0 -10 6.55 202.39 397.23 410.38 0.0046697
bed 0 0 -10 393.36 272.81 525.30 422.07 0.0046448
bathtub 0 0 -10 319.01 184.97 461.22 353.07 0.0043029
night_stand 0 0 -10 341.65 173.44 401.57 273.24 0.0041769
night_stand 0 0 -10 321.56 179.82 458.98 348.32 0.0041503
table 0 0 -10 531.23 248.07 560.68 427.00 0.0038017
bed 0 0 -10 0.00 174.03 118.30 308.84 0.0036594
chair 0 0 -10 376.76 243.19 506.82 382.74 0.0035996
table 0 0 -10 479.38 314.55 556.90 424.70 0.0032686
table 0 0 -10 337.52 167.93 404.44 281.50 0.0032020
desk 0 0 -10 0.28 223.08 119.96 397.67 0.0031785
chair 0 0 -10 390.78 288.67 491.14 392.02 0.0031298
sofa 0 0 -10 268.04 282.19 537.03 427.00 0.0029800
bed 0 0 -10 325.31 171.73 446.10 285.73 0.0029361
table 0 0 -10 366.91 269.20 509.55 395.34 0.0027542
sofa 0 0 -10 40.71 232.97 542.17 418.35 0.0027344
desk 0 0 -10 395.96 302.66 497.30 415.81 0.0023940
chair 0 0 -10 485.58 280.03 517.72 389.50 0.0022100
chair 0 0 -10 1.05 173.92 46.15 230.64 0.0021612
chair 0 0 -10 314.93 175.40 440.43 346.37 0.0021020
sofa 0 0 -10 533.26 313.77 560.92 427.00 0.0020954
chair 0 0 -10 331.03 177.62 432.04 280.15 0.0020265
night_stand 0 0 -10 319.46 220.12 353.83 268.34 0.0019272
dresser 0 0 -10 0.84 218.03 117.51 398.65 0.0019102
sofa 0 0 -10 452.81 265.95 513.77 424.42 0.0018548
sofa 0 0 -10 320.26 174.61 471.06 358.57 0.0018123
table 0 0 -10 200.13 171.18 259.19 255.69 0.0017821
sofa 0 0 -10 390.56 297.26 486.84 386.85 0.0017743
bed 0 0 -10 372.09 234.47 472.92 362.76 0.0017712
sofa 0 0 -10 335.70 223.38 541.57 405.73 0.0016774
sofa 0 0 -10 0.77 175.22 45.85 228.84 0.0015718
desk 0 0 -10 340.86 171.91 403.54 277.62 0.0015380
chair 0 0 -10 525.99 328.15 561.00 425.37 0.0015325
night_stand 0 0 -10 1.64 219.15 111.55 390.60 0.0015120
night_stand 0 0 -10 343.88 174.60 352.12 273.14 0.0014699
table 0 0 -10 380.60 301.33 454.85 352.64 0.0014036
bathtub 0 0 -10 335.20 169.12 446.15 285.14 0.0013907
bed 0 0 -10 0.00 147.58 176.00 409.12 0.0013248
table 0 0 -10 417.04 377.30 532.07 418.58 0.0013244
bed 0 0 -10 0.00 171.17 48.93 387.12 0.0013040
table 0 0 -10 399.79 349.60 485.77 427.00 0.0012940
chair 0 0 -10 436.51 377.91 541.96 425.11 0.0012463
bed 0 0 -10 384.22 283.74 499.50 371.80 0.0012384
chair 0 0 -10 413.04 266.06 517.77 359.26 0.0011034
sofa 0 0 -10 383.40 281.79 463.21 363.89 0.0010999
table 0 0 -10 503.46 260.81 557.00 419.95 0.0010848
table 0 0 -10 67.33 302.99 380.16 416.53 0.0010713
toilet 0 0 -10 319.96 173.23 437.25 277.76 0.0010551
table 0 0 -10 26.02 237.63 510.94 420.48 0.0010524
table 0 0 -10 352.24 276.57 467.12 363.09 0.0010378
sofa 0 0 -10 114.39 297.65 468.34 420.97 0.0010333
night_stand 0 0 -10 455.53 369.73 546.15 427.00 0.0010331
sofa 0 0 -10 433.47 227.36 557.22 410.45 0.0009912
night_stand 0 0 -10 400.76 290.79 521.43 422.48 0.0009848
bed 0 0 -10 532.10 315.55 561.00 427.00 0.0009814
toilet 0 0 -10 313.36 179.87 438.70 357.56 0.0009646
bed 0 0 -10 0.00 79.80 94.10 360.37 0.0009307
bookshelf 0 0 -10 409.02 272.11 515.93 422.14 0.0008766
sofa 0 0 -10 395.55 338.51 547.89 427.00 0.0008618
sofa 0 0 -10 0.12 173.69 61.27 265.39 0.0008084
bed 0 0 -10 338.46 182.04 533.13 390.86 0.0007935
bookshelf 0 0 -10 0.00 208.62 105.45 384.49 0.0007771
dresser 0 0 -10 407.09 280.03 517.17 423.27 0.0007636
night_stand 0 0 -10 318.93 195.09 362.02 263.11 0.0007626
dresser 0 0 -10 343.50 180.24 352.68 275.90 0.0007166
table 0 0 -10 494.49 289.45 521.94 395.91 0.0007073
sofa 0 0 -10 330.63 177.79 444.72 279.55 0.0006926
chair 0 0 -10 328.00 207.72 492.79 361.72 0.0006898
sofa 0 0 -10 535.86 204.37 560.74 427.00 0.0006756
toilet 0 0 -10 0.00 182.08 133.34 421.46 0.0006708
bed 0 0 -10 0.00 11.01 48.99 279.12 0.0006425
dresser 0 0 -10 322.15 203.98 363.21 270.04 0.0006283
dresser 0 0 -10 2.04 2.72 91.26 277.54 0.0005978
