chair 0 0 -10 198.32 123.00 312.76 248.51 0.8298541
sofa 0 0 -10 488.09 93.19 561.00 415.19 0.8083110
sofa 0 0 -10 17.40 177.72 550.16 427.00 0.7564520
table 0 0 -10 438.03 123.26 520.12 211.02 0.7289556
table 0 0 -10 148.50 161.33 383.45 297.84 0.6848069
bed 0 0 -10 0.00 203.04 554.43 424.50 0.4776478
desk 0 0 -10 159.35 165.76 377.56 298.41 0.4019311
chair 0 0 -10 206.90 126.79 302.64 174.36 0.3233918
desk 0 0 -10 439.33 119.31 520.39 207.62 0.2187872
sofa 0 0 -10 1.37 229.69 332.85 423.48 0.1876557
chair 0 0 -10 270.88 195.45 380.88 308.90 0.1666351
chair 0 0 -10 217.85 140.84 375.93 302.38 0.1587757
chair 0 0 -10 373.28 149.38 476.20 262.81 0.1372962
chair 0 0 -10 8.45 181.63 302.31 406.82 0.1284468
chair 0 0 -10 157.41 134.31 241.14 218.98 0.1261846
desk 0 0 -10 290.42 107.35 470.92 269.84 0.1036728
table 0 0 -10 360.11 167.64 474.84 251.91 0.0855752
bookshelf 0 0 -10 2.01 0.00 164.89 243.80 0.0651216
sofa 0 0 -10 2.40 177.76 285.77 354.30 0.0633352
table 0 0 -10 241.57 202.79 379.77 305.67 0.0593078
desk 0 0 -10 293.26 68.29 456.61 194.94 0.0540358
chair 0 0 -10 73.13 180.62 321.07 325.35 0.0521847
bed 0 0 -10 468.58 109.42 561.00 427.00 0.0492947
desk 0 0 -10 163.37 118.77 468.36 313.24 0.0420685
sofa 0 0 -10 104.60 172.94 362.56 318.02 0.0412473
sofa 0 0 -10 408.82 160.96 560.62 427.00 0.0390436
night_stand 0 0 -10 437.86 118.72 520.00 215.67 0.0352673
sofa 0 0 -10 513.34 99.35 560.67 229.98 0.0236437
desk 0 0 -10 150.28 154.39 356.65 241.20 0.0224234
table 0 0 -10 152.06 148.31 334.66 253.44 0.0205462
night_stand 0 0 -10 165.34 142.73 215.98 196.78 0.0201904
desk 0 0 -10 265.57 177.48 381.42 308.39 0.0200592
bed 0 0 -10 119.36 141.21 422.81 379.23 0.0179632
bed 0 0 -10 222.66 136.90 547.90 418.77 0.0174299
chair 0 0 -10 164.99 135.23 224.06 189.77 0.0171981
table 0 0 -10 91.18 171.78 391.81 384.00 0.0165918
chair 0 0 -10 148.42 168.15 381.56 366.69 0.0156688
desk 0 0 -10 333.28 101.20 523.57 208.29 0.0141122
table 0 0 -10 323.37 133.94 496.68 250.17 0.0141104
sofa 0 0 -10 446.30 102.68 530.66 238.26 0.0140237
chair 0 0 -10 156.58 153.12 327.35 289.77 0.0135057
table 0 0 -10 441.08 119.71 537.64 338.10 0.0131968
sofa 0 0 -10 518.14 98.02 560.55 165.80 0.0122544
table 0 0 -10 272.11 153.34 485.89 298.53 0.0119408
table 0 0 -10 149.33 196.36 495.65 324.22 0.0114923
chair 0 0 -10 482.52 98.71 549.79 223.14 0.0114825
chair 0 0 -10 131.27 184.55 542.99 423.71 0.0102977
table 0 0 -10 165.19 143.07 210.89 190.54 0.0097944
table 0 0 -10 291.46 99.27 471.71 221.37 0.0094196
desk 0 0 -10 243.68 150.36 439.83 300.65 0.0087788
bed 0 0 -10 163.24 274.22 528.89 427.00 0.0085796
table 0 0 -10 441.24 119.32 522.62 169.84 0.0085465
sofa 0 0 -10 475.69 206.62 560.42 353.94 0.0084261
chair 0 0 -10 468.53 95.08 561.00 419.28 0.0083704
night_stand 0 0 -10 259.41 211.44 382.74 311.25 0.0079403
sofa 0 0 -10 449.24 122.08 551.59 362.13 0.0073584
desk 0 0 -10 360.94 167.24 475.71 254.49 0.0072991
bookshelf 0 0 -10 5.37 1.39 168.29 122.22 0.0072901
night_stand 0 0 -10 156.09 182.93 382.92 308.15 0.0071926
desk 0 0 -10 80.41 172.07 393.13 390.36 0.0071726
chair 0 0 -10 203.38 117.87 285.68 208.68 0.0070953
chair 0 0 -10 450.74 118.05 511.78 185.33 0.0070952
chair 0 0 -10 175.43 131.51 272.74 191.93 0.0069593
night_stand 0 0 -10 377.20 170.10 476.24 262.37 0.0068688
chair 0 0 -10 4.60 189.69 236.87 311.28 0.0065749
table 0 0 -10 398.28 135.23 514.72 288.71 0.0065023
chair 0 0 -10 199.45 79.45 304.41 182.28 0.0065021
sofa 0 0 -10 153.47 142.49 377.47 266.51 0.0060927
bed 0 0 -10 0.90 242.34 326.81 424.84 0.0057586
table 0 0 -10 248.84 85.46 512.06 346.07 0.0055738
sofa 0 0 -10 130.12 109.49 530.81 357.63 0.0054580
chair 0 0 -10 506.04 92.03 560.69 200.65 0.0052052
table 0 0 -10 3.88 272.13 314.32 427.00 0.0051181
bed 0 0 -10 439.60 118.72 520.92 220.36 0.0049498
chair 0 0 -10 141.70 145.15 233.88 256.98 0.0049232
bed 0 0 -10 159.31 133.89 365.86 294.29 0.0047557
table 0 0 -10 154.91 146.76 281.91 221.21 0.0047258
table 0 0 -10 32.01 174.70 541.56 424.05 0.0043357
chair 0 0 -10 339.91 133.61 561.00 423.53 0.0042651
dresser 0 0 -10 287.46 63.41 457.69 186.05 0.0041508
table 0 0 -10 438.27 112.85 519.30 147.04 0.0039026
chair 0 0 -10 183.67 209.70 405.41 315.51 0.0038066
dresser 0 0 -10 218.62 146.25 381.43 304.88 0.0037988
chair 0 0 -10 401.94 117.82 492.84 229.11 0.0037497
bookshelf 0 0 -10 7.65 0.38 142.09 65.13 0.0036435
chair 0 0 -10 441.63 101.99 525.41 216.64 0.0034678
chair 0 0 -10 492.80 90.31 561.00 285.73 0.0034153
desk 0 0 -10 241.75 77.03 520.78 352.62 0.0034056
sofa 0 0 -10 415.71 121.85 539.98 272.29 0.0033348
sofa 0 0 -10 278.13 199.59 543.61 427.00 0.0032722
table 0 0 -10 166.37 146.74 229.32 206.04 0.0030829
bookshelf 0 0 -10 49.44 2.89 279.94 176.98 0.0030608
dresser 0 0 -10 130.82 152.81 411.60 382.60 0.0030578
dresser 0 0 -10 436.67 120.31 516.89 214.18 0.0029834
table 0 0 -10 144.59 161.38 255.93 260.94 0.0028285
table 0 0 -10 177.61 137.37 202.12 161.02 0.0027870
night_stand 0 0 -10 72.05 179.77 380.02 392.55 0.0026250
chair 0 0 -10 251.81 87.86 321.88 223.17 0.0026152
desk 0 0 -10 395.12 114.74 527.16 239.48 0.0025487
sofa 0 0 -10 160.11 119.81 315.28 240.71 0.0025306
