sofa 0 0 -10 5.32 174.01 144.30 393.94 0.9623919
sofa 0 0 -10 98.12 138.05 291.44 237.89 0.9570791
table 0 0 -10 146.60 199.98 316.24 320.36 0.8236576
table 0 0 -10 414.47 175.25 556.14 334.83 0.4940793
chair 0 0 -10 428.93 119.90 558.18 324.13 0.4526558
chair 0 0 -10 482.78 162.80 560.25 412.76 0.3287620
chair 0 0 -10 465.39 105.00 561.00 255.67 0.2665006
desk 0 0 -10 431.26 176.09 557.14 403.17 0.1999821
sofa 0 0 -10 32.72 151.99 298.28 371.84 0.1916055
table 0 0 -10 436.28 204.51 557.54 408.60 0.1820738
sofa 0 0 -10 122.89 170.75 309.74 303.91 0.1604925
desk 0 0 -10 491.02 197.59 559.54 427.00 0.0742556
table 0 0 -10 12.34 141.22 118.39 228.81 0.0563886
chair 0 0 -10 486.67 109.90 560.64 197.62 0.0408250
sofa 0 0 -10 3.18 149.89 125.39 251.21 0.0379916
sofa 0 0 -10 16.98 142.10 179.91 274.82 0.0368413
chair 0 0 -10 471.19 237.13 560.43 360.13 0.0341863
chair 0 0 -10 493.45 270.63 558.23 406.05 0.0334714
night_stand 0 0 -10 150.20 194.21 322.70 325.63 0.0320454
table 0 0 -10 128.37 192.19 298.45 267.93 0.0238527
table 0 0 -10 1.34 152.58 133.07 341.11 0.0216330
table 0 0 -10 510.25 205.26 560.32 427.00 0.0210345
chair 0 0 -10 438.39 209.21 557.49 332.66 0.0205062
desk 0 0 -10 415.44 131.83 555.64 321.26 0.0200250
chair 0 0 -10 522.08 219.59 560.69 420.59 0.0196467
night_stand 0 0 -10 415.57 193.43 552.19 332.93 0.0177812
table 0 0 -10 418.31 147.18 517.28 297.64 0.0172800
table 0 0 -10 474.49 257.38 558.47 426.35 0.0166819
chair 0 0 -10 417.31 98.57 474.05 171.79 0.0138616
table 0 0 -10 420.78 107.17 468.55 169.33 0.0136290
chair 0 0 -10 422.73 97.55 516.05 269.09 0.0134788
chair 0 0 -10 419.00 103.01 480.57 224.45 0.0116359
table 0 0 -10 417.85 112.55 487.43 246.25 0.0101492
night_stand 0 0 -10 444.67 209.37 561.00 412.56 0.0096313
desk 0 0 -10 464.24 233.25 559.61 354.59 0.0087694
desk 0 0 -10 529.70 201.36 559.33 425.86 0.0083422
table 0 0 -10 434.24 120.01 561.00 296.81 0.0078693
table 0 0 -10 516.29 324.82 559.19 388.83 0.0075614
dresser 0 0 -10 445.98 210.20 560.54 414.29 0.0074991
chair 0 0 -10 513.97 326.05 559.54 386.12 0.0074547
table 0 0 -10 473.05 135.33 559.35 378.32 0.0069693
chair 0 0 -10 489.33 265.17 559.20 334.08 0.0069006
sofa 0 0 -10 15.10 71.82 350.68 261.04 0.0067712
chair 0 0 -10 527.07 284.77 560.44 392.82 0.0063943
sofa 0 0 -10 2.52 156.51 48.19 385.36 0.0061978
desk 0 0 -10 148.75 193.79 318.52 324.14 0.0060933
table 0 0 -10 2.56 218.36 148.26 408.86 0.0058348
sofa 0 0 -10 475.11 216.87 558.10 420.40 0.0058261
table 0 0 -10 419.32 157.48 555.89 251.60 0.0058123
chair 0 0 -10 406.78 167.87 557.24 407.15 0.0058001
chair 0 0 -10 149.63 195.31 331.50 329.26 0.0057616
chair 0 0 -10 417.22 166.95 499.02 303.16 0.0054846
table 0 0 -10 493.25 292.78 554.12 387.62 0.0054005
chair 0 0 -10 538.03 234.91 560.92 407.01 0.0052266
chair 0 0 -10 0.00 160.13 141.85 402.72 0.0051844
table 0 0 -10 460.84 233.20 557.94 353.56 0.0050608
chair 0 0 -10 424.05 107.15 555.83 207.89 0.0050546
table 0 0 -10 416.51 169.82 485.41 230.75 0.0047157
chair 0 0 -10 515.79 131.42 558.23 377.39 0.0044309
table 0 0 -10 528.73 309.09 559.88 413.66 0.0044043
table 0 0 -10 84.23 165.21 284.03 249.30 0.0043147
table 0 0 -10 18.52 146.47 173.11 269.26 0.0043069
table 0 0 -10 422.05 104.44 469.36 136.59 0.0037767
chair 0 0 -10 533.13 320.51 560.45 375.95 0.0036818
dresser 0 0 -10 417.79 196.53 555.84 337.79 0.0036699
sofa 0 0 -10 416.94 109.04 560.55 307.30 0.0036574
bed 0 0 -10 0.20 190.95 154.58 405.22 0.0035977
bookshelf 0 0 -10 473.01 211.62 557.97 418.82 0.0033724
table 0 0 -10 65.19 162.97 320.52 341.95 0.0033566
dresser 0 0 -10 528.25 198.34 559.63 427.00 0.0031989
bed 0 0 -10 444.63 196.72 558.69 415.78 0.0031385
bed 0 0 -10 141.53 189.87 312.55 326.17 0.0029534
sofa 0 0 -10 0.97 142.52 36.92 306.70 0.0027920
chair 0 0 -10 2.36 142.41 119.77 240.17 0.0027224
table 0 0 -10 253.58 180.20 546.77 408.86 0.0026385
chair 0 0 -10 135.55 153.94 306.69 292.18 0.0026017
desk 0 0 -10 419.65 201.40 532.35 334.93 0.0025991
desk 0 0 -10 415.16 111.71 472.96 195.40 0.0025433
table 0 0 -10 468.05 110.37 561.00 206.18 0.0024228
toilet 0 0 -10 473.20 220.39 556.56 420.90 0.0020745
bookshelf 0 0 -10 415.06 32.50 554.96 316.66 0.0020278
desk 0 0 -10 424.28 156.00 554.65 252.87 0.0020274
sofa 0 0 -10 418.88 192.31 556.00 335.85 0.0020274
sofa 0 0 -10 2.29 213.74 29.24 357.16 0.0019342
sofa 0 0 -10 0.81 140.38 82.45 333.01 0.0018361
table 0 0 -10 26.13 145.42 105.62 187.38 0.0018251
table 0 0 -10 65.20 135.06 290.85 227.46 0.0017594
chair 0 0 -10 386.49 22.04 560.31 288.55 0.0016796
table 0 0 -10 0.36 233.49 27.55 364.17 0.0016783
table 0 0 -10 539.66 234.84 560.77 411.23 0.0016590
table 0 0 -10 534.93 321.91 560.16 378.57 0.0016282
bathtub 0 0 -10 440.85 217.01 559.95 411.81 0.0016115
desk 0 0 -10 464.46 116.37 561.00 265.66 0.0015402
bookshelf 0 0 -10 219.39 1.68 494.78 191.61 0.0015341
table 0 0 -10 371.23 87.40 554.63 345.19 0.0014516
table 0 0 -10 355.61 169.80 402.55 206.91 0.0014437
desk 0 0 -10 419.53 106.26 510.76 207.53 0.0013773
table 0 0 -10 413.73 174.87 484.18 290.25 0.0013154
bookshelf 0 0 -10 419.15 192.17 555.56 337.20 0.0011814
table 0 0 -10 547.35 314.91 555.70 404.07 0.0011554
