bed 0 0 -10 5.32 125.51 434.78 427.00 0.9890661
bed 0 0 -10 0.00 109.83 192.42 261.05 0.9764640
table 0 0 -10 430.55 205.25 561.00 315.69 0.5913243
bed 0 0 -10 20.21 105.17 395.41 267.40 0.0841818
bed 0 0 -10 0.00 169.54 260.91 419.91 0.0399288
desk 0 0 -10 428.47 206.36 559.21 328.03 0.0350714
table 0 0 -10 508.39 216.10 560.41 303.56 0.0195378
sofa 0 0 -10 2.10 100.14 183.51 255.62 0.0190504
table 0 0 -10 0.00 150.96 451.16 427.00 0.0176647
table 0 0 -10 410.26 189.35 555.65 420.74 0.0133796
chair 0 0 -10 516.04 205.51 559.60 300.42 0.0118940
table 0 0 -10 433.23 256.42 558.12 341.88 0.0096123
sofa 0 0 -10 2.70 110.53 467.28 427.00 0.0094165
chair 0 0 -10 487.23 204.93 557.24 314.50 0.0089455
bed 0 0 -10 181.63 146.16 447.57 403.30 0.0083831
night_stand 0 0 -10 431.57 206.99 559.41 325.86 0.0077169
table 0 0 -10 522.56 210.08 560.13 363.13 0.0072493
table 0 0 -10 441.27 217.09 559.14 257.79 0.0068058
table 0 0 -10 442.00 190.96 507.53 240.47 0.0067555
desk 0 0 -10 402.59 184.97 556.51 419.98 0.0058880
night_stand 0 0 -10 3.55 154.24 441.73 427.00 0.0054852
chair 0 0 -10 114.45 150.80 434.82 424.30 0.0043092
table 0 0 -10 512.68 258.01 559.47 420.80 0.0037188
chair 0 0 -10 494.16 260.32 559.75 422.59 0.0036312
table 0 0 -10 538.92 216.43 560.04 336.47 0.0033392
bed 0 0 -10 136.85 130.86 393.88 205.00 0.0031772
bed 0 0 -10 90.31 140.66 226.17 230.14 0.0030994
dresser 0 0 -10 0.00 143.36 437.38 427.00 0.0030368
desk 0 0 -10 510.15 214.97 560.19 306.15 0.0029243
chair 0 0 -10 537.22 206.33 560.89 297.22 0.0023872
chair 0 0 -10 516.19 236.01 561.00 392.63 0.0022380
table 0 0 -10 548.83 217.50 560.78 390.01 0.0019208
desk 0 0 -10 0.00 144.83 449.42 426.20 0.0018915
table 0 0 -10 535.92 236.12 560.18 424.22 0.0018590
table 0 0 -10 539.87 239.11 560.58 300.85 0.0018384
chair 0 0 -10 438.86 239.35 558.69 414.51 0.0017670
chair 0 0 -10 446.16 180.43 506.61 244.38 0.0016964
desk 0 0 -10 442.13 216.80 560.16 258.98 0.0016437
chair 0 0 -10 532.41 222.18 561.00 343.32 0.0016221
table 0 0 -10 434.90 184.43 530.30 268.47 0.0015987
bed 0 0 -10 299.78 120.68 455.09 391.87 0.0014924
chair 0 0 -10 7.38 100.54 183.76 253.68 0.0014646
chair 0 0 -10 411.04 162.04 546.60 328.53 0.0014313
table 0 0 -10 476.82 214.06 560.89 373.27 0.0012350
night_stand 0 0 -10 444.32 185.20 507.98 242.99 0.0012214
table 0 0 -10 525.44 245.81 560.57 309.01 0.0012208
table 0 0 -10 2.82 134.30 193.47 260.41 0.0012176
chair 0 0 -10 336.58 134.89 526.67 364.21 0.0011701
chair 0 0 -10 225.38 123.28 463.99 366.87 0.0011611
chair 0 0 -10 364.50 124.08 450.64 331.25 0.0010902
sofa 0 0 -10 49.47 105.51 407.95 269.10 0.0010884
chair 0 0 -10 12.32 219.49 376.02 425.62 0.0010863
chair 0 0 -10 525.74 209.30 560.34 270.50 0.0010805
night_stand 0 0 -10 372.96 141.38 448.06 332.55 0.0010631
table 0 0 -10 544.38 273.64 560.71 300.90 0.0010459
table 0 0 -10 397.36 146.68 556.94 301.64 0.0010210
table 0 0 -10 440.77 224.20 554.49 286.51 0.0009300
table 0 0 -10 548.66 221.51 559.95 305.90 0.0009156
night_stand 0 0 -10 8.47 132.23 179.87 260.79 0.0008832
bed 0 0 -10 0.00 61.12 112.40 254.65 0.0008719
chair 0 0 -10 441.98 216.99 552.38 331.74 0.0008692
bed 0 0 -10 348.54 143.80 542.55 421.04 0.0008607
chair 0 0 -10 546.34 211.37 557.33 288.70 0.0008507
bed 0 0 -10 62.13 298.36 308.82 425.85 0.0008448
bed 0 0 -10 0.00 194.36 109.51 415.31 0.0008446
chair 0 0 -10 528.00 246.73 561.00 310.91 0.0008253
sofa 0 0 -10 165.04 98.08 388.90 195.38 0.0008177
bed 0 0 -10 1.60 97.81 167.03 197.00 0.0008173
table 0 0 -10 453.82 274.81 556.68 395.96 0.0008054
table 0 0 -10 533.33 222.00 560.45 278.53 0.0007687
night_stand 0 0 -10 401.57 198.68 555.71 415.76 0.0007310
chair 0 0 -10 447.00 261.76 558.30 346.84 0.0007220
dresser 0 0 -10 1.77 125.17 186.85 259.74 0.0007148
table 0 0 -10 348.26 164.01 523.96 417.98 0.0007103
chair 0 0 -10 129.60 89.18 396.68 260.92 0.0007090
table 0 0 -10 440.82 210.26 546.96 242.90 0.0006446
desk 0 0 -10 444.66 197.94 508.35 243.11 0.0006443
table 0 0 -10 445.73 206.59 503.59 228.67 0.0006351
table 0 0 -10 374.69 139.67 448.26 348.12 0.0005940
chair 0 0 -10 528.70 237.17 561.00 278.54 0.0005887
chair 0 0 -10 547.75 214.37 560.91 263.68 0.0005392
table 0 0 -10 525.42 268.32 559.72 326.53 0.0005288
table 0 0 -10 285.79 158.99 447.88 427.00 0.0005079
table 0 0 -10 455.77 249.93 557.22 305.32 0.0004974
table 0 0 -10 530.51 271.97 560.31 301.92 0.0004940
chair 0 0 -10 548.75 198.93 561.00 310.33 0.0004830
chair 0 0 -10 537.19 229.32 560.75 265.74 0.0004771
desk 0 0 -10 456.88 219.11 559.68 296.60 0.0004696
night_stand 0 0 -10 147.19 146.64 375.32 213.09 0.0004555
bed 0 0 -10 102.02 154.63 358.99 234.72 0.0004440
toilet 0 0 -10 7.54 142.59 444.68 427.00 0.0004402
table 0 0 -10 0.23 259.38 28.78 423.45 0.0004244
table 0 0 -10 511.26 236.49 559.81 276.10 0.0004238
sofa 0 0 -10 419.71 224.05 559.75 427.00 0.0004202
chair 0 0 -10 17.20 142.94 258.65 397.91 0.0004145
chair 0 0 -10 291.28 198.06 543.52 427.00 0.0004110
dresser 0 0 -10 285.56 156.49 445.87 424.23 0.0003962
table 0 0 -10 340.33 213.34 427.14 427.00 0.0003949
bookshelf 0 0 -10 0.00 137.93 435.62 420.47 0.0003881
table 0 0 -10 553.35 226.99 560.74 334.09 0.0003836
