dresser 0 0 -10 123.49 206.37 354.26 427.00 0.9109872
table 0 0 -10 52.98 372.93 231.05 427.00 0.3103804
desk 0 0 -10 110.27 196.81 360.12 427.00 0.2400549
chair 0 0 -10 526.62 118.64 560.24 329.83 0.1318600
table 0 0 -10 535.71 154.69 560.54 352.39 0.1173353
table 0 0 -10 27.39 323.60 239.60 426.79 0.0865651
night_stand 0 0 -10 50.50 367.80 248.25 427.00 0.0595840
night_stand 0 0 -10 129.69 202.54 353.40 427.00 0.0587128
sofa 0 0 -10 532.56 142.04 559.48 338.62 0.0580416
dresser 0 0 -10 542.37 159.09 560.72 318.23 0.0548059
table 0 0 -10 128.44 218.76 340.55 426.21 0.0369387
chair 0 0 -10 2.91 281.93 239.11 426.27 0.0365674
chair 0 0 -10 541.24 146.50 559.03 334.77 0.0333447
dresser 0 0 -10 36.47 250.01 297.73 416.39 0.0311905
desk 0 0 -10 539.83 163.64 561.00 324.36 0.0282124
bed 0 0 -10 541.99 142.79 558.74 338.09 0.0275768
dresser 0 0 -10 528.00 121.68 560.10 327.85 0.0272802
desk 0 0 -10 527.49 146.21 560.06 347.25 0.0257448
chair 0 0 -10 1.98 287.16 120.68 427.00 0.0210512
table 0 0 -10 6.36 288.22 131.63 426.76 0.0203949
chair 0 0 -10 32.90 368.76 237.08 427.00 0.0199857
bed 0 0 -10 57.87 193.46 356.24 427.00 0.0167044
table 0 0 -10 517.08 181.47 560.09 334.41 0.0157227
bed 0 0 -10 6.26 278.60 152.91 427.00 0.0142201
sofa 0 0 -10 9.51 283.45 152.96 427.00 0.0139005
chair 0 0 -10 502.42 109.41 561.00 381.51 0.0133411
dresser 0 0 -10 545.30 161.01 552.45 316.09 0.0126854
sofa 0 0 -10 545.46 128.13 558.44 340.64 0.0122737
desk 0 0 -10 18.05 293.99 291.76 426.61 0.0119825
sofa 0 0 -10 46.17 369.73 240.21 427.00 0.0116044
night_stand 0 0 -10 44.24 280.46 285.70 422.02 0.0112060
sofa 0 0 -10 23.18 307.12 239.84 426.16 0.0108182
desk 0 0 -10 49.17 365.52 244.35 427.00 0.0104983
dresser 0 0 -10 4.93 279.00 146.04 423.30 0.0100111
chair 0 0 -10 41.42 211.78 315.04 422.99 0.0096912
bookshelf 0 0 -10 93.60 140.54 345.37 414.65 0.0084271
bed 0 0 -10 526.67 131.82 560.10 347.78 0.0079297
sofa 0 0 -10 61.69 206.60 358.27 426.02 0.0072362
bed 0 0 -10 17.44 309.44 239.00 427.00 0.0070934
dresser 0 0 -10 102.65 18.51 363.43 404.06 0.0070065
bookshelf 0 0 -10 527.43 131.98 559.68 344.57 0.0067747
table 0 0 -10 545.39 170.94 552.44 322.51 0.0066120
bed 0 0 -10 44.85 370.91 239.44 427.00 0.0059404
sofa 0 0 -10 520.33 169.26 560.04 273.93 0.0052850
night_stand 0 0 -10 542.31 164.26 559.09 329.46 0.0052071
bookshelf 0 0 -10 542.64 142.80 558.66 330.29 0.0052057
desk 0 0 -10 545.30 167.33 552.52 315.84 0.0046134
night_stand 0 0 -10 527.36 145.30 561.00 344.35 0.0037249
bed 0 0 -10 548.46 105.81 560.93 363.91 0.0036664
dresser 0 0 -10 549.00 115.68 560.80 359.30 0.0034853
chair 0 0 -10 36.24 262.85 141.91 411.13 0.0032478
chair 0 0 -10 544.77 161.23 553.01 317.39 0.0032085
table 0 0 -10 96.26 291.38 306.01 427.00 0.0029940
table 0 0 -10 528.41 96.67 555.60 341.54 0.0029104
desk 0 0 -10 5.98 280.82 148.13 426.17 0.0028222
dresser 0 0 -10 226.73 195.22 358.24 404.83 0.0027892
dresser 0 0 -10 126.28 286.90 311.95 423.32 0.0027850
table 0 0 -10 548.81 178.33 560.81 332.56 0.0027135
night_stand 0 0 -10 7.87 287.64 148.98 423.61 0.0027067
night_stand 0 0 -10 129.54 237.81 270.43 409.95 0.0025783
table 0 0 -10 49.81 263.86 146.64 416.44 0.0025766
table 0 0 -10 530.79 198.72 559.56 300.29 0.0025727
toilet 0 0 -10 50.87 369.71 235.29 423.30 0.0025651
dresser 0 0 -10 50.09 363.86 244.67 426.50 0.0024493
chair 0 0 -10 548.15 110.47 561.00 353.71 0.0023698
toilet 0 0 -10 525.97 139.55 560.20 353.56 0.0022210
chair 0 0 -10 123.25 284.19 319.75 423.39 0.0021156
bed 0 0 -10 545.14 155.68 552.67 321.89 0.0020541
bathtub 0 0 -10 542.70 155.93 558.74 328.32 0.0020101
sofa 0 0 -10 512.78 118.02 560.10 341.78 0.0019504
bookshelf 0 0 -10 52.02 371.08 235.62 427.00 0.0018886
table 0 0 -10 522.48 215.73 558.85 275.90 0.0018873
bathtub 0 0 -10 525.75 146.83 560.73 358.32 0.0018593
bookshelf 0 0 -10 515.91 17.53 558.81 324.51 0.0018035
bathtub 0 0 -10 2.43 273.78 126.80 419.32 0.0017652
table 0 0 -10 538.38 181.93 559.88 273.90 0.0017372
chair 0 0 -10 517.21 166.66 560.96 273.11 0.0016962
night_stand 0 0 -10 545.17 172.15 552.75 312.22 0.0016682
sofa 0 0 -10 522.07 191.65 559.53 238.16 0.0016623
toilet 0 0 -10 47.34 199.68 344.48 427.00 0.0016184
bed 0 0 -10 12.66 219.98 216.73 420.91 0.0016103
chair 0 0 -10 102.27 100.06 358.29 408.79 0.0014682
dresser 0 0 -10 139.73 220.97 271.55 409.13 0.0014640
dresser 0 0 -10 514.12 34.62 560.46 321.69 0.0014532
sofa 0 0 -10 545.33 164.27 552.68 314.53 0.0014386
desk 0 0 -10 503.69 117.93 561.00 319.94 0.0013847
table 0 0 -10 501.87 140.88 559.19 395.89 0.0013723
bathtub 0 0 -10 74.04 200.70 395.29 409.82 0.0013719
sofa 0 0 -10 537.90 177.44 559.87 270.67 0.0013528
chair 0 0 -10 47.79 341.24 356.95 424.36 0.0012510
desk 0 0 -10 115.04 312.76 274.89 423.41 0.0012096
toilet 0 0 -10 0.00 273.18 123.67 424.21 0.0011714
chair 0 0 -10 554.11 106.76 560.91 325.12 0.0011124
table 0 0 -10 522.91 199.09 558.85 246.73 0.0011014
night_stand 0 0 -10 59.29 339.73 348.64 424.84 0.0010971
toilet 0 0 -10 542.27 153.26 558.70 333.15 0.0010525
toilet 0 0 -10 11.77 294.57 236.48 427.00 0.0010278
bathtub 0 0 -10 50.07 361.85 244.71 425.99 0.0010020
dresser 0 0 -10 548.24 168.35 557.57 301.70 0.0009699
desk 0 0 -10 550.07 172.43 560.91 330.25 0.0009425
