bed 0 0 -10 185.51 188.79 555.16 427.00 0.9871853
night_stand 0 0 -10 58.06 232.44 184.51 367.16 0.9589480
bookshelf 0 0 -10 143.17 111.88 322.80 289.64 0.6866663
dresser 0 0 -10 0.00 230.70 64.21 384.79 0.6380460
dresser 0 0 -10 148.67 118.56 327.29 299.12 0.5076233
dresser 0 0 -10 57.26 233.10 185.36 367.16 0.1101287
night_stand 0 0 -10 2.56 230.16 66.36 385.53 0.0909248
bed 0 0 -10 140.81 106.37 327.39 312.11 0.0690397
desk 0 0 -10 0.00 225.27 62.94 388.73 0.0687136
bed 0 0 -10 73.75 114.31 401.56 396.94 0.0611048
bed 0 0 -10 176.22 171.95 385.67 388.72 0.0353501
night_stand 0 0 -10 144.94 116.37 318.92 297.59 0.0265724
desk 0 0 -10 145.38 120.29 330.79 303.07 0.0259490
table 0 0 -10 1.82 236.12 69.21 396.84 0.0227950
sofa 0 0 -10 178.44 164.53 561.00 421.51 0.0215743
dresser 0 0 -10 3.96 140.19 56.54 358.73 0.0204078
desk 0 0 -10 55.80 231.40 187.21 372.00 0.0196251
dresser 0 0 -10 67.48 156.39 301.44 365.07 0.0170415
table 0 0 -10 59.34 234.31 183.38 373.09 0.0160613
table 0 0 -10 149.02 132.09 316.17 310.79 0.0151693
bed 0 0 -10 48.02 193.20 283.76 389.27 0.0151016
night_stand 0 0 -10 74.13 170.12 295.91 363.90 0.0134438
night_stand 0 0 -10 7.59 230.20 122.26 395.24 0.0132605
dresser 0 0 -10 5.98 228.80 120.74 395.74 0.0124360
bed 0 0 -10 0.00 202.30 60.65 389.19 0.0123680
chair 0 0 -10 150.72 116.13 337.28 306.66 0.0079481
bookshelf 0 0 -10 0.00 227.70 64.78 394.69 0.0076764
chair 0 0 -10 206.39 182.69 506.60 421.12 0.0065186
dresser 0 0 -10 39.20 164.24 182.76 344.97 0.0055374
table 0 0 -10 62.74 299.08 281.01 422.26 0.0052082
desk 0 0 -10 3.48 230.05 135.24 398.94 0.0050321
bed 0 0 -10 358.78 175.95 557.95 403.85 0.0049869
table 0 0 -10 151.04 193.84 496.67 427.00 0.0049671
sofa 0 0 -10 147.20 123.25 324.68 298.63 0.0046231
desk 0 0 -10 61.92 156.47 315.92 371.08 0.0037378
chair 0 0 -10 0.00 228.86 58.05 387.74 0.0036432
chair 0 0 -10 46.50 216.86 208.33 375.73 0.0036323
bed 0 0 -10 0.00 126.67 58.57 218.40 0.0032325
dresser 0 0 -10 5.34 228.01 36.41 380.33 0.0032079
table 0 0 -10 56.82 204.24 280.73 383.68 0.0029670
dresser 0 0 -10 0.52 191.29 91.28 364.24 0.0029097
bed 0 0 -10 56.39 231.95 196.07 382.57 0.0026680
dresser 0 0 -10 155.98 173.80 477.88 423.18 0.0026601
bed 0 0 -10 50.52 357.69 305.52 427.00 0.0024476
table 0 0 -10 8.26 232.08 131.31 399.97 0.0022222
bed 0 0 -10 70.44 342.02 528.56 425.97 0.0020850
desk 0 0 -10 3.84 141.90 57.26 360.88 0.0020788
desk 0 0 -10 139.07 184.40 503.40 424.22 0.0020770
chair 0 0 -10 186.12 153.76 377.51 381.57 0.0018464
sofa 0 0 -10 1.04 217.73 59.05 379.86 0.0018067
bed 0 0 -10 59.46 291.09 292.52 422.18 0.0015862
toilet 0 0 -10 130.68 112.95 321.37 290.94 0.0015807
bed 0 0 -10 172.96 139.14 502.17 333.12 0.0015454
table 0 0 -10 180.21 185.02 368.25 386.03 0.0015147
bookshelf 0 0 -10 71.09 88.99 373.76 367.35 0.0014965
night_stand 0 0 -10 131.62 229.73 224.96 365.65 0.0014572
chair 0 0 -10 74.43 178.90 275.54 378.74 0.0014496
bookshelf 0 0 -10 177.29 17.45 548.26 396.99 0.0013904
desk 0 0 -10 29.13 197.25 236.38 401.28 0.0013749
bookshelf 0 0 -10 203.24 105.47 332.24 238.52 0.0013735
night_stand 0 0 -10 184.21 184.77 368.81 377.33 0.0013271
bathtub 0 0 -10 154.29 115.00 321.54 305.49 0.0011169
bookshelf 0 0 -10 41.14 192.15 191.35 380.61 0.0011100
dresser 0 0 -10 185.95 175.05 368.27 383.94 0.0010874
sofa 0 0 -10 48.70 225.49 199.64 380.27 0.0009960
table 0 0 -10 49.49 356.61 287.50 427.00 0.0009851
table 0 0 -10 0.00 127.03 58.12 215.46 0.0009632
dresser 0 0 -10 146.89 125.46 224.24 316.89 0.0009618
night_stand 0 0 -10 186.44 218.02 536.21 424.57 0.0009530
dresser 0 0 -10 0.76 249.39 52.75 333.91 0.0008808
bathtub 0 0 -10 0.13 231.77 58.17 380.87 0.0008522
dresser 0 0 -10 3.95 223.77 7.72 367.25 0.0008467
sofa 0 0 -10 1.13 126.26 57.35 216.33 0.0008342
bookshelf 0 0 -10 154.32 161.21 481.21 413.05 0.0008244
dresser 0 0 -10 203.15 115.01 330.88 240.16 0.0008182
bookshelf 0 0 -10 3.88 131.77 56.30 368.84 0.0008022
dresser 0 0 -10 109.82 102.38 388.91 369.42 0.0007822
bed 0 0 -10 284.77 274.60 558.21 427.00 0.0007736
night_stand 0 0 -10 38.03 167.42 203.41 380.72 0.0007212
toilet 0 0 -10 36.37 231.43 201.11 401.95 0.0006917
bookshelf 0 0 -10 0.00 127.96 60.51 216.72 0.0006864
dresser 0 0 -10 2.57 228.45 6.08 374.81 0.0006458
desk 0 0 -10 4.98 226.94 37.05 381.28 0.0006361
chair 0 0 -10 0.61 226.55 124.11 384.58 0.0006356
table 0 0 -10 23.77 233.22 60.61 384.43 0.0006352
chair 0 0 -10 0.99 121.21 63.07 219.60 0.0006065
dresser 0 0 -10 166.74 51.06 556.84 402.02 0.0005750
bookshelf 0 0 -10 182.70 163.50 369.13 375.50 0.0005436
sofa 0 0 -10 183.57 174.20 385.06 379.36 0.0005392
desk 0 0 -10 174.75 182.89 370.54 384.54 0.0005291
bookshelf 0 0 -10 115.89 1.86 328.50 250.45 0.0005207
table 0 0 -10 0.62 212.21 39.37 410.69 0.0005118
night_stand 0 0 -10 81.56 220.11 384.46 417.71 0.0005102
night_stand 0 0 -10 76.07 239.83 260.66 400.02 0.0004961
dresser 0 0 -10 4.34 219.96 20.90 398.73 0.0004843
sofa 0 0 -10 69.65 194.94 288.48 379.85 0.0004628
dresser 0 0 -10 9.78 77.96 163.00 368.30 0.0004527
bed 0 0 -10 3.62 219.21 125.34 404.54 0.0004483
night_stand 0 0 -10 68.69 302.27 274.46 421.66 0.0004422
dresser 0 0 -10 3.68 228.71 10.56 387.57 0.0004397
