bed 0 0 -10 207.84 185.99 561.00 424.71 0.9834448
table 0 0 -10 53.73 247.10 233.41 422.37 0.8161088
chair 0 0 -10 47.08 264.15 202.60 421.77 0.0581623
table 0 0 -10 94.10 226.23 495.14 427.00 0.0350488
bed 0 0 -10 69.33 169.13 441.38 427.00 0.0283999
bed 0 0 -10 55.36 238.11 257.74 427.00 0.0245358
night_stand 0 0 -10 46.34 247.72 248.14 425.80 0.0206179
table 0 0 -10 63.37 247.81 218.05 349.44 0.0174197
sofa 0 0 -10 195.12 157.82 561.00 419.72 0.0168937
desk 0 0 -10 44.69 243.91 249.43 427.00 0.0123191
chair 0 0 -10 220.06 162.42 552.65 424.39 0.0119064
chair 0 0 -10 490.68 257.46 560.33 424.52 0.0093536
chair 0 0 -10 472.57 53.24 561.00 406.94 0.0080895
chair 0 0 -10 70.23 200.02 142.35 321.59 0.0077907
chair 0 0 -10 138.10 199.40 177.72 319.81 0.0071885
table 0 0 -10 514.88 270.54 561.00 421.35 0.0068254
table 0 0 -10 75.90 241.75 214.64 300.17 0.0064776
chair 0 0 -10 530.78 298.70 561.00 427.00 0.0059324
chair 0 0 -10 434.40 193.44 558.08 410.58 0.0052936
chair 0 0 -10 138.87 210.97 174.23 249.33 0.0042445
table 0 0 -10 198.71 168.51 561.00 410.49 0.0042412
dresser 0 0 -10 44.82 242.63 243.95 427.00 0.0039077
chair 0 0 -10 496.77 173.67 560.93 356.55 0.0038034
table 0 0 -10 53.36 214.88 262.85 300.33 0.0035326
sofa 0 0 -10 52.73 250.44 243.96 426.58 0.0033374
chair 0 0 -10 82.03 220.62 128.26 313.54 0.0026388
chair 0 0 -10 92.84 213.54 379.44 427.00 0.0025258
chair 0 0 -10 518.10 0.00 556.52 360.85 0.0023378
chair 0 0 -10 124.29 210.95 208.23 314.13 0.0023228
table 0 0 -10 112.72 235.39 267.90 314.13 0.0022852
table 0 0 -10 139.31 217.77 289.81 403.53 0.0021539
chair 0 0 -10 76.12 239.57 176.60 370.09 0.0020807
chair 0 0 -10 107.22 255.85 223.49 409.02 0.0019366
chair 0 0 -10 41.09 237.29 148.03 399.45 0.0018144
chair 0 0 -10 122.09 221.53 179.21 295.06 0.0015928
table 0 0 -10 31.33 338.20 404.80 423.13 0.0015774
chair 0 0 -10 105.23 205.93 176.02 325.69 0.0014072
table 0 0 -10 5.94 330.61 235.32 427.00 0.0013836
table 0 0 -10 55.56 243.44 135.03 305.16 0.0013251
desk 0 0 -10 82.57 214.03 514.62 427.00 0.0013226
chair 0 0 -10 139.61 207.62 199.13 254.96 0.0013211
dresser 0 0 -10 210.32 184.69 557.49 417.74 0.0012904
chair 0 0 -10 60.45 200.16 191.16 335.98 0.0012582
table 0 0 -10 45.38 257.05 130.07 414.97 0.0012210
table 0 0 -10 72.55 296.76 264.83 391.76 0.0012139
table 0 0 -10 539.62 293.38 560.76 425.81 0.0011962
chair 0 0 -10 202.58 248.49 410.39 426.63 0.0011266
table 0 0 -10 197.22 231.46 336.71 427.00 0.0011226
table 0 0 -10 127.19 244.38 222.72 332.08 0.0010654
bathtub 0 0 -10 48.36 253.77 240.18 423.06 0.0010514
table 0 0 -10 519.94 267.61 560.25 355.49 0.0010291
chair 0 0 -10 46.25 186.69 272.24 423.88 0.0009798
chair 0 0 -10 529.60 195.37 560.02 403.34 0.0009789
table 0 0 -10 121.08 244.52 213.14 286.20 0.0009776
chair 0 0 -10 531.83 142.55 561.00 331.99 0.0009585
bookshelf 0 0 -10 50.35 245.63 236.32 427.00 0.0009350
chair 0 0 -10 118.33 207.50 176.06 260.82 0.0009333
table 0 0 -10 86.80 240.65 200.51 277.02 0.0009120
chair 0 0 -10 1.73 260.94 103.83 426.30 0.0008818
table 0 0 -10 56.08 245.69 146.61 358.17 0.0008662
table 0 0 -10 5.34 260.91 108.99 423.80 0.0008457
chair 0 0 -10 348.35 240.91 541.83 427.00 0.0008337
table 0 0 -10 71.68 242.14 163.09 289.72 0.0008126
chair 0 0 -10 341.02 143.95 553.48 371.38 0.0007930
bed 0 0 -10 508.07 5.08 560.93 264.61 0.0007798
table 0 0 -10 547.33 323.89 560.80 424.31 0.0007711
table 0 0 -10 138.23 209.28 211.92 248.60 0.0007655
chair 0 0 -10 56.43 304.53 342.30 419.84 0.0007535
chair 0 0 -10 137.84 179.08 268.89 339.41 0.0007363
chair 0 0 -10 9.29 190.45 134.78 350.43 0.0006779
chair 0 0 -10 145.13 230.50 187.52 329.59 0.0006777
dresser 0 0 -10 394.57 97.98 444.92 254.01 0.0006745
chair 0 0 -10 167.59 166.40 299.48 393.20 0.0006717
bookshelf 0 0 -10 190.70 69.08 557.41 394.14 0.0006649
night_stand 0 0 -10 192.52 172.22 561.00 420.87 0.0006557
table 0 0 -10 194.67 227.11 267.72 402.69 0.0006440
table 0 0 -10 132.03 241.28 178.73 343.59 0.0006309
chair 0 0 -10 509.78 237.44 558.23 274.72 0.0006281
chair 0 0 -10 534.68 164.61 559.11 275.27 0.0006263
sofa 0 0 -10 70.29 172.62 450.85 427.00 0.0006232
chair 0 0 -10 67.85 200.13 130.87 272.33 0.0006038
chair 0 0 -10 56.70 241.85 136.39 305.08 0.0006027
toilet 0 0 -10 50.40 251.35 235.18 427.00 0.0005864
chair 0 0 -10 521.19 262.77 560.66 353.76 0.0005839
chair 0 0 -10 111.33 335.10 483.82 423.20 0.0005673
chair 0 0 -10 547.61 319.59 561.00 424.85 0.0005587
chair 0 0 -10 536.41 370.86 561.00 427.00 0.0005539
chair 0 0 -10 515.89 180.52 559.91 278.86 0.0005535
bed 0 0 -10 29.31 8.20 561.00 329.54 0.0005474
table 0 0 -10 551.30 383.87 560.53 406.46 0.0005418
table 0 0 -10 21.27 146.73 258.97 417.60 0.0005303
table 0 0 -10 168.83 218.25 284.36 321.16 0.0005253
chair 0 0 -10 540.15 262.37 561.00 409.43 0.0005187
chair 0 0 -10 177.03 189.74 273.80 305.98 0.0004991
desk 0 0 -10 516.99 266.84 560.97 423.58 0.0004898
chair 0 0 -10 434.99 5.19 561.00 315.58 0.0004708
table 0 0 -10 478.34 248.09 558.91 412.13 0.0004520
chair 0 0 -10 168.99 257.57 213.21 342.81 0.0004408
table 0 0 -10 149.83 248.32 215.43 307.36 0.0004378
bed 0 0 -10 206.47 317.54 547.88 422.94 0.0004309
