chair 0 0 -10 98.04 196.94 173.42 326.91 0.9470689
bed 0 0 -10 276.88 194.84 561.00 425.53 0.8084013
desk 0 0 -10 70.03 187.41 212.12 316.20 0.7140885
table 0 0 -10 64.98 193.35 208.96 313.21 0.4699443
table 0 0 -10 463.01 192.05 558.20 239.23 0.3570670
night_stand 0 0 -10 464.36 191.08 561.00 242.23 0.3360096
table 0 0 -10 281.84 219.62 559.81 427.00 0.2754717
sofa 0 0 -10 277.45 208.55 561.00 426.94 0.2487166
desk 0 0 -10 277.47 213.53 560.45 427.00 0.1771750
dresser 0 0 -10 279.96 209.98 544.00 426.47 0.0819331
table 0 0 -10 280.13 209.21 420.49 427.00 0.0684483
chair 0 0 -10 138.00 194.48 208.89 301.55 0.0675366
night_stand 0 0 -10 523.14 157.81 558.65 211.91 0.0485316
night_stand 0 0 -10 281.18 216.12 561.00 427.00 0.0457712
chair 0 0 -10 282.82 205.79 525.20 424.28 0.0420304
table 0 0 -10 460.04 186.23 556.70 282.64 0.0407036
table 0 0 -10 488.08 159.84 557.81 223.33 0.0346908
night_stand 0 0 -10 463.49 184.32 561.00 307.05 0.0314216
desk 0 0 -10 470.40 195.67 560.46 239.02 0.0267540
bed 0 0 -10 390.18 244.94 561.00 410.56 0.0220503
table 0 0 -10 545.79 158.55 560.55 247.40 0.0152873
chair 0 0 -10 391.61 268.10 561.00 427.00 0.0150569
night_stand 0 0 -10 546.02 162.14 561.00 248.05 0.0138512
desk 0 0 -10 91.39 193.39 167.59 310.50 0.0136404
desk 0 0 -10 277.11 201.68 421.59 427.00 0.0127258
chair 0 0 -10 99.93 190.96 160.53 279.61 0.0121020
night_stand 0 0 -10 494.73 167.65 558.98 260.25 0.0119525
table 0 0 -10 98.29 195.20 169.63 314.55 0.0113153
table 0 0 -10 519.69 162.37 555.66 203.79 0.0112042
table 0 0 -10 492.89 191.57 559.18 221.87 0.0098513
chair 0 0 -10 491.98 157.83 558.42 222.23 0.0095014
chair 0 0 -10 79.08 179.77 148.36 301.82 0.0087762
desk 0 0 -10 76.47 84.68 206.14 299.86 0.0084421
dresser 0 0 -10 275.45 184.33 427.05 420.18 0.0082761
sofa 0 0 -10 459.55 193.53 560.91 279.19 0.0081287
night_stand 0 0 -10 70.18 190.78 180.76 321.77 0.0077830
table 0 0 -10 99.04 72.43 185.38 164.73 0.0076366
bed 0 0 -10 454.78 192.96 561.00 375.68 0.0075002
table 0 0 -10 485.44 174.53 554.35 204.84 0.0069851
chair 0 0 -10 178.06 199.65 211.28 282.92 0.0068694
night_stand 0 0 -10 531.80 173.95 557.32 208.01 0.0065575
desk 0 0 -10 38.64 193.74 273.81 350.97 0.0065434
night_stand 0 0 -10 521.27 153.78 560.85 254.98 0.0063477
chair 0 0 -10 129.97 196.47 167.75 303.96 0.0061923
bookshelf 0 0 -10 290.27 197.04 552.26 421.88 0.0060121
bed 0 0 -10 472.57 195.62 561.00 239.40 0.0059090
night_stand 0 0 -10 289.29 225.65 419.68 427.00 0.0058419
table 0 0 -10 154.91 197.93 212.28 308.03 0.0058067
dresser 0 0 -10 67.18 194.77 218.90 320.31 0.0057483
sofa 0 0 -10 545.16 161.93 560.73 264.97 0.0056882
table 0 0 -10 403.31 268.09 560.01 417.65 0.0056738
chair 0 0 -10 498.32 199.04 560.91 239.59 0.0056143
table 0 0 -10 458.43 200.73 558.80 372.04 0.0055751
night_stand 0 0 -10 524.56 167.78 555.37 198.78 0.0055258
sofa 0 0 -10 472.82 196.52 561.00 239.35 0.0054827
bathtub 0 0 -10 291.47 209.63 546.11 419.01 0.0054696
night_stand 0 0 -10 515.44 185.51 559.55 211.30 0.0052302
night_stand 0 0 -10 498.17 191.11 559.52 222.17 0.0050113
night_stand 0 0 -10 544.46 177.64 560.14 210.56 0.0046643
chair 0 0 -10 519.99 156.93 559.67 214.49 0.0045130
night_stand 0 0 -10 491.20 158.33 558.83 220.34 0.0043210
night_stand 0 0 -10 543.84 159.15 556.86 223.20 0.0042897
night_stand 0 0 -10 534.76 189.10 559.77 208.11 0.0040710
desk 0 0 -10 148.09 202.25 211.32 309.84 0.0040609
table 0 0 -10 492.00 201.85 558.09 250.23 0.0040518
table 0 0 -10 549.87 195.82 560.01 250.66 0.0040077
table 0 0 -10 297.81 207.99 558.27 317.74 0.0040054
chair 0 0 -10 545.57 161.52 561.00 250.21 0.0039873
table 0 0 -10 68.44 185.56 145.22 307.11 0.0037738
sofa 0 0 -10 291.98 203.64 556.58 312.54 0.0037468
toilet 0 0 -10 292.23 201.43 538.69 425.13 0.0037415
table 0 0 -10 530.35 166.24 559.27 216.76 0.0037042
table 0 0 -10 30.88 199.12 240.51 356.72 0.0036933
bed 0 0 -10 288.60 203.85 557.60 314.04 0.0036620
bookshelf 0 0 -10 64.46 195.17 216.04 338.42 0.0035491
table 0 0 -10 553.15 177.28 560.71 246.20 0.0034366
table 0 0 -10 510.65 186.56 559.19 211.45 0.0031554
dresser 0 0 -10 473.06 197.17 560.78 238.57 0.0031328
chair 0 0 -10 85.99 192.44 229.48 323.27 0.0031311
chair 0 0 -10 498.69 178.09 561.00 306.01 0.0030000
chair 0 0 -10 162.35 195.33 207.97 264.52 0.0029022
desk 0 0 -10 487.79 158.35 559.06 224.03 0.0028088
chair 0 0 -10 474.39 196.33 561.00 268.81 0.0026129
night_stand 0 0 -10 489.81 173.59 555.88 204.78 0.0024917
table 0 0 -10 315.76 221.87 552.32 275.60 0.0024786
table 0 0 -10 75.26 196.03 209.38 233.08 0.0024736
dresser 0 0 -10 393.32 228.87 557.26 424.39 0.0024622
table 0 0 -10 76.42 90.57 203.64 294.90 0.0024225
dresser 0 0 -10 460.83 196.17 558.69 374.72 0.0023891
desk 0 0 -10 99.38 72.60 186.54 166.72 0.0023209
table 0 0 -10 516.17 181.90 559.61 232.86 0.0022813
chair 0 0 -10 290.00 198.94 555.88 312.46 0.0022801
chair 0 0 -10 95.68 185.51 132.17 292.21 0.0022731
dresser 0 0 -10 521.06 154.76 556.39 205.67 0.0022709
bed 0 0 -10 76.63 187.15 213.77 313.62 0.0022703
bed 0 0 -10 545.75 155.55 561.00 249.53 0.0022226
table 0 0 -10 558.51 168.95 560.94 245.79 0.0022101
sofa 0 0 -10 394.74 244.47 560.26 409.47 0.0021913
chair 0 0 -10 55.91 196.95 181.81 356.38 0.0021756
sofa 0 0 -10 460.56 197.13 559.11 377.02 0.0021730
