bed 0 0 -10 4.79 153.98 370.29 427.00 0.9925251
bed 0 0 -10 0.05 132.73 134.67 240.44 0.9681139
bookshelf 0 0 -10 342.54 123.75 534.67 359.71 0.9322734
chair 0 0 -10 490.87 187.17 559.76 423.56 0.8852191
night_stand 0 0 -10 123.97 151.09 208.94 212.33 0.6728112
table 0 0 -10 486.33 249.39 558.19 427.00 0.1227853
night_stand 0 0 -10 118.39 147.87 219.87 252.03 0.1122396
bed 0 0 -10 0.52 195.02 216.48 420.92 0.0968696
bookshelf 0 0 -10 452.94 105.56 554.53 406.19 0.0805618
table 0 0 -10 129.42 152.78 201.71 205.67 0.0777074
desk 0 0 -10 127.74 150.00 202.54 206.61 0.0761658
bookshelf 0 0 -10 396.70 175.28 544.53 405.12 0.0569663
bookshelf 0 0 -10 433.96 120.99 512.88 354.03 0.0531165
dresser 0 0 -10 128.03 152.25 201.09 205.50 0.0291106
bed 0 0 -10 0.00 170.92 145.69 327.75 0.0271608
sofa 0 0 -10 489.30 188.28 560.83 427.00 0.0254922
bookshelf 0 0 -10 378.96 124.34 451.91 343.10 0.0236723
desk 0 0 -10 492.86 230.26 557.71 426.82 0.0234087
bookshelf 0 0 -10 325.03 221.64 517.47 402.06 0.0215312
bookshelf 0 0 -10 488.11 175.64 560.42 427.00 0.0192498
bed 0 0 -10 13.30 127.26 229.52 261.20 0.0191651
desk 0 0 -10 322.90 164.47 546.41 401.88 0.0168074
chair 0 0 -10 322.13 168.34 545.85 420.60 0.0159630
bookshelf 0 0 -10 452.06 177.04 540.49 330.61 0.0158169
sofa 0 0 -10 12.28 145.73 384.22 424.40 0.0145914
bed 0 0 -10 185.35 190.09 541.01 424.57 0.0130966
sofa 0 0 -10 2.11 116.04 138.56 240.82 0.0123110
table 0 0 -10 3.62 188.96 374.91 427.00 0.0117824
desk 0 0 -10 437.65 139.41 558.76 407.05 0.0113023
table 0 0 -10 274.41 256.39 520.62 408.27 0.0112115
bed 0 0 -10 486.58 180.91 561.00 427.00 0.0097203
table 0 0 -10 445.30 199.46 554.18 418.77 0.0096912
night_stand 0 0 -10 3.76 155.26 150.55 241.58 0.0091151
bed 0 0 -10 327.04 127.92 545.40 399.20 0.0085207
bed 0 0 -10 5.76 116.83 313.72 324.09 0.0083485
chair 0 0 -10 423.45 202.82 553.99 424.89 0.0079121
sofa 0 0 -10 323.24 184.14 554.86 414.72 0.0077031
table 0 0 -10 285.34 305.17 362.68 389.18 0.0076793
dresser 0 0 -10 486.72 183.05 561.00 427.00 0.0075868
table 0 0 -10 1.38 151.67 146.55 245.41 0.0075791
night_stand 0 0 -10 138.67 158.30 196.19 203.13 0.0073077
bookshelf 0 0 -10 509.34 138.65 560.41 242.00 0.0070285
dresser 0 0 -10 340.48 140.43 555.14 391.55 0.0069911
sofa 0 0 -10 526.22 173.61 555.33 426.17 0.0060872
desk 0 0 -10 507.19 144.39 561.00 238.98 0.0059406
table 0 0 -10 530.91 138.57 556.82 249.83 0.0056572
bed 0 0 -10 525.73 162.06 555.42 427.00 0.0056372
chair 0 0 -10 509.28 138.64 561.00 240.52 0.0054763
table 0 0 -10 327.24 149.65 544.45 393.18 0.0052031
table 0 0 -10 162.83 195.29 528.95 425.33 0.0051367
dresser 0 0 -10 509.17 142.39 560.92 240.55 0.0050324
bookshelf 0 0 -10 18.87 119.33 377.68 410.64 0.0047225
bookshelf 0 0 -10 398.65 127.31 485.22 351.49 0.0046438
table 0 0 -10 126.53 147.21 220.94 235.15 0.0044877
table 0 0 -10 506.14 144.32 559.54 239.70 0.0044487
bookshelf 0 0 -10 352.04 31.82 525.95 293.18 0.0041250
bookshelf 0 0 -10 541.08 145.68 550.10 238.47 0.0040612
dresser 0 0 -10 14.51 138.62 380.51 426.06 0.0036434
bed 0 0 -10 0.31 144.46 71.98 235.40 0.0034229
dresser 0 0 -10 0.00 112.47 137.63 239.24 0.0032523
night_stand 0 0 -10 121.60 100.01 210.63 223.19 0.0030025
desk 0 0 -10 3.95 147.18 403.63 426.38 0.0028144
chair 0 0 -10 450.99 184.40 545.44 350.31 0.0028062
bookshelf 0 0 -10 526.29 86.39 557.29 270.88 0.0027792
table 0 0 -10 481.74 119.64 559.27 382.51 0.0027529
bed 0 0 -10 3.82 159.19 130.45 207.07 0.0027511
chair 0 0 -10 27.30 158.31 372.50 427.00 0.0026715
chair 0 0 -10 524.64 93.13 559.12 256.15 0.0025873
chair 0 0 -10 525.10 172.98 555.52 420.25 0.0025056
chair 0 0 -10 7.67 107.48 147.62 266.42 0.0024363
dresser 0 0 -10 541.11 146.36 550.09 239.06 0.0022646
table 0 0 -10 391.73 254.57 539.61 425.52 0.0022254
bookshelf 0 0 -10 371.68 130.70 538.82 258.63 0.0021666
desk 0 0 -10 465.20 189.75 538.06 393.46 0.0021616
bed 0 0 -10 0.00 48.80 476.82 390.84 0.0020753
desk 0 0 -10 277.37 257.99 527.00 406.68 0.0020681
bookshelf 0 0 -10 525.39 105.75 560.12 388.29 0.0020235
toilet 0 0 -10 323.87 138.24 547.37 401.92 0.0019882
desk 0 0 -10 161.94 193.22 544.70 421.43 0.0019433
table 0 0 -10 3.47 117.58 128.81 220.40 0.0019180
dresser 0 0 -10 321.99 235.68 520.37 402.85 0.0017529
chair 0 0 -10 141.01 117.02 199.20 196.67 0.0016801
chair 0 0 -10 147.38 94.35 191.33 154.97 0.0016331
table 0 0 -10 521.23 254.72 559.92 427.00 0.0015815
bookshelf 0 0 -10 536.18 125.40 556.20 268.01 0.0015533
toilet 0 0 -10 458.34 201.56 560.48 427.00 0.0015449
sofa 0 0 -10 530.78 208.95 560.51 362.29 0.0015134
table 0 0 -10 126.09 103.00 199.56 196.18 0.0014081
table 0 0 -10 527.24 160.47 555.11 418.42 0.0013750
bed 0 0 -10 100.13 143.70 209.87 222.93 0.0013733
chair 0 0 -10 278.01 326.55 555.17 424.33 0.0013565
chair 0 0 -10 129.20 153.04 204.37 204.06 0.0013128
table 0 0 -10 128.41 142.01 195.22 183.13 0.0013048
dresser 0 0 -10 119.96 90.88 208.80 219.40 0.0012727
night_stand 0 0 -10 132.91 176.03 228.02 235.98 0.0012576
bookshelf 0 0 -10 396.82 202.78 424.19 328.29 0.0012556
bed 0 0 -10 4.90 35.98 253.86 226.71 0.0012447
bookshelf 0 0 -10 259.83 157.28 502.39 413.01 0.0012050
dresser 0 0 -10 431.68 172.80 544.39 400.20 0.0011412
bookshelf 0 0 -10 454.46 171.16 490.06 331.27 0.0010765
