bed 0 0 -10 1.26 264.59 218.14 427.00 0.9946431
chair 0 0 -10 282.67 178.95 367.16 303.21 0.9779732
desk 0 0 -10 237.90 178.29 443.20 308.43 0.8764570
table 0 0 -10 244.28 175.51 431.51 303.77 0.1176720
dresser 0 0 -10 114.60 208.89 246.72 281.40 0.1010661
bed 0 0 -10 223.20 302.70 467.95 426.39 0.0694813
sofa 0 0 -10 285.28 289.48 470.07 424.10 0.0524907
bed 0 0 -10 79.58 272.71 483.05 427.00 0.0522027
dresser 0 0 -10 244.01 167.58 443.32 324.88 0.0325709
bed 0 0 -10 0.00 109.62 237.56 405.09 0.0305314
chair 0 0 -10 295.28 241.44 450.86 412.29 0.0291688
chair 0 0 -10 274.80 195.87 423.13 360.35 0.0171389
dresser 0 0 -10 5.11 36.19 102.70 268.64 0.0167231
bed 0 0 -10 0.00 24.62 171.17 341.57 0.0158389
chair 0 0 -10 3.99 175.55 103.82 275.53 0.0146906
chair 0 0 -10 297.49 180.62 348.89 282.45 0.0123802
desk 0 0 -10 272.55 183.89 376.34 322.37 0.0087780
dresser 0 0 -10 5.20 59.14 48.04 263.86 0.0083620
dresser 0 0 -10 111.44 126.52 255.84 281.64 0.0081036
bookshelf 0 0 -10 5.19 44.56 96.90 266.72 0.0081007
chair 0 0 -10 310.87 282.30 532.28 426.03 0.0079051
table 0 0 -10 316.17 329.81 467.19 427.00 0.0077466
chair 0 0 -10 231.54 172.70 382.13 339.70 0.0071974
bed 0 0 -10 23.02 188.56 241.80 308.03 0.0069141
bookshelf 0 0 -10 250.25 128.39 438.27 322.10 0.0068998
dresser 0 0 -10 194.32 231.60 465.36 417.87 0.0055795
table 0 0 -10 241.63 185.21 381.44 380.71 0.0050809
desk 0 0 -10 251.52 174.81 443.65 241.82 0.0050660
desk 0 0 -10 206.90 158.17 460.16 389.61 0.0049934
table 0 0 -10 44.30 272.53 226.99 427.00 0.0049484
bed 0 0 -10 0.02 80.27 103.90 277.90 0.0048924
sofa 0 0 -10 180.27 286.19 423.11 427.00 0.0048623
table 0 0 -10 280.69 217.36 454.95 401.80 0.0045203
bed 0 0 -10 110.31 177.81 244.58 269.88 0.0043172
chair 0 0 -10 248.33 230.08 392.30 420.83 0.0041724
chair 0 0 -10 366.16 282.52 464.50 412.46 0.0040788
table 0 0 -10 252.85 286.77 463.50 423.88 0.0037622
bookshelf 0 0 -10 5.78 53.96 47.08 265.62 0.0037346
sofa 0 0 -10 242.13 231.13 391.76 422.97 0.0036329
chair 0 0 -10 251.58 198.58 351.95 313.33 0.0034513
bed 0 0 -10 238.79 232.65 392.43 423.45 0.0033278
table 0 0 -10 279.90 182.34 362.70 285.29 0.0031887
night_stand 0 0 -10 246.47 175.42 438.18 319.73 0.0031866
chair 0 0 -10 0.95 193.52 41.00 273.30 0.0030978
bed 0 0 -10 27.58 155.50 467.69 405.37 0.0029006
bed 0 0 -10 1.82 179.71 100.34 280.55 0.0027745
table 0 0 -10 3.31 193.15 57.75 273.42 0.0027324
desk 0 0 -10 311.72 324.50 471.29 426.71 0.0026124
chair 0 0 -10 336.77 271.56 437.06 379.70 0.0023174
bed 0 0 -10 292.68 330.56 492.31 420.56 0.0022710
chair 0 0 -10 2.19 141.48 51.43 274.60 0.0022512
chair 0 0 -10 0.00 38.19 117.64 254.05 0.0022208
sofa 0 0 -10 3.98 246.23 228.21 422.99 0.0022111
chair 0 0 -10 284.55 195.74 356.47 258.54 0.0021226
bed 0 0 -10 219.59 169.15 459.53 391.05 0.0020926
bed 0 0 -10 0.00 166.60 143.28 312.79 0.0020754
desk 0 0 -10 247.81 186.16 340.19 299.81 0.0020286
desk 0 0 -10 282.03 214.73 453.63 405.72 0.0019463
bed 0 0 -10 281.82 267.96 432.43 417.48 0.0018698
chair 0 0 -10 343.71 176.05 369.37 303.20 0.0018670
night_stand 0 0 -10 124.13 211.33 244.68 280.45 0.0018487
dresser 0 0 -10 284.82 294.65 468.28 425.64 0.0018053
dresser 0 0 -10 19.99 187.82 139.76 278.28 0.0016938
chair 0 0 -10 28.73 272.22 225.97 427.00 0.0016748
bed 0 0 -10 250.39 175.04 423.45 317.44 0.0016704
desk 0 0 -10 216.20 275.19 479.15 425.09 0.0016520
table 0 0 -10 281.23 192.28 409.95 345.27 0.0016367
bathtub 0 0 -10 250.05 158.61 437.64 318.11 0.0016288
bed 0 0 -10 0.00 47.92 59.26 297.37 0.0015691
chair 0 0 -10 310.10 222.53 535.73 384.91 0.0015690
sofa 0 0 -10 3.37 185.17 104.70 276.15 0.0015435
chair 0 0 -10 410.13 270.35 546.58 426.22 0.0015132
bed 0 0 -10 27.88 183.96 166.38 279.31 0.0014484
dresser 0 0 -10 38.67 191.81 232.48 300.47 0.0013742
chair 0 0 -10 296.39 245.28 403.04 357.30 0.0013393
chair 0 0 -10 275.21 170.33 475.44 312.79 0.0013382
chair 0 0 -10 182.83 289.93 424.40 426.83 0.0013129
table 0 0 -10 248.36 188.09 342.51 298.77 0.0013090
bed 0 0 -10 292.93 277.16 539.68 427.00 0.0012695
sofa 0 0 -10 249.10 182.57 424.86 312.41 0.0012218
bed 0 0 -10 0.00 60.83 415.08 354.16 0.0011801
dresser 0 0 -10 258.29 178.78 375.49 305.85 0.0011683
sofa 0 0 -10 330.53 295.70 454.67 388.43 0.0010825
night_stand 0 0 -10 0.63 207.99 33.74 295.41 0.0010710
dresser 0 0 -10 374.43 72.99 464.42 388.12 0.0010619
chair 0 0 -10 388.78 250.35 458.90 388.48 0.0010617
bed 0 0 -10 0.00 178.28 52.44 301.49 0.0010150
bookshelf 0 0 -10 289.88 264.68 454.50 413.43 0.0010050
sofa 0 0 -10 49.56 241.37 513.58 426.50 0.0010024
bed 0 0 -10 312.07 373.55 489.95 426.92 0.0009866
dresser 0 0 -10 132.67 221.97 236.64 265.06 0.0009693
bookshelf 0 0 -10 196.88 210.01 464.71 410.91 0.0009653
desk 0 0 -10 128.81 185.61 367.45 303.70 0.0009635
bed 0 0 -10 48.32 132.29 254.05 288.69 0.0009417
table 0 0 -10 331.29 290.76 443.58 410.44 0.0009337
table 0 0 -10 254.84 243.15 384.22 343.80 0.0009163
sofa 0 0 -10 0.00 113.80 235.81 393.23 0.0008870
dresser 0 0 -10 371.81 189.87 443.06 291.81 0.0008850
dresser 0 0 -10 71.45 52.74 102.41 273.14 0.0008717
dresser 0 0 -10 1.38 266.44 214.39 424.86 0.0008693
