bed 0 0 -10 8.70 164.25 561.00 427.00 0.9954229
night_stand 0 0 -10 15.31 219.75 124.23 310.50 0.9313459
night_stand 0 0 -10 495.06 210.46 561.00 279.11 0.8285916
table 0 0 -10 495.40 202.79 559.78 274.73 0.1786586
night_stand 0 0 -10 488.99 210.14 561.00 337.47 0.0941830
bed 0 0 -10 270.85 200.01 557.49 427.00 0.0442507
bed 0 0 -10 4.63 198.41 298.40 427.00 0.0352033
night_stand 0 0 -10 35.58 220.14 131.58 276.95 0.0349515
bed 0 0 -10 11.09 334.69 511.14 427.00 0.0179314
bed 0 0 -10 5.36 229.80 183.76 392.90 0.0105579
table 0 0 -10 16.88 223.45 121.91 315.99 0.0102749
night_stand 0 0 -10 47.18 215.37 129.44 255.12 0.0088335
night_stand 0 0 -10 530.11 203.72 561.00 385.12 0.0087507
bed 0 0 -10 110.54 144.28 555.00 320.29 0.0078871
night_stand 0 0 -10 69.85 218.78 159.05 275.82 0.0065861
night_stand 0 0 -10 508.73 242.85 560.18 279.29 0.0064209
bed 0 0 -10 461.95 204.29 560.59 424.38 0.0062361
dresser 0 0 -10 16.00 221.99 125.53 316.55 0.0061655
bed 0 0 -10 9.17 309.55 291.56 427.00 0.0050646
night_stand 0 0 -10 526.53 253.60 560.60 311.73 0.0048682
table 0 0 -10 509.52 198.52 559.18 248.24 0.0048535
bed 0 0 -10 127.73 402.29 553.30 426.24 0.0047575
dresser 0 0 -10 488.18 210.57 559.61 279.09 0.0045310
night_stand 0 0 -10 72.07 220.13 116.70 238.35 0.0043940
bed 0 0 -10 8.95 219.05 146.50 332.74 0.0040897
bed 0 0 -10 494.56 228.28 560.71 288.22 0.0040719
bed 0 0 -10 295.06 142.08 560.03 294.40 0.0039737
bed 0 0 -10 530.53 235.69 560.84 427.00 0.0037844
bed 0 0 -10 275.73 321.76 559.33 425.54 0.0037715
bed 0 0 -10 530.18 331.78 561.00 427.00 0.0033368
table 0 0 -10 488.67 208.88 558.84 375.53 0.0030056
bed 0 0 -10 0.15 290.81 131.45 415.90 0.0029283
night_stand 0 0 -10 54.60 208.21 130.79 239.07 0.0029171
sofa 0 0 -10 15.16 152.76 561.00 421.73 0.0028646
bed 0 0 -10 0.00 9.34 561.00 343.74 0.0025825
night_stand 0 0 -10 410.22 202.73 553.17 282.72 0.0024848
bed 0 0 -10 503.99 226.92 559.02 421.01 0.0023141
table 0 0 -10 41.95 216.95 122.52 258.02 0.0021622
desk 0 0 -10 494.27 202.09 561.00 277.69 0.0020784
night_stand 0 0 -10 3.87 238.96 134.01 387.19 0.0020448
table 0 0 -10 496.16 231.22 559.38 288.62 0.0020332
night_stand 0 0 -10 495.26 134.01 561.00 307.90 0.0019268
table 0 0 -10 14.74 213.42 549.91 424.31 0.0018262
night_stand 0 0 -10 481.75 201.83 561.00 253.73 0.0017441
table 0 0 -10 529.96 204.64 559.92 386.49 0.0016004
bed 0 0 -10 491.18 177.41 561.00 325.22 0.0014827
bed 0 0 -10 342.68 180.78 559.16 360.24 0.0014417
dresser 0 0 -10 494.60 116.15 560.17 301.92 0.0014409
chair 0 0 -10 73.41 213.25 525.73 427.00 0.0014004
dresser 0 0 -10 491.83 212.04 559.59 342.54 0.0013861
table 0 0 -10 492.92 142.86 559.93 310.82 0.0013432
sofa 0 0 -10 127.85 360.16 549.62 426.23 0.0013065
bed 0 0 -10 509.60 250.57 560.69 291.75 0.0012056
chair 0 0 -10 12.45 213.28 149.26 333.66 0.0011126
table 0 0 -10 513.28 188.06 560.47 230.95 0.0010747
table 0 0 -10 458.88 203.95 559.00 316.43 0.0010696
night_stand 0 0 -10 543.86 209.68 560.87 321.30 0.0010430
chair 0 0 -10 436.77 225.39 559.52 388.48 0.0010094
table 0 0 -10 548.70 205.73 560.43 335.03 0.0010049
bed 0 0 -10 134.79 151.42 496.41 227.20 0.0009408
night_stand 0 0 -10 517.17 230.74 560.73 295.64 0.0009290
bed 0 0 -10 129.30 372.37 524.90 427.00 0.0009038
table 0 0 -10 42.21 221.12 133.37 282.68 0.0008429
bed 0 0 -10 449.39 206.66 556.40 288.08 0.0008268
table 0 0 -10 548.93 203.81 560.52 230.79 0.0008051
sofa 0 0 -10 146.80 394.50 505.24 426.62 0.0007926
bed 0 0 -10 524.93 254.79 561.00 314.20 0.0007330
bed 0 0 -10 1.06 364.97 111.96 427.00 0.0007225
bed 0 0 -10 380.19 194.06 558.49 283.42 0.0007186
bed 0 0 -10 0.00 337.93 36.69 427.00 0.0007093
night_stand 0 0 -10 67.48 201.11 170.83 235.06 0.0007041
table 0 0 -10 509.43 242.94 558.92 279.29 0.0006973
night_stand 0 0 -10 470.95 219.51 558.14 409.60 0.0006366
chair 0 0 -10 100.25 355.81 518.75 425.22 0.0006354
chair 0 0 -10 361.89 242.17 550.55 427.00 0.0006268
night_stand 0 0 -10 523.79 220.84 557.21 331.76 0.0006031
bed 0 0 -10 536.80 258.84 559.67 362.37 0.0005800
night_stand 0 0 -10 550.81 237.65 560.87 316.84 0.0005517
desk 0 0 -10 12.43 223.36 123.54 316.20 0.0005457
table 0 0 -10 54.36 208.67 121.07 245.48 0.0005372
chair 0 0 -10 499.02 176.95 559.91 274.72 0.0004899
sofa 0 0 -10 495.04 204.63 560.64 281.26 0.0004885
night_stand 0 0 -10 78.40 208.68 141.47 250.20 0.0004853
bed 0 0 -10 544.86 266.69 560.86 412.49 0.0004508
table 0 0 -10 9.98 212.28 109.01 268.08 0.0004306
sofa 0 0 -10 14.87 224.11 121.08 307.49 0.0004287
bed 0 0 -10 15.62 379.90 291.40 426.77 0.0004254
bed 0 0 -10 0.00 331.14 106.86 393.57 0.0004215
night_stand 0 0 -10 508.42 239.27 557.99 404.44 0.0004076
dresser 0 0 -10 526.27 255.35 561.00 312.99 0.0003859
table 0 0 -10 5.70 237.03 141.53 393.44 0.0003673
bed 0 0 -10 0.00 211.91 93.65 400.17 0.0003389
dresser 0 0 -10 28.92 208.02 535.96 425.97 0.0003367
night_stand 0 0 -10 42.86 190.02 170.78 303.41 0.0003315
bed 0 0 -10 0.35 277.12 50.99 412.40 0.0003206
dresser 0 0 -10 530.56 205.39 560.53 392.54 0.0003148
bed 0 0 -10 455.06 110.88 561.00 293.25 0.0003075
bed 0 0 -10 11.44 290.11 322.85 368.07 0.0003008
table 0 0 -10 517.26 234.69 559.62 312.03 0.0002990
bed 0 0 -10 0.07 264.28 109.59 357.21 0.0002913
