bookshelf 0 0 -10 258.86 0.12 561.00 190.87 0.4146502
dresser 0 0 -10 243.91 103.69 394.15 304.22 0.2275627
bookshelf 0 0 -10 381.68 0.70 559.65 284.83 0.1046337
bookshelf 0 0 -10 226.43 23.42 520.67 309.44 0.0936133
bookshelf 0 0 -10 401.86 0.00 495.34 181.02 0.0824115
chair 0 0 -10 500.35 257.39 560.83 419.39 0.0718129
bookshelf 0 0 -10 421.25 27.33 561.00 175.90 0.0653012
desk 0 0 -10 234.32 106.55 394.51 298.01 0.0649433
bed 0 0 -10 0.00 201.17 561.00 423.89 0.0571988
dresser 0 0 -10 381.26 150.23 556.73 351.43 0.0457259
desk 0 0 -10 189.86 137.88 249.57 238.65 0.0351016
desk 0 0 -10 0.00 201.06 527.02 416.67 0.0331068
dresser 0 0 -10 226.61 50.48 524.77 302.16 0.0316422
table 0 0 -10 7.24 210.48 544.88 422.08 0.0273519
table 0 0 -10 191.08 139.94 247.88 236.90 0.0227819
bookshelf 0 0 -10 260.78 3.47 559.78 98.23 0.0202736
chair 0 0 -10 528.40 183.64 560.57 389.00 0.0180466
dresser 0 0 -10 190.47 139.23 249.22 234.96 0.0134758
table 0 0 -10 542.12 234.28 560.40 387.78 0.0132921
desk 0 0 -10 215.77 47.83 541.44 301.99 0.0117649
table 0 0 -10 253.16 106.83 374.54 294.36 0.0090675
bookshelf 0 0 -10 459.37 0.00 538.76 189.52 0.0089511
desk 0 0 -10 357.65 153.55 561.00 384.69 0.0069864
bookshelf 0 0 -10 240.77 78.60 420.16 317.03 0.0068080
table 0 0 -10 503.34 269.33 559.15 422.78 0.0065318
night_stand 0 0 -10 187.09 141.15 249.53 241.94 0.0063418
bookshelf 0 0 -10 492.23 0.39 561.00 163.78 0.0061306
dresser 0 0 -10 286.60 98.94 552.57 370.59 0.0045476
bookshelf 0 0 -10 250.88 0.00 411.43 107.85 0.0045091
toilet 0 0 -10 502.25 266.36 561.00 423.26 0.0041978
dresser 0 0 -10 0.00 202.00 555.33 423.50 0.0037453
sofa 0 0 -10 505.85 264.21 560.03 423.61 0.0036991
table 0 0 -10 531.39 252.63 559.76 415.20 0.0034825
chair 0 0 -10 541.20 217.73 560.82 385.27 0.0032411
chair 0 0 -10 451.11 285.85 561.00 424.64 0.0029504
bookshelf 0 0 -10 461.31 55.40 561.00 153.56 0.0029346
toilet 0 0 -10 542.89 195.87 559.52 381.77 0.0029013
desk 0 0 -10 504.92 265.50 560.19 422.70 0.0024603
chair 0 0 -10 533.26 283.10 561.00 412.97 0.0022403
bathtub 0 0 -10 7.70 207.85 551.71 416.56 0.0021695
table 0 0 -10 381.70 163.74 558.31 363.69 0.0021655
bookshelf 0 0 -10 382.98 114.99 557.76 360.75 0.0020980
bookshelf 0 0 -10 187.80 140.49 249.67 247.31 0.0020871
bookshelf 0 0 -10 120.45 85.70 534.92 376.90 0.0020579
bathtub 0 0 -10 543.33 197.16 559.43 377.54 0.0019629
table 0 0 -10 519.06 313.24 557.92 427.00 0.0018751
dresser 0 0 -10 315.28 13.36 561.00 203.25 0.0018444
table 0 0 -10 193.23 128.82 247.60 189.13 0.0017192
toilet 0 0 -10 529.47 191.83 560.62 399.06 0.0016487
bathtub 0 0 -10 188.11 138.93 242.28 233.01 0.0016408
chair 0 0 -10 519.39 308.23 560.27 382.56 0.0015545
table 0 0 -10 13.48 220.74 402.12 360.56 0.0015123
desk 0 0 -10 206.85 5.44 561.00 188.31 0.0014933
bathtub 0 0 -10 502.51 266.60 561.00 420.79 0.0014869
sofa 0 0 -10 5.73 217.12 548.46 426.81 0.0014344
bookshelf 0 0 -10 424.68 44.32 488.75 225.05 0.0014228
table 0 0 -10 551.68 267.51 560.58 398.38 0.0014197
chair 0 0 -10 253.65 232.81 552.98 420.93 0.0013697
bookshelf 0 0 -10 380.45 2.16 561.00 81.74 0.0013676
dresser 0 0 -10 357.71 66.76 547.05 304.41 0.0013134
chair 0 0 -10 176.01 124.39 238.28 230.38 0.0011094
table 0 0 -10 467.19 237.14 556.88 410.32 0.0010716
dresser 0 0 -10 514.90 228.46 561.00 411.31 0.0010589
chair 0 0 -10 524.50 257.40 561.00 288.82 0.0010458
night_stand 0 0 -10 244.35 99.89 391.88 296.78 0.0010096
table 0 0 -10 181.49 146.69 242.51 200.00 0.0009451
table 0 0 -10 209.40 8.27 555.67 192.34 0.0009418
dresser 0 0 -10 530.09 184.01 559.67 387.80 0.0009210
bookshelf 0 0 -10 396.36 40.21 463.13 226.50 0.0008953
table 0 0 -10 517.14 193.43 559.61 393.90 0.0008871
chair 0 0 -10 232.24 103.90 384.27 311.60 0.0008835
table 0 0 -10 535.54 317.54 560.03 376.39 0.0008595
chair 0 0 -10 501.45 217.27 561.00 352.30 0.0008578
desk 0 0 -10 202.46 138.74 468.43 325.71 0.0008505
table 0 0 -10 260.57 119.60 548.66 378.79 0.0008432
desk 0 0 -10 194.05 129.20 248.16 189.19 0.0008217
table 0 0 -10 539.98 299.13 559.74 420.63 0.0008213
desk 0 0 -10 163.57 125.82 260.23 250.58 0.0008176
bookshelf 0 0 -10 385.21 0.90 439.08 275.44 0.0008026
bookshelf 0 0 -10 268.26 69.30 486.57 147.67 0.0007862
chair 0 0 -10 485.26 173.25 559.77 409.07 0.0007766
bookshelf 0 0 -10 401.50 72.81 479.99 172.15 0.0007628
table 0 0 -10 554.36 229.16 559.59 378.63 0.0007519
bathtub 0 0 -10 529.06 188.23 560.86 398.35 0.0007449
table 0 0 -10 226.20 63.70 524.18 297.92 0.0006992
desk 0 0 -10 529.04 184.18 560.03 393.44 0.0006977
desk 0 0 -10 252.41 7.92 561.00 93.77 0.0006946
bookshelf 0 0 -10 239.14 0.00 404.63 212.64 0.0006919
table 0 0 -10 557.07 253.10 560.81 388.99 0.0006913
bed 0 0 -10 503.48 260.76 561.00 422.88 0.0006854
desk 0 0 -10 232.76 130.78 375.44 229.53 0.0006667
chair 0 0 -10 24.60 267.54 526.28 426.35 0.0006599
desk 0 0 -10 180.51 146.33 245.40 199.70 0.0006466
dresser 0 0 -10 454.58 43.21 560.52 311.40 0.0006211
desk 0 0 -10 469.66 236.71 559.72 410.23 0.0006108
desk 0 0 -10 99.43 150.23 397.48 317.56 0.0006080
bookshelf 0 0 -10 524.06 0.00 561.00 201.09 0.0006044
bookshelf 0 0 -10 362.00 16.65 419.51 222.45 0.0005603
chair 0 0 -10 515.75 239.59 561.00 318.08 0.0005434
table 0 0 -10 191.51 125.03 249.00 159.67 0.0005080
