chair 0 0 -10 295.54 172.30 453.08 366.61 0.9889342
desk 0 0 -10 146.87 164.46 346.37 400.35 0.9475282
table 0 0 -10 148.94 170.27 348.64 396.49 0.1464771
desk 0 0 -10 272.27 175.11 488.27 337.72 0.0129991
chair 0 0 -10 350.30 161.16 454.69 315.05 0.0122693
desk 0 0 -10 369.26 192.63 545.61 359.37 0.0106243
desk 0 0 -10 156.83 161.63 351.41 262.21 0.0096513
table 0 0 -10 226.38 164.01 432.31 325.11 0.0084973
desk 0 0 -10 212.54 181.14 449.51 389.71 0.0076599
table 0 0 -10 307.69 177.47 449.49 340.69 0.0063739
chair 0 0 -10 342.57 219.64 549.09 421.49 0.0050368
desk 0 0 -10 195.79 156.83 429.93 285.47 0.0048717
dresser 0 0 -10 0.00 0.00 162.67 423.65 0.0047522
dresser 0 0 -10 138.27 168.47 334.39 403.00 0.0044547
chair 0 0 -10 437.23 275.29 554.77 425.53 0.0043132
table 0 0 -10 179.81 191.98 482.97 378.69 0.0037715
desk 0 0 -10 33.40 22.00 450.99 404.91 0.0031523
bookshelf 0 0 -10 1.30 1.12 158.07 427.00 0.0029627
chair 0 0 -10 0.00 180.42 179.71 427.00 0.0028512
desk 0 0 -10 86.50 215.59 546.38 420.92 0.0028009
chair 0 0 -10 212.09 119.39 288.66 230.96 0.0027846
dresser 0 0 -10 3.08 200.08 154.05 419.41 0.0027512
bookshelf 0 0 -10 109.89 25.27 338.72 402.96 0.0027226
desk 0 0 -10 424.75 207.48 558.76 330.11 0.0027135
desk 0 0 -10 155.91 222.38 297.06 388.80 0.0022367
chair 0 0 -10 296.51 165.82 448.16 272.58 0.0021682
dresser 0 0 -10 0.51 227.73 37.32 422.07 0.0019908
table 0 0 -10 160.46 160.78 357.34 248.79 0.0017484
desk 0 0 -10 331.85 234.61 553.97 421.54 0.0017120
desk 0 0 -10 246.94 141.46 378.87 302.99 0.0017085
table 0 0 -10 366.53 223.21 557.57 424.25 0.0016605
chair 0 0 -10 212.78 156.07 372.67 375.86 0.0016107
chair 0 0 -10 160.49 219.79 310.43 409.81 0.0015328
desk 0 0 -10 122.56 100.26 534.71 364.10 0.0013760
dresser 0 0 -10 7.90 130.99 44.99 423.03 0.0013477
desk 0 0 -10 198.12 154.61 360.18 213.53 0.0012945
table 0 0 -10 1.63 297.97 159.59 426.58 0.0012358
table 0 0 -10 54.06 334.66 159.16 427.00 0.0011810
chair 0 0 -10 229.99 122.07 333.18 292.66 0.0011749
chair 0 0 -10 0.00 299.18 186.71 424.84 0.0011573
table 0 0 -10 90.47 0.00 344.15 93.38 0.0011437
bathtub 0 0 -10 8.92 227.44 134.58 422.41 0.0010811
chair 0 0 -10 244.30 0.00 335.09 86.67 0.0010114
sofa 0 0 -10 206.96 162.00 458.61 388.58 0.0009685
chair 0 0 -10 238.00 139.47 316.36 241.96 0.0009323
sofa 0 0 -10 306.69 172.23 454.97 350.36 0.0009151
chair 0 0 -10 180.98 105.22 265.53 242.23 0.0008915
bathtub 0 0 -10 102.01 173.94 492.97 411.52 0.0008614
table 0 0 -10 12.57 388.08 169.73 425.76 0.0008397
chair 0 0 -10 222.74 100.49 275.57 166.15 0.0008207
night_stand 0 0 -10 150.17 180.12 332.10 408.54 0.0007892
dresser 0 0 -10 210.61 159.24 446.00 387.92 0.0007769
desk 0 0 -10 6.43 152.26 283.77 427.00 0.0007730
chair 0 0 -10 327.97 159.50 413.13 302.78 0.0007713
chair 0 0 -10 202.78 254.61 490.58 416.91 0.0007324
table 0 0 -10 408.10 200.57 561.00 322.18 0.0007149
chair 0 0 -10 288.82 101.31 361.09 191.33 0.0007144
desk 0 0 -10 432.61 192.97 554.58 255.86 0.0007062
toilet 0 0 -10 0.00 251.40 148.91 427.00 0.0006726
dresser 0 0 -10 3.23 78.30 100.41 419.92 0.0006631
chair 0 0 -10 32.20 218.85 296.49 425.98 0.0006615
bathtub 0 0 -10 5.62 339.07 158.82 425.90 0.0006374
chair 0 0 -10 287.04 0.00 354.01 89.75 0.0006322
chair 0 0 -10 149.62 207.26 241.41 391.00 0.0006137
table 0 0 -10 47.67 39.71 440.08 403.29 0.0006020
bookshelf 0 0 -10 111.36 3.49 309.81 187.03 0.0005744
bookshelf 0 0 -10 127.85 161.52 464.60 415.99 0.0005695
desk 0 0 -10 278.86 118.83 357.36 209.74 0.0005675
table 0 0 -10 2.28 406.17 154.21 426.31 0.0005633
chair 0 0 -10 190.74 148.49 326.67 228.64 0.0005614
chair 0 0 -10 330.87 316.27 561.00 426.10 0.0005525
chair 0 0 -10 85.99 64.38 326.13 401.96 0.0005315
toilet 0 0 -10 170.41 165.23 441.54 421.92 0.0005078
desk 0 0 -10 249.97 149.59 346.97 249.80 0.0005054
desk 0 0 -10 0.00 5.93 174.94 420.66 0.0005000
dresser 0 0 -10 109.78 21.93 264.07 388.53 0.0004694
chair 0 0 -10 290.53 208.00 435.52 307.45 0.0004660
table 0 0 -10 268.56 154.45 355.27 182.87 0.0004570
desk 0 0 -10 121.32 0.28 343.26 90.47 0.0004536
table 0 0 -10 117.25 346.67 164.42 427.00 0.0004528
bookshelf 0 0 -10 104.29 0.58 348.46 93.22 0.0004487
dresser 0 0 -10 116.77 6.05 343.94 105.74 0.0004483
desk 0 0 -10 137.95 96.51 313.99 260.66 0.0004478
dresser 0 0 -10 41.84 0.00 367.54 390.80 0.0004438
table 0 0 -10 194.17 155.49 362.80 213.02 0.0004256
dresser 0 0 -10 90.11 223.00 542.20 423.25 0.0004170
desk 0 0 -10 162.56 143.73 280.95 238.81 0.0004152
dresser 0 0 -10 0.50 107.81 25.35 416.63 0.0004083
chair 0 0 -10 166.33 129.87 310.98 355.82 0.0003876
bathtub 0 0 -10 39.18 146.52 337.60 414.96 0.0003855
table 0 0 -10 197.60 150.42 349.19 305.18 0.0003752
chair 0 0 -10 163.07 118.01 236.18 260.43 0.0003711
toilet 0 0 -10 293.63 194.14 470.98 397.80 0.0003702
chair 0 0 -10 62.53 280.67 237.51 426.51 0.0003624
chair 0 0 -10 132.92 0.00 389.88 84.68 0.0003546
chair 0 0 -10 135.87 0.00 196.19 58.55 0.0003495
table 0 0 -10 1.26 110.83 56.37 427.00 0.0003353
chair 0 0 -10 267.66 129.08 370.99 293.75 0.0003341
toilet 0 0 -10 0.91 336.47 157.36 426.68 0.0003177
chair 0 0 -10 0.00 35.55 230.85 413.37 0.0003156
