chair 0 0 -10 374.84 197.91 464.31 351.77 0.9890469
table 0 0 -10 342.01 196.89 523.02 337.26 0.6183172
desk 0 0 -10 339.26 199.12 518.68 346.10 0.5235455
chair 0 0 -10 392.88 205.10 456.59 311.29 0.0253589
bathtub 0 0 -10 222.40 203.71 270.71 323.16 0.0080336
table 0 0 -10 350.17 190.33 446.01 331.14 0.0072612
chair 0 0 -10 399.79 204.03 507.00 338.11 0.0057755
chair 0 0 -10 390.95 256.68 456.60 358.52 0.0046135
night_stand 0 0 -10 350.88 192.66 468.79 336.56 0.0039114
bookshelf 0 0 -10 348.18 200.39 508.55 366.48 0.0036987
table 0 0 -10 352.55 192.88 519.46 247.44 0.0033598
desk 0 0 -10 358.80 223.53 462.77 362.23 0.0029619
table 0 0 -10 369.86 227.92 466.63 358.08 0.0028530
chair 0 0 -10 421.19 197.46 460.54 306.64 0.0027667
dresser 0 0 -10 346.57 195.88 528.82 355.35 0.0027200
bed 0 0 -10 346.53 187.96 527.10 353.81 0.0026083
sofa 0 0 -10 344.00 201.74 512.50 363.89 0.0025860
chair 0 0 -10 351.36 174.30 431.50 313.15 0.0025313
table 0 0 -10 446.40 204.09 520.85 337.55 0.0025299
chair 0 0 -10 401.14 188.22 490.96 273.20 0.0023328
desk 0 0 -10 349.74 188.42 446.90 323.77 0.0020866
bed 0 0 -10 0.00 71.77 334.15 427.00 0.0020714
chair 0 0 -10 437.93 194.92 521.09 308.37 0.0017710
chair 0 0 -10 0.77 0.96 124.64 129.50 0.0017613
table 0 0 -10 344.30 193.00 398.06 327.04 0.0017220
desk 0 0 -10 371.11 189.47 498.47 302.57 0.0017012
table 0 0 -10 530.83 284.26 559.62 418.66 0.0015701
bathtub 0 0 -10 255.23 210.52 271.05 340.15 0.0015304
chair 0 0 -10 349.46 217.65 414.33 346.80 0.0015143
chair 0 0 -10 448.09 205.09 455.57 311.65 0.0014924
table 0 0 -10 0.00 68.12 272.28 424.99 0.0014707
bathtub 0 0 -10 8.58 222.90 305.31 423.39 0.0012915
chair 0 0 -10 372.07 200.54 444.36 289.20 0.0012715
toilet 0 0 -10 225.40 209.79 270.32 340.30 0.0012366
table 0 0 -10 365.02 198.02 510.09 228.64 0.0012180
bathtub 0 0 -10 342.72 204.85 510.88 381.19 0.0011390
bookshelf 0 0 -10 370.85 52.86 504.66 303.28 0.0011181
table 0 0 -10 390.14 261.84 458.84 352.59 0.0010974
chair 0 0 -10 336.00 215.87 507.09 371.82 0.0010677
table 0 0 -10 377.15 189.27 475.34 303.24 0.0010578
desk 0 0 -10 361.30 71.04 514.19 293.89 0.0009973
chair 0 0 -10 403.95 194.03 454.91 263.69 0.0009869
chair 0 0 -10 446.18 198.17 509.76 266.96 0.0009829
table 0 0 -10 310.88 218.61 534.14 398.89 0.0009361
bathtub 0 0 -10 116.64 365.32 284.31 427.00 0.0009292
toilet 0 0 -10 345.83 206.48 504.16 378.73 0.0009286
chair 0 0 -10 14.00 314.67 301.48 424.76 0.0008790
chair 0 0 -10 391.49 223.44 474.57 264.01 0.0008482
table 0 0 -10 451.53 202.56 516.94 260.89 0.0008356
table 0 0 -10 112.44 366.18 274.46 427.00 0.0008345
bookshelf 0 0 -10 358.48 165.61 470.27 336.48 0.0008332
desk 0 0 -10 0.00 61.47 279.51 418.71 0.0008146
table 0 0 -10 11.95 163.64 445.68 422.76 0.0007836
chair 0 0 -10 356.62 187.24 400.61 310.13 0.0007734
chair 0 0 -10 440.09 197.16 466.43 313.58 0.0007337
table 0 0 -10 9.88 350.18 295.26 425.65 0.0007292
chair 0 0 -10 452.56 176.56 550.53 284.20 0.0007170
bed 0 0 -10 8.41 239.00 329.54 422.45 0.0006993
bathtub 0 0 -10 12.43 166.67 454.63 416.00 0.0006516
desk 0 0 -10 350.80 193.12 521.74 246.74 0.0006242
table 0 0 -10 0.69 4.98 118.71 127.53 0.0006121
table 0 0 -10 5.33 233.86 310.64 424.31 0.0005665
dresser 0 0 -10 359.41 189.46 462.59 330.50 0.0005608
dresser 0 0 -10 368.62 60.43 508.50 294.31 0.0005521
desk 0 0 -10 308.66 217.80 540.53 402.76 0.0005426
bookshelf 0 0 -10 12.44 3.25 321.87 419.33 0.0005299
table 0 0 -10 402.92 198.29 520.46 292.60 0.0005249
bathtub 0 0 -10 238.83 227.00 273.94 333.15 0.0004964
toilet 0 0 -10 254.98 212.46 270.93 345.24 0.0004822
chair 0 0 -10 10.54 174.29 414.76 427.00 0.0004818
bathtub 0 0 -10 353.84 180.30 474.11 334.23 0.0004812
chair 0 0 -10 451.46 203.44 457.50 321.18 0.0004737
desk 0 0 -10 4.21 161.93 461.04 421.78 0.0004653
bathtub 0 0 -10 222.76 287.19 305.72 376.71 0.0004581
bathtub 0 0 -10 115.57 219.98 265.38 418.33 0.0004576
table 0 0 -10 336.57 285.41 477.73 365.27 0.0004439
chair 0 0 -10 354.15 149.40 510.05 328.82 0.0004351
table 0 0 -10 36.36 385.92 241.61 426.86 0.0004334
table 0 0 -10 334.40 218.66 424.99 350.22 0.0004320
chair 0 0 -10 461.73 230.72 520.56 351.61 0.0004257
night_stand 0 0 -10 347.67 194.06 408.52 325.86 0.0004240
chair 0 0 -10 444.75 210.34 455.79 273.28 0.0004238
dresser 0 0 -10 218.25 203.82 268.53 322.32 0.0004118
chair 0 0 -10 453.11 206.56 460.25 310.30 0.0004108
dresser 0 0 -10 2.97 17.01 328.42 420.88 0.0003871
sofa 0 0 -10 364.41 189.10 476.63 322.10 0.0003788
table 0 0 -10 355.46 70.69 509.43 289.64 0.0003686
bed 0 0 -10 37.33 387.03 247.93 427.00 0.0003656
table 0 0 -10 390.67 55.69 489.44 180.14 0.0003527
toilet 0 0 -10 367.44 187.76 470.45 323.83 0.0003420
bathtub 0 0 -10 35.37 305.26 292.28 420.26 0.0003388
bathtub 0 0 -10 37.90 384.72 246.59 426.59 0.0003299
table 0 0 -10 332.38 239.86 385.51 350.37 0.0003287
desk 0 0 -10 354.31 190.31 395.76 320.65 0.0003216
table 0 0 -10 223.72 289.09 297.80 376.25 0.0003137
table 0 0 -10 498.05 301.70 557.48 405.87 0.0003136
bed 0 0 -10 12.35 354.38 312.60 425.60 0.0003123
chair 0 0 -10 470.76 192.05 547.80 343.95 0.0003003
chair 0 0 -10 22.80 366.88 267.75 427.00 0.0002985
chair 0 0 -10 423.96 197.16 472.32 266.08 0.0002959
