chair 0 0 -10 26.98 218.08 198.59 422.78 0.9926128
table 0 0 -10 57.74 257.85 498.78 423.60 0.7302745
bookshelf 0 0 -10 0.00 26.48 125.22 186.83 0.4360293
table 0 0 -10 115.61 271.07 314.01 419.41 0.3431230
table 0 0 -10 121.74 279.57 284.17 348.71 0.1659937
chair 0 0 -10 84.77 211.36 172.17 418.78 0.1156267
table 0 0 -10 109.77 270.26 435.20 368.35 0.0913466
chair 0 0 -10 156.38 266.43 254.09 346.31 0.0804668
desk 0 0 -10 54.90 253.77 518.84 427.00 0.0654037
table 0 0 -10 100.74 312.09 348.03 388.44 0.0303632
chair 0 0 -10 200.64 264.22 297.45 349.70 0.0251105
chair 0 0 -10 10.25 330.61 253.06 425.02 0.0158393
desk 0 0 -10 121.49 273.85 308.01 419.05 0.0155040
chair 0 0 -10 269.70 260.15 390.73 336.33 0.0150449
table 0 0 -10 164.68 306.46 550.26 422.85 0.0146568
chair 0 0 -10 3.09 207.34 112.90 423.62 0.0140917
chair 0 0 -10 76.36 231.73 281.92 411.70 0.0133137
chair 0 0 -10 243.96 316.93 542.41 421.94 0.0120884
chair 0 0 -10 112.97 261.13 231.26 354.44 0.0116498
bookshelf 0 0 -10 2.53 15.60 174.96 360.17 0.0110317
chair 0 0 -10 102.23 338.18 484.81 422.92 0.0108375
chair 0 0 -10 152.84 255.76 311.78 364.93 0.0105923
chair 0 0 -10 175.93 291.53 417.96 422.25 0.0098646
table 0 0 -10 21.92 345.39 450.75 423.94 0.0097162
desk 0 0 -10 8.17 218.01 164.20 403.45 0.0087906
bed 0 0 -10 87.14 271.60 547.72 426.10 0.0085180
desk 0 0 -10 129.35 279.79 279.54 348.70 0.0080215
chair 0 0 -10 35.61 207.59 142.91 373.51 0.0078444
bathtub 0 0 -10 289.82 299.67 558.58 420.63 0.0078368
table 0 0 -10 158.81 269.93 235.02 350.14 0.0077944
chair 0 0 -10 95.16 223.57 202.09 368.66 0.0073253
table 0 0 -10 10.25 216.12 166.30 401.27 0.0071971
chair 0 0 -10 74.03 237.63 352.91 344.91 0.0068247
chair 0 0 -10 163.38 267.25 216.89 360.54 0.0064791
chair 0 0 -10 73.20 206.69 454.66 420.29 0.0055177
table 0 0 -10 29.16 223.51 270.37 418.66 0.0053353
dresser 0 0 -10 0.00 39.27 128.09 186.31 0.0053096
table 0 0 -10 210.14 274.64 457.14 409.84 0.0051649
table 0 0 -10 273.70 269.42 390.47 332.12 0.0051368
chair 0 0 -10 228.55 248.42 365.73 355.44 0.0049117
table 0 0 -10 181.46 269.68 331.51 363.01 0.0038333
bookshelf 0 0 -10 22.18 153.71 182.84 408.17 0.0037646
chair 0 0 -10 26.28 254.87 192.11 355.18 0.0035876
chair 0 0 -10 269.21 222.02 355.56 327.65 0.0034863
table 0 0 -10 0.00 29.17 129.06 181.82 0.0028980
bed 0 0 -10 268.90 302.69 558.04 426.05 0.0028470
desk 0 0 -10 119.30 275.51 384.24 360.55 0.0028436
bed 0 0 -10 101.54 368.68 454.87 426.47 0.0028410
sofa 0 0 -10 123.62 308.72 545.96 424.42 0.0026171
desk 0 0 -10 29.72 221.77 266.64 427.00 0.0026059
sofa 0 0 -10 34.48 210.13 186.82 401.38 0.0025080
table 0 0 -10 405.95 377.50 549.28 427.00 0.0023908
bathtub 0 0 -10 102.72 285.08 556.53 411.07 0.0022687
chair 0 0 -10 179.74 263.02 237.93 334.70 0.0021666
chair 0 0 -10 112.08 289.51 334.50 416.06 0.0020324
chair 0 0 -10 167.77 161.88 381.11 383.53 0.0019922
desk 0 0 -10 30.65 269.10 247.42 357.21 0.0019504
desk 0 0 -10 165.47 308.46 561.00 425.16 0.0018684
chair 0 0 -10 0.00 27.97 132.48 182.65 0.0017759
bookshelf 0 0 -10 5.24 31.61 71.54 198.99 0.0017309
table 0 0 -10 37.36 269.93 252.34 355.79 0.0017233
table 0 0 -10 64.61 254.56 383.66 343.48 0.0016735
desk 0 0 -10 0.00 26.40 134.38 183.31 0.0016455
chair 0 0 -10 85.55 188.87 251.52 348.91 0.0016394
chair 0 0 -10 255.96 71.88 404.92 360.53 0.0015905
toilet 0 0 -10 300.98 301.34 557.30 425.82 0.0015623
table 0 0 -10 316.28 327.36 545.01 426.47 0.0014886
desk 0 0 -10 109.60 309.76 341.87 389.61 0.0013113
chair 0 0 -10 175.81 257.46 311.29 313.24 0.0012833
sofa 0 0 -10 3.10 30.84 129.80 183.36 0.0012756
toilet 0 0 -10 14.17 202.69 188.21 427.00 0.0012001
chair 0 0 -10 220.56 238.04 321.66 330.39 0.0011714
dresser 0 0 -10 18.44 192.05 188.59 413.89 0.0011180
chair 0 0 -10 4.81 362.79 146.27 427.00 0.0010654
chair 0 0 -10 254.90 213.08 318.08 343.18 0.0010489
desk 0 0 -10 14.36 345.89 462.57 423.20 0.0010462
chair 0 0 -10 189.54 279.66 277.31 333.60 0.0010448
night_stand 0 0 -10 0.00 29.24 130.96 181.82 0.0010152
bed 0 0 -10 0.00 24.27 129.95 192.20 0.0010003
sofa 0 0 -10 57.38 217.04 476.43 418.44 0.0009968
sofa 0 0 -10 104.35 369.95 453.18 426.55 0.0009905
table 0 0 -10 84.35 385.19 448.25 426.90 0.0009410
bookshelf 0 0 -10 0.27 12.51 88.68 267.15 0.0009393
table 0 0 -10 114.25 243.44 231.29 371.20 0.0008491
table 0 0 -10 147.19 264.67 305.60 325.89 0.0008340
bookshelf 0 0 -10 49.85 0.26 504.84 397.44 0.0008166
chair 0 0 -10 227.55 270.08 274.17 339.41 0.0008057
bookshelf 0 0 -10 42.63 42.74 85.15 178.37 0.0007934
desk 0 0 -10 22.50 247.09 178.75 344.29 0.0007873
bookshelf 0 0 -10 11.54 6.43 295.48 316.04 0.0007765
chair 0 0 -10 165.52 265.54 258.97 312.09 0.0007520
table 0 0 -10 453.88 397.28 554.92 426.66 0.0007512
bookshelf 0 0 -10 290.80 287.09 555.83 422.02 0.0007319
chair 0 0 -10 232.65 266.22 306.03 333.92 0.0006146
desk 0 0 -10 4.45 111.53 297.01 388.51 0.0006053
desk 0 0 -10 7.25 16.62 542.90 399.57 0.0006040
table 0 0 -10 0.47 0.91 100.96 59.98 0.0006025
bookshelf 0 0 -10 25.06 47.12 62.04 176.03 0.0005852
table 0 0 -10 234.56 263.96 403.11 369.69 0.0005504
chair 0 0 -10 70.86 379.66 420.76 425.82 0.0005466
