chair 0 0 -10 121.31 195.43 298.06 415.14 0.9452156
sofa 0 0 -10 257.11 166.61 554.93 399.91 0.9362093
table 0 0 -10 503.72 286.77 561.00 424.61 0.9023368
chair 0 0 -10 285.89 219.17 491.31 424.77 0.8819234
chair 0 0 -10 2.13 176.33 42.48 404.21 0.8727775
sofa 0 0 -10 373.64 157.44 557.18 354.67 0.1704323
sofa 0 0 -10 462.93 155.10 558.67 393.49 0.0963305
table 0 0 -10 1.00 233.58 45.57 425.49 0.0824698
sofa 0 0 -10 470.22 159.97 560.63 273.68 0.0784611
table 0 0 -10 545.50 289.29 561.00 423.95 0.0724302
chair 0 0 -10 6.31 175.75 24.49 414.77 0.0677221
table 0 0 -10 257.43 213.63 550.86 416.35 0.0644295
desk 0 0 -10 505.11 283.65 560.82 427.00 0.0615794
table 0 0 -10 322.45 265.54 492.85 427.00 0.0603335
sofa 0 0 -10 287.98 216.45 490.26 424.63 0.0518069
sofa 0 0 -10 0.17 165.80 29.89 400.38 0.0497223
table 0 0 -10 437.11 282.06 561.00 427.00 0.0456891
chair 0 0 -10 0.73 176.27 86.35 424.91 0.0441989
table 0 0 -10 554.88 290.30 561.00 423.68 0.0408596
table 0 0 -10 473.83 163.48 561.00 233.36 0.0389910
chair 0 0 -10 9.39 191.12 33.80 371.12 0.0385984
chair 0 0 -10 480.22 160.93 560.81 233.97 0.0289893
sofa 0 0 -10 242.27 171.51 447.36 349.45 0.0271834
desk 0 0 -10 258.18 203.22 551.57 421.58 0.0263707
table 0 0 -10 5.42 188.25 28.43 406.22 0.0228245
chair 0 0 -10 139.98 214.82 283.29 340.78 0.0216783
chair 0 0 -10 504.89 282.61 560.97 420.12 0.0213471
chair 0 0 -10 451.03 327.51 560.15 426.23 0.0166697
table 0 0 -10 362.77 309.07 525.88 426.18 0.0151169
table 0 0 -10 557.50 296.49 560.92 413.82 0.0144777
table 0 0 -10 354.99 241.98 543.87 357.03 0.0122649
table 0 0 -10 524.32 219.22 561.00 417.55 0.0101366
chair 0 0 -10 224.91 188.13 426.73 427.00 0.0095646
desk 0 0 -10 0.00 192.35 28.97 409.67 0.0093775
chair 0 0 -10 266.31 325.97 511.47 425.69 0.0089186
dresser 0 0 -10 4.10 179.34 28.57 400.92 0.0077617
table 0 0 -10 112.90 243.03 335.17 416.38 0.0077499
chair 0 0 -10 20.93 197.81 228.29 427.00 0.0075998
chair 0 0 -10 0.00 259.12 61.49 427.00 0.0068760
table 0 0 -10 550.14 230.08 559.16 427.00 0.0068592
bed 0 0 -10 0.77 169.35 31.69 414.34 0.0065247
table 0 0 -10 519.11 304.41 560.57 380.54 0.0064940
chair 0 0 -10 254.22 164.85 560.88 394.84 0.0064890
table 0 0 -10 420.44 213.52 556.80 372.80 0.0063581
sofa 0 0 -10 126.69 184.24 354.31 422.79 0.0061724
table 0 0 -10 0.82 217.51 20.12 393.39 0.0060938
chair 0 0 -10 2.89 178.78 16.52 392.65 0.0058919
bed 0 0 -10 256.15 169.19 513.17 421.57 0.0057052
bookshelf 0 0 -10 4.70 173.05 28.18 400.74 0.0051696
table 0 0 -10 487.07 169.46 559.35 408.04 0.0050913
table 0 0 -10 9.08 184.25 54.48 391.51 0.0049755
chair 0 0 -10 484.82 151.64 559.13 415.03 0.0049356
chair 0 0 -10 531.59 295.12 561.00 421.81 0.0047274
desk 0 0 -10 1.84 179.38 57.20 388.35 0.0045677
table 0 0 -10 558.95 280.32 560.99 405.52 0.0042225
sofa 0 0 -10 493.54 253.73 561.00 423.36 0.0041279
table 0 0 -10 480.87 279.73 556.93 386.70 0.0040124
table 0 0 -10 340.16 162.30 481.24 242.32 0.0039287
table 0 0 -10 0.61 306.89 30.67 358.84 0.0037879
table 0 0 -10 12.92 193.87 33.38 367.12 0.0036685
chair 0 0 -10 444.24 158.75 560.93 325.71 0.0035880
chair 0 0 -10 548.44 301.61 561.00 425.79 0.0035329
chair 0 0 -10 294.16 237.79 462.93 354.67 0.0035315
table 0 0 -10 90.83 256.63 500.76 427.00 0.0034674
sofa 0 0 -10 3.08 174.68 18.12 406.98 0.0034468
chair 0 0 -10 21.97 190.05 44.36 382.23 0.0033232
chair 0 0 -10 377.46 161.16 490.27 248.16 0.0033215
chair 0 0 -10 0.61 215.52 35.42 329.71 0.0031056
table 0 0 -10 503.93 287.48 560.33 347.88 0.0028831
chair 0 0 -10 245.68 159.67 395.77 360.32 0.0028519
bookshelf 0 0 -10 276.27 206.69 493.87 421.27 0.0028073
chair 0 0 -10 531.07 160.76 561.00 407.90 0.0027714
toilet 0 0 -10 273.70 211.04 490.47 426.26 0.0027697
chair 0 0 -10 276.19 202.68 373.15 394.02 0.0026746
desk 0 0 -10 135.88 192.72 385.57 422.68 0.0026172
chair 0 0 -10 557.07 274.87 561.00 426.82 0.0024820
table 0 0 -10 552.35 280.56 559.76 400.48 0.0023582
dresser 0 0 -10 270.98 194.45 493.07 416.84 0.0023527
sofa 0 0 -10 1.55 177.08 55.31 387.73 0.0023378
chair 0 0 -10 425.03 267.74 561.00 427.00 0.0022559
desk 0 0 -10 536.44 286.02 560.87 427.00 0.0022083
desk 0 0 -10 314.24 257.71 491.82 427.00 0.0021841
chair 0 0 -10 553.99 277.88 560.82 408.82 0.0020878
table 0 0 -10 0.61 302.31 36.12 395.98 0.0020512
chair 0 0 -10 349.84 367.61 515.56 427.00 0.0019850
table 0 0 -10 484.04 342.25 559.02 427.00 0.0019816
table 0 0 -10 534.90 233.00 559.62 358.64 0.0018775
bathtub 0 0 -10 272.93 215.13 494.46 423.67 0.0017822
night_stand 0 0 -10 275.25 217.60 494.39 427.00 0.0017766
table 0 0 -10 2.25 298.36 22.39 425.61 0.0017532
sofa 0 0 -10 366.47 162.26 507.14 254.22 0.0017332
table 0 0 -10 245.52 213.06 375.39 365.68 0.0016967
sofa 0 0 -10 127.00 198.75 286.69 357.76 0.0016874
table 0 0 -10 251.94 154.39 547.39 319.05 0.0016725
toilet 0 0 -10 4.55 180.70 28.51 407.87 0.0016584
night_stand 0 0 -10 4.02 185.89 29.06 400.53 0.0016428
table 0 0 -10 0.00 314.80 17.78 358.23 0.0016344
table 0 0 -10 446.94 152.84 557.18 256.98 0.0016086
sofa 0 0 -10 259.50 188.08 395.23 315.98 0.0015111
table 0 0 -10 491.17 301.95 553.66 363.22 0.0014828
