chair 0 0 -10 70.59 101.35 181.15 249.90 0.9833947
chair 0 0 -10 380.39 101.32 470.25 253.88 0.9581771
desk 0 0 -10 443.25 126.54 560.09 285.97 0.9549713
desk 0 0 -10 4.66 124.11 123.72 289.90 0.9368677
chair 0 0 -10 182.19 100.02 248.64 205.02 0.9268346
chair 0 0 -10 343.59 95.97 411.60 200.02 0.8563064
desk 0 0 -10 25.09 124.62 173.36 249.52 0.5935127
desk 0 0 -10 383.03 114.30 552.78 242.01 0.5542492
desk 0 0 -10 351.86 107.98 477.48 214.44 0.2086007
table 0 0 -10 1.11 127.16 132.80 299.98 0.1942987
desk 0 0 -10 1.98 154.59 78.13 302.78 0.1537175
chair 0 0 -10 344.37 93.91 453.07 225.04 0.1416353
desk 0 0 -10 338.32 111.20 423.80 213.53 0.1119370
desk 0 0 -10 62.23 102.69 204.30 266.51 0.0995186
table 0 0 -10 447.87 136.51 561.00 282.13 0.0944847
desk 0 0 -10 500.39 147.01 560.01 300.40 0.0919664
table 0 0 -10 27.12 107.33 181.38 256.13 0.0847424
chair 0 0 -10 171.56 93.51 220.32 183.12 0.0801043
table 0 0 -10 337.64 106.80 447.83 225.01 0.0614968
table 0 0 -10 368.32 109.95 543.65 245.88 0.0599790
desk 0 0 -10 315.78 101.81 495.03 255.46 0.0577777
chair 0 0 -10 335.79 96.98 384.16 183.72 0.0564510
desk 0 0 -10 252.44 113.24 354.25 175.61 0.0390285
table 0 0 -10 2.43 161.35 49.23 298.82 0.0384502
desk 0 0 -10 311.75 115.21 356.05 179.00 0.0364184
desk 0 0 -10 163.83 107.73 238.89 203.97 0.0343699
table 0 0 -10 416.57 105.30 522.79 224.26 0.0334898
desk 0 0 -10 290.44 112.66 408.86 181.68 0.0308551
chair 0 0 -10 174.76 96.67 241.30 156.62 0.0275109
desk 0 0 -10 414.63 108.48 538.52 204.42 0.0271495
desk 0 0 -10 89.63 95.21 238.91 211.14 0.0235567
desk 0 0 -10 315.13 118.54 338.54 172.83 0.0196970
desk 0 0 -10 174.10 102.86 264.01 175.55 0.0189488
desk 0 0 -10 450.53 130.03 518.94 229.73 0.0175332
chair 0 0 -10 403.26 86.68 489.93 201.02 0.0167759
chair 0 0 -10 13.32 103.15 96.35 192.53 0.0164279
desk 0 0 -10 0.00 115.03 245.54 347.39 0.0147847
desk 0 0 -10 65.26 95.39 553.92 262.79 0.0143460
table 0 0 -10 274.58 106.22 466.53 253.01 0.0141718
chair 0 0 -10 316.98 105.79 364.26 164.89 0.0140983
chair 0 0 -10 312.40 112.27 345.86 175.15 0.0137633
desk 0 0 -10 195.44 105.27 323.62 171.56 0.0137050
chair 0 0 -10 342.34 114.89 407.07 168.07 0.0135096
desk 0 0 -10 69.06 109.27 153.35 236.43 0.0129866
desk 0 0 -10 3.97 126.77 118.52 185.67 0.0129550
chair 0 0 -10 81.95 87.02 145.71 187.97 0.0123937
table 0 0 -10 0.00 115.11 243.36 341.42 0.0120349
table 0 0 -10 377.84 99.32 486.22 216.02 0.0118806
chair 0 0 -10 404.29 110.33 516.11 284.62 0.0117189
chair 0 0 -10 315.07 112.62 333.84 168.11 0.0116837
desk 0 0 -10 3.07 151.85 40.90 294.78 0.0112681
desk 0 0 -10 325.62 116.50 380.20 191.07 0.0109433
desk 0 0 -10 133.56 96.99 369.08 185.07 0.0104169
table 0 0 -10 414.45 95.96 500.87 138.56 0.0100698
table 0 0 -10 252.78 115.62 354.06 173.12 0.0098479
chair 0 0 -10 98.16 97.38 245.97 256.93 0.0095137
table 0 0 -10 515.08 140.98 559.89 303.88 0.0092848
chair 0 0 -10 338.86 130.80 385.20 207.25 0.0092309
chair 0 0 -10 189.66 145.79 237.03 179.15 0.0091058
table 0 0 -10 311.52 117.01 356.92 177.20 0.0086137
table 0 0 -10 175.25 111.35 232.31 197.84 0.0085220
table 0 0 -10 316.84 116.13 402.70 199.80 0.0083143
sofa 0 0 -10 423.91 81.52 511.10 157.58 0.0082747
desk 0 0 -10 321.15 113.17 561.00 340.67 0.0081523
sofa 0 0 -10 425.32 90.32 513.65 129.03 0.0073923
desk 0 0 -10 130.25 99.02 241.37 179.42 0.0072130
chair 0 0 -10 426.94 80.53 508.24 165.45 0.0067017
chair 0 0 -10 10.73 94.26 114.57 239.30 0.0062083
desk 0 0 -10 221.38 95.76 514.45 176.09 0.0060772
chair 0 0 -10 204.75 96.68 253.09 169.93 0.0058060
chair 0 0 -10 428.16 88.99 511.90 130.58 0.0054705
table 0 0 -10 186.97 137.04 244.96 201.41 0.0053829
desk 0 0 -10 189.79 124.50 248.67 199.65 0.0050695
table 0 0 -10 314.93 119.78 339.17 170.89 0.0050119
table 0 0 -10 0.76 171.74 29.00 309.68 0.0049058
chair 0 0 -10 383.72 78.32 459.85 164.63 0.0047535
chair 0 0 -10 292.17 112.50 339.15 175.87 0.0044683
chair 0 0 -10 135.08 95.40 219.28 236.34 0.0041886
chair 0 0 -10 2.32 161.51 49.00 299.12 0.0041504
desk 0 0 -10 487.90 136.57 543.40 276.93 0.0040469
table 0 0 -10 314.14 131.78 560.82 306.77 0.0037862
chair 0 0 -10 172.84 93.27 216.96 140.24 0.0037731
chair 0 0 -10 411.39 84.18 467.71 143.32 0.0037427
chair 0 0 -10 5.35 103.34 64.42 247.60 0.0037394
desk 0 0 -10 542.42 150.22 560.82 309.74 0.0036323
table 0 0 -10 68.45 100.19 553.56 257.00 0.0035428
table 0 0 -10 222.32 98.30 513.42 173.59 0.0034793
chair 0 0 -10 355.39 137.96 397.19 172.23 0.0034673
desk 0 0 -10 25.68 112.47 146.51 170.11 0.0034087
desk 0 0 -10 285.58 113.00 337.44 177.82 0.0033634
sofa 0 0 -10 346.84 94.94 462.85 232.66 0.0032967
sofa 0 0 -10 184.10 106.84 243.18 198.53 0.0032892
table 0 0 -10 38.30 119.64 299.97 258.52 0.0031479
chair 0 0 -10 57.30 124.12 147.54 272.05 0.0031456
chair 0 0 -10 448.77 131.50 507.87 227.93 0.0030778
table 0 0 -10 73.35 102.26 199.78 219.23 0.0030462
sofa 0 0 -10 66.96 104.99 190.71 247.05 0.0029382
desk 0 0 -10 157.37 111.99 456.35 224.75 0.0029219
chair 0 0 -10 156.81 96.37 201.99 157.84 0.0028206
chair 0 0 -10 87.08 112.15 137.42 214.33 0.0026699
