sofa 0 0 -10 0.14 221.02 186.64 425.53 0.8508940
sofa 0 0 -10 219.97 157.05 381.91 334.44 0.6200049
table 0 0 -10 52.75 202.57 205.66 354.60 0.6157956
sofa 0 0 -10 440.82 156.32 561.00 344.70 0.5461693
table 0 0 -10 147.72 340.65 555.53 426.19 0.3944838
chair 0 0 -10 218.51 153.28 383.02 341.08 0.2342747
chair 0 0 -10 438.27 139.82 561.00 352.62 0.1660297
bed 0 0 -10 163.81 349.38 551.49 424.00 0.0979964
bed 0 0 -10 10.07 232.21 204.04 423.87 0.0843163
sofa 0 0 -10 173.72 342.25 560.76 427.00 0.0740838
night_stand 0 0 -10 67.51 209.91 209.81 353.94 0.0633745
bed 0 0 -10 443.47 155.62 561.00 346.91 0.0561946
table 0 0 -10 67.49 203.20 203.81 281.06 0.0520853
table 0 0 -10 443.84 221.23 560.80 356.45 0.0475223
desk 0 0 -10 42.68 211.95 206.79 372.86 0.0452274
chair 0 0 -10 3.46 223.98 180.16 422.83 0.0448568
chair 0 0 -10 253.69 346.74 557.58 425.58 0.0375369
table 0 0 -10 460.88 270.92 558.12 347.19 0.0326981
desk 0 0 -10 140.84 340.90 561.00 425.55 0.0243677
table 0 0 -10 25.46 237.62 203.39 420.65 0.0197083
bed 0 0 -10 219.89 162.59 378.07 338.44 0.0191796
chair 0 0 -10 31.62 195.48 150.65 300.66 0.0150380
table 0 0 -10 224.54 193.42 375.97 336.84 0.0137320
bookshelf 0 0 -10 441.37 156.82 561.00 332.50 0.0116434
dresser 0 0 -10 24.54 216.59 204.11 384.78 0.0107112
table 0 0 -10 88.95 247.38 216.93 361.21 0.0084164
sofa 0 0 -10 23.02 202.56 202.71 321.30 0.0081438
sofa 0 0 -10 24.47 242.34 555.85 425.33 0.0078845
bookshelf 0 0 -10 26.21 211.05 203.30 380.91 0.0077061
desk 0 0 -10 442.42 189.61 559.87 351.97 0.0074388
table 0 0 -10 235.86 376.44 331.24 427.00 0.0067768
chair 0 0 -10 72.82 338.63 388.10 427.00 0.0050744
table 0 0 -10 55.37 307.76 470.11 426.31 0.0049455
night_stand 0 0 -10 51.64 201.37 203.11 290.70 0.0044894
bookshelf 0 0 -10 179.12 339.71 556.93 425.40 0.0043832
bathtub 0 0 -10 156.95 352.08 554.30 422.15 0.0041765
night_stand 0 0 -10 16.61 242.52 201.34 424.25 0.0041275
chair 0 0 -10 0.00 342.33 256.49 427.00 0.0035986
table 0 0 -10 87.93 266.50 193.35 415.98 0.0033852
table 0 0 -10 438.66 169.03 556.82 319.94 0.0033780
desk 0 0 -10 61.36 204.37 202.20 301.49 0.0032967
dresser 0 0 -10 174.73 343.20 554.60 427.00 0.0032048
bed 0 0 -10 1.36 305.14 165.47 427.00 0.0031801
bed 0 0 -10 26.73 250.00 555.47 423.01 0.0029929
table 0 0 -10 211.56 323.21 507.71 390.11 0.0029774
table 0 0 -10 542.31 266.66 560.58 343.05 0.0029155
sofa 0 0 -10 39.02 238.64 182.23 367.98 0.0028991
desk 0 0 -10 221.31 178.17 374.67 337.80 0.0028813
dresser 0 0 -10 438.98 165.63 561.00 334.18 0.0028046
toilet 0 0 -10 23.65 214.98 200.09 389.49 0.0027892
bed 0 0 -10 245.62 378.60 536.03 427.00 0.0027798
bathtub 0 0 -10 25.33 214.80 206.71 381.77 0.0025897
night_stand 0 0 -10 125.53 347.74 548.80 425.94 0.0025503
chair 0 0 -10 50.69 220.40 191.19 361.05 0.0024152
bed 0 0 -10 487.75 345.52 561.00 427.00 0.0022528
sofa 0 0 -10 1.72 211.13 102.74 349.69 0.0022139
desk 0 0 -10 0.83 264.29 176.37 424.29 0.0018963
bed 0 0 -10 52.27 215.59 202.87 361.13 0.0018625
table 0 0 -10 15.94 189.08 218.75 295.01 0.0018314
bed 0 0 -10 356.48 348.31 552.02 427.00 0.0017360
bed 0 0 -10 518.77 357.09 561.00 427.00 0.0016846
toilet 0 0 -10 195.53 342.79 552.17 426.88 0.0016404
chair 0 0 -10 45.83 172.83 193.98 314.03 0.0015619
night_stand 0 0 -10 455.64 225.81 560.34 352.29 0.0015540
sofa 0 0 -10 65.57 162.72 513.20 388.26 0.0015054
table 0 0 -10 3.13 281.77 149.01 427.00 0.0014830
table 0 0 -10 547.03 293.55 560.48 341.05 0.0014810
table 0 0 -10 527.58 241.67 560.02 354.45 0.0014472
dresser 0 0 -10 222.24 165.53 375.68 334.50 0.0014047
night_stand 0 0 -10 225.89 176.75 373.91 340.62 0.0012622
table 0 0 -10 2.29 210.42 81.62 291.04 0.0012568
toilet 0 0 -10 443.55 170.88 557.23 346.74 0.0012507
table 0 0 -10 33.82 214.97 95.38 280.40 0.0012383
bookshelf 0 0 -10 226.61 151.07 377.38 333.46 0.0012220
chair 0 0 -10 238.87 376.97 334.70 426.67 0.0011232
table 0 0 -10 543.01 319.27 559.71 339.84 0.0010727
table 0 0 -10 517.53 358.06 559.93 427.00 0.0010084
night_stand 0 0 -10 138.76 226.04 209.11 369.34 0.0010002
table 0 0 -10 34.56 199.14 150.09 291.46 0.0009854
sofa 0 0 -10 75.49 262.28 192.60 420.11 0.0009127
table 0 0 -10 204.02 362.62 437.76 427.00 0.0008945
chair 0 0 -10 177.26 358.86 377.91 427.00 0.0008688
chair 0 0 -10 34.20 210.66 119.07 267.80 0.0008650
bathtub 0 0 -10 444.83 188.84 558.09 343.17 0.0008463
chair 0 0 -10 95.51 168.77 195.92 277.78 0.0008111
chair 0 0 -10 452.94 236.69 556.57 353.12 0.0008058
table 0 0 -10 99.04 201.19 196.99 253.08 0.0007882
table 0 0 -10 501.77 282.23 557.18 338.67 0.0007118
table 0 0 -10 169.84 272.34 232.34 341.82 0.0007058
table 0 0 -10 127.91 259.28 546.06 407.46 0.0006823
toilet 0 0 -10 222.52 164.83 369.86 334.42 0.0006615
chair 0 0 -10 64.53 267.40 192.44 415.75 0.0006372
table 0 0 -10 309.62 334.78 531.82 420.91 0.0006359
table 0 0 -10 489.09 345.64 558.80 427.00 0.0006353
night_stand 0 0 -10 86.06 246.49 242.43 410.69 0.0006198
night_stand 0 0 -10 152.78 261.60 231.76 360.71 0.0006184
chair 0 0 -10 370.09 319.33 560.02 426.83 0.0005969
sofa 0 0 -10 443.00 243.45 560.22 363.58 0.0005645
chair 0 0 -10 518.83 357.08 561.00 427.00 0.0005623
chair 0 0 -10 109.26 225.21 205.51 366.80 0.0005527
