chair 0 0 -10 45.31 248.22 203.37 424.18 0.9561260
table 0 0 -10 62.65 152.43 555.67 422.87 0.9412524
chair 0 0 -10 51.59 169.14 202.46 374.09 0.9299578
chair 0 0 -10 272.27 139.10 393.13 290.22 0.9180647
chair 0 0 -10 330.40 163.12 484.95 304.40 0.8968967
chair 0 0 -10 353.31 201.60 556.83 344.83 0.8431266
chair 0 0 -10 162.23 115.09 272.64 228.38 0.8299426
chair 0 0 -10 175.83 124.94 263.87 163.00 0.8089349
chair 0 0 -10 245.82 141.39 385.22 222.70 0.5885900
chair 0 0 -10 348.94 173.02 475.44 256.00 0.5694050
chair 0 0 -10 408.79 208.25 561.00 301.02 0.5447482
desk 0 0 -10 212.74 93.95 282.82 143.20 0.4617274
chair 0 0 -10 154.74 123.10 276.12 178.62 0.4406871
chair 0 0 -10 52.95 165.92 109.26 348.86 0.4297364
chair 0 0 -10 165.94 127.22 325.94 300.81 0.4005052
chair 0 0 -10 303.88 182.01 509.89 397.25 0.3443728
chair 0 0 -10 52.26 235.64 183.34 346.17 0.3125417
chair 0 0 -10 280.65 147.46 376.37 195.31 0.3055142
chair 0 0 -10 69.93 158.18 172.59 307.10 0.2715961
chair 0 0 -10 264.23 146.35 458.24 339.47 0.2537195
chair 0 0 -10 51.62 196.61 314.84 419.57 0.2392529
table 0 0 -10 208.80 96.99 279.89 141.89 0.2169861
chair 0 0 -10 111.28 119.90 242.15 314.51 0.1954281
chair 0 0 -10 244.58 114.40 328.55 219.75 0.1615033
chair 0 0 -10 438.58 206.70 555.89 376.97 0.1603961
chair 0 0 -10 309.96 148.19 453.05 266.15 0.1489396
chair 0 0 -10 190.12 123.69 321.27 206.13 0.1416357
chair 0 0 -10 239.66 128.08 370.05 185.85 0.1334638
chair 0 0 -10 37.39 170.39 131.40 415.74 0.1270985
chair 0 0 -10 206.97 186.86 454.69 400.18 0.1168878
desk 0 0 -10 65.74 171.43 561.00 427.00 0.1074861
chair 0 0 -10 518.56 251.61 560.86 376.26 0.1017165
table 0 0 -10 243.14 213.44 542.45 419.94 0.0935090
chair 0 0 -10 220.70 99.19 355.90 255.60 0.0933970
chair 0 0 -10 64.15 189.36 103.62 316.87 0.0838091
chair 0 0 -10 299.39 138.02 394.51 208.70 0.0836525
desk 0 0 -10 129.01 84.28 286.08 150.27 0.0747884
chair 0 0 -10 237.49 83.55 300.81 149.55 0.0650291
table 0 0 -10 195.42 110.51 283.31 157.49 0.0646290
bookshelf 0 0 -10 230.35 0.00 310.32 93.08 0.0535320
chair 0 0 -10 198.74 116.11 288.45 158.63 0.0472942
desk 0 0 -10 190.35 107.52 302.27 158.81 0.0460048
chair 0 0 -10 489.08 220.38 561.00 399.38 0.0388817
chair 0 0 -10 245.98 101.80 316.96 162.44 0.0387393
chair 0 0 -10 375.19 177.24 461.49 232.56 0.0378784
desk 0 0 -10 324.24 245.25 558.15 418.86 0.0366922
chair 0 0 -10 265.77 133.75 351.90 207.33 0.0343353
chair 0 0 -10 211.59 82.41 277.35 147.29 0.0321092
desk 0 0 -10 126.51 88.48 377.24 173.63 0.0304928
bookshelf 0 0 -10 11.84 2.55 81.64 136.72 0.0281559
table 0 0 -10 212.16 127.27 312.05 160.92 0.0275126
bookshelf 0 0 -10 213.62 0.07 330.63 131.20 0.0259821
chair 0 0 -10 64.31 160.14 116.67 284.66 0.0256470
chair 0 0 -10 115.70 153.48 356.25 378.59 0.0237444
table 0 0 -10 99.30 152.36 452.62 335.19 0.0237055
table 0 0 -10 190.02 121.69 345.86 172.75 0.0232426
chair 0 0 -10 264.34 121.10 334.50 161.37 0.0224487
table 0 0 -10 184.34 109.44 399.81 189.45 0.0223160
chair 0 0 -10 245.51 130.81 314.22 161.60 0.0212949
table 0 0 -10 119.62 126.70 369.73 217.36 0.0210466
chair 0 0 -10 82.40 262.54 463.63 416.26 0.0204451
chair 0 0 -10 161.72 91.16 291.90 174.20 0.0182501
table 0 0 -10 192.71 97.51 318.08 150.84 0.0180366
desk 0 0 -10 212.06 86.69 320.54 154.76 0.0172416
chair 0 0 -10 140.33 111.57 325.89 185.32 0.0172315
table 0 0 -10 365.07 225.99 561.00 364.12 0.0169620
chair 0 0 -10 80.39 108.36 208.01 257.85 0.0168063
desk 0 0 -10 204.64 91.85 291.81 203.55 0.0166706
chair 0 0 -10 269.50 129.99 348.67 172.70 0.0155259
chair 0 0 -10 2.34 258.30 84.69 427.00 0.0138383
bookshelf 0 0 -10 232.95 3.13 413.21 113.67 0.0134308
bookshelf 0 0 -10 67.49 0.00 391.24 155.84 0.0129048
desk 0 0 -10 183.26 109.82 402.93 191.54 0.0120258
chair 0 0 -10 81.82 153.57 139.07 278.99 0.0119084
table 0 0 -10 267.22 114.88 391.69 182.78 0.0118271
table 0 0 -10 202.30 91.49 293.96 201.67 0.0114133
bookshelf 0 0 -10 131.07 0.39 294.11 110.86 0.0112685
table 0 0 -10 173.16 115.50 340.01 260.72 0.0111385
table 0 0 -10 97.15 88.08 339.27 158.67 0.0109396
chair 0 0 -10 204.96 130.12 308.62 167.65 0.0105516
chair 0 0 -10 47.93 201.94 95.23 322.41 0.0103371
table 0 0 -10 128.65 120.93 291.10 172.31 0.0099864
chair 0 0 -10 225.13 105.79 296.31 171.20 0.0098003
desk 0 0 -10 264.30 92.57 411.86 203.68 0.0093324
table 0 0 -10 331.93 189.80 556.44 306.82 0.0083537
desk 0 0 -10 90.47 139.92 451.19 348.33 0.0082001
chair 0 0 -10 461.83 211.89 557.12 269.21 0.0076284
table 0 0 -10 215.62 135.34 373.62 191.66 0.0075180
table 0 0 -10 518.62 257.10 561.00 365.15 0.0073246
desk 0 0 -10 190.77 121.95 343.46 173.23 0.0072021
table 0 0 -10 84.63 161.15 281.25 415.27 0.0071037
desk 0 0 -10 173.74 100.07 313.87 238.17 0.0068323
desk 0 0 -10 212.65 126.56 310.39 160.88 0.0065986
chair 0 0 -10 547.17 244.06 561.00 381.98 0.0063386
chair 0 0 -10 100.29 85.25 267.66 203.42 0.0062881
desk 0 0 -10 119.23 126.81 369.57 219.71 0.0060692
table 0 0 -10 436.64 244.66 561.00 411.11 0.0055659
chair 0 0 -10 28.93 207.55 97.93 411.25 0.0052240
chair 0 0 -10 27.07 302.38 274.49 427.00 0.0050252
desk 0 0 -10 213.78 83.87 269.61 123.90 0.0049424
