sofa 0 0 -10 81.23 137.73 247.92 217.23 0.9879011
chair 0 0 -10 61.75 168.43 183.17 329.07 0.9861714
chair 0 0 -10 373.44 120.18 485.70 368.89 0.9839193
chair 0 0 -10 434.03 169.31 558.18 416.99 0.9450276
chair 0 0 -10 354.95 109.65 441.26 313.37 0.7586325
chair 0 0 -10 295.66 141.85 377.91 252.41 0.5118910
chair 0 0 -10 419.44 130.49 502.74 356.53 0.5103476
table 0 0 -10 385.09 195.78 555.69 385.11 0.4850738
chair 0 0 -10 313.23 114.07 419.10 277.19 0.4814965
sofa 0 0 -10 63.84 153.27 222.67 268.73 0.4169783
chair 0 0 -10 274.28 138.68 349.26 231.20 0.3245889
sofa 0 0 -10 0.00 326.47 197.19 426.84 0.2442585
table 0 0 -10 459.75 178.19 561.00 411.96 0.1765125
chair 0 0 -10 438.08 126.68 554.15 320.81 0.1325489
table 0 0 -10 269.88 161.49 359.60 245.24 0.1309295
desk 0 0 -10 435.34 191.45 560.14 405.84 0.0963264
table 0 0 -10 129.39 193.68 218.36 231.56 0.0859912
chair 0 0 -10 5.32 299.70 208.68 423.82 0.0817522
table 0 0 -10 345.22 157.57 505.32 368.19 0.0807948
chair 0 0 -10 30.32 245.75 162.25 354.55 0.0640295
table 0 0 -10 423.74 173.63 516.46 397.77 0.0504099
chair 0 0 -10 403.49 124.72 433.87 303.86 0.0457543
table 0 0 -10 113.28 183.77 228.97 216.50 0.0447075
sofa 0 0 -10 261.75 143.02 351.85 219.08 0.0443071
sofa 0 0 -10 166.80 129.16 283.62 196.28 0.0421738
chair 0 0 -10 265.14 141.91 316.97 217.38 0.0412779
table 0 0 -10 92.36 176.35 233.45 310.14 0.0385366
table 0 0 -10 4.00 333.18 190.54 427.00 0.0379793
table 0 0 -10 272.04 165.64 555.76 408.11 0.0371717
chair 0 0 -10 413.34 135.45 441.63 316.57 0.0367032
chair 0 0 -10 480.88 230.05 559.53 417.51 0.0311302
chair 0 0 -10 290.12 164.36 368.45 221.96 0.0309984
chair 0 0 -10 63.09 161.35 158.23 270.02 0.0304319
table 0 0 -10 238.76 150.43 293.59 197.59 0.0299186
table 0 0 -10 259.16 149.21 347.05 220.28 0.0269228
sofa 0 0 -10 267.08 134.12 381.67 247.31 0.0247724
chair 0 0 -10 312.40 179.93 387.13 257.08 0.0205787
table 0 0 -10 113.32 188.74 257.78 262.85 0.0198146
sofa 0 0 -10 120.21 144.95 218.30 237.20 0.0193464
table 0 0 -10 91.94 169.17 240.14 234.77 0.0191239
chair 0 0 -10 274.84 120.45 479.07 251.02 0.0180954
chair 0 0 -10 329.39 191.35 537.75 427.00 0.0177496
desk 0 0 -10 497.04 217.81 558.67 410.70 0.0172735
desk 0 0 -10 269.14 152.04 348.50 234.55 0.0169512
chair 0 0 -10 338.87 141.89 381.37 244.01 0.0160222
table 0 0 -10 320.11 168.34 450.49 304.31 0.0150539
sofa 0 0 -10 238.47 129.85 292.64 197.72 0.0147135
table 0 0 -10 287.83 173.31 379.10 261.51 0.0146173
desk 0 0 -10 367.28 165.42 549.66 382.69 0.0134569
chair 0 0 -10 142.97 172.76 192.43 235.77 0.0133363
table 0 0 -10 237.24 143.56 314.03 213.35 0.0125961
bed 0 0 -10 8.78 323.88 221.36 427.00 0.0123149
desk 0 0 -10 89.84 173.65 232.19 314.60 0.0119099
table 0 0 -10 505.03 261.47 561.00 366.59 0.0115866
table 0 0 -10 478.48 184.44 561.00 300.64 0.0110063
chair 0 0 -10 526.32 255.67 559.58 374.33 0.0104698
chair 0 0 -10 18.35 197.01 181.63 407.63 0.0099237
sofa 0 0 -10 118.31 179.03 226.65 215.28 0.0096240
sofa 0 0 -10 110.17 136.72 242.41 177.83 0.0090759
chair 0 0 -10 385.49 126.05 427.34 279.40 0.0089561
chair 0 0 -10 271.36 138.31 341.31 188.76 0.0085379
table 0 0 -10 252.23 145.49 322.81 189.17 0.0082917
chair 0 0 -10 477.96 170.71 555.23 349.87 0.0082467
sofa 0 0 -10 35.62 195.86 180.71 363.31 0.0081279
sofa 0 0 -10 178.41 124.77 359.23 212.16 0.0076955
table 0 0 -10 280.18 174.82 367.46 223.70 0.0076313
chair 0 0 -10 81.28 151.32 134.46 236.11 0.0073430
desk 0 0 -10 10.51 325.32 197.11 425.98 0.0067835
sofa 0 0 -10 113.89 165.54 238.28 201.38 0.0066483
sofa 0 0 -10 141.69 176.51 208.74 228.61 0.0064042
table 0 0 -10 413.11 264.79 557.21 427.00 0.0063593
table 0 0 -10 41.65 187.00 535.40 422.04 0.0062954
desk 0 0 -10 377.59 156.29 461.67 365.75 0.0061988
sofa 0 0 -10 308.15 122.54 426.03 275.77 0.0061911
sofa 0 0 -10 6.78 249.51 229.82 424.46 0.0059215
desk 0 0 -10 279.58 169.53 382.10 266.59 0.0058422
bed 0 0 -10 80.57 136.64 246.78 219.63 0.0058261
table 0 0 -10 264.92 170.27 321.21 231.93 0.0056911
sofa 0 0 -10 269.35 137.85 343.34 186.47 0.0055967
chair 0 0 -10 91.69 154.14 215.12 237.09 0.0055782
table 0 0 -10 286.70 151.66 318.38 177.79 0.0054136
table 0 0 -10 290.38 147.11 510.57 294.51 0.0053925
sofa 0 0 -10 42.09 143.93 469.51 416.96 0.0053551
table 0 0 -10 252.04 145.09 387.95 256.95 0.0052555
chair 0 0 -10 364.49 140.45 393.79 261.59 0.0048929
chair 0 0 -10 262.51 122.81 395.66 232.10 0.0040599
bookshelf 0 0 -10 9.02 324.88 194.22 425.53 0.0040069
desk 0 0 -10 395.27 179.77 500.16 367.69 0.0038365
chair 0 0 -10 4.49 343.63 140.43 425.49 0.0037835
chair 0 0 -10 281.07 132.45 502.13 361.29 0.0037102
chair 0 0 -10 235.85 133.89 316.73 198.71 0.0036289
desk 0 0 -10 481.24 183.20 558.33 297.07 0.0036216
table 0 0 -10 91.79 189.71 415.59 336.90 0.0035454
sofa 0 0 -10 112.31 169.50 207.79 265.31 0.0034737
chair 0 0 -10 361.05 161.83 478.18 282.76 0.0034732
table 0 0 -10 369.29 142.06 446.95 341.00 0.0034131
desk 0 0 -10 349.72 150.30 439.87 314.58 0.0033765
bed 0 0 -10 235.99 277.09 439.26 427.00 0.0033402
sofa 0 0 -10 70.05 157.19 165.29 248.44 0.0032059
chair 0 0 -10 253.42 233.95 476.35 427.00 0.0030942
