chair 0 0 -10 14.52 309.27 222.48 426.19 0.9908710
chair 0 0 -10 428.10 216.54 520.95 401.92 0.9761969
chair 0 0 -10 166.42 223.13 298.33 407.27 0.9720451
chair 0 0 -10 365.34 247.31 496.15 421.20 0.9627270
chair 0 0 -10 254.89 195.68 365.71 375.57 0.8463674
chair 0 0 -10 401.83 184.24 491.46 273.33 0.8282027
table 0 0 -10 119.48 214.54 507.93 425.34 0.8078502
chair 0 0 -10 309.55 190.55 387.30 302.52 0.7319061
chair 0 0 -10 212.51 208.72 330.53 404.24 0.7230869
chair 0 0 -10 264.72 188.69 411.69 322.98 0.5927407
chair 0 0 -10 278.77 194.70 398.56 258.02 0.5786731
chair 0 0 -10 268.68 195.74 358.54 243.53 0.5182924
chair 0 0 -10 260.19 187.83 361.89 288.70 0.4875207
chair 0 0 -10 474.84 230.67 511.85 384.16 0.4795129
chair 0 0 -10 246.37 250.69 435.86 422.02 0.4022728
chair 0 0 -10 420.56 191.85 501.97 337.16 0.3969923
chair 0 0 -10 241.05 192.10 332.73 334.57 0.3380429
chair 0 0 -10 146.74 224.81 248.31 384.14 0.3017002
chair 0 0 -10 366.76 188.71 485.45 328.89 0.2744068
chair 0 0 -10 300.02 195.29 341.89 232.67 0.2406782
chair 0 0 -10 442.37 249.08 488.26 391.78 0.2380996
chair 0 0 -10 329.24 193.04 389.40 268.83 0.2300558
desk 0 0 -10 130.01 229.03 488.29 427.00 0.2286717
chair 0 0 -10 301.93 193.27 359.87 261.67 0.2185009
chair 0 0 -10 391.31 188.71 485.03 235.20 0.2136749
chair 0 0 -10 171.04 218.20 269.43 334.71 0.1573425
chair 0 0 -10 317.61 187.82 453.50 320.46 0.1474010
chair 0 0 -10 410.84 191.18 481.15 215.86 0.1232586
table 0 0 -10 288.70 196.09 511.71 306.09 0.1012913
chair 0 0 -10 217.82 192.85 313.36 299.19 0.0846664
desk 0 0 -10 270.50 202.66 490.57 404.02 0.0843379
chair 0 0 -10 260.66 203.12 325.40 238.67 0.0708115
chair 0 0 -10 177.39 219.36 287.89 285.28 0.0618884
chair 0 0 -10 93.56 265.17 271.53 411.77 0.0611732
table 0 0 -10 269.85 199.97 488.89 394.42 0.0607531
chair 0 0 -10 319.64 212.96 468.60 382.27 0.0593843
desk 0 0 -10 325.03 195.91 484.82 296.22 0.0546626
chair 0 0 -10 455.35 241.41 500.34 372.97 0.0536713
chair 0 0 -10 341.63 189.22 400.05 247.91 0.0523355
chair 0 0 -10 360.02 184.50 476.04 257.85 0.0510086
chair 0 0 -10 339.40 182.90 416.92 274.09 0.0504558
chair 0 0 -10 318.12 205.29 358.54 244.75 0.0500454
chair 0 0 -10 494.47 223.32 521.88 376.15 0.0429295
chair 0 0 -10 155.79 194.83 381.52 419.98 0.0399772
chair 0 0 -10 474.66 246.13 492.45 332.82 0.0376795
chair 0 0 -10 276.37 195.56 335.33 228.07 0.0374635
chair 0 0 -10 437.83 182.99 489.86 298.82 0.0285825
chair 0 0 -10 435.11 244.17 496.06 333.86 0.0270724
table 0 0 -10 110.57 256.09 348.17 421.67 0.0226747
chair 0 0 -10 258.80 197.69 321.45 266.38 0.0190900
chair 0 0 -10 481.41 206.00 529.03 364.78 0.0190336
table 0 0 -10 320.49 253.29 495.16 420.72 0.0178456
chair 0 0 -10 334.04 196.19 365.07 238.87 0.0169608
chair 0 0 -10 472.03 244.68 485.06 319.99 0.0169056
chair 0 0 -10 379.65 178.51 449.05 244.39 0.0128244
desk 0 0 -10 314.25 263.67 499.05 427.00 0.0128052
chair 0 0 -10 190.91 200.91 308.76 260.92 0.0126116
table 0 0 -10 335.85 191.45 497.12 270.36 0.0121333
chair 0 0 -10 366.78 175.32 405.60 250.57 0.0101726
table 0 0 -10 7.58 330.60 199.04 427.00 0.0094492
desk 0 0 -10 261.38 215.98 386.93 345.82 0.0093441
chair 0 0 -10 397.68 171.39 523.59 299.57 0.0093349
chair 0 0 -10 459.26 228.39 511.65 319.00 0.0087015
chair 0 0 -10 475.76 246.46 489.34 299.24 0.0067729
table 0 0 -10 194.57 220.06 365.97 410.72 0.0065118
chair 0 0 -10 352.80 196.11 371.57 245.12 0.0057601
chair 0 0 -10 514.03 229.56 521.73 363.56 0.0057232
table 0 0 -10 436.52 253.24 524.15 417.33 0.0056815
chair 0 0 -10 417.07 231.46 490.07 307.53 0.0056334
table 0 0 -10 258.32 216.28 392.40 345.46 0.0055589
table 0 0 -10 266.31 195.64 353.00 244.44 0.0051461
chair 0 0 -10 439.84 187.66 503.74 254.52 0.0049066
chair 0 0 -10 444.60 183.61 526.64 277.75 0.0048015
chair 0 0 -10 462.37 189.77 484.45 258.12 0.0047855
chair 0 0 -10 255.31 174.08 472.53 256.63 0.0044721
table 0 0 -10 28.20 318.75 338.31 420.17 0.0043985
desk 0 0 -10 439.46 248.62 524.42 420.22 0.0043332
chair 0 0 -10 443.45 210.94 508.28 291.13 0.0043140
chair 0 0 -10 421.46 251.54 479.69 364.62 0.0041517
chair 0 0 -10 180.13 222.70 250.83 264.25 0.0040560
table 0 0 -10 269.44 198.86 418.50 267.13 0.0039778
chair 0 0 -10 4.10 196.97 228.14 426.59 0.0039366
desk 0 0 -10 117.15 253.62 339.16 422.49 0.0037838
table 0 0 -10 58.58 266.35 247.87 421.31 0.0036690
table 0 0 -10 300.30 200.48 351.58 236.76 0.0032798
desk 0 0 -10 200.25 219.46 359.61 409.42 0.0032005
desk 0 0 -10 271.74 199.91 411.88 268.24 0.0026467
desk 0 0 -10 295.94 206.16 435.89 317.83 0.0026302
table 0 0 -10 273.06 190.91 406.81 237.65 0.0024270
table 0 0 -10 446.84 250.85 486.74 396.29 0.0023850
chair 0 0 -10 179.88 191.48 382.53 298.64 0.0023554
table 0 0 -10 301.82 202.76 413.16 321.80 0.0022789
sofa 0 0 -10 265.02 192.58 352.13 243.05 0.0022431
table 0 0 -10 392.22 249.73 512.71 389.82 0.0020461
chair 0 0 -10 470.19 241.17 504.23 296.95 0.0020407
chair 0 0 -10 0.00 266.78 120.24 418.12 0.0020178
chair 0 0 -10 465.38 246.59 486.81 279.02 0.0019705
chair 0 0 -10 446.13 216.80 464.41 252.11 0.0019535
table 0 0 -10 205.67 189.84 373.37 321.34 0.0019223
table 0 0 -10 343.34 192.20 418.98 251.87 0.0018033
