dresser 0 0 -10 122.61 179.10 361.41 427.00 0.6251911
desk 0 0 -10 106.06 161.15 393.99 427.00 0.3383650
sofa 0 0 -10 509.16 163.15 560.44 422.65 0.3265740
chair 0 0 -10 494.34 141.63 560.63 421.86 0.2691673
table 0 0 -10 111.96 176.27 357.54 426.34 0.1300351
night_stand 0 0 -10 104.30 165.73 369.76 424.41 0.1039721
chair 0 0 -10 435.04 178.65 558.36 424.22 0.0899089
sofa 0 0 -10 521.50 174.30 561.00 323.22 0.0806285
sofa 0 0 -10 460.68 163.66 559.42 409.71 0.0621051
chair 0 0 -10 294.04 185.20 561.00 427.00 0.0234704
bed 0 0 -10 102.65 147.20 370.33 427.00 0.0175049
sofa 0 0 -10 334.84 166.94 558.13 427.00 0.0165751
table 0 0 -10 494.91 156.94 559.89 422.15 0.0104976
bookshelf 0 0 -10 110.21 110.41 366.23 420.88 0.0091438
desk 0 0 -10 197.43 142.37 514.21 427.00 0.0068350
chair 0 0 -10 110.00 223.51 279.53 427.00 0.0067918
chair 0 0 -10 522.28 147.42 561.00 382.88 0.0061883
sofa 0 0 -10 544.64 147.59 560.62 426.92 0.0059085
table 0 0 -10 523.99 168.53 559.71 405.28 0.0058135
dresser 0 0 -10 69.93 28.23 374.89 409.52 0.0056940
sofa 0 0 -10 501.91 210.83 559.77 333.68 0.0056221
desk 0 0 -10 204.20 146.46 368.62 386.26 0.0055755
table 0 0 -10 308.04 155.36 540.54 427.00 0.0054305
chair 0 0 -10 144.89 166.33 433.01 427.00 0.0050412
bed 0 0 -10 494.57 147.66 561.00 421.88 0.0042413
table 0 0 -10 442.13 155.45 552.99 402.90 0.0037558
table 0 0 -10 161.47 178.67 283.06 236.39 0.0031621
desk 0 0 -10 500.03 201.16 559.86 425.00 0.0030491
chair 0 0 -10 0.00 267.07 177.22 427.00 0.0027608
desk 0 0 -10 208.07 153.25 367.26 275.55 0.0026960
dresser 0 0 -10 206.73 154.51 366.27 381.25 0.0024964
chair 0 0 -10 473.99 195.94 560.72 331.55 0.0024787
chair 0 0 -10 468.34 245.85 558.64 386.11 0.0022147
dresser 0 0 -10 60.54 181.61 270.07 423.65 0.0021752
chair 0 0 -10 505.36 9.23 561.00 273.72 0.0021308
table 0 0 -10 57.96 398.22 294.34 426.41 0.0021244
table 0 0 -10 208.37 154.75 367.15 275.35 0.0020436
chair 0 0 -10 149.30 133.40 278.41 272.21 0.0020070
dresser 0 0 -10 159.74 201.11 274.91 422.71 0.0019888
sofa 0 0 -10 120.71 165.79 410.53 427.00 0.0018622
table 0 0 -10 495.81 19.65 560.31 348.62 0.0018566
night_stand 0 0 -10 156.55 197.90 279.86 417.60 0.0016872
bookshelf 0 0 -10 117.21 202.63 290.57 427.00 0.0016533
toilet 0 0 -10 503.04 121.24 561.00 407.70 0.0015992
desk 0 0 -10 288.64 132.28 526.19 331.52 0.0015876
chair 0 0 -10 88.26 385.06 263.02 426.89 0.0015546
chair 0 0 -10 353.77 279.24 558.29 425.17 0.0014904
table 0 0 -10 218.47 157.16 371.92 381.79 0.0014868
chair 0 0 -10 42.88 328.46 281.50 427.00 0.0014233
dresser 0 0 -10 494.55 151.43 560.58 419.77 0.0014005
toilet 0 0 -10 113.08 151.96 369.86 427.00 0.0013912
table 0 0 -10 1.53 253.57 162.00 427.00 0.0012430
bathtub 0 0 -10 114.31 153.76 384.38 410.75 0.0012046
dresser 0 0 -10 90.78 278.37 313.49 425.37 0.0011982
bathtub 0 0 -10 493.39 152.04 561.00 418.54 0.0011939
bed 0 0 -10 1.26 0.00 398.41 392.97 0.0011549
night_stand 0 0 -10 167.13 179.06 269.87 249.84 0.0011531
table 0 0 -10 112.25 294.31 284.72 427.00 0.0011130
bookshelf 0 0 -10 487.91 159.91 560.22 399.85 0.0010979
bed 0 0 -10 56.68 398.52 296.12 427.00 0.0010791
chair 0 0 -10 202.03 134.11 270.58 252.64 0.0010725
night_stand 0 0 -10 212.29 157.01 352.41 325.00 0.0010376
table 0 0 -10 108.49 378.66 288.14 426.59 0.0010007
chair 0 0 -10 6.27 393.92 224.21 427.00 0.0009311
chair 0 0 -10 177.93 147.00 240.74 249.72 0.0008789
desk 0 0 -10 447.65 157.23 554.65 403.67 0.0008739
sofa 0 0 -10 523.98 239.84 560.65 317.45 0.0008697
toilet 0 0 -10 456.11 164.87 560.01 407.67 0.0008697
table 0 0 -10 249.13 152.55 451.19 408.76 0.0008624
desk 0 0 -10 155.96 190.39 278.80 420.65 0.0008465
sofa 0 0 -10 552.45 152.87 560.73 408.74 0.0008405
desk 0 0 -10 524.67 166.44 559.93 402.64 0.0008354
bathtub 0 0 -10 513.77 10.89 558.02 217.96 0.0007823
bed 0 0 -10 324.30 159.15 556.04 427.00 0.0007586
bathtub 0 0 -10 496.79 11.81 561.00 332.72 0.0007485
desk 0 0 -10 77.65 323.71 335.79 424.28 0.0007471
chair 0 0 -10 519.62 239.01 561.00 423.48 0.0007400
chair 0 0 -10 205.67 141.72 249.92 196.69 0.0007239
table 0 0 -10 159.41 196.12 276.88 421.39 0.0006870
bathtub 0 0 -10 3.73 267.94 166.01 427.00 0.0006664
desk 0 0 -10 56.01 398.32 301.64 426.20 0.0006557
bathtub 0 0 -10 46.12 397.62 298.48 427.00 0.0006518
chair 0 0 -10 206.00 140.08 310.04 272.52 0.0006509
chair 0 0 -10 489.69 139.80 560.10 276.45 0.0006508
night_stand 0 0 -10 126.26 203.51 219.20 418.86 0.0006480
table 0 0 -10 97.41 73.44 434.69 412.14 0.0006418
table 0 0 -10 182.35 163.21 341.72 241.94 0.0006272
table 0 0 -10 175.44 191.97 260.44 248.25 0.0006037
desk 0 0 -10 320.54 175.47 541.50 424.83 0.0006012
dresser 0 0 -10 513.18 7.98 557.43 215.65 0.0005925
chair 0 0 -10 89.97 242.24 209.41 427.00 0.0005739
table 0 0 -10 511.78 14.16 557.82 220.32 0.0005624
toilet 0 0 -10 512.60 19.81 557.81 233.87 0.0005516
night_stand 0 0 -10 494.83 161.80 561.00 421.61 0.0005495
table 0 0 -10 474.51 206.10 557.14 319.40 0.0005471
dresser 0 0 -10 497.94 7.16 560.81 347.37 0.0005446
chair 0 0 -10 0.31 211.49 70.33 427.00 0.0005388
bookshelf 0 0 -10 507.95 0.56 559.10 261.40 0.0005306
chair 0 0 -10 218.64 130.56 359.34 309.75 0.0005262
table 0 0 -10 121.25 407.21 260.61 427.00 0.0004907
