chair 0 0 -10 330.00 181.95 419.33 353.93 0.9835005
chair 0 0 -10 473.27 224.09 559.34 426.12 0.9666029
chair 0 0 -10 360.63 198.72 452.79 371.96 0.8741959
chair 0 0 -10 413.16 216.19 545.88 423.53 0.8066399
chair 0 0 -10 400.46 206.98 469.85 392.05 0.7661229
table 0 0 -10 348.44 205.17 553.56 402.81 0.7340335
bookshelf 0 0 -10 3.26 4.32 160.34 421.14 0.6082232
chair 0 0 -10 476.21 186.06 556.96 337.51 0.3699149
chair 0 0 -10 499.26 180.09 556.66 284.38 0.2429355
chair 0 0 -10 159.32 156.82 204.50 216.96 0.1942270
table 0 0 -10 312.32 128.29 466.48 292.74 0.1491533
desk 0 0 -10 348.62 198.97 554.92 416.13 0.1407458
chair 0 0 -10 343.64 195.17 529.49 374.96 0.1288031
desk 0 0 -10 309.46 126.08 472.21 291.84 0.1082286
chair 0 0 -10 414.77 208.54 443.32 364.32 0.0959668
chair 0 0 -10 386.47 170.34 451.30 300.67 0.0893734
chair 0 0 -10 376.66 199.55 418.31 324.98 0.0886671
table 0 0 -10 459.58 234.82 556.48 427.00 0.0829915
chair 0 0 -10 435.35 217.47 465.93 369.35 0.0822416
table 0 0 -10 372.69 210.08 495.71 373.19 0.0724003
chair 0 0 -10 362.96 176.82 434.98 311.87 0.0692740
dresser 0 0 -10 0.43 11.38 167.77 424.01 0.0538549
chair 0 0 -10 432.56 217.05 500.27 374.04 0.0521313
desk 0 0 -10 478.96 248.49 559.58 427.00 0.0495004
table 0 0 -10 190.01 160.44 260.50 225.51 0.0480160
chair 0 0 -10 394.58 168.41 432.94 279.76 0.0429985
desk 0 0 -10 329.17 161.91 462.05 352.82 0.0300955
desk 0 0 -10 191.58 159.13 263.06 225.60 0.0280610
table 0 0 -10 353.25 193.67 437.06 340.90 0.0278347
table 0 0 -10 3.92 290.88 149.94 426.75 0.0268207
chair 0 0 -10 449.76 219.92 479.15 384.70 0.0254922
chair 0 0 -10 386.10 174.39 431.63 205.49 0.0251504
chair 0 0 -10 164.99 159.61 199.76 197.29 0.0241279
chair 0 0 -10 446.53 184.25 548.65 292.76 0.0229562
chair 0 0 -10 420.64 213.31 458.09 346.63 0.0221185
desk 0 0 -10 364.21 216.38 485.69 390.28 0.0206535
chair 0 0 -10 347.24 191.60 390.74 326.78 0.0202625
chair 0 0 -10 410.01 187.56 444.36 303.33 0.0195721
table 0 0 -10 344.97 177.19 518.55 337.26 0.0194072
chair 0 0 -10 503.88 181.85 555.72 229.73 0.0183928
chair 0 0 -10 400.43 197.87 431.49 348.77 0.0172968
chair 0 0 -10 7.50 192.77 164.13 422.20 0.0163424
chair 0 0 -10 524.36 214.25 560.67 285.47 0.0160981
chair 0 0 -10 321.62 169.40 390.69 302.32 0.0149133
table 0 0 -10 319.59 142.08 450.53 236.88 0.0146351
chair 0 0 -10 331.64 179.90 370.07 329.46 0.0140702
table 0 0 -10 419.24 224.13 529.26 414.78 0.0126742
table 0 0 -10 162.98 170.38 207.01 221.89 0.0125119
chair 0 0 -10 342.50 176.05 450.02 262.81 0.0113721
chair 0 0 -10 1.03 305.81 183.27 426.28 0.0111813
desk 0 0 -10 321.41 145.40 451.17 232.60 0.0109916
chair 0 0 -10 522.68 158.77 560.16 346.87 0.0097587
bed 0 0 -10 0.00 0.00 160.83 427.00 0.0095456
bookshelf 0 0 -10 324.50 138.03 446.26 327.88 0.0092704
chair 0 0 -10 277.34 215.89 552.92 425.76 0.0089974
chair 0 0 -10 461.49 242.44 492.72 378.34 0.0089561
table 0 0 -10 1.76 23.48 164.26 408.22 0.0087043
table 0 0 -10 376.79 200.62 418.41 320.56 0.0086074
table 0 0 -10 168.99 161.26 230.94 216.27 0.0083709
bookshelf 0 0 -10 8.10 7.97 291.24 302.85 0.0079208
chair 0 0 -10 371.70 169.72 435.25 225.78 0.0078424
table 0 0 -10 345.65 154.33 437.39 292.40 0.0077996
bookshelf 0 0 -10 1.95 7.95 78.67 353.40 0.0075761
chair 0 0 -10 454.10 183.30 558.64 236.83 0.0074128
desk 0 0 -10 419.03 245.37 545.47 427.00 0.0067858
chair 0 0 -10 436.79 228.88 479.81 315.80 0.0066401
chair 0 0 -10 411.53 189.57 491.05 290.74 0.0065104
table 0 0 -10 192.54 187.37 255.64 222.77 0.0060916
desk 0 0 -10 1.11 12.69 170.08 415.31 0.0060232
desk 0 0 -10 354.44 193.34 434.67 343.18 0.0058768
chair 0 0 -10 413.46 209.72 461.76 293.35 0.0056560
chair 0 0 -10 363.47 132.41 484.07 325.73 0.0055581
table 0 0 -10 526.75 211.32 560.31 417.47 0.0050584
sofa 0 0 -10 328.55 192.47 561.00 420.58 0.0050485
chair 0 0 -10 282.23 196.80 429.79 386.24 0.0044376
bookshelf 0 0 -10 96.58 11.65 138.25 358.70 0.0043466
table 0 0 -10 422.56 210.45 453.20 366.71 0.0040034
chair 0 0 -10 166.79 155.83 185.54 200.82 0.0039026
chair 0 0 -10 409.96 217.65 421.75 288.77 0.0038910
bookshelf 0 0 -10 4.62 11.54 25.02 385.64 0.0036721
sofa 0 0 -10 431.23 222.27 558.75 425.59 0.0036580
chair 0 0 -10 394.88 216.06 437.23 296.21 0.0036099
sofa 0 0 -10 329.42 174.76 456.37 351.12 0.0035679
desk 0 0 -10 455.32 203.48 551.86 392.54 0.0031794
desk 0 0 -10 162.53 168.37 206.41 223.55 0.0031415
dresser 0 0 -10 477.35 242.23 560.54 427.00 0.0031061
chair 0 0 -10 452.18 246.67 465.65 312.78 0.0030965
chair 0 0 -10 301.99 140.92 412.88 321.44 0.0030625
chair 0 0 -10 387.82 219.47 512.52 342.77 0.0030573
desk 0 0 -10 340.10 154.49 443.78 279.94 0.0030036
chair 0 0 -10 162.49 152.04 175.82 211.06 0.0029892
table 0 0 -10 359.77 195.36 533.69 264.46 0.0029725
chair 0 0 -10 329.99 181.34 386.76 260.84 0.0029536
dresser 0 0 -10 312.47 127.07 468.61 303.64 0.0029486
desk 0 0 -10 1.39 204.35 165.22 425.05 0.0029084
table 0 0 -10 435.98 218.82 465.96 370.40 0.0029033
bookshelf 0 0 -10 289.74 118.51 467.14 249.05 0.0028127
desk 0 0 -10 167.63 159.99 230.67 218.69 0.0026977
chair 0 0 -10 445.72 254.84 469.19 297.08 0.0024349
table 0 0 -10 498.27 198.21 559.93 368.95 0.0023388
