chair 0 0 -10 239.81 93.53 321.75 172.95 0.9713138
chair 0 0 -10 64.96 142.97 285.83 413.42 0.9533237
chair 0 0 -10 192.87 113.56 293.86 205.29 0.9466863
chair 0 0 -10 487.97 108.53 559.48 273.65 0.9099723
chair 0 0 -10 348.92 69.98 447.93 236.50 0.8926449
table 0 0 -10 58.08 118.03 560.87 426.38 0.8902085
chair 0 0 -10 370.72 76.85 444.62 129.79 0.8739815
chair 0 0 -10 62.06 151.83 273.20 293.32 0.8254517
chair 0 0 -10 447.38 87.80 550.56 247.04 0.4872300
chair 0 0 -10 207.70 91.26 352.42 218.75 0.4744826
desk 0 0 -10 51.46 120.90 557.92 427.00 0.4171143
chair 0 0 -10 434.62 96.70 561.00 366.11 0.3734219
chair 0 0 -10 148.45 110.16 323.16 295.29 0.2987416
chair 0 0 -10 359.41 71.69 447.93 163.59 0.2259168
chair 0 0 -10 352.31 95.77 538.82 243.21 0.1987895
chair 0 0 -10 482.43 87.07 552.48 206.29 0.1776911
chair 0 0 -10 83.73 129.32 361.11 328.11 0.1414831
chair 0 0 -10 329.79 110.77 555.87 384.24 0.1235149
chair 0 0 -10 182.50 101.38 397.90 256.12 0.1187385
chair 0 0 -10 520.71 115.97 560.61 262.19 0.1117384
chair 0 0 -10 213.34 104.24 276.47 181.28 0.0779035
sofa 0 0 -10 490.18 109.62 560.56 340.63 0.0735180
table 0 0 -10 157.68 126.43 488.02 312.47 0.0645604
chair 0 0 -10 414.38 86.14 545.29 184.91 0.0551546
table 0 0 -10 261.39 119.62 462.78 266.80 0.0313033
sofa 0 0 -10 54.28 118.96 538.62 425.43 0.0312564
bed 0 0 -10 48.97 102.60 542.43 427.00 0.0261628
chair 0 0 -10 483.69 147.88 561.00 368.29 0.0248002
chair 0 0 -10 160.23 108.48 271.15 241.18 0.0234881
table 0 0 -10 503.19 126.82 559.64 322.13 0.0209136
chair 0 0 -10 466.62 95.66 538.28 173.92 0.0161736
chair 0 0 -10 505.71 104.37 554.52 229.71 0.0159246
sofa 0 0 -10 478.23 177.65 560.88 271.57 0.0155666
chair 0 0 -10 512.42 85.58 560.26 171.02 0.0149406
sofa 0 0 -10 528.85 142.08 560.14 378.12 0.0146588
chair 0 0 -10 52.02 97.77 437.51 388.56 0.0146140
chair 0 0 -10 124.43 126.58 253.90 262.22 0.0139643
chair 0 0 -10 290.13 91.59 447.81 278.93 0.0137151
table 0 0 -10 315.98 119.44 558.82 422.30 0.0130335
table 0 0 -10 265.30 104.16 492.10 194.88 0.0128144
sofa 0 0 -10 427.57 152.57 558.21 420.67 0.0120409
chair 0 0 -10 38.81 198.94 221.56 426.92 0.0120298
table 0 0 -10 451.79 132.98 557.15 350.30 0.0118919
chair 0 0 -10 527.90 134.90 560.93 366.58 0.0102107
table 0 0 -10 322.54 130.89 546.30 275.85 0.0101097
chair 0 0 -10 158.41 164.76 527.34 421.06 0.0092155
desk 0 0 -10 118.81 139.20 454.77 361.01 0.0088609
chair 0 0 -10 530.52 167.20 561.00 293.05 0.0085930
chair 0 0 -10 306.79 91.33 437.77 203.10 0.0083473
desk 0 0 -10 504.83 127.65 559.50 321.41 0.0078365
table 0 0 -10 368.42 80.91 444.62 130.71 0.0067327
table 0 0 -10 490.48 148.28 558.92 412.44 0.0066214
desk 0 0 -10 333.13 129.49 557.14 409.24 0.0065228
dresser 0 0 -10 53.52 126.54 543.59 427.00 0.0059631
desk 0 0 -10 199.54 128.04 528.40 293.83 0.0051759
sofa 0 0 -10 505.72 170.08 559.74 411.84 0.0048212
table 0 0 -10 462.91 144.32 551.47 252.11 0.0046369
table 0 0 -10 235.46 117.64 396.74 210.19 0.0044754
desk 0 0 -10 465.34 136.91 559.03 401.82 0.0044413
chair 0 0 -10 94.92 64.32 365.60 262.53 0.0044371
chair 0 0 -10 51.96 128.40 165.99 278.12 0.0044219
chair 0 0 -10 340.71 77.59 500.17 183.87 0.0044146
table 0 0 -10 181.79 114.14 401.95 255.20 0.0040343
table 0 0 -10 202.72 112.75 322.89 199.09 0.0038246
chair 0 0 -10 33.21 291.51 191.94 427.00 0.0037182
dresser 0 0 -10 430.23 157.11 557.38 421.52 0.0036897
table 0 0 -10 472.63 180.02 557.39 271.10 0.0036066
table 0 0 -10 236.72 97.75 291.11 176.89 0.0035752
chair 0 0 -10 538.73 93.74 560.12 258.18 0.0035700
table 0 0 -10 97.81 141.84 390.35 387.15 0.0033127
table 0 0 -10 9.80 286.75 103.35 425.44 0.0030323
desk 0 0 -10 335.89 128.98 547.00 277.29 0.0030147
table 0 0 -10 59.33 261.67 285.86 427.00 0.0030146
bookshelf 0 0 -10 58.86 121.74 542.05 427.00 0.0028734
table 0 0 -10 528.56 152.03 560.04 382.09 0.0028056
bed 0 0 -10 421.47 144.89 561.00 423.51 0.0026797
table 0 0 -10 322.98 106.23 446.11 223.41 0.0026593
table 0 0 -10 126.05 141.30 295.72 272.75 0.0026277
dresser 0 0 -10 504.89 123.50 560.62 316.63 0.0025092
table 0 0 -10 48.71 268.07 171.19 427.00 0.0023746
table 0 0 -10 315.64 87.93 461.86 181.24 0.0023445
chair 0 0 -10 50.93 96.64 307.41 229.29 0.0022771
desk 0 0 -10 475.74 118.68 554.66 283.03 0.0022675
table 0 0 -10 238.84 105.83 341.01 177.90 0.0022116
desk 0 0 -10 224.52 122.13 390.04 262.20 0.0021764
bed 0 0 -10 502.57 116.45 561.00 316.77 0.0021039
table 0 0 -10 517.28 209.07 559.90 424.31 0.0021021
chair 0 0 -10 532.87 97.87 560.88 171.82 0.0020759
chair 0 0 -10 40.33 102.78 124.69 264.66 0.0020585
chair 0 0 -10 159.78 80.18 218.66 233.93 0.0020242
table 0 0 -10 522.82 88.96 560.45 282.64 0.0019002
chair 0 0 -10 547.55 85.73 561.00 317.36 0.0018730
desk 0 0 -10 269.51 115.41 457.11 269.94 0.0018587
chair 0 0 -10 90.26 225.83 432.23 419.84 0.0018516
dresser 0 0 -10 505.17 180.13 559.90 411.61 0.0018378
chair 0 0 -10 554.08 100.66 561.00 251.40 0.0017633
chair 0 0 -10 27.07 330.89 288.83 427.00 0.0017006
table 0 0 -10 65.58 301.78 538.12 425.57 0.0016752
night_stand 0 0 -10 67.88 132.55 543.73 427.00 0.0016520
chair 0 0 -10 4.60 288.65 109.50 424.67 0.0014849
