chair 0 0 -10 399.18 269.11 561.00 426.03 0.9844863
desk 0 0 -10 201.97 169.60 554.88 409.08 0.9572384
night_stand 0 0 -10 0.43 130.54 37.68 228.34 0.2674683
desk 0 0 -10 8.77 32.40 318.22 414.05 0.2373535
dresser 0 0 -10 0.73 134.71 36.07 227.14 0.2114726
table 0 0 -10 202.32 172.09 561.00 383.58 0.1751811
desk 0 0 -10 42.06 81.39 561.00 423.83 0.1510074
desk 0 0 -10 3.09 119.46 75.85 231.66 0.1470518
desk 0 0 -10 0.45 67.33 105.36 246.23 0.1139441
dresser 0 0 -10 5.17 61.11 80.43 228.56 0.1061603
chair 0 0 -10 493.79 284.59 561.00 426.95 0.1013783
dresser 0 0 -10 0.46 68.67 40.69 218.19 0.0852842
chair 0 0 -10 441.79 167.55 561.00 360.58 0.0823282
chair 0 0 -10 530.53 297.66 561.00 420.49 0.0555007
desk 0 0 -10 2.26 54.88 198.57 338.63 0.0510506
dresser 0 0 -10 12.61 22.85 290.44 411.78 0.0467055
desk 0 0 -10 316.81 158.29 560.49 315.48 0.0467006
chair 0 0 -10 487.54 193.76 560.88 329.45 0.0442450
desk 0 0 -10 216.91 166.97 556.78 242.47 0.0381083
table 0 0 -10 0.00 70.86 106.87 246.27 0.0332909
chair 0 0 -10 0.45 54.61 87.88 190.79 0.0312113
chair 0 0 -10 407.53 250.80 556.23 349.04 0.0259357
desk 0 0 -10 0.69 75.01 53.30 332.26 0.0239445
table 0 0 -10 9.03 24.96 203.89 388.46 0.0238279
table 0 0 -10 502.34 292.51 561.00 427.00 0.0237168
desk 0 0 -10 411.03 191.64 560.29 329.32 0.0214262
chair 0 0 -10 387.58 156.13 543.94 318.11 0.0195504
table 0 0 -10 438.42 289.86 557.83 427.00 0.0186168
table 0 0 -10 353.40 199.02 561.00 376.66 0.0183320
chair 0 0 -10 544.74 308.68 561.00 420.19 0.0178162
table 0 0 -10 1.62 126.23 88.63 233.82 0.0172450
desk 0 0 -10 0.11 124.76 40.04 233.57 0.0168952
bookshelf 0 0 -10 23.22 20.62 343.75 425.35 0.0160367
chair 0 0 -10 362.16 195.02 540.35 396.15 0.0139679
desk 0 0 -10 493.24 183.39 561.00 302.56 0.0139018
desk 0 0 -10 366.01 212.45 561.00 413.40 0.0115967
dresser 0 0 -10 5.01 128.53 56.86 248.57 0.0108303
dresser 0 0 -10 1.10 58.99 52.93 328.33 0.0107227
night_stand 0 0 -10 3.35 133.75 67.74 229.97 0.0104855
table 0 0 -10 1.20 136.74 50.25 229.52 0.0096901
chair 0 0 -10 463.92 253.24 561.00 334.06 0.0096638
table 0 0 -10 303.28 160.68 561.00 315.45 0.0092289
desk 0 0 -10 195.50 168.73 361.69 421.32 0.0089527
chair 0 0 -10 520.81 166.20 561.00 383.72 0.0085500
table 0 0 -10 41.64 81.28 539.89 413.18 0.0082610
chair 0 0 -10 0.00 65.96 48.03 192.58 0.0079853
chair 0 0 -10 267.00 180.76 459.21 419.83 0.0073600
desk 0 0 -10 477.33 187.84 560.02 405.98 0.0073011
table 0 0 -10 4.69 112.31 70.89 317.10 0.0068692
table 0 0 -10 545.07 311.17 560.72 419.78 0.0065127
chair 0 0 -10 0.93 102.28 92.99 231.42 0.0064195
table 0 0 -10 209.57 168.00 561.00 242.96 0.0061881
desk 0 0 -10 3.50 86.43 147.39 196.06 0.0058651
chair 0 0 -10 10.75 92.01 312.47 413.42 0.0057032
desk 0 0 -10 276.10 161.26 543.45 217.18 0.0056644
dresser 0 0 -10 7.16 47.27 187.88 340.12 0.0053238
table 0 0 -10 529.95 302.51 560.11 420.84 0.0052172
chair 0 0 -10 293.88 340.30 551.20 426.19 0.0052125
bookshelf 0 0 -10 5.96 55.85 79.67 232.95 0.0050150
dresser 0 0 -10 6.87 30.48 128.08 259.14 0.0049027
dresser 0 0 -10 0.51 139.97 95.13 228.31 0.0047090
dresser 0 0 -10 3.08 113.95 6.95 218.47 0.0045487
bookshelf 0 0 -10 142.51 40.49 524.45 404.31 0.0045397
chair 0 0 -10 506.65 209.80 560.87 298.89 0.0043826
chair 0 0 -10 1.79 60.81 87.76 314.11 0.0041019
desk 0 0 -10 397.75 294.10 553.12 425.90 0.0040962
desk 0 0 -10 518.62 223.45 557.69 418.07 0.0040196
chair 0 0 -10 0.00 16.70 112.86 241.03 0.0039516
chair 0 0 -10 131.51 109.65 442.98 427.00 0.0039364
desk 0 0 -10 0.00 114.16 110.16 326.84 0.0038336
table 0 0 -10 3.26 87.76 151.10 195.26 0.0034625
dresser 0 0 -10 1.80 95.25 102.64 192.63 0.0033239
sofa 0 0 -10 397.16 279.22 557.10 426.46 0.0031940
chair 0 0 -10 456.48 144.08 560.28 276.52 0.0030645
bookshelf 0 0 -10 0.72 62.05 32.92 237.93 0.0027145
table 0 0 -10 358.05 309.73 542.54 425.96 0.0027020
bathtub 0 0 -10 0.55 55.58 106.24 229.20 0.0026346
sofa 0 0 -10 540.12 303.85 560.87 422.01 0.0025887
chair 0 0 -10 493.42 276.75 559.31 331.57 0.0025107
desk 0 0 -10 0.21 78.36 66.12 187.13 0.0023842
table 0 0 -10 9.88 47.22 118.34 355.74 0.0023826
dresser 0 0 -10 0.44 161.65 44.66 343.14 0.0023731
chair 0 0 -10 0.04 94.25 85.28 136.42 0.0023667
bed 0 0 -10 0.00 45.74 100.08 243.05 0.0023323
table 0 0 -10 0.81 104.10 185.82 264.67 0.0022690
table 0 0 -10 472.63 193.03 561.00 405.76 0.0022219
chair 0 0 -10 341.21 140.81 499.26 289.97 0.0020319
chair 0 0 -10 0.16 0.00 48.65 44.06 0.0020248
night_stand 0 0 -10 6.23 67.95 81.59 224.61 0.0019668
chair 0 0 -10 0.09 130.71 49.73 226.67 0.0019667
table 0 0 -10 440.17 181.95 561.00 328.41 0.0019442
desk 0 0 -10 94.54 149.86 430.44 407.82 0.0019208
desk 0 0 -10 505.04 290.52 561.00 427.00 0.0018807
dresser 0 0 -10 54.60 68.94 504.58 421.67 0.0018399
table 0 0 -10 0.96 81.73 65.19 188.52 0.0018007
chair 0 0 -10 364.98 200.16 543.84 279.51 0.0017994
dresser 0 0 -10 3.78 134.98 12.55 228.56 0.0017295
dresser 0 0 -10 3.86 78.60 25.44 221.26 0.0017294
table 0 0 -10 2.64 141.77 49.93 369.46 0.0016635
bed 0 0 -10 0.21 60.31 33.66 244.41 0.0016273
