chair 0 0 -10 110.74 176.37 273.33 425.38 0.9969541
chair 0 0 -10 399.83 179.03 530.31 389.95 0.9935563
chair 0 0 -10 276.49 181.66 445.63 423.06 0.9916748
table 0 0 -10 140.94 182.20 533.97 410.99 0.8892636
table 0 0 -10 0.36 323.26 66.12 427.00 0.5501616
chair 0 0 -10 345.78 179.01 483.75 396.41 0.5237771
table 0 0 -10 178.23 202.76 390.80 425.52 0.4962855
chair 0 0 -10 403.88 172.34 484.73 339.00 0.1588840
table 0 0 -10 333.39 174.13 521.01 364.48 0.1451184
chair 0 0 -10 129.30 168.72 238.79 357.23 0.1323731
desk 0 0 -10 251.50 168.97 525.98 401.42 0.0869606
chair 0 0 -10 444.79 170.25 529.67 323.22 0.0742047
chair 0 0 -10 1.26 189.23 67.09 420.04 0.0701487
table 0 0 -10 0.44 234.27 62.86 421.23 0.0591301
table 0 0 -10 4.27 300.59 127.87 427.00 0.0564926
chair 0 0 -10 414.41 151.82 482.20 268.53 0.0490070
desk 0 0 -10 86.26 176.61 445.43 427.00 0.0368280
table 0 0 -10 371.51 377.46 528.04 425.95 0.0364358
chair 0 0 -10 245.25 179.96 330.53 300.55 0.0345148
chair 0 0 -10 120.10 152.61 287.52 309.46 0.0301582
table 0 0 -10 28.90 275.84 249.15 427.00 0.0250247
table 0 0 -10 361.46 251.10 547.43 414.85 0.0204627
table 0 0 -10 265.17 178.87 449.26 361.09 0.0193080
table 0 0 -10 142.68 178.38 264.89 352.03 0.0181258
chair 0 0 -10 317.95 176.60 425.85 340.80 0.0180605
chair 0 0 -10 148.62 175.04 397.10 424.42 0.0173305
chair 0 0 -10 327.17 162.17 408.56 281.56 0.0170146
table 0 0 -10 65.28 198.32 324.58 420.53 0.0161834
chair 0 0 -10 272.44 181.87 378.01 329.14 0.0154277
chair 0 0 -10 164.52 161.68 311.38 391.05 0.0146690
chair 0 0 -10 385.19 155.35 470.88 297.56 0.0122822
desk 0 0 -10 2.05 294.98 63.67 427.00 0.0112224
chair 0 0 -10 212.80 153.71 359.63 301.86 0.0107711
chair 0 0 -10 409.44 170.08 483.39 219.23 0.0096249
chair 0 0 -10 368.40 321.03 561.00 425.11 0.0095049
table 0 0 -10 363.33 341.99 554.98 425.56 0.0073361
table 0 0 -10 222.72 172.27 384.53 348.38 0.0071113
desk 0 0 -10 140.80 179.00 260.63 356.45 0.0070672
table 0 0 -10 2.41 207.22 37.00 390.11 0.0069474
chair 0 0 -10 6.96 318.82 113.00 427.00 0.0063498
chair 0 0 -10 225.34 176.79 359.53 395.61 0.0058450
chair 0 0 -10 414.35 164.93 460.95 242.23 0.0053632
chair 0 0 -10 220.40 167.73 314.65 273.78 0.0053136
chair 0 0 -10 453.07 167.59 499.28 280.74 0.0052774
desk 0 0 -10 181.69 198.04 364.43 427.00 0.0051532
table 0 0 -10 418.59 178.85 533.57 372.88 0.0047852
chair 0 0 -10 149.20 171.49 347.22 242.65 0.0046439
chair 0 0 -10 429.76 165.11 463.71 276.35 0.0044771
chair 0 0 -10 7.88 300.76 210.45 427.00 0.0043651
table 0 0 -10 271.71 184.22 380.23 313.62 0.0043179
table 0 0 -10 499.21 276.70 536.55 338.14 0.0037160
chair 0 0 -10 476.52 174.55 530.35 256.72 0.0034766
desk 0 0 -10 366.15 244.80 543.52 415.17 0.0032810
chair 0 0 -10 457.54 161.15 544.82 273.51 0.0030129
chair 0 0 -10 374.46 373.48 541.52 427.00 0.0030062
desk 0 0 -10 359.26 181.50 515.96 375.18 0.0030053
table 0 0 -10 290.05 245.72 493.77 427.00 0.0029657
desk 0 0 -10 3.63 294.55 128.29 427.00 0.0028358
chair 0 0 -10 1.12 186.88 37.27 357.36 0.0026359
table 0 0 -10 157.88 199.82 298.58 313.05 0.0025495
table 0 0 -10 397.79 172.03 497.85 332.47 0.0025437
chair 0 0 -10 262.45 167.42 389.93 253.01 0.0025101
chair 0 0 -10 0.43 328.49 65.53 425.23 0.0024928
chair 0 0 -10 442.15 169.78 476.56 273.55 0.0024911
chair 0 0 -10 342.50 138.77 460.79 278.28 0.0023823
chair 0 0 -10 199.48 152.14 418.33 251.28 0.0023675
table 0 0 -10 540.99 309.28 560.18 425.34 0.0023091
chair 0 0 -10 18.57 202.78 180.96 427.00 0.0022382
table 0 0 -10 530.84 175.47 559.94 392.52 0.0022188
chair 0 0 -10 493.94 175.14 546.65 342.20 0.0020582
chair 0 0 -10 482.74 171.06 517.46 307.15 0.0020382
table 0 0 -10 266.64 172.44 430.42 228.72 0.0020194
table 0 0 -10 224.49 171.52 526.09 305.96 0.0020172
chair 0 0 -10 292.26 132.46 431.47 263.83 0.0018779
sofa 0 0 -10 386.41 331.01 559.25 427.00 0.0018034
table 0 0 -10 540.92 221.28 560.45 352.59 0.0015993
table 0 0 -10 190.04 197.64 381.47 295.49 0.0015678
table 0 0 -10 130.20 310.84 486.64 426.05 0.0015043
table 0 0 -10 500.51 193.87 533.63 336.66 0.0014340
desk 0 0 -10 4.01 193.30 52.17 426.21 0.0013792
desk 0 0 -10 369.83 376.94 533.38 426.37 0.0013604
table 0 0 -10 436.33 304.15 554.36 421.47 0.0013204
table 0 0 -10 447.51 171.53 489.22 283.70 0.0012715
chair 0 0 -10 432.12 146.78 521.34 255.37 0.0012501
bookshelf 0 0 -10 132.90 138.61 245.86 334.37 0.0012362
chair 0 0 -10 134.83 268.90 313.37 427.00 0.0012352
chair 0 0 -10 247.12 303.04 502.44 424.99 0.0012328
chair 0 0 -10 331.41 168.32 404.75 233.62 0.0012003
table 0 0 -10 530.24 228.80 558.00 336.66 0.0011872
chair 0 0 -10 281.02 165.16 356.76 279.42 0.0011759
table 0 0 -10 409.14 172.91 489.13 217.46 0.0011745
chair 0 0 -10 425.65 251.41 556.26 422.95 0.0011559
sofa 0 0 -10 368.18 227.52 547.31 412.49 0.0011461
night_stand 0 0 -10 0.16 320.18 69.61 427.00 0.0010720
sofa 0 0 -10 241.20 179.46 512.85 425.03 0.0010664
chair 0 0 -10 113.00 145.19 190.63 331.87 0.0010258
sofa 0 0 -10 116.32 151.60 259.49 380.19 0.0010069
table 0 0 -10 110.04 207.04 254.13 306.44 0.0009914
chair 0 0 -10 198.59 150.06 273.56 306.16 0.0009890
chair 0 0 -10 240.12 189.01 333.29 239.18 0.0009012
