chair 0 0 -10 359.94 165.15 517.90 416.60 0.9974885
chair 0 0 -10 117.10 176.63 220.22 380.55 0.9800721
chair 0 0 -10 214.62 155.05 310.76 265.63 0.9669030
chair 0 0 -10 366.60 155.09 481.42 318.87 0.9546950
chair 0 0 -10 169.38 212.91 375.99 426.75 0.9070125
chair 0 0 -10 326.55 144.11 400.54 235.42 0.8878207
chair 0 0 -10 334.93 147.34 395.72 197.39 0.8391411
chair 0 0 -10 405.44 150.86 484.75 282.23 0.7614317
chair 0 0 -10 170.65 166.81 241.15 265.68 0.7405417
desk 0 0 -10 140.72 191.11 477.30 425.73 0.6235534
chair 0 0 -10 156.06 206.44 280.83 410.72 0.6105714
table 0 0 -10 145.89 191.07 452.02 425.08 0.4437836
chair 0 0 -10 191.75 160.43 291.76 301.41 0.3922426
chair 0 0 -10 195.18 158.91 261.75 253.76 0.3601421
chair 0 0 -10 411.82 157.00 513.72 334.21 0.3462245
chair 0 0 -10 310.98 153.64 388.41 273.28 0.3255546
chair 0 0 -10 171.35 164.66 265.26 349.30 0.2586960
desk 0 0 -10 410.17 153.65 555.94 263.94 0.1795995
chair 0 0 -10 240.66 156.47 300.23 227.41 0.1728482
chair 0 0 -10 440.99 163.82 481.05 274.51 0.1431165
chair 0 0 -10 255.52 149.69 370.65 281.41 0.1379723
chair 0 0 -10 393.72 157.72 459.58 255.10 0.1307678
chair 0 0 -10 296.53 143.38 390.50 213.32 0.1254652
desk 0 0 -10 474.50 156.40 557.46 247.66 0.0974725
chair 0 0 -10 213.14 153.90 284.52 229.70 0.0850738
chair 0 0 -10 351.53 158.36 447.70 269.77 0.0843984
chair 0 0 -10 343.03 145.87 423.40 212.64 0.0836565
table 0 0 -10 389.26 160.98 540.08 276.95 0.0703855
chair 0 0 -10 447.99 152.48 520.33 282.10 0.0689387
chair 0 0 -10 285.92 158.75 350.55 265.20 0.0652062
table 0 0 -10 464.07 155.02 557.53 263.93 0.0646266
chair 0 0 -10 417.66 156.29 471.27 247.49 0.0529706
chair 0 0 -10 288.48 148.75 474.74 242.26 0.0521683
chair 0 0 -10 374.42 149.91 442.34 221.59 0.0354355
chair 0 0 -10 391.14 148.39 402.39 210.81 0.0349953
table 0 0 -10 373.61 417.01 489.67 426.78 0.0342893
desk 0 0 -10 240.76 187.92 426.38 381.35 0.0330994
chair 0 0 -10 391.52 142.78 532.99 264.56 0.0328054
desk 0 0 -10 440.59 165.42 546.62 355.13 0.0254663
table 0 0 -10 439.74 162.94 545.82 352.85 0.0246613
chair 0 0 -10 254.95 150.09 335.29 218.24 0.0241049
table 0 0 -10 247.50 176.86 434.30 309.74 0.0234325
chair 0 0 -10 259.86 154.47 318.43 255.71 0.0230141
chair 0 0 -10 444.82 159.45 505.11 230.20 0.0228883
chair 0 0 -10 300.96 147.25 345.20 223.65 0.0226756
table 0 0 -10 153.85 226.54 339.97 418.97 0.0211353
chair 0 0 -10 395.14 147.37 405.71 199.80 0.0210664
chair 0 0 -10 164.21 306.03 428.43 424.29 0.0199895
chair 0 0 -10 207.79 147.41 398.25 243.17 0.0189786
table 0 0 -10 244.21 152.55 535.16 236.66 0.0185542
desk 0 0 -10 247.80 152.49 531.63 239.01 0.0182833
chair 0 0 -10 399.30 147.69 454.72 207.44 0.0182436
table 0 0 -10 98.36 228.68 235.95 419.69 0.0181148
desk 0 0 -10 350.71 157.19 538.98 301.84 0.0171283
table 0 0 -10 271.11 171.67 420.45 239.96 0.0168095
chair 0 0 -10 262.99 185.82 444.16 412.40 0.0166578
table 0 0 -10 354.10 187.18 447.72 372.60 0.0151874
chair 0 0 -10 323.68 146.75 523.58 296.46 0.0150497
chair 0 0 -10 283.06 149.64 342.10 200.57 0.0150053
table 0 0 -10 175.21 332.84 506.68 424.34 0.0146419
table 0 0 -10 262.58 152.80 386.36 198.60 0.0144887
chair 0 0 -10 386.77 157.87 432.17 244.31 0.0140895
desk 0 0 -10 263.04 160.98 347.03 202.61 0.0139189
chair 0 0 -10 382.87 139.43 424.11 213.12 0.0135644
chair 0 0 -10 228.09 179.67 367.38 320.66 0.0131759
chair 0 0 -10 350.25 291.43 512.15 427.00 0.0125840
chair 0 0 -10 258.44 157.96 279.00 207.08 0.0112859
table 0 0 -10 391.14 154.64 460.52 233.76 0.0111721
desk 0 0 -10 391.91 155.28 460.65 233.38 0.0109419
sofa 0 0 -10 174.38 167.39 236.69 253.00 0.0109171
desk 0 0 -10 108.45 214.65 220.04 408.41 0.0106598
chair 0 0 -10 307.82 142.55 366.49 193.79 0.0093945
chair 0 0 -10 174.31 370.16 360.59 427.00 0.0092684
sofa 0 0 -10 148.68 171.83 424.48 420.45 0.0091827
chair 0 0 -10 400.55 146.82 409.09 194.07 0.0091152
chair 0 0 -10 128.03 164.84 209.34 288.51 0.0089476
desk 0 0 -10 265.68 175.98 413.04 252.95 0.0085796
chair 0 0 -10 424.72 179.12 436.63 268.95 0.0085250
desk 0 0 -10 154.06 223.48 332.92 417.22 0.0083619
table 0 0 -10 238.83 158.10 525.53 364.20 0.0083256
desk 0 0 -10 247.85 153.13 532.33 369.54 0.0079031
chair 0 0 -10 291.75 167.28 344.91 193.15 0.0078236
chair 0 0 -10 358.57 144.90 409.85 244.05 0.0078058
chair 0 0 -10 404.09 146.52 411.41 190.03 0.0078050
dresser 0 0 -10 195.40 211.26 400.37 425.73 0.0077491
sofa 0 0 -10 206.87 156.81 299.92 242.93 0.0069460
table 0 0 -10 361.03 214.31 521.90 427.00 0.0067448
sofa 0 0 -10 112.12 163.06 230.57 367.13 0.0063440
chair 0 0 -10 386.47 150.81 406.29 186.78 0.0058317
sofa 0 0 -10 193.38 158.48 261.34 251.07 0.0057287
table 0 0 -10 189.58 160.17 427.62 246.97 0.0056047
desk 0 0 -10 358.91 189.14 446.89 373.87 0.0052078
chair 0 0 -10 466.16 164.19 524.99 243.45 0.0051843
chair 0 0 -10 58.56 275.76 212.41 423.14 0.0048225
table 0 0 -10 259.28 161.55 357.67 257.72 0.0047193
table 0 0 -10 369.86 422.73 497.02 426.62 0.0045177
desk 0 0 -10 390.76 158.44 448.01 194.88 0.0044764
desk 0 0 -10 253.62 181.59 405.98 307.41 0.0044331
table 0 0 -10 325.04 310.57 486.39 427.00 0.0043984
chair 0 0 -10 386.12 151.01 442.23 191.84 0.0042949
