desk 0 0 -10 0.00 203.07 555.07 414.77 0.9456967
desk 0 0 -10 195.53 254.30 561.00 419.17 0.1737567
table 0 0 -10 3.03 214.94 561.00 415.45 0.1284818
chair 0 0 -10 9.79 230.38 219.28 423.59 0.0761169
desk 0 0 -10 3.44 200.60 159.84 381.01 0.0259723
bookshelf 0 0 -10 223.97 2.73 379.06 207.71 0.0144543
chair 0 0 -10 498.42 290.11 561.00 422.33 0.0109749
desk 0 0 -10 50.71 203.68 308.37 413.00 0.0109467
desk 0 0 -10 408.92 240.19 559.48 410.75 0.0097434
bookshelf 0 0 -10 39.97 13.04 523.80 408.70 0.0081316
chair 0 0 -10 0.46 303.44 182.09 424.76 0.0066070
chair 0 0 -10 0.00 243.37 112.88 423.25 0.0064923
chair 0 0 -10 38.00 249.60 357.75 421.39 0.0064557
desk 0 0 -10 496.99 257.36 560.58 418.72 0.0058065
table 0 0 -10 4.70 199.87 162.17 374.28 0.0054211
chair 0 0 -10 316.35 263.98 549.77 421.05 0.0047946
chair 0 0 -10 83.61 290.38 243.98 422.25 0.0047745
table 0 0 -10 2.84 212.92 257.56 420.42 0.0046469
bookshelf 0 0 -10 0.00 2.04 39.13 199.11 0.0044387
table 0 0 -10 0.00 252.74 44.63 416.96 0.0043857
table 0 0 -10 62.24 208.96 445.08 351.52 0.0042860
chair 0 0 -10 0.00 270.94 44.91 424.78 0.0040141
dresser 0 0 -10 148.87 244.29 561.00 424.15 0.0039760
table 0 0 -10 265.68 242.93 561.00 410.47 0.0031043
bookshelf 0 0 -10 101.09 12.29 363.27 228.46 0.0030405
bookshelf 0 0 -10 237.15 20.08 459.90 262.46 0.0028719
chair 0 0 -10 456.51 253.84 560.21 407.98 0.0027143
chair 0 0 -10 9.19 198.98 148.49 372.17 0.0023912
table 0 0 -10 209.05 193.66 434.22 328.79 0.0019862
table 0 0 -10 266.75 199.69 424.99 290.65 0.0019828
chair 0 0 -10 0.00 13.83 47.92 298.88 0.0019013
table 0 0 -10 0.00 154.19 27.26 369.17 0.0018924
chair 0 0 -10 160.97 230.59 505.93 420.30 0.0018393
desk 0 0 -10 2.22 196.68 125.00 319.14 0.0017939
chair 0 0 -10 30.53 158.63 460.04 413.48 0.0017342
table 0 0 -10 0.00 201.75 94.83 406.82 0.0015961
bookshelf 0 0 -10 281.87 0.00 349.87 218.84 0.0015365
bookshelf 0 0 -10 285.49 58.16 347.45 159.21 0.0015226
chair 0 0 -10 0.00 183.70 42.06 279.01 0.0015048
table 0 0 -10 0.00 55.02 46.64 390.14 0.0014313
desk 0 0 -10 0.00 49.60 46.48 389.23 0.0014066
table 0 0 -10 524.70 255.40 560.69 425.00 0.0013186
bookshelf 0 0 -10 197.34 245.66 561.00 421.17 0.0013167
chair 0 0 -10 0.01 353.80 265.11 427.00 0.0013136
chair 0 0 -10 519.50 333.23 560.12 427.00 0.0012829
desk 0 0 -10 1.13 111.82 110.90 398.93 0.0012473
chair 0 0 -10 0.53 160.02 68.87 302.88 0.0012358
chair 0 0 -10 0.00 191.81 52.83 400.39 0.0012307
dresser 0 0 -10 12.90 210.56 301.80 420.94 0.0011309
desk 0 0 -10 0.00 77.79 520.46 369.87 0.0011301
chair 0 0 -10 0.11 149.46 28.10 374.65 0.0011198
desk 0 0 -10 36.59 214.24 132.57 357.37 0.0010829
bathtub 0 0 -10 11.68 191.32 553.52 406.67 0.0010656
chair 0 0 -10 119.35 226.77 211.58 391.64 0.0010463
bookshelf 0 0 -10 7.04 198.64 344.85 422.63 0.0010455
bookshelf 0 0 -10 307.03 54.29 326.26 177.65 0.0010287
table 0 0 -10 1.52 306.50 64.72 426.47 0.0009698
bed 0 0 -10 3.16 175.99 544.35 427.00 0.0009460
chair 0 0 -10 1.09 5.92 50.15 128.07 0.0009380
bookshelf 0 0 -10 242.74 32.15 359.33 164.26 0.0009338
table 0 0 -10 0.00 8.86 38.60 196.48 0.0009296
table 0 0 -10 406.15 250.78 558.90 414.42 0.0008879
desk 0 0 -10 445.66 272.08 559.53 381.14 0.0008843
night_stand 0 0 -10 3.12 220.27 285.55 423.35 0.0008419
sofa 0 0 -10 0.00 219.39 302.06 424.85 0.0008316
bed 0 0 -10 0.87 203.70 301.85 427.00 0.0008249
desk 0 0 -10 25.29 198.50 440.21 336.52 0.0008242
chair 0 0 -10 481.43 233.96 560.97 358.25 0.0008034
bookshelf 0 0 -10 144.50 0.00 544.31 242.96 0.0007940
sofa 0 0 -10 8.74 182.82 544.62 416.56 0.0007803
dresser 0 0 -10 30.95 66.53 535.06 407.54 0.0007801
night_stand 0 0 -10 153.69 246.39 561.00 423.46 0.0007720
chair 0 0 -10 532.14 232.81 560.87 427.00 0.0007639
desk 0 0 -10 0.78 208.56 41.74 404.78 0.0007556
desk 0 0 -10 2.41 189.72 77.94 393.61 0.0007454
desk 0 0 -10 35.34 4.14 561.00 260.77 0.0007203
desk 0 0 -10 1.37 223.55 211.90 321.54 0.0007032
desk 0 0 -10 0.00 325.67 561.00 419.54 0.0006797
chair 0 0 -10 156.72 218.99 243.35 393.84 0.0006602
table 0 0 -10 47.68 10.27 554.95 254.28 0.0006172
desk 0 0 -10 92.34 210.55 217.44 376.14 0.0006052
bookshelf 0 0 -10 241.05 3.32 360.74 110.61 0.0006027
bathtub 0 0 -10 1.67 212.45 307.96 410.95 0.0005791
table 0 0 -10 0.00 176.63 54.81 357.59 0.0005764
dresser 0 0 -10 423.18 245.94 560.60 417.68 0.0005744
chair 0 0 -10 85.67 186.29 253.70 403.05 0.0005676
chair 0 0 -10 0.00 16.68 141.64 292.97 0.0005482
chair 0 0 -10 141.12 184.05 215.38 303.28 0.0005400
table 0 0 -10 490.71 254.98 559.58 419.66 0.0005379
bookshelf 0 0 -10 0.00 0.00 46.01 392.98 0.0005294
desk 0 0 -10 0.00 7.13 39.53 196.20 0.0004830
toilet 0 0 -10 6.92 210.23 275.43 419.74 0.0004705
chair 0 0 -10 539.98 339.67 561.00 427.00 0.0004658
bookshelf 0 0 -10 1.72 20.44 61.37 161.87 0.0004646
bookshelf 0 0 -10 4.83 6.05 31.19 149.67 0.0004399
chair 0 0 -10 16.58 384.43 210.04 427.00 0.0004234
bookshelf 0 0 -10 18.34 53.22 24.71 148.83 0.0004126
desk 0 0 -10 0.00 164.91 41.93 329.92 0.0003985
chair 0 0 -10 492.25 393.73 558.71 427.00 0.0003858
table 0 0 -10 4.58 293.18 145.43 422.32 0.0003618
