chair 0 0 -10 5.69 203.26 124.47 427.00 0.9573207
chair 0 0 -10 2.94 319.40 115.46 426.36 0.6497942
chair 0 0 -10 0.95 332.62 45.77 427.00 0.5775611
desk 0 0 -10 77.67 178.04 561.00 414.83 0.3317406
table 0 0 -10 15.88 283.38 145.40 427.00 0.2347111
chair 0 0 -10 0.63 269.60 79.22 419.95 0.2054728
table 0 0 -10 17.34 185.92 545.44 422.48 0.1091636
table 0 0 -10 0.66 310.61 45.62 427.00 0.0603085
chair 0 0 -10 0.26 273.44 37.45 397.16 0.0276309
desk 0 0 -10 17.50 281.82 141.17 427.00 0.0233290
sofa 0 0 -10 1.45 322.24 41.30 427.00 0.0227043
chair 0 0 -10 9.62 218.80 112.43 333.73 0.0220939
table 0 0 -10 1.97 274.43 76.72 423.44 0.0150611
table 0 0 -10 0.85 272.18 34.18 383.64 0.0144549
chair 0 0 -10 8.15 248.94 133.84 365.86 0.0135873
chair 0 0 -10 19.35 308.65 205.27 427.00 0.0132501
dresser 0 0 -10 51.70 176.10 560.03 418.78 0.0096347
bookshelf 0 0 -10 0.62 75.29 27.90 291.97 0.0093714
desk 0 0 -10 0.36 315.89 43.11 420.08 0.0087552
table 0 0 -10 1.00 248.82 125.03 352.47 0.0080211
dresser 0 0 -10 0.00 84.28 28.15 287.53 0.0079042
chair 0 0 -10 523.59 362.19 561.00 427.00 0.0078824
dresser 0 0 -10 508.28 207.83 560.58 425.12 0.0071533
bathtub 0 0 -10 77.24 158.36 549.45 409.07 0.0063700
desk 0 0 -10 5.29 259.64 129.03 376.05 0.0059636
chair 0 0 -10 2.09 295.44 57.46 380.43 0.0051817
table 0 0 -10 516.42 413.52 558.92 427.00 0.0049288
bed 0 0 -10 53.01 154.76 557.56 426.64 0.0046670
table 0 0 -10 521.65 212.26 558.08 427.00 0.0046479
bed 0 0 -10 1.37 312.12 38.98 420.60 0.0042560
chair 0 0 -10 506.84 253.41 559.46 427.00 0.0040455
table 0 0 -10 517.64 366.15 558.61 427.00 0.0040198
chair 0 0 -10 3.80 329.28 23.50 425.49 0.0039987
bookshelf 0 0 -10 6.37 91.26 17.65 341.04 0.0039726
chair 0 0 -10 482.10 370.35 560.71 427.00 0.0037590
table 0 0 -10 534.85 256.69 559.73 410.40 0.0036497
sofa 0 0 -10 1.91 291.03 26.35 420.48 0.0035763
chair 0 0 -10 0.56 266.96 43.83 337.23 0.0030799
table 0 0 -10 1.91 290.43 24.76 417.46 0.0027474
desk 0 0 -10 2.65 272.66 75.59 421.97 0.0026492
chair 0 0 -10 0.00 178.17 47.36 416.66 0.0026109
chair 0 0 -10 521.83 413.56 560.08 427.00 0.0025888
table 0 0 -10 21.60 201.79 127.06 399.46 0.0025806
desk 0 0 -10 6.26 332.22 114.72 425.28 0.0025099
dresser 0 0 -10 0.67 129.80 33.56 235.34 0.0024313
bookshelf 0 0 -10 2.19 302.27 38.03 416.68 0.0023435
bed 0 0 -10 1.30 232.93 123.33 410.70 0.0022744
table 0 0 -10 510.25 405.07 558.88 425.97 0.0022316
table 0 0 -10 0.27 268.16 39.83 335.99 0.0022276
table 0 0 -10 525.96 342.62 559.62 386.14 0.0021667
chair 0 0 -10 515.90 397.68 560.61 426.32 0.0021609
sofa 0 0 -10 2.25 229.42 123.45 405.15 0.0020752
night_stand 0 0 -10 508.06 223.55 561.00 417.12 0.0020583
table 0 0 -10 509.71 421.89 559.42 426.95 0.0020430
dresser 0 0 -10 4.44 104.60 19.04 300.87 0.0018838
chair 0 0 -10 529.90 297.06 561.00 426.88 0.0018568
chair 0 0 -10 19.82 187.90 181.15 391.86 0.0018187
desk 0 0 -10 6.15 113.71 24.21 300.67 0.0018128
bookshelf 0 0 -10 18.19 221.85 121.65 394.43 0.0017883
chair 0 0 -10 1.77 262.99 81.87 345.68 0.0015797
dresser 0 0 -10 11.61 128.42 82.56 212.01 0.0015121
bookshelf 0 0 -10 0.73 88.80 43.16 400.26 0.0014719
dresser 0 0 -10 11.21 125.27 31.04 283.10 0.0014236
dresser 0 0 -10 273.11 217.73 550.45 420.30 0.0014114
dresser 0 0 -10 2.90 237.11 121.82 407.41 0.0013819
table 0 0 -10 485.36 382.84 558.00 427.00 0.0013543
chair 0 0 -10 7.16 230.72 33.08 327.95 0.0013324
desk 0 0 -10 0.78 272.56 33.59 384.52 0.0013251
chair 0 0 -10 19.81 258.01 116.51 305.91 0.0012938
table 0 0 -10 497.60 306.71 557.51 427.00 0.0012543
bookshelf 0 0 -10 201.79 3.28 454.41 110.87 0.0012255
dresser 0 0 -10 1.43 310.96 38.75 418.54 0.0012164
chair 0 0 -10 6.86 158.67 66.34 319.47 0.0011769
toilet 0 0 -10 1.31 310.34 38.70 418.16 0.0011386
bathtub 0 0 -10 117.58 155.91 560.19 254.15 0.0011129
bookshelf 0 0 -10 523.49 201.12 558.83 426.59 0.0010916
bed 0 0 -10 521.60 202.27 559.28 427.00 0.0010872
table 0 0 -10 536.21 343.35 559.65 426.49 0.0010818
chair 0 0 -10 15.43 338.45 330.80 426.43 0.0010686
desk 0 0 -10 5.76 234.30 116.23 329.08 0.0010595
table 0 0 -10 6.17 108.31 17.67 335.92 0.0010145
dresser 0 0 -10 6.17 108.71 46.86 244.56 0.0009943
chair 0 0 -10 4.36 120.41 30.32 293.28 0.0009509
toilet 0 0 -10 16.48 227.36 122.88 395.43 0.0009507
bed 0 0 -10 2.20 265.76 25.20 400.71 0.0009010
table 0 0 -10 72.69 174.87 346.67 415.70 0.0008634
chair 0 0 -10 480.90 287.02 551.43 426.19 0.0008607
desk 0 0 -10 518.93 233.53 561.00 427.00 0.0008556
table 0 0 -10 4.36 247.47 28.01 358.58 0.0008443
bookshelf 0 0 -10 14.92 177.52 546.43 427.00 0.0008419
chair 0 0 -10 4.12 248.07 29.79 364.44 0.0008283
sofa 0 0 -10 530.84 211.83 560.34 427.00 0.0008116
table 0 0 -10 5.18 129.98 29.36 294.98 0.0008029
chair 0 0 -10 1.99 269.57 22.18 413.12 0.0007938
sofa 0 0 -10 2.27 269.14 29.49 372.84 0.0007937
desk 0 0 -10 0.00 151.65 43.86 401.88 0.0007932
night_stand 0 0 -10 1.32 315.42 39.51 417.65 0.0007780
table 0 0 -10 12.93 267.54 115.00 304.16 0.0007759
table 0 0 -10 526.22 390.72 559.58 426.21 0.0007681
table 0 0 -10 547.09 225.85 560.25 427.00 0.0007676
