chair 0 0 -10 271.11 147.24 369.68 284.25 0.9824182
sofa 0 0 -10 497.57 267.76 561.00 427.00 0.7821686
table 0 0 -10 279.88 236.60 492.17 425.63 0.7712818
dresser 0 0 -10 243.49 63.60 351.42 186.56 0.7064606
chair 0 0 -10 7.82 120.08 198.96 426.32 0.5889441
sofa 0 0 -10 7.08 103.19 195.67 426.18 0.2242404
desk 0 0 -10 242.18 67.06 358.53 214.23 0.2173973
chair 0 0 -10 256.68 86.46 354.82 262.38 0.0983131
table 0 0 -10 243.08 68.54 351.68 229.57 0.0456860
sofa 0 0 -10 326.05 258.73 532.44 427.00 0.0417044
bookshelf 0 0 -10 245.53 60.77 354.83 224.27 0.0327795
table 0 0 -10 2.55 102.74 61.42 372.94 0.0248437
desk 0 0 -10 280.85 233.67 488.73 427.00 0.0230749
chair 0 0 -10 382.07 285.99 561.00 427.00 0.0226688
chair 0 0 -10 487.94 274.67 560.58 427.00 0.0215647
sofa 0 0 -10 449.82 242.17 561.00 427.00 0.0194489
night_stand 0 0 -10 239.65 60.85 355.61 185.34 0.0169761
chair 0 0 -10 272.85 200.15 439.92 392.61 0.0163836
table 0 0 -10 47.83 148.09 453.52 424.31 0.0143982
bed 0 0 -10 492.21 271.41 561.00 427.00 0.0132347
chair 0 0 -10 0.00 64.27 160.07 328.45 0.0124038
bed 0 0 -10 498.94 111.59 561.00 427.00 0.0118724
chair 0 0 -10 240.72 58.18 355.17 194.05 0.0116645
sofa 0 0 -10 494.35 203.52 558.03 380.38 0.0107061
table 0 0 -10 359.32 196.91 537.03 363.12 0.0106668
desk 0 0 -10 261.62 95.27 364.28 267.12 0.0097784
table 0 0 -10 37.18 131.42 230.30 380.96 0.0094110
chair 0 0 -10 5.10 91.11 55.15 385.42 0.0080995
chair 0 0 -10 295.33 238.19 520.51 425.56 0.0078495
sofa 0 0 -10 14.90 124.68 426.76 425.61 0.0073275
night_stand 0 0 -10 280.76 241.12 488.94 427.00 0.0070173
bed 0 0 -10 316.04 255.15 527.34 427.00 0.0063478
chair 0 0 -10 0.00 26.85 95.74 289.47 0.0056639
chair 0 0 -10 496.64 205.44 560.95 387.08 0.0055257
table 0 0 -10 488.87 269.52 559.05 427.00 0.0054788
bookshelf 0 0 -10 271.16 95.70 361.56 255.77 0.0050479
chair 0 0 -10 33.00 139.47 341.20 424.88 0.0049210
table 0 0 -10 281.80 176.57 486.82 335.96 0.0048047
sofa 0 0 -10 393.41 204.55 561.00 400.22 0.0043974
table 0 0 -10 255.37 105.18 370.75 278.14 0.0039005
sofa 0 0 -10 6.86 97.56 51.77 382.40 0.0036601
bed 0 0 -10 25.50 121.95 228.65 425.25 0.0032858
table 0 0 -10 367.83 210.37 494.04 321.05 0.0031420
dresser 0 0 -10 270.28 105.77 363.62 257.77 0.0031068
sofa 0 0 -10 0.00 63.72 152.81 292.05 0.0029180
table 0 0 -10 391.66 262.65 550.70 427.00 0.0028383
sofa 0 0 -10 374.28 311.39 553.28 427.00 0.0025703
sofa 0 0 -10 486.59 108.25 561.00 416.13 0.0025127
table 0 0 -10 2.44 192.09 97.00 425.21 0.0021901
table 0 0 -10 0.00 37.31 86.46 259.89 0.0019465
sofa 0 0 -10 4.57 87.38 29.82 382.76 0.0019255
table 0 0 -10 2.05 105.73 179.44 308.21 0.0018804
chair 0 0 -10 5.28 293.86 202.85 423.76 0.0018477
table 0 0 -10 463.70 182.88 555.32 425.97 0.0018284
bed 0 0 -10 242.20 52.13 355.90 241.17 0.0017903
bed 0 0 -10 399.82 267.73 561.00 427.00 0.0016559
chair 0 0 -10 277.96 183.18 366.07 252.24 0.0016019
sofa 0 0 -10 525.38 238.87 560.00 324.93 0.0015786
sofa 0 0 -10 12.09 57.80 25.42 395.22 0.0015698
desk 0 0 -10 139.05 183.58 498.26 427.00 0.0015520
chair 0 0 -10 272.11 132.68 474.21 284.34 0.0015508
chair 0 0 -10 125.27 191.03 450.53 423.06 0.0015472
table 0 0 -10 8.15 74.70 40.27 404.72 0.0015328
sofa 0 0 -10 518.11 284.24 559.80 381.27 0.0015266
dresser 0 0 -10 256.09 68.10 320.33 161.43 0.0015094
toilet 0 0 -10 231.56 63.91 355.75 203.45 0.0014053
chair 0 0 -10 179.96 124.28 366.04 288.70 0.0013794
toilet 0 0 -10 0.00 92.61 201.59 416.17 0.0013722
dresser 0 0 -10 284.32 232.06 495.14 424.62 0.0013671
chair 0 0 -10 268.56 289.59 430.42 427.00 0.0013400
chair 0 0 -10 273.41 138.92 347.50 231.50 0.0012996
table 0 0 -10 266.24 162.05 407.21 315.71 0.0012772
sofa 0 0 -10 381.98 172.39 550.05 315.99 0.0012670
sofa 0 0 -10 279.59 145.48 527.45 422.92 0.0012650
bed 0 0 -10 268.27 102.84 364.30 262.06 0.0012158
chair 0 0 -10 402.22 211.37 561.00 387.17 0.0011993
desk 0 0 -10 12.05 115.85 254.26 427.00 0.0011773
night_stand 0 0 -10 269.38 109.15 364.59 254.45 0.0011660
night_stand 0 0 -10 132.20 0.00 191.88 50.62 0.0010972
table 0 0 -10 12.13 68.23 24.38 393.69 0.0010956
chair 0 0 -10 41.47 121.12 272.30 326.53 0.0010707
sofa 0 0 -10 270.45 116.33 364.19 258.10 0.0010384
chair 0 0 -10 126.52 0.00 194.43 49.50 0.0009862
table 0 0 -10 282.38 304.52 427.16 427.00 0.0009593
chair 0 0 -10 242.84 72.39 402.47 299.84 0.0009528
sofa 0 0 -10 0.85 37.34 89.07 264.18 0.0008855
dresser 0 0 -10 225.61 6.74 365.22 167.93 0.0008777
table 0 0 -10 240.88 114.64 480.43 398.88 0.0008424
sofa 0 0 -10 507.16 249.31 560.32 345.99 0.0008354
table 0 0 -10 0.00 201.72 31.72 415.91 0.0008319
bathtub 0 0 -10 229.36 66.36 363.32 195.73 0.0007826
table 0 0 -10 2.87 178.61 186.40 426.61 0.0007446
chair 0 0 -10 0.00 104.68 246.68 259.60 0.0006857
sofa 0 0 -10 109.86 238.25 506.50 427.00 0.0006647
toilet 0 0 -10 255.55 74.57 370.00 269.88 0.0006569
table 0 0 -10 3.98 90.82 28.08 385.64 0.0006478
bookshelf 0 0 -10 5.72 52.84 196.24 400.65 0.0006445
bookshelf 0 0 -10 2.70 0.00 114.61 232.68 0.0006412
table 0 0 -10 506.95 174.31 557.81 361.45 0.0006133
sofa 0 0 -10 246.16 74.09 353.93 226.98 0.0006072
