chair 0 0 -10 66.12 110.73 163.53 243.11 0.9927847
chair 0 0 -10 319.05 113.10 412.25 287.40 0.9914802
chair 0 0 -10 234.39 112.95 313.03 272.09 0.9899440
chair 0 0 -10 451.36 129.98 554.35 264.72 0.9797284
table 0 0 -10 66.67 117.27 558.96 277.50 0.8978631
table 0 0 -10 111.49 137.95 247.23 263.80 0.7320080
table 0 0 -10 317.11 136.56 533.01 271.10 0.5288820
table 0 0 -10 150.03 122.21 406.00 280.08 0.3125362
chair 0 0 -10 321.32 105.83 387.74 216.49 0.2371214
chair 0 0 -10 268.73 112.22 370.26 278.95 0.1256275
table 0 0 -10 161.35 125.09 327.67 246.27 0.1228499
chair 0 0 -10 246.59 108.50 305.55 192.91 0.1138567
chair 0 0 -10 488.50 110.70 555.11 210.33 0.1090687
table 0 0 -10 268.91 124.31 460.99 285.38 0.0851403
chair 0 0 -10 330.04 104.30 383.13 174.65 0.0627747
table 0 0 -10 323.81 117.12 431.94 270.05 0.0468506
desk 0 0 -10 80.44 123.18 463.95 283.61 0.0459284
chair 0 0 -10 501.42 116.02 557.08 275.56 0.0322884
desk 0 0 -10 198.80 111.98 358.45 281.02 0.0297570
chair 0 0 -10 205.79 107.64 290.84 235.05 0.0259672
chair 0 0 -10 431.82 120.08 559.75 198.21 0.0254256
table 0 0 -10 415.28 133.44 530.45 254.92 0.0250536
table 0 0 -10 17.14 190.28 541.41 420.20 0.0203212
chair 0 0 -10 338.38 103.76 429.76 230.95 0.0195670
chair 0 0 -10 172.14 110.49 243.63 209.38 0.0163009
chair 0 0 -10 350.10 113.10 397.51 212.41 0.0156794
chair 0 0 -10 348.89 122.65 374.41 158.79 0.0154655
table 0 0 -10 95.85 125.64 521.60 196.54 0.0150192
desk 0 0 -10 273.35 119.68 479.85 296.69 0.0126833
chair 0 0 -10 327.09 128.68 403.13 185.14 0.0117479
chair 0 0 -10 238.47 103.77 283.82 209.76 0.0111168
chair 0 0 -10 113.06 101.88 164.43 218.27 0.0108885
chair 0 0 -10 268.46 116.29 476.35 283.79 0.0096793
chair 0 0 -10 366.64 119.45 380.14 170.38 0.0090877
chair 0 0 -10 262.23 102.41 308.82 234.74 0.0089254
chair 0 0 -10 517.92 109.73 558.21 201.99 0.0084237
chair 0 0 -10 75.46 122.57 201.20 275.78 0.0068841
table 0 0 -10 224.36 105.76 315.99 236.79 0.0068530
chair 0 0 -10 317.43 117.61 364.19 199.50 0.0062718
chair 0 0 -10 227.07 128.88 302.22 177.85 0.0062462
table 0 0 -10 142.98 124.21 235.30 214.68 0.0058844
chair 0 0 -10 386.61 111.72 548.56 276.63 0.0058667
table 0 0 -10 216.78 125.54 427.49 235.28 0.0054724
table 0 0 -10 320.51 109.77 390.24 217.14 0.0054210
table 0 0 -10 95.60 122.43 184.49 235.26 0.0051507
chair 0 0 -10 256.26 90.41 327.70 178.15 0.0049773
chair 0 0 -10 162.42 145.99 229.12 256.85 0.0046192
table 0 0 -10 49.18 119.10 421.44 372.78 0.0045563
desk 0 0 -10 104.63 131.89 250.61 271.55 0.0045353
table 0 0 -10 375.73 154.52 493.36 276.30 0.0044196
chair 0 0 -10 359.20 126.24 379.10 164.00 0.0044057
chair 0 0 -10 341.81 129.06 385.52 160.46 0.0039841
chair 0 0 -10 308.27 115.45 375.27 164.88 0.0036428
bookshelf 0 0 -10 114.71 5.06 150.25 96.82 0.0035996
table 0 0 -10 305.46 123.66 386.37 169.93 0.0034836
desk 0 0 -10 301.29 120.86 407.69 257.38 0.0034451
chair 0 0 -10 84.29 101.43 387.05 263.19 0.0034068
chair 0 0 -10 352.83 136.81 492.88 285.50 0.0033507
chair 0 0 -10 278.17 98.27 363.55 185.23 0.0032094
table 0 0 -10 290.24 113.53 392.86 259.93 0.0031429
chair 0 0 -10 370.28 115.52 404.14 223.60 0.0029988
chair 0 0 -10 160.96 97.23 285.53 212.62 0.0029204
table 0 0 -10 233.19 126.43 315.62 172.85 0.0027908
table 0 0 -10 113.73 129.25 341.41 194.44 0.0026639
chair 0 0 -10 460.39 169.08 530.21 263.01 0.0026363
chair 0 0 -10 182.52 140.38 282.90 169.33 0.0026321
chair 0 0 -10 327.92 101.90 384.19 138.88 0.0025934
desk 0 0 -10 221.93 112.16 320.21 248.78 0.0025458
chair 0 0 -10 231.15 107.49 266.76 200.83 0.0023631
table 0 0 -10 323.15 136.37 422.14 177.32 0.0023466
table 0 0 -10 89.37 137.65 310.01 301.30 0.0023091
table 0 0 -10 174.01 89.24 513.21 356.39 0.0022620
desk 0 0 -10 122.00 117.07 331.38 258.80 0.0021482
chair 0 0 -10 113.50 110.32 229.57 244.19 0.0021400
chair 0 0 -10 361.51 91.99 498.00 235.89 0.0021303
desk 0 0 -10 344.90 133.28 546.79 284.46 0.0020526
chair 0 0 -10 270.86 96.72 334.24 226.96 0.0020483
chair 0 0 -10 202.08 131.96 348.47 311.53 0.0019758
chair 0 0 -10 210.22 124.49 255.08 189.66 0.0019752
table 0 0 -10 317.70 112.60 358.84 226.04 0.0019198
desk 0 0 -10 35.74 113.10 541.59 401.53 0.0018941
chair 0 0 -10 540.10 101.58 558.58 219.00 0.0017314
table 0 0 -10 453.65 138.18 554.74 285.68 0.0015894
chair 0 0 -10 36.01 36.29 196.46 246.31 0.0015725
table 0 0 -10 168.82 119.32 272.56 198.73 0.0015482
chair 0 0 -10 138.35 120.16 281.41 276.59 0.0015419
chair 0 0 -10 247.64 134.28 321.28 172.24 0.0015011
table 0 0 -10 167.36 144.01 300.17 169.42 0.0014595
chair 0 0 -10 184.17 139.76 263.58 190.60 0.0014181
table 0 0 -10 197.95 115.05 375.36 199.86 0.0013849
chair 0 0 -10 197.38 73.30 423.64 259.96 0.0013756
table 0 0 -10 75.75 137.62 165.24 259.22 0.0013170
chair 0 0 -10 345.48 100.50 397.98 163.96 0.0013052
chair 0 0 -10 111.45 1.28 159.57 73.90 0.0012886
table 0 0 -10 160.91 133.50 232.09 192.00 0.0012757
table 0 0 -10 296.82 98.05 374.19 173.09 0.0012049
chair 0 0 -10 227.16 0.00 334.20 218.04 0.0011911
desk 0 0 -10 237.91 138.11 433.58 251.74 0.0011570
table 0 0 -10 376.19 112.81 552.96 233.84 0.0011400
table 0 0 -10 273.53 107.08 533.21 209.11 0.0011214
