chair 0 0 -10 310.35 164.98 415.31 286.19 0.9798040
chair 0 0 -10 414.33 171.82 537.55 305.04 0.9712160
chair 0 0 -10 34.10 120.34 105.99 232.25 0.9706628
chair 0 0 -10 145.52 136.91 212.92 218.02 0.9421637
chair 0 0 -10 194.82 140.52 277.52 220.55 0.8721154
chair 0 0 -10 0.38 115.19 35.40 228.74 0.8232140
table 0 0 -10 289.64 156.64 553.14 287.30 0.5422173
desk 0 0 -10 290.45 154.39 557.27 294.00 0.2711719
table 0 0 -10 398.27 153.04 559.76 264.53 0.2675536
chair 0 0 -10 403.22 130.68 467.87 246.16 0.1731404
chair 0 0 -10 173.08 136.83 234.34 228.98 0.1644510
chair 0 0 -10 337.02 129.82 405.39 176.62 0.1388127
chair 0 0 -10 395.74 125.73 465.49 173.45 0.1358779
chair 0 0 -10 0.00 107.02 66.48 237.33 0.1331276
desk 0 0 -10 383.47 158.26 553.16 265.69 0.1183154
chair 0 0 -10 451.34 158.46 539.89 256.38 0.1047006
chair 0 0 -10 324.80 146.94 414.12 242.37 0.1000100
sofa 0 0 -10 207.45 138.28 290.48 219.53 0.0860305
chair 0 0 -10 333.85 163.62 461.40 313.83 0.0711970
chair 0 0 -10 193.91 141.24 244.56 207.53 0.0676761
chair 0 0 -10 413.66 153.25 508.16 244.66 0.0673574
table 0 0 -10 1.50 121.54 37.25 240.59 0.0667332
chair 0 0 -10 336.22 126.08 418.51 208.05 0.0664991
chair 0 0 -10 10.81 116.19 27.64 236.10 0.0652366
chair 0 0 -10 484.58 161.54 559.09 268.43 0.0638616
chair 0 0 -10 204.35 174.07 274.83 226.92 0.0537375
chair 0 0 -10 150.03 141.02 198.17 185.96 0.0525589
chair 0 0 -10 139.24 133.16 329.22 222.77 0.0502922
table 0 0 -10 234.37 152.87 559.49 221.62 0.0497855
chair 0 0 -10 530.73 160.03 561.00 252.75 0.0491139
table 0 0 -10 216.34 176.70 278.52 221.42 0.0428661
table 0 0 -10 140.66 136.05 557.60 333.43 0.0418831
table 0 0 -10 510.67 158.22 559.82 265.39 0.0333158
chair 0 0 -10 405.05 131.65 460.56 159.24 0.0292858
chair 0 0 -10 209.38 133.50 281.57 188.83 0.0292104
chair 0 0 -10 313.62 185.65 403.40 245.31 0.0284936
table 0 0 -10 219.83 165.77 310.04 210.04 0.0272826
desk 0 0 -10 183.05 147.13 560.58 359.87 0.0266012
chair 0 0 -10 390.13 156.00 470.89 303.75 0.0245429
table 0 0 -10 323.61 156.87 472.75 259.34 0.0244283
table 0 0 -10 187.15 158.73 286.22 226.81 0.0227311
chair 0 0 -10 354.73 141.31 432.85 266.61 0.0224220
chair 0 0 -10 364.11 177.32 512.45 343.85 0.0209052
chair 0 0 -10 377.28 124.24 459.25 214.40 0.0207392
chair 0 0 -10 412.00 130.28 505.05 207.82 0.0197383
desk 0 0 -10 229.65 151.70 558.09 222.47 0.0191520
table 0 0 -10 12.39 129.96 110.70 236.94 0.0191248
sofa 0 0 -10 0.07 108.93 29.45 249.17 0.0180131
sofa 0 0 -10 184.34 130.83 541.44 194.80 0.0178264
chair 0 0 -10 1.55 108.08 19.46 239.51 0.0175371
table 0 0 -10 526.27 151.02 560.56 167.37 0.0174102
desk 0 0 -10 511.80 157.23 560.08 269.01 0.0161517
table 0 0 -10 426.30 151.23 559.56 205.37 0.0157459
desk 0 0 -10 348.23 186.33 546.07 345.45 0.0147570
desk 0 0 -10 0.55 119.31 36.83 242.07 0.0145654
chair 0 0 -10 405.51 149.31 473.79 201.33 0.0142424
table 0 0 -10 191.82 136.19 550.91 194.40 0.0141014
sofa 0 0 -10 216.93 133.53 384.99 190.62 0.0133302
table 0 0 -10 544.29 159.36 559.90 261.89 0.0131433
chair 0 0 -10 525.62 144.39 560.71 212.30 0.0129027
chair 0 0 -10 433.10 144.49 525.37 214.96 0.0128387
chair 0 0 -10 193.39 142.53 225.04 188.00 0.0128065
chair 0 0 -10 146.15 133.53 248.13 248.65 0.0125830
table 0 0 -10 524.37 145.51 561.00 209.05 0.0120724
chair 0 0 -10 276.43 133.70 344.11 175.29 0.0119737
desk 0 0 -10 316.49 163.47 487.60 264.13 0.0118786
table 0 0 -10 188.86 121.46 556.11 243.55 0.0113841
table 0 0 -10 1.13 141.11 21.12 257.58 0.0110303
chair 0 0 -10 353.83 128.37 443.43 169.94 0.0104987
chair 0 0 -10 161.84 139.45 222.07 193.17 0.0104011
sofa 0 0 -10 194.59 133.37 352.02 238.84 0.0093488
table 0 0 -10 158.31 151.31 228.12 226.20 0.0089543
table 0 0 -10 555.40 160.63 560.81 264.12 0.0085266
chair 0 0 -10 217.29 186.46 270.66 216.30 0.0084257
table 0 0 -10 338.92 188.05 547.97 341.83 0.0082939
sofa 0 0 -10 238.99 136.17 339.18 218.11 0.0080608
chair 0 0 -10 267.91 165.97 421.87 344.52 0.0079756
table 0 0 -10 540.93 152.18 560.72 172.93 0.0077886
desk 0 0 -10 475.66 157.47 557.23 278.48 0.0077154
desk 0 0 -10 189.77 134.76 549.00 196.26 0.0075849
chair 0 0 -10 279.80 129.28 364.97 229.04 0.0073208
desk 0 0 -10 189.19 157.03 283.18 229.48 0.0072085
chair 0 0 -10 0.02 116.97 9.49 226.83 0.0071982
chair 0 0 -10 554.40 151.20 560.95 247.53 0.0070408
night_stand 0 0 -10 1.55 126.89 27.46 249.78 0.0069862
table 0 0 -10 541.37 152.56 560.71 192.53 0.0066170
desk 0 0 -10 82.12 123.90 559.62 254.94 0.0065752
chair 0 0 -10 465.67 146.14 506.44 232.92 0.0065454
table 0 0 -10 210.94 149.82 373.92 214.25 0.0064672
chair 0 0 -10 471.91 148.01 547.79 224.36 0.0064156
chair 0 0 -10 1.87 109.56 6.62 232.66 0.0064128
chair 0 0 -10 5.32 147.41 20.62 232.95 0.0063507
bed 0 0 -10 1.10 116.56 27.02 248.27 0.0063129
chair 0 0 -10 272.34 174.68 318.11 223.50 0.0060040
chair 0 0 -10 219.89 134.18 356.73 207.11 0.0059327
desk 0 0 -10 413.23 192.22 542.63 295.89 0.0056674
chair 0 0 -10 0.05 109.16 4.55 236.14 0.0056592
desk 0 0 -10 12.04 127.85 108.96 240.98 0.0055217
desk 0 0 -10 535.03 160.56 560.64 271.28 0.0055163
chair 0 0 -10 548.12 157.31 558.77 243.26 0.0055002
