desk 0 0 -10 188.27 237.75 536.82 417.76 0.5095901
table 0 0 -10 183.02 264.91 548.94 411.23 0.2936969
dresser 0 0 -10 492.65 135.53 561.00 303.85 0.2344021
table 0 0 -10 34.67 292.90 192.99 419.41 0.1792308
bookshelf 0 0 -10 494.41 130.58 560.68 310.62 0.1301853
bed 0 0 -10 8.38 295.62 157.07 427.00 0.0507763
bed 0 0 -10 0.60 320.52 74.71 424.81 0.0497771
chair 0 0 -10 5.45 316.10 122.53 427.00 0.0489243
table 0 0 -10 4.35 321.79 99.79 425.13 0.0477641
dresser 0 0 -10 191.14 225.80 511.11 427.00 0.0416832
night_stand 0 0 -10 186.67 217.98 499.68 421.54 0.0376791
desk 0 0 -10 200.12 346.90 558.71 419.44 0.0338321
bookshelf 0 0 -10 191.24 216.73 509.30 427.00 0.0334558
table 0 0 -10 195.99 347.05 553.20 418.96 0.0322694
chair 0 0 -10 6.71 382.60 154.41 427.00 0.0162480
table 0 0 -10 10.54 345.55 152.89 426.44 0.0161611
table 0 0 -10 495.99 291.18 561.00 386.69 0.0144133
dresser 0 0 -10 3.59 125.43 40.26 321.13 0.0135674
desk 0 0 -10 466.59 286.77 559.28 422.13 0.0129265
desk 0 0 -10 25.18 306.74 178.61 426.15 0.0126542
chair 0 0 -10 9.61 397.99 120.43 427.00 0.0113771
chair 0 0 -10 32.77 306.43 190.17 427.00 0.0093349
table 0 0 -10 193.97 388.40 511.73 423.54 0.0087673
table 0 0 -10 30.67 314.53 314.14 425.15 0.0081548
chair 0 0 -10 267.04 296.36 550.61 423.18 0.0074047
chair 0 0 -10 218.44 232.39 494.90 410.93 0.0068227
desk 0 0 -10 3.71 320.50 98.48 425.36 0.0067494
sofa 0 0 -10 2.11 320.29 73.88 422.87 0.0055604
bed 0 0 -10 174.12 211.23 531.63 424.77 0.0048711
desk 0 0 -10 498.15 288.42 561.00 388.57 0.0042447
desk 0 0 -10 225.10 394.28 518.21 425.40 0.0041624
desk 0 0 -10 352.63 286.61 559.73 415.71 0.0037612
bookshelf 0 0 -10 218.30 302.64 560.53 417.62 0.0036728
table 0 0 -10 58.85 241.44 428.10 423.35 0.0035972
chair 0 0 -10 5.39 360.56 261.09 427.00 0.0035533
night_stand 0 0 -10 36.56 305.60 197.78 416.38 0.0035415
chair 0 0 -10 31.21 397.01 182.41 426.14 0.0035250
table 0 0 -10 202.61 214.80 503.77 378.49 0.0034313
sofa 0 0 -10 8.94 299.74 160.13 426.17 0.0032964
bathtub 0 0 -10 191.17 224.10 491.33 416.93 0.0032287
table 0 0 -10 206.84 290.78 492.88 372.71 0.0030374
bookshelf 0 0 -10 7.72 294.18 155.93 425.76 0.0029615
chair 0 0 -10 28.46 394.65 327.97 425.95 0.0029073
table 0 0 -10 457.64 290.63 561.00 416.87 0.0029027
bed 0 0 -10 2.70 120.01 39.15 342.15 0.0028235
bookshelf 0 0 -10 3.35 318.07 97.96 425.39 0.0026630
desk 0 0 -10 485.18 204.96 560.88 401.22 0.0025488
toilet 0 0 -10 193.57 215.63 482.58 426.88 0.0025151
table 0 0 -10 182.80 280.42 531.23 335.20 0.0025098
night_stand 0 0 -10 493.69 139.83 561.00 298.29 0.0024677
chair 0 0 -10 244.32 393.91 515.94 427.00 0.0024284
night_stand 0 0 -10 3.54 324.02 99.68 422.47 0.0022003
table 0 0 -10 41.75 378.03 174.58 427.00 0.0021907
sofa 0 0 -10 182.75 216.79 528.84 418.77 0.0021595
chair 0 0 -10 41.56 405.83 114.31 426.70 0.0020454
chair 0 0 -10 151.70 348.36 472.13 427.00 0.0020421
desk 0 0 -10 45.33 232.63 430.70 422.99 0.0020337
chair 0 0 -10 488.32 138.87 561.00 316.87 0.0019663
bed 0 0 -10 0.00 120.21 61.73 407.82 0.0019034
dresser 0 0 -10 3.85 320.28 98.14 426.50 0.0018066
table 0 0 -10 215.63 361.49 514.85 395.47 0.0017121
desk 0 0 -10 191.53 299.00 509.85 389.98 0.0016484
desk 0 0 -10 218.35 360.59 518.06 396.10 0.0016249
desk 0 0 -10 27.75 315.01 318.65 426.42 0.0016157
table 0 0 -10 209.87 217.40 442.27 274.23 0.0014845
dresser 0 0 -10 8.71 297.99 156.42 427.00 0.0014607
bed 0 0 -10 0.28 231.61 114.96 424.20 0.0013882
desk 0 0 -10 411.18 328.26 558.58 416.11 0.0013733
table 0 0 -10 127.58 245.88 284.91 420.26 0.0013414
dresser 0 0 -10 504.40 9.94 561.00 253.18 0.0013298
toilet 0 0 -10 3.43 323.03 100.38 427.00 0.0013061
table 0 0 -10 345.38 293.58 560.47 415.41 0.0012866
desk 0 0 -10 190.54 279.65 526.52 335.73 0.0012806
desk 0 0 -10 200.41 250.84 491.53 313.87 0.0012551
chair 0 0 -10 304.26 209.56 478.26 381.90 0.0011398
chair 0 0 -10 198.99 406.83 549.25 425.61 0.0010870
table 0 0 -10 483.81 223.28 560.76 408.25 0.0010412
table 0 0 -10 199.37 405.23 539.04 426.19 0.0010314
desk 0 0 -10 7.27 379.87 161.63 426.37 0.0010101
chair 0 0 -10 287.08 301.01 408.93 398.03 0.0009855
bookshelf 0 0 -10 1.25 120.21 38.65 327.45 0.0009845
table 0 0 -10 492.92 139.36 559.45 305.21 0.0009726
chair 0 0 -10 40.15 358.07 133.37 427.00 0.0009489
chair 0 0 -10 3.20 216.07 109.29 426.54 0.0009206
chair 0 0 -10 493.42 196.90 561.00 390.99 0.0008538
bed 0 0 -10 491.07 127.73 561.00 313.10 0.0008391
chair 0 0 -10 5.67 413.81 114.75 427.00 0.0008242
chair 0 0 -10 75.40 385.06 169.79 427.00 0.0007912
chair 0 0 -10 303.76 307.78 367.28 364.86 0.0007829
desk 0 0 -10 48.70 257.29 226.40 424.07 0.0007706
desk 0 0 -10 488.88 132.62 561.00 299.60 0.0007358
bookshelf 0 0 -10 179.68 357.90 534.37 427.00 0.0007177
chair 0 0 -10 1.83 294.34 74.05 423.17 0.0007168
dresser 0 0 -10 430.34 130.58 557.35 298.06 0.0007159
table 0 0 -10 195.27 261.03 310.71 416.42 0.0007120
chair 0 0 -10 1.07 125.16 61.90 409.87 0.0007046
bathtub 0 0 -10 2.19 323.88 104.63 424.79 0.0007027
chair 0 0 -10 254.66 352.62 467.93 404.76 0.0007010
table 0 0 -10 232.57 329.11 303.30 391.43 0.0006893
table 0 0 -10 2.04 324.97 66.21 399.41 0.0006727
