dresser 0 0 -10 68.28 32.92 428.49 394.81 0.8441419
desk 0 0 -10 53.29 133.83 524.74 413.97 0.0758195
dresser 0 0 -10 175.85 9.33 415.20 291.94 0.0492855
bathtub 0 0 -10 3.83 299.17 126.77 390.73 0.0490964
bed 0 0 -10 22.05 210.81 552.82 421.10 0.0453815
dresser 0 0 -10 18.95 215.81 557.78 421.96 0.0233859
table 0 0 -10 24.89 216.01 547.40 424.29 0.0212104
bed 0 0 -10 85.00 299.40 542.02 425.23 0.0178139
dresser 0 0 -10 184.19 132.12 437.63 353.93 0.0148097
night_stand 0 0 -10 74.12 67.65 430.41 377.56 0.0143310
bathtub 0 0 -10 57.27 284.26 528.59 425.08 0.0124928
bed 0 0 -10 75.95 23.91 443.91 396.89 0.0095177
table 0 0 -10 77.96 83.11 419.49 385.41 0.0091947
dresser 0 0 -10 330.96 8.20 423.30 271.43 0.0091228
dresser 0 0 -10 278.91 9.34 508.95 226.92 0.0069492
bookshelf 0 0 -10 71.73 8.69 421.39 395.31 0.0063929
dresser 0 0 -10 383.30 0.70 539.61 218.77 0.0061740
desk 0 0 -10 50.38 271.36 528.33 422.59 0.0059984
bookshelf 0 0 -10 482.20 2.27 558.74 174.54 0.0059386
table 0 0 -10 70.35 307.76 484.99 426.04 0.0055251
table 0 0 -10 267.72 228.42 551.32 426.54 0.0052777
chair 0 0 -10 99.63 255.50 498.93 423.90 0.0043398
dresser 0 0 -10 101.91 13.93 418.34 172.42 0.0042945
chair 0 0 -10 319.43 259.10 555.49 424.97 0.0038555
bookshelf 0 0 -10 527.25 2.81 559.59 189.80 0.0034968
bathtub 0 0 -10 1.64 293.51 266.28 420.87 0.0033691
dresser 0 0 -10 356.60 1.08 462.37 237.16 0.0027877
bed 0 0 -10 277.32 237.59 556.11 427.00 0.0027582
bathtub 0 0 -10 46.16 151.66 533.83 414.80 0.0022835
chair 0 0 -10 201.65 347.16 548.05 422.52 0.0021786
table 0 0 -10 91.16 338.01 288.76 424.45 0.0020104
night_stand 0 0 -10 122.29 143.66 531.58 404.62 0.0018521
bathtub 0 0 -10 2.44 263.82 110.30 368.47 0.0018126
chair 0 0 -10 154.59 149.30 538.04 414.51 0.0017657
chair 0 0 -10 83.49 302.47 358.49 421.82 0.0017437
table 0 0 -10 57.02 4.37 437.78 252.76 0.0016138
dresser 0 0 -10 73.93 282.93 458.42 421.41 0.0015807
dresser 0 0 -10 58.16 8.08 245.75 336.59 0.0015687
desk 0 0 -10 75.18 1.04 483.00 328.50 0.0015350
sofa 0 0 -10 30.49 221.80 551.71 421.64 0.0015319
toilet 0 0 -10 7.97 301.53 124.87 389.66 0.0015306
table 0 0 -10 1.05 275.76 141.08 410.09 0.0014368
bookshelf 0 0 -10 395.35 4.39 546.38 190.04 0.0013705
chair 0 0 -10 101.06 326.96 275.84 398.03 0.0013333
bathtub 0 0 -10 2.09 254.76 141.96 416.51 0.0013304
dresser 0 0 -10 481.41 7.24 560.24 170.71 0.0012358
desk 0 0 -10 239.13 210.92 559.67 425.65 0.0010707
night_stand 0 0 -10 87.32 258.53 540.70 420.42 0.0010158
chair 0 0 -10 153.75 364.68 409.41 425.07 0.0009901
dresser 0 0 -10 70.30 143.27 252.57 391.10 0.0009694
chair 0 0 -10 0.00 264.43 172.72 410.91 0.0009438
bookshelf 0 0 -10 36.65 199.37 551.97 419.61 0.0008739
chair 0 0 -10 121.42 37.06 440.03 389.23 0.0008420
dresser 0 0 -10 70.86 16.46 208.11 199.40 0.0008309
dresser 0 0 -10 223.00 243.84 426.45 418.41 0.0008227
chair 0 0 -10 37.88 167.29 407.11 416.47 0.0007686
toilet 0 0 -10 57.22 281.24 508.24 423.68 0.0007132
sofa 0 0 -10 277.47 242.64 557.14 427.00 0.0007003
chair 0 0 -10 438.09 187.52 559.99 425.93 0.0006727
bathtub 0 0 -10 289.07 242.44 561.00 423.34 0.0005626
dresser 0 0 -10 526.65 5.26 560.12 184.53 0.0005490
dresser 0 0 -10 21.96 73.78 193.26 395.87 0.0005482
night_stand 0 0 -10 86.73 5.94 420.30 250.70 0.0005450
chair 0 0 -10 145.85 0.00 282.99 171.39 0.0005100
table 0 0 -10 79.15 2.60 415.02 137.23 0.0005037
chair 0 0 -10 485.58 0.00 561.00 55.92 0.0005023
dresser 0 0 -10 212.33 51.31 517.49 373.88 0.0004971
table 0 0 -10 11.65 293.98 271.26 421.31 0.0004762
table 0 0 -10 420.32 193.77 554.70 425.68 0.0004575
dresser 0 0 -10 93.34 263.58 297.80 402.53 0.0004410
toilet 0 0 -10 47.92 149.64 513.27 422.23 0.0004384
dresser 0 0 -10 263.37 67.57 464.47 273.09 0.0004257
desk 0 0 -10 156.94 128.64 442.09 364.00 0.0004037
desk 0 0 -10 82.02 312.85 377.57 423.08 0.0004030
bookshelf 0 0 -10 475.64 0.06 558.86 79.98 0.0003948
night_stand 0 0 -10 192.21 141.17 439.51 352.44 0.0003849
chair 0 0 -10 236.78 220.38 451.66 414.38 0.0003762
bathtub 0 0 -10 79.72 309.73 360.57 424.44 0.0003736
bathtub 0 0 -10 0.25 280.72 69.38 401.25 0.0003617
bookshelf 0 0 -10 133.36 0.00 463.57 225.48 0.0003592
chair 0 0 -10 36.40 338.47 274.30 426.76 0.0003509
chair 0 0 -10 324.10 0.00 421.29 107.67 0.0003274
toilet 0 0 -10 0.00 282.80 164.13 414.70 0.0003109
chair 0 0 -10 9.88 300.93 129.70 390.88 0.0003105
dresser 0 0 -10 287.67 238.93 555.06 425.59 0.0003057
bathtub 0 0 -10 115.29 40.11 441.09 391.19 0.0002892
sofa 0 0 -10 65.33 329.86 511.67 426.59 0.0002862
dresser 0 0 -10 7.71 213.09 173.44 387.74 0.0002825
chair 0 0 -10 180.81 0.00 476.16 227.09 0.0002797
chair 0 0 -10 354.80 0.53 512.86 161.41 0.0002732
table 0 0 -10 532.84 87.76 560.43 195.16 0.0002711
desk 0 0 -10 205.76 245.69 435.15 417.62 0.0002669
bed 0 0 -10 112.33 351.52 359.05 425.06 0.0002630
bookshelf 0 0 -10 152.92 1.91 416.04 142.22 0.0002617
sofa 0 0 -10 85.40 68.43 435.36 383.48 0.0002615
dresser 0 0 -10 254.30 3.82 454.42 149.46 0.0002500
chair 0 0 -10 461.68 3.13 554.79 211.89 0.0002480
bookshelf 0 0 -10 545.89 0.00 560.72 192.07 0.0002456
night_stand 0 0 -10 89.73 313.72 358.24 419.24 0.0002222
chair 0 0 -10 22.01 199.46 243.31 415.47 0.0002203
