chair 0 0 -10 367.82 105.16 521.24 356.31 0.9874761
chair 0 0 -10 94.99 108.41 297.90 425.69 0.9873905
chair 0 0 -10 82.87 104.88 201.64 318.29 0.9708981
desk 0 0 -10 1.97 119.22 152.29 267.32 0.9604230
desk 0 0 -10 67.46 112.19 343.64 263.95 0.6771639
desk 0 0 -10 312.84 118.70 550.72 287.20 0.6663184
desk 0 0 -10 494.33 148.11 560.68 368.38 0.6599501
desk 0 0 -10 29.52 109.73 547.33 283.50 0.5366638
desk 0 0 -10 513.87 158.53 560.73 307.28 0.4517966
desk 0 0 -10 292.92 129.71 500.92 224.85 0.3618213
table 0 0 -10 511.30 163.68 560.91 298.22 0.3565648
desk 0 0 -10 0.00 118.04 222.67 318.70 0.3235999
table 0 0 -10 496.98 134.44 561.00 397.50 0.3141112
desk 0 0 -10 2.90 142.57 78.45 281.71 0.3140942
desk 0 0 -10 135.20 125.06 455.00 240.86 0.3105420
desk 0 0 -10 148.92 121.09 311.71 230.52 0.2133052
desk 0 0 -10 416.98 126.72 558.77 320.11 0.1843168
chair 0 0 -10 416.84 101.24 511.00 286.90 0.1152840
table 0 0 -10 464.55 146.78 561.00 309.33 0.1005475
chair 0 0 -10 123.95 101.67 209.09 263.43 0.0970727
desk 0 0 -10 143.65 104.19 267.12 200.64 0.0929032
table 0 0 -10 0.00 140.04 81.36 278.71 0.0848267
chair 0 0 -10 136.52 102.61 289.10 314.55 0.0753537
table 0 0 -10 288.54 125.52 558.39 311.11 0.0669315
desk 0 0 -10 119.90 112.57 292.68 332.81 0.0667214
table 0 0 -10 0.00 126.37 203.91 306.94 0.0661626
table 0 0 -10 120.71 107.21 302.88 261.14 0.0617798
chair 0 0 -10 373.50 102.22 491.42 265.47 0.0566738
desk 0 0 -10 213.60 131.36 365.16 235.99 0.0540135
desk 0 0 -10 135.68 110.12 226.02 238.00 0.0477708
desk 0 0 -10 39.81 117.20 205.14 247.65 0.0408762
desk 0 0 -10 38.61 95.66 357.47 366.65 0.0406988
table 0 0 -10 328.44 108.54 517.95 256.91 0.0370504
desk 0 0 -10 526.96 113.08 561.00 406.44 0.0369615
chair 0 0 -10 519.04 196.51 561.00 394.86 0.0347426
table 0 0 -10 533.61 139.04 560.88 410.65 0.0319114
chair 0 0 -10 1.03 194.28 45.30 287.87 0.0287841
table 0 0 -10 0.79 126.26 140.27 257.78 0.0230256
chair 0 0 -10 1.46 150.98 67.56 275.89 0.0212745
desk 0 0 -10 390.35 133.51 541.46 227.85 0.0183824
chair 0 0 -10 374.22 102.09 410.63 232.41 0.0176873
table 0 0 -10 78.12 118.00 529.14 374.90 0.0170445
chair 0 0 -10 120.80 100.78 204.84 186.69 0.0167824
chair 0 0 -10 368.73 95.71 437.40 248.74 0.0153587
chair 0 0 -10 99.59 103.00 187.22 231.24 0.0153307
table 0 0 -10 0.36 147.83 33.03 296.67 0.0145086
chair 0 0 -10 193.71 104.11 288.89 270.91 0.0139689
table 0 0 -10 1.33 191.48 49.23 283.71 0.0138618
chair 0 0 -10 464.10 119.41 539.13 281.60 0.0130599
chair 0 0 -10 142.72 105.43 249.04 250.69 0.0128421
table 0 0 -10 290.96 132.45 498.42 223.97 0.0122415
desk 0 0 -10 52.10 133.59 167.68 295.77 0.0107694
desk 0 0 -10 261.54 124.05 424.56 237.05 0.0105376
chair 0 0 -10 527.52 252.26 561.00 359.77 0.0103248
desk 0 0 -10 108.76 101.00 209.04 195.88 0.0099063
desk 0 0 -10 104.76 102.22 361.09 191.32 0.0088103
table 0 0 -10 551.81 158.58 561.00 378.39 0.0087445
desk 0 0 -10 535.14 147.95 559.80 294.01 0.0079057
desk 0 0 -10 286.40 137.05 367.52 235.94 0.0076985
table 0 0 -10 134.08 108.09 229.74 237.53 0.0069690
table 0 0 -10 411.87 123.26 539.37 277.49 0.0067798
desk 0 0 -10 331.79 160.35 546.68 382.48 0.0067354
table 0 0 -10 525.36 248.59 560.38 356.08 0.0066725
desk 0 0 -10 366.23 120.75 485.36 320.13 0.0066387
table 0 0 -10 90.27 171.14 204.45 336.75 0.0065021
table 0 0 -10 137.19 127.97 461.80 238.57 0.0062154
chair 0 0 -10 71.39 225.84 259.13 421.10 0.0060569
desk 0 0 -10 0.46 98.68 219.51 200.72 0.0059420
chair 0 0 -10 462.59 154.55 558.65 398.90 0.0058971
table 0 0 -10 47.63 146.45 224.63 386.04 0.0058664
chair 0 0 -10 76.92 135.21 143.80 315.32 0.0057991
table 0 0 -10 541.24 263.03 559.94 404.54 0.0056243
desk 0 0 -10 81.85 158.11 261.91 415.20 0.0054966
desk 0 0 -10 63.90 98.25 151.33 233.14 0.0054889
desk 0 0 -10 118.22 75.84 534.26 396.09 0.0054070
table 0 0 -10 100.06 89.34 321.03 356.99 0.0052689
table 0 0 -10 140.63 106.33 272.38 199.27 0.0052505
desk 0 0 -10 311.94 125.57 529.94 188.85 0.0050348
chair 0 0 -10 3.64 133.59 42.12 260.19 0.0050108
desk 0 0 -10 1.00 143.47 38.82 292.55 0.0048679
desk 0 0 -10 168.19 131.35 343.95 199.59 0.0046320
table 0 0 -10 71.38 107.53 236.60 268.11 0.0045137
table 0 0 -10 1.44 149.25 16.50 293.62 0.0043999
chair 0 0 -10 517.35 162.40 559.73 308.73 0.0043764
desk 0 0 -10 199.17 105.30 293.13 261.02 0.0043577
desk 0 0 -10 106.37 124.19 203.68 309.24 0.0043236
dresser 0 0 -10 282.27 135.85 363.27 233.59 0.0043163
chair 0 0 -10 63.85 114.50 166.91 268.08 0.0042249
table 0 0 -10 92.94 194.56 268.49 422.02 0.0039062
chair 0 0 -10 171.24 104.83 271.92 211.62 0.0037920
desk 0 0 -10 545.72 158.51 561.00 373.32 0.0036897
chair 0 0 -10 91.02 178.88 140.24 295.40 0.0036743
table 0 0 -10 534.52 151.89 560.19 291.79 0.0036417
table 0 0 -10 286.08 138.07 366.81 235.69 0.0034896
desk 0 0 -10 177.92 118.29 381.51 304.63 0.0034727
table 0 0 -10 328.22 168.42 549.25 379.04 0.0034008
desk 0 0 -10 137.59 92.29 504.99 178.08 0.0031966
table 0 0 -10 542.47 166.00 561.00 347.49 0.0030387
chair 0 0 -10 2.02 117.63 82.22 238.51 0.0030202
table 0 0 -10 366.61 121.16 487.75 320.37 0.0028772
