table 0 0 -10 0.00 320.66 561.00 422.94 0.7494795
desk 0 0 -10 184.69 337.91 553.16 427.00 0.2929846
table 0 0 -10 241.98 361.82 558.75 427.00 0.2799129
table 0 0 -10 421.57 390.67 560.51 426.81 0.1798515
chair 0 0 -10 0.91 289.49 64.37 399.49 0.1717286
desk 0 0 -10 423.50 389.92 558.11 427.00 0.1453928
desk 0 0 -10 285.43 380.09 552.37 426.19 0.1318570
desk 0 0 -10 4.74 321.77 439.48 421.81 0.0635850
table 0 0 -10 0.00 336.85 67.22 406.62 0.0588622
table 0 0 -10 119.52 330.74 416.13 427.00 0.0510786
table 0 0 -10 0.00 338.27 59.52 368.52 0.0321428
chair 0 0 -10 417.89 380.66 561.00 427.00 0.0306761
table 0 0 -10 326.57 378.02 483.84 427.00 0.0289960
table 0 0 -10 25.68 318.97 278.77 422.04 0.0282525
table 0 0 -10 2.34 306.17 81.33 420.64 0.0245869
chair 0 0 -10 330.60 340.05 444.98 425.13 0.0216032
chair 0 0 -10 200.14 330.49 517.31 423.11 0.0145734
table 0 0 -10 226.43 340.27 387.36 426.79 0.0145128
table 0 0 -10 440.73 406.10 558.64 427.00 0.0143596
desk 0 0 -10 229.25 336.33 384.17 423.64 0.0138033
chair 0 0 -10 288.49 324.03 452.86 392.62 0.0135088
chair 0 0 -10 1.05 297.55 46.66 367.97 0.0128590
desk 0 0 -10 293.45 353.89 469.46 426.31 0.0121618
table 0 0 -10 0.09 325.10 31.48 427.00 0.0097819
chair 0 0 -10 326.74 382.45 532.10 427.00 0.0084925
table 0 0 -10 268.38 345.88 514.65 403.76 0.0082955
table 0 0 -10 270.82 362.01 413.34 426.79 0.0079300
chair 0 0 -10 39.74 332.47 400.60 420.07 0.0075999
table 0 0 -10 509.70 403.29 561.00 426.43 0.0070222
chair 0 0 -10 0.36 120.64 59.63 426.01 0.0070013
desk 0 0 -10 3.86 299.07 82.40 413.13 0.0069905
chair 0 0 -10 449.26 399.63 559.38 426.40 0.0064294
chair 0 0 -10 0.99 335.65 62.93 384.84 0.0063808
desk 0 0 -10 441.39 405.86 558.37 427.00 0.0062072
chair 0 0 -10 374.75 352.02 552.52 427.00 0.0061409
table 0 0 -10 35.35 299.81 451.09 385.00 0.0058719
chair 0 0 -10 487.95 408.66 560.50 427.00 0.0052842
chair 0 0 -10 2.52 191.92 43.78 407.54 0.0049771
table 0 0 -10 432.45 416.28 558.73 426.99 0.0046943
table 0 0 -10 0.00 239.54 59.49 419.36 0.0044597
chair 0 0 -10 8.09 314.37 251.85 420.05 0.0043729
bookshelf 0 0 -10 2.06 76.60 118.58 330.50 0.0043702
table 0 0 -10 2.94 311.52 166.01 403.68 0.0039831
desk 0 0 -10 432.41 416.58 547.36 427.00 0.0038956
table 0 0 -10 289.70 325.41 471.59 424.61 0.0038793
chair 0 0 -10 1.78 338.34 55.99 363.85 0.0037426
chair 0 0 -10 0.56 301.56 31.25 425.16 0.0034911
table 0 0 -10 478.22 384.46 561.00 423.63 0.0031958
chair 0 0 -10 1.43 59.84 105.50 389.67 0.0030789
bed 0 0 -10 5.67 315.52 315.28 427.00 0.0029236
table 0 0 -10 222.04 332.09 456.78 390.43 0.0029097
chair 0 0 -10 382.45 410.56 561.00 427.00 0.0027725
chair 0 0 -10 384.43 382.50 460.75 427.00 0.0026161
chair 0 0 -10 325.35 374.09 412.11 426.10 0.0025757
table 0 0 -10 0.00 312.39 67.78 377.22 0.0025102
chair 0 0 -10 1.31 111.01 29.52 359.67 0.0024716
desk 0 0 -10 0.00 248.37 486.93 412.59 0.0023865
table 0 0 -10 434.25 423.54 558.41 427.00 0.0023174
chair 0 0 -10 505.16 386.63 561.00 426.38 0.0023116
table 0 0 -10 9.08 238.30 536.78 414.02 0.0022762
chair 0 0 -10 0.28 321.16 96.93 422.02 0.0019396
table 0 0 -10 527.47 392.42 560.68 420.64 0.0018515
chair 0 0 -10 371.08 382.73 423.88 426.62 0.0017200
table 0 0 -10 446.16 420.20 542.39 427.00 0.0016317
bed 0 0 -10 37.11 130.58 407.22 391.99 0.0016163
desk 0 0 -10 0.43 337.40 62.39 409.70 0.0016157
desk 0 0 -10 255.76 350.65 547.47 401.40 0.0015237
table 0 0 -10 0.00 120.66 21.79 363.26 0.0014182
table 0 0 -10 1.00 306.71 17.57 426.85 0.0014130
desk 0 0 -10 374.31 380.39 469.29 427.00 0.0013748
table 0 0 -10 80.79 315.62 313.44 382.27 0.0013713
dresser 0 0 -10 0.00 62.97 119.02 331.92 0.0013581
chair 0 0 -10 432.73 416.84 541.71 426.89 0.0013401
chair 0 0 -10 329.92 395.72 450.65 426.79 0.0012785
desk 0 0 -10 375.42 348.93 561.00 427.00 0.0012591
chair 0 0 -10 325.60 344.26 520.59 399.56 0.0012072
bed 0 0 -10 3.89 289.37 560.19 423.80 0.0011873
table 0 0 -10 0.00 288.29 46.15 364.88 0.0011520
table 0 0 -10 0.00 61.99 117.14 330.78 0.0011372
chair 0 0 -10 148.21 361.50 409.54 421.96 0.0010917
desk 0 0 -10 0.00 120.88 561.00 399.61 0.0010734
table 0 0 -10 27.29 169.40 411.61 391.48 0.0010253
sofa 0 0 -10 11.34 328.05 495.04 423.01 0.0009625
table 0 0 -10 507.98 373.37 561.00 416.89 0.0009586
chair 0 0 -10 317.10 299.54 419.29 408.26 0.0009348
chair 0 0 -10 59.15 282.01 497.53 417.72 0.0009311
desk 0 0 -10 0.27 234.14 56.84 419.89 0.0009275
chair 0 0 -10 303.87 302.98 489.40 427.00 0.0009082
chair 0 0 -10 247.55 337.14 395.39 422.83 0.0008336
table 0 0 -10 0.00 138.94 44.17 400.87 0.0008241
desk 0 0 -10 149.37 331.37 420.95 411.01 0.0008174
chair 0 0 -10 3.71 90.56 13.48 424.55 0.0008135
desk 0 0 -10 342.64 408.45 561.00 426.54 0.0008134
desk 0 0 -10 325.03 389.45 493.50 427.00 0.0008085
desk 0 0 -10 490.92 397.63 560.87 426.25 0.0007993
table 0 0 -10 3.94 106.77 13.12 412.11 0.0007833
desk 0 0 -10 0.50 299.46 259.36 409.55 0.0007723
chair 0 0 -10 2.61 256.50 33.59 372.89 0.0007570
table 0 0 -10 3.06 341.50 7.59 421.96 0.0007523
chair 0 0 -10 11.85 364.98 323.73 422.82 0.0007444
