desk 0 0 -10 4.39 178.77 545.84 422.94 0.8898886
table 0 0 -10 4.60 188.98 561.00 415.01 0.1498655
desk 0 0 -10 275.21 183.54 559.25 410.54 0.1290481
chair 0 0 -10 533.82 105.92 561.00 285.54 0.0229482
chair 0 0 -10 187.33 196.35 513.21 417.67 0.0206247
chair 0 0 -10 51.20 211.55 416.87 422.37 0.0160791
desk 0 0 -10 449.09 171.24 558.96 403.87 0.0100006
desk 0 0 -10 36.96 193.39 388.77 374.99 0.0097816
desk 0 0 -10 175.63 195.63 431.94 414.33 0.0077912
desk 0 0 -10 501.10 142.12 560.96 413.79 0.0074588
chair 0 0 -10 341.12 204.29 510.22 414.77 0.0062553
chair 0 0 -10 506.36 110.26 558.33 288.50 0.0056246
dresser 0 0 -10 502.18 133.28 561.00 406.93 0.0055724
table 0 0 -10 272.24 190.01 558.26 406.13 0.0052687
chair 0 0 -10 453.78 130.15 559.35 378.57 0.0039364
chair 0 0 -10 547.87 84.58 561.00 260.03 0.0038160
dresser 0 0 -10 528.85 146.47 560.66 394.08 0.0037832
chair 0 0 -10 397.42 258.65 548.59 426.45 0.0037732
desk 0 0 -10 0.00 192.93 248.98 410.88 0.0036732
chair 0 0 -10 527.79 114.25 560.99 196.86 0.0033143
chair 0 0 -10 14.26 231.29 245.23 423.16 0.0032790
table 0 0 -10 38.50 195.87 397.68 369.47 0.0032650
desk 0 0 -10 375.52 182.21 554.33 297.35 0.0032084
desk 0 0 -10 461.46 176.26 555.99 301.83 0.0031380
dresser 0 0 -10 209.50 191.94 558.96 427.00 0.0026950
chair 0 0 -10 285.99 194.92 463.05 398.15 0.0026053
table 0 0 -10 176.87 198.33 436.27 417.23 0.0025707
chair 0 0 -10 524.98 144.05 560.68 179.04 0.0023063
table 0 0 -10 290.41 385.62 419.13 426.97 0.0023055
bookshelf 0 0 -10 23.37 181.04 553.70 425.05 0.0022867
table 0 0 -10 10.41 272.50 461.52 423.67 0.0021096
table 0 0 -10 233.03 390.97 469.74 426.50 0.0019559
bookshelf 0 0 -10 539.01 118.15 561.00 259.30 0.0019259
bed 0 0 -10 22.92 172.91 559.33 424.29 0.0019241
chair 0 0 -10 473.51 153.14 557.75 303.47 0.0019034
desk 0 0 -10 528.21 151.68 560.44 397.96 0.0018326
sofa 0 0 -10 525.99 145.05 560.11 179.03 0.0017234
chair 0 0 -10 132.07 183.49 323.01 401.30 0.0017172
table 0 0 -10 411.44 168.56 556.60 349.72 0.0017167
sofa 0 0 -10 24.28 191.63 561.00 419.71 0.0016212
table 0 0 -10 538.24 136.41 560.70 262.14 0.0015670
desk 0 0 -10 0.00 284.01 453.50 419.57 0.0014776
sofa 0 0 -10 535.11 108.84 560.51 266.95 0.0014029
desk 0 0 -10 381.02 231.56 556.25 425.49 0.0013870
dresser 0 0 -10 427.81 131.46 556.88 382.30 0.0012604
night_stand 0 0 -10 125.25 180.32 561.00 427.00 0.0012327
chair 0 0 -10 428.62 178.13 549.59 287.12 0.0012237
sofa 0 0 -10 527.90 126.45 560.35 210.49 0.0012037
table 0 0 -10 523.82 136.98 559.24 206.16 0.0011843
desk 0 0 -10 6.68 235.93 158.16 383.36 0.0011189
table 0 0 -10 524.42 148.28 559.28 178.77 0.0010641
chair 0 0 -10 270.50 237.87 400.08 370.78 0.0010560
dresser 0 0 -10 3.92 186.12 383.57 427.00 0.0009470
desk 0 0 -10 517.41 129.60 559.78 279.93 0.0009293
chair 0 0 -10 303.93 128.11 546.22 365.92 0.0009236
desk 0 0 -10 139.56 188.64 543.57 314.58 0.0009180
chair 0 0 -10 205.59 196.96 364.04 415.62 0.0009165
desk 0 0 -10 63.08 176.51 386.63 283.13 0.0009047
chair 0 0 -10 302.13 153.70 473.91 304.89 0.0007600
bathtub 0 0 -10 20.12 189.60 541.90 414.51 0.0007494
chair 0 0 -10 497.47 107.28 560.82 208.71 0.0007356
dresser 0 0 -10 532.97 91.14 557.41 308.52 0.0007249
desk 0 0 -10 411.66 92.68 561.00 375.45 0.0007239
chair 0 0 -10 501.45 66.25 560.83 388.12 0.0007082
table 0 0 -10 534.08 160.86 559.92 223.86 0.0006613
bookshelf 0 0 -10 545.58 71.34 559.79 245.41 0.0006530
chair 0 0 -10 544.27 158.48 561.00 323.00 0.0006143
table 0 0 -10 405.80 216.86 555.58 426.20 0.0006078
table 0 0 -10 542.62 171.90 560.28 210.72 0.0006061
chair 0 0 -10 261.12 336.04 554.48 422.52 0.0005917
desk 0 0 -10 538.70 136.10 561.00 261.88 0.0005810
table 0 0 -10 134.32 189.84 543.18 314.79 0.0005760
desk 0 0 -10 527.62 180.32 560.52 280.58 0.0005721
toilet 0 0 -10 43.02 183.09 517.70 424.11 0.0005682
table 0 0 -10 62.29 179.45 392.09 281.49 0.0005520
table 0 0 -10 523.37 168.28 558.84 202.80 0.0005482
chair 0 0 -10 539.18 81.87 558.95 217.09 0.0005452
table 0 0 -10 538.32 169.85 559.61 192.70 0.0005448
sofa 0 0 -10 545.76 95.62 559.59 246.49 0.0005107
dresser 0 0 -10 539.27 128.47 560.99 261.20 0.0004991
night_stand 0 0 -10 538.62 132.04 561.00 259.41 0.0004876
night_stand 0 0 -10 545.19 89.74 559.94 245.70 0.0004728
table 0 0 -10 545.41 89.71 559.56 248.49 0.0004711
chair 0 0 -10 491.38 213.51 561.00 416.52 0.0004645
table 0 0 -10 516.13 132.31 560.25 282.19 0.0004480
dresser 0 0 -10 520.92 250.54 560.44 427.00 0.0004455
chair 0 0 -10 522.25 150.76 560.77 242.54 0.0004365
desk 0 0 -10 39.39 5.28 561.00 253.62 0.0004202
table 0 0 -10 120.24 6.76 327.32 154.35 0.0004198
bed 0 0 -10 538.20 123.20 561.00 265.61 0.0004159
table 0 0 -10 543.72 166.59 559.40 184.92 0.0004054
chair 0 0 -10 129.36 278.09 349.44 423.42 0.0004030
table 0 0 -10 0.00 200.24 259.44 414.47 0.0004018
table 0 0 -10 499.37 158.16 560.80 415.32 0.0003950
chair 0 0 -10 96.62 155.59 291.64 328.91 0.0003933
chair 0 0 -10 535.34 15.75 561.00 206.94 0.0003923
desk 0 0 -10 49.42 7.59 334.66 97.45 0.0003876
chair 0 0 -10 543.84 147.69 560.67 170.11 0.0003803
chair 0 0 -10 10.62 180.81 171.85 398.53 0.0003712
chair 0 0 -10 542.65 104.25 560.96 182.11 0.0003567
