desk 0 0 -10 159.56 184.83 550.81 422.86 0.9426885
desk 0 0 -10 92.46 161.37 324.99 396.09 0.8273973
chair 0 0 -10 3.48 212.33 100.68 364.12 0.7684652
chair 0 0 -10 2.18 225.40 150.13 411.21 0.4049881
chair 0 0 -10 0.00 192.63 52.40 383.69 0.3650939
chair 0 0 -10 3.64 279.96 299.27 427.00 0.2758773
sofa 0 0 -10 4.03 233.61 149.00 421.96 0.2495079
chair 0 0 -10 1.06 198.60 40.69 319.90 0.1992175
desk 0 0 -10 20.25 216.45 264.41 423.65 0.1607535
chair 0 0 -10 361.28 254.10 554.89 422.38 0.1287277
table 0 0 -10 181.63 199.20 555.26 419.12 0.1113764
table 0 0 -10 3.38 250.57 146.50 419.86 0.0585756
table 0 0 -10 31.37 181.58 232.49 416.76 0.0396987
table 0 0 -10 84.03 156.73 420.12 414.81 0.0325923
bed 0 0 -10 0.00 219.28 141.17 416.25 0.0286568
table 0 0 -10 1.76 208.53 85.75 373.60 0.0261992
chair 0 0 -10 23.29 194.62 58.69 350.53 0.0259564
desk 0 0 -10 382.64 228.05 559.01 420.64 0.0232634
table 0 0 -10 2.44 207.36 39.54 351.56 0.0204104
chair 0 0 -10 7.33 155.64 71.07 332.03 0.0197060
desk 0 0 -10 43.96 87.13 561.00 370.76 0.0176150
desk 0 0 -10 6.02 257.79 146.68 424.05 0.0160550
table 0 0 -10 11.57 212.73 163.46 340.49 0.0157333
sofa 0 0 -10 1.17 190.97 78.95 399.26 0.0156405
table 0 0 -10 0.00 236.84 50.05 402.43 0.0147962
chair 0 0 -10 0.60 214.35 78.75 308.18 0.0147561
chair 0 0 -10 227.36 229.29 461.42 421.31 0.0143502
table 0 0 -10 236.25 414.24 412.46 426.80 0.0120134
dresser 0 0 -10 28.55 252.90 250.53 424.80 0.0117017
sofa 0 0 -10 9.24 276.57 274.77 427.00 0.0111155
desk 0 0 -10 286.51 207.05 552.82 380.52 0.0104257
chair 0 0 -10 1.97 83.58 37.81 310.65 0.0093937
chair 0 0 -10 0.00 178.98 159.87 327.70 0.0092592
desk 0 0 -10 58.16 146.66 226.83 322.59 0.0078765
desk 0 0 -10 1.98 205.30 108.25 401.13 0.0071743
sofa 0 0 -10 2.77 190.51 39.34 381.80 0.0069888
table 0 0 -10 52.67 273.48 197.27 423.12 0.0059886
table 0 0 -10 234.34 411.88 337.37 424.81 0.0059489
chair 0 0 -10 381.22 323.97 541.35 424.53 0.0057353
table 0 0 -10 312.73 260.52 556.69 422.76 0.0057011
table 0 0 -10 231.63 405.67 411.46 424.23 0.0053618
night_stand 0 0 -10 34.53 254.75 250.58 423.12 0.0053572
chair 0 0 -10 0.62 259.68 51.49 357.75 0.0053305
desk 0 0 -10 3.28 198.84 63.63 379.24 0.0052381
desk 0 0 -10 76.36 16.84 561.00 228.00 0.0050019
desk 0 0 -10 85.80 158.11 436.69 308.09 0.0049596
sofa 0 0 -10 2.07 296.44 128.00 394.13 0.0048536
chair 0 0 -10 93.14 203.34 338.22 424.49 0.0043301
table 0 0 -10 236.79 418.27 342.66 426.45 0.0042474
table 0 0 -10 27.42 271.58 342.30 424.69 0.0040519
sofa 0 0 -10 0.00 242.77 47.55 421.53 0.0037950
table 0 0 -10 23.48 202.40 57.57 350.58 0.0037270
chair 0 0 -10 51.54 223.18 228.12 422.48 0.0037004
dresser 0 0 -10 77.71 170.51 312.93 415.26 0.0036687
dresser 0 0 -10 175.51 193.49 561.00 426.39 0.0035763
desk 0 0 -10 138.05 164.58 305.21 314.22 0.0034264
table 0 0 -10 3.98 258.97 116.81 359.06 0.0033392
table 0 0 -10 0.72 275.79 50.93 360.20 0.0030055
desk 0 0 -10 1.87 206.26 38.83 351.97 0.0029734
table 0 0 -10 93.97 159.96 314.06 352.83 0.0029349
desk 0 0 -10 146.06 8.88 561.00 129.51 0.0028829
desk 0 0 -10 42.71 281.45 367.00 425.39 0.0028386
sofa 0 0 -10 256.73 416.80 383.94 427.00 0.0028157
table 0 0 -10 0.00 153.93 55.14 366.70 0.0027911
bathtub 0 0 -10 33.89 257.59 250.19 424.10 0.0026653
dresser 0 0 -10 1.78 272.35 167.67 427.00 0.0026195
table 0 0 -10 149.50 12.20 553.86 127.33 0.0026072
table 0 0 -10 0.00 252.68 29.13 419.71 0.0024821
bed 0 0 -10 1.31 207.34 73.45 406.82 0.0024768
chair 0 0 -10 0.53 216.52 45.83 275.85 0.0024315
chair 0 0 -10 1.11 192.68 24.72 401.57 0.0023382
chair 0 0 -10 237.07 413.92 418.55 427.00 0.0023313
bed 0 0 -10 256.22 416.87 385.44 427.00 0.0021653
table 0 0 -10 179.69 414.71 341.25 427.00 0.0020941
bed 0 0 -10 25.28 246.02 253.29 427.00 0.0020094
chair 0 0 -10 205.89 145.37 551.25 415.29 0.0019807
bathtub 0 0 -10 233.19 413.91 420.15 426.92 0.0018543
sofa 0 0 -10 0.00 235.65 111.42 356.32 0.0018218
chair 0 0 -10 233.08 404.52 422.41 424.51 0.0016996
table 0 0 -10 3.21 301.95 122.57 392.08 0.0016820
toilet 0 0 -10 4.74 191.96 81.30 376.73 0.0016392
dresser 0 0 -10 1.74 193.18 106.50 395.83 0.0016349
chair 0 0 -10 4.37 172.38 8.69 390.21 0.0016115
bookshelf 0 0 -10 3.86 193.29 138.39 414.04 0.0015958
table 0 0 -10 236.94 421.84 358.14 426.76 0.0015821
desk 0 0 -10 271.64 312.71 561.00 421.21 0.0015789
desk 0 0 -10 21.22 199.99 178.22 332.27 0.0015339
bookshelf 0 0 -10 5.74 183.22 79.45 371.17 0.0015037
desk 0 0 -10 235.09 413.93 418.34 426.79 0.0014999
table 0 0 -10 1.33 221.26 52.03 303.44 0.0014713
desk 0 0 -10 489.73 242.59 559.20 418.00 0.0014129
table 0 0 -10 59.33 151.49 227.94 319.08 0.0013681
toilet 0 0 -10 28.27 259.12 247.64 427.00 0.0013357
desk 0 0 -10 179.35 196.87 364.21 427.00 0.0013213
table 0 0 -10 92.25 29.12 549.37 223.43 0.0012771
table 0 0 -10 2.92 200.73 20.82 399.23 0.0012521
chair 0 0 -10 2.42 177.92 13.32 361.12 0.0012303
chair 0 0 -10 457.08 249.06 557.43 420.27 0.0011989
chair 0 0 -10 409.94 227.26 558.97 381.99 0.0011887
desk 0 0 -10 0.00 238.33 45.11 400.03 0.0011759
