chair 0 0 -10 310.70 210.50 557.89 426.15 0.9959468
desk 0 0 -10 10.73 156.88 450.22 423.48 0.8533415
chair 0 0 -10 107.98 239.23 309.35 423.98 0.3524943
table 0 0 -10 2.53 173.38 445.29 424.60 0.3293410
desk 0 0 -10 0.32 190.29 258.04 422.36 0.1650672
bookshelf 0 0 -10 0.00 1.89 153.26 271.49 0.0951228
desk 0 0 -10 4.04 281.47 105.77 415.34 0.0803378
desk 0 0 -10 148.46 196.96 540.83 426.78 0.0256874
bookshelf 0 0 -10 0.00 0.00 150.74 84.54 0.0234958
chair 0 0 -10 435.85 207.08 557.75 422.87 0.0207266
desk 0 0 -10 1.03 27.64 266.93 376.77 0.0182763
chair 0 0 -10 11.75 216.86 249.98 424.94 0.0171525
chair 0 0 -10 0.73 256.54 97.11 413.82 0.0168476
chair 0 0 -10 147.53 231.15 419.32 425.92 0.0152630
table 0 0 -10 0.71 275.27 122.05 424.84 0.0125964
chair 0 0 -10 295.63 169.56 474.38 375.64 0.0121733
bookshelf 0 0 -10 3.64 0.00 227.72 377.11 0.0115827
desk 0 0 -10 0.00 32.11 174.16 258.11 0.0115648
desk 0 0 -10 9.41 240.19 159.68 427.00 0.0100462
table 0 0 -10 239.07 191.63 520.34 420.08 0.0084051
table 0 0 -10 347.91 1.23 555.08 52.22 0.0080753
desk 0 0 -10 281.51 187.50 489.03 407.10 0.0062467
dresser 0 0 -10 4.00 6.50 180.98 290.12 0.0061854
dresser 0 0 -10 0.00 169.97 349.79 427.00 0.0045061
chair 0 0 -10 303.30 244.49 452.39 414.16 0.0043132
desk 0 0 -10 182.79 202.23 378.71 426.47 0.0042324
chair 0 0 -10 54.02 149.65 393.79 421.41 0.0041948
chair 0 0 -10 3.67 127.43 157.95 405.39 0.0038035
desk 0 0 -10 0.00 155.22 111.55 410.68 0.0034224
chair 0 0 -10 360.90 170.98 536.90 323.36 0.0033532
table 0 0 -10 15.89 230.52 304.16 427.00 0.0032706
table 0 0 -10 5.69 34.44 270.83 375.84 0.0032527
bookshelf 0 0 -10 2.26 1.81 56.28 291.28 0.0032372
table 0 0 -10 316.70 222.24 560.45 385.44 0.0029114
chair 0 0 -10 0.00 27.37 110.98 339.14 0.0027962
table 0 0 -10 180.09 202.81 380.75 427.00 0.0025331
chair 0 0 -10 505.12 231.01 560.19 414.22 0.0025254
chair 0 0 -10 7.18 33.37 196.81 355.61 0.0023439
bed 0 0 -10 1.66 153.40 353.78 427.00 0.0023285
table 0 0 -10 3.31 8.74 179.93 283.10 0.0023073
table 0 0 -10 7.43 140.74 208.19 414.57 0.0022300
chair 0 0 -10 341.69 243.08 558.04 346.72 0.0020672
chair 0 0 -10 3.93 304.61 149.99 427.00 0.0019509
bookshelf 0 0 -10 8.55 45.49 414.49 401.15 0.0018260
table 0 0 -10 300.85 2.93 556.04 87.13 0.0017590
desk 0 0 -10 325.47 224.65 559.37 423.75 0.0015684
bookshelf 0 0 -10 0.50 0.29 26.46 293.51 0.0015270
chair 0 0 -10 138.68 260.16 291.16 366.82 0.0014744
chair 0 0 -10 47.11 21.46 239.20 273.88 0.0014730
table 0 0 -10 133.89 1.56 347.17 53.70 0.0013790
desk 0 0 -10 25.55 17.83 460.44 304.31 0.0012979
desk 0 0 -10 93.02 202.97 320.66 424.88 0.0012794
desk 0 0 -10 40.37 153.56 421.55 305.20 0.0012463
night_stand 0 0 -10 0.00 175.43 350.39 426.95 0.0010159
chair 0 0 -10 51.97 15.56 403.90 303.51 0.0009750
chair 0 0 -10 288.33 306.52 415.72 427.00 0.0008746
table 0 0 -10 304.99 208.48 449.55 391.02 0.0008482
table 0 0 -10 529.75 265.41 560.28 415.85 0.0007924
desk 0 0 -10 349.84 0.39 561.00 52.28 0.0007916
chair 0 0 -10 240.61 333.25 516.07 424.85 0.0007904
chair 0 0 -10 360.48 205.02 478.54 408.01 0.0007902
chair 0 0 -10 533.49 170.11 560.13 395.86 0.0007682
desk 0 0 -10 264.19 212.14 408.27 395.81 0.0007394
bathtub 0 0 -10 9.17 171.37 396.96 406.93 0.0007366
table 0 0 -10 0.00 1.67 363.55 75.20 0.0007333
chair 0 0 -10 5.71 0.00 151.60 90.68 0.0007224
chair 0 0 -10 161.91 282.37 343.79 427.00 0.0007210
desk 0 0 -10 1.82 300.47 279.52 427.00 0.0006997
chair 0 0 -10 77.10 339.71 395.32 424.69 0.0006745
chair 0 0 -10 334.55 162.87 419.46 382.96 0.0006636
sofa 0 0 -10 309.01 205.95 561.00 427.00 0.0006616
dresser 0 0 -10 5.71 105.15 183.75 412.12 0.0006507
sofa 0 0 -10 3.09 174.81 357.51 422.09 0.0006255
table 0 0 -10 30.98 28.59 459.87 304.92 0.0006172
chair 0 0 -10 14.69 321.25 266.98 426.63 0.0005922
bookshelf 0 0 -10 140.52 0.00 352.19 54.69 0.0005869
chair 0 0 -10 69.28 150.36 267.18 358.79 0.0005799
sofa 0 0 -10 97.49 170.91 508.64 427.00 0.0005789
dresser 0 0 -10 2.27 9.43 39.88 286.19 0.0005728
bookshelf 0 0 -10 5.93 0.00 424.01 82.97 0.0005433
desk 0 0 -10 246.75 149.94 431.04 353.71 0.0005176
table 0 0 -10 544.96 244.01 560.53 420.81 0.0004797
chair 0 0 -10 221.54 269.27 376.85 411.78 0.0004715
table 0 0 -10 41.55 156.70 425.89 305.33 0.0004557
bookshelf 0 0 -10 2.27 168.59 309.94 426.49 0.0004526
table 0 0 -10 12.37 8.66 339.18 237.00 0.0004402
bookshelf 0 0 -10 4.19 0.00 180.50 154.98 0.0004387
dresser 0 0 -10 0.00 132.89 105.82 409.45 0.0004357
table 0 0 -10 0.00 0.79 155.44 83.65 0.0004306
table 0 0 -10 283.10 275.77 551.96 426.97 0.0004081
chair 0 0 -10 183.82 149.38 387.22 369.54 0.0004059
dresser 0 0 -10 107.35 164.47 491.38 427.00 0.0003975
table 0 0 -10 0.00 274.05 86.26 376.11 0.0003898
table 0 0 -10 186.58 8.36 350.93 150.54 0.0003726
sofa 0 0 -10 134.63 2.84 344.88 54.29 0.0003629
table 0 0 -10 243.95 224.95 398.61 395.46 0.0003601
chair 0 0 -10 305.19 379.73 509.37 426.27 0.0003544
table 0 0 -10 203.68 4.46 341.95 88.60 0.0003514
chair 0 0 -10 76.36 89.75 297.79 265.94 0.0003439
toilet 0 0 -10 6.88 146.04 364.29 419.90 0.0003297
