chair 0 0 -10 6.29 148.03 89.88 389.75 0.9235820
chair 0 0 -10 13.99 141.09 147.68 409.39 0.4723662
chair 0 0 -10 383.48 85.89 424.91 168.22 0.2079955
chair 0 0 -10 3.68 152.60 72.93 298.26 0.1143454
chair 0 0 -10 9.29 130.09 257.33 365.35 0.0723561
desk 0 0 -10 2.92 189.48 76.24 380.87 0.0547167
desk 0 0 -10 14.76 43.38 297.69 391.30 0.0537681
table 0 0 -10 369.19 82.55 419.40 176.20 0.0452755
chair 0 0 -10 59.25 144.75 94.42 400.67 0.0428496
chair 0 0 -10 398.01 102.86 415.02 160.87 0.0349103
table 0 0 -10 9.62 84.19 258.13 403.50 0.0317409
desk 0 0 -10 2.27 186.58 152.22 412.70 0.0288125
bookshelf 0 0 -10 48.36 16.05 277.17 403.30 0.0284716
dresser 0 0 -10 43.31 20.24 287.30 405.37 0.0279996
table 0 0 -10 0.00 197.28 93.23 403.99 0.0279692
desk 0 0 -10 369.61 80.78 419.19 175.34 0.0273398
chair 0 0 -10 398.49 71.53 423.95 155.49 0.0238998
chair 0 0 -10 405.15 100.80 419.91 161.20 0.0237729
chair 0 0 -10 388.56 107.86 427.86 155.95 0.0194300
table 0 0 -10 387.47 103.56 422.12 172.91 0.0170854
chair 0 0 -10 372.53 73.12 410.26 162.37 0.0163697
chair 0 0 -10 387.84 84.63 401.97 159.41 0.0116770
table 0 0 -10 0.92 175.67 52.75 301.90 0.0115190
desk 0 0 -10 388.45 97.49 420.42 167.01 0.0087980
desk 0 0 -10 0.49 166.22 60.26 298.36 0.0083351
chair 0 0 -10 397.39 96.47 425.60 131.56 0.0075465
table 0 0 -10 0.00 221.18 221.26 419.67 0.0075063
chair 0 0 -10 412.79 63.48 423.35 133.28 0.0073378
chair 0 0 -10 409.96 104.97 428.33 129.62 0.0072831
chair 0 0 -10 403.81 92.94 432.64 164.44 0.0065375
chair 0 0 -10 5.74 0.05 60.06 49.69 0.0064972
chair 0 0 -10 410.47 110.20 427.23 146.16 0.0062921
chair 0 0 -10 416.58 76.57 426.27 156.42 0.0060359
sofa 0 0 -10 2.94 158.24 64.44 297.16 0.0054685
chair 0 0 -10 399.17 116.38 422.20 153.63 0.0053193
chair 0 0 -10 409.97 67.73 429.04 143.19 0.0052435
chair 0 0 -10 417.49 107.22 429.02 149.22 0.0048400
chair 0 0 -10 1.32 142.60 57.21 243.76 0.0045991
chair 0 0 -10 409.22 68.19 420.25 131.47 0.0039535
sofa 0 0 -10 23.08 49.22 300.78 391.05 0.0039065
table 0 0 -10 332.71 89.76 404.34 184.20 0.0037843
chair 0 0 -10 416.56 95.09 427.60 129.50 0.0035801
chair 0 0 -10 356.42 108.83 426.57 175.89 0.0032367
chair 0 0 -10 67.54 120.81 115.39 401.57 0.0031740
table 0 0 -10 0.00 4.03 56.11 49.79 0.0030871
table 0 0 -10 308.11 169.01 360.13 242.56 0.0029293
table 0 0 -10 397.93 102.77 414.42 162.27 0.0025083
chair 0 0 -10 3.72 201.15 127.77 319.37 0.0024229
desk 0 0 -10 332.39 88.58 404.77 183.56 0.0024143
table 0 0 -10 356.94 84.14 387.30 182.19 0.0023594
chair 0 0 -10 31.19 21.66 292.93 415.16 0.0023257
desk 0 0 -10 29.47 101.81 196.84 390.22 0.0021358
chair 0 0 -10 48.74 125.05 81.69 397.14 0.0020121
chair 0 0 -10 359.17 79.25 400.59 156.12 0.0019862
chair 0 0 -10 332.37 92.43 400.86 183.87 0.0018740
bed 0 0 -10 13.88 19.60 305.45 412.58 0.0018509
desk 0 0 -10 398.35 102.57 414.02 161.18 0.0018010
chair 0 0 -10 35.09 146.39 71.18 277.43 0.0016693
chair 0 0 -10 11.31 149.38 136.66 278.97 0.0016239
chair 0 0 -10 0.77 156.48 38.57 328.99 0.0016128
chair 0 0 -10 23.94 0.00 80.88 44.96 0.0015584
table 0 0 -10 94.54 318.41 210.76 427.00 0.0014839
dresser 0 0 -10 2.00 175.72 92.42 403.55 0.0014428
chair 0 0 -10 419.61 70.79 429.04 127.57 0.0014328
table 0 0 -10 63.04 54.51 380.43 402.29 0.0014178
table 0 0 -10 406.21 99.68 419.28 163.62 0.0014139
table 0 0 -10 35.55 293.84 247.13 427.00 0.0013629
chair 0 0 -10 35.99 232.87 76.51 352.10 0.0013438
table 0 0 -10 60.64 1.81 293.69 61.02 0.0013330
chair 0 0 -10 44.52 0.00 107.51 45.48 0.0013033
chair 0 0 -10 384.20 69.60 426.64 130.86 0.0012590
table 0 0 -10 0.00 153.54 142.22 365.59 0.0012312
chair 0 0 -10 0.48 185.10 56.41 378.59 0.0012259
table 0 0 -10 52.97 155.41 127.25 414.61 0.0011657
chair 0 0 -10 54.40 148.76 74.43 316.64 0.0011560
table 0 0 -10 69.11 141.93 101.72 399.43 0.0010961
dresser 0 0 -10 288.43 43.19 340.81 237.43 0.0010663
desk 0 0 -10 384.26 116.91 425.02 181.60 0.0010417
desk 0 0 -10 3.30 222.33 122.02 342.79 0.0010137
chair 0 0 -10 423.42 73.73 430.71 151.80 0.0010001
chair 0 0 -10 308.07 166.74 363.60 241.11 0.0009677
table 0 0 -10 300.75 106.61 414.35 165.45 0.0009609
chair 0 0 -10 420.52 99.65 429.40 137.45 0.0009444
desk 0 0 -10 82.42 53.72 325.77 280.40 0.0008820
bookshelf 0 0 -10 3.07 164.30 91.32 402.72 0.0008748
desk 0 0 -10 0.00 158.53 35.11 326.10 0.0008669
chair 0 0 -10 417.59 104.07 433.86 128.53 0.0008520
desk 0 0 -10 2.64 115.18 255.08 279.64 0.0008478
chair 0 0 -10 335.50 153.49 382.11 197.60 0.0008455
table 0 0 -10 167.44 278.64 335.25 416.92 0.0008431
table 0 0 -10 378.21 125.99 428.52 179.29 0.0008424
night_stand 0 0 -10 0.19 4.05 59.61 52.96 0.0008032
table 0 0 -10 388.34 99.01 403.70 163.42 0.0007994
chair 0 0 -10 63.55 148.60 77.27 380.76 0.0007986
table 0 0 -10 398.31 89.23 431.28 158.56 0.0007885
desk 0 0 -10 388.76 97.68 403.62 161.98 0.0007871
table 0 0 -10 380.11 103.25 449.24 166.37 0.0007848
chair 0 0 -10 323.99 86.62 344.50 207.42 0.0007840
bookshelf 0 0 -10 290.10 42.76 339.51 240.47 0.0007836
sofa 0 0 -10 2.19 161.33 93.62 402.02 0.0007594
