chair 0 0 -10 2.73 201.71 183.46 422.15 0.9931358
desk 0 0 -10 139.98 179.77 545.51 427.00 0.9526108
sofa 0 0 -10 1.04 139.74 119.77 247.49 0.8003914
desk 0 0 -10 396.02 228.64 560.91 418.87 0.3333263
chair 0 0 -10 1.70 238.42 96.71 416.77 0.2178404
sofa 0 0 -10 3.90 159.90 129.49 378.83 0.1569100
chair 0 0 -10 8.19 80.58 127.87 256.45 0.0964452
table 0 0 -10 170.96 177.08 477.50 409.79 0.0909511
sofa 0 0 -10 3.49 80.98 122.56 219.79 0.0880962
desk 0 0 -10 23.05 198.02 218.93 398.41 0.0805467
chair 0 0 -10 1.58 162.31 117.46 379.50 0.0693155
dresser 0 0 -10 394.70 220.18 561.00 413.46 0.0550949
table 0 0 -10 2.31 191.60 159.38 382.24 0.0444958
table 0 0 -10 102.23 175.70 164.73 202.71 0.0383898
desk 0 0 -10 146.72 174.23 394.60 380.77 0.0350837
night_stand 0 0 -10 103.00 173.08 167.74 204.01 0.0295447
table 0 0 -10 0.32 197.94 84.82 369.78 0.0282574
table 0 0 -10 98.76 173.25 169.73 237.07 0.0276845
chair 0 0 -10 46.46 191.91 277.72 404.46 0.0172694
sofa 0 0 -10 4.35 101.31 99.78 150.79 0.0170778
table 0 0 -10 2.01 166.86 110.26 262.42 0.0146035
table 0 0 -10 392.59 236.23 561.00 410.15 0.0129559
sofa 0 0 -10 1.45 228.78 90.52 422.76 0.0124406
table 0 0 -10 41.84 188.36 313.60 390.30 0.0115129
table 0 0 -10 2.05 192.78 75.91 253.03 0.0112732
chair 0 0 -10 7.71 238.04 51.68 423.66 0.0107774
chair 0 0 -10 386.87 213.85 561.00 425.69 0.0102129
table 0 0 -10 4.47 244.98 112.25 427.00 0.0098594
chair 0 0 -10 3.80 145.35 109.16 247.88 0.0088030
chair 0 0 -10 199.84 211.41 378.92 406.69 0.0076484
chair 0 0 -10 517.06 213.24 561.00 374.27 0.0075496
night_stand 0 0 -10 393.80 224.29 561.00 416.66 0.0071747
table 0 0 -10 4.43 227.26 55.73 413.46 0.0061506
sofa 0 0 -10 1.20 79.09 142.10 315.29 0.0061248
table 0 0 -10 2.31 108.38 72.33 146.52 0.0061114
dresser 0 0 -10 23.56 195.50 196.70 402.42 0.0057529
table 0 0 -10 99.81 151.58 171.93 206.61 0.0055644
sofa 0 0 -10 8.53 144.13 110.06 205.12 0.0051990
table 0 0 -10 268.70 200.60 559.82 421.38 0.0051828
desk 0 0 -10 1.30 210.27 128.14 396.81 0.0051741
desk 0 0 -10 40.88 214.85 421.33 427.00 0.0051041
chair 0 0 -10 109.06 223.36 333.63 416.51 0.0044527
desk 0 0 -10 487.40 231.60 560.31 385.45 0.0043200
table 0 0 -10 0.00 134.46 48.98 192.15 0.0041227
sofa 0 0 -10 7.77 224.12 49.55 422.40 0.0038895
chair 0 0 -10 0.36 256.39 175.55 363.81 0.0038513
table 0 0 -10 4.70 123.11 119.51 239.34 0.0036878
sofa 0 0 -10 1.55 102.18 81.13 188.78 0.0035750
table 0 0 -10 0.00 114.50 115.67 184.64 0.0033638
sofa 0 0 -10 19.12 191.95 182.00 422.19 0.0032314
table 0 0 -10 67.98 200.35 195.20 402.29 0.0030959
dresser 0 0 -10 147.53 143.70 561.00 421.99 0.0029043
bookshelf 0 0 -10 27.05 188.34 192.43 401.77 0.0026705
chair 0 0 -10 4.82 103.30 73.49 147.63 0.0023377
chair 0 0 -10 377.15 187.06 449.46 327.74 0.0022871
desk 0 0 -10 17.35 259.85 194.61 347.44 0.0022417
bed 0 0 -10 1.08 78.08 125.88 241.97 0.0021950
table 0 0 -10 80.80 149.85 181.13 284.18 0.0021924
chair 0 0 -10 330.40 156.01 475.00 339.56 0.0021698
desk 0 0 -10 2.01 228.81 67.71 414.55 0.0021490
table 0 0 -10 0.93 140.86 87.60 218.26 0.0020911
chair 0 0 -10 376.76 193.15 547.46 325.89 0.0019103
desk 0 0 -10 81.11 160.36 260.02 387.11 0.0018704
bookshelf 0 0 -10 162.14 64.09 559.18 411.66 0.0018155
chair 0 0 -10 64.15 174.95 192.96 376.78 0.0017886
bed 0 0 -10 1.84 188.48 164.95 396.71 0.0017780
desk 0 0 -10 160.93 168.64 467.24 299.93 0.0017743
chair 0 0 -10 10.13 156.39 137.90 289.02 0.0016945
chair 0 0 -10 347.45 183.01 421.23 353.50 0.0016844
chair 0 0 -10 3.98 89.65 117.61 174.26 0.0016820
chair 0 0 -10 16.06 208.64 174.19 325.87 0.0016479
dresser 0 0 -10 194.09 181.84 447.93 403.94 0.0016329
chair 0 0 -10 11.49 347.08 161.64 425.98 0.0014931
chair 0 0 -10 66.38 342.13 248.99 427.00 0.0014880
desk 0 0 -10 282.43 155.10 513.24 395.15 0.0014167
bookshelf 0 0 -10 4.78 68.29 124.32 233.49 0.0014028
chair 0 0 -10 48.41 265.43 208.96 427.00 0.0013974
chair 0 0 -10 257.34 176.85 417.96 392.55 0.0013727
chair 0 0 -10 91.54 165.51 191.89 303.84 0.0013698
chair 0 0 -10 532.07 247.15 560.82 276.74 0.0013457
chair 0 0 -10 462.05 229.55 560.80 367.76 0.0013264
table 0 0 -10 26.25 86.35 132.29 212.47 0.0013253
night_stand 0 0 -10 96.35 171.01 175.06 239.67 0.0012512
night_stand 0 0 -10 89.90 164.33 176.64 295.03 0.0012370
sofa 0 0 -10 9.64 193.10 24.55 427.00 0.0011496
toilet 0 0 -10 19.93 212.66 187.23 427.00 0.0010802
chair 0 0 -10 11.68 385.46 172.14 427.00 0.0010420
bookshelf 0 0 -10 6.44 128.80 124.44 372.06 0.0010393
chair 0 0 -10 87.18 323.44 177.80 427.00 0.0010352
chair 0 0 -10 521.70 232.35 561.00 302.38 0.0010137
desk 0 0 -10 1.95 79.72 126.48 236.62 0.0009711
chair 0 0 -10 397.64 189.15 481.41 312.93 0.0009464
table 0 0 -10 19.23 260.62 191.83 347.12 0.0009350
desk 0 0 -10 0.26 139.97 115.22 345.99 0.0009201
chair 0 0 -10 100.90 128.61 234.04 292.03 0.0008818
chair 0 0 -10 187.88 160.00 480.88 409.64 0.0008640
bookshelf 0 0 -10 198.18 178.45 447.53 402.96 0.0008612
chair 0 0 -10 9.29 199.76 25.85 425.39 0.0008542
table 0 0 -10 1.00 180.53 25.33 417.04 0.0008455
chair 0 0 -10 311.32 172.01 423.66 296.43 0.0008392
