desk 0 0 -10 0.00 221.86 553.08 420.25 0.8729606
chair 0 0 -10 186.80 288.55 416.92 422.01 0.5570883
table 0 0 -10 4.51 233.03 561.00 417.01 0.2179077
desk 0 0 -10 297.19 184.25 561.00 421.42 0.1141342
desk 0 0 -10 6.67 261.80 251.62 418.69 0.1077911
chair 0 0 -10 250.50 305.85 489.05 426.59 0.0487706
table 0 0 -10 6.71 268.22 260.40 418.93 0.0412551
desk 0 0 -10 0.71 36.00 561.00 394.76 0.0286284
desk 0 0 -10 380.17 153.17 558.70 374.33 0.0204494
desk 0 0 -10 8.33 303.47 173.84 422.75 0.0201132
table 0 0 -10 5.09 305.49 179.74 425.20 0.0132294
chair 0 0 -10 199.96 235.34 522.11 413.78 0.0114070
desk 0 0 -10 165.50 222.52 447.61 413.40 0.0113251
chair 0 0 -10 22.64 322.27 226.82 427.00 0.0106188
chair 0 0 -10 37.66 223.45 405.90 423.64 0.0101722
bed 0 0 -10 214.82 12.87 554.82 174.65 0.0085235
chair 0 0 -10 354.11 241.84 546.40 422.07 0.0072821
desk 0 0 -10 452.16 182.79 559.44 345.88 0.0072254
table 0 0 -10 8.84 53.36 553.19 384.92 0.0055293
desk 0 0 -10 0.52 270.85 132.11 403.67 0.0054450
chair 0 0 -10 498.70 59.50 560.64 195.93 0.0053307
chair 0 0 -10 64.55 295.05 313.71 425.38 0.0049557
chair 0 0 -10 51.91 340.34 427.43 425.21 0.0049435
table 0 0 -10 239.71 192.20 549.28 407.95 0.0047653
table 0 0 -10 177.91 231.31 442.64 416.68 0.0040083
desk 0 0 -10 38.01 296.21 442.98 422.64 0.0039281
desk 0 0 -10 188.60 192.77 549.40 347.57 0.0036190
chair 0 0 -10 536.99 32.13 561.00 228.46 0.0034421
bed 0 0 -10 256.96 1.81 558.81 49.96 0.0033805
chair 0 0 -10 462.77 37.99 559.22 183.15 0.0031073
chair 0 0 -10 1.41 289.93 170.52 419.51 0.0030265
chair 0 0 -10 312.90 176.38 522.43 401.98 0.0028382
bookshelf 0 0 -10 158.54 59.71 559.30 407.68 0.0027901
desk 0 0 -10 453.08 53.33 560.94 392.10 0.0027463
table 0 0 -10 546.73 301.76 560.83 427.00 0.0025735
dresser 0 0 -10 148.00 124.57 561.00 415.30 0.0024450
desk 0 0 -10 204.37 28.13 561.00 172.28 0.0023988
chair 0 0 -10 155.29 379.38 393.68 426.08 0.0022030
table 0 0 -10 207.13 29.71 554.13 171.98 0.0021733
dresser 0 0 -10 535.48 93.80 560.06 406.21 0.0020909
desk 0 0 -10 1.00 11.10 248.29 304.83 0.0019815
bed 0 0 -10 184.91 4.70 557.79 78.59 0.0018854
table 0 0 -10 35.54 289.47 444.70 422.56 0.0018606
dresser 0 0 -10 331.79 188.92 559.33 422.38 0.0018506
desk 0 0 -10 0.00 169.46 273.01 371.38 0.0017934
chair 0 0 -10 490.32 154.92 560.48 289.10 0.0016141
dresser 0 0 -10 443.60 108.28 560.95 410.92 0.0015785
table 0 0 -10 0.07 294.68 125.11 381.42 0.0015771
desk 0 0 -10 235.65 287.49 545.27 426.57 0.0014988
chair 0 0 -10 259.22 396.18 393.79 426.37 0.0014566
table 0 0 -10 7.09 22.43 241.24 300.99 0.0014295
chair 0 0 -10 533.98 163.39 560.63 298.69 0.0014164
desk 0 0 -10 147.55 248.29 306.75 409.70 0.0013758
chair 0 0 -10 305.23 233.24 405.10 401.25 0.0013756
desk 0 0 -10 484.99 175.14 558.78 295.62 0.0013642
chair 0 0 -10 527.12 92.23 561.00 194.69 0.0013423
chair 0 0 -10 246.36 381.50 465.81 426.41 0.0012839
dresser 0 0 -10 238.16 21.00 552.46 195.17 0.0011952
chair 0 0 -10 385.97 27.70 560.62 200.22 0.0011941
chair 0 0 -10 550.27 185.66 561.00 402.06 0.0011395
bookshelf 0 0 -10 20.01 0.00 550.43 299.33 0.0010993
bookshelf 0 0 -10 12.36 195.45 512.04 421.73 0.0010892
table 0 0 -10 2.73 278.39 89.42 424.60 0.0010787
sofa 0 0 -10 96.69 245.21 536.12 419.81 0.0010698
bed 0 0 -10 374.00 17.62 557.22 200.58 0.0010660
chair 0 0 -10 452.22 29.01 561.00 375.32 0.0010426
chair 0 0 -10 390.92 130.41 547.66 382.60 0.0010358
chair 0 0 -10 519.05 71.07 561.00 371.80 0.0009759
desk 0 0 -10 260.91 135.19 559.19 311.55 0.0009655
desk 0 0 -10 414.30 180.05 555.81 285.45 0.0009129
table 0 0 -10 330.01 130.73 553.45 366.18 0.0008949
bed 0 0 -10 0.00 0.00 553.35 307.25 0.0008574
chair 0 0 -10 546.92 274.49 561.00 425.70 0.0008429
dresser 0 0 -10 7.94 221.28 517.23 425.68 0.0008157
desk 0 0 -10 202.08 313.40 426.64 410.74 0.0008047
table 0 0 -10 289.97 66.30 549.62 205.54 0.0007944
bed 0 0 -10 128.13 116.33 561.00 424.49 0.0007363
chair 0 0 -10 436.42 184.19 561.00 414.24 0.0007236
chair 0 0 -10 1.03 281.93 104.43 380.40 0.0007083
table 0 0 -10 550.28 191.65 560.82 416.78 0.0006998
desk 0 0 -10 509.08 176.09 560.43 404.40 0.0006924
table 0 0 -10 117.08 222.12 546.69 354.24 0.0006876
desk 0 0 -10 1.41 280.30 66.98 420.69 0.0006857
dresser 0 0 -10 14.24 7.64 551.71 293.24 0.0006782
chair 0 0 -10 3.77 262.87 73.72 420.99 0.0006744
night_stand 0 0 -10 105.57 247.21 531.50 419.44 0.0006592
table 0 0 -10 0.00 184.14 275.74 371.91 0.0006408
chair 0 0 -10 156.23 262.10 286.63 417.11 0.0006396
chair 0 0 -10 517.09 179.18 561.00 255.08 0.0006292
chair 0 0 -10 537.80 193.71 561.00 402.56 0.0006245
chair 0 0 -10 0.00 270.27 57.83 374.19 0.0006243
chair 0 0 -10 245.42 18.24 535.07 193.69 0.0005880
toilet 0 0 -10 118.51 244.24 509.93 419.65 0.0005803
bookshelf 0 0 -10 296.14 0.11 556.38 188.28 0.0005522
bathtub 0 0 -10 96.19 244.48 527.26 414.53 0.0005508
chair 0 0 -10 0.36 292.38 37.45 427.00 0.0005394
dresser 0 0 -10 5.22 14.52 237.43 304.97 0.0005207
table 0 0 -10 465.28 182.38 559.59 308.34 0.0005165
chair 0 0 -10 209.65 113.35 363.25 275.05 0.0005160
chair 0 0 -10 547.16 68.36 560.96 216.65 0.0005141
