desk 0 0 -10 7.16 269.06 561.00 411.01 0.7499794
table 0 0 -10 19.17 272.68 561.00 418.13 0.3653136
desk 0 0 -10 293.55 267.45 561.00 416.89 0.0441086
chair 0 0 -10 252.36 304.22 543.80 423.90 0.0393232
bookshelf 0 0 -10 438.41 195.45 561.00 295.88 0.0334989
chair 0 0 -10 52.14 332.29 481.75 416.83 0.0133094
chair 0 0 -10 368.17 266.12 548.75 417.65 0.0088568
bookshelf 0 0 -10 120.27 6.39 366.84 168.78 0.0077842
bookshelf 0 0 -10 540.08 190.94 561.00 340.38 0.0072836
bookshelf 0 0 -10 491.71 182.13 559.06 316.73 0.0072272
table 0 0 -10 296.42 269.29 559.81 418.39 0.0059472
chair 0 0 -10 115.84 273.54 511.90 421.08 0.0051931
chair 0 0 -10 535.24 205.18 561.00 402.03 0.0043380
desk 0 0 -10 115.91 205.61 515.77 398.03 0.0040537
chair 0 0 -10 10.78 292.24 227.16 420.32 0.0034850
chair 0 0 -10 1.90 332.78 176.74 424.36 0.0034095
chair 0 0 -10 467.63 245.61 561.00 416.90 0.0034084
desk 0 0 -10 2.18 310.53 339.06 420.73 0.0033724
chair 0 0 -10 292.85 386.10 520.55 423.04 0.0032573
bookshelf 0 0 -10 519.17 214.97 560.82 311.70 0.0032193
desk 0 0 -10 92.79 6.49 386.45 172.23 0.0031101
chair 0 0 -10 445.56 333.19 559.87 421.75 0.0029612
bookshelf 0 0 -10 138.42 255.07 546.30 414.70 0.0028611
bookshelf 0 0 -10 472.84 205.58 561.00 368.23 0.0023531
chair 0 0 -10 219.37 215.77 546.39 403.88 0.0019498
chair 0 0 -10 110.25 388.13 432.75 423.01 0.0018743
chair 0 0 -10 542.84 243.66 560.69 362.37 0.0018670
bookshelf 0 0 -10 57.27 153.31 536.20 410.47 0.0017093
desk 0 0 -10 438.73 266.75 559.55 416.05 0.0016408
desk 0 0 -10 9.76 102.29 524.53 366.86 0.0015691
chair 0 0 -10 223.23 320.32 429.24 426.63 0.0014929
bed 0 0 -10 12.87 270.77 561.00 422.89 0.0014917
table 0 0 -10 98.42 8.56 376.24 175.31 0.0014621
chair 0 0 -10 65.04 297.82 340.77 422.69 0.0014385
bookshelf 0 0 -10 104.51 7.73 347.67 302.41 0.0013384
table 0 0 -10 41.89 279.05 316.04 420.27 0.0012985
chair 0 0 -10 505.73 331.53 560.89 426.24 0.0012611
chair 0 0 -10 330.28 342.87 534.10 423.10 0.0012478
desk 0 0 -10 149.92 386.48 561.00 422.06 0.0012382
chair 0 0 -10 519.85 276.55 561.00 421.83 0.0012161
bookshelf 0 0 -10 499.68 194.78 537.87 276.95 0.0011345
dresser 0 0 -10 132.39 263.02 547.76 416.81 0.0011082
desk 0 0 -10 93.15 67.38 376.54 218.89 0.0011021
chair 0 0 -10 201.98 157.80 438.90 374.32 0.0010858
sofa 0 0 -10 16.27 279.23 561.00 420.05 0.0010723
table 0 0 -10 59.78 146.62 561.00 409.15 0.0010678
desk 0 0 -10 78.48 17.37 409.53 291.57 0.0010515
dresser 0 0 -10 100.48 10.28 386.11 174.89 0.0008409
bookshelf 0 0 -10 2.00 274.74 431.80 425.88 0.0008268
chair 0 0 -10 523.96 328.63 561.00 385.12 0.0008018
chair 0 0 -10 28.96 177.61 445.53 409.75 0.0007788
desk 0 0 -10 493.21 317.32 560.09 414.95 0.0007742
desk 0 0 -10 142.06 332.78 561.00 414.40 0.0007726
chair 0 0 -10 403.81 320.46 541.00 411.24 0.0007656
chair 0 0 -10 470.34 323.49 559.69 390.84 0.0007326
desk 0 0 -10 142.66 95.14 364.94 155.22 0.0007099
bookshelf 0 0 -10 43.64 16.88 469.03 357.75 0.0006730
bookshelf 0 0 -10 327.56 215.52 560.66 393.29 0.0006667
night_stand 0 0 -10 132.58 264.41 544.14 416.02 0.0006630
bathtub 0 0 -10 11.21 249.90 561.00 402.42 0.0006607
bookshelf 0 0 -10 554.05 206.01 560.95 350.55 0.0006424
bookshelf 0 0 -10 424.80 146.52 561.00 336.39 0.0006122
bookshelf 0 0 -10 517.63 171.06 560.52 357.67 0.0005983
desk 0 0 -10 376.39 313.68 558.28 403.12 0.0005936
chair 0 0 -10 10.98 349.47 282.39 420.26 0.0005829
table 0 0 -10 148.17 386.58 556.67 421.94 0.0005686
desk 0 0 -10 217.58 148.97 433.03 291.06 0.0005625
table 0 0 -10 94.41 47.40 406.50 298.68 0.0005577
bookshelf 0 0 -10 141.43 79.27 366.03 128.61 0.0005501
table 0 0 -10 147.28 253.86 490.70 377.71 0.0005475
chair 0 0 -10 414.93 264.46 497.40 413.34 0.0005441
desk 0 0 -10 308.56 229.49 554.07 360.61 0.0005376
chair 0 0 -10 296.79 324.39 529.05 396.65 0.0005183
chair 0 0 -10 533.16 281.76 561.00 382.64 0.0005171
chair 0 0 -10 184.50 370.01 504.93 420.47 0.0005099
desk 0 0 -10 445.47 334.03 559.88 402.92 0.0005066
chair 0 0 -10 360.94 203.10 561.00 373.24 0.0004967
desk 0 0 -10 442.15 217.50 561.00 365.81 0.0004941
chair 0 0 -10 551.77 209.46 561.00 364.04 0.0004928
bathtub 0 0 -10 147.41 292.25 560.74 425.34 0.0004845
desk 0 0 -10 131.48 97.34 364.89 127.61 0.0004836
table 0 0 -10 443.27 333.18 559.87 404.77 0.0004555
desk 0 0 -10 398.42 265.84 504.96 407.15 0.0004544
table 0 0 -10 135.25 94.21 352.70 135.09 0.0004521
table 0 0 -10 126.21 0.48 366.96 107.62 0.0004465
dresser 0 0 -10 6.50 282.32 428.86 427.00 0.0004437
chair 0 0 -10 49.53 382.68 310.89 425.07 0.0004431
desk 0 0 -10 218.82 319.93 525.21 374.45 0.0004387
toilet 0 0 -10 155.46 259.27 533.79 414.85 0.0004279
desk 0 0 -10 4.60 298.69 203.39 409.79 0.0004172
chair 0 0 -10 285.87 237.83 458.25 418.62 0.0004109
chair 0 0 -10 0.07 258.98 142.86 409.96 0.0004109
bookshelf 0 0 -10 534.52 235.60 559.66 356.79 0.0004000
desk 0 0 -10 214.56 249.45 458.79 408.63 0.0003890
desk 0 0 -10 87.40 254.03 504.20 355.52 0.0003866
chair 0 0 -10 432.22 398.53 556.71 425.56 0.0003859
table 0 0 -10 428.28 230.55 538.09 278.29 0.0003849
chair 0 0 -10 99.70 8.19 312.96 166.23 0.0003842
chair 0 0 -10 523.33 227.15 561.00 340.92 0.0003751
bookshelf 0 0 -10 546.69 208.09 559.56 309.24 0.0003742
