chair 0 0 -10 21.73 139.59 165.46 320.12 0.9902874
chair 0 0 -10 197.54 163.72 364.67 377.75 0.9866672
chair 0 0 -10 277.22 332.01 556.07 424.53 0.9223864
desk 0 0 -10 223.88 173.33 525.75 383.07 0.8705909
desk 0 0 -10 95.67 141.37 330.51 302.42 0.8649783
desk 0 0 -10 353.33 191.36 561.00 401.21 0.7525790
desk 0 0 -10 46.03 143.20 468.76 330.18 0.5833844
chair 0 0 -10 482.24 309.19 560.45 427.00 0.2571650
table 0 0 -10 104.42 140.31 289.14 291.15 0.2273687
chair 0 0 -10 384.80 253.90 558.14 426.75 0.1488076
table 0 0 -10 95.43 144.37 355.59 357.12 0.1407492
desk 0 0 -10 259.68 176.65 445.30 332.49 0.1177619
desk 0 0 -10 135.58 163.26 399.68 369.80 0.0830573
table 0 0 -10 330.19 203.16 560.56 395.70 0.0713584
table 0 0 -10 158.97 161.72 535.00 393.23 0.0709419
chair 0 0 -10 81.11 133.67 182.24 263.34 0.0661732
chair 0 0 -10 285.35 383.28 514.58 427.00 0.0584816
chair 0 0 -10 180.65 143.17 314.19 326.88 0.0499124
desk 0 0 -10 95.74 137.83 208.18 274.33 0.0470990
desk 0 0 -10 10.76 145.33 145.57 292.93 0.0435864
desk 0 0 -10 24.67 140.20 249.20 332.49 0.0378203
chair 0 0 -10 18.24 130.77 112.30 248.46 0.0377523
desk 0 0 -10 98.67 136.41 283.37 214.94 0.0377454
desk 0 0 -10 389.35 190.28 555.67 277.61 0.0373118
chair 0 0 -10 411.00 323.12 550.09 422.95 0.0355527
table 0 0 -10 207.55 165.19 443.95 342.44 0.0249091
table 0 0 -10 26.37 140.23 255.75 318.94 0.0239287
table 0 0 -10 82.41 136.05 199.16 265.57 0.0234389
chair 0 0 -10 366.21 153.53 554.61 402.04 0.0197259
table 0 0 -10 10.86 143.12 147.31 289.43 0.0193783
desk 0 0 -10 215.91 172.31 367.68 318.25 0.0173399
sofa 0 0 -10 289.04 331.69 559.61 426.09 0.0160747
desk 0 0 -10 5.40 139.83 108.53 244.79 0.0156931
sofa 0 0 -10 491.23 323.33 560.33 427.00 0.0148764
table 0 0 -10 96.80 136.45 282.31 198.06 0.0137379
chair 0 0 -10 98.34 129.70 175.14 197.90 0.0136495
chair 0 0 -10 296.42 1.01 399.79 55.48 0.0119221
table 0 0 -10 4.41 139.39 109.63 242.49 0.0113685
table 0 0 -10 171.82 161.08 321.75 317.86 0.0110314
chair 0 0 -10 437.70 89.18 559.34 279.67 0.0099497
chair 0 0 -10 491.35 310.46 558.69 375.80 0.0091088
chair 0 0 -10 465.15 233.28 560.86 400.64 0.0073884
desk 0 0 -10 145.93 170.09 308.14 286.62 0.0067225
desk 0 0 -10 268.85 121.73 557.27 329.77 0.0064366
desk 0 0 -10 460.91 188.00 561.00 414.22 0.0063904
chair 0 0 -10 262.44 380.89 408.46 427.00 0.0060346
chair 0 0 -10 214.13 254.88 386.77 424.20 0.0060327
chair 0 0 -10 508.61 254.54 561.00 423.95 0.0057868
desk 0 0 -10 357.82 291.08 558.54 421.96 0.0057144
table 0 0 -10 284.04 396.08 504.14 427.00 0.0052509
chair 0 0 -10 7.75 137.30 102.84 330.61 0.0051031
table 0 0 -10 181.20 2.37 304.12 57.38 0.0044324
chair 0 0 -10 51.66 133.07 142.22 236.89 0.0043854
desk 0 0 -10 188.48 190.30 347.58 389.94 0.0043805
table 0 0 -10 354.51 287.52 556.72 422.16 0.0043308
chair 0 0 -10 92.59 146.89 282.13 349.65 0.0039497
dresser 0 0 -10 364.17 167.11 561.00 409.51 0.0037000
desk 0 0 -10 255.68 171.73 465.49 239.73 0.0036396
desk 0 0 -10 105.43 132.74 263.68 181.56 0.0035276
chair 0 0 -10 242.52 322.20 444.15 427.00 0.0034689
chair 0 0 -10 137.38 230.29 524.66 425.49 0.0033405
sofa 0 0 -10 13.78 134.91 159.57 295.58 0.0032391
sofa 0 0 -10 410.62 320.01 554.58 424.70 0.0030634
chair 0 0 -10 1.77 146.09 43.69 257.05 0.0030366
chair 0 0 -10 190.91 1.23 309.34 60.75 0.0030010
table 0 0 -10 193.79 302.02 535.75 422.73 0.0029326
desk 0 0 -10 49.16 149.98 182.61 247.73 0.0028611
table 0 0 -10 281.10 342.11 522.86 425.81 0.0027089
chair 0 0 -10 7.90 121.20 66.97 275.58 0.0026079
chair 0 0 -10 177.67 136.83 266.15 288.64 0.0025188
table 0 0 -10 12.48 124.00 186.22 239.92 0.0025157
table 0 0 -10 107.51 133.13 246.96 171.75 0.0024092
table 0 0 -10 204.97 185.58 340.90 360.39 0.0020599
chair 0 0 -10 243.81 139.08 379.37 313.63 0.0019733
table 0 0 -10 100.61 131.02 232.28 231.59 0.0019612
desk 0 0 -10 183.31 154.66 539.97 268.87 0.0018608
toilet 0 0 -10 360.82 314.47 558.50 426.05 0.0017568
desk 0 0 -10 172.44 157.44 278.22 338.76 0.0016582
table 0 0 -10 454.90 197.09 558.81 417.83 0.0016413
table 0 0 -10 142.08 155.67 465.92 276.33 0.0015437
table 0 0 -10 381.71 192.95 560.10 277.72 0.0015144
chair 0 0 -10 130.69 111.88 393.61 341.54 0.0015044
chair 0 0 -10 120.40 146.21 252.68 286.48 0.0014591
sofa 0 0 -10 346.45 272.98 560.36 419.69 0.0014480
chair 0 0 -10 353.66 97.68 549.88 310.62 0.0014366
chair 0 0 -10 39.47 139.16 111.42 204.21 0.0014298
desk 0 0 -10 198.51 303.88 548.78 421.13 0.0013887
chair 0 0 -10 531.20 313.79 559.97 424.58 0.0013651
table 0 0 -10 487.30 327.22 557.68 426.69 0.0013404
chair 0 0 -10 545.59 306.86 561.00 426.01 0.0013278
desk 0 0 -10 395.46 96.01 561.00 367.40 0.0012940
chair 0 0 -10 30.48 192.12 217.98 390.84 0.0012921
chair 0 0 -10 99.20 177.12 160.80 266.33 0.0012744
chair 0 0 -10 532.81 215.32 561.00 427.00 0.0012423
chair 0 0 -10 331.40 263.93 509.47 416.24 0.0012066
chair 0 0 -10 79.59 0.48 206.71 94.75 0.0011745
table 0 0 -10 314.98 380.25 539.68 425.56 0.0011704
chair 0 0 -10 133.70 0.00 210.80 58.14 0.0011676
desk 0 0 -10 283.46 342.71 530.85 423.11 0.0011475
chair 0 0 -10 0.00 178.49 46.03 400.47 0.0010653
