desk 0 0 -10 0.00 235.91 561.00 411.63 0.8241043
table 0 0 -10 111.43 247.87 561.00 416.51 0.2211906
desk 0 0 -10 270.71 259.08 561.00 417.49 0.1078349
chair 0 0 -10 2.35 343.86 165.36 426.88 0.0819882
table 0 0 -10 0.00 237.29 361.01 402.92 0.0802975
chair 0 0 -10 401.86 368.91 535.35 427.00 0.0717333
desk 0 0 -10 0.00 320.50 225.42 423.69 0.0687533
table 0 0 -10 274.00 270.02 561.00 396.41 0.0684458
table 0 0 -10 0.00 322.46 229.33 424.76 0.0559967
chair 0 0 -10 377.57 275.33 556.01 419.71 0.0510182
chair 0 0 -10 23.67 267.00 240.23 418.76 0.0311884
chair 0 0 -10 506.65 375.92 560.81 427.00 0.0238286
chair 0 0 -10 309.16 327.27 561.00 422.34 0.0231362
chair 0 0 -10 454.14 272.48 560.74 382.12 0.0204185
chair 0 0 -10 446.53 376.26 561.00 427.00 0.0134309
chair 0 0 -10 30.00 296.61 422.36 422.60 0.0128913
chair 0 0 -10 2.27 358.03 91.50 425.64 0.0124226
chair 0 0 -10 244.01 259.91 531.52 418.70 0.0120624
chair 0 0 -10 492.44 327.21 561.00 427.00 0.0088961
desk 0 0 -10 0.00 239.56 279.93 354.18 0.0086358
chair 0 0 -10 526.37 302.08 561.00 427.00 0.0082479
table 0 0 -10 45.36 328.98 170.07 422.97 0.0077442
table 0 0 -10 0.00 346.73 100.30 427.00 0.0072763
chair 0 0 -10 348.68 386.88 555.30 426.14 0.0071907
chair 0 0 -10 486.21 240.54 561.00 420.72 0.0069821
desk 0 0 -10 466.43 282.60 559.36 384.00 0.0045528
table 0 0 -10 0.00 296.13 480.91 420.55 0.0043311
desk 0 0 -10 79.15 323.97 556.44 418.53 0.0043184
chair 0 0 -10 18.10 379.85 219.61 427.00 0.0041830
chair 0 0 -10 53.25 319.67 174.56 418.64 0.0039968
desk 0 0 -10 3.84 340.87 104.62 425.11 0.0039548
desk 0 0 -10 436.69 63.56 561.00 275.51 0.0036373
chair 0 0 -10 0.00 301.78 85.19 411.13 0.0034788
chair 0 0 -10 485.07 279.31 559.41 346.58 0.0034737
table 0 0 -10 437.60 99.64 557.54 276.19 0.0034652
desk 0 0 -10 279.30 315.92 561.00 371.66 0.0034533
desk 0 0 -10 177.44 226.61 459.76 408.92 0.0033914
desk 0 0 -10 0.73 259.33 134.86 414.96 0.0030979
chair 0 0 -10 340.71 194.57 558.84 407.82 0.0029465
chair 0 0 -10 400.47 406.90 561.00 426.75 0.0029100
desk 0 0 -10 0.00 48.21 561.00 354.21 0.0028224
table 0 0 -10 489.82 278.61 561.00 391.01 0.0027193
chair 0 0 -10 110.89 212.41 489.04 420.59 0.0023115
table 0 0 -10 0.00 239.82 267.08 344.03 0.0023059
chair 0 0 -10 13.28 359.85 334.74 423.60 0.0022443
chair 0 0 -10 339.87 350.19 550.91 404.56 0.0021574
dresser 0 0 -10 437.04 59.16 561.00 274.72 0.0021326
bookshelf 0 0 -10 23.27 90.51 530.86 399.45 0.0021112
table 0 0 -10 2.13 375.11 164.42 426.49 0.0019764
bookshelf 0 0 -10 14.63 0.00 561.00 287.93 0.0018092
chair 0 0 -10 371.46 339.60 513.60 423.25 0.0017558
desk 0 0 -10 178.41 229.29 551.23 331.77 0.0017474
desk 0 0 -10 43.85 338.05 179.36 425.54 0.0017394
bookshelf 0 0 -10 183.34 246.89 561.00 422.79 0.0017217
table 0 0 -10 270.03 348.35 561.00 402.25 0.0016901
desk 0 0 -10 6.82 349.28 447.80 421.47 0.0016252
desk 0 0 -10 278.58 348.85 561.00 402.98 0.0016075
chair 0 0 -10 518.22 285.07 560.44 367.38 0.0016058
desk 0 0 -10 3.15 375.08 165.37 426.66 0.0015792
chair 0 0 -10 36.97 374.39 135.08 426.70 0.0015747
table 0 0 -10 517.09 263.61 560.51 420.13 0.0015630
chair 0 0 -10 441.18 80.17 561.00 363.10 0.0015010
table 0 0 -10 410.07 254.90 561.00 401.46 0.0014215
desk 0 0 -10 417.02 252.61 561.00 400.21 0.0012605
dresser 0 0 -10 15.11 225.18 547.51 427.00 0.0012478
chair 0 0 -10 439.54 207.39 561.00 403.52 0.0012340
chair 0 0 -10 3.49 244.13 177.06 395.38 0.0011706
bookshelf 0 0 -10 0.73 236.96 471.36 418.10 0.0011655
chair 0 0 -10 483.60 57.31 560.42 293.20 0.0010836
bed 0 0 -10 11.38 212.37 545.33 426.31 0.0010608
table 0 0 -10 33.37 138.03 561.00 394.29 0.0010487
sofa 0 0 -10 0.00 324.63 218.61 427.00 0.0009783
table 0 0 -10 0.00 268.81 141.30 418.62 0.0009716
desk 0 0 -10 180.09 147.86 561.00 363.31 0.0009632
table 0 0 -10 0.80 409.23 144.48 426.63 0.0009137
desk 0 0 -10 519.49 261.72 559.38 419.31 0.0008907
chair 0 0 -10 0.07 313.76 66.43 354.64 0.0008844
chair 0 0 -10 430.49 419.13 545.39 426.88 0.0008745
chair 0 0 -10 518.12 23.70 561.00 203.81 0.0008742
chair 0 0 -10 280.84 370.48 516.91 424.86 0.0008700
table 0 0 -10 304.75 317.34 559.47 421.47 0.0008624
chair 0 0 -10 79.67 267.16 189.99 415.86 0.0008622
table 0 0 -10 174.23 229.98 553.74 331.69 0.0008301
chair 0 0 -10 61.24 216.83 250.60 357.55 0.0008269
bed 0 0 -10 291.90 252.33 561.00 422.58 0.0008221
chair 0 0 -10 468.00 401.63 561.00 425.61 0.0008161
desk 0 0 -10 379.67 159.20 561.00 379.44 0.0007973
table 0 0 -10 261.36 315.95 561.00 372.12 0.0007886
table 0 0 -10 79.54 344.32 553.58 412.30 0.0007811
chair 0 0 -10 488.43 380.89 542.96 427.00 0.0007562
table 0 0 -10 365.06 414.20 527.39 426.95 0.0007519
chair 0 0 -10 374.24 413.69 530.73 426.83 0.0007143
chair 0 0 -10 216.78 354.11 433.82 425.12 0.0007098
sofa 0 0 -10 11.06 192.51 561.00 404.50 0.0006822
chair 0 0 -10 528.30 65.93 560.66 301.83 0.0006766
sofa 0 0 -10 297.17 263.37 561.00 420.82 0.0006584
table 0 0 -10 29.22 252.45 220.86 399.22 0.0006489
table 0 0 -10 424.75 419.63 539.60 426.95 0.0006259
table 0 0 -10 0.00 21.97 545.80 275.56 0.0006238
bed 0 0 -10 0.00 227.55 327.13 406.05 0.0005585
