chair 0 0 -10 390.25 117.64 496.94 339.92 0.9658155
desk 0 0 -10 416.58 144.66 553.99 265.45 0.9239293
desk 0 0 -10 316.92 123.51 556.23 296.10 0.3012686
desk 0 0 -10 401.95 135.77 535.05 333.71 0.2730513
sofa 0 0 -10 517.80 196.40 560.79 283.72 0.2318906
table 0 0 -10 414.02 141.10 558.35 292.17 0.0872249
chair 0 0 -10 514.39 193.37 560.70 275.42 0.0854296
table 0 0 -10 288.64 132.97 546.99 331.14 0.0455789
sofa 0 0 -10 523.01 194.94 559.91 420.36 0.0288348
table 0 0 -10 408.43 166.10 519.57 330.53 0.0278617
chair 0 0 -10 504.79 171.45 561.00 370.75 0.0277990
desk 0 0 -10 237.63 78.61 533.88 347.16 0.0239561
chair 0 0 -10 309.64 120.90 482.73 327.70 0.0221834
chair 0 0 -10 499.86 151.66 560.35 267.60 0.0200418
desk 0 0 -10 486.69 155.74 555.70 274.46 0.0192586
chair 0 0 -10 420.28 203.76 559.74 418.83 0.0169423
desk 0 0 -10 361.22 143.93 498.44 358.39 0.0164550
desk 0 0 -10 437.62 172.30 558.63 354.71 0.0161344
chair 0 0 -10 402.95 123.01 476.44 280.17 0.0155492
chair 0 0 -10 423.26 188.41 488.44 270.83 0.0125597
table 0 0 -10 518.39 197.92 559.77 279.85 0.0119370
table 0 0 -10 435.10 172.27 556.34 353.90 0.0118827
desk 0 0 -10 424.31 141.71 549.11 198.26 0.0113520
chair 0 0 -10 526.16 141.11 561.00 281.79 0.0109713
dresser 0 0 -10 522.50 193.43 560.52 420.72 0.0107352
chair 0 0 -10 391.19 107.73 439.53 350.25 0.0103763
desk 0 0 -10 397.44 188.07 524.89 287.29 0.0095718
table 0 0 -10 444.34 184.24 508.29 262.69 0.0090879
table 0 0 -10 523.11 200.50 560.13 426.33 0.0089888
chair 0 0 -10 518.03 143.53 560.92 200.76 0.0082863
desk 0 0 -10 393.30 133.96 500.67 272.58 0.0076307
bathtub 0 0 -10 2.06 100.83 55.95 262.78 0.0058071
table 0 0 -10 251.21 75.06 445.17 332.62 0.0055764
bed 0 0 -10 516.71 197.27 561.00 283.61 0.0047128
table 0 0 -10 504.89 158.92 560.95 271.96 0.0046602
desk 0 0 -10 444.19 152.55 519.97 256.85 0.0044817
table 0 0 -10 0.89 116.22 55.36 252.60 0.0042839
desk 0 0 -10 517.50 191.94 559.65 277.36 0.0042717
night_stand 0 0 -10 514.63 197.68 560.61 282.22 0.0042310
dresser 0 0 -10 519.41 197.50 560.59 277.82 0.0040524
chair 0 0 -10 489.27 229.66 559.54 402.05 0.0039706
table 0 0 -10 466.00 182.78 555.49 278.52 0.0034166
table 0 0 -10 133.39 123.42 549.16 402.52 0.0032316
desk 0 0 -10 523.64 196.96 560.34 421.99 0.0032020
table 0 0 -10 421.89 142.15 551.52 199.80 0.0031009
table 0 0 -10 14.40 169.73 439.46 425.63 0.0030610
chair 0 0 -10 432.01 158.22 509.67 272.90 0.0028352
sofa 0 0 -10 530.42 182.08 559.48 334.93 0.0028095
desk 0 0 -10 451.75 148.16 532.60 214.46 0.0027749
desk 0 0 -10 244.15 53.48 410.98 316.29 0.0026725
dresser 0 0 -10 429.74 135.81 559.64 266.65 0.0025072
dresser 0 0 -10 392.58 123.74 533.95 316.17 0.0024588
bathtub 0 0 -10 519.21 195.66 560.96 277.81 0.0024253
table 0 0 -10 406.26 203.93 550.46 418.63 0.0024089
chair 0 0 -10 368.71 124.94 464.99 308.47 0.0023945
sofa 0 0 -10 503.84 195.75 558.38 352.65 0.0023259
sofa 0 0 -10 390.37 127.79 494.92 338.61 0.0022923
bathtub 0 0 -10 523.28 192.56 560.89 419.45 0.0022030
bookshelf 0 0 -10 274.26 94.81 490.01 324.97 0.0021946
table 0 0 -10 109.24 99.80 125.12 115.26 0.0021603
sofa 0 0 -10 523.11 155.47 560.01 258.01 0.0021093
desk 0 0 -10 499.34 163.71 560.65 359.19 0.0020624
toilet 0 0 -10 518.94 194.75 561.00 280.43 0.0020575
bed 0 0 -10 521.87 185.91 561.00 422.39 0.0020551
desk 0 0 -10 263.10 166.84 450.03 239.31 0.0019488
chair 0 0 -10 322.55 169.27 473.85 248.12 0.0019291
table 0 0 -10 4.19 169.98 284.09 358.21 0.0017951
table 0 0 -10 372.78 153.76 490.86 318.17 0.0017301
bookshelf 0 0 -10 337.28 118.98 540.08 302.12 0.0017287
desk 0 0 -10 311.63 159.82 492.22 229.25 0.0017153
chair 0 0 -10 356.92 188.85 490.79 281.02 0.0016083
dresser 0 0 -10 256.44 40.43 434.97 328.09 0.0015681
table 0 0 -10 497.80 160.48 560.05 359.82 0.0015554
dresser 0 0 -10 541.04 259.76 559.23 426.49 0.0015494
table 0 0 -10 531.05 249.39 560.19 377.05 0.0014745
chair 0 0 -10 520.41 190.52 528.85 268.02 0.0014709
chair 0 0 -10 336.02 163.29 537.67 389.82 0.0014355
chair 0 0 -10 471.37 148.81 529.97 244.93 0.0014070
desk 0 0 -10 429.57 138.10 498.10 236.11 0.0013865
table 0 0 -10 353.09 164.61 527.15 376.34 0.0013764
table 0 0 -10 446.64 156.52 559.57 254.01 0.0013702
bookshelf 0 0 -10 395.34 136.43 524.26 348.14 0.0013394
chair 0 0 -10 457.35 123.96 491.46 194.59 0.0012947
chair 0 0 -10 230.23 101.23 435.98 299.57 0.0012553
dresser 0 0 -10 507.77 157.61 560.67 274.13 0.0012313
table 0 0 -10 541.26 265.48 559.14 427.00 0.0012311
chair 0 0 -10 199.14 113.04 245.08 210.50 0.0012080
chair 0 0 -10 444.25 120.53 550.27 253.14 0.0011835
desk 0 0 -10 500.85 158.89 535.60 270.67 0.0011570
desk 0 0 -10 21.78 126.50 518.85 404.14 0.0011194
chair 0 0 -10 467.37 188.64 557.91 338.32 0.0011190
desk 0 0 -10 410.46 201.21 550.68 415.42 0.0011081
desk 0 0 -10 386.07 132.72 456.77 337.17 0.0011067
desk 0 0 -10 514.48 161.66 560.65 254.03 0.0010829
table 0 0 -10 503.93 195.28 528.65 276.92 0.0010756
chair 0 0 -10 412.63 119.89 455.84 222.35 0.0010660
sofa 0 0 -10 2.52 100.24 72.76 292.47 0.0010600
desk 0 0 -10 486.25 86.04 560.97 151.95 0.0010557
table 0 0 -10 493.65 227.24 556.32 427.00 0.0010364
toilet 0 0 -10 522.62 196.63 560.97 427.00 0.0010147
