desk 0 0 -10 1.20 285.41 561.00 417.73 0.6465021
table 0 0 -10 0.00 300.52 561.00 406.47 0.4088309
desk 0 0 -10 227.26 203.16 561.00 415.04 0.1830760
table 0 0 -10 29.63 198.05 560.39 415.16 0.1177102
desk 0 0 -10 11.57 327.38 372.39 420.43 0.0169403
bed 0 0 -10 1.84 211.37 486.67 419.54 0.0128566
chair 0 0 -10 337.18 165.25 550.37 413.27 0.0125073
chair 0 0 -10 312.10 288.88 548.14 414.08 0.0105103
bed 0 0 -10 3.20 309.76 437.40 427.00 0.0090170
table 0 0 -10 10.29 323.89 281.45 424.05 0.0088915
chair 0 0 -10 213.94 173.56 395.32 334.45 0.0079396
sofa 0 0 -10 8.19 175.98 556.21 417.38 0.0079277
chair 0 0 -10 99.30 312.21 540.08 413.78 0.0073775
chair 0 0 -10 17.30 177.69 505.46 421.87 0.0064473
desk 0 0 -10 240.10 307.30 553.75 385.13 0.0059491
desk 0 0 -10 166.71 329.51 561.00 415.49 0.0054471
bookshelf 0 0 -10 7.20 283.16 561.00 422.70 0.0049417
chair 0 0 -10 26.95 326.91 404.04 420.20 0.0047271
desk 0 0 -10 364.16 283.32 561.00 421.47 0.0045505
bookshelf 0 0 -10 31.32 173.63 556.15 410.55 0.0045094
chair 0 0 -10 417.85 247.09 558.68 417.92 0.0041890
desk 0 0 -10 269.09 290.74 558.64 357.82 0.0038625
chair 0 0 -10 33.01 347.50 230.17 425.13 0.0031331
table 0 0 -10 279.15 282.66 561.00 421.60 0.0027540
table 0 0 -10 252.01 204.37 561.00 386.20 0.0023648
desk 0 0 -10 22.17 178.17 452.51 409.49 0.0022985
chair 0 0 -10 219.19 185.05 466.55 396.96 0.0021808
table 0 0 -10 402.83 201.41 556.03 284.34 0.0021333
dresser 0 0 -10 52.82 176.75 561.00 421.65 0.0020585
table 0 0 -10 128.74 215.30 418.27 413.06 0.0019049
desk 0 0 -10 336.79 181.62 561.00 337.06 0.0016608
bathtub 0 0 -10 21.85 198.08 556.86 406.02 0.0016277
night_stand 0 0 -10 4.39 299.23 543.55 418.39 0.0016026
dresser 0 0 -10 2.02 297.92 552.52 418.48 0.0015060
table 0 0 -10 289.05 177.48 403.08 307.11 0.0014808
chair 0 0 -10 255.78 344.61 526.43 424.86 0.0014027
table 0 0 -10 392.76 156.28 557.77 318.60 0.0013761
sofa 0 0 -10 6.08 295.89 548.74 416.52 0.0012148
table 0 0 -10 261.56 300.95 557.58 367.14 0.0010900
chair 0 0 -10 397.16 148.06 558.46 334.35 0.0010874
bookshelf 0 0 -10 267.50 267.82 557.05 422.65 0.0010279
chair 0 0 -10 61.74 278.31 421.99 405.38 0.0009882
desk 0 0 -10 401.08 200.12 560.39 284.84 0.0009436
bookshelf 0 0 -10 361.32 143.88 557.49 392.02 0.0009050
bathtub 0 0 -10 24.84 302.89 541.92 415.80 0.0008966
bed 0 0 -10 0.00 73.57 561.00 399.95 0.0007602
toilet 0 0 -10 13.32 295.66 517.38 415.36 0.0006897
chair 0 0 -10 6.10 289.20 268.01 422.30 0.0006349
chair 0 0 -10 526.69 298.42 561.00 350.23 0.0006216
desk 0 0 -10 295.31 267.35 435.51 414.79 0.0006132
desk 0 0 -10 208.00 325.73 402.10 420.05 0.0006116
chair 0 0 -10 64.25 176.32 418.53 329.37 0.0006097
table 0 0 -10 314.57 197.00 523.43 294.71 0.0005954
table 0 0 -10 124.79 328.23 437.06 423.28 0.0005787
chair 0 0 -10 489.64 195.86 561.00 415.92 0.0005397
dresser 0 0 -10 262.56 277.33 555.77 425.19 0.0005387
chair 0 0 -10 461.75 289.73 561.00 406.06 0.0005383
bed 0 0 -10 177.48 280.18 556.55 415.31 0.0005326
toilet 0 0 -10 26.04 192.19 546.26 414.33 0.0005255
chair 0 0 -10 6.35 363.11 171.73 427.00 0.0004543
dresser 0 0 -10 388.37 165.26 561.00 412.31 0.0004532
table 0 0 -10 265.22 181.92 483.97 332.27 0.0004441
chair 0 0 -10 210.53 328.89 382.58 424.10 0.0004346
table 0 0 -10 177.20 171.17 402.28 319.57 0.0004105
night_stand 0 0 -10 54.53 186.70 558.63 419.83 0.0003611
chair 0 0 -10 403.00 191.26 555.27 285.87 0.0003402
desk 0 0 -10 435.63 171.96 561.00 396.28 0.0002951
bed 0 0 -10 40.78 176.69 412.03 330.18 0.0002665
chair 0 0 -10 263.78 180.86 351.00 315.14 0.0002487
chair 0 0 -10 396.13 335.33 559.85 411.89 0.0002434
chair 0 0 -10 505.80 121.08 561.00 365.82 0.0002416
bathtub 0 0 -10 265.06 282.15 551.93 420.31 0.0002296
desk 0 0 -10 491.02 229.90 560.52 414.50 0.0002231
night_stand 0 0 -10 265.32 284.71 553.60 424.40 0.0002227
table 0 0 -10 189.78 338.44 540.27 412.78 0.0002137
sofa 0 0 -10 232.64 271.40 561.00 421.32 0.0002116
desk 0 0 -10 265.75 176.06 480.13 336.21 0.0002037
chair 0 0 -10 139.58 359.18 422.97 421.46 0.0001986
chair 0 0 -10 510.66 265.63 561.00 419.93 0.0001828
sofa 0 0 -10 13.55 321.98 274.33 425.24 0.0001805
chair 0 0 -10 328.45 110.25 510.84 336.88 0.0001737
chair 0 0 -10 533.29 150.15 561.00 384.38 0.0001718
table 0 0 -10 217.01 278.48 444.79 418.85 0.0001682
chair 0 0 -10 274.34 41.07 551.83 315.67 0.0001635
toilet 0 0 -10 259.82 273.83 556.60 425.41 0.0001618
desk 0 0 -10 330.46 274.71 510.00 390.28 0.0001576
chair 0 0 -10 468.41 1.63 559.24 217.11 0.0001503
dresser 0 0 -10 404.74 195.35 557.12 285.19 0.0001484
chair 0 0 -10 537.56 309.89 560.87 340.58 0.0001468
table 0 0 -10 50.98 15.93 555.31 307.21 0.0001467
table 0 0 -10 429.43 136.04 557.72 156.28 0.0001441
bookshelf 0 0 -10 13.27 317.24 271.87 424.73 0.0001403
chair 0 0 -10 529.49 319.07 560.68 346.05 0.0001382
table 0 0 -10 488.20 239.74 560.53 420.57 0.0001322
desk 0 0 -10 340.56 226.72 561.00 300.60 0.0001308
desk 0 0 -10 38.04 289.61 256.10 420.29 0.0001306
chair 0 0 -10 0.00 254.49 162.23 406.42 0.0001296
table 0 0 -10 434.04 180.48 558.85 398.80 0.0001275
bed 0 0 -10 245.91 162.29 561.00 427.00 0.0001271
chair 0 0 -10 302.81 148.40 444.32 357.00 0.0001221
