desk 0 0 -10 5.34 211.90 556.45 416.51 0.9458346
desk 0 0 -10 6.57 207.08 192.75 420.97 0.1270296
table 0 0 -10 13.60 230.67 543.64 418.51 0.1170740
bookshelf 0 0 -10 420.48 119.59 560.62 268.43 0.0718279
chair 0 0 -10 202.06 285.35 451.65 421.69 0.0575192
desk 0 0 -10 1.54 235.89 116.63 420.02 0.0394085
desk 0 0 -10 196.06 207.67 479.88 410.39 0.0315914
desk 0 0 -10 288.59 264.21 561.00 420.26 0.0248214
chair 0 0 -10 298.45 327.78 456.38 421.79 0.0170968
chair 0 0 -10 304.00 261.96 541.53 422.36 0.0134769
table 0 0 -10 0.00 117.33 558.35 386.27 0.0104305
chair 0 0 -10 142.10 152.06 478.78 404.70 0.0094878
chair 0 0 -10 244.79 2.02 319.18 109.50 0.0092589
desk 0 0 -10 0.00 68.19 561.00 368.91 0.0091944
chair 0 0 -10 33.21 110.14 230.46 329.13 0.0091917
chair 0 0 -10 44.92 252.35 397.98 418.56 0.0091753
bookshelf 0 0 -10 7.48 87.05 544.54 415.23 0.0064443
desk 0 0 -10 56.42 305.73 544.25 419.56 0.0054719
dresser 0 0 -10 81.84 220.47 561.00 427.00 0.0053538
dresser 0 0 -10 0.92 214.06 124.34 423.68 0.0053375
chair 0 0 -10 4.53 229.77 181.96 427.00 0.0049775
chair 0 0 -10 185.24 85.27 422.35 252.05 0.0047872
chair 0 0 -10 239.36 1.06 312.54 25.50 0.0043021
bookshelf 0 0 -10 121.32 229.24 561.00 426.05 0.0040098
bookshelf 0 0 -10 411.57 117.51 497.76 247.32 0.0037760
chair 0 0 -10 29.86 91.04 348.19 400.07 0.0036302
table 0 0 -10 235.56 277.18 560.68 421.67 0.0033406
desk 0 0 -10 0.00 181.59 318.55 401.91 0.0032211
bookshelf 0 0 -10 183.90 32.02 552.66 288.09 0.0030499
table 0 0 -10 0.00 218.70 126.27 421.58 0.0030154
table 0 0 -10 544.98 277.43 559.97 403.54 0.0028326
table 0 0 -10 162.72 218.63 406.14 413.53 0.0026732
desk 0 0 -10 347.85 244.01 488.33 403.44 0.0026647
table 0 0 -10 11.07 197.62 470.69 350.09 0.0023786
desk 0 0 -10 50.68 162.71 461.78 364.83 0.0023272
desk 0 0 -10 407.68 285.18 555.27 419.62 0.0022452
bookshelf 0 0 -10 310.51 89.47 552.46 261.72 0.0021681
bed 0 0 -10 59.88 206.86 558.66 427.00 0.0021029
chair 0 0 -10 235.94 3.11 373.55 149.30 0.0019800
chair 0 0 -10 543.53 269.13 559.47 385.10 0.0016943
bookshelf 0 0 -10 483.51 128.41 558.68 257.68 0.0016373
dresser 0 0 -10 5.62 194.40 318.29 423.25 0.0015546
sofa 0 0 -10 67.84 221.04 557.16 423.21 0.0015222
chair 0 0 -10 286.60 3.14 448.72 153.96 0.0015178
table 0 0 -10 173.32 66.95 460.30 249.43 0.0015031
night_stand 0 0 -10 44.54 237.70 535.99 420.46 0.0014755
bookshelf 0 0 -10 421.35 23.40 558.44 327.78 0.0014006
bookshelf 0 0 -10 217.83 70.88 448.27 256.83 0.0013987
chair 0 0 -10 185.30 223.64 373.73 417.46 0.0012905
bathtub 0 0 -10 47.85 241.51 524.72 412.09 0.0012775
bookshelf 0 0 -10 338.06 185.93 556.13 408.37 0.0011750
bookshelf 0 0 -10 540.89 131.41 561.00 282.00 0.0011657
desk 0 0 -10 194.30 331.71 477.10 415.80 0.0011509
chair 0 0 -10 537.61 209.58 561.00 418.75 0.0010931
bookshelf 0 0 -10 529.95 113.90 559.45 298.85 0.0010601
chair 0 0 -10 398.50 302.36 549.29 423.97 0.0010525
chair 0 0 -10 0.01 271.50 114.45 425.47 0.0010070
bookshelf 0 0 -10 538.07 169.59 560.77 408.95 0.0009817
bookshelf 0 0 -10 422.61 120.28 451.06 239.97 0.0009601
bookshelf 0 0 -10 441.88 162.53 505.94 241.37 0.0009490
desk 0 0 -10 5.03 206.25 42.56 416.11 0.0009239
chair 0 0 -10 363.44 251.12 476.61 409.88 0.0008653
table 0 0 -10 14.01 229.85 281.42 421.74 0.0008573
chair 0 0 -10 340.89 236.99 429.07 407.54 0.0008314
table 0 0 -10 548.26 237.64 560.65 380.71 0.0008300
chair 0 0 -10 457.40 268.17 559.70 404.22 0.0008072
desk 0 0 -10 208.35 80.40 459.28 252.97 0.0007808
bed 0 0 -10 544.80 273.01 560.24 402.36 0.0007603
table 0 0 -10 535.87 292.56 560.63 419.63 0.0007433
desk 0 0 -10 67.35 7.82 556.74 171.63 0.0007337
desk 0 0 -10 1.62 204.01 108.38 327.96 0.0007262
chair 0 0 -10 518.64 270.42 561.00 418.61 0.0007012
desk 0 0 -10 0.00 168.69 68.20 415.22 0.0006917
dresser 0 0 -10 219.73 81.96 450.91 251.01 0.0006915
chair 0 0 -10 232.03 218.26 520.66 401.05 0.0006882
toilet 0 0 -10 66.21 237.25 518.59 417.94 0.0006835
bookshelf 0 0 -10 400.66 158.98 549.45 228.72 0.0006793
dresser 0 0 -10 12.69 91.14 543.02 398.10 0.0006672
sofa 0 0 -10 545.59 272.17 559.92 397.53 0.0006604
desk 0 0 -10 460.92 307.58 558.60 399.09 0.0006595
chair 0 0 -10 270.29 305.20 431.19 404.32 0.0006305
desk 0 0 -10 1.88 193.73 340.71 306.97 0.0006147
chair 0 0 -10 1.77 106.69 141.30 308.83 0.0006125
chair 0 0 -10 338.84 0.02 401.91 23.82 0.0006122
table 0 0 -10 73.65 12.37 537.19 171.22 0.0005544
dresser 0 0 -10 426.20 138.36 561.00 282.49 0.0005341
sofa 0 0 -10 11.49 101.68 542.39 395.49 0.0005216
table 0 0 -10 190.18 331.39 484.12 416.21 0.0005136
desk 0 0 -10 134.10 205.27 361.28 410.88 0.0005059
bed 0 0 -10 537.40 207.25 561.00 419.41 0.0005053
chair 0 0 -10 219.97 11.05 499.29 220.27 0.0004905
desk 0 0 -10 314.26 238.73 437.43 402.01 0.0004830
chair 0 0 -10 0.00 169.38 90.20 420.11 0.0004652
chair 0 0 -10 345.60 3.25 523.89 146.35 0.0004618
bookshelf 0 0 -10 545.52 269.42 560.14 398.27 0.0004471
table 0 0 -10 549.22 285.01 558.20 386.35 0.0004218
bookshelf 0 0 -10 442.72 126.65 482.94 234.67 0.0004194
table 0 0 -10 334.70 237.92 441.61 402.40 0.0003978
table 0 0 -10 516.05 275.02 560.30 386.60 0.0003568
dresser 0 0 -10 545.46 275.07 559.95 397.40 0.0003402
