desk 0 0 -10 0.00 229.67 561.00 415.21 0.7938913
chair 0 0 -10 350.71 339.87 538.66 424.99 0.2898798
table 0 0 -10 0.63 219.65 527.75 422.81 0.2730852
table 0 0 -10 0.00 280.65 118.68 417.08 0.1015096
desk 0 0 -10 417.26 330.46 556.57 423.29 0.0741703
desk 0 0 -10 371.80 248.37 555.68 413.77 0.0676138
desk 0 0 -10 1.39 282.28 113.75 417.31 0.0656389
chair 0 0 -10 213.81 389.05 450.18 426.54 0.0606269
desk 0 0 -10 453.29 235.08 555.96 392.12 0.0517583
chair 0 0 -10 355.07 382.10 507.76 427.00 0.0482324
chair 0 0 -10 150.32 351.59 487.75 422.51 0.0470048
chair 0 0 -10 428.31 328.54 557.02 424.53 0.0462354
chair 0 0 -10 58.45 318.30 457.22 424.96 0.0435716
desk 0 0 -10 126.87 228.70 403.92 413.57 0.0297260
chair 0 0 -10 1.50 255.20 117.50 410.07 0.0283980
chair 0 0 -10 332.11 266.15 544.24 420.13 0.0269483
desk 0 0 -10 469.22 342.33 560.50 414.84 0.0226390
desk 0 0 -10 7.59 270.79 268.25 424.93 0.0203123
table 0 0 -10 466.50 343.51 559.23 425.77 0.0187994
table 0 0 -10 324.06 254.72 560.56 419.79 0.0187276
table 0 0 -10 7.46 253.96 212.23 416.37 0.0156970
chair 0 0 -10 316.58 355.97 463.72 424.99 0.0156543
chair 0 0 -10 0.00 268.57 83.94 365.40 0.0142001
chair 0 0 -10 13.18 256.27 220.82 424.96 0.0129899
desk 0 0 -10 199.05 274.26 559.82 422.01 0.0117793
chair 0 0 -10 368.57 300.87 499.67 415.26 0.0117050
table 0 0 -10 380.45 323.57 554.99 420.51 0.0092390
chair 0 0 -10 346.07 223.26 523.67 366.91 0.0086193
chair 0 0 -10 358.38 385.96 440.39 427.00 0.0082360
chair 0 0 -10 207.66 231.90 491.30 406.68 0.0077188
desk 0 0 -10 0.00 120.61 533.95 380.40 0.0061097
chair 0 0 -10 487.73 336.94 559.44 423.64 0.0054958
chair 0 0 -10 60.81 191.34 480.07 419.80 0.0051906
table 0 0 -10 383.40 234.30 559.32 374.76 0.0051579
table 0 0 -10 0.00 285.79 116.20 353.07 0.0047202
chair 0 0 -10 305.51 293.82 444.45 422.33 0.0042978
chair 0 0 -10 166.01 133.02 530.76 378.15 0.0042250
bed 0 0 -10 257.34 222.30 560.12 404.06 0.0041797
night_stand 0 0 -10 463.22 342.50 561.00 427.00 0.0039448
chair 0 0 -10 503.74 215.25 561.00 320.14 0.0039347
table 0 0 -10 127.72 232.21 413.20 415.48 0.0036393
chair 0 0 -10 470.27 222.50 559.13 377.19 0.0033351
desk 0 0 -10 1.81 277.77 108.24 355.72 0.0032931
desk 0 0 -10 94.99 330.79 506.14 419.68 0.0030521
chair 0 0 -10 411.89 214.39 547.77 352.75 0.0030480
bed 0 0 -10 11.94 196.98 544.98 425.28 0.0029812
chair 0 0 -10 2.24 250.53 114.73 327.44 0.0026368
chair 0 0 -10 0.00 275.82 50.97 345.93 0.0025313
dresser 0 0 -10 9.45 206.01 545.33 425.73 0.0024926
chair 0 0 -10 129.54 263.25 359.82 420.95 0.0023632
chair 0 0 -10 272.85 323.36 507.36 412.32 0.0022913
table 0 0 -10 154.79 77.52 425.23 253.82 0.0021273
chair 0 0 -10 1.83 325.57 132.23 426.10 0.0020709
table 0 0 -10 448.69 293.85 558.79 416.71 0.0019908
dresser 0 0 -10 468.19 342.93 559.83 424.23 0.0018410
bookshelf 0 0 -10 22.37 172.51 537.79 421.13 0.0017249
night_stand 0 0 -10 10.85 208.04 545.28 427.00 0.0016835
chair 0 0 -10 0.00 174.77 123.00 374.54 0.0016656
chair 0 0 -10 0.00 289.18 59.50 390.70 0.0016410
sofa 0 0 -10 11.30 202.07 545.89 421.15 0.0015987
chair 0 0 -10 480.35 291.80 561.00 402.54 0.0015504
chair 0 0 -10 522.19 242.51 560.85 317.83 0.0015144
desk 0 0 -10 0.53 7.01 561.00 133.47 0.0012655
table 0 0 -10 442.43 231.33 559.80 340.85 0.0012411
table 0 0 -10 75.77 305.78 542.51 419.92 0.0012111
chair 0 0 -10 529.02 264.30 561.00 427.00 0.0011907
desk 0 0 -10 491.37 298.12 559.50 418.75 0.0011870
chair 0 0 -10 526.33 275.30 561.00 300.24 0.0011815
chair 0 0 -10 532.69 97.59 561.00 283.65 0.0011766
chair 0 0 -10 20.67 339.77 317.34 425.99 0.0011506
table 0 0 -10 14.48 10.27 538.40 132.00 0.0009526
chair 0 0 -10 321.91 242.34 431.64 400.45 0.0009441
desk 0 0 -10 365.66 298.29 486.66 415.89 0.0008929
desk 0 0 -10 474.11 230.48 559.30 338.03 0.0008558
desk 0 0 -10 151.02 67.54 436.86 254.95 0.0008464
chair 0 0 -10 532.88 195.65 561.00 354.29 0.0007826
bathtub 0 0 -10 16.67 201.83 530.89 416.71 0.0007764
chair 0 0 -10 537.50 219.30 561.00 306.46 0.0007544
sofa 0 0 -10 472.59 343.44 559.34 426.22 0.0007262
table 0 0 -10 361.88 297.73 488.87 415.37 0.0007229
chair 0 0 -10 30.30 118.26 371.28 372.13 0.0006980
chair 0 0 -10 430.68 268.60 553.72 381.84 0.0006928
chair 0 0 -10 115.34 381.96 394.95 426.29 0.0006365
dresser 0 0 -10 287.73 234.94 551.56 405.03 0.0006296
desk 0 0 -10 36.93 221.59 443.42 350.81 0.0006265
desk 0 0 -10 256.12 226.23 556.38 380.92 0.0006163
chair 0 0 -10 531.74 270.54 561.00 321.20 0.0005810
chair 0 0 -10 169.72 53.53 432.39 255.37 0.0005540
chair 0 0 -10 0.00 250.12 38.62 386.79 0.0005090
toilet 0 0 -10 20.46 195.94 518.12 424.35 0.0005046
desk 0 0 -10 302.83 238.89 446.67 400.29 0.0004910
table 0 0 -10 94.01 213.75 481.86 357.07 0.0004832
chair 0 0 -10 214.00 408.92 437.08 426.34 0.0004594
chair 0 0 -10 351.89 400.44 552.01 426.15 0.0004581
dresser 0 0 -10 167.42 87.09 408.11 253.23 0.0004572
bed 0 0 -10 7.29 244.75 320.36 427.00 0.0004566
desk 0 0 -10 492.31 189.06 560.71 405.71 0.0004542
desk 0 0 -10 300.74 321.40 511.41 417.04 0.0004468
table 0 0 -10 11.49 252.58 150.53 336.59 0.0004418
chair 0 0 -10 414.33 395.60 478.72 427.00 0.0004361
