desk 0 0 -10 11.17 226.90 548.00 413.78 0.8915960
chair 0 0 -10 1.23 305.62 38.16 425.75 0.3770479
table 0 0 -10 5.45 238.48 492.89 415.77 0.1565775
desk 0 0 -10 7.03 198.85 296.14 413.43 0.1193627
chair 0 0 -10 0.07 288.23 71.88 425.14 0.0684111
chair 0 0 -10 14.36 294.93 264.14 426.38 0.0562821
chair 0 0 -10 506.98 78.49 559.39 265.12 0.0261268
chair 0 0 -10 523.25 135.60 561.00 361.24 0.0239747
chair 0 0 -10 523.04 150.05 560.30 242.20 0.0224516
desk 0 0 -10 265.88 230.14 469.65 413.67 0.0211869
sofa 0 0 -10 0.44 312.64 39.34 427.00 0.0204688
desk 0 0 -10 0.00 45.14 561.00 381.63 0.0204131
chair 0 0 -10 533.30 121.44 559.34 272.24 0.0136270
chair 0 0 -10 0.00 251.24 155.74 427.00 0.0125413
chair 0 0 -10 260.41 248.96 530.03 419.63 0.0115864
chair 0 0 -10 0.00 208.70 89.99 422.99 0.0114297
desk 0 0 -10 1.27 1.89 291.45 205.31 0.0102619
table 0 0 -10 2.34 204.59 392.17 366.87 0.0097283
desk 0 0 -10 0.00 199.20 423.25 285.35 0.0084536
table 0 0 -10 204.52 236.12 553.72 391.25 0.0083190
chair 0 0 -10 482.37 124.64 560.19 222.67 0.0067622
chair 0 0 -10 537.08 155.34 560.49 222.36 0.0064088
table 0 0 -10 0.20 315.98 37.59 424.43 0.0059779
chair 0 0 -10 514.37 162.91 561.00 212.16 0.0058600
chair 0 0 -10 485.72 96.45 560.90 339.09 0.0056111
desk 0 0 -10 2.58 202.86 139.99 418.08 0.0054501
desk 0 0 -10 2.67 243.13 65.92 415.70 0.0053196
chair 0 0 -10 2.85 302.67 21.56 426.69 0.0052282
table 0 0 -10 7.03 9.59 282.45 200.04 0.0050277
desk 0 0 -10 43.99 214.54 439.43 353.05 0.0047137
chair 0 0 -10 538.99 114.36 561.00 408.93 0.0047121
bookshelf 0 0 -10 41.19 221.55 349.97 421.38 0.0038724
chair 0 0 -10 277.25 192.20 435.60 344.92 0.0036851
desk 0 0 -10 429.32 222.07 559.18 382.90 0.0034565
chair 0 0 -10 40.45 276.40 400.22 417.92 0.0034256
chair 0 0 -10 534.97 24.28 561.00 257.57 0.0034189
table 0 0 -10 421.43 225.37 561.00 382.46 0.0031681
desk 0 0 -10 0.00 321.13 535.10 421.37 0.0031248
table 0 0 -10 0.00 57.00 561.00 372.32 0.0030950
chair 0 0 -10 57.41 215.27 241.25 423.00 0.0029291
chair 0 0 -10 0.63 360.23 46.32 426.43 0.0028966
table 0 0 -10 0.00 199.99 423.71 285.14 0.0027737
chair 0 0 -10 308.06 145.10 550.10 397.30 0.0027733
chair 0 0 -10 0.49 183.75 30.67 421.96 0.0026430
table 0 0 -10 535.91 154.98 560.88 376.35 0.0026403
desk 0 0 -10 14.84 172.82 262.07 326.70 0.0025285
table 0 0 -10 0.00 228.86 247.02 419.19 0.0023671
desk 0 0 -10 142.91 228.57 399.61 409.03 0.0023396
bookshelf 0 0 -10 4.07 146.94 539.67 413.72 0.0023083
desk 0 0 -10 326.53 225.71 561.00 416.20 0.0022999
desk 0 0 -10 523.75 167.43 560.17 365.89 0.0022874
chair 0 0 -10 543.05 71.67 559.39 248.38 0.0022673
chair 0 0 -10 432.60 82.17 561.00 236.58 0.0022322
table 0 0 -10 0.00 263.44 56.37 417.82 0.0021678
table 0 0 -10 529.31 160.00 559.86 242.05 0.0020744
chair 0 0 -10 0.32 261.41 41.99 389.25 0.0019424
chair 0 0 -10 543.64 143.80 561.00 292.62 0.0017961
chair 0 0 -10 419.56 177.91 561.00 363.99 0.0017448
table 0 0 -10 514.67 192.70 560.98 422.10 0.0015811
chair 0 0 -10 81.95 150.63 520.30 404.36 0.0015131
table 0 0 -10 516.18 176.49 559.41 225.20 0.0014937
dresser 0 0 -10 8.61 218.07 551.75 417.68 0.0013246
table 0 0 -10 1.68 212.37 123.28 415.01 0.0012952
chair 0 0 -10 306.57 108.83 462.61 353.58 0.0012935
chair 0 0 -10 4.69 296.10 8.08 425.02 0.0012815
chair 0 0 -10 2.66 394.36 66.71 427.00 0.0012702
chair 0 0 -10 0.48 405.60 37.33 427.00 0.0012699
bookshelf 0 0 -10 9.27 0.06 366.64 325.31 0.0012514
sofa 0 0 -10 529.41 140.16 560.34 254.28 0.0012450
chair 0 0 -10 384.52 92.24 556.88 291.48 0.0011322
chair 0 0 -10 522.47 128.40 560.61 201.01 0.0009990
desk 0 0 -10 2.04 295.46 37.29 426.45 0.0009764
chair 0 0 -10 548.45 157.56 560.34 222.27 0.0009620
sofa 0 0 -10 5.86 240.71 450.89 414.71 0.0009367
chair 0 0 -10 354.33 99.86 418.78 270.37 0.0009340
desk 0 0 -10 502.31 133.46 559.53 401.98 0.0008934
chair 0 0 -10 25.07 160.02 310.44 412.96 0.0008793
night_stand 0 0 -10 204.51 249.79 560.41 424.66 0.0008316
chair 0 0 -10 549.95 111.30 560.86 273.26 0.0007308
chair 0 0 -10 28.72 10.54 288.02 206.89 0.0007074
chair 0 0 -10 0.00 351.37 129.58 427.00 0.0006850
bathtub 0 0 -10 16.37 213.34 539.49 404.84 0.0006818
desk 0 0 -10 516.57 176.01 559.56 225.40 0.0006667
bed 0 0 -10 2.65 229.15 453.39 419.61 0.0006211
table 0 0 -10 0.00 103.10 295.03 405.96 0.0006186
table 0 0 -10 0.22 406.95 35.48 427.00 0.0006170
desk 0 0 -10 0.00 73.25 319.86 258.77 0.0006016
chair 0 0 -10 3.90 307.84 6.61 422.67 0.0005843
bookshelf 0 0 -10 208.22 242.11 561.00 421.78 0.0005697
sofa 0 0 -10 517.76 171.97 560.44 224.81 0.0005647
table 0 0 -10 0.31 423.44 39.01 427.00 0.0005463
chair 0 0 -10 194.28 250.37 429.48 411.84 0.0005450
table 0 0 -10 144.47 231.11 401.56 409.84 0.0005332
sofa 0 0 -10 5.47 300.71 24.88 427.00 0.0005267
sofa 0 0 -10 537.07 138.24 560.65 371.31 0.0005223
dresser 0 0 -10 11.55 11.10 291.63 207.50 0.0005029
desk 0 0 -10 540.13 151.56 560.61 417.47 0.0004990
chair 0 0 -10 166.72 198.21 473.14 334.72 0.0004886
bookshelf 0 0 -10 538.96 141.74 561.00 307.32 0.0004809
table 0 0 -10 6.80 279.05 27.86 427.00 0.0004784
