sofa 0 0 -10 0.00 16.79 452.19 355.28 0.9786226
table 0 0 -10 3.88 269.12 474.01 425.98 0.6954840
table 0 0 -10 427.39 106.22 524.10 259.87 0.6901688
chair 0 0 -10 439.47 17.94 500.36 109.29 0.4885893
desk 0 0 -10 430.70 106.36 520.98 260.28 0.2512904
sofa 0 0 -10 0.00 176.03 497.60 417.13 0.1546246
sofa 0 0 -10 346.15 32.56 458.26 257.03 0.1511310
chair 0 0 -10 350.66 27.90 467.69 245.94 0.1271902
table 0 0 -10 203.73 338.34 321.75 425.31 0.1129559
desk 0 0 -10 0.00 300.97 264.03 421.86 0.1127327
table 0 0 -10 3.47 297.59 290.21 425.92 0.1125550
table 0 0 -10 331.74 267.62 430.31 332.18 0.0946539
table 0 0 -10 128.79 261.15 329.31 424.88 0.0900570
table 0 0 -10 0.00 292.02 109.25 415.01 0.0400973
sofa 0 0 -10 9.30 132.91 392.57 322.72 0.0389662
desk 0 0 -10 0.00 268.15 474.76 427.00 0.0330553
sofa 0 0 -10 165.06 5.96 505.48 267.01 0.0304565
table 0 0 -10 171.04 234.74 452.13 414.73 0.0301754
chair 0 0 -10 427.35 24.95 501.82 160.54 0.0284080
table 0 0 -10 304.35 255.22 441.72 366.21 0.0245981
night_stand 0 0 -10 428.07 107.31 518.52 263.71 0.0209783
desk 0 0 -10 351.73 92.24 521.38 262.67 0.0202735
table 0 0 -10 345.72 95.45 530.52 280.41 0.0193769
table 0 0 -10 430.29 44.28 507.57 117.91 0.0177266
table 0 0 -10 185.14 295.94 370.70 420.86 0.0144452
sofa 0 0 -10 358.23 31.67 474.95 168.33 0.0128532
sofa 0 0 -10 364.68 83.58 528.64 257.86 0.0117588
chair 0 0 -10 193.62 337.01 325.86 426.34 0.0114860
desk 0 0 -10 0.68 291.01 88.41 393.99 0.0113330
table 0 0 -10 201.95 322.30 506.64 425.51 0.0106094
chair 0 0 -10 14.50 290.29 323.15 425.01 0.0093136
chair 0 0 -10 0.87 284.89 78.42 397.88 0.0090463
chair 0 0 -10 378.83 27.83 490.19 188.42 0.0087551
bed 0 0 -10 0.00 5.71 405.10 310.03 0.0085240
sofa 0 0 -10 0.00 261.72 392.93 424.44 0.0081027
chair 0 0 -10 18.37 357.25 240.64 424.26 0.0072641
sofa 0 0 -10 141.24 182.37 338.00 411.75 0.0069518
table 0 0 -10 363.39 316.63 506.77 419.87 0.0060045
table 0 0 -10 439.39 104.29 523.39 134.53 0.0054056
table 0 0 -10 369.94 71.58 479.09 256.78 0.0052996
desk 0 0 -10 431.09 39.21 498.47 115.29 0.0045996
chair 0 0 -10 2.18 21.17 454.52 345.28 0.0045777
chair 0 0 -10 375.08 77.75 492.27 266.26 0.0045772
chair 0 0 -10 108.72 343.33 305.91 426.50 0.0045288
chair 0 0 -10 437.88 30.74 523.53 209.41 0.0042813
table 0 0 -10 31.14 115.99 506.46 427.00 0.0042182
sofa 0 0 -10 3.04 33.89 276.47 301.68 0.0041517
table 0 0 -10 45.88 353.05 314.72 426.23 0.0036749
table 0 0 -10 297.72 109.34 526.36 379.43 0.0035826
chair 0 0 -10 471.73 17.20 502.64 152.56 0.0035560
chair 0 0 -10 20.90 376.95 180.44 427.00 0.0031374
chair 0 0 -10 1.24 296.56 155.57 420.56 0.0031223
chair 0 0 -10 431.30 117.00 513.56 260.46 0.0029061
table 0 0 -10 248.89 234.97 330.94 403.91 0.0029017
bookshelf 0 0 -10 438.27 10.83 501.05 111.26 0.0028909
bed 0 0 -10 350.01 27.34 483.98 259.04 0.0028790
chair 0 0 -10 290.10 69.02 462.27 298.33 0.0028255
chair 0 0 -10 69.79 374.91 276.17 425.49 0.0025657
chair 0 0 -10 366.37 5.97 519.68 121.66 0.0025495
desk 0 0 -10 120.71 305.43 329.96 425.05 0.0025400
chair 0 0 -10 18.59 150.91 471.97 406.48 0.0024489
chair 0 0 -10 358.03 20.70 466.09 138.76 0.0023849
table 0 0 -10 23.82 176.32 430.31 337.87 0.0023404
bed 0 0 -10 0.00 157.51 459.68 396.32 0.0021677
sofa 0 0 -10 269.86 21.47 485.05 170.87 0.0021407
dresser 0 0 -10 389.22 100.94 515.18 266.13 0.0019705
desk 0 0 -10 3.31 287.84 137.13 419.87 0.0018647
chair 0 0 -10 334.05 261.74 432.35 328.76 0.0017158
sofa 0 0 -10 438.69 19.08 500.84 109.19 0.0016938
table 0 0 -10 277.47 252.81 510.14 420.89 0.0016385
desk 0 0 -10 433.67 63.88 523.08 177.37 0.0016323
desk 0 0 -10 161.57 246.41 370.37 423.84 0.0016214
table 0 0 -10 435.70 88.88 526.55 198.26 0.0016018
table 0 0 -10 428.19 24.26 500.64 91.67 0.0015719
table 0 0 -10 456.32 82.05 521.64 132.71 0.0014150
table 0 0 -10 44.05 232.22 368.11 381.46 0.0014146
chair 0 0 -10 443.63 61.03 528.82 156.97 0.0013465
chair 0 0 -10 457.79 76.73 510.55 112.11 0.0013311
bed 0 0 -10 0.00 0.00 490.48 95.44 0.0012749
chair 0 0 -10 219.42 4.92 476.43 272.93 0.0012552
sofa 0 0 -10 82.28 10.95 431.50 123.13 0.0011708
desk 0 0 -10 53.98 365.66 288.22 424.56 0.0011694
table 0 0 -10 433.72 75.72 526.95 146.84 0.0011350
chair 0 0 -10 454.44 52.14 502.35 115.82 0.0011309
bed 0 0 -10 530.48 57.67 560.68 230.37 0.0011146
bookshelf 0 0 -10 367.28 26.72 468.38 233.90 0.0010801
dresser 0 0 -10 364.94 36.17 469.52 236.43 0.0010603
table 0 0 -10 448.77 75.75 505.43 112.96 0.0010097
table 0 0 -10 373.94 113.74 456.00 316.16 0.0009893
night_stand 0 0 -10 0.00 291.31 90.16 390.83 0.0009869
desk 0 0 -10 187.69 337.89 326.37 427.00 0.0008858
desk 0 0 -10 30.33 97.81 500.72 420.22 0.0008721
bed 0 0 -10 0.99 267.10 467.42 427.00 0.0008333
table 0 0 -10 44.06 384.21 303.57 422.22 0.0008096
night_stand 0 0 -10 432.33 39.24 498.84 115.85 0.0008065
bed 0 0 -10 384.69 88.64 514.89 263.08 0.0007981
sofa 0 0 -10 3.12 114.27 128.93 241.56 0.0007975
table 0 0 -10 268.01 182.15 469.58 366.64 0.0007818
bed 0 0 -10 114.11 4.28 447.88 34.01 0.0007735
night_stand 0 0 -10 366.92 83.46 508.61 259.58 0.0007561
