table 0 0 -10 124.18 327.18 544.07 421.85 0.3781969
bed 0 0 -10 115.79 270.02 550.65 423.20 0.1507012
sofa 0 0 -10 99.84 317.32 542.45 426.51 0.1488974
chair 0 0 -10 198.34 203.78 468.32 415.71 0.1345704
table 0 0 -10 291.80 291.21 555.07 426.62 0.1272374
table 0 0 -10 120.02 237.81 522.74 427.00 0.1130136
desk 0 0 -10 117.95 289.61 559.44 427.00 0.1064068
sofa 0 0 -10 109.97 249.31 424.81 423.41 0.0738305
sofa 0 0 -10 104.31 341.25 361.67 427.00 0.0491554
chair 0 0 -10 297.15 272.45 553.78 421.14 0.0392434
bed 0 0 -10 102.85 314.76 433.43 426.46 0.0321503
table 0 0 -10 98.43 297.07 395.26 427.00 0.0276293
table 0 0 -10 293.42 225.30 457.37 425.38 0.0169238
desk 0 0 -10 285.06 316.47 556.24 427.00 0.0166674
chair 0 0 -10 115.12 344.69 534.37 421.46 0.0150512
table 0 0 -10 133.06 321.21 332.48 414.31 0.0089623
dresser 0 0 -10 112.90 273.95 547.68 425.84 0.0070856
chair 0 0 -10 66.03 265.06 398.77 424.28 0.0066462
chair 0 0 -10 292.79 203.01 418.02 416.20 0.0060826
table 0 0 -10 234.89 319.08 417.48 427.00 0.0049106
bathtub 0 0 -10 106.02 280.16 557.33 422.35 0.0047561
chair 0 0 -10 340.18 333.69 556.34 425.29 0.0039538
sofa 0 0 -10 79.65 166.48 539.25 420.70 0.0035667
desk 0 0 -10 109.07 328.73 419.51 424.97 0.0034844
desk 0 0 -10 293.38 217.30 462.46 425.38 0.0031953
bed 0 0 -10 14.04 288.97 336.48 426.94 0.0025217
night_stand 0 0 -10 127.68 285.11 550.90 427.00 0.0024495
bed 0 0 -10 13.17 80.10 412.47 422.30 0.0019534
table 0 0 -10 406.61 316.75 558.23 419.88 0.0017232
chair 0 0 -10 71.59 330.41 332.74 426.91 0.0015527
toilet 0 0 -10 108.97 268.88 536.50 423.21 0.0015026
chair 0 0 -10 225.44 304.49 445.88 424.99 0.0014949
sofa 0 0 -10 17.69 291.55 338.82 426.06 0.0014049
table 0 0 -10 145.87 359.91 377.42 426.21 0.0013695
bookshelf 0 0 -10 119.23 257.69 549.74 421.78 0.0013378
table 0 0 -10 292.63 260.36 462.93 348.99 0.0012966
chair 0 0 -10 0.88 252.40 92.86 421.10 0.0011473
dresser 0 0 -10 298.21 215.09 456.50 420.87 0.0010907
chair 0 0 -10 53.06 107.69 506.48 426.17 0.0010853
bed 0 0 -10 285.44 305.00 559.56 422.99 0.0009705
table 0 0 -10 0.20 278.37 23.30 348.62 0.0009144
night_stand 0 0 -10 296.99 218.51 458.80 419.43 0.0008738
sofa 0 0 -10 15.84 351.97 262.99 427.00 0.0008735
chair 0 0 -10 0.00 221.82 51.09 414.86 0.0008495
chair 0 0 -10 173.99 366.20 392.94 427.00 0.0008015
table 0 0 -10 0.19 257.16 34.17 358.82 0.0007739
desk 0 0 -10 107.65 167.67 499.21 419.42 0.0007713
bed 0 0 -10 283.64 220.25 499.55 427.00 0.0007699
sofa 0 0 -10 245.81 223.83 528.34 421.43 0.0007384
sofa 0 0 -10 52.19 388.21 288.81 427.00 0.0007023
bed 0 0 -10 96.75 354.81 342.11 427.00 0.0006950
table 0 0 -10 0.04 295.78 26.71 425.89 0.0006760
dresser 0 0 -10 94.56 317.13 421.38 427.00 0.0006490
bathtub 0 0 -10 115.99 304.03 388.59 418.77 0.0006368
sofa 0 0 -10 300.50 295.21 546.55 427.00 0.0006363
table 0 0 -10 0.42 291.98 35.38 331.31 0.0005814
chair 0 0 -10 274.29 216.39 379.48 385.84 0.0005507
chair 0 0 -10 7.84 286.81 212.98 427.00 0.0005507
table 0 0 -10 2.53 258.86 50.60 422.88 0.0005280
bookshelf 0 0 -10 116.17 337.88 552.67 420.38 0.0005256
table 0 0 -10 304.70 298.23 484.14 383.52 0.0004921
table 0 0 -10 7.47 263.82 11.67 359.17 0.0004880
bookshelf 0 0 -10 86.12 162.59 460.85 408.18 0.0004830
chair 0 0 -10 0.42 292.18 29.53 424.37 0.0004771
chair 0 0 -10 290.98 239.34 464.63 356.01 0.0004678
table 0 0 -10 20.29 347.26 203.20 419.06 0.0004516
desk 0 0 -10 292.83 257.99 468.30 349.86 0.0004330
bathtub 0 0 -10 81.43 239.99 391.92 401.93 0.0003937
table 0 0 -10 1.49 166.31 24.08 427.00 0.0003904
desk 0 0 -10 212.63 280.92 439.85 427.00 0.0003859
bathtub 0 0 -10 292.92 313.87 561.00 421.38 0.0003830
table 0 0 -10 290.21 350.02 523.66 427.00 0.0003717
night_stand 0 0 -10 307.50 310.82 543.35 427.00 0.0003563
chair 0 0 -10 1.78 154.02 26.47 427.00 0.0003563
table 0 0 -10 3.33 263.42 10.40 357.61 0.0003559
chair 0 0 -10 303.35 316.01 405.43 426.31 0.0003554
table 0 0 -10 0.48 276.02 32.85 313.87 0.0003522
dresser 0 0 -10 293.43 310.31 556.26 424.51 0.0003521
table 0 0 -10 3.55 248.54 20.52 385.59 0.0003432
table 0 0 -10 0.23 303.39 29.41 343.78 0.0003400
table 0 0 -10 0.06 134.24 46.28 418.48 0.0003342
night_stand 0 0 -10 121.18 310.80 389.98 424.69 0.0003340
chair 0 0 -10 310.02 181.19 481.86 397.47 0.0003328
table 0 0 -10 0.13 266.45 19.22 323.99 0.0003199
chair 0 0 -10 19.57 285.43 123.76 423.01 0.0003146
table 0 0 -10 4.77 308.19 86.25 427.00 0.0003095
table 0 0 -10 96.61 348.11 295.20 421.41 0.0003077
bed 0 0 -10 17.29 309.33 179.42 426.04 0.0003011
bookshelf 0 0 -10 14.09 0.00 296.53 408.54 0.0002917
dresser 0 0 -10 78.87 188.04 467.10 419.85 0.0002872
table 0 0 -10 27.38 76.63 520.59 412.91 0.0002861
table 0 0 -10 445.70 258.74 558.65 401.24 0.0002831
table 0 0 -10 0.00 304.90 13.60 320.32 0.0002801
chair 0 0 -10 0.77 252.74 36.87 359.08 0.0002646
table 0 0 -10 509.30 263.15 560.05 413.02 0.0002621
desk 0 0 -10 84.11 231.51 387.08 413.38 0.0002604
table 0 0 -10 14.64 311.17 252.90 426.27 0.0002580
bathtub 0 0 -10 4.81 253.99 134.24 421.42 0.0002517
chair 0 0 -10 8.59 248.36 17.53 352.19 0.0002466
bed 0 0 -10 169.11 201.97 426.27 427.00 0.0002420
