table 0 0 -10 406.75 262.70 481.92 333.51 0.4073288
chair 0 0 -10 381.57 177.91 440.11 358.66 0.1701273
desk 0 0 -10 393.41 256.10 484.11 336.93 0.0615032
chair 0 0 -10 390.90 231.87 477.31 349.53 0.0513887
chair 0 0 -10 382.74 171.85 489.56 336.24 0.0487442
chair 0 0 -10 357.89 162.48 455.69 410.50 0.0448149
chair 0 0 -10 401.69 257.77 487.74 326.61 0.0313496
table 0 0 -10 384.87 229.84 485.73 337.48 0.0228640
bookshelf 0 0 -10 1.94 97.59 68.45 267.93 0.0221112
chair 0 0 -10 424.79 192.63 502.82 286.54 0.0189904
desk 0 0 -10 383.19 247.31 459.35 367.67 0.0184465
table 0 0 -10 425.41 244.73 488.71 315.26 0.0171031
desk 0 0 -10 377.67 190.94 492.03 360.10 0.0138443
bed 0 0 -10 21.53 400.03 296.26 427.00 0.0123997
table 0 0 -10 390.06 251.69 443.84 355.22 0.0096129
chair 0 0 -10 272.92 199.31 458.70 418.66 0.0092767
table 0 0 -10 21.65 400.46 291.19 426.95 0.0076642
sofa 0 0 -10 394.50 180.24 507.49 338.52 0.0065775
chair 0 0 -10 32.93 390.72 250.83 427.00 0.0064645
sofa 0 0 -10 425.10 202.54 507.59 289.36 0.0047465
bed 0 0 -10 1.73 132.73 495.94 424.79 0.0046009
desk 0 0 -10 249.80 202.05 509.00 381.01 0.0044549
toilet 0 0 -10 402.47 252.04 486.31 331.00 0.0042391
table 0 0 -10 5.83 413.15 250.14 427.00 0.0042026
chair 0 0 -10 355.32 129.54 504.06 298.37 0.0041874
bed 0 0 -10 3.19 413.16 256.66 427.00 0.0041218
chair 0 0 -10 305.04 160.35 490.20 362.44 0.0040403
chair 0 0 -10 378.95 254.60 483.07 398.21 0.0039513
table 0 0 -10 354.08 241.18 459.17 363.46 0.0038953
chair 0 0 -10 382.44 265.05 436.60 363.99 0.0038262
sofa 0 0 -10 21.52 399.42 295.30 427.00 0.0037364
bookshelf 0 0 -10 20.59 115.29 482.54 419.09 0.0034050
table 0 0 -10 427.71 195.31 501.92 284.58 0.0032140
table 0 0 -10 342.74 200.96 498.75 397.51 0.0030104
chair 0 0 -10 7.46 372.92 329.77 427.00 0.0029173
chair 0 0 -10 167.68 321.82 444.76 425.72 0.0028583
sofa 0 0 -10 398.23 258.50 488.14 337.61 0.0028507
table 0 0 -10 398.92 244.98 460.00 315.96 0.0027393
table 0 0 -10 381.34 183.75 452.31 357.32 0.0025346
desk 0 0 -10 343.23 221.54 458.48 418.70 0.0024917
desk 0 0 -10 412.64 205.32 496.26 323.90 0.0023420
bathtub 0 0 -10 402.84 254.32 486.93 330.50 0.0021723
night_stand 0 0 -10 399.33 260.63 489.29 337.78 0.0021688
sofa 0 0 -10 8.66 413.20 253.63 427.00 0.0021464
desk 0 0 -10 0.00 144.87 494.93 415.05 0.0021097
table 0 0 -10 317.21 238.85 482.58 320.36 0.0020737
chair 0 0 -10 461.27 214.36 508.29 288.10 0.0020302
desk 0 0 -10 428.59 194.84 500.90 285.07 0.0019873
chair 0 0 -10 108.77 256.41 457.71 425.22 0.0019629
table 0 0 -10 382.78 268.00 485.82 398.95 0.0018237
table 0 0 -10 1.77 372.35 312.45 427.00 0.0017546
chair 0 0 -10 394.09 134.37 497.18 226.70 0.0016234
bed 0 0 -10 5.53 373.93 332.30 427.00 0.0016039
table 0 0 -10 225.42 193.11 510.17 361.93 0.0015271
chair 0 0 -10 256.36 44.36 503.88 418.20 0.0014960
table 0 0 -10 441.67 247.59 502.74 302.22 0.0014820
desk 0 0 -10 426.04 242.14 489.56 318.58 0.0013007
chair 0 0 -10 16.71 154.23 481.21 424.99 0.0012645
dresser 0 0 -10 8.43 134.66 492.40 420.24 0.0012307
bathtub 0 0 -10 0.00 371.10 340.64 427.00 0.0012242
chair 0 0 -10 16.72 335.21 380.40 427.00 0.0011893
chair 0 0 -10 4.79 413.20 246.96 427.00 0.0011491
table 0 0 -10 78.87 177.59 515.66 421.08 0.0011356
bathtub 0 0 -10 21.22 399.03 305.16 426.68 0.0010565
bathtub 0 0 -10 0.85 413.52 289.11 427.00 0.0010546
chair 0 0 -10 408.89 211.37 516.10 324.43 0.0009407
bed 0 0 -10 9.93 325.20 382.04 426.63 0.0009027
chair 0 0 -10 308.31 73.99 494.79 275.09 0.0009016
chair 0 0 -10 324.05 211.62 443.64 349.23 0.0008527
chair 0 0 -10 351.48 286.97 469.27 376.80 0.0008388
chair 0 0 -10 1.29 100.73 74.19 271.76 0.0008318
bathtub 0 0 -10 15.17 148.00 477.20 413.32 0.0007763
chair 0 0 -10 408.70 170.56 507.14 259.00 0.0007701
sofa 0 0 -10 364.91 175.00 525.30 402.98 0.0007548
chair 0 0 -10 295.20 285.44 436.89 357.67 0.0007489
sofa 0 0 -10 7.47 373.23 329.46 427.00 0.0007129
desk 0 0 -10 217.68 26.02 516.76 410.08 0.0006838
chair 0 0 -10 346.73 225.37 521.38 407.53 0.0006818
table 0 0 -10 268.66 267.75 451.81 335.37 0.0006794
sofa 0 0 -10 20.22 141.35 494.57 416.90 0.0006700
bed 0 0 -10 401.38 252.81 486.82 332.81 0.0006667
chair 0 0 -10 399.08 240.11 459.54 314.37 0.0006616
table 0 0 -10 304.49 196.32 439.42 414.66 0.0006435
table 0 0 -10 23.48 385.85 212.43 426.24 0.0006424
bed 0 0 -10 0.00 94.60 71.63 271.95 0.0006408
dresser 0 0 -10 0.94 108.24 71.29 266.16 0.0006362
desk 0 0 -10 368.08 199.07 434.27 374.38 0.0006346
bookshelf 0 0 -10 200.96 11.15 484.51 408.36 0.0006314
desk 0 0 -10 19.05 400.01 299.61 427.00 0.0006007
dresser 0 0 -10 399.82 259.50 486.72 336.37 0.0005949
chair 0 0 -10 331.36 264.05 446.15 423.32 0.0005806
table 0 0 -10 533.45 271.27 559.72 383.34 0.0005596
table 0 0 -10 0.00 17.42 530.20 400.17 0.0005026
bookshelf 0 0 -10 404.16 249.58 485.95 332.33 0.0004916
desk 0 0 -10 317.63 237.33 484.07 321.25 0.0004795
bathtub 0 0 -10 7.68 322.64 377.88 425.87 0.0004750
table 0 0 -10 106.62 421.13 235.12 426.80 0.0004579
table 0 0 -10 389.78 175.51 511.09 309.36 0.0004555
chair 0 0 -10 288.68 237.71 459.40 320.78 0.0004526
bed 0 0 -10 226.35 20.14 510.74 427.00 0.0004408
