desk 0 0 -10 0.00 262.40 549.69 414.96 0.7661922
table 0 0 -10 0.00 272.95 561.00 420.95 0.4770313
chair 0 0 -10 1.86 336.11 189.38 424.93 0.0944679
chair 0 0 -10 23.53 305.26 354.13 422.51 0.0844861
chair 0 0 -10 1.81 387.05 235.32 423.12 0.0518966
desk 0 0 -10 235.04 315.54 555.65 418.37 0.0370470
desk 0 0 -10 280.26 358.17 556.54 424.36 0.0367128
chair 0 0 -10 0.00 398.13 179.98 426.26 0.0292821
table 0 0 -10 228.88 317.29 556.94 417.57 0.0282706
table 0 0 -10 521.60 290.12 561.00 374.05 0.0241536
chair 0 0 -10 279.39 322.14 555.40 421.82 0.0227291
chair 0 0 -10 5.24 366.06 297.73 427.00 0.0195161
table 0 0 -10 276.26 358.70 554.89 425.05 0.0159364
desk 0 0 -10 524.66 321.17 559.94 375.97 0.0145952
table 0 0 -10 0.00 288.79 264.39 421.68 0.0143649
desk 0 0 -10 189.83 220.10 543.58 398.32 0.0137129
desk 0 0 -10 41.48 281.32 335.16 415.20 0.0136288
bed 0 0 -10 524.60 290.43 560.23 374.05 0.0122591
chair 0 0 -10 248.91 257.94 548.90 411.84 0.0116142
bed 0 0 -10 6.00 276.16 399.85 425.14 0.0115401
table 0 0 -10 478.31 289.54 561.00 377.73 0.0104629
desk 0 0 -10 513.52 291.61 560.79 380.09 0.0100388
sofa 0 0 -10 524.68 291.72 560.71 373.61 0.0069683
chair 0 0 -10 2.55 298.17 137.62 410.82 0.0065994
table 0 0 -10 455.25 325.15 559.58 383.33 0.0062509
chair 0 0 -10 52.09 319.35 238.47 422.26 0.0057286
table 0 0 -10 450.19 361.88 561.00 425.89 0.0056766
chair 0 0 -10 154.18 286.31 403.85 420.27 0.0055162
table 0 0 -10 218.06 214.77 558.22 416.11 0.0051396
desk 0 0 -10 29.64 345.41 561.00 419.06 0.0048688
table 0 0 -10 0.00 396.20 212.74 425.92 0.0042940
table 0 0 -10 524.66 336.12 560.81 372.46 0.0037155
bookshelf 0 0 -10 2.76 276.65 391.90 425.20 0.0036090
table 0 0 -10 507.94 326.77 560.24 376.44 0.0033337
desk 0 0 -10 423.92 339.43 556.31 422.66 0.0033096
chair 0 0 -10 76.39 389.67 167.83 426.77 0.0031275
table 0 0 -10 24.36 343.80 561.00 419.64 0.0030968
sofa 0 0 -10 1.48 283.18 405.90 423.79 0.0030747
desk 0 0 -10 309.64 247.90 518.73 414.12 0.0030387
table 0 0 -10 491.68 330.53 560.87 423.76 0.0029800
chair 0 0 -10 35.39 388.92 383.57 424.20 0.0028721
desk 0 0 -10 171.85 250.10 421.89 411.30 0.0026418
night_stand 0 0 -10 524.29 293.64 561.00 380.97 0.0025526
table 0 0 -10 528.53 316.26 560.83 408.23 0.0024905
chair 0 0 -10 523.96 291.06 560.80 375.19 0.0024532
desk 0 0 -10 494.37 326.99 559.80 424.21 0.0021039
dresser 0 0 -10 5.71 283.28 391.96 427.00 0.0020288
night_stand 0 0 -10 2.58 283.44 394.16 424.30 0.0019194
bookshelf 0 0 -10 523.25 285.63 561.00 372.67 0.0018599
bathtub 0 0 -10 0.00 283.14 390.03 420.62 0.0018413
chair 0 0 -10 322.36 361.64 537.55 425.96 0.0017932
table 0 0 -10 383.78 281.33 560.97 412.40 0.0017099
bookshelf 0 0 -10 140.79 253.14 561.00 415.67 0.0016919
toilet 0 0 -10 2.80 278.01 352.24 424.46 0.0016549
chair 0 0 -10 94.45 334.80 182.25 427.00 0.0016238
table 0 0 -10 2.35 296.59 148.56 415.55 0.0015840
desk 0 0 -10 491.02 324.00 559.35 375.37 0.0014608
chair 0 0 -10 182.56 180.97 506.00 409.98 0.0014339
table 0 0 -10 485.99 314.73 560.84 355.16 0.0013168
chair 0 0 -10 30.33 216.98 419.01 414.19 0.0012450
desk 0 0 -10 334.74 306.43 547.84 396.31 0.0012426
dresser 0 0 -10 523.81 291.81 561.00 379.46 0.0011554
table 0 0 -10 47.53 253.96 462.27 373.99 0.0011455
table 0 0 -10 2.34 355.21 364.56 425.55 0.0011057
table 0 0 -10 448.81 263.39 554.39 391.86 0.0010483
chair 0 0 -10 110.52 352.34 502.16 418.60 0.0010050
night_stand 0 0 -10 254.22 325.86 559.94 422.11 0.0009852
table 0 0 -10 0.05 378.79 161.16 421.15 0.0009218
chair 0 0 -10 0.00 408.63 280.01 427.00 0.0008994
desk 0 0 -10 5.08 389.78 308.98 426.01 0.0008786
desk 0 0 -10 290.11 266.31 402.26 413.84 0.0008679
table 0 0 -10 2.91 381.87 310.04 423.24 0.0008622
desk 0 0 -10 387.61 264.47 556.03 389.06 0.0008426
sofa 0 0 -10 126.24 256.36 560.69 414.94 0.0008093
table 0 0 -10 89.99 392.82 174.39 426.82 0.0007840
desk 0 0 -10 0.00 288.41 172.12 420.86 0.0007596
dresser 0 0 -10 137.85 260.79 561.00 418.05 0.0007570
table 0 0 -10 545.04 289.50 561.00 384.30 0.0007184
table 0 0 -10 518.22 353.04 561.00 426.11 0.0007154
desk 0 0 -10 449.29 370.87 561.00 424.02 0.0007063
bookshelf 0 0 -10 283.48 358.67 558.75 426.44 0.0006902
table 0 0 -10 79.37 262.86 315.54 412.94 0.0006824
chair 0 0 -10 481.13 289.91 561.00 377.83 0.0006746
chair 0 0 -10 257.88 338.11 438.23 422.17 0.0006658
bed 0 0 -10 115.17 251.28 558.03 417.59 0.0006644
chair 0 0 -10 439.36 326.71 561.00 424.66 0.0006459
chair 0 0 -10 17.18 272.27 202.85 418.46 0.0005790
bookshelf 0 0 -10 255.47 310.92 561.00 420.30 0.0005776
table 0 0 -10 0.00 119.67 561.00 377.74 0.0005585
table 0 0 -10 168.41 258.58 424.50 415.89 0.0005456
table 0 0 -10 428.05 336.10 548.58 419.50 0.0005421
desk 0 0 -10 176.02 294.29 450.13 377.05 0.0005224
bookshelf 0 0 -10 15.32 115.42 545.35 407.10 0.0005120
chair 0 0 -10 0.15 280.62 56.60 421.97 0.0004692
bed 0 0 -10 543.49 295.18 560.96 353.87 0.0004592
chair 0 0 -10 297.12 274.27 396.97 420.67 0.0004585
desk 0 0 -10 0.00 102.98 561.00 379.01 0.0004581
desk 0 0 -10 2.80 356.65 372.08 425.66 0.0004496
chair 0 0 -10 442.72 382.77 557.65 425.71 0.0004217
bed 0 0 -10 248.68 317.50 556.47 422.38 0.0004143
