chair 0 0 -10 168.24 170.63 363.40 427.00 0.0401390
table 0 0 -10 157.53 176.13 337.87 427.00 0.0283135
desk 0 0 -10 160.33 170.96 344.64 426.01 0.0060372
chair 0 0 -10 194.62 304.67 561.00 427.00 0.0044186
table 0 0 -10 157.34 262.82 295.17 417.11 0.0034808
table 0 0 -10 331.04 393.85 554.09 426.02 0.0031777
bookshelf 0 0 -10 118.76 3.96 195.42 330.58 0.0023962
desk 0 0 -10 193.38 18.62 516.27 410.24 0.0021380
dresser 0 0 -10 225.83 5.50 513.45 413.92 0.0021276
chair 0 0 -10 213.67 296.11 360.13 427.00 0.0020165
chair 0 0 -10 289.80 260.55 433.56 423.87 0.0019891
table 0 0 -10 57.89 249.36 403.98 427.00 0.0017991
chair 0 0 -10 277.26 334.98 462.88 427.00 0.0016857
chair 0 0 -10 119.43 14.06 216.43 357.50 0.0016778
chair 0 0 -10 135.75 287.01 330.34 424.43 0.0016001
chair 0 0 -10 249.28 233.33 502.76 426.69 0.0014893
bed 0 0 -10 331.82 394.01 561.00 426.37 0.0014455
chair 0 0 -10 142.79 144.93 242.64 369.33 0.0014440
chair 0 0 -10 243.40 171.15 331.25 412.05 0.0013643
sofa 0 0 -10 335.17 393.52 557.36 426.20 0.0013156
table 0 0 -10 331.89 352.09 553.83 427.00 0.0013050
chair 0 0 -10 88.32 85.10 341.42 417.29 0.0012973
chair 0 0 -10 141.89 241.45 201.10 364.60 0.0012819
chair 0 0 -10 167.70 258.88 260.87 408.58 0.0012602
bathtub 0 0 -10 331.95 392.78 560.96 426.01 0.0011950
table 0 0 -10 181.05 286.71 539.25 426.21 0.0011486
desk 0 0 -10 53.73 245.80 423.06 427.00 0.0010509
chair 0 0 -10 220.11 35.14 488.46 423.51 0.0010326
dresser 0 0 -10 117.08 0.57 197.72 325.41 0.0009436
table 0 0 -10 0.65 301.36 35.34 398.81 0.0009327
chair 0 0 -10 334.16 393.28 560.93 426.01 0.0008835
desk 0 0 -10 173.24 210.77 518.15 422.90 0.0008793
dresser 0 0 -10 161.21 167.38 342.82 426.52 0.0008716
bathtub 0 0 -10 332.40 352.55 561.00 426.43 0.0008461
table 0 0 -10 236.66 176.22 312.72 424.33 0.0008408
table 0 0 -10 211.70 286.30 349.29 427.00 0.0007701
chair 0 0 -10 59.68 250.47 404.34 427.00 0.0007689
table 0 0 -10 198.07 30.49 505.01 418.97 0.0006945
bathtub 0 0 -10 456.25 394.77 561.00 426.92 0.0006908
desk 0 0 -10 158.52 262.89 299.94 416.16 0.0006743
chair 0 0 -10 99.57 272.09 250.15 414.30 0.0006649
night_stand 0 0 -10 178.92 175.08 342.80 415.73 0.0006417
bookshelf 0 0 -10 174.45 0.00 532.56 413.11 0.0006333
bookshelf 0 0 -10 164.07 156.00 338.36 424.54 0.0005690
dresser 0 0 -10 317.58 311.51 552.94 422.14 0.0005680
table 0 0 -10 104.27 58.26 337.38 412.53 0.0005524
desk 0 0 -10 328.92 393.78 561.00 425.99 0.0005519
table 0 0 -10 115.20 294.75 255.83 412.72 0.0005510
table 0 0 -10 434.12 375.22 555.69 427.00 0.0005369
desk 0 0 -10 100.06 42.42 338.80 404.36 0.0005260
chair 0 0 -10 455.14 394.47 561.00 427.00 0.0005131
table 0 0 -10 290.78 259.22 428.15 426.34 0.0004988
table 0 0 -10 0.70 291.76 64.52 394.47 0.0004756
table 0 0 -10 2.42 309.73 16.37 419.84 0.0004727
chair 0 0 -10 48.60 297.19 220.27 423.22 0.0004640
table 0 0 -10 192.16 184.02 285.92 422.38 0.0004595
bathtub 0 0 -10 382.99 286.22 561.00 423.73 0.0004508
chair 0 0 -10 152.85 215.90 218.05 350.54 0.0004476
table 0 0 -10 158.46 226.53 248.54 383.78 0.0004473
table 0 0 -10 27.02 179.03 299.99 420.50 0.0004461
chair 0 0 -10 149.67 256.64 230.07 377.28 0.0004354
desk 0 0 -10 244.22 170.26 315.80 421.88 0.0004080
chair 0 0 -10 323.90 354.58 559.33 427.00 0.0003953
chair 0 0 -10 366.43 281.60 559.33 424.69 0.0003874
dresser 0 0 -10 330.44 393.20 559.79 426.11 0.0003743
chair 0 0 -10 166.54 140.54 206.37 364.92 0.0003549
table 0 0 -10 145.96 316.92 404.24 426.32 0.0003498
table 0 0 -10 382.29 286.24 553.40 427.00 0.0003457
chair 0 0 -10 25.04 183.43 273.80 417.80 0.0003434
desk 0 0 -10 113.25 3.22 201.41 327.82 0.0003062
table 0 0 -10 229.44 396.63 483.02 426.41 0.0003033
toilet 0 0 -10 330.01 393.12 561.00 426.34 0.0002742
dresser 0 0 -10 66.48 0.00 428.91 398.97 0.0002698
chair 0 0 -10 123.96 290.15 205.34 383.30 0.0002693
desk 0 0 -10 315.40 315.47 558.72 424.21 0.0002693
bookshelf 0 0 -10 336.25 392.16 560.03 426.07 0.0002580
desk 0 0 -10 22.66 172.21 307.02 416.61 0.0002470
chair 0 0 -10 229.49 395.30 476.62 426.63 0.0002454
chair 0 0 -10 543.25 397.08 561.00 427.00 0.0002435
chair 0 0 -10 41.50 4.52 283.66 384.81 0.0002429
chair 0 0 -10 150.11 262.94 189.87 353.82 0.0002396
night_stand 0 0 -10 337.15 393.96 561.00 425.43 0.0002374
chair 0 0 -10 191.74 189.74 291.29 405.33 0.0002345
bathtub 0 0 -10 313.14 275.39 500.67 424.86 0.0002232
chair 0 0 -10 179.59 184.28 205.51 335.14 0.0002146
table 0 0 -10 3.83 274.20 51.57 320.82 0.0002103
table 0 0 -10 544.02 325.11 560.47 427.00 0.0001982
chair 0 0 -10 96.47 185.52 216.64 388.69 0.0001977
bed 0 0 -10 177.05 0.00 548.65 420.70 0.0001956
bookshelf 0 0 -10 41.66 2.68 224.92 321.69 0.0001899
bathtub 0 0 -10 156.49 185.37 342.15 424.23 0.0001868
toilet 0 0 -10 183.75 177.26 337.89 425.09 0.0001863
table 0 0 -10 529.00 259.57 559.66 427.00 0.0001821
chair 0 0 -10 0.00 285.40 82.72 400.05 0.0001820
table 0 0 -10 477.99 399.02 557.67 427.00 0.0001817
bookshelf 0 0 -10 98.46 0.00 324.57 412.23 0.0001809
table 0 0 -10 24.11 287.08 211.98 416.65 0.0001800
bathtub 0 0 -10 401.41 337.69 521.22 424.53 0.0001763
bathtub 0 0 -10 434.27 374.27 561.00 426.10 0.0001753
dresser 0 0 -10 36.90 0.00 228.86 320.07 0.0001730
