bookshelf 0 0 -10 70.47 159.54 334.98 426.47 0.9505233
bookshelf 0 0 -10 21.58 19.59 306.98 419.47 0.0395915
desk 0 0 -10 62.45 157.50 329.64 419.40 0.0376894
table 0 0 -10 65.01 171.52 320.05 426.93 0.0307128
dresser 0 0 -10 58.41 159.36 329.63 427.00 0.0256751
bookshelf 0 0 -10 99.76 0.43 426.27 397.04 0.0186715
chair 0 0 -10 66.78 146.42 328.38 420.57 0.0056813
night_stand 0 0 -10 71.73 162.72 326.83 418.40 0.0033261
bookshelf 0 0 -10 249.69 5.96 381.40 365.99 0.0031001
table 0 0 -10 114.03 394.55 297.61 427.00 0.0027528
toilet 0 0 -10 45.89 156.56 328.78 427.00 0.0026899
bookshelf 0 0 -10 34.97 282.80 280.26 426.84 0.0024190
bed 0 0 -10 49.01 145.02 319.60 427.00 0.0017759
bookshelf 0 0 -10 52.08 90.61 210.22 410.54 0.0015343
sofa 0 0 -10 68.84 166.13 323.05 412.64 0.0012874
bathtub 0 0 -10 53.03 168.39 361.45 414.24 0.0012303
bookshelf 0 0 -10 199.11 102.40 328.81 414.73 0.0012222
bookshelf 0 0 -10 99.58 393.50 312.51 426.42 0.0012088
chair 0 0 -10 160.24 397.95 293.92 426.32 0.0010632
desk 0 0 -10 188.40 151.09 328.29 410.15 0.0010377
dresser 0 0 -10 99.45 8.51 438.70 399.35 0.0009310
bookshelf 0 0 -10 4.75 3.06 132.47 424.57 0.0009297
desk 0 0 -10 76.07 5.53 461.69 391.26 0.0008255
table 0 0 -10 543.03 238.54 560.33 374.12 0.0006837
dresser 0 0 -10 259.66 6.72 396.79 360.10 0.0006072
bookshelf 0 0 -10 96.09 159.83 175.20 399.37 0.0005609
bed 0 0 -10 164.04 397.89 296.46 426.13 0.0005429
desk 0 0 -10 165.40 397.65 297.39 425.19 0.0005194
bathtub 0 0 -10 112.78 394.23 308.03 427.00 0.0004727
bookshelf 0 0 -10 537.11 22.29 559.76 273.46 0.0004626
table 0 0 -10 70.13 156.74 332.89 249.13 0.0004597
chair 0 0 -10 409.73 0.00 491.28 91.55 0.0004441
chair 0 0 -10 537.07 229.11 560.02 356.35 0.0004307
table 0 0 -10 215.86 392.17 297.99 426.91 0.0004281
table 0 0 -10 83.72 24.30 442.55 391.25 0.0004256
night_stand 0 0 -10 164.93 398.82 298.56 425.42 0.0004194
bookshelf 0 0 -10 104.14 226.44 126.77 355.79 0.0003731
chair 0 0 -10 232.51 90.54 491.35 321.14 0.0003338
table 0 0 -10 550.59 249.05 559.08 347.30 0.0003298
table 0 0 -10 69.75 412.29 278.56 426.75 0.0003244
desk 0 0 -10 242.35 47.55 357.41 405.90 0.0003103
toilet 0 0 -10 160.66 398.03 296.57 425.70 0.0002846
chair 0 0 -10 28.27 340.70 225.41 427.00 0.0002830
desk 0 0 -10 275.11 182.31 328.38 418.06 0.0002729
table 0 0 -10 532.91 219.46 559.57 400.10 0.0002687
table 0 0 -10 54.24 351.28 288.09 427.00 0.0002640
chair 0 0 -10 543.97 145.15 560.40 269.65 0.0002629
bed 0 0 -10 85.23 0.00 444.57 415.98 0.0002579
sofa 0 0 -10 165.39 398.15 294.07 425.94 0.0002530
bookshelf 0 0 -10 82.01 201.31 240.47 415.60 0.0002496
bookshelf 0 0 -10 266.32 207.62 319.81 423.72 0.0002460
chair 0 0 -10 253.36 8.47 385.80 345.05 0.0002441
desk 0 0 -10 70.33 156.34 336.10 246.66 0.0002436
table 0 0 -10 114.47 164.62 492.76 420.75 0.0002270
sofa 0 0 -10 543.04 237.81 560.69 376.30 0.0002251
bookshelf 0 0 -10 93.81 351.95 295.70 425.62 0.0002190
table 0 0 -10 79.41 281.55 275.18 427.00 0.0002171
table 0 0 -10 553.31 234.72 560.51 381.49 0.0002166
dresser 0 0 -10 164.75 398.71 297.68 426.01 0.0002110
table 0 0 -10 13.14 395.18 216.80 426.52 0.0002039
bookshelf 0 0 -10 308.51 0.00 416.07 366.14 0.0001977
chair 0 0 -10 545.79 205.05 560.97 346.45 0.0001956
table 0 0 -10 271.84 195.28 323.35 421.36 0.0001906
bookshelf 0 0 -10 216.22 198.79 381.82 422.27 0.0001905
chair 0 0 -10 554.63 233.41 560.98 349.45 0.0001898
bookshelf 0 0 -10 237.73 0.00 507.62 382.48 0.0001883
table 0 0 -10 87.28 141.60 323.57 209.07 0.0001878
chair 0 0 -10 106.17 5.37 428.07 388.56 0.0001866
table 0 0 -10 187.91 167.01 325.38 414.33 0.0001806
chair 0 0 -10 519.72 245.59 561.00 396.93 0.0001763
desk 0 0 -10 98.96 391.47 312.99 424.21 0.0001747
sofa 0 0 -10 537.18 152.21 560.51 339.58 0.0001739
table 0 0 -10 3.47 287.35 85.58 427.00 0.0001679
chair 0 0 -10 5.51 334.73 132.99 427.00 0.0001621
table 0 0 -10 278.07 286.06 301.37 424.04 0.0001594
table 0 0 -10 536.46 144.91 560.01 336.79 0.0001593
chair 0 0 -10 20.64 15.02 302.18 283.47 0.0001578
bookshelf 0 0 -10 96.00 411.56 311.07 427.00 0.0001572
chair 0 0 -10 558.14 244.93 560.99 351.91 0.0001553
bookshelf 0 0 -10 510.64 4.31 559.14 280.14 0.0001549
bookshelf 0 0 -10 74.66 116.35 342.05 279.06 0.0001547
table 0 0 -10 175.84 380.34 315.17 427.00 0.0001544
bookshelf 0 0 -10 530.74 10.73 551.69 264.67 0.0001520
bookshelf 0 0 -10 70.24 156.83 102.75 423.93 0.0001513
bookshelf 0 0 -10 130.05 154.93 493.39 420.19 0.0001502
table 0 0 -10 556.23 244.50 560.72 360.15 0.0001495
sofa 0 0 -10 533.13 218.73 560.41 403.39 0.0001478
chair 0 0 -10 550.23 246.53 559.64 344.60 0.0001466
table 0 0 -10 1.33 367.95 101.59 427.00 0.0001450
chair 0 0 -10 218.02 6.24 378.26 177.21 0.0001419
bookshelf 0 0 -10 12.49 391.34 224.21 426.81 0.0001410
table 0 0 -10 546.59 283.34 560.32 408.67 0.0001351
bed 0 0 -10 536.10 36.81 560.27 284.92 0.0001349
dresser 0 0 -10 1.23 0.00 87.58 424.03 0.0001342
table 0 0 -10 154.85 415.86 277.23 426.81 0.0001339
chair 0 0 -10 534.93 122.13 561.00 301.15 0.0001287
chair 0 0 -10 464.30 255.09 557.53 364.81 0.0001282
chair 0 0 -10 268.21 263.71 459.83 422.65 0.0001279
bed 0 0 -10 93.86 412.37 305.33 427.00 0.0001251
bookshelf 0 0 -10 155.48 120.68 378.46 357.25 0.0001248
