chair 0 0 -10 422.79 209.41 559.99 422.58 0.9894152
chair 0 0 -10 16.96 232.43 226.57 423.78 0.9553199
desk 0 0 -10 2.69 206.88 207.36 398.62 0.6125982
chair 0 0 -10 0.52 283.25 73.37 426.04 0.5047457
desk 0 0 -10 344.81 212.41 561.00 408.05 0.4181346
desk 0 0 -10 1.19 240.66 127.90 406.99 0.3276590
table 0 0 -10 361.11 210.45 559.95 403.43 0.3164907
table 0 0 -10 0.00 216.00 253.52 416.66 0.2585517
table 0 0 -10 0.00 255.04 123.22 381.66 0.2531152
table 0 0 -10 0.00 285.70 76.59 425.04 0.1485397
chair 0 0 -10 3.25 233.20 124.89 427.00 0.1364178
chair 0 0 -10 112.65 231.85 242.92 412.45 0.0981695
chair 0 0 -10 0.69 291.50 38.65 423.83 0.0852165
table 0 0 -10 286.04 328.42 337.90 373.01 0.0595644
desk 0 0 -10 3.26 277.40 92.91 391.52 0.0542100
desk 0 0 -10 5.92 220.96 152.83 346.97 0.0394753
table 0 0 -10 134.14 253.84 256.00 347.79 0.0363561
chair 0 0 -10 3.13 212.05 79.60 387.69 0.0348291
chair 0 0 -10 466.88 204.38 559.72 367.68 0.0344837
table 0 0 -10 0.00 200.60 224.19 335.18 0.0322395
table 0 0 -10 0.23 300.78 29.38 427.00 0.0277157
desk 0 0 -10 125.40 237.29 251.39 399.71 0.0272248
desk 0 0 -10 4.67 194.77 197.40 302.59 0.0246399
table 0 0 -10 446.25 229.71 557.15 423.24 0.0202726
table 0 0 -10 44.39 207.42 448.20 419.37 0.0183060
desk 0 0 -10 0.95 272.51 52.88 422.82 0.0162697
chair 0 0 -10 5.43 321.76 140.88 425.78 0.0138769
desk 0 0 -10 38.04 202.96 462.35 426.55 0.0134089
table 0 0 -10 2.86 278.76 199.44 366.13 0.0130682
table 0 0 -10 115.56 234.05 243.01 390.05 0.0129346
table 0 0 -10 73.82 270.14 238.23 353.84 0.0127357
chair 0 0 -10 6.59 261.87 21.74 427.00 0.0120610
chair 0 0 -10 524.75 187.51 559.19 367.63 0.0115110
desk 0 0 -10 14.70 273.05 212.10 356.16 0.0104718
chair 0 0 -10 6.36 277.35 199.08 371.29 0.0092916
desk 0 0 -10 425.39 223.82 558.81 380.74 0.0081895
table 0 0 -10 0.00 199.81 198.81 272.88 0.0077883
chair 0 0 -10 0.47 198.40 52.10 356.85 0.0074150
table 0 0 -10 1.52 309.90 17.22 427.00 0.0073280
chair 0 0 -10 76.85 252.21 227.12 357.20 0.0071939
desk 0 0 -10 92.19 257.42 251.98 350.27 0.0069484
chair 0 0 -10 1.06 265.22 59.62 337.86 0.0053859
chair 0 0 -10 2.57 266.51 16.47 425.16 0.0053852
table 0 0 -10 391.44 240.49 552.89 350.62 0.0052575
table 0 0 -10 487.38 219.24 559.23 353.96 0.0051479
chair 0 0 -10 0.45 204.44 27.79 421.70 0.0050787
chair 0 0 -10 403.49 207.35 505.08 392.23 0.0048042
chair 0 0 -10 536.88 198.87 559.38 320.92 0.0046530
sofa 0 0 -10 0.00 236.25 257.70 426.61 0.0046234
chair 0 0 -10 167.87 221.81 246.47 375.20 0.0046056
chair 0 0 -10 34.51 332.50 215.59 425.86 0.0042809
desk 0 0 -10 0.00 292.52 225.08 389.18 0.0042705
table 0 0 -10 0.00 255.13 42.93 420.21 0.0041075
table 0 0 -10 179.52 228.63 252.71 419.33 0.0040532
table 0 0 -10 295.31 338.14 331.08 367.20 0.0038809
table 0 0 -10 233.73 300.95 291.62 408.23 0.0037084
table 0 0 -10 1.95 306.73 9.12 427.00 0.0035474
chair 0 0 -10 4.65 258.74 8.21 417.56 0.0034029
desk 0 0 -10 63.71 243.45 219.97 379.43 0.0033824
chair 0 0 -10 1.42 307.06 67.04 363.19 0.0030159
desk 0 0 -10 0.81 255.30 27.71 424.12 0.0028395
chair 0 0 -10 492.01 148.72 561.00 335.13 0.0027161
bookshelf 0 0 -10 1.16 222.36 258.99 420.45 0.0027037
dresser 0 0 -10 2.46 225.75 268.80 427.00 0.0026680
desk 0 0 -10 489.84 221.52 559.73 351.08 0.0025681
table 0 0 -10 6.49 257.37 20.49 426.82 0.0024186
chair 0 0 -10 409.63 242.48 549.59 358.62 0.0023810
table 0 0 -10 4.59 265.46 7.99 421.54 0.0022311
chair 0 0 -10 498.41 119.65 561.00 227.62 0.0022080
chair 0 0 -10 3.66 236.37 37.72 343.28 0.0021563
dresser 0 0 -10 374.86 216.14 555.12 426.87 0.0021449
chair 0 0 -10 193.53 230.14 231.14 377.31 0.0020356
chair 0 0 -10 2.82 266.16 7.30 421.50 0.0019777
table 0 0 -10 351.50 261.37 427.98 398.71 0.0018550
table 0 0 -10 272.17 315.10 355.29 387.69 0.0017846
desk 0 0 -10 6.70 254.70 20.15 424.59 0.0017827
chair 0 0 -10 1.01 284.08 37.58 337.31 0.0017769
sofa 0 0 -10 394.02 210.64 561.00 424.77 0.0017367
desk 0 0 -10 0.15 199.11 67.30 344.32 0.0016906
bed 0 0 -10 3.79 216.55 264.78 427.00 0.0016754
toilet 0 0 -10 0.00 224.53 270.61 427.00 0.0016531
chair 0 0 -10 5.22 155.24 130.07 343.66 0.0016227
chair 0 0 -10 510.71 200.75 554.06 321.35 0.0016212
table 0 0 -10 0.00 229.75 113.92 336.13 0.0016135
night_stand 0 0 -10 1.35 227.29 272.24 425.69 0.0015660
desk 0 0 -10 1.30 253.24 93.38 342.32 0.0015445
chair 0 0 -10 544.32 186.32 560.13 368.44 0.0015412
night_stand 0 0 -10 372.79 216.72 558.02 425.81 0.0014156
toilet 0 0 -10 374.93 202.86 558.37 425.19 0.0013986
table 0 0 -10 327.77 264.73 530.10 423.00 0.0013961
chair 0 0 -10 27.89 197.74 352.30 427.00 0.0013587
table 0 0 -10 1.16 183.37 141.50 413.07 0.0013371
table 0 0 -10 547.13 213.57 559.69 387.84 0.0013153
desk 0 0 -10 259.38 126.08 561.00 404.25 0.0012327
bookshelf 0 0 -10 378.39 212.99 552.48 425.40 0.0011872
chair 0 0 -10 505.58 243.34 561.00 424.64 0.0011677
chair 0 0 -10 1.39 263.29 5.78 414.86 0.0011630
desk 0 0 -10 181.21 225.72 252.39 420.75 0.0011255
table 0 0 -10 0.77 312.00 6.24 427.00 0.0011197
desk 0 0 -10 2.63 263.98 14.96 424.69 0.0010886
