chair 0 0 -10 149.44 99.32 433.38 427.00 0.9840863
sofa 0 0 -10 12.46 45.71 316.69 324.53 0.9641141
chair 0 0 -10 0.28 59.04 61.14 352.35 0.8590416
bookshelf 0 0 -10 377.72 133.12 561.00 416.67 0.5715519
chair 0 0 -10 275.51 108.57 467.60 413.91 0.5547321
sofa 0 0 -10 56.13 61.41 487.32 384.29 0.4963843
sofa 0 0 -10 1.11 63.77 62.34 346.85 0.4911687
chair 0 0 -10 135.32 70.94 324.12 378.99 0.3108277
desk 0 0 -10 199.80 122.22 561.00 424.65 0.2520118
table 0 0 -10 206.46 132.30 553.34 423.69 0.1819343
sofa 0 0 -10 36.67 93.43 212.09 332.73 0.1207032
bookshelf 0 0 -10 206.43 111.29 545.28 423.25 0.0687718
chair 0 0 -10 293.03 106.34 434.22 301.84 0.0448974
table 0 0 -10 63.56 128.27 397.45 421.33 0.0418012
desk 0 0 -10 373.16 111.28 561.00 412.42 0.0364775
sofa 0 0 -10 6.82 64.54 71.89 228.05 0.0350391
table 0 0 -10 47.87 80.12 325.33 330.15 0.0315013
sofa 0 0 -10 1.29 207.14 55.88 306.41 0.0273997
bookshelf 0 0 -10 311.67 90.35 494.02 394.63 0.0262181
table 0 0 -10 358.37 131.55 559.43 395.15 0.0236344
chair 0 0 -10 3.14 65.90 56.02 229.09 0.0225069
table 0 0 -10 0.52 78.86 57.40 332.83 0.0209882
desk 0 0 -10 69.21 109.67 397.62 422.99 0.0163323
chair 0 0 -10 336.10 141.17 554.83 424.91 0.0158528
dresser 0 0 -10 319.04 117.67 561.00 414.68 0.0157510
chair 0 0 -10 158.66 267.07 417.26 423.92 0.0156608
chair 0 0 -10 509.63 399.85 561.00 427.00 0.0145544
desk 0 0 -10 46.02 72.44 326.08 329.08 0.0144223
sofa 0 0 -10 24.45 32.95 272.48 218.99 0.0128159
chair 0 0 -10 2.11 193.24 53.96 315.09 0.0126114
sofa 0 0 -10 1.46 65.57 41.71 239.30 0.0118165
table 0 0 -10 118.53 224.47 317.32 422.56 0.0105754
chair 0 0 -10 194.03 199.45 518.35 423.50 0.0103098
table 0 0 -10 126.54 221.73 303.70 332.49 0.0101139
desk 0 0 -10 0.42 76.05 56.96 337.17 0.0095460
table 0 0 -10 0.71 180.49 67.70 361.13 0.0091283
bed 0 0 -10 0.41 62.39 58.19 345.46 0.0089182
bookshelf 0 0 -10 498.07 152.98 560.69 414.38 0.0073300
bed 0 0 -10 313.72 101.97 556.14 417.40 0.0065903
sofa 0 0 -10 201.93 113.97 546.33 415.99 0.0059819
bed 0 0 -10 62.79 35.32 340.96 385.89 0.0058832
chair 0 0 -10 301.15 123.01 452.80 225.10 0.0058775
chair 0 0 -10 332.72 121.63 438.16 399.25 0.0055469
sofa 0 0 -10 136.41 68.70 345.99 393.39 0.0049966
chair 0 0 -10 36.07 41.81 272.65 380.89 0.0048595
dresser 0 0 -10 0.70 66.54 57.52 339.89 0.0042104
sofa 0 0 -10 9.19 50.25 139.13 212.23 0.0040227
table 0 0 -10 511.94 401.61 559.56 427.00 0.0039744
bookshelf 0 0 -10 1.55 59.42 56.71 336.54 0.0036764
chair 0 0 -10 181.12 63.93 321.52 278.71 0.0036248
table 0 0 -10 158.33 290.97 394.90 427.00 0.0033818
bed 0 0 -10 136.33 83.72 523.88 419.04 0.0032395
chair 0 0 -10 68.59 57.31 317.15 235.53 0.0031978
table 0 0 -10 0.96 100.89 44.02 231.80 0.0030499
chair 0 0 -10 511.70 359.78 561.00 427.00 0.0029476
sofa 0 0 -10 4.70 69.95 144.40 376.20 0.0028793
sofa 0 0 -10 1.02 90.06 46.93 171.04 0.0026048
table 0 0 -10 330.19 232.68 557.65 427.00 0.0026043
table 0 0 -10 1.99 208.64 54.86 312.57 0.0025723
table 0 0 -10 118.17 234.46 503.57 427.00 0.0025610
chair 0 0 -10 7.20 60.55 69.41 168.32 0.0024377
bookshelf 0 0 -10 318.15 102.29 440.38 319.81 0.0023146
chair 0 0 -10 7.10 50.54 24.58 309.72 0.0022086
table 0 0 -10 150.43 124.02 305.42 203.94 0.0021912
table 0 0 -10 142.22 78.30 483.66 333.56 0.0021499
sofa 0 0 -10 10.82 137.84 112.35 340.51 0.0021126
chair 0 0 -10 0.30 50.72 32.94 262.67 0.0020936
toilet 0 0 -10 317.17 112.46 555.11 414.11 0.0020822
table 0 0 -10 72.22 186.13 265.63 368.04 0.0020495
bookshelf 0 0 -10 75.47 28.44 329.72 371.57 0.0019746
bathtub 0 0 -10 321.18 119.44 557.69 402.29 0.0019299
chair 0 0 -10 2.81 55.40 16.77 294.14 0.0018547
chair 0 0 -10 324.20 84.46 486.59 250.96 0.0017856
dresser 0 0 -10 124.22 134.55 544.27 427.00 0.0017816
chair 0 0 -10 193.15 132.49 338.51 205.43 0.0017187
night_stand 0 0 -10 322.59 118.23 558.50 404.21 0.0017164
chair 0 0 -10 1.61 85.35 48.71 170.38 0.0016299
dresser 0 0 -10 79.07 62.20 322.41 334.91 0.0015990
sofa 0 0 -10 4.42 61.12 19.20 275.77 0.0015987
table 0 0 -10 34.78 141.41 208.28 338.05 0.0015861
toilet 0 0 -10 0.45 67.18 57.08 339.83 0.0015835
sofa 0 0 -10 9.62 55.52 82.23 161.92 0.0014942
table 0 0 -10 4.32 74.67 88.45 275.48 0.0014425
sofa 0 0 -10 361.24 133.31 557.61 398.96 0.0013977
table 0 0 -10 419.28 125.02 557.14 217.44 0.0013745
table 0 0 -10 179.36 79.18 314.56 255.05 0.0013410
chair 0 0 -10 132.31 205.14 340.12 424.23 0.0013089
night_stand 0 0 -10 0.66 78.58 58.26 341.79 0.0013048
table 0 0 -10 17.93 155.19 115.47 336.27 0.0012549
desk 0 0 -10 476.89 125.56 560.81 411.04 0.0012284
bookshelf 0 0 -10 529.54 154.26 560.98 418.80 0.0011840
sofa 0 0 -10 7.56 51.16 24.37 309.25 0.0011446
bathtub 0 0 -10 0.89 70.25 57.69 322.35 0.0011100
table 0 0 -10 422.13 110.46 561.00 293.95 0.0010876
table 0 0 -10 288.80 106.17 445.64 257.05 0.0010701
bookshelf 0 0 -10 125.15 72.40 415.00 418.20 0.0010617
bookshelf 0 0 -10 469.61 128.27 545.21 399.85 0.0010578
chair 0 0 -10 158.66 106.62 306.38 210.66 0.0010476
desk 0 0 -10 0.24 201.10 55.82 362.01 0.0009940
sofa 0 0 -10 113.90 134.15 203.93 319.05 0.0009932
