bookshelf 0 0 -10 117.26 26.63 477.46 425.05 0.4932107
desk 0 0 -10 139.74 220.40 462.96 416.05 0.4181875
chair 0 0 -10 278.34 0.00 362.74 122.22 0.2384873
table 0 0 -10 142.19 190.40 457.44 401.28 0.2200833
bookshelf 0 0 -10 148.99 186.68 459.73 405.72 0.1448734
desk 0 0 -10 96.03 34.17 495.76 405.40 0.1344834
table 0 0 -10 172.06 284.07 442.51 423.76 0.0486966
dresser 0 0 -10 97.28 45.25 506.62 427.00 0.0326108
table 0 0 -10 126.31 33.05 479.32 427.00 0.0286549
chair 0 0 -10 242.87 4.40 358.44 67.52 0.0261884
dresser 0 0 -10 138.48 194.31 478.35 423.23 0.0175028
table 0 0 -10 182.87 395.42 435.02 425.68 0.0148598
desk 0 0 -10 141.24 191.82 463.77 318.88 0.0126094
bathtub 0 0 -10 148.68 190.10 461.62 408.13 0.0104461
chair 0 0 -10 10.25 325.48 298.94 424.20 0.0091764
chair 0 0 -10 303.91 0.04 350.91 109.39 0.0086871
chair 0 0 -10 228.79 5.29 377.23 163.57 0.0080960
table 0 0 -10 106.47 30.30 496.25 203.81 0.0060860
desk 0 0 -10 104.03 30.94 498.23 205.81 0.0060426
desk 0 0 -10 180.79 395.14 444.69 425.56 0.0059972
chair 0 0 -10 202.82 271.03 448.27 419.10 0.0056262
bathtub 0 0 -10 130.90 22.42 479.30 417.71 0.0049919
table 0 0 -10 121.67 2.58 367.40 124.79 0.0043794
desk 0 0 -10 179.89 303.49 438.84 421.82 0.0041432
chair 0 0 -10 0.00 290.97 94.66 415.66 0.0040527
bookshelf 0 0 -10 171.56 279.29 470.58 427.00 0.0038431
bathtub 0 0 -10 165.67 285.70 493.04 423.50 0.0033286
sofa 0 0 -10 153.90 196.99 449.43 412.65 0.0031890
chair 0 0 -10 214.43 390.86 443.72 426.28 0.0031533
chair 0 0 -10 162.61 192.79 395.24 419.86 0.0031486
table 0 0 -10 147.58 200.25 464.03 269.74 0.0029245
bed 0 0 -10 141.88 165.02 449.19 427.00 0.0028029
table 0 0 -10 199.23 402.74 333.50 426.08 0.0026454
chair 0 0 -10 299.32 258.21 538.62 425.24 0.0025751
chair 0 0 -10 301.89 1.54 358.13 59.35 0.0024735
toilet 0 0 -10 165.73 276.61 457.26 422.89 0.0023531
desk 0 0 -10 155.86 196.42 463.68 250.04 0.0022405
night_stand 0 0 -10 156.62 272.96 458.64 421.29 0.0022238
table 0 0 -10 302.15 387.21 436.66 427.00 0.0021875
bed 0 0 -10 99.11 14.50 494.77 425.38 0.0019221
chair 0 0 -10 159.57 33.89 456.88 427.00 0.0019039
table 0 0 -10 159.36 356.74 437.81 423.39 0.0017914
chair 0 0 -10 248.84 219.89 302.86 282.17 0.0017031
sofa 0 0 -10 130.03 43.65 476.51 412.37 0.0015993
toilet 0 0 -10 114.93 30.01 487.25 427.00 0.0015881
bookshelf 0 0 -10 67.61 26.54 238.80 427.00 0.0015620
chair 0 0 -10 58.96 114.47 100.33 412.46 0.0015110
chair 0 0 -10 363.80 307.63 561.00 427.00 0.0013430
chair 0 0 -10 0.00 152.53 86.76 409.90 0.0013240
chair 0 0 -10 303.18 0.93 395.49 113.22 0.0013040
sofa 0 0 -10 180.87 395.00 440.93 426.25 0.0013012
table 0 0 -10 129.09 405.01 299.35 426.92 0.0012804
bathtub 0 0 -10 144.03 187.89 461.62 299.05 0.0012394
bookshelf 0 0 -10 178.71 394.14 444.65 426.37 0.0011939
table 0 0 -10 113.09 4.23 353.76 55.60 0.0011777
chair 0 0 -10 200.75 402.56 347.68 425.93 0.0010826
chair 0 0 -10 294.62 1.98 425.14 58.43 0.0009947
chair 0 0 -10 110.22 395.18 362.66 427.00 0.0009932
table 0 0 -10 519.67 299.57 559.46 427.00 0.0009716
chair 0 0 -10 3.43 248.13 267.41 420.18 0.0009672
desk 0 0 -10 125.46 2.87 367.46 126.25 0.0009124
chair 0 0 -10 240.18 188.77 376.17 339.36 0.0009007
chair 0 0 -10 191.64 166.48 437.62 335.56 0.0008975
dresser 0 0 -10 171.54 284.44 450.26 427.00 0.0008603
bookshelf 0 0 -10 151.45 169.78 274.12 366.64 0.0008576
bookshelf 0 0 -10 4.26 0.00 126.20 97.84 0.0008069
dresser 0 0 -10 121.26 26.94 501.11 241.18 0.0008049
table 0 0 -10 1.02 0.00 124.76 99.13 0.0007961
chair 0 0 -10 31.09 362.45 396.79 427.00 0.0007780
chair 0 0 -10 98.79 316.56 387.42 418.55 0.0007494
chair 0 0 -10 14.71 146.62 150.80 417.94 0.0007426
bed 0 0 -10 156.63 277.75 480.51 421.30 0.0007383
chair 0 0 -10 127.88 405.00 308.46 426.74 0.0007130
chair 0 0 -10 170.90 0.00 341.41 122.05 0.0007106
table 0 0 -10 95.37 6.62 466.15 85.62 0.0007011
bed 0 0 -10 176.20 394.95 442.42 426.39 0.0006774
chair 0 0 -10 151.62 345.17 440.68 425.46 0.0006758
chair 0 0 -10 210.69 7.18 408.20 275.16 0.0006501
toilet 0 0 -10 142.34 167.77 422.89 425.15 0.0006484
chair 0 0 -10 245.83 181.89 316.42 365.81 0.0006000
chair 0 0 -10 272.60 0.00 444.97 140.83 0.0005852
bathtub 0 0 -10 120.35 13.75 507.65 234.11 0.0005604
night_stand 0 0 -10 105.20 38.83 495.24 409.26 0.0005304
sofa 0 0 -10 178.74 287.93 477.68 424.26 0.0005258
desk 0 0 -10 85.47 5.50 480.24 85.93 0.0005238
chair 0 0 -10 33.75 19.42 357.87 419.00 0.0005229
chair 0 0 -10 328.09 1.94 417.00 36.25 0.0005172
chair 0 0 -10 35.42 0.00 270.01 93.27 0.0005084
bathtub 0 0 -10 201.42 390.84 447.95 425.07 0.0004852
table 0 0 -10 7.60 397.32 291.66 424.54 0.0004775
night_stand 0 0 -10 207.04 391.73 447.34 425.89 0.0004737
chair 0 0 -10 235.81 222.72 298.52 315.85 0.0004673
table 0 0 -10 0.26 11.28 151.54 427.00 0.0004599
bookshelf 0 0 -10 4.13 0.90 141.30 424.77 0.0004413
chair 0 0 -10 262.98 337.34 537.60 427.00 0.0004371
dresser 0 0 -10 177.26 395.92 445.77 426.39 0.0004230
bookshelf 0 0 -10 54.33 0.00 307.46 93.04 0.0004093
chair 0 0 -10 8.61 395.66 287.53 424.94 0.0004048
bathtub 0 0 -10 65.10 124.60 96.31 416.12 0.0004035
chair 0 0 -10 281.34 0.00 540.09 68.43 0.0004014
