table 0 0 -10 0.46 323.74 64.32 417.15 0.8804840
chair 0 0 -10 193.36 383.39 300.15 427.00 0.1625730
desk 0 0 -10 0.00 320.43 61.97 424.40 0.1317282
chair 0 0 -10 2.55 321.17 60.52 406.80 0.0940769
dresser 0 0 -10 205.44 172.10 447.86 425.42 0.0494162
chair 0 0 -10 0.81 356.58 65.78 426.17 0.0245203
desk 0 0 -10 190.74 154.03 452.24 427.00 0.0202619
chair 0 0 -10 0.73 244.04 67.57 422.63 0.0171078
night_stand 0 0 -10 1.56 317.55 68.16 426.14 0.0161409
table 0 0 -10 188.91 382.36 287.43 427.00 0.0143439
chair 0 0 -10 9.03 314.11 83.80 426.96 0.0102630
table 0 0 -10 225.07 164.91 442.16 256.07 0.0099932
table 0 0 -10 3.41 315.15 178.07 425.43 0.0074117
chair 0 0 -10 67.10 388.05 233.10 426.71 0.0068710
table 0 0 -10 85.68 389.98 189.63 426.53 0.0063061
table 0 0 -10 57.83 399.02 260.60 426.86 0.0062582
bed 0 0 -10 1.46 317.17 64.97 418.00 0.0061506
table 0 0 -10 0.89 376.76 62.71 426.62 0.0051871
chair 0 0 -10 1.01 390.04 60.33 427.00 0.0051609
sofa 0 0 -10 3.42 311.77 67.31 425.69 0.0051299
chair 0 0 -10 190.06 372.76 382.16 424.57 0.0050560
dresser 0 0 -10 0.00 319.81 67.30 427.00 0.0050528
table 0 0 -10 81.93 418.52 203.26 426.23 0.0044183
toilet 0 0 -10 2.72 310.19 66.92 426.60 0.0038494
chair 0 0 -10 212.37 389.42 244.01 424.64 0.0038106
table 0 0 -10 182.87 402.03 310.39 426.82 0.0037002
bookshelf 0 0 -10 0.14 317.28 66.87 427.00 0.0031239
table 0 0 -10 0.00 318.32 21.87 410.02 0.0031148
bathtub 0 0 -10 80.50 418.13 208.10 426.48 0.0030030
table 0 0 -10 77.88 423.14 203.44 426.90 0.0029814
table 0 0 -10 11.70 410.47 215.00 426.58 0.0029165
table 0 0 -10 1.41 292.77 102.22 423.70 0.0028611
chair 0 0 -10 16.81 327.63 256.29 426.87 0.0028043
table 0 0 -10 222.83 392.21 289.23 426.46 0.0027945
table 0 0 -10 0.14 312.47 54.11 381.12 0.0027838
table 0 0 -10 1.79 320.14 8.91 401.86 0.0026919
table 0 0 -10 132.79 403.00 187.34 426.45 0.0026449
table 0 0 -10 69.99 414.74 242.22 426.50 0.0026118
table 0 0 -10 202.25 169.95 451.81 427.00 0.0024195
chair 0 0 -10 184.17 348.02 295.10 425.76 0.0024054
table 0 0 -10 10.24 379.07 186.42 425.15 0.0022945
desk 0 0 -10 24.19 313.81 436.33 424.43 0.0022386
table 0 0 -10 0.67 333.39 45.53 368.63 0.0021907
night_stand 0 0 -10 205.13 165.21 464.89 426.35 0.0021441
chair 0 0 -10 208.85 401.45 282.68 425.42 0.0021111
bathtub 0 0 -10 0.00 320.96 67.02 424.91 0.0019716
dresser 0 0 -10 160.20 277.15 523.16 419.84 0.0017988
table 0 0 -10 84.12 424.74 188.25 427.00 0.0017669
desk 0 0 -10 227.86 166.43 444.98 275.65 0.0017085
table 0 0 -10 0.00 231.92 67.04 414.24 0.0016817
table 0 0 -10 207.32 394.04 471.74 425.80 0.0016669
chair 0 0 -10 84.44 403.47 224.25 425.27 0.0016201
chair 0 0 -10 205.39 387.78 260.96 419.61 0.0015828
bathtub 0 0 -10 59.51 413.48 236.07 426.96 0.0013126
table 0 0 -10 0.17 346.23 36.16 363.07 0.0012942
sofa 0 0 -10 64.51 397.40 274.30 427.00 0.0012443
sofa 0 0 -10 203.22 393.35 469.28 426.13 0.0012315
table 0 0 -10 0.05 340.10 34.31 357.22 0.0011990
bed 0 0 -10 92.34 415.67 196.28 426.59 0.0011608
chair 0 0 -10 188.10 384.85 247.04 426.48 0.0011356
desk 0 0 -10 378.67 191.50 559.65 427.00 0.0011260
table 0 0 -10 2.27 406.68 60.98 426.84 0.0011239
dresser 0 0 -10 31.19 313.49 409.63 423.20 0.0010935
sofa 0 0 -10 162.33 391.58 297.05 426.15 0.0010465
bathtub 0 0 -10 76.92 422.92 209.05 427.00 0.0010351
chair 0 0 -10 190.18 398.49 354.73 424.24 0.0010306
chair 0 0 -10 199.44 393.20 456.35 425.48 0.0009974
chair 0 0 -10 10.11 270.09 171.55 423.45 0.0009810
desk 0 0 -10 2.42 301.11 239.43 424.44 0.0009757
bathtub 0 0 -10 134.61 402.69 188.99 426.51 0.0009659
bathtub 0 0 -10 64.05 388.82 231.38 425.32 0.0009537
table 0 0 -10 2.94 364.76 111.89 425.58 0.0009448
table 0 0 -10 108.19 420.77 195.34 426.77 0.0009282
sofa 0 0 -10 92.76 415.50 194.76 426.43 0.0009183
bathtub 0 0 -10 10.30 307.48 199.62 422.54 0.0009141
table 0 0 -10 1.12 317.67 5.28 397.30 0.0009126
table 0 0 -10 81.10 366.95 226.58 426.41 0.0009092
table 0 0 -10 233.78 411.42 315.19 426.62 0.0009018
bed 0 0 -10 61.12 397.51 274.73 427.00 0.0008988
dresser 0 0 -10 391.66 199.39 555.60 419.66 0.0008655
table 0 0 -10 180.34 412.94 335.90 427.00 0.0008365
desk 0 0 -10 57.52 398.25 268.31 427.00 0.0008351
table 0 0 -10 0.00 322.23 17.38 378.94 0.0008275
desk 0 0 -10 165.86 383.15 278.11 427.00 0.0007724
chair 0 0 -10 217.64 346.80 541.03 426.91 0.0007545
chair 0 0 -10 1.14 330.11 41.28 365.51 0.0007449
desk 0 0 -10 0.56 225.09 81.15 420.43 0.0007324
chair 0 0 -10 4.15 319.12 18.37 399.39 0.0007122
chair 0 0 -10 0.00 0.00 48.24 96.39 0.0007058
table 0 0 -10 195.82 417.05 283.09 427.00 0.0006962
table 0 0 -10 0.00 330.78 33.20 391.66 0.0006722
desk 0 0 -10 51.03 97.65 545.67 423.92 0.0006621
table 0 0 -10 199.58 392.35 334.86 424.66 0.0006566
table 0 0 -10 37.70 316.42 416.49 425.34 0.0006506
chair 0 0 -10 192.23 409.39 341.24 426.04 0.0006420
chair 0 0 -10 0.66 306.77 14.62 415.68 0.0006324
chair 0 0 -10 21.93 325.54 132.46 427.00 0.0006322
desk 0 0 -10 158.11 270.30 537.98 421.28 0.0006302
bathtub 0 0 -10 201.93 393.16 474.40 426.17 0.0006210
bookshelf 0 0 -10 182.01 144.73 481.63 427.00 0.0006073
