bookshelf 0 0 -10 248.31 28.64 427.40 325.86 0.9312502
table 0 0 -10 248.23 278.04 561.00 422.70 0.7941678
desk 0 0 -10 270.44 283.81 561.00 426.12 0.5011856
bookshelf 0 0 -10 241.85 0.00 420.84 175.42 0.3878711
chair 0 0 -10 455.50 345.50 560.16 427.00 0.3630126
bookshelf 0 0 -10 242.62 0.00 511.83 404.54 0.1212250
chair 0 0 -10 317.35 325.04 547.16 424.55 0.1063776
chair 0 0 -10 460.29 263.57 560.82 419.18 0.0646949
chair 0 0 -10 501.81 323.96 561.00 427.00 0.0314943
chair 0 0 -10 533.99 335.65 561.00 427.00 0.0301701
chair 0 0 -10 515.77 360.78 560.32 427.00 0.0272936
table 0 0 -10 496.93 274.67 559.93 416.42 0.0244032
desk 0 0 -10 482.87 276.03 558.51 423.46 0.0224713
chair 0 0 -10 529.82 254.81 560.65 417.78 0.0185297
dresser 0 0 -10 252.63 112.22 427.57 317.25 0.0180579
bookshelf 0 0 -10 58.25 0.00 422.50 406.99 0.0170317
dresser 0 0 -10 246.59 193.24 561.00 412.34 0.0165094
table 0 0 -10 420.14 272.80 557.14 424.49 0.0163850
chair 0 0 -10 382.32 369.86 560.63 426.66 0.0151812
bookshelf 0 0 -10 236.78 0.00 443.53 93.00 0.0151313
chair 0 0 -10 313.99 345.66 458.47 426.11 0.0143422
table 0 0 -10 529.39 262.07 560.33 420.28 0.0135408
desk 0 0 -10 244.88 110.21 426.72 309.29 0.0119410
desk 0 0 -10 234.07 118.02 511.82 386.31 0.0114109
chair 0 0 -10 269.75 265.93 543.83 417.98 0.0101553
bookshelf 0 0 -10 252.71 207.50 561.00 421.37 0.0078788
night_stand 0 0 -10 254.92 297.27 552.41 424.03 0.0069845
bed 0 0 -10 249.23 190.86 557.19 414.20 0.0066941
table 0 0 -10 535.03 320.43 560.89 426.45 0.0066442
toilet 0 0 -10 257.36 284.05 529.24 426.42 0.0062563
table 0 0 -10 245.60 110.43 420.97 311.71 0.0053329
bookshelf 0 0 -10 276.20 99.11 487.65 310.01 0.0051816
bathtub 0 0 -10 245.58 204.80 552.70 409.16 0.0041807
table 0 0 -10 306.31 331.37 551.30 421.94 0.0041521
dresser 0 0 -10 247.28 69.86 508.17 375.02 0.0037602
table 0 0 -10 89.14 281.44 488.73 426.77 0.0037224
chair 0 0 -10 332.57 286.18 494.22 409.98 0.0036507
sofa 0 0 -10 261.15 192.33 556.18 404.11 0.0032061
sofa 0 0 -10 262.03 288.28 561.00 425.32 0.0031669
chair 0 0 -10 507.64 297.97 561.00 386.41 0.0029216
dresser 0 0 -10 255.98 297.21 549.99 425.22 0.0028884
toilet 0 0 -10 240.12 189.98 552.16 417.76 0.0028208
chair 0 0 -10 246.93 104.35 419.07 321.54 0.0026450
desk 0 0 -10 520.48 266.75 560.56 427.00 0.0025885
chair 0 0 -10 254.51 95.37 543.02 420.12 0.0025487
chair 0 0 -10 527.85 305.34 561.00 372.71 0.0023357
chair 0 0 -10 544.88 245.32 560.70 382.49 0.0021957
chair 0 0 -10 542.85 364.00 561.00 427.00 0.0021710
chair 0 0 -10 487.11 109.36 561.00 421.83 0.0021312
bathtub 0 0 -10 239.39 300.97 542.14 419.51 0.0020816
chair 0 0 -10 43.54 353.04 383.07 426.30 0.0018943
table 0 0 -10 243.08 130.33 503.88 386.90 0.0018889
table 0 0 -10 221.99 302.24 442.22 421.99 0.0016690
table 0 0 -10 41.42 347.28 375.06 425.23 0.0016653
table 0 0 -10 515.35 318.15 560.52 400.28 0.0016394
bed 0 0 -10 253.80 294.11 547.13 423.58 0.0016334
desk 0 0 -10 422.05 264.57 559.75 414.63 0.0015454
chair 0 0 -10 537.94 325.27 561.00 391.77 0.0015407
toilet 0 0 -10 239.84 108.15 416.95 314.66 0.0015355
chair 0 0 -10 194.49 287.20 469.89 421.84 0.0015281
dresser 0 0 -10 220.53 13.76 436.67 287.34 0.0015097
desk 0 0 -10 146.83 8.49 558.64 414.92 0.0014299
table 0 0 -10 454.90 327.62 558.80 425.28 0.0013653
desk 0 0 -10 77.16 281.08 508.12 427.00 0.0013345
chair 0 0 -10 374.78 224.51 556.29 402.04 0.0012815
bookshelf 0 0 -10 219.18 0.00 355.51 280.80 0.0011914
desk 0 0 -10 293.61 335.91 528.62 420.05 0.0011697
chair 0 0 -10 531.87 363.74 560.44 404.23 0.0011678
chair 0 0 -10 519.55 353.67 561.00 397.75 0.0011577
bookshelf 0 0 -10 283.67 306.11 539.28 419.57 0.0010912
table 0 0 -10 463.88 297.54 558.67 394.40 0.0010527
bed 0 0 -10 243.98 105.26 421.54 319.64 0.0009720
chair 0 0 -10 547.86 280.27 561.00 415.16 0.0009690
table 0 0 -10 327.83 380.65 553.87 424.41 0.0009392
sofa 0 0 -10 256.32 114.67 422.17 311.06 0.0009381
desk 0 0 -10 224.77 4.76 466.90 285.09 0.0009222
table 0 0 -10 548.14 268.69 560.62 407.20 0.0008880
bathtub 0 0 -10 237.57 117.98 420.84 298.61 0.0008705
desk 0 0 -10 538.02 279.85 559.51 418.34 0.0008383
desk 0 0 -10 0.12 0.00 257.59 427.00 0.0008199
table 0 0 -10 12.09 397.56 189.18 426.99 0.0007882
table 0 0 -10 543.83 348.42 561.00 427.00 0.0007652
chair 0 0 -10 269.88 386.37 521.80 424.56 0.0007547
desk 0 0 -10 329.22 381.06 557.65 424.37 0.0007467
table 0 0 -10 36.96 379.28 222.47 426.00 0.0007366
table 0 0 -10 510.13 263.37 560.22 364.30 0.0007028
dresser 0 0 -10 243.53 8.32 423.33 169.57 0.0006923
table 0 0 -10 521.38 351.50 560.01 427.00 0.0006874
desk 0 0 -10 36.20 347.47 388.94 426.08 0.0006533
desk 0 0 -10 237.60 6.02 425.73 164.58 0.0006363
desk 0 0 -10 0.00 100.23 431.43 417.70 0.0006275
chair 0 0 -10 551.00 330.18 561.00 421.91 0.0006167
bookshelf 0 0 -10 229.15 0.00 348.03 72.15 0.0005836
table 0 0 -10 311.49 277.07 497.78 398.21 0.0005467
bed 0 0 -10 232.28 0.00 559.10 376.18 0.0005265
bookshelf 0 0 -10 110.62 22.11 387.51 247.60 0.0005239
chair 0 0 -10 553.75 262.62 561.00 399.46 0.0005211
chair 0 0 -10 462.73 403.47 559.69 427.00 0.0005151
chair 0 0 -10 556.85 284.27 561.00 409.88 0.0004892
dresser 0 0 -10 8.17 0.00 238.41 424.09 0.0004739
