bookshelf 0 0 -10 232.90 11.14 455.43 427.00 0.9836522
table 0 0 -10 449.49 310.44 560.52 425.38 0.5239254
desk 0 0 -10 451.12 318.84 558.84 424.91 0.3123527
bookshelf 0 0 -10 345.36 244.87 434.92 420.47 0.2017062
bookshelf 0 0 -10 331.87 36.69 450.87 413.01 0.1182068
bookshelf 0 0 -10 244.73 0.00 450.98 200.73 0.0634789
bookshelf 0 0 -10 268.74 226.15 432.87 417.19 0.0601356
chair 0 0 -10 0.37 259.67 74.37 425.88 0.0439319
bookshelf 0 0 -10 267.23 12.21 322.76 420.47 0.0233887
bookshelf 0 0 -10 218.70 16.40 337.45 416.87 0.0210476
bookshelf 0 0 -10 308.56 0.17 349.40 418.05 0.0121214
bookshelf 0 0 -10 364.00 9.55 549.99 423.28 0.0115767
sofa 0 0 -10 1.69 277.62 70.76 427.00 0.0114845
bookshelf 0 0 -10 253.60 101.17 375.95 427.00 0.0111298
table 0 0 -10 2.18 290.06 65.21 427.00 0.0108740
desk 0 0 -10 156.51 341.50 492.88 423.76 0.0100815
table 0 0 -10 166.76 342.09 480.17 423.65 0.0094423
bookshelf 0 0 -10 350.41 2.60 433.22 300.92 0.0094235
chair 0 0 -10 465.40 317.93 558.83 421.94 0.0073599
bookshelf 0 0 -10 252.38 0.00 351.22 312.97 0.0056562
dresser 0 0 -10 216.73 12.56 500.11 427.00 0.0055162
desk 0 0 -10 195.82 284.74 548.15 422.74 0.0049987
chair 0 0 -10 344.85 258.69 432.73 421.10 0.0039886
night_stand 0 0 -10 446.52 325.35 561.00 427.00 0.0037437
bookshelf 0 0 -10 215.09 258.69 533.86 423.96 0.0037174
desk 0 0 -10 196.33 6.73 508.24 416.89 0.0035977
table 0 0 -10 203.23 289.65 533.15 422.37 0.0032235
bookshelf 0 0 -10 432.93 2.47 463.50 422.87 0.0031794
bookshelf 0 0 -10 272.63 10.75 519.17 307.43 0.0031520
bookshelf 0 0 -10 291.59 11.87 337.39 399.34 0.0030098
bookshelf 0 0 -10 330.95 0.00 439.66 178.47 0.0027096
desk 0 0 -10 263.85 245.85 436.80 414.49 0.0025862
bookshelf 0 0 -10 447.41 263.99 561.00 423.49 0.0024599
table 0 0 -10 352.71 330.42 540.59 426.02 0.0024564
bookshelf 0 0 -10 420.88 8.23 452.73 427.00 0.0024259
bookshelf 0 0 -10 337.93 204.08 517.18 419.46 0.0021367
bed 0 0 -10 455.87 316.43 559.85 427.00 0.0021239
table 0 0 -10 477.69 293.99 561.00 381.06 0.0021168
table 0 0 -10 268.01 401.11 368.23 427.00 0.0021121
table 0 0 -10 266.43 249.58 429.47 414.85 0.0019788
chair 0 0 -10 503.07 342.86 561.00 426.52 0.0019382
bookshelf 0 0 -10 252.66 3.58 282.13 419.00 0.0017573
bed 0 0 -10 0.49 271.89 70.20 427.00 0.0017315
desk 0 0 -10 347.78 327.86 546.10 426.95 0.0016970
table 0 0 -10 226.72 390.00 388.00 426.41 0.0015221
dresser 0 0 -10 457.06 324.50 561.00 427.00 0.0015152
bookshelf 0 0 -10 82.03 6.36 410.78 418.27 0.0013952
chair 0 0 -10 4.10 61.55 130.10 410.79 0.0013096
bookshelf 0 0 -10 288.73 5.85 403.49 322.26 0.0011917
bookshelf 0 0 -10 352.47 285.57 424.04 387.05 0.0011777
bookshelf 0 0 -10 344.56 16.61 388.94 301.83 0.0011613
dresser 0 0 -10 347.27 257.19 436.50 421.13 0.0011342
table 0 0 -10 457.29 362.45 555.18 427.00 0.0010955
bathtub 0 0 -10 461.73 325.61 558.94 422.88 0.0010670
bed 0 0 -10 4.73 0.00 133.68 418.11 0.0009441
bookshelf 0 0 -10 229.39 0.00 356.45 167.26 0.0009248
chair 0 0 -10 516.69 286.09 560.97 422.50 0.0009136
bookshelf 0 0 -10 184.18 3.05 327.61 197.00 0.0009046
table 0 0 -10 213.25 109.98 502.11 423.98 0.0008508
dresser 0 0 -10 250.40 36.77 392.63 427.00 0.0008491
bookshelf 0 0 -10 331.77 0.00 366.47 382.60 0.0008469
desk 0 0 -10 0.69 283.34 66.94 427.00 0.0008429
dresser 0 0 -10 8.36 9.09 130.41 413.25 0.0007827
dresser 0 0 -10 269.34 239.53 434.53 418.12 0.0007699
table 0 0 -10 343.11 253.93 428.37 399.86 0.0007560
chair 0 0 -10 403.24 336.12 541.10 427.00 0.0007430
table 0 0 -10 264.80 400.67 314.65 427.00 0.0007401
desk 0 0 -10 476.61 309.69 561.00 392.85 0.0007211
sofa 0 0 -10 455.10 320.26 560.65 424.96 0.0007177
chair 0 0 -10 208.32 6.03 438.85 426.33 0.0007124
table 0 0 -10 7.63 9.77 131.47 410.03 0.0006670
desk 0 0 -10 346.69 12.12 558.54 412.43 0.0006658
table 0 0 -10 429.14 408.93 558.31 427.00 0.0006406
bookshelf 0 0 -10 352.85 145.11 420.23 397.72 0.0006347
bookshelf 0 0 -10 10.72 0.00 128.24 404.52 0.0006298
chair 0 0 -10 535.74 349.68 561.00 424.65 0.0006297
chair 0 0 -10 469.87 289.35 559.03 380.96 0.0006245
chair 0 0 -10 547.35 354.31 561.00 427.00 0.0006089
desk 0 0 -10 316.72 232.27 529.01 420.48 0.0006064
chair 0 0 -10 0.00 114.46 55.89 422.74 0.0006058
toilet 0 0 -10 464.48 322.63 558.03 425.88 0.0006010
bookshelf 0 0 -10 266.90 0.00 437.09 91.74 0.0005991
chair 0 0 -10 224.15 389.48 391.62 427.00 0.0005762
dresser 0 0 -10 0.17 280.81 67.00 427.00 0.0005683
bed 0 0 -10 159.66 0.00 477.57 427.00 0.0005359
desk 0 0 -10 342.78 252.56 431.47 402.32 0.0005308
bookshelf 0 0 -10 173.75 333.25 482.46 426.51 0.0005279
table 0 0 -10 382.43 386.44 553.16 426.85 0.0005257
table 0 0 -10 237.11 408.49 400.94 427.00 0.0005245
bookshelf 0 0 -10 367.81 6.53 483.89 294.87 0.0004742
dresser 0 0 -10 361.36 16.90 554.68 422.62 0.0004716
toilet 0 0 -10 146.11 1.77 470.75 425.14 0.0004630
dresser 0 0 -10 246.24 5.53 453.27 194.41 0.0004625
chair 0 0 -10 88.66 340.82 376.40 426.43 0.0004282
chair 0 0 -10 1.42 349.91 77.82 426.67 0.0004254
table 0 0 -10 0.00 184.24 85.90 418.63 0.0004165
bed 0 0 -10 0.00 181.12 86.93 420.57 0.0004154
chair 0 0 -10 543.08 308.87 560.49 423.96 0.0004107
table 0 0 -10 283.03 303.37 465.08 425.53 0.0004070
chair 0 0 -10 2.08 285.08 45.12 424.89 0.0004008
