desk 0 0 -10 0.23 91.98 495.86 427.00 0.5594627
chair 0 0 -10 3.01 222.37 87.23 418.30 0.5495462
bed 0 0 -10 6.70 169.04 326.21 427.00 0.4413392
table 0 0 -10 2.65 131.30 430.05 420.62 0.4346415
chair 0 0 -10 2.21 221.59 222.15 424.37 0.0807762
chair 0 0 -10 35.79 178.99 323.75 424.72 0.0658005
chair 0 0 -10 0.00 206.66 54.28 393.23 0.0599525
desk 0 0 -10 0.00 185.62 347.66 414.09 0.0503377
table 0 0 -10 1.29 258.87 75.80 420.38 0.0493214
table 0 0 -10 441.25 393.01 554.07 426.17 0.0320109
dresser 0 0 -10 148.20 132.79 519.89 425.70 0.0278301
table 0 0 -10 469.46 405.97 556.00 426.79 0.0272961
sofa 0 0 -10 7.31 179.45 331.05 427.00 0.0238041
dresser 0 0 -10 21.59 155.70 390.83 427.00 0.0235553
table 0 0 -10 5.41 156.78 312.95 271.18 0.0226499
desk 0 0 -10 0.86 267.49 67.17 418.09 0.0206930
chair 0 0 -10 168.31 181.22 416.14 418.51 0.0188771
chair 0 0 -10 435.47 393.10 561.00 426.04 0.0185804
dresser 0 0 -10 407.50 100.10 555.52 427.00 0.0161958
desk 0 0 -10 8.19 158.36 309.65 272.29 0.0116766
bed 0 0 -10 455.17 409.86 559.55 425.89 0.0112139
desk 0 0 -10 174.53 127.95 447.58 421.30 0.0107875
bathtub 0 0 -10 5.84 97.89 497.10 416.50 0.0106920
table 0 0 -10 444.32 422.84 555.91 426.97 0.0099471
night_stand 0 0 -10 22.87 183.37 334.99 426.53 0.0096244
table 0 0 -10 161.66 143.10 508.95 409.44 0.0092949
table 0 0 -10 8.43 165.31 179.22 248.82 0.0089729
chair 0 0 -10 3.58 229.03 100.69 331.81 0.0085082
table 0 0 -10 453.66 418.37 555.27 426.69 0.0085055
table 0 0 -10 511.93 408.55 558.88 427.00 0.0084796
table 0 0 -10 0.56 265.64 41.38 412.43 0.0083988
table 0 0 -10 329.74 397.83 553.60 427.00 0.0083491
bed 0 0 -10 77.19 106.03 482.15 427.00 0.0073183
chair 0 0 -10 455.13 408.84 561.00 425.47 0.0071834
table 0 0 -10 0.00 194.19 51.30 379.68 0.0067969
table 0 0 -10 1.72 173.46 107.51 408.12 0.0067641
desk 0 0 -10 12.83 164.48 178.95 249.24 0.0063956
toilet 0 0 -10 517.71 387.87 561.00 425.73 0.0063000
chair 0 0 -10 0.00 95.63 53.46 350.30 0.0062181
night_stand 0 0 -10 199.02 173.65 506.52 423.75 0.0060025
chair 0 0 -10 0.00 200.38 164.26 346.35 0.0057670
table 0 0 -10 369.42 413.16 557.60 427.00 0.0056276
toilet 0 0 -10 514.81 277.43 561.00 426.44 0.0055681
table 0 0 -10 489.58 370.58 558.01 427.00 0.0053195
toilet 0 0 -10 447.65 404.31 560.37 426.62 0.0052100
table 0 0 -10 505.94 390.16 556.39 427.00 0.0046642
bathtub 0 0 -10 454.13 410.09 560.14 425.28 0.0043898
sofa 0 0 -10 1.12 247.43 59.11 411.18 0.0043681
chair 0 0 -10 16.32 124.18 285.21 357.30 0.0041937
chair 0 0 -10 485.78 398.71 558.87 425.83 0.0041806
bathtub 0 0 -10 0.00 172.99 330.44 420.35 0.0038015
sofa 0 0 -10 450.93 403.69 559.03 426.86 0.0037382
chair 0 0 -10 0.00 130.10 80.78 290.04 0.0036606
chair 0 0 -10 133.34 18.22 255.85 93.81 0.0035693
desk 0 0 -10 1.99 178.18 105.37 406.86 0.0034384
chair 0 0 -10 482.02 369.59 561.00 427.00 0.0032745
dresser 0 0 -10 1.40 263.48 67.91 416.96 0.0031596
table 0 0 -10 3.78 177.41 276.14 381.15 0.0031185
chair 0 0 -10 0.87 167.87 47.94 273.51 0.0030434
sofa 0 0 -10 332.06 396.65 560.61 427.00 0.0029153
chair 0 0 -10 297.69 255.07 459.79 427.00 0.0027976
bed 0 0 -10 1.84 230.64 131.95 427.00 0.0027071
desk 0 0 -10 13.21 96.13 406.06 229.82 0.0026506
bed 0 0 -10 1.47 248.53 76.80 419.25 0.0026078
table 0 0 -10 0.00 30.47 530.50 244.54 0.0024190
table 0 0 -10 8.86 94.35 417.79 229.83 0.0023873
bed 0 0 -10 417.72 106.74 561.00 427.00 0.0023819
bookshelf 0 0 -10 2.11 153.90 338.87 420.89 0.0023783
chair 0 0 -10 5.62 131.86 159.05 279.14 0.0021918
night_stand 0 0 -10 1.70 257.15 77.27 415.67 0.0021857
table 0 0 -10 408.89 108.07 560.54 427.00 0.0021689
chair 0 0 -10 173.96 115.30 358.33 353.99 0.0021490
chair 0 0 -10 99.55 51.45 274.22 283.41 0.0020807
toilet 0 0 -10 530.12 348.50 561.00 425.17 0.0020691
sofa 0 0 -10 426.51 117.87 561.00 427.00 0.0020152
toilet 0 0 -10 0.81 256.44 75.62 414.84 0.0019994
chair 0 0 -10 254.66 163.54 517.50 419.95 0.0019658
toilet 0 0 -10 13.29 175.53 303.66 424.58 0.0019540
chair 0 0 -10 2.77 211.54 35.02 362.05 0.0018663
bed 0 0 -10 329.92 397.92 560.73 427.00 0.0018055
bed 0 0 -10 439.45 394.18 560.59 427.00 0.0017921
toilet 0 0 -10 554.06 358.53 561.00 427.00 0.0017656
chair 0 0 -10 516.10 385.68 560.86 425.60 0.0016265
table 0 0 -10 0.00 191.90 46.42 247.02 0.0016219
bathtub 0 0 -10 5.25 260.19 67.97 422.47 0.0015812
bathtub 0 0 -10 519.07 330.52 561.00 423.50 0.0015783
bathtub 0 0 -10 0.00 181.28 98.87 415.20 0.0015738
desk 0 0 -10 307.18 94.09 534.07 427.00 0.0015443
table 0 0 -10 32.79 75.60 289.07 299.81 0.0014253
bathtub 0 0 -10 484.53 399.58 560.45 425.43 0.0014139
table 0 0 -10 500.66 421.44 557.75 427.00 0.0014006
table 0 0 -10 518.99 334.07 559.64 427.00 0.0013628
toilet 0 0 -10 465.50 379.32 561.00 427.00 0.0013482
chair 0 0 -10 419.73 139.56 561.00 426.58 0.0013475
desk 0 0 -10 0.21 194.89 50.29 378.99 0.0013145
toilet 0 0 -10 557.20 381.62 561.00 427.00 0.0012849
chair 0 0 -10 206.82 51.86 337.07 260.43 0.0012606
chair 0 0 -10 34.05 159.72 251.00 281.58 0.0012546
table 0 0 -10 0.00 99.66 194.38 232.71 0.0012497
chair 0 0 -10 515.59 321.79 561.00 424.20 0.0012304
