chair 0 0 -10 312.16 176.85 460.62 385.02 0.9668776
chair 0 0 -10 61.51 296.75 352.24 438.92 0.9418318
chair 0 0 -10 33.01 224.68 203.67 396.28 0.9386108
table 0 0 -10 2.30 275.65 290.14 441.00 0.8892302
chair 0 0 -10 40.26 233.66 197.97 304.05 0.4424999
table 0 0 -10 316.97 168.29 433.54 289.94 0.2131088
chair 0 0 -10 19.46 267.11 240.54 434.29 0.1964385
table 0 0 -10 482.81 205.52 590.48 441.00 0.1301614
desk 0 0 -10 314.78 168.69 435.45 290.27 0.1257529
chair 0 0 -10 311.79 174.49 439.88 288.05 0.1196419
desk 0 0 -10 5.81 274.20 304.25 441.00 0.1072885
chair 0 0 -10 74.05 244.98 292.42 413.52 0.0965379
desk 0 0 -10 490.20 207.43 590.74 436.43 0.0945215
table 0 0 -10 310.29 337.35 500.60 437.66 0.0760358
chair 0 0 -10 296.52 244.48 482.83 431.02 0.0616837
chair 0 0 -10 305.08 325.48 556.28 441.00 0.0400664
chair 0 0 -10 558.89 341.94 588.39 441.00 0.0350098
chair 0 0 -10 522.77 320.64 589.13 441.00 0.0275057
chair 0 0 -10 6.61 228.45 141.77 417.58 0.0149624
chair 0 0 -10 191.53 289.50 378.32 440.86 0.0147389
chair 0 0 -10 50.13 210.77 194.54 280.69 0.0135128
table 0 0 -10 311.18 244.10 467.12 426.05 0.0117744
chair 0 0 -10 460.87 311.42 588.97 441.00 0.0098796
chair 0 0 -10 43.27 240.76 187.80 278.36 0.0097314
table 0 0 -10 321.93 165.49 431.28 224.49 0.0083718
chair 0 0 -10 333.37 164.88 420.16 233.99 0.0079575
sofa 0 0 -10 11.36 229.18 264.75 434.00 0.0078245
table 0 0 -10 5.53 237.14 261.50 375.86 0.0076974
dresser 0 0 -10 310.27 175.47 439.28 297.92 0.0071796
bed 0 0 -10 11.62 269.43 260.43 439.91 0.0071548
desk 0 0 -10 282.95 177.93 465.44 344.45 0.0069185
table 0 0 -10 19.98 243.32 193.66 306.18 0.0063513
chair 0 0 -10 23.11 183.14 204.93 302.56 0.0061563
table 0 0 -10 322.16 189.92 446.75 366.77 0.0061235
desk 0 0 -10 0.00 69.85 353.34 281.45 0.0049904
chair 0 0 -10 403.86 360.72 585.52 441.00 0.0048106
bathtub 0 0 -10 492.01 232.19 591.00 439.60 0.0047032
chair 0 0 -10 3.08 216.94 159.47 323.74 0.0046364
table 0 0 -10 26.81 229.64 189.86 282.49 0.0046068
table 0 0 -10 2.37 259.72 152.15 428.90 0.0042476
table 0 0 -10 1.15 271.20 35.10 416.42 0.0041879
table 0 0 -10 334.14 262.42 567.25 436.90 0.0041070
night_stand 0 0 -10 309.12 177.39 440.86 295.60 0.0040731
desk 0 0 -10 6.82 236.39 259.07 382.11 0.0039798
chair 0 0 -10 498.82 371.93 591.00 441.00 0.0039468
table 0 0 -10 344.60 409.68 572.16 440.95 0.0036749
chair 0 0 -10 357.95 163.08 458.83 317.32 0.0035970
chair 0 0 -10 19.82 213.91 286.15 344.90 0.0033678
chair 0 0 -10 566.98 357.12 582.47 431.45 0.0032708
table 0 0 -10 1.45 218.08 399.34 406.93 0.0031980
table 0 0 -10 2.13 70.68 340.60 276.69 0.0031473
bookshelf 0 0 -10 316.57 167.17 440.93 317.93 0.0030791
table 0 0 -10 385.12 324.08 561.93 441.00 0.0029553
table 0 0 -10 497.63 375.03 585.85 441.00 0.0028264
chair 0 0 -10 252.32 200.42 429.08 421.14 0.0028041
table 0 0 -10 434.62 399.64 580.70 440.68 0.0027205
table 0 0 -10 509.06 292.08 587.26 439.19 0.0024667
dresser 0 0 -10 13.44 224.23 260.53 432.77 0.0024616
chair 0 0 -10 13.98 324.10 275.15 414.63 0.0024583
desk 0 0 -10 3.00 213.29 406.57 416.19 0.0024055
night_stand 0 0 -10 11.10 229.94 264.59 434.99 0.0023710
desk 0 0 -10 299.83 190.60 520.66 433.13 0.0023515
chair 0 0 -10 0.38 239.91 56.06 404.46 0.0020237
table 0 0 -10 385.24 421.62 583.59 440.97 0.0019359
desk 0 0 -10 10.38 182.60 350.65 290.57 0.0018812
table 0 0 -10 506.43 422.92 587.31 441.00 0.0018761
desk 0 0 -10 109.45 234.46 554.08 441.00 0.0018644
desk 0 0 -10 324.05 165.47 432.85 224.34 0.0018560
night_stand 0 0 -10 322.17 337.68 510.21 437.37 0.0017347
table 0 0 -10 109.06 239.80 547.14 438.81 0.0016981
bookshelf 0 0 -10 17.20 177.43 257.08 424.41 0.0016556
chair 0 0 -10 348.96 407.75 578.22 441.00 0.0016520
sofa 0 0 -10 7.79 225.31 196.28 365.03 0.0015603
chair 0 0 -10 148.71 214.89 325.38 402.74 0.0015251
chair 0 0 -10 309.98 186.96 386.64 263.96 0.0014930
table 0 0 -10 545.14 381.88 587.86 441.00 0.0014655
bathtub 0 0 -10 12.13 218.90 263.96 434.25 0.0014633
sofa 0 0 -10 303.79 183.97 443.93 322.04 0.0014390
table 0 0 -10 135.72 270.03 329.06 438.02 0.0014122
chair 0 0 -10 276.82 259.81 366.90 418.26 0.0014009
chair 0 0 -10 1.41 191.58 128.72 287.26 0.0013785
chair 0 0 -10 571.64 319.68 590.48 441.00 0.0013757
chair 0 0 -10 20.34 183.56 340.13 429.57 0.0013582
desk 0 0 -10 22.63 243.96 190.98 306.09 0.0013123
toilet 0 0 -10 11.61 221.39 256.62 440.11 0.0012975
table 0 0 -10 1.84 269.01 18.63 437.50 0.0012717
chair 0 0 -10 0.06 238.93 82.48 347.52 0.0012586
table 0 0 -10 3.36 4.32 390.40 199.72 0.0012477
toilet 0 0 -10 521.11 341.65 589.83 441.00 0.0011894
table 0 0 -10 9.67 169.60 385.10 268.51 0.0011294
table 0 0 -10 467.31 415.77 584.42 440.36 0.0011061
table 0 0 -10 309.99 172.05 505.91 318.09 0.0010741
chair 0 0 -10 293.00 123.06 519.67 432.08 0.0010672
sofa 0 0 -10 39.13 233.52 198.09 302.16 0.0010239
bed 0 0 -10 345.66 409.90 580.53 441.00 0.0010083
chair 0 0 -10 129.59 185.36 495.14 429.01 0.0010061
chair 0 0 -10 297.45 188.36 392.86 357.45 0.0009918
table 0 0 -10 545.86 427.72 588.35 441.00 0.0009850
table 0 0 -10 61.40 216.22 204.93 363.72 0.0009770
bed 0 0 -10 313.24 169.63 446.16 341.45 0.0009769
