bathtub 0 0 -10 15.24 213.44 528.32 421.04 0.3652583
table 0 0 -10 473.26 193.92 559.93 297.92 0.1887115
desk 0 0 -10 18.85 215.72 561.00 420.73 0.1454397
table 0 0 -10 28.64 211.47 552.82 422.06 0.1447255
bathtub 0 0 -10 126.44 163.55 525.50 252.66 0.1434786
toilet 0 0 -10 48.48 239.32 484.51 418.14 0.0882756
bathtub 0 0 -10 87.25 332.82 544.35 418.80 0.0528444
chair 0 0 -10 43.24 287.89 209.16 425.29 0.0525922
desk 0 0 -10 476.15 184.19 559.49 308.50 0.0306789
chair 0 0 -10 2.93 235.84 243.77 426.01 0.0291935
bathtub 0 0 -10 4.89 35.07 561.00 368.49 0.0230425
chair 0 0 -10 220.87 292.20 549.97 423.03 0.0207700
bathtub 0 0 -10 195.89 278.85 559.61 421.38 0.0182053
bathtub 0 0 -10 263.46 377.81 555.93 425.99 0.0152018
table 0 0 -10 157.27 192.39 541.34 292.72 0.0109971
table 0 0 -10 34.59 115.87 547.59 283.58 0.0103662
table 0 0 -10 469.82 178.29 559.49 394.08 0.0100673
bathtub 0 0 -10 74.35 309.35 372.41 427.00 0.0099890
chair 0 0 -10 63.11 253.38 461.42 420.67 0.0098663
dresser 0 0 -10 0.00 206.58 561.00 423.84 0.0094568
bathtub 0 0 -10 113.01 131.46 557.23 314.07 0.0076148
table 0 0 -10 0.00 6.37 561.00 111.85 0.0073159
bathtub 0 0 -10 219.07 181.30 512.50 238.58 0.0070668
toilet 0 0 -10 209.76 271.93 503.62 424.04 0.0070466
desk 0 0 -10 168.94 194.42 545.63 296.69 0.0070122
toilet 0 0 -10 221.12 331.87 408.05 423.18 0.0066009
desk 0 0 -10 0.00 32.45 561.00 289.33 0.0065699
bed 0 0 -10 31.52 212.33 555.96 423.56 0.0063007
table 0 0 -10 0.00 17.07 561.00 236.68 0.0062330
toilet 0 0 -10 88.50 331.69 525.33 418.68 0.0062238
chair 0 0 -10 172.74 174.41 532.70 402.06 0.0059505
chair 0 0 -10 0.00 220.36 115.30 424.51 0.0057929
chair 0 0 -10 60.01 335.37 175.15 427.00 0.0057744
bookshelf 0 0 -10 28.81 218.35 553.69 427.00 0.0053776
table 0 0 -10 179.07 274.74 559.34 422.31 0.0051891
toilet 0 0 -10 73.71 308.35 357.47 427.00 0.0043995
chair 0 0 -10 248.61 184.68 528.66 299.56 0.0043379
bathtub 0 0 -10 233.95 328.41 468.41 425.03 0.0043274
bookshelf 0 0 -10 18.75 11.69 547.65 283.67 0.0037427
table 0 0 -10 0.67 86.54 158.53 226.52 0.0035140
bathtub 0 0 -10 191.76 189.92 547.09 301.78 0.0034371
toilet 0 0 -10 63.44 328.67 180.05 426.04 0.0031429
table 0 0 -10 154.38 88.16 561.00 413.09 0.0029978
bathtub 0 0 -10 179.45 207.28 424.69 411.86 0.0029810
table 0 0 -10 145.50 160.26 528.97 259.14 0.0029366
desk 0 0 -10 151.11 87.45 561.00 415.39 0.0028672
chair 0 0 -10 471.43 140.77 559.32 288.44 0.0028662
bathtub 0 0 -10 2.71 0.32 561.00 83.24 0.0028014
chair 0 0 -10 1.62 277.46 69.05 427.00 0.0027529
sofa 0 0 -10 34.62 227.26 550.58 423.40 0.0027430
desk 0 0 -10 174.37 279.94 561.00 422.87 0.0025025
table 0 0 -10 1.20 136.21 44.36 219.49 0.0024960
toilet 0 0 -10 159.57 130.87 514.57 423.34 0.0023686
toilet 0 0 -10 189.62 198.35 410.60 419.28 0.0022789
table 0 0 -10 0.00 115.45 60.75 241.44 0.0022759
toilet 0 0 -10 1.84 32.76 517.79 387.93 0.0022108
table 0 0 -10 386.31 209.90 561.00 421.76 0.0021924
table 0 0 -10 0.32 154.13 55.69 199.32 0.0020448
bathtub 0 0 -10 261.07 127.11 538.61 264.96 0.0019707
night_stand 0 0 -10 37.87 226.99 538.81 421.51 0.0019418
table 0 0 -10 6.95 56.04 336.75 249.17 0.0019019
toilet 0 0 -10 234.82 355.85 502.98 424.45 0.0018701
table 0 0 -10 4.65 110.69 34.11 244.91 0.0017571
table 0 0 -10 17.28 134.96 130.15 259.49 0.0016795
chair 0 0 -10 1.25 103.00 52.20 229.51 0.0016742
dresser 0 0 -10 2.18 27.88 561.00 379.09 0.0016145
bed 0 0 -10 182.56 274.35 558.14 422.46 0.0015936
toilet 0 0 -10 131.03 164.33 501.59 254.76 0.0014956
chair 0 0 -10 8.42 79.76 157.50 241.23 0.0014770
table 0 0 -10 2.72 77.86 111.61 336.56 0.0013999
bathtub 0 0 -10 259.54 176.25 561.00 416.90 0.0013775
chair 0 0 -10 462.15 158.73 558.44 384.22 0.0013747
table 0 0 -10 0.64 144.13 26.22 205.47 0.0013596
sofa 0 0 -10 11.59 37.51 547.66 271.28 0.0013590
chair 0 0 -10 335.69 206.03 546.15 402.73 0.0012739
desk 0 0 -10 2.20 204.85 209.42 421.68 0.0012164
table 0 0 -10 4.43 205.85 215.24 423.32 0.0012122
bed 0 0 -10 0.00 14.52 561.00 242.56 0.0011969
chair 0 0 -10 0.00 107.75 56.11 408.46 0.0011750
chair 0 0 -10 233.67 320.04 430.11 421.95 0.0011364
desk 0 0 -10 1.27 120.61 106.00 404.86 0.0010547
chair 0 0 -10 3.56 212.43 42.51 419.85 0.0010093
table 0 0 -10 1.28 147.82 41.63 185.52 0.0010068
desk 0 0 -10 426.46 205.31 558.99 411.64 0.0010062
table 0 0 -10 492.78 186.29 560.15 264.33 0.0009972
dresser 0 0 -10 186.12 275.94 559.10 424.12 0.0009797
chair 0 0 -10 70.42 304.70 350.29 426.35 0.0009689
bathtub 0 0 -10 108.44 13.71 560.84 214.71 0.0009444
toilet 0 0 -10 258.69 383.80 539.22 424.93 0.0009369
desk 0 0 -10 0.00 6.12 561.00 84.16 0.0009042
table 0 0 -10 0.06 164.25 80.29 421.96 0.0008820
table 0 0 -10 520.82 223.85 560.73 421.78 0.0008506
table 0 0 -10 29.33 173.74 136.07 209.12 0.0008403
bed 0 0 -10 0.00 4.46 561.00 85.11 0.0008204
chair 0 0 -10 8.03 137.21 439.14 403.51 0.0008132
desk 0 0 -10 250.63 227.72 494.67 419.01 0.0008118
toilet 0 0 -10 1.12 230.76 261.58 427.00 0.0007692
bookshelf 0 0 -10 13.65 0.13 556.51 87.49 0.0007689
bookshelf 0 0 -10 195.24 272.28 555.93 422.58 0.0007534
desk 0 0 -10 146.19 165.73 537.30 260.04 0.0007501
