chair 0 0 -10 53.98 136.71 186.14 330.16 0.9925855
chair 0 0 -10 337.72 174.98 507.43 400.69 0.9894556
chair 0 0 -10 317.92 140.65 416.63 317.66 0.9844868
chair 0 0 -10 186.15 128.00 279.88 276.27 0.9601904
table 0 0 -10 154.79 152.48 373.79 358.31 0.8963733
chair 0 0 -10 251.94 133.04 328.33 275.57 0.5174478
chair 0 0 -10 279.79 147.60 385.67 289.92 0.3100201
desk 0 0 -10 157.49 156.16 368.43 379.39 0.1887080
chair 0 0 -10 125.47 121.70 267.01 323.29 0.1669167
chair 0 0 -10 263.91 126.77 340.51 219.78 0.1066003
chair 0 0 -10 164.71 120.82 244.40 275.97 0.0745643
chair 0 0 -10 242.87 120.69 310.41 225.36 0.0672973
table 0 0 -10 86.53 161.90 438.88 404.88 0.0437357
table 0 0 -10 247.96 155.44 369.83 295.47 0.0362697
chair 0 0 -10 188.04 124.14 278.19 182.88 0.0352414
chair 0 0 -10 190.06 123.79 227.74 264.92 0.0289832
chair 0 0 -10 257.86 118.23 298.61 273.05 0.0272231
chair 0 0 -10 181.12 118.81 262.43 217.06 0.0262001
chair 0 0 -10 165.96 131.23 313.04 338.97 0.0201123
chair 0 0 -10 58.83 124.20 131.80 266.60 0.0191058
table 0 0 -10 256.73 167.42 427.99 374.72 0.0190096
chair 0 0 -10 290.85 145.32 350.14 204.81 0.0136554
chair 0 0 -10 256.07 123.65 301.89 188.45 0.0133546
table 0 0 -10 174.14 131.10 379.61 245.88 0.0095620
chair 0 0 -10 287.21 136.77 388.47 213.93 0.0092435
chair 0 0 -10 134.81 121.03 199.80 289.50 0.0089339
chair 0 0 -10 115.15 128.66 182.90 316.95 0.0085885
chair 0 0 -10 221.43 121.13 275.94 235.72 0.0067915
chair 0 0 -10 109.27 148.59 332.18 392.38 0.0066182
chair 0 0 -10 350.16 161.03 474.96 321.21 0.0065339
chair 0 0 -10 63.10 132.02 102.38 254.64 0.0057964
table 0 0 -10 325.04 174.41 418.07 347.57 0.0055937
chair 0 0 -10 180.21 126.11 345.29 242.53 0.0052864
chair 0 0 -10 269.92 124.87 321.66 189.77 0.0052162
table 0 0 -10 90.35 159.33 229.72 319.90 0.0050649
desk 0 0 -10 254.39 154.40 369.62 295.73 0.0050065
chair 0 0 -10 230.83 156.16 389.13 375.15 0.0049665
chair 0 0 -10 313.86 146.17 356.16 215.15 0.0048837
table 0 0 -10 228.22 143.87 361.20 210.14 0.0046215
desk 0 0 -10 161.62 161.90 321.95 289.88 0.0043899
chair 0 0 -10 264.15 131.97 433.54 266.93 0.0042420
chair 0 0 -10 236.03 123.91 283.50 187.42 0.0038273
table 0 0 -10 158.66 163.24 332.37 290.65 0.0037389
chair 0 0 -10 207.50 127.46 246.45 248.02 0.0037237
chair 0 0 -10 269.49 124.31 295.91 170.61 0.0037049
table 0 0 -10 261.64 151.34 361.77 195.19 0.0033411
table 0 0 -10 298.85 155.98 387.27 304.07 0.0030817
chair 0 0 -10 258.53 125.36 271.88 201.37 0.0030376
chair 0 0 -10 282.53 124.24 295.06 170.52 0.0029840
chair 0 0 -10 452.81 154.85 557.50 401.45 0.0027476
chair 0 0 -10 266.87 124.25 282.08 169.43 0.0025604
chair 0 0 -10 243.91 124.74 347.24 180.31 0.0025363
chair 0 0 -10 178.41 130.50 211.51 263.90 0.0023236
chair 0 0 -10 73.67 133.19 114.15 235.48 0.0020022
chair 0 0 -10 249.09 126.25 280.57 236.44 0.0018552
chair 0 0 -10 501.17 175.19 557.65 427.00 0.0016743
chair 0 0 -10 280.15 122.35 331.63 171.20 0.0016363
chair 0 0 -10 538.33 325.39 560.81 427.00 0.0015476
chair 0 0 -10 96.92 136.91 128.84 291.28 0.0015424
desk 0 0 -10 74.84 160.03 310.25 345.57 0.0015057
desk 0 0 -10 264.79 169.57 423.32 382.30 0.0014521
chair 0 0 -10 392.24 139.76 415.54 335.34 0.0013763
table 0 0 -10 328.64 165.77 493.03 393.95 0.0013678
chair 0 0 -10 347.66 274.24 545.57 426.54 0.0013376
table 0 0 -10 491.20 186.47 558.87 427.00 0.0013194
table 0 0 -10 527.92 190.98 560.11 427.00 0.0012712
chair 0 0 -10 93.77 123.06 149.77 304.52 0.0012405
chair 0 0 -10 331.80 133.01 415.70 241.56 0.0012191
chair 0 0 -10 286.14 123.96 299.41 181.92 0.0012167
desk 0 0 -10 324.85 170.48 414.03 346.28 0.0011644
table 0 0 -10 52.06 140.55 163.39 294.25 0.0011584
desk 0 0 -10 64.52 168.79 199.52 328.60 0.0011406
chair 0 0 -10 112.06 128.67 134.91 314.57 0.0011190
desk 0 0 -10 173.95 130.93 376.03 245.75 0.0010165
night_stand 0 0 -10 156.90 162.28 360.94 382.81 0.0009753
chair 0 0 -10 151.67 208.59 521.88 424.63 0.0009508
sofa 0 0 -10 49.60 124.87 174.10 306.41 0.0009016
table 0 0 -10 291.13 154.88 364.75 216.76 0.0008965
table 0 0 -10 245.01 141.54 332.94 258.28 0.0008873
desk 0 0 -10 302.92 153.23 388.58 302.35 0.0008267
chair 0 0 -10 263.36 125.96 273.81 184.61 0.0007683
table 0 0 -10 430.65 277.54 559.69 427.00 0.0007520
table 0 0 -10 283.35 159.25 339.98 177.89 0.0007507
table 0 0 -10 539.89 297.85 560.75 427.00 0.0007450
table 0 0 -10 201.73 136.63 307.61 271.23 0.0007327
desk 0 0 -10 78.54 205.08 529.20 427.00 0.0007235
chair 0 0 -10 165.77 132.62 202.69 244.89 0.0007221
table 0 0 -10 292.44 152.74 347.80 170.20 0.0007066
table 0 0 -10 285.10 147.00 357.42 176.65 0.0006727
chair 0 0 -10 164.55 235.04 360.33 407.93 0.0006645
table 0 0 -10 50.80 221.72 253.99 398.55 0.0006205
chair 0 0 -10 28.26 111.51 138.08 334.65 0.0006147
sofa 0 0 -10 302.45 150.49 399.71 296.43 0.0005985
chair 0 0 -10 359.80 137.83 413.22 220.53 0.0005933
table 0 0 -10 14.65 135.02 135.21 320.69 0.0005931
table 0 0 -10 235.08 130.06 352.21 178.69 0.0005835
chair 0 0 -10 87.77 131.76 120.41 263.52 0.0005499
bathtub 0 0 -10 518.54 178.41 561.00 427.00 0.0005327
chair 0 0 -10 299.05 150.97 346.22 171.70 0.0005308
table 0 0 -10 56.25 180.28 307.67 352.92 0.0005200
