chair 0 0 -10 215.73 175.54 359.68 349.37 0.9956490
chair 0 0 -10 1.43 216.61 155.65 430.99 0.9933381
table 0 0 -10 86.46 249.64 234.91 388.01 0.9070056
table 0 0 -10 539.07 352.78 591.00 398.84 0.3283997
table 0 0 -10 537.57 338.04 590.25 434.60 0.0600627
table 0 0 -10 20.42 226.94 208.54 420.75 0.0585374
chair 0 0 -10 173.45 263.47 228.42 352.71 0.0488912
desk 0 0 -10 49.68 237.06 228.34 405.07 0.0443133
chair 0 0 -10 1.99 202.38 81.92 432.64 0.0443052
table 0 0 -10 118.94 252.11 234.66 338.90 0.0304738
chair 0 0 -10 1.23 187.26 121.03 366.90 0.0232735
chair 0 0 -10 0.01 134.65 67.55 332.52 0.0132735
chair 0 0 -10 536.03 311.02 591.00 430.67 0.0116031
chair 0 0 -10 284.44 163.81 362.10 310.01 0.0110474
chair 0 0 -10 144.91 257.49 232.29 370.19 0.0099742
table 0 0 -10 0.00 327.83 31.59 441.00 0.0080666
chair 0 0 -10 38.33 238.89 176.83 381.34 0.0074783
sofa 0 0 -10 0.00 202.61 149.26 416.18 0.0063441
chair 0 0 -10 536.39 184.78 591.00 414.30 0.0060357
chair 0 0 -10 219.92 166.02 319.90 302.27 0.0059511
chair 0 0 -10 540.27 350.24 590.61 400.52 0.0056760
table 0 0 -10 126.12 253.22 188.28 379.93 0.0051634
table 0 0 -10 54.40 229.04 165.43 383.18 0.0049992
chair 0 0 -10 544.83 312.28 590.16 350.20 0.0049109
table 0 0 -10 541.65 315.55 590.40 392.82 0.0043710
desk 0 0 -10 4.79 236.90 145.63 409.29 0.0041461
chair 0 0 -10 264.10 203.86 374.39 337.85 0.0040072
table 0 0 -10 218.27 195.02 368.10 328.89 0.0039152
chair 0 0 -10 0.05 256.71 54.22 436.99 0.0037022
chair 0 0 -10 0.82 318.17 35.06 439.09 0.0036140
table 0 0 -10 164.50 255.34 227.48 353.95 0.0034424
table 0 0 -10 3.45 245.79 108.59 438.83 0.0032883
chair 0 0 -10 3.63 304.96 133.79 441.00 0.0032840
desk 0 0 -10 217.88 193.46 366.74 328.15 0.0027508
table 0 0 -10 133.25 223.66 343.07 369.61 0.0025762
bookshelf 0 0 -10 3.49 0.25 180.35 105.57 0.0021922
chair 0 0 -10 553.29 317.60 590.26 398.29 0.0020817
bed 0 0 -10 0.00 4.44 183.12 113.82 0.0020267
table 0 0 -10 542.31 303.08 589.11 348.07 0.0018183
chair 0 0 -10 493.59 324.60 589.63 437.41 0.0017107
chair 0 0 -10 99.03 247.56 195.70 373.15 0.0016676
table 0 0 -10 103.14 254.25 216.92 298.19 0.0015359
chair 0 0 -10 538.87 22.20 589.51 374.95 0.0013840
desk 0 0 -10 112.89 251.10 228.09 375.05 0.0013723
table 0 0 -10 43.26 220.67 458.55 434.36 0.0013065
sofa 0 0 -10 533.88 318.22 590.93 433.59 0.0012008
chair 0 0 -10 117.20 237.02 206.96 333.90 0.0011874
table 0 0 -10 0.75 311.98 73.46 441.00 0.0011691
chair 0 0 -10 2.19 155.69 39.73 359.44 0.0011543
bed 0 0 -10 532.38 325.52 591.00 432.67 0.0011166
table 0 0 -10 510.54 310.96 587.78 431.13 0.0010708
table 0 0 -10 1.21 338.11 15.44 441.00 0.0010527
desk 0 0 -10 539.49 350.27 591.00 401.93 0.0010419
chair 0 0 -10 0.00 203.47 216.17 339.04 0.0010330
sofa 0 0 -10 216.89 168.41 363.13 339.50 0.0010211
chair 0 0 -10 73.96 220.54 173.28 343.56 0.0009750
table 0 0 -10 0.00 180.79 156.70 392.87 0.0009479
chair 0 0 -10 527.59 302.65 591.00 357.54 0.0009460
sofa 0 0 -10 0.00 4.14 193.30 101.09 0.0009419
bookshelf 0 0 -10 387.57 2.31 549.89 329.70 0.0008890
table 0 0 -10 2.40 334.96 9.28 441.00 0.0008803
table 0 0 -10 535.95 209.19 589.55 415.41 0.0008479
bed 0 0 -10 294.74 317.30 591.00 439.21 0.0008352
desk 0 0 -10 0.00 330.15 23.42 441.00 0.0008100
chair 0 0 -10 476.36 192.19 590.39 416.86 0.0007928
chair 0 0 -10 390.48 31.85 548.92 286.71 0.0007179
desk 0 0 -10 379.54 33.86 553.79 292.46 0.0007121
desk 0 0 -10 538.43 332.41 590.56 437.14 0.0007105
dresser 0 0 -10 387.60 36.94 551.92 292.52 0.0006914
table 0 0 -10 214.78 223.62 403.18 370.83 0.0006601
desk 0 0 -10 0.00 169.41 212.15 418.00 0.0006405
chair 0 0 -10 308.50 181.22 380.85 314.07 0.0006183
chair 0 0 -10 123.92 190.94 269.54 337.72 0.0006082
table 0 0 -10 567.51 328.38 590.48 415.75 0.0005997
table 0 0 -10 106.67 297.92 590.31 436.58 0.0005876
chair 0 0 -10 106.06 272.88 230.26 408.52 0.0005784
chair 0 0 -10 131.98 253.56 175.34 368.71 0.0005721
chair 0 0 -10 567.72 315.50 590.15 348.29 0.0005655
table 0 0 -10 578.59 342.58 588.77 414.55 0.0005543
table 0 0 -10 573.98 345.79 585.59 398.88 0.0005190
chair 0 0 -10 306.35 319.30 585.86 439.36 0.0005143
bed 0 0 -10 2.58 210.58 138.40 440.41 0.0005034
chair 0 0 -10 177.74 227.08 250.52 354.74 0.0004784
chair 0 0 -10 190.07 175.99 271.99 344.24 0.0004504
chair 0 0 -10 374.94 0.00 480.94 46.07 0.0004490
table 0 0 -10 144.82 248.53 225.76 312.89 0.0004481
bed 0 0 -10 498.84 266.23 590.79 434.67 0.0004478
table 0 0 -10 97.03 218.16 257.40 346.69 0.0004476
bookshelf 0 0 -10 85.30 0.00 556.94 312.39 0.0004395
desk 0 0 -10 0.00 254.10 82.04 436.67 0.0004385
toilet 0 0 -10 0.00 200.13 148.65 409.42 0.0004363
chair 0 0 -10 560.77 87.81 587.59 353.99 0.0004094
sofa 0 0 -10 545.89 312.84 590.40 348.80 0.0004070
chair 0 0 -10 37.42 211.40 257.94 420.40 0.0004041
chair 0 0 -10 2.65 208.86 23.04 428.77 0.0003601
chair 0 0 -10 560.86 289.29 591.00 365.16 0.0003600
night_stand 0 0 -10 7.19 237.85 147.58 412.08 0.0003592
chair 0 0 -10 155.58 253.32 222.84 326.97 0.0003549
chair 0 0 -10 6.23 157.93 16.56 441.00 0.0003511
table 0 0 -10 522.85 309.18 588.08 368.77 0.0003484
