table 0 0 -10 22.39 411.37 213.97 426.83 0.0322192
bookshelf 0 0 -10 216.17 336.31 482.63 423.75 0.0288784
table 0 0 -10 58.05 407.93 158.44 427.00 0.0231724
bookshelf 0 0 -10 152.60 224.28 208.90 418.57 0.0216505
table 0 0 -10 24.93 400.63 271.69 426.34 0.0201396
dresser 0 0 -10 206.14 337.60 478.17 424.25 0.0171736
table 0 0 -10 88.20 409.62 186.52 426.56 0.0169415
sofa 0 0 -10 210.29 339.20 434.21 424.48 0.0150746
bookshelf 0 0 -10 197.73 185.98 485.85 420.27 0.0108288
bookshelf 0 0 -10 53.31 95.47 482.66 427.00 0.0099909
bookshelf 0 0 -10 246.67 206.96 480.17 340.23 0.0071341
table 0 0 -10 217.90 334.06 462.42 425.33 0.0067432
bookshelf 0 0 -10 119.09 232.45 254.71 422.42 0.0062919
bathtub 0 0 -10 14.51 414.29 230.88 426.90 0.0062643
table 0 0 -10 74.29 401.37 205.11 422.39 0.0056264
sofa 0 0 -10 27.12 399.51 278.36 426.57 0.0054985
desk 0 0 -10 13.28 414.52 229.56 426.90 0.0053457
bookshelf 0 0 -10 347.52 234.97 436.14 337.59 0.0047324
bookshelf 0 0 -10 74.61 287.28 483.44 422.94 0.0044940
sofa 0 0 -10 22.81 411.22 216.81 427.00 0.0041361
bed 0 0 -10 211.80 333.74 464.01 427.00 0.0039928
chair 0 0 -10 0.00 359.97 42.71 425.74 0.0036499
table 0 0 -10 36.30 420.56 171.33 426.97 0.0036299
bathtub 0 0 -10 208.10 339.31 475.80 422.40 0.0036002
desk 0 0 -10 22.79 400.35 277.78 426.48 0.0033758
table 0 0 -10 75.96 417.82 206.30 426.57 0.0032042
desk 0 0 -10 208.30 337.76 492.27 422.99 0.0027752
table 0 0 -10 32.74 388.28 147.59 426.42 0.0026102
bed 0 0 -10 17.14 414.52 231.95 427.00 0.0025729
bed 0 0 -10 97.06 61.60 485.22 427.00 0.0022347
bookshelf 0 0 -10 144.30 219.75 361.50 419.82 0.0020939
bookshelf 0 0 -10 183.02 225.83 221.95 426.48 0.0020933
table 0 0 -10 205.95 373.20 299.74 427.00 0.0020357
bed 0 0 -10 25.49 400.05 278.48 427.00 0.0020321
chair 0 0 -10 207.34 369.15 295.70 425.48 0.0020122
bathtub 0 0 -10 484.82 122.93 561.00 425.21 0.0019164
table 0 0 -10 70.00 423.34 176.28 426.96 0.0017897
chair 0 0 -10 124.29 225.61 226.80 420.21 0.0017692
sofa 0 0 -10 58.81 407.63 160.21 427.00 0.0015871
chair 0 0 -10 33.07 400.07 258.93 427.00 0.0015870
sofa 0 0 -10 71.38 415.30 196.14 426.82 0.0015624
table 0 0 -10 197.66 395.00 229.27 427.00 0.0015524
bathtub 0 0 -10 22.61 398.95 281.97 426.51 0.0015469
bookshelf 0 0 -10 217.14 1.43 547.41 418.52 0.0014730
chair 0 0 -10 190.06 393.24 225.00 427.00 0.0014656
table 0 0 -10 0.53 367.27 42.69 424.27 0.0014624
dresser 0 0 -10 62.90 44.51 553.92 427.00 0.0014356
dresser 0 0 -10 484.61 193.24 561.00 423.47 0.0013558
desk 0 0 -10 35.37 39.18 561.00 420.10 0.0012877
dresser 0 0 -10 14.68 414.51 231.08 427.00 0.0012535
bathtub 0 0 -10 516.55 220.46 561.00 423.01 0.0011618
dresser 0 0 -10 132.79 299.26 534.68 423.42 0.0011140
dresser 0 0 -10 525.30 177.13 557.63 422.15 0.0011036
chair 0 0 -10 211.90 334.27 434.08 426.39 0.0010919
bathtub 0 0 -10 87.78 409.06 218.57 425.42 0.0010785
bookshelf 0 0 -10 16.13 231.72 209.53 419.82 0.0010715
desk 0 0 -10 85.93 409.31 187.48 426.97 0.0010712
chair 0 0 -10 147.75 393.66 330.35 426.79 0.0010541
bookshelf 0 0 -10 9.59 411.25 288.43 426.98 0.0009910
bookshelf 0 0 -10 29.31 397.03 276.06 426.71 0.0009899
chair 0 0 -10 33.65 410.98 208.73 427.00 0.0009612
table 0 0 -10 2.24 373.20 301.42 426.85 0.0009302
bookshelf 0 0 -10 385.95 333.50 478.08 427.00 0.0009158
desk 0 0 -10 57.53 313.45 518.47 423.71 0.0008975
dresser 0 0 -10 130.81 229.36 227.36 419.91 0.0008938
bookshelf 0 0 -10 267.97 285.67 447.70 424.42 0.0008903
table 0 0 -10 91.49 398.09 143.07 425.59 0.0008788
bookshelf 0 0 -10 440.26 181.05 560.14 424.40 0.0008652
desk 0 0 -10 0.00 126.23 190.04 420.55 0.0008539
table 0 0 -10 130.44 415.75 215.79 426.86 0.0008474
table 0 0 -10 51.83 60.59 535.29 422.25 0.0007994
chair 0 0 -10 355.88 237.50 424.12 334.45 0.0007941
bed 0 0 -10 357.95 238.91 425.68 342.52 0.0007756
chair 0 0 -10 9.52 372.20 298.32 427.00 0.0007473
bookshelf 0 0 -10 30.91 319.79 271.55 423.76 0.0007276
bookshelf 0 0 -10 241.57 198.62 366.29 338.18 0.0006903
desk 0 0 -10 65.72 173.58 258.05 418.41 0.0006818
bathtub 0 0 -10 389.95 411.22 561.00 427.00 0.0006749
table 0 0 -10 0.00 136.76 280.92 418.33 0.0006678
bookshelf 0 0 -10 1.08 336.39 42.56 419.32 0.0006677
bathtub 0 0 -10 166.47 412.54 232.16 427.00 0.0006668
chair 0 0 -10 80.18 414.87 194.83 427.00 0.0006633
bookshelf 0 0 -10 0.11 247.35 53.91 427.00 0.0006588
toilet 0 0 -10 9.96 411.82 279.98 427.00 0.0006585
chair 0 0 -10 7.33 406.55 128.83 427.00 0.0006470
dresser 0 0 -10 445.65 118.75 561.00 424.21 0.0006356
table 0 0 -10 126.02 395.13 333.10 427.00 0.0006290
bed 0 0 -10 57.30 407.65 160.34 427.00 0.0006244
table 0 0 -10 143.14 423.74 229.17 426.91 0.0006241
table 0 0 -10 208.50 386.44 224.62 427.00 0.0006015
table 0 0 -10 98.10 191.89 253.73 418.77 0.0005946
night_stand 0 0 -10 20.34 414.56 230.43 427.00 0.0005935
table 0 0 -10 0.00 157.29 56.39 422.13 0.0005798
bookshelf 0 0 -10 11.53 154.10 298.70 425.82 0.0005589
bed 0 0 -10 0.33 350.67 43.11 422.37 0.0005579
bathtub 0 0 -10 474.99 212.38 561.00 359.52 0.0005532
sofa 0 0 -10 67.95 335.37 389.62 426.45 0.0005518
dresser 0 0 -10 171.29 236.88 220.39 424.30 0.0005447
chair 0 0 -10 105.88 407.34 261.43 425.99 0.0005435
table 0 0 -10 75.15 317.95 496.01 426.31 0.0005409
