desk 0 0 -10 61.30 210.05 466.57 405.08 0.7456397
table 0 0 -10 63.79 203.94 454.27 393.21 0.3955456
desk 0 0 -10 419.25 97.85 561.00 236.05 0.2309978
night_stand 0 0 -10 422.11 100.15 561.00 242.79 0.2132526
dresser 0 0 -10 401.73 87.24 561.00 417.58 0.1981224
table 0 0 -10 420.13 98.90 558.67 228.31 0.1565618
dresser 0 0 -10 416.79 95.89 561.00 238.25 0.0785660
desk 0 0 -10 408.29 83.61 561.00 408.56 0.0581560
desk 0 0 -10 36.99 92.06 500.43 386.29 0.0433020
desk 0 0 -10 56.61 256.62 464.72 344.27 0.0242352
chair 0 0 -10 366.52 82.95 560.36 418.49 0.0198827
table 0 0 -10 52.60 326.75 521.99 416.67 0.0188575
chair 0 0 -10 452.42 63.97 557.95 219.81 0.0139293
dresser 0 0 -10 48.87 172.43 478.57 398.43 0.0128143
desk 0 0 -10 38.98 292.85 552.46 421.51 0.0108759
table 0 0 -10 408.84 96.31 558.55 403.47 0.0088422
chair 0 0 -10 279.39 191.44 546.50 421.88 0.0084749
dresser 0 0 -10 56.35 46.45 486.83 351.21 0.0081576
chair 0 0 -10 276.71 316.11 560.64 425.85 0.0079558
night_stand 0 0 -10 404.52 90.64 561.00 403.17 0.0074057
chair 0 0 -10 294.68 91.76 487.91 295.14 0.0074055
chair 0 0 -10 130.10 204.86 412.90 396.42 0.0063956
table 0 0 -10 46.93 256.36 463.95 345.56 0.0062457
table 0 0 -10 127.04 197.41 404.27 241.96 0.0061876
chair 0 0 -10 259.44 181.05 465.81 371.43 0.0061777
table 0 0 -10 57.49 72.68 475.24 352.10 0.0057598
table 0 0 -10 101.19 194.83 441.60 267.81 0.0052966
bed 0 0 -10 419.75 85.39 559.78 232.43 0.0050776
night_stand 0 0 -10 56.26 184.63 470.53 398.83 0.0048040
bed 0 0 -10 88.34 173.16 459.71 409.79 0.0042931
bookshelf 0 0 -10 58.03 112.10 465.39 390.46 0.0036571
dresser 0 0 -10 167.20 87.56 541.04 414.45 0.0034036
table 0 0 -10 134.88 186.82 386.22 221.17 0.0033632
chair 0 0 -10 140.35 199.83 195.48 227.90 0.0028134
bookshelf 0 0 -10 417.62 53.36 558.08 232.37 0.0027930
bathtub 0 0 -10 63.11 196.44 459.04 398.60 0.0026939
desk 0 0 -10 118.28 167.69 441.27 331.09 0.0026805
chair 0 0 -10 428.76 0.27 478.53 73.37 0.0026717
bookshelf 0 0 -10 403.58 69.86 561.00 423.38 0.0026381
table 0 0 -10 111.33 167.69 442.76 328.53 0.0025905
desk 0 0 -10 101.33 145.71 427.34 242.94 0.0024244
chair 0 0 -10 468.45 95.61 559.37 410.62 0.0023635
desk 0 0 -10 424.48 91.16 559.36 173.32 0.0023142
table 0 0 -10 283.23 411.88 551.86 426.85 0.0022751
desk 0 0 -10 316.89 222.43 550.14 412.30 0.0022636
chair 0 0 -10 388.45 115.36 471.59 270.95 0.0021472
desk 0 0 -10 95.69 190.68 415.60 277.33 0.0021326
dresser 0 0 -10 69.03 258.47 540.42 424.93 0.0020728
bed 0 0 -10 281.74 411.77 561.00 426.87 0.0019861
chair 0 0 -10 495.40 69.78 560.94 196.98 0.0019644
chair 0 0 -10 331.49 379.33 515.40 427.00 0.0019617
chair 0 0 -10 399.00 80.51 551.83 253.81 0.0018206
dresser 0 0 -10 415.60 9.94 551.04 205.38 0.0016675
chair 0 0 -10 92.35 202.75 186.65 298.13 0.0016130
table 0 0 -10 344.40 399.54 553.32 425.50 0.0015898
chair 0 0 -10 101.33 343.13 540.42 421.45 0.0015376
chair 0 0 -10 112.65 191.74 204.50 264.76 0.0014672
table 0 0 -10 100.81 147.87 422.51 242.92 0.0014366
night_stand 0 0 -10 399.67 125.04 494.06 236.46 0.0013867
table 0 0 -10 424.54 90.36 558.65 155.24 0.0013792
table 0 0 -10 52.60 309.10 464.71 378.96 0.0013616
sofa 0 0 -10 89.56 189.24 456.62 407.48 0.0013067
bed 0 0 -10 53.52 35.54 483.25 362.35 0.0012948
chair 0 0 -10 521.04 90.47 559.65 196.74 0.0012719
chair 0 0 -10 177.32 50.11 468.55 302.50 0.0012509
table 0 0 -10 223.94 390.35 536.24 424.58 0.0012480
desk 0 0 -10 136.33 186.11 390.36 221.42 0.0012478
bookshelf 0 0 -10 424.35 0.00 491.57 101.26 0.0011796
bathtub 0 0 -10 139.52 44.67 426.14 236.15 0.0011654
bookshelf 0 0 -10 51.46 261.95 506.41 417.89 0.0011640
chair 0 0 -10 492.60 19.67 561.00 339.64 0.0011492
bathtub 0 0 -10 61.47 55.20 481.04 335.00 0.0011483
bathtub 0 0 -10 305.06 414.19 523.83 427.00 0.0011000
chair 0 0 -10 470.85 70.52 558.91 143.92 0.0010748
desk 0 0 -10 310.45 390.39 527.32 427.00 0.0010585
desk 0 0 -10 40.71 365.32 560.23 424.92 0.0010579
bathtub 0 0 -10 51.33 327.50 511.91 418.39 0.0010538
chair 0 0 -10 421.84 0.51 495.87 47.46 0.0010114
desk 0 0 -10 129.88 169.60 409.63 213.28 0.0009988
chair 0 0 -10 350.76 138.30 462.07 245.64 0.0009929
chair 0 0 -10 351.82 400.38 561.00 425.41 0.0009759
chair 0 0 -10 222.40 135.37 444.62 313.25 0.0009397
desk 0 0 -10 402.21 180.41 560.78 254.60 0.0009301
bathtub 0 0 -10 416.40 78.46 556.30 230.55 0.0008892
desk 0 0 -10 417.83 236.49 560.31 425.47 0.0007941
dresser 0 0 -10 360.83 207.93 541.41 411.68 0.0007626
table 0 0 -10 415.23 132.82 451.49 244.51 0.0007253
chair 0 0 -10 309.93 174.84 448.64 241.97 0.0007160
desk 0 0 -10 259.26 217.65 470.70 401.51 0.0007092
dresser 0 0 -10 401.26 122.38 492.21 239.95 0.0006762
table 0 0 -10 400.53 182.62 558.79 254.11 0.0006647
toilet 0 0 -10 42.07 171.17 437.92 415.91 0.0006587
bed 0 0 -10 402.08 44.66 561.00 402.36 0.0006439
table 0 0 -10 402.51 245.95 558.89 422.87 0.0006396
chair 0 0 -10 536.42 67.43 561.00 204.75 0.0006313
table 0 0 -10 121.84 209.78 199.50 261.45 0.0006240
desk 0 0 -10 129.11 196.12 405.53 243.27 0.0006055
chair 0 0 -10 80.19 275.49 499.85 417.98 0.0005996
table 0 0 -10 132.51 169.90 399.79 212.87 0.0005955
desk 0 0 -10 57.34 202.88 278.93 380.87 0.0005842
