chair 0 0 -10 181.53 20.12 549.63 436.56 0.7865983
chair 0 0 -10 231.93 2.83 542.44 235.49 0.2528879
table 0 0 -10 247.89 13.26 579.42 217.80 0.1919090
chair 0 0 -10 91.25 2.69 306.90 334.58 0.1531374
chair 0 0 -10 542.53 97.29 588.50 441.00 0.1454465
table 0 0 -10 539.10 288.17 589.67 441.00 0.1356214
chair 0 0 -10 516.32 215.36 589.00 440.06 0.0980471
table 0 0 -10 219.00 16.23 563.26 406.95 0.0965153
chair 0 0 -10 335.95 36.24 579.54 421.50 0.0840243
chair 0 0 -10 547.98 255.51 590.38 378.87 0.0698320
chair 0 0 -10 504.44 45.17 588.07 440.11 0.0620016
table 0 0 -10 542.83 101.80 587.75 441.00 0.0425132
table 0 0 -10 549.60 261.44 590.12 378.21 0.0421619
chair 0 0 -10 356.72 0.00 553.60 172.28 0.0396552
chair 0 0 -10 77.58 0.81 297.77 175.71 0.0360636
chair 0 0 -10 73.46 1.05 190.13 261.43 0.0295378
desk 0 0 -10 250.45 9.84 582.90 196.02 0.0275289
sofa 0 0 -10 186.38 16.60 532.59 435.40 0.0216806
chair 0 0 -10 238.85 10.70 474.80 161.53 0.0146252
chair 0 0 -10 438.93 229.29 591.00 440.97 0.0119114
table 0 0 -10 56.91 18.69 375.73 398.05 0.0108279
chair 0 0 -10 218.40 7.47 422.43 339.81 0.0093684
table 0 0 -10 518.54 222.40 587.40 441.00 0.0090606
desk 0 0 -10 218.85 5.02 567.67 416.08 0.0088902
sofa 0 0 -10 59.30 13.23 376.51 386.99 0.0072227
desk 0 0 -10 547.34 146.22 589.97 440.74 0.0069503
table 0 0 -10 145.14 145.69 517.13 441.00 0.0067946
table 0 0 -10 111.12 1.02 296.78 181.37 0.0064619
bed 0 0 -10 211.43 87.79 530.66 441.00 0.0055746
bed 0 0 -10 0.00 13.94 168.74 218.14 0.0055490
dresser 0 0 -10 216.56 11.17 522.29 431.65 0.0055428
night_stand 0 0 -10 225.32 30.20 522.42 438.88 0.0053051
dresser 0 0 -10 253.41 9.14 582.60 189.99 0.0049802
chair 0 0 -10 552.70 46.75 590.36 350.37 0.0045612
sofa 0 0 -10 235.24 10.29 580.04 206.46 0.0042378
table 0 0 -10 500.20 80.52 585.96 441.00 0.0042218
bed 0 0 -10 244.18 0.00 584.26 190.98 0.0039613
bed 0 0 -10 77.73 19.99 176.48 253.23 0.0038786
table 0 0 -10 556.43 340.36 590.38 437.64 0.0037398
sofa 0 0 -10 550.37 263.06 590.39 437.67 0.0036544
table 0 0 -10 109.63 42.37 300.37 339.23 0.0036429
chair 0 0 -10 173.69 0.00 379.52 168.44 0.0033761
sofa 0 0 -10 0.28 16.60 166.76 211.64 0.0032917
chair 0 0 -10 511.96 12.75 588.13 243.11 0.0032841
chair 0 0 -10 455.18 22.97 587.03 337.85 0.0031973
chair 0 0 -10 496.27 325.51 584.43 441.00 0.0031710
sofa 0 0 -10 80.54 22.44 177.14 244.78 0.0031392
desk 0 0 -10 528.30 26.24 590.65 441.00 0.0031081
chair 0 0 -10 559.56 177.31 588.97 355.43 0.0030613
chair 0 0 -10 0.00 0.47 149.49 155.72 0.0027496
table 0 0 -10 74.81 155.66 307.37 403.01 0.0026539
table 0 0 -10 442.65 207.79 585.35 441.00 0.0025120
desk 0 0 -10 544.18 335.19 590.65 441.00 0.0023286
sofa 0 0 -10 540.40 56.80 587.31 441.00 0.0022955
chair 0 0 -10 22.65 0.00 311.14 69.00 0.0021327
table 0 0 -10 563.76 269.42 590.27 422.49 0.0020849
table 0 0 -10 0.48 2.26 149.64 97.66 0.0018864
table 0 0 -10 253.76 46.90 501.17 164.83 0.0018809
desk 0 0 -10 550.73 260.28 589.97 379.87 0.0018722
table 0 0 -10 432.51 0.83 581.04 202.99 0.0018098
bed 0 0 -10 86.88 6.99 301.77 342.06 0.0016542
chair 0 0 -10 3.26 79.28 121.91 295.63 0.0015856
bookshelf 0 0 -10 539.56 27.08 587.82 441.00 0.0015539
bed 0 0 -10 115.89 127.57 436.76 436.85 0.0015242
chair 0 0 -10 572.66 79.68 590.77 423.83 0.0014939
chair 0 0 -10 214.18 251.16 558.59 435.33 0.0014865
chair 0 0 -10 563.45 248.21 590.47 348.67 0.0014701
toilet 0 0 -10 230.30 59.49 541.84 441.00 0.0014316
dresser 0 0 -10 538.23 45.98 588.84 441.00 0.0014260
table 0 0 -10 0.00 9.35 165.93 273.31 0.0014178
chair 0 0 -10 455.51 3.20 582.57 182.93 0.0013516
night_stand 0 0 -10 233.98 8.77 558.15 191.48 0.0013246
desk 0 0 -10 249.81 44.01 498.39 163.09 0.0013176
desk 0 0 -10 52.18 12.69 371.23 406.35 0.0012995
table 0 0 -10 41.26 16.03 282.79 248.70 0.0012606
chair 0 0 -10 0.82 90.27 42.40 270.31 0.0011849
table 0 0 -10 541.82 334.15 588.90 408.98 0.0011562
sofa 0 0 -10 85.26 3.92 294.38 174.19 0.0011304
chair 0 0 -10 520.14 269.51 590.84 353.32 0.0011094
bathtub 0 0 -10 525.70 45.10 591.00 441.00 0.0011039
table 0 0 -10 512.01 330.14 585.41 441.00 0.0010957
table 0 0 -10 373.42 8.30 538.08 174.21 0.0010929
table 0 0 -10 573.52 197.58 590.41 417.66 0.0010633
table 0 0 -10 383.82 19.46 578.08 441.00 0.0010585
bed 0 0 -10 539.05 27.13 588.01 441.00 0.0010474
chair 0 0 -10 543.09 332.96 591.00 439.84 0.0010390
desk 0 0 -10 344.40 24.93 524.51 176.80 0.0010155
chair 0 0 -10 134.14 121.25 425.41 430.58 0.0009929
chair 0 0 -10 406.89 322.52 581.30 441.00 0.0009574
bookshelf 0 0 -10 224.17 44.32 544.70 438.20 0.0009022
bed 0 0 -10 206.15 218.31 461.29 436.47 0.0008709
table 0 0 -10 577.75 344.25 590.64 440.54 0.0008687
table 0 0 -10 487.57 13.36 587.82 301.09 0.0008669
chair 0 0 -10 197.50 4.63 299.93 199.43 0.0008483
table 0 0 -10 213.40 300.48 573.18 440.54 0.0008179
table 0 0 -10 230.35 2.49 433.75 191.09 0.0008057
desk 0 0 -10 528.18 252.48 589.10 441.00 0.0007873
chair 0 0 -10 283.21 0.00 418.45 79.63 0.0007820
table 0 0 -10 559.95 174.40 588.56 360.76 0.0007711
bathtub 0 0 -10 264.13 6.83 589.74 191.93 0.0007708
