desk 0 0 -10 380.18 164.22 561.00 425.97 0.2275234
desk 0 0 -10 507.70 283.89 559.43 420.90 0.0487582
dresser 0 0 -10 376.92 172.72 561.00 427.00 0.0445875
table 0 0 -10 507.94 284.80 558.80 418.66 0.0396333
chair 0 0 -10 504.07 284.36 560.03 422.65 0.0315605
table 0 0 -10 382.51 171.58 559.91 427.00 0.0257934
bathtub 0 0 -10 395.81 226.08 556.11 425.10 0.0083066
bathtub 0 0 -10 94.05 379.51 313.21 427.00 0.0075423
desk 0 0 -10 478.36 230.24 561.00 427.00 0.0074321
table 0 0 -10 476.34 254.38 561.00 426.65 0.0071466
chair 0 0 -10 1.32 86.06 57.70 206.17 0.0064883
chair 0 0 -10 390.75 239.95 553.51 422.86 0.0060163
bathtub 0 0 -10 60.87 336.29 366.58 426.62 0.0045294
desk 0 0 -10 467.43 275.91 561.00 379.87 0.0034701
dresser 0 0 -10 484.04 268.76 561.00 427.00 0.0025050
bookshelf 0 0 -10 0.79 82.09 58.84 209.46 0.0021641
bathtub 0 0 -10 302.15 338.07 389.63 425.69 0.0020421
bathtub 0 0 -10 84.58 409.86 329.71 427.00 0.0018125
bathtub 0 0 -10 45.52 167.78 537.22 419.10 0.0015660
bathtub 0 0 -10 294.92 177.22 561.00 423.81 0.0015243
toilet 0 0 -10 393.16 226.08 551.85 423.89 0.0015146
bathtub 0 0 -10 475.63 275.35 561.00 427.00 0.0014905
bookshelf 0 0 -10 393.86 207.55 559.72 427.00 0.0013129
bathtub 0 0 -10 217.72 346.99 395.58 425.43 0.0012873
bathtub 0 0 -10 508.82 285.37 559.87 410.65 0.0012810
bathtub 0 0 -10 94.64 278.35 313.95 422.85 0.0012397
bookshelf 0 0 -10 6.91 120.98 69.12 194.89 0.0010726
table 0 0 -10 79.56 381.64 285.10 427.00 0.0010711
table 0 0 -10 1.15 228.81 81.85 427.00 0.0010585
bed 0 0 -10 506.87 279.08 559.06 423.68 0.0010443
bathtub 0 0 -10 328.22 328.32 561.00 427.00 0.0010356
chair 0 0 -10 24.63 263.79 476.19 427.00 0.0010227
night_stand 0 0 -10 506.07 290.89 561.00 427.00 0.0009953
bathtub 0 0 -10 198.84 311.74 327.92 423.27 0.0009553
bathtub 0 0 -10 158.49 353.87 540.26 427.00 0.0008141
toilet 0 0 -10 90.08 379.72 310.49 427.00 0.0007723
chair 0 0 -10 76.17 380.51 279.55 427.00 0.0007589
bathtub 0 0 -10 97.68 353.07 209.47 426.57 0.0007433
sofa 0 0 -10 507.20 286.40 558.39 419.76 0.0007218
desk 0 0 -10 388.02 246.43 559.79 372.46 0.0007112
bookshelf 0 0 -10 507.91 280.16 559.60 419.84 0.0007107
night_stand 0 0 -10 381.16 174.84 561.00 423.20 0.0006868
chair 0 0 -10 291.81 169.75 548.08 423.75 0.0006718
toilet 0 0 -10 55.17 334.85 355.99 427.00 0.0006427
bathtub 0 0 -10 79.79 261.57 212.42 426.35 0.0006343
toilet 0 0 -10 478.88 273.13 559.31 427.00 0.0006339
bathtub 0 0 -10 27.08 292.35 517.01 426.64 0.0006061
table 0 0 -10 389.65 246.51 556.27 374.08 0.0005972
table 0 0 -10 511.26 345.22 558.38 427.00 0.0005795
chair 0 0 -10 0.89 89.69 97.93 177.40 0.0005734
bathtub 0 0 -10 280.67 375.81 425.84 426.28 0.0005499
chair 0 0 -10 486.40 175.27 560.49 408.51 0.0005458
bed 0 0 -10 3.30 50.52 418.16 427.00 0.0005397
bathtub 0 0 -10 190.42 285.04 399.09 421.94 0.0005333
chair 0 0 -10 2.02 79.23 45.51 140.82 0.0005319
dresser 0 0 -10 397.54 272.73 550.89 425.25 0.0005313
bed 0 0 -10 391.62 197.71 558.60 427.00 0.0005124
sofa 0 0 -10 1.96 89.03 57.72 208.81 0.0005123
dresser 0 0 -10 47.99 149.85 536.77 424.61 0.0005040
bathtub 0 0 -10 144.10 356.09 347.50 423.33 0.0005022
table 0 0 -10 59.37 410.90 283.37 427.00 0.0004700
bathtub 0 0 -10 78.59 392.74 223.50 425.86 0.0004683
table 0 0 -10 23.18 355.26 357.70 427.00 0.0004527
chair 0 0 -10 476.44 284.97 559.99 375.93 0.0004527
toilet 0 0 -10 299.65 335.97 387.18 427.00 0.0004521
chair 0 0 -10 0.11 33.85 86.75 200.55 0.0004481
chair 0 0 -10 452.60 314.19 552.95 425.96 0.0004430
bed 0 0 -10 43.05 295.57 402.35 426.61 0.0004409
bed 0 0 -10 90.36 390.11 299.76 427.00 0.0004373
toilet 0 0 -10 302.44 167.85 561.00 427.00 0.0004309
table 0 0 -10 518.75 294.05 561.00 375.33 0.0004270
toilet 0 0 -10 215.79 290.11 400.65 426.95 0.0004265
toilet 0 0 -10 90.52 274.77 311.75 426.69 0.0004164
chair 0 0 -10 48.65 306.59 324.42 424.57 0.0004106
table 0 0 -10 78.34 398.36 235.84 427.00 0.0004089
desk 0 0 -10 132.59 224.34 560.71 425.85 0.0004078
table 0 0 -10 421.12 290.78 544.59 427.00 0.0003885
bathtub 0 0 -10 284.06 228.37 405.47 421.82 0.0003683
table 0 0 -10 22.70 246.69 451.55 427.00 0.0003509
desk 0 0 -10 419.54 290.24 552.20 427.00 0.0003431
sofa 0 0 -10 395.76 217.33 556.35 425.42 0.0003273
chair 0 0 -10 19.49 357.95 356.93 427.00 0.0003259
bathtub 0 0 -10 180.92 387.34 404.79 425.51 0.0003182
sofa 0 0 -10 90.61 389.20 296.13 427.00 0.0003103
bathtub 0 0 -10 365.37 368.58 537.12 427.00 0.0003044
chair 0 0 -10 1.38 75.20 113.06 141.66 0.0003024
bed 0 0 -10 0.00 87.10 59.02 213.62 0.0003000
table 0 0 -10 104.77 366.07 179.88 427.00 0.0002986
chair 0 0 -10 519.02 295.58 560.07 377.43 0.0002864
toilet 0 0 -10 197.41 308.49 325.23 425.09 0.0002825
toilet 0 0 -10 34.88 159.83 523.56 427.00 0.0002751
table 0 0 -10 63.07 297.98 338.01 426.48 0.0002740
chair 0 0 -10 184.07 271.27 413.41 422.74 0.0002726
dresser 0 0 -10 77.55 297.05 392.16 424.03 0.0002627
table 0 0 -10 0.01 88.80 58.44 209.38 0.0002592
bookshelf 0 0 -10 22.73 30.31 393.09 419.27 0.0002539
desk 0 0 -10 518.79 294.49 561.00 375.20 0.0002527
toilet 0 0 -10 76.36 255.66 208.24 427.00 0.0002483
chair 0 0 -10 77.10 247.50 209.46 426.22 0.0002446
bathtub 0 0 -10 421.06 310.03 545.74 427.00 0.0002433
