chair 0 0 -10 175.66 15.83 395.42 395.62 0.9964252
desk 0 0 -10 4.99 53.94 358.50 241.21 0.7276120
table 0 0 -10 10.79 63.60 337.79 223.24 0.4942145
table 0 0 -10 0.00 61.07 395.00 377.82 0.2809428
chair 0 0 -10 202.32 13.08 379.28 252.75 0.1390804
chair 0 0 -10 219.61 26.87 512.46 433.85 0.0735339
desk 0 0 -10 6.93 56.77 461.23 411.94 0.0626619
chair 0 0 -10 0.40 87.03 45.84 201.13 0.0318262
table 0 0 -10 317.70 56.77 588.02 441.00 0.0255234
table 0 0 -10 164.31 164.16 384.51 404.63 0.0245798
chair 0 0 -10 321.56 90.31 547.86 432.48 0.0240901
table 0 0 -10 0.00 86.10 44.22 225.21 0.0226449
chair 0 0 -10 55.75 32.44 375.73 239.56 0.0211932
chair 0 0 -10 253.03 7.48 375.51 169.42 0.0176673
chair 0 0 -10 187.49 140.04 347.81 415.07 0.0153263
desk 0 0 -10 3.13 60.58 377.43 107.45 0.0148267
chair 0 0 -10 323.83 291.11 523.02 438.78 0.0146968
table 0 0 -10 0.00 60.19 364.41 107.52 0.0138401
table 0 0 -10 185.67 184.80 318.24 244.84 0.0074523
chair 0 0 -10 204.97 119.92 316.95 298.34 0.0072512
table 0 0 -10 0.22 95.76 19.09 228.80 0.0067393
chair 0 0 -10 51.96 73.08 365.54 397.05 0.0060387
table 0 0 -10 20.52 205.61 366.67 436.92 0.0053501
chair 0 0 -10 107.27 156.67 428.91 439.35 0.0052311
desk 0 0 -10 166.00 151.76 381.89 403.39 0.0051114
table 0 0 -10 323.57 287.26 488.66 441.00 0.0045788
sofa 0 0 -10 46.11 48.05 462.10 401.30 0.0040484
desk 0 0 -10 311.07 33.36 578.24 439.73 0.0039650
sofa 0 0 -10 298.31 33.09 568.04 430.36 0.0039207
table 0 0 -10 0.00 116.33 42.60 160.17 0.0035978
chair 0 0 -10 0.67 78.42 28.94 237.53 0.0035588
table 0 0 -10 1.43 29.67 351.01 137.39 0.0034547
bathtub 0 0 -10 16.05 52.59 311.69 205.01 0.0030923
table 0 0 -10 0.00 108.15 27.50 177.32 0.0030864
desk 0 0 -10 6.24 33.87 357.08 135.95 0.0028786
table 0 0 -10 106.85 163.26 517.23 440.79 0.0026681
chair 0 0 -10 180.91 47.07 306.53 267.80 0.0022425
chair 0 0 -10 30.23 52.20 245.84 217.59 0.0021931
table 0 0 -10 282.59 39.27 317.81 70.82 0.0021456
chair 0 0 -10 253.99 8.43 338.48 114.37 0.0020824
chair 0 0 -10 285.54 19.00 387.64 267.47 0.0020523
table 0 0 -10 117.17 77.35 332.36 341.87 0.0019531
table 0 0 -10 2.86 75.05 90.42 218.94 0.0017586
chair 0 0 -10 0.00 69.59 62.46 246.34 0.0015975
table 0 0 -10 275.26 24.31 321.33 74.05 0.0015747
chair 0 0 -10 0.47 115.81 43.60 158.26 0.0015433
chair 0 0 -10 256.63 6.70 482.95 181.06 0.0014274
desk 0 0 -10 0.26 85.75 43.61 226.58 0.0013914
sofa 0 0 -10 13.94 57.34 321.73 211.89 0.0013842
chair 0 0 -10 0.84 93.65 44.24 322.41 0.0013827
desk 0 0 -10 83.48 18.46 372.69 346.86 0.0013811
table 0 0 -10 7.54 77.87 29.83 238.97 0.0013575
bathtub 0 0 -10 370.52 70.29 591.00 434.14 0.0013446
table 0 0 -10 182.72 175.80 321.77 345.32 0.0013186
chair 0 0 -10 29.42 253.62 354.27 441.00 0.0013049
bed 0 0 -10 11.49 49.86 322.03 214.56 0.0012323
table 0 0 -10 3.96 68.04 174.74 227.99 0.0012010
table 0 0 -10 237.84 247.06 513.49 440.48 0.0012009
chair 0 0 -10 3.71 54.89 16.68 201.63 0.0011759
bookshelf 0 0 -10 52.23 23.88 393.48 349.79 0.0011452
bed 0 0 -10 48.39 95.40 474.29 440.30 0.0011284
chair 0 0 -10 185.94 161.69 379.47 254.59 0.0010766
bed 0 0 -10 300.24 26.10 571.55 440.18 0.0010229
bed 0 0 -10 3.27 219.27 349.31 441.00 0.0010189
chair 0 0 -10 277.83 8.41 329.92 66.05 0.0010033
table 0 0 -10 413.18 269.15 575.97 441.00 0.0009703
table 0 0 -10 2.11 81.44 9.13 231.88 0.0009691
bookshelf 0 0 -10 20.57 46.50 316.54 214.28 0.0009306
dresser 0 0 -10 17.10 55.40 318.48 214.64 0.0009305
chair 0 0 -10 239.80 33.78 332.33 222.22 0.0009060
sofa 0 0 -10 171.05 107.79 386.51 399.83 0.0008894
chair 0 0 -10 0.51 101.87 22.91 168.10 0.0008672
bathtub 0 0 -10 20.91 23.68 353.44 337.87 0.0008548
toilet 0 0 -10 24.13 49.47 295.32 212.03 0.0008502
table 0 0 -10 170.95 32.87 536.81 400.68 0.0008361
table 0 0 -10 139.81 88.98 316.26 250.27 0.0007888
table 0 0 -10 6.64 66.15 20.31 260.83 0.0007399
chair 0 0 -10 158.82 18.30 306.97 162.18 0.0007218
toilet 0 0 -10 59.58 52.72 442.24 419.60 0.0007198
table 0 0 -10 442.90 82.78 586.94 441.00 0.0007035
chair 0 0 -10 309.26 8.78 471.12 346.51 0.0006803
night_stand 0 0 -10 17.73 53.50 314.85 215.61 0.0006776
chair 0 0 -10 235.21 71.22 413.40 196.42 0.0006771
chair 0 0 -10 0.00 3.08 23.99 190.57 0.0006382
chair 0 0 -10 3.54 62.73 9.66 233.45 0.0006310
table 0 0 -10 0.17 118.18 34.73 206.77 0.0006256
chair 0 0 -10 201.26 107.43 377.60 216.43 0.0006243
chair 0 0 -10 2.93 77.70 7.20 206.05 0.0006159
chair 0 0 -10 188.64 178.55 319.25 243.06 0.0006019
chair 0 0 -10 307.79 9.27 571.89 250.68 0.0005793
dresser 0 0 -10 54.46 53.87 442.93 407.83 0.0005751
chair 0 0 -10 181.83 57.48 256.39 226.42 0.0005704
table 0 0 -10 197.58 227.43 325.09 262.24 0.0005608
table 0 0 -10 0.00 71.42 55.54 348.81 0.0005593
chair 0 0 -10 311.00 2.14 539.85 141.97 0.0005549
bed 0 0 -10 19.18 17.78 359.10 329.58 0.0005479
chair 0 0 -10 412.48 129.86 584.56 437.24 0.0005346
table 0 0 -10 175.67 144.53 306.19 259.98 0.0005225
table 0 0 -10 412.33 59.35 462.36 440.99 0.0005196
desk 0 0 -10 0.05 56.49 196.20 217.68 0.0005113
