chair 0 0 -10 306.73 308.96 555.47 438.19 0.9725009
desk 0 0 -10 0.32 224.66 137.22 441.00 0.1339324
dresser 0 0 -10 104.57 4.72 463.98 402.70 0.0839133
desk 0 0 -10 69.52 204.08 514.67 439.62 0.0354356
dresser 0 0 -10 113.62 201.58 548.09 435.45 0.0310904
table 0 0 -10 0.67 231.75 135.64 441.00 0.0279718
chair 0 0 -10 0.00 314.19 39.20 441.00 0.0255424
bookshelf 0 0 -10 114.63 0.00 446.75 420.18 0.0181190
desk 0 0 -10 105.92 12.57 420.50 409.79 0.0170842
bathtub 0 0 -10 136.70 241.95 492.33 434.10 0.0145907
table 0 0 -10 135.19 222.14 482.37 437.43 0.0132372
bookshelf 0 0 -10 125.75 174.95 527.57 440.18 0.0131684
chair 0 0 -10 157.49 271.10 533.48 441.00 0.0129270
desk 0 0 -10 138.78 341.18 580.50 436.60 0.0127249
chair 0 0 -10 0.00 326.34 75.39 440.17 0.0126985
chair 0 0 -10 0.00 278.00 106.30 439.67 0.0106257
dresser 0 0 -10 0.73 250.17 151.17 434.60 0.0100264
chair 0 0 -10 0.00 331.64 31.52 408.46 0.0091305
table 0 0 -10 362.22 291.73 549.85 419.00 0.0084656
desk 0 0 -10 339.53 311.68 551.00 435.59 0.0081445
dresser 0 0 -10 0.27 142.37 194.31 427.04 0.0080749
sofa 0 0 -10 316.80 311.84 546.43 437.64 0.0079681
dresser 0 0 -10 9.48 19.78 290.32 428.43 0.0069758
toilet 0 0 -10 135.68 245.13 492.63 441.00 0.0068915
chair 0 0 -10 3.88 284.13 24.01 441.00 0.0062456
table 0 0 -10 0.00 233.31 136.80 318.45 0.0062303
table 0 0 -10 137.16 341.71 567.60 434.98 0.0058704
chair 0 0 -10 458.28 322.95 580.42 441.00 0.0050230
chair 0 0 -10 385.71 285.23 546.24 420.69 0.0050136
chair 0 0 -10 170.68 123.31 579.72 436.00 0.0046162
desk 0 0 -10 5.75 208.58 259.16 441.00 0.0044161
bathtub 0 0 -10 150.39 305.06 357.43 441.00 0.0041771
desk 0 0 -10 0.00 111.32 172.01 430.20 0.0041308
night_stand 0 0 -10 2.69 253.34 156.94 432.14 0.0039363
chair 0 0 -10 312.66 312.50 431.42 441.00 0.0038139
bathtub 0 0 -10 117.61 74.83 457.07 410.24 0.0037815
desk 0 0 -10 0.00 232.74 134.95 319.11 0.0036405
chair 0 0 -10 0.02 197.52 35.69 404.14 0.0032904
chair 0 0 -10 0.80 307.38 16.35 437.68 0.0026016
table 0 0 -10 124.16 74.98 396.24 441.00 0.0025487
bookshelf 0 0 -10 15.57 3.02 283.38 437.63 0.0024884
table 0 0 -10 137.07 285.77 375.69 440.93 0.0023683
dresser 0 0 -10 102.67 5.41 411.76 212.19 0.0023563
chair 0 0 -10 0.00 347.49 50.95 393.38 0.0022327
table 0 0 -10 318.80 324.98 574.69 440.36 0.0021384
table 0 0 -10 0.21 288.10 23.06 441.00 0.0021183
bed 0 0 -10 115.09 193.02 536.30 438.38 0.0020197
desk 0 0 -10 123.13 287.60 415.15 441.00 0.0018887
bookshelf 0 0 -10 182.54 278.98 562.38 440.31 0.0018581
desk 0 0 -10 1.05 225.30 74.46 417.47 0.0017450
table 0 0 -10 0.00 233.11 50.57 325.86 0.0017439
dresser 0 0 -10 111.49 116.18 420.49 341.96 0.0016972
table 0 0 -10 502.85 322.75 585.77 438.70 0.0016924
chair 0 0 -10 0.00 217.73 66.60 407.09 0.0016438
table 0 0 -10 300.97 411.87 579.85 440.88 0.0016214
chair 0 0 -10 0.00 221.78 44.39 323.99 0.0015300
dresser 0 0 -10 333.07 294.13 569.86 437.59 0.0014825
chair 0 0 -10 83.71 352.07 416.20 439.81 0.0014457
chair 0 0 -10 198.89 268.84 379.53 436.98 0.0014406
sofa 0 0 -10 131.46 297.70 583.28 441.00 0.0014373
table 0 0 -10 0.00 208.93 36.59 408.01 0.0014292
bookshelf 0 0 -10 332.15 308.75 542.59 434.69 0.0013826
toilet 0 0 -10 111.27 62.08 452.57 432.16 0.0013565
desk 0 0 -10 0.00 22.62 320.34 431.58 0.0013292
table 0 0 -10 2.64 227.03 92.22 378.01 0.0012916
bed 0 0 -10 329.41 307.59 552.44 441.00 0.0012522
night_stand 0 0 -10 130.24 212.35 533.62 429.23 0.0012394
chair 0 0 -10 3.68 307.59 258.51 440.48 0.0011209
chair 0 0 -10 489.90 236.31 591.00 430.41 0.0011188
bathtub 0 0 -10 100.52 1.72 408.47 132.48 0.0010537
table 0 0 -10 10.24 215.23 249.32 441.00 0.0010528
chair 0 0 -10 2.15 290.31 7.21 436.80 0.0009954
chair 0 0 -10 533.89 242.60 584.25 434.00 0.0009814
chair 0 0 -10 0.00 330.65 43.79 373.59 0.0009767
bookshelf 0 0 -10 2.65 27.90 161.59 429.54 0.0009733
desk 0 0 -10 114.41 138.22 415.12 345.83 0.0009380
table 0 0 -10 0.00 203.54 123.64 287.36 0.0009163
bathtub 0 0 -10 1.24 287.44 132.52 441.00 0.0008956
table 0 0 -10 0.00 117.77 109.26 377.91 0.0008801
toilet 0 0 -10 218.45 294.96 572.46 441.00 0.0008568
chair 0 0 -10 0.31 389.06 25.02 440.36 0.0008423
table 0 0 -10 1.44 266.31 74.30 439.91 0.0008109
bookshelf 0 0 -10 1.82 271.96 123.60 441.00 0.0008008
chair 0 0 -10 296.48 368.44 476.25 439.64 0.0008002
chair 0 0 -10 349.66 369.26 566.35 439.91 0.0007919
toilet 0 0 -10 153.02 302.95 352.29 440.49 0.0007683
chair 0 0 -10 2.98 304.51 9.88 431.69 0.0007641
table 0 0 -10 1.09 308.69 40.97 441.00 0.0007577
bathtub 0 0 -10 158.87 342.56 565.90 437.58 0.0007539
dresser 0 0 -10 122.85 289.02 419.01 441.00 0.0007074
toilet 0 0 -10 0.00 269.07 139.63 441.00 0.0006945
chair 0 0 -10 0.00 342.05 21.46 362.49 0.0006940
chair 0 0 -10 2.30 377.60 48.27 441.00 0.0006902
bookshelf 0 0 -10 0.00 58.52 134.61 280.84 0.0006581
chair 0 0 -10 95.45 92.28 406.01 431.48 0.0006553
desk 0 0 -10 2.15 316.78 89.28 425.91 0.0006525
dresser 0 0 -10 77.22 186.48 337.92 441.00 0.0006492
night_stand 0 0 -10 184.84 296.73 568.52 438.63 0.0006387
chair 0 0 -10 306.40 407.43 582.72 440.44 0.0005908
table 0 0 -10 0.66 226.33 68.66 286.31 0.0005868
