chair 0 0 -10 193.92 172.89 350.94 421.10 0.9107772
chair 0 0 -10 127.88 260.53 282.60 440.41 0.9030949
desk 0 0 -10 0.00 155.44 252.94 394.77 0.5411423
chair 0 0 -10 129.56 230.33 397.08 441.00 0.3924004
desk 0 0 -10 59.24 196.54 342.10 413.03 0.1152652
desk 0 0 -10 86.30 206.44 249.22 366.52 0.0494738
chair 0 0 -10 245.51 164.49 333.33 383.87 0.0461038
table 0 0 -10 29.33 194.66 335.91 428.36 0.0428457
table 0 0 -10 125.22 255.79 268.79 422.81 0.0318937
chair 0 0 -10 200.58 220.59 515.78 441.00 0.0294703
table 0 0 -10 89.15 208.05 248.50 365.43 0.0283451
dresser 0 0 -10 3.17 181.31 55.88 376.57 0.0246510
table 0 0 -10 7.32 157.92 245.89 385.44 0.0232243
chair 0 0 -10 117.10 172.26 317.72 388.07 0.0203241
dresser 0 0 -10 61.53 173.83 259.48 379.57 0.0176493
table 0 0 -10 98.98 96.48 221.51 160.37 0.0172104
chair 0 0 -10 246.69 214.74 360.44 440.20 0.0133656
chair 0 0 -10 312.96 247.86 579.24 441.00 0.0122795
night_stand 0 0 -10 96.58 93.00 228.36 167.51 0.0115319
desk 0 0 -10 104.05 258.09 262.29 410.46 0.0093926
desk 0 0 -10 0.00 183.69 63.77 371.35 0.0087002
table 0 0 -10 1.11 187.81 61.90 369.71 0.0086923
desk 0 0 -10 165.32 206.45 509.73 441.00 0.0085676
desk 0 0 -10 0.00 141.85 413.13 439.93 0.0085307
bookshelf 0 0 -10 92.27 183.73 256.67 417.68 0.0084433
dresser 0 0 -10 46.31 186.79 350.02 433.06 0.0083482
chair 0 0 -10 207.31 169.73 297.96 388.38 0.0081430
table 0 0 -10 188.55 237.53 334.67 441.00 0.0074398
table 0 0 -10 247.06 216.80 378.60 441.00 0.0057931
chair 0 0 -10 74.37 211.62 251.20 394.08 0.0055048
chair 0 0 -10 224.78 323.19 352.74 441.00 0.0050266
chair 0 0 -10 19.60 248.48 261.49 441.00 0.0044987
desk 0 0 -10 247.17 196.65 342.63 422.22 0.0043398
desk 0 0 -10 98.01 97.20 222.58 164.08 0.0041186
table 0 0 -10 171.22 209.20 495.32 439.83 0.0037764
table 0 0 -10 46.97 282.65 259.34 441.00 0.0037663
table 0 0 -10 324.06 208.59 574.82 438.27 0.0035404
chair 0 0 -10 176.14 195.10 339.32 301.98 0.0034589
desk 0 0 -10 6.24 185.76 38.51 397.77 0.0032482
chair 0 0 -10 1.04 188.70 85.69 359.24 0.0031982
desk 0 0 -10 2.66 172.37 111.07 404.03 0.0030980
sofa 0 0 -10 127.52 263.89 262.86 438.07 0.0030556
table 0 0 -10 258.23 188.72 343.57 397.73 0.0028404
desk 0 0 -10 4.60 251.75 260.86 438.02 0.0026774
chair 0 0 -10 265.73 161.29 296.98 382.18 0.0026161
desk 0 0 -10 169.57 163.68 328.77 396.04 0.0026066
dresser 0 0 -10 100.92 244.25 264.17 427.13 0.0024419
table 0 0 -10 7.16 192.32 38.15 398.87 0.0024018
chair 0 0 -10 293.37 209.14 385.76 434.89 0.0023745
table 0 0 -10 417.48 433.62 569.73 440.95 0.0023042
dresser 0 0 -10 8.12 136.40 19.85 386.15 0.0022905
desk 0 0 -10 33.88 99.99 239.99 179.63 0.0022443
bed 0 0 -10 326.63 220.94 579.51 440.01 0.0021992
night_stand 0 0 -10 3.56 190.45 57.31 370.71 0.0021406
chair 0 0 -10 245.49 297.77 424.98 441.00 0.0017535
bed 0 0 -10 424.26 422.16 586.48 441.00 0.0017263
table 0 0 -10 188.96 177.92 343.85 345.30 0.0017254
table 0 0 -10 412.71 416.59 583.47 438.11 0.0017207
chair 0 0 -10 413.75 398.90 587.76 441.00 0.0017000
table 0 0 -10 9.07 161.74 22.78 427.19 0.0016640
chair 0 0 -10 0.00 133.25 46.99 384.54 0.0016323
table 0 0 -10 34.95 100.63 236.77 177.29 0.0016264
dresser 0 0 -10 9.29 167.11 29.03 391.30 0.0015055
desk 0 0 -10 108.06 280.28 356.24 441.00 0.0014751
sofa 0 0 -10 186.02 213.38 341.20 437.81 0.0013947
chair 0 0 -10 216.13 254.05 391.37 370.88 0.0013155
bookshelf 0 0 -10 42.71 135.09 328.11 435.17 0.0012834
chair 0 0 -10 134.30 336.58 263.83 363.06 0.0012724
chair 0 0 -10 151.14 307.26 331.91 432.20 0.0012650
table 0 0 -10 133.45 331.78 259.36 358.90 0.0011951
chair 0 0 -10 329.02 222.88 424.00 433.13 0.0011721
table 0 0 -10 5.83 177.07 108.82 395.34 0.0011587
desk 0 0 -10 8.57 151.11 23.05 425.31 0.0010940
table 0 0 -10 400.80 427.54 590.14 441.00 0.0010818
bookshelf 0 0 -10 4.03 159.03 40.61 381.46 0.0010331
table 0 0 -10 391.29 401.50 573.88 441.00 0.0010324
dresser 0 0 -10 100.01 97.99 228.24 166.37 0.0009783
table 0 0 -10 298.13 236.47 411.97 441.00 0.0009782
chair 0 0 -10 0.00 71.83 39.37 258.95 0.0009273
desk 0 0 -10 207.39 236.63 327.57 432.83 0.0008880
sofa 0 0 -10 57.28 196.46 358.83 435.05 0.0008554
desk 0 0 -10 0.58 157.57 257.61 210.37 0.0008475
bed 0 0 -10 415.68 433.52 574.15 441.00 0.0008454
desk 0 0 -10 0.00 10.21 255.55 218.07 0.0008054
sofa 0 0 -10 247.98 177.46 342.38 416.57 0.0007783
table 0 0 -10 91.31 290.13 266.21 376.39 0.0007616
table 0 0 -10 4.18 250.50 181.72 432.12 0.0007259
table 0 0 -10 207.40 173.21 284.82 380.89 0.0007109
chair 0 0 -10 368.10 321.29 579.06 441.00 0.0006760
desk 0 0 -10 190.97 178.31 282.22 380.35 0.0006710
table 0 0 -10 144.17 302.07 310.79 402.74 0.0006610
desk 0 0 -10 0.00 54.15 307.73 348.93 0.0006397
dresser 0 0 -10 235.88 188.69 336.84 410.15 0.0006327
table 0 0 -10 8.30 148.66 246.57 186.69 0.0006246
chair 0 0 -10 97.52 91.17 220.64 160.12 0.0006081
dresser 0 0 -10 0.06 78.17 32.57 298.69 0.0006054
bookshelf 0 0 -10 236.10 181.53 336.53 410.43 0.0005867
night_stand 0 0 -10 234.15 192.30 338.95 411.12 0.0005717
bed 0 0 -10 43.58 168.47 349.57 440.33 0.0005625
sofa 0 0 -10 328.04 228.82 574.72 440.40 0.0005601
