chair 0 0 -10 32.00 164.90 244.16 434.75 0.9821745
chair 0 0 -10 204.47 124.54 321.34 281.86 0.9673387
chair 0 0 -10 330.42 67.07 402.47 191.22 0.9643604
chair 0 0 -10 175.93 107.39 257.49 196.41 0.9636181
table 0 0 -10 0.00 135.18 221.81 314.51 0.9393412
chair 0 0 -10 116.91 104.93 199.85 185.38 0.8617936
chair 0 0 -10 73.42 147.58 221.14 270.24 0.7337154
chair 0 0 -10 160.98 132.92 324.02 347.19 0.6901261
table 0 0 -10 0.00 145.47 150.95 414.09 0.6640841
chair 0 0 -10 1.36 225.27 110.44 428.03 0.5499591
chair 0 0 -10 84.69 103.89 183.77 199.45 0.5096879
chair 0 0 -10 107.32 125.82 205.38 237.67 0.3998146
chair 0 0 -10 187.71 111.95 295.51 222.02 0.3716345
table 0 0 -10 0.83 222.23 105.67 441.00 0.3336104
table 0 0 -10 0.00 183.55 128.71 340.28 0.3129901
chair 0 0 -10 0.00 119.16 54.86 227.09 0.3000191
table 0 0 -10 119.11 122.49 217.52 208.89 0.2383834
chair 0 0 -10 117.94 108.93 185.35 130.47 0.2063159
chair 0 0 -10 337.15 64.50 392.80 134.57 0.2033266
table 0 0 -10 72.29 127.47 219.41 268.52 0.1811810
chair 0 0 -10 0.00 122.78 42.09 314.07 0.1699104
chair 0 0 -10 10.30 117.93 140.61 282.56 0.1595426
chair 0 0 -10 99.72 119.73 265.84 260.69 0.1465691
chair 0 0 -10 141.28 111.59 230.99 216.79 0.1300094
chair 0 0 -10 1.26 188.74 101.24 348.13 0.1282852
table 0 0 -10 0.00 135.02 289.77 426.99 0.1231168
chair 0 0 -10 0.00 103.72 79.48 300.54 0.1186294
table 0 0 -10 31.43 115.26 212.17 213.26 0.1058153
chair 0 0 -10 67.60 132.23 292.37 330.33 0.1006163
chair 0 0 -10 108.01 106.11 188.59 154.22 0.0779113
chair 0 0 -10 221.75 104.85 258.75 198.68 0.0674467
chair 0 0 -10 170.94 106.14 188.08 164.12 0.0650447
desk 0 0 -10 0.00 129.08 236.55 371.84 0.0614833
chair 0 0 -10 35.88 104.24 188.70 254.46 0.0561070
desk 0 0 -10 1.01 214.88 103.21 441.00 0.0535783
chair 0 0 -10 99.95 98.38 293.20 190.08 0.0451453
table 0 0 -10 0.00 126.71 81.29 335.31 0.0440112
chair 0 0 -10 0.41 132.62 41.32 160.99 0.0435576
chair 0 0 -10 49.45 217.61 233.34 273.14 0.0430472
chair 0 0 -10 0.49 125.50 42.89 186.59 0.0428464
chair 0 0 -10 14.18 199.53 196.50 363.71 0.0418110
chair 0 0 -10 195.64 116.17 236.32 160.74 0.0383529
chair 0 0 -10 19.96 168.82 172.31 308.40 0.0370380
table 0 0 -10 0.78 124.16 150.73 237.28 0.0368649
chair 0 0 -10 232.76 106.77 320.04 197.99 0.0330693
chair 0 0 -10 0.00 115.67 106.54 213.30 0.0323975
chair 0 0 -10 202.01 104.79 284.12 181.42 0.0312543
chair 0 0 -10 234.14 106.41 250.91 192.59 0.0305913
desk 0 0 -10 2.29 182.16 183.36 437.07 0.0304374
chair 0 0 -10 52.61 105.02 143.77 215.01 0.0294883
desk 0 0 -10 121.92 122.15 214.51 210.45 0.0271561
desk 0 0 -10 0.14 141.74 159.35 321.75 0.0267538
chair 0 0 -10 0.00 121.26 22.72 266.76 0.0264987
table 0 0 -10 0.00 147.91 32.90 372.92 0.0254796
desk 0 0 -10 60.28 126.88 213.77 267.00 0.0249503
table 0 0 -10 148.91 117.69 241.92 194.85 0.0241050
chair 0 0 -10 164.94 113.66 237.22 173.63 0.0228407
chair 0 0 -10 139.07 138.81 249.27 379.62 0.0210389
chair 0 0 -10 294.45 88.03 346.84 189.18 0.0189609
chair 0 0 -10 0.00 126.34 84.17 186.43 0.0173811
chair 0 0 -10 371.55 67.95 405.73 183.29 0.0159521
table 0 0 -10 116.29 134.20 309.71 341.61 0.0153592
table 0 0 -10 0.98 124.77 13.93 379.02 0.0136551
chair 0 0 -10 205.66 115.01 225.54 166.35 0.0134947
chair 0 0 -10 239.45 109.61 257.30 194.34 0.0128888
table 0 0 -10 92.29 105.60 204.20 175.91 0.0116985
chair 0 0 -10 326.78 79.62 383.01 152.07 0.0104801
chair 0 0 -10 0.19 118.21 12.96 327.59 0.0103267
chair 0 0 -10 337.17 78.23 386.35 115.62 0.0099940
chair 0 0 -10 0.00 131.69 21.43 162.05 0.0094315
chair 0 0 -10 302.51 83.32 383.29 183.48 0.0093742
table 0 0 -10 305.37 85.06 367.12 127.29 0.0089975
chair 0 0 -10 1.48 79.37 160.22 213.93 0.0085677
desk 0 0 -10 18.18 159.44 344.93 440.82 0.0083588
chair 0 0 -10 92.02 130.72 380.19 424.93 0.0082520
table 0 0 -10 386.63 95.12 591.00 441.00 0.0074946
chair 0 0 -10 132.47 104.26 216.32 152.47 0.0070528
chair 0 0 -10 2.07 114.35 10.55 249.93 0.0069099
table 0 0 -10 0.00 133.17 62.75 229.65 0.0065770
chair 0 0 -10 96.39 164.04 190.78 245.68 0.0063566
desk 0 0 -10 58.66 140.68 309.87 333.88 0.0058483
table 0 0 -10 313.45 71.51 390.05 182.69 0.0055505
chair 0 0 -10 221.32 111.48 241.58 191.26 0.0054949
chair 0 0 -10 3.63 119.20 8.40 218.07 0.0054061
table 0 0 -10 171.00 115.91 239.27 170.40 0.0052641
chair 0 0 -10 163.81 106.78 190.92 136.03 0.0052424
table 0 0 -10 115.21 110.03 194.77 156.32 0.0051012
chair 0 0 -10 295.90 75.31 429.93 201.92 0.0049791
table 0 0 -10 117.95 110.44 184.25 129.94 0.0047065
chair 0 0 -10 1.07 85.09 8.69 295.65 0.0043459
chair 0 0 -10 292.67 88.45 340.47 142.51 0.0042917
table 0 0 -10 128.65 118.09 237.94 291.73 0.0041467
chair 0 0 -10 194.92 81.02 352.80 198.76 0.0040194
table 0 0 -10 0.27 136.82 48.26 293.80 0.0038608
sofa 0 0 -10 1.01 222.77 125.54 441.00 0.0032831
chair 0 0 -10 140.29 149.12 313.43 251.65 0.0031970
table 0 0 -10 0.82 132.64 103.37 185.17 0.0031177
chair 0 0 -10 324.41 84.34 365.67 188.11 0.0030551
chair 0 0 -10 0.00 115.87 4.33 294.99 0.0029851
chair 0 0 -10 3.74 120.41 14.48 214.79 0.0027874
