chair 0 0 -10 263.29 228.15 431.25 431.12 0.9929436
chair 0 0 -10 276.85 197.90 387.32 316.22 0.9769905
chair 0 0 -10 36.62 296.44 236.42 437.57 0.9606555
table 0 0 -10 0.36 201.94 243.08 430.69 0.8804814
chair 0 0 -10 166.02 173.84 227.92 250.58 0.8301573
chair 0 0 -10 8.55 195.94 107.91 315.31 0.8229093
chair 0 0 -10 215.20 192.84 276.53 281.31 0.8125272
chair 0 0 -10 53.25 182.16 134.58 287.92 0.7256020
chair 0 0 -10 132.17 244.63 238.51 368.12 0.6285425
chair 0 0 -10 14.60 199.37 107.34 241.26 0.5014314
chair 0 0 -10 19.38 185.20 122.17 260.40 0.4888117
chair 0 0 -10 173.62 230.70 274.67 317.06 0.4743710
chair 0 0 -10 171.03 175.43 224.17 195.77 0.4468115
chair 0 0 -10 94.13 257.21 229.35 416.34 0.4189217
chair 0 0 -10 233.48 188.50 272.56 259.75 0.2903754
chair 0 0 -10 180.52 213.24 264.57 291.18 0.2690996
chair 0 0 -10 216.77 187.54 261.96 247.95 0.2599382
chair 0 0 -10 70.86 174.63 153.58 258.20 0.2414740
chair 0 0 -10 0.00 194.79 61.88 296.73 0.2174567
chair 0 0 -10 168.10 173.73 231.67 208.36 0.1873570
chair 0 0 -10 55.55 177.31 124.11 234.44 0.1699859
desk 0 0 -10 0.00 206.15 249.40 432.45 0.1652112
chair 0 0 -10 197.67 186.73 283.59 313.12 0.1640038
chair 0 0 -10 9.37 229.71 165.16 409.83 0.1347678
chair 0 0 -10 26.40 172.84 152.52 312.15 0.1273125
chair 0 0 -10 0.66 201.41 67.35 254.78 0.1223954
chair 0 0 -10 228.11 206.77 264.89 254.53 0.0896081
chair 0 0 -10 185.68 175.35 259.30 249.50 0.0841723
chair 0 0 -10 229.31 178.62 267.59 232.16 0.0818523
table 0 0 -10 96.98 205.55 241.08 375.23 0.0772003
desk 0 0 -10 166.13 198.30 254.41 297.81 0.0754724
chair 0 0 -10 232.97 185.99 254.23 243.04 0.0724808
table 0 0 -10 162.86 189.76 246.86 283.83 0.0672525
table 0 0 -10 47.87 192.19 248.76 291.72 0.0658171
chair 0 0 -10 18.29 197.12 84.38 281.01 0.0603211
chair 0 0 -10 250.05 192.56 270.97 261.32 0.0593101
chair 0 0 -10 76.39 188.80 159.75 302.59 0.0562930
chair 0 0 -10 0.07 199.00 43.33 352.21 0.0537103
chair 0 0 -10 201.90 198.59 359.08 315.76 0.0497984
chair 0 0 -10 58.74 186.67 115.54 221.08 0.0470549
chair 0 0 -10 136.33 215.10 271.10 341.25 0.0455204
chair 0 0 -10 149.12 171.64 206.54 258.42 0.0424521
chair 0 0 -10 0.00 223.19 38.74 245.48 0.0395513
chair 0 0 -10 149.97 182.41 273.23 287.31 0.0392071
desk 0 0 -10 99.44 201.72 249.91 310.44 0.0390899
chair 0 0 -10 48.01 201.63 179.05 348.02 0.0374674
chair 0 0 -10 225.46 220.27 263.93 271.67 0.0371633
chair 0 0 -10 236.91 195.78 265.90 242.29 0.0364521
table 0 0 -10 144.38 200.00 260.70 316.91 0.0335498
desk 0 0 -10 204.44 195.74 262.35 277.44 0.0332399
table 0 0 -10 201.20 195.39 263.74 276.34 0.0294549
table 0 0 -10 0.00 214.83 167.00 373.78 0.0284917
chair 0 0 -10 0.24 221.09 16.21 252.06 0.0275409
desk 0 0 -10 136.22 192.08 239.16 277.61 0.0258951
chair 0 0 -10 80.91 180.15 209.32 285.11 0.0254825
desk 0 0 -10 223.81 201.75 255.11 252.68 0.0251926
chair 0 0 -10 15.93 203.17 73.00 235.23 0.0249075
chair 0 0 -10 2.90 200.35 8.14 295.52 0.0235625
chair 0 0 -10 245.25 188.87 285.55 282.88 0.0229009
chair 0 0 -10 0.68 201.44 18.82 300.17 0.0228299
desk 0 0 -10 2.53 218.42 158.78 374.50 0.0217264
chair 0 0 -10 0.00 209.71 35.90 268.06 0.0211483
chair 0 0 -10 174.30 171.07 245.88 227.17 0.0207590
chair 0 0 -10 258.99 200.85 275.68 274.56 0.0190905
desk 0 0 -10 131.32 215.69 251.56 362.20 0.0186096
chair 0 0 -10 103.81 233.88 230.85 330.07 0.0185161
chair 0 0 -10 227.94 187.95 250.27 224.11 0.0182622
table 0 0 -10 20.65 202.16 179.38 306.19 0.0165032
chair 0 0 -10 85.41 279.85 405.84 441.00 0.0152622
desk 0 0 -10 20.24 195.37 209.52 319.92 0.0148379
chair 0 0 -10 130.42 165.92 286.91 254.24 0.0134741
chair 0 0 -10 0.00 167.56 64.36 390.56 0.0133186
desk 0 0 -10 21.42 262.06 218.20 400.66 0.0127536
table 0 0 -10 222.23 202.18 255.87 251.81 0.0121639
table 0 0 -10 0.00 225.40 37.28 245.06 0.0118667
chair 0 0 -10 0.00 188.23 3.23 314.96 0.0117048
chair 0 0 -10 239.44 183.46 259.90 229.68 0.0113671
chair 0 0 -10 250.71 177.56 276.74 243.89 0.0113341
chair 0 0 -10 0.00 222.11 8.63 249.29 0.0113319
table 0 0 -10 111.46 183.84 239.33 251.81 0.0112908
chair 0 0 -10 124.01 177.85 195.12 269.14 0.0109876
chair 0 0 -10 219.48 210.00 253.60 250.43 0.0109143
table 0 0 -10 2.43 294.89 206.66 439.38 0.0103399
table 0 0 -10 159.67 174.22 226.97 203.66 0.0102955
chair 0 0 -10 266.08 208.58 280.10 274.82 0.0101456
chair 0 0 -10 247.46 184.84 265.02 237.78 0.0096433
desk 0 0 -10 46.79 185.54 250.35 279.88 0.0096101
chair 0 0 -10 1.18 187.94 7.06 320.49 0.0095865
table 0 0 -10 44.60 254.87 213.88 396.00 0.0093942
desk 0 0 -10 225.74 197.32 273.20 284.51 0.0089649
desk 0 0 -10 232.17 190.16 254.32 242.85 0.0084748
chair 0 0 -10 89.15 166.81 177.79 246.49 0.0084734
table 0 0 -10 25.21 186.60 132.59 244.59 0.0083012
chair 0 0 -10 236.11 194.14 315.31 304.36 0.0080052
table 0 0 -10 175.05 225.45 241.18 293.67 0.0076547
table 0 0 -10 256.84 225.98 380.82 322.15 0.0073712
desk 0 0 -10 190.61 216.07 267.51 321.60 0.0073504
chair 0 0 -10 208.40 173.02 227.93 225.65 0.0072874
table 0 0 -10 231.27 190.62 254.87 242.15 0.0072445
table 0 0 -10 259.69 232.41 409.98 380.27 0.0072223
