chair 0 0 -10 3.81 297.92 193.31 439.24 0.9344748
table 0 0 -10 72.45 273.14 228.62 378.18 0.7519469
table 0 0 -10 4.66 277.60 228.66 416.99 0.5562190
desk 0 0 -10 2.94 273.23 221.71 427.76 0.4360636
desk 0 0 -10 78.67 266.48 227.75 377.39 0.3013595
table 0 0 -10 127.10 252.50 233.37 306.62 0.2328725
desk 0 0 -10 127.77 252.36 232.86 351.08 0.1861998
desk 0 0 -10 129.37 253.90 231.53 301.81 0.1146111
chair 0 0 -10 76.84 275.82 205.16 388.83 0.0783122
chair 0 0 -10 0.87 306.47 96.57 441.00 0.0570537
chair 0 0 -10 1.22 347.23 33.70 441.00 0.0435052
chair 0 0 -10 4.60 337.72 19.44 440.62 0.0358703
desk 0 0 -10 88.22 267.62 232.96 308.99 0.0310097
table 0 0 -10 77.75 272.86 235.87 317.86 0.0307551
table 0 0 -10 128.23 263.40 228.22 282.34 0.0293952
table 0 0 -10 126.78 262.64 238.72 344.13 0.0291117
desk 0 0 -10 127.39 236.68 233.88 277.67 0.0189433
desk 0 0 -10 129.42 262.84 226.17 282.74 0.0187738
table 0 0 -10 130.26 251.01 227.31 275.51 0.0185981
table 0 0 -10 19.27 251.30 233.91 341.56 0.0178040
chair 0 0 -10 102.84 258.95 205.33 353.82 0.0174685
chair 0 0 -10 4.93 269.10 119.96 388.26 0.0162184
desk 0 0 -10 19.31 250.83 231.11 340.66 0.0148159
chair 0 0 -10 26.83 241.08 184.69 388.76 0.0130747
chair 0 0 -10 7.59 332.56 15.36 437.38 0.0128928
table 0 0 -10 5.94 285.23 188.65 366.21 0.0124708
bed 0 0 -10 1.07 253.83 222.17 435.61 0.0095700
table 0 0 -10 0.00 303.98 25.16 435.03 0.0094487
chair 0 0 -10 134.75 221.58 215.10 321.50 0.0092388
desk 0 0 -10 131.71 253.60 232.89 272.38 0.0079863
table 0 0 -10 172.61 283.83 226.33 374.37 0.0070631
sofa 0 0 -10 0.26 293.70 207.14 440.26 0.0068978
table 0 0 -10 0.00 294.38 54.34 433.80 0.0056115
night_stand 0 0 -10 0.00 263.52 225.62 435.30 0.0055158
chair 0 0 -10 4.25 300.97 41.77 421.03 0.0053492
chair 0 0 -10 0.00 205.33 134.30 306.22 0.0051617
dresser 0 0 -10 0.00 253.62 223.15 434.35 0.0051118
desk 0 0 -10 4.24 205.40 183.52 286.04 0.0049212
chair 0 0 -10 159.00 232.52 238.90 314.10 0.0048848
desk 0 0 -10 56.18 236.02 237.97 310.95 0.0048240
chair 0 0 -10 8.97 269.80 143.92 337.34 0.0047475
table 0 0 -10 11.40 205.75 136.46 276.21 0.0046376
desk 0 0 -10 150.33 236.85 235.89 320.12 0.0044570
desk 0 0 -10 8.80 285.11 181.80 367.22 0.0043478
chair 0 0 -10 135.43 248.78 207.22 297.55 0.0040249
chair 0 0 -10 9.33 353.21 21.29 436.26 0.0039222
dresser 0 0 -10 19.78 202.43 142.24 281.33 0.0039081
chair 0 0 -10 1.05 206.84 73.97 330.05 0.0037163
table 0 0 -10 0.13 361.72 23.30 441.00 0.0037106
chair 0 0 -10 120.49 211.60 199.13 298.24 0.0037008
chair 0 0 -10 1.24 350.79 13.24 441.00 0.0036021
table 0 0 -10 5.19 269.05 189.36 326.23 0.0032617
table 0 0 -10 1.95 285.46 102.46 437.13 0.0032443
chair 0 0 -10 0.55 238.39 29.85 431.42 0.0032316
chair 0 0 -10 202.71 226.22 240.35 303.83 0.0032282
desk 0 0 -10 111.44 192.94 238.73 347.65 0.0031575
chair 0 0 -10 37.89 212.98 180.53 335.65 0.0030180
chair 0 0 -10 0.26 225.58 77.47 411.18 0.0029277
chair 0 0 -10 79.40 219.76 215.33 364.00 0.0028008
table 0 0 -10 2.20 314.31 15.70 434.56 0.0027794
table 0 0 -10 149.94 244.43 236.93 270.70 0.0027547
chair 0 0 -10 1.82 341.74 71.32 434.18 0.0027332
table 0 0 -10 166.41 243.00 236.64 324.42 0.0025159
bed 0 0 -10 245.40 96.24 587.19 433.81 0.0024851
chair 0 0 -10 129.12 210.35 192.26 263.81 0.0024181
table 0 0 -10 59.22 239.28 238.75 311.85 0.0023980
chair 0 0 -10 137.76 263.90 219.51 388.00 0.0023611
desk 0 0 -10 123.87 203.52 223.73 267.27 0.0023576
desk 0 0 -10 0.75 284.35 41.89 432.20 0.0019738
table 0 0 -10 162.94 239.21 231.04 286.95 0.0019337
desk 0 0 -10 0.19 246.70 142.44 395.95 0.0018459
table 0 0 -10 7.62 322.76 14.94 433.04 0.0018328
table 0 0 -10 0.95 249.90 146.58 395.21 0.0018266
chair 0 0 -10 0.00 284.88 105.26 353.87 0.0017963
chair 0 0 -10 139.79 258.75 244.50 341.82 0.0017281
table 0 0 -10 7.00 356.64 18.52 441.00 0.0016675
chair 0 0 -10 0.25 268.61 75.86 338.30 0.0016277
chair 0 0 -10 108.66 198.76 177.96 253.96 0.0015924
chair 0 0 -10 2.18 346.87 8.38 439.56 0.0015823
chair 0 0 -10 187.12 215.09 225.84 286.11 0.0015426
table 0 0 -10 6.02 322.27 12.07 434.89 0.0015203
table 0 0 -10 0.00 340.40 36.47 402.04 0.0015188
desk 0 0 -10 164.71 259.16 229.56 380.32 0.0014508
chair 0 0 -10 0.00 197.43 42.08 347.51 0.0013768
table 0 0 -10 134.32 211.59 228.95 280.26 0.0013745
table 0 0 -10 0.00 282.86 124.34 341.86 0.0013672
chair 0 0 -10 78.55 234.83 191.29 319.66 0.0013588
table 0 0 -10 3.07 324.78 177.22 441.00 0.0013582
bed 0 0 -10 65.55 264.40 220.62 389.25 0.0013255
chair 0 0 -10 0.69 261.36 44.45 381.13 0.0012843
night_stand 0 0 -10 69.31 275.50 220.06 386.42 0.0012674
table 0 0 -10 145.55 272.36 227.33 393.16 0.0012436
chair 0 0 -10 198.06 257.84 239.81 322.60 0.0011996
table 0 0 -10 113.13 200.10 237.26 350.20 0.0011951
desk 0 0 -10 146.07 242.88 232.36 268.06 0.0011945
desk 0 0 -10 1.80 286.73 99.57 437.66 0.0011703
table 0 0 -10 187.46 245.84 235.61 262.98 0.0011628
desk 0 0 -10 183.52 239.07 235.87 291.15 0.0011403
chair 0 0 -10 189.87 247.60 238.98 293.89 0.0011382
desk 0 0 -10 38.85 183.30 231.26 298.07 0.0011277
