desk 0 0 -10 115.29 244.86 576.96 441.00 0.7809740
table 0 0 -10 126.46 249.80 587.25 437.63 0.5016907
table 0 0 -10 6.27 250.61 144.34 440.16 0.2316235
chair 0 0 -10 204.11 208.26 322.85 300.60 0.1106878
desk 0 0 -10 5.45 245.75 127.45 440.56 0.0508912
table 0 0 -10 3.58 289.02 107.06 415.43 0.0351705
chair 0 0 -10 34.27 257.54 296.94 441.00 0.0342162
desk 0 0 -10 70.63 112.16 591.00 422.43 0.0287234
night_stand 0 0 -10 0.72 251.32 150.16 432.19 0.0284499
chair 0 0 -10 301.92 243.65 560.87 432.93 0.0260676
sofa 0 0 -10 1.78 9.86 202.16 110.17 0.0227537
chair 0 0 -10 79.34 250.57 209.60 432.85 0.0175933
desk 0 0 -10 177.56 238.94 587.68 350.78 0.0171691
dresser 0 0 -10 10.39 247.27 114.96 438.74 0.0163835
chair 0 0 -10 131.87 274.51 406.80 437.68 0.0159552
table 0 0 -10 3.99 27.61 202.87 111.14 0.0144459
chair 0 0 -10 207.22 208.76 290.14 265.12 0.0125209
table 0 0 -10 176.27 239.61 586.05 346.34 0.0101520
desk 0 0 -10 95.79 246.69 239.14 429.01 0.0090033
bed 0 0 -10 0.00 4.09 212.14 141.01 0.0080466
dresser 0 0 -10 94.55 226.20 576.36 441.00 0.0080354
bed 0 0 -10 103.30 217.51 568.95 441.00 0.0066551
night_stand 0 0 -10 92.85 261.20 191.43 431.39 0.0064346
table 0 0 -10 55.06 255.98 187.14 432.91 0.0063973
night_stand 0 0 -10 101.02 223.81 573.40 440.01 0.0056775
bookshelf 0 0 -10 106.54 192.34 566.68 439.77 0.0056681
table 0 0 -10 96.10 245.81 241.90 425.84 0.0054971
dresser 0 0 -10 35.44 242.43 190.00 423.30 0.0051646
table 0 0 -10 121.81 85.01 591.00 415.25 0.0047838
chair 0 0 -10 110.74 211.81 525.84 438.83 0.0047449
bathtub 0 0 -10 101.26 208.84 585.47 416.57 0.0044563
bed 0 0 -10 2.60 242.11 111.37 441.00 0.0037744
bed 0 0 -10 0.00 3.61 591.00 208.56 0.0037417
desk 0 0 -10 45.19 237.22 200.13 414.83 0.0035220
sofa 0 0 -10 195.64 246.22 582.82 438.86 0.0031784
dresser 0 0 -10 91.93 249.51 227.39 429.60 0.0027694
table 0 0 -10 12.16 4.16 210.41 164.05 0.0027154
chair 0 0 -10 193.78 194.97 383.39 337.36 0.0024369
table 0 0 -10 12.16 337.46 104.62 365.48 0.0024118
toilet 0 0 -10 93.26 211.88 546.95 440.95 0.0023611
table 0 0 -10 1.82 322.10 98.31 358.99 0.0019761
bookshelf 0 0 -10 91.23 0.00 571.14 399.79 0.0019729
chair 0 0 -10 39.98 251.27 158.95 437.23 0.0018335
table 0 0 -10 2.26 280.26 49.99 433.85 0.0017483
chair 0 0 -10 222.86 55.08 579.95 409.83 0.0017230
table 0 0 -10 214.17 243.36 591.00 279.72 0.0016585
desk 0 0 -10 214.39 245.83 591.00 282.54 0.0015889
bathtub 0 0 -10 25.43 0.00 591.00 188.42 0.0015617
desk 0 0 -10 178.63 205.65 573.56 312.78 0.0014727
chair 0 0 -10 186.83 311.62 553.40 430.26 0.0013720
bathtub 0 0 -10 88.31 59.29 591.00 391.25 0.0013589
night_stand 0 0 -10 1.64 273.68 79.39 430.74 0.0013410
desk 0 0 -10 115.64 239.56 351.33 427.26 0.0013255
table 0 0 -10 21.38 23.57 583.52 289.98 0.0012739
table 0 0 -10 256.24 211.77 533.15 424.71 0.0011667
chair 0 0 -10 460.52 49.35 587.73 358.06 0.0010668
chair 0 0 -10 542.55 3.89 590.83 371.86 0.0010662
chair 0 0 -10 3.86 281.26 91.03 436.37 0.0010500
table 0 0 -10 7.11 349.68 100.49 379.30 0.0009934
night_stand 0 0 -10 38.64 262.33 253.63 433.98 0.0009593
chair 0 0 -10 419.19 161.88 590.12 414.36 0.0009157
chair 0 0 -10 0.98 3.70 186.12 139.58 0.0008995
chair 0 0 -10 195.22 206.03 275.99 325.60 0.0008937
table 0 0 -10 178.21 206.69 572.27 310.52 0.0008759
table 0 0 -10 6.99 302.25 64.71 375.03 0.0008504
desk 0 0 -10 5.35 245.27 184.25 341.73 0.0008140
bookshelf 0 0 -10 5.54 174.43 108.46 432.11 0.0007911
sofa 0 0 -10 10.95 3.47 262.37 174.77 0.0007734
sofa 0 0 -10 34.57 21.67 575.56 280.27 0.0007522
dresser 0 0 -10 84.82 42.98 591.00 414.06 0.0007500
bed 0 0 -10 62.09 0.00 580.70 403.22 0.0007403
desk 0 0 -10 0.00 301.53 109.93 397.60 0.0007382
desk 0 0 -10 13.72 20.55 591.00 293.42 0.0007255
chair 0 0 -10 547.68 2.69 591.00 181.45 0.0006694
chair 0 0 -10 0.00 210.59 113.71 421.93 0.0006627
bathtub 0 0 -10 0.05 250.37 148.19 436.89 0.0006494
dresser 0 0 -10 106.94 251.06 330.19 438.51 0.0006302
dresser 0 0 -10 0.00 9.89 214.21 376.27 0.0005735
table 0 0 -10 232.85 228.98 591.00 264.98 0.0005617
sofa 0 0 -10 121.90 101.05 572.45 414.73 0.0005588
chair 0 0 -10 207.40 215.49 380.81 268.57 0.0005572
bathtub 0 0 -10 243.45 266.74 590.76 427.66 0.0005464
table 0 0 -10 3.33 52.95 167.09 195.83 0.0005275
bathtub 0 0 -10 317.57 0.00 591.00 103.07 0.0004961
table 0 0 -10 87.55 291.89 147.04 374.49 0.0004808
table 0 0 -10 539.73 76.00 590.12 421.80 0.0004741
table 0 0 -10 108.30 263.77 157.99 385.34 0.0004733
table 0 0 -10 65.77 324.08 155.21 360.47 0.0004697
dresser 0 0 -10 0.37 128.15 125.47 406.94 0.0004626
table 0 0 -10 1.72 301.46 211.61 419.61 0.0004616
bed 0 0 -10 38.96 1.12 307.56 185.57 0.0004503
desk 0 0 -10 2.43 26.08 208.69 114.43 0.0004461
bed 0 0 -10 0.37 285.67 64.27 438.19 0.0004393
chair 0 0 -10 381.52 0.00 590.23 109.45 0.0004228
bookshelf 0 0 -10 290.90 227.74 591.00 431.52 0.0004201
chair 0 0 -10 538.93 0.00 591.00 49.75 0.0004035
bed 0 0 -10 174.81 2.91 588.03 119.90 0.0003927
table 0 0 -10 164.66 154.97 590.18 273.40 0.0003907
bed 0 0 -10 89.40 243.42 233.28 434.39 0.0003891
desk 0 0 -10 242.21 195.35 520.70 428.59 0.0003771
