chair 0 0 -10 396.34 319.25 532.15 439.30 0.9940983
table 0 0 -10 1.39 361.89 181.36 441.00 0.8905398
chair 0 0 -10 445.40 320.51 587.29 439.38 0.8756272
chair 0 0 -10 527.99 284.03 590.61 374.42 0.8326992
chair 0 0 -10 432.24 280.59 501.93 353.69 0.8151203
chair 0 0 -10 472.91 368.79 590.94 439.09 0.8101620
chair 0 0 -10 22.66 288.39 99.20 370.09 0.8001109
desk 0 0 -10 93.08 288.74 228.49 436.36 0.6487470
chair 0 0 -10 363.94 275.39 419.27 343.19 0.5629848
desk 0 0 -10 7.87 331.86 192.89 439.82 0.4973684
desk 0 0 -10 352.85 267.34 503.01 342.49 0.2982296
chair 0 0 -10 502.94 306.09 590.51 410.16 0.2342805
chair 0 0 -10 428.45 282.90 530.69 379.33 0.1857350
table 0 0 -10 42.03 307.55 227.43 440.85 0.1730019
desk 0 0 -10 41.78 293.61 118.66 364.18 0.1539115
table 0 0 -10 363.51 339.43 449.95 375.91 0.1364743
desk 0 0 -10 44.46 284.02 169.97 374.59 0.1221719
table 0 0 -10 455.56 378.86 591.00 441.00 0.1159453
chair 0 0 -10 1.98 280.29 108.06 404.36 0.1158678
chair 0 0 -10 450.66 271.34 514.88 330.42 0.1121560
table 0 0 -10 363.58 334.47 490.04 439.47 0.0789168
chair 0 0 -10 540.26 291.02 585.39 334.91 0.0742398
desk 0 0 -10 358.69 275.89 419.99 338.13 0.0654063
table 0 0 -10 42.31 294.91 120.92 361.27 0.0595381
chair 0 0 -10 7.12 319.36 159.45 436.32 0.0566741
dresser 0 0 -10 92.26 287.56 227.94 441.00 0.0548341
bookshelf 0 0 -10 365.62 162.97 508.32 285.67 0.0474531
bookshelf 0 0 -10 355.58 232.24 419.48 340.71 0.0425202
chair 0 0 -10 403.01 393.31 589.80 440.69 0.0407411
table 0 0 -10 365.28 338.63 449.62 355.72 0.0341019
desk 0 0 -10 45.06 283.66 208.55 333.71 0.0325030
chair 0 0 -10 436.99 315.32 555.74 393.83 0.0297435
table 0 0 -10 0.19 286.36 141.29 436.01 0.0290921
table 0 0 -10 354.75 270.25 502.30 340.45 0.0269566
chair 0 0 -10 434.41 284.43 491.69 327.43 0.0261276
chair 0 0 -10 414.23 246.16 517.73 421.11 0.0243395
table 0 0 -10 3.45 311.52 115.21 384.28 0.0237895
chair 0 0 -10 38.57 371.36 180.90 439.89 0.0191948
desk 0 0 -10 358.46 251.85 442.35 343.61 0.0187976
chair 0 0 -10 448.16 274.32 566.61 339.07 0.0182324
dresser 0 0 -10 353.62 251.33 421.96 341.67 0.0181133
chair 0 0 -10 58.93 286.28 204.45 433.25 0.0169995
desk 0 0 -10 27.34 278.31 270.36 359.11 0.0162777
table 0 0 -10 0.00 323.13 80.41 416.16 0.0160365
chair 0 0 -10 473.59 281.27 582.53 373.72 0.0154320
chair 0 0 -10 27.12 288.86 94.44 333.78 0.0153552
desk 0 0 -10 0.00 170.59 237.08 423.92 0.0149831
table 0 0 -10 365.05 343.79 444.83 361.91 0.0148595
chair 0 0 -10 44.41 283.87 131.84 375.93 0.0148215
table 0 0 -10 43.27 286.17 172.69 370.33 0.0145670
table 0 0 -10 358.99 277.32 419.90 336.09 0.0144765
chair 0 0 -10 551.47 298.58 590.92 418.74 0.0139688
desk 0 0 -10 77.68 349.54 176.21 436.11 0.0137505
chair 0 0 -10 420.08 247.74 491.89 345.22 0.0137171
desk 0 0 -10 52.09 291.79 137.88 342.21 0.0136332
desk 0 0 -10 422.54 275.00 505.24 339.49 0.0136261
bathtub 0 0 -10 0.00 13.24 590.71 117.68 0.0135873
chair 0 0 -10 584.03 285.42 591.00 422.27 0.0129504
chair 0 0 -10 368.68 326.40 490.61 407.26 0.0128581
chair 0 0 -10 405.60 424.19 591.00 440.96 0.0126109
chair 0 0 -10 567.04 287.24 590.42 377.43 0.0125686
table 0 0 -10 431.89 273.42 503.93 342.13 0.0120466
dresser 0 0 -10 0.00 146.51 226.12 420.01 0.0112284
chair 0 0 -10 71.10 254.20 136.23 348.96 0.0110755
chair 0 0 -10 53.88 293.16 111.90 357.64 0.0108719
chair 0 0 -10 360.15 309.84 452.34 382.07 0.0107047
table 0 0 -10 362.50 336.71 454.10 407.01 0.0106481
chair 0 0 -10 365.06 337.39 439.70 361.21 0.0105026
table 0 0 -10 531.99 308.46 589.85 365.70 0.0102751
table 0 0 -10 0.00 351.03 105.75 430.06 0.0100404
table 0 0 -10 2.86 346.44 95.68 381.17 0.0098999
chair 0 0 -10 540.93 311.44 587.16 344.17 0.0097248
desk 0 0 -10 13.17 280.67 318.82 438.79 0.0088514
table 0 0 -10 11.09 358.08 397.38 441.00 0.0083972
chair 0 0 -10 579.87 289.58 591.00 373.25 0.0082450
bookshelf 0 0 -10 1.73 106.89 220.28 420.41 0.0078883
table 0 0 -10 365.82 298.52 528.39 405.08 0.0073580
table 0 0 -10 48.17 293.50 140.76 334.87 0.0070925
chair 0 0 -10 555.05 344.79 590.78 437.57 0.0065728
desk 0 0 -10 3.72 310.32 112.42 385.33 0.0065547
table 0 0 -10 44.34 282.68 207.54 324.01 0.0058857
table 0 0 -10 390.25 328.46 563.14 438.18 0.0058755
table 0 0 -10 7.16 313.25 514.34 439.84 0.0056256
chair 0 0 -10 37.22 299.71 78.79 342.82 0.0052453
desk 0 0 -10 350.91 250.24 497.49 309.02 0.0051756
chair 0 0 -10 0.02 342.39 66.44 384.73 0.0050965
table 0 0 -10 0.00 12.50 589.80 119.29 0.0047222
chair 0 0 -10 353.78 253.32 446.17 381.24 0.0045656
chair 0 0 -10 85.18 334.65 191.32 435.25 0.0044664
chair 0 0 -10 366.44 380.05 510.39 439.76 0.0043838
bookshelf 0 0 -10 27.64 123.02 158.55 384.18 0.0042714
table 0 0 -10 399.45 424.84 585.61 441.00 0.0042256
dresser 0 0 -10 363.52 167.91 511.93 281.50 0.0040413
chair 0 0 -10 22.80 249.27 148.31 370.52 0.0040165
table 0 0 -10 25.06 280.63 266.36 358.45 0.0038772
chair 0 0 -10 585.89 290.80 590.52 389.02 0.0038745
bookshelf 0 0 -10 358.10 210.86 464.26 359.59 0.0037223
desk 0 0 -10 54.30 261.03 223.85 399.37 0.0035391
bed 0 0 -10 1.57 362.89 175.96 441.00 0.0034434
chair 0 0 -10 511.78 161.25 588.93 398.56 0.0033548
