dresser 0 0 -10 314.77 169.47 522.17 439.15 0.1259431
desk 0 0 -10 316.45 160.01 529.76 437.42 0.0828050
dresser 0 0 -10 0.00 140.60 297.70 441.00 0.0291851
table 0 0 -10 492.03 220.98 583.02 441.00 0.0289661
table 0 0 -10 312.63 166.67 528.14 440.39 0.0248015
desk 0 0 -10 0.00 141.54 297.38 441.00 0.0182088
table 0 0 -10 0.42 375.10 27.55 440.57 0.0125547
table 0 0 -10 0.00 148.88 284.81 441.00 0.0117077
bookshelf 0 0 -10 328.98 163.90 508.20 441.00 0.0108547
desk 0 0 -10 127.73 176.12 560.88 441.00 0.0089713
chair 0 0 -10 286.50 158.34 514.68 436.63 0.0082707
chair 0 0 -10 1.15 381.62 29.15 440.69 0.0065487
chair 0 0 -10 491.72 231.42 589.10 438.37 0.0054004
bathtub 0 0 -10 0.00 135.07 272.00 432.14 0.0052554
desk 0 0 -10 492.86 214.37 585.68 441.00 0.0046750
chair 0 0 -10 411.83 195.06 575.16 439.49 0.0038543
bed 0 0 -10 0.00 132.21 300.42 441.00 0.0035334
chair 0 0 -10 0.00 338.35 158.32 438.70 0.0026883
table 0 0 -10 363.92 4.62 562.83 99.79 0.0026451
bookshelf 0 0 -10 3.02 120.16 289.27 441.00 0.0025507
chair 0 0 -10 1.65 339.27 75.06 438.25 0.0023302
table 0 0 -10 2.11 391.45 23.94 431.90 0.0021151
bathtub 0 0 -10 257.21 181.36 565.94 432.91 0.0020739
table 0 0 -10 1.18 346.27 50.85 440.78 0.0020459
table 0 0 -10 23.63 7.40 202.24 208.97 0.0020231
chair 0 0 -10 0.00 151.06 232.62 441.00 0.0017757
night_stand 0 0 -10 310.54 165.13 522.09 422.05 0.0016361
bed 0 0 -10 13.99 319.02 243.91 436.51 0.0015349
table 0 0 -10 61.24 182.69 502.45 441.00 0.0015137
table 0 0 -10 5.90 131.56 260.54 190.85 0.0014604
bathtub 0 0 -10 8.08 252.65 224.37 434.61 0.0014375
sofa 0 0 -10 1.19 375.13 28.06 441.00 0.0013736
table 0 0 -10 1.92 429.69 120.12 440.96 0.0013637
table 0 0 -10 5.20 437.29 43.66 440.91 0.0013402
dresser 0 0 -10 392.28 183.07 569.56 440.40 0.0013286
toilet 0 0 -10 275.11 172.69 555.37 441.00 0.0013264
chair 0 0 -10 0.73 377.59 53.00 441.00 0.0013238
table 0 0 -10 2.18 423.54 53.55 441.00 0.0013145
table 0 0 -10 486.97 257.82 589.01 370.61 0.0013144
table 0 0 -10 0.00 7.70 189.55 86.00 0.0012992
table 0 0 -10 0.00 77.81 248.94 337.93 0.0012960
bed 0 0 -10 309.87 149.42 560.46 441.00 0.0012756
chair 0 0 -10 0.06 340.69 36.30 439.41 0.0012689
desk 0 0 -10 488.54 255.62 591.00 371.37 0.0012428
table 0 0 -10 363.40 286.39 577.65 441.00 0.0012376
table 0 0 -10 7.17 365.32 187.08 441.00 0.0011919
chair 0 0 -10 65.36 197.90 497.18 441.00 0.0011292
bed 0 0 -10 8.75 292.21 493.61 438.61 0.0010251
desk 0 0 -10 407.01 213.04 588.63 431.68 0.0010204
table 0 0 -10 0.27 438.05 27.03 440.96 0.0009972
chair 0 0 -10 0.00 257.15 49.49 436.09 0.0009956
table 0 0 -10 1.35 431.64 48.95 440.95 0.0009860
table 0 0 -10 2.18 439.68 43.74 441.00 0.0009722
chair 0 0 -10 167.94 308.09 483.12 436.27 0.0009315
bathtub 0 0 -10 24.29 350.41 181.59 437.52 0.0008727
table 0 0 -10 360.35 401.72 580.79 439.50 0.0008683
table 0 0 -10 20.40 387.05 139.06 441.00 0.0008625
table 0 0 -10 502.23 390.19 584.99 440.27 0.0007982
table 0 0 -10 23.88 336.08 314.76 439.59 0.0007539
toilet 0 0 -10 0.18 302.74 53.72 440.04 0.0007478
table 0 0 -10 0.05 303.23 30.98 441.00 0.0007421
toilet 0 0 -10 0.00 318.88 123.15 440.18 0.0007189
bathtub 0 0 -10 3.92 316.53 96.92 427.69 0.0007158
chair 0 0 -10 291.51 329.46 577.61 436.75 0.0007019
bathtub 0 0 -10 9.40 294.51 490.40 437.05 0.0006652
table 0 0 -10 1.35 245.97 43.83 439.42 0.0006504
dresser 0 0 -10 142.37 265.72 556.82 439.03 0.0006387
table 0 0 -10 3.60 397.28 24.26 418.85 0.0006243
table 0 0 -10 2.12 125.13 261.68 254.29 0.0006207
sofa 0 0 -10 3.48 149.90 298.67 441.00 0.0006137
table 0 0 -10 1.34 389.86 58.28 441.00 0.0006071
dresser 0 0 -10 72.63 148.30 516.67 440.61 0.0006032
table 0 0 -10 338.83 364.57 581.04 440.94 0.0005742
dresser 0 0 -10 6.43 242.80 220.67 436.79 0.0005714
table 0 0 -10 6.20 400.98 38.17 441.00 0.0005439
chair 0 0 -10 0.00 396.31 131.41 440.46 0.0005337
desk 0 0 -10 2.55 7.98 216.91 207.85 0.0005334
chair 0 0 -10 0.00 289.83 107.52 435.29 0.0005266
night_stand 0 0 -10 5.93 143.04 299.05 433.92 0.0004876
desk 0 0 -10 0.00 134.62 272.38 277.31 0.0004778
bookshelf 0 0 -10 159.34 178.72 537.98 440.72 0.0004718
desk 0 0 -10 299.62 333.20 584.39 437.95 0.0004699
table 0 0 -10 4.80 319.03 128.12 439.40 0.0004653
table 0 0 -10 468.75 317.77 582.83 441.00 0.0004607
chair 0 0 -10 10.51 345.95 305.44 438.06 0.0004602
table 0 0 -10 16.96 414.15 143.90 439.32 0.0004597
toilet 0 0 -10 0.00 138.57 230.01 441.00 0.0004568
dresser 0 0 -10 471.90 207.19 586.79 437.58 0.0004500
table 0 0 -10 11.22 381.94 25.10 431.82 0.0004277
sofa 0 0 -10 302.77 173.29 558.13 439.53 0.0004145
table 0 0 -10 0.34 194.97 72.18 441.00 0.0004043
table 0 0 -10 9.75 1.48 364.89 230.03 0.0004002
table 0 0 -10 377.49 282.84 582.71 357.04 0.0003937
bathtub 0 0 -10 1.22 300.10 55.98 433.67 0.0003901
bed 0 0 -10 0.53 366.47 29.69 441.00 0.0003822
chair 0 0 -10 439.31 259.99 587.02 361.02 0.0003231
bathtub 0 0 -10 1.11 189.12 75.46 437.82 0.0003176
bed 0 0 -10 0.00 5.77 236.47 181.58 0.0003122
table 0 0 -10 319.04 255.23 508.17 346.41 0.0002937
table 0 0 -10 487.93 210.01 529.44 440.37 0.0002914
