chair 0 0 -10 479.53 89.42 589.34 268.85 0.9180553
chair 0 0 -10 33.86 105.92 168.03 196.20 0.9077855
sofa 0 0 -10 0.68 118.51 163.79 418.39 0.8700337
table 0 0 -10 482.66 117.86 590.05 290.57 0.8070195
table 0 0 -10 0.23 275.06 163.21 438.88 0.7977881
chair 0 0 -10 390.04 81.73 479.20 170.55 0.4001491
chair 0 0 -10 488.17 88.87 585.79 187.40 0.3149820
chair 0 0 -10 73.62 86.75 169.39 167.34 0.2060488
sofa 0 0 -10 20.17 104.10 164.47 253.82 0.1925193
table 0 0 -10 488.93 114.25 590.61 183.74 0.1575143
chair 0 0 -10 0.53 125.98 169.37 426.11 0.1159204
sofa 0 0 -10 389.06 78.65 477.98 166.25 0.0910181
desk 0 0 -10 470.71 119.97 588.57 302.12 0.0831327
chair 0 0 -10 58.57 95.25 159.36 143.21 0.0801203
chair 0 0 -10 502.98 175.04 588.75 296.61 0.0754330
chair 0 0 -10 491.21 144.17 591.00 426.34 0.0519492
chair 0 0 -10 254.71 71.24 321.52 148.23 0.0478756
chair 0 0 -10 275.61 58.73 327.15 129.33 0.0464019
chair 0 0 -10 275.68 79.71 372.03 164.80 0.0370251
table 0 0 -10 280.66 81.73 382.94 157.82 0.0335302
sofa 0 0 -10 28.63 103.42 159.02 185.28 0.0309555
table 0 0 -10 2.69 211.88 38.06 441.00 0.0247980
chair 0 0 -10 223.27 78.41 264.26 119.95 0.0242288
table 0 0 -10 283.95 72.56 382.04 110.45 0.0229065
sofa 0 0 -10 0.35 127.24 36.83 402.37 0.0211941
chair 0 0 -10 5.90 272.48 174.05 440.88 0.0205389
chair 0 0 -10 14.23 112.22 166.74 282.98 0.0185560
chair 0 0 -10 250.79 83.83 292.45 145.67 0.0184858
chair 0 0 -10 266.34 60.87 365.96 122.02 0.0175578
table 0 0 -10 534.95 116.73 590.84 306.47 0.0170501
table 0 0 -10 2.30 274.42 101.91 400.23 0.0163757
chair 0 0 -10 498.35 90.30 586.47 136.45 0.0157400
desk 0 0 -10 0.00 257.63 166.96 441.00 0.0155337
chair 0 0 -10 287.16 55.41 328.35 102.45 0.0154938
table 0 0 -10 388.59 82.26 478.65 149.76 0.0153421
chair 0 0 -10 541.51 164.62 591.00 397.39 0.0150803
chair 0 0 -10 279.68 68.97 344.61 147.80 0.0137836
chair 0 0 -10 28.23 12.18 179.10 187.32 0.0119290
table 0 0 -10 480.89 73.89 590.92 224.95 0.0117555
table 0 0 -10 267.38 88.12 343.23 155.66 0.0108130
sofa 0 0 -10 1.98 124.33 75.62 376.21 0.0104801
table 0 0 -10 1.24 220.80 74.70 441.00 0.0100512
table 0 0 -10 41.52 120.34 167.87 208.33 0.0099371
sofa 0 0 -10 0.00 118.35 88.07 251.92 0.0083989
chair 0 0 -10 2.31 122.23 39.99 438.13 0.0080909
table 0 0 -10 565.90 110.27 590.78 316.19 0.0078420
chair 0 0 -10 37.16 107.09 128.01 140.25 0.0072445
chair 0 0 -10 0.00 249.95 52.50 440.42 0.0072150
chair 0 0 -10 560.34 83.92 590.83 315.48 0.0070436
sofa 0 0 -10 270.87 86.11 383.86 163.97 0.0068377
table 0 0 -10 254.42 96.98 306.16 154.74 0.0060351
chair 0 0 -10 60.44 115.88 162.56 160.78 0.0058781
chair 0 0 -10 300.29 58.95 322.99 107.56 0.0056252
sofa 0 0 -10 10.18 45.65 170.21 215.69 0.0049480
desk 0 0 -10 280.26 83.22 385.13 162.48 0.0044716
table 0 0 -10 4.25 227.27 17.26 441.00 0.0044680
desk 0 0 -10 481.08 111.64 588.51 221.06 0.0042642
chair 0 0 -10 572.61 73.12 591.00 257.88 0.0042174
chair 0 0 -10 287.34 62.74 371.72 99.97 0.0040605
sofa 0 0 -10 0.44 110.54 49.40 290.66 0.0036265
table 0 0 -10 232.93 66.32 398.87 153.71 0.0034983
desk 0 0 -10 227.64 42.87 400.67 144.34 0.0033674
table 0 0 -10 0.00 156.36 26.50 400.90 0.0032424
chair 0 0 -10 76.06 99.62 172.89 238.72 0.0030423
desk 0 0 -10 203.62 24.18 401.60 97.74 0.0029973
table 0 0 -10 25.59 145.81 168.79 421.35 0.0029526
chair 0 0 -10 579.58 94.68 590.95 305.00 0.0028136
chair 0 0 -10 2.30 247.08 101.39 434.54 0.0027841
table 0 0 -10 67.29 93.03 166.16 168.51 0.0027791
chair 0 0 -10 223.10 77.27 282.42 135.59 0.0024041
table 0 0 -10 0.00 256.31 23.68 423.15 0.0022640
table 0 0 -10 47.21 128.65 163.71 274.87 0.0019906
table 0 0 -10 443.28 136.76 587.30 421.20 0.0018889
bed 0 0 -10 0.00 187.15 170.97 424.82 0.0018531
chair 0 0 -10 583.38 96.69 590.27 225.00 0.0018200
table 0 0 -10 73.75 118.79 163.19 153.82 0.0017122
chair 0 0 -10 564.65 89.29 590.50 189.90 0.0016967
table 0 0 -10 460.63 86.82 585.25 166.35 0.0016933
table 0 0 -10 275.62 74.14 340.38 133.16 0.0016933
table 0 0 -10 578.64 107.05 590.73 313.24 0.0016831
chair 0 0 -10 296.05 53.14 326.66 83.67 0.0016600
table 0 0 -10 513.62 177.51 589.60 428.47 0.0016198
chair 0 0 -10 586.09 98.61 590.96 251.62 0.0016061
table 0 0 -10 399.05 132.67 585.55 282.60 0.0015180
sofa 0 0 -10 474.82 88.68 585.86 284.80 0.0014650
chair 0 0 -10 579.98 88.84 589.33 206.78 0.0014482
table 0 0 -10 205.71 26.03 398.95 124.35 0.0013819
chair 0 0 -10 588.09 106.85 590.97 235.16 0.0013430
chair 0 0 -10 76.14 120.11 159.98 143.48 0.0013026
sofa 0 0 -10 469.31 84.48 588.92 188.90 0.0012783
table 0 0 -10 3.31 229.34 7.23 422.50 0.0012680
table 0 0 -10 243.59 105.39 294.16 148.78 0.0012583
chair 0 0 -10 561.26 201.78 590.13 316.56 0.0012231
table 0 0 -10 272.71 84.19 364.47 120.14 0.0012230
sofa 0 0 -10 5.55 90.95 369.11 425.68 0.0012013
desk 0 0 -10 460.11 88.54 590.00 187.26 0.0011010
table 0 0 -10 211.03 100.42 337.10 163.90 0.0010838
table 0 0 -10 26.58 74.99 174.36 189.05 0.0010732
table 0 0 -10 344.88 87.62 459.68 162.30 0.0010566
desk 0 0 -10 543.00 133.79 590.42 380.49 0.0010521
