chair 0 0 -10 457.09 7.01 583.61 429.54 0.0147371
table 0 0 -10 523.67 135.70 590.18 441.00 0.0053472
bathtub 0 0 -10 512.48 149.99 591.00 440.05 0.0023944
chair 0 0 -10 362.46 100.61 582.26 435.17 0.0016234
table 0 0 -10 30.69 162.48 556.92 441.00 0.0009151
table 0 0 -10 130.50 182.63 318.67 343.42 0.0008001
chair 0 0 -10 167.49 0.00 297.79 198.28 0.0007583
desk 0 0 -10 523.92 128.48 591.00 441.00 0.0007532
chair 0 0 -10 33.78 1.21 179.42 165.94 0.0007105
bed 0 0 -10 122.45 4.01 561.43 367.69 0.0006677
bookshelf 0 0 -10 195.13 4.86 207.86 204.27 0.0005996
chair 0 0 -10 509.58 103.59 591.00 426.23 0.0005852
dresser 0 0 -10 143.28 31.53 180.50 189.91 0.0005485
table 0 0 -10 59.24 67.38 139.30 167.89 0.0005243
desk 0 0 -10 413.07 85.09 582.49 441.00 0.0005077
table 0 0 -10 66.30 91.65 102.68 161.71 0.0004729
chair 0 0 -10 343.92 272.53 589.25 438.34 0.0004562
bookshelf 0 0 -10 143.97 24.33 180.38 195.30 0.0004251
toilet 0 0 -10 512.03 132.75 590.66 440.75 0.0004215
sofa 0 0 -10 26.67 151.20 583.00 441.00 0.0004177
table 0 0 -10 21.26 6.28 176.87 178.28 0.0004151
dresser 0 0 -10 518.10 44.39 591.00 441.00 0.0004141
table 0 0 -10 470.66 141.97 583.06 441.00 0.0003961
desk 0 0 -10 147.63 81.31 583.25 411.06 0.0003758
chair 0 0 -10 120.64 0.00 248.40 182.69 0.0003682
bathtub 0 0 -10 136.97 17.35 591.00 331.15 0.0003660
table 0 0 -10 67.43 81.91 128.43 147.59 0.0003647
chair 0 0 -10 110.09 0.00 179.29 174.33 0.0003395
table 0 0 -10 276.90 275.45 532.47 426.74 0.0003315
table 0 0 -10 8.22 2.32 265.39 228.59 0.0003310
toilet 0 0 -10 457.83 30.29 589.08 441.00 0.0003292
table 0 0 -10 522.38 249.19 586.92 334.47 0.0003062
bed 0 0 -10 20.38 154.56 585.39 441.00 0.0003030
bookshelf 0 0 -10 162.07 1.29 582.20 348.20 0.0002971
table 0 0 -10 69.03 4.91 587.81 329.62 0.0002914
chair 0 0 -10 217.26 28.04 578.68 405.94 0.0002850
table 0 0 -10 52.82 86.28 109.71 183.59 0.0002843
table 0 0 -10 294.09 109.51 575.66 436.96 0.0002839
table 0 0 -10 167.24 236.35 560.59 393.93 0.0002677
bathtub 0 0 -10 303.15 115.94 586.77 432.05 0.0002598
bed 0 0 -10 301.50 85.06 585.49 437.96 0.0002583
bathtub 0 0 -10 553.13 181.14 591.00 435.34 0.0002455
dresser 0 0 -10 146.89 14.53 591.00 345.48 0.0002407
table 0 0 -10 1.01 149.22 39.88 214.90 0.0002391
bookshelf 0 0 -10 103.30 9.83 215.94 185.80 0.0002316
bathtub 0 0 -10 451.67 37.47 589.59 437.35 0.0002262
desk 0 0 -10 90.87 0.00 517.11 312.83 0.0002252
bookshelf 0 0 -10 161.43 3.32 239.27 210.42 0.0002222
chair 0 0 -10 0.00 248.79 135.74 438.36 0.0002148
table 0 0 -10 63.97 195.60 375.67 382.50 0.0001875
desk 0 0 -10 22.06 3.27 180.37 202.81 0.0001874
table 0 0 -10 88.01 82.15 144.90 128.12 0.0001854
desk 0 0 -10 58.10 64.38 144.55 167.90 0.0001815
bathtub 0 0 -10 149.64 53.05 177.14 176.39 0.0001790
dresser 0 0 -10 421.31 65.18 581.41 436.44 0.0001755
chair 0 0 -10 67.78 91.58 103.14 159.33 0.0001720
dresser 0 0 -10 126.34 65.18 147.02 177.13 0.0001711
bookshelf 0 0 -10 126.34 61.97 147.18 179.30 0.0001681
table 0 0 -10 81.51 100.82 134.13 169.71 0.0001675
chair 0 0 -10 62.92 82.62 110.72 137.47 0.0001669
chair 0 0 -10 41.51 151.70 557.33 441.00 0.0001662
table 0 0 -10 138.07 9.20 327.60 356.11 0.0001618
chair 0 0 -10 336.08 33.63 585.59 278.26 0.0001554
table 0 0 -10 1.05 199.52 112.87 431.33 0.0001545
bookshelf 0 0 -10 28.55 2.51 179.24 177.22 0.0001539
chair 0 0 -10 214.26 328.54 567.71 439.05 0.0001516
chair 0 0 -10 5.89 5.70 67.35 186.81 0.0001498
chair 0 0 -10 502.18 25.98 586.67 284.36 0.0001492
table 0 0 -10 494.48 217.80 582.82 405.96 0.0001464
chair 0 0 -10 17.82 0.00 248.16 226.03 0.0001459
dresser 0 0 -10 27.43 8.20 179.21 174.57 0.0001459
chair 0 0 -10 524.42 230.58 583.92 439.10 0.0001452
bookshelf 0 0 -10 170.91 7.68 206.61 201.55 0.0001429
table 0 0 -10 292.93 187.57 540.66 355.36 0.0001412
chair 0 0 -10 226.29 0.00 315.16 71.94 0.0001409
chair 0 0 -10 0.00 2.32 38.58 179.01 0.0001396
chair 0 0 -10 214.80 0.99 311.61 146.26 0.0001386
bathtub 0 0 -10 158.63 181.96 560.43 310.45 0.0001365
bed 0 0 -10 9.40 3.74 199.32 218.79 0.0001356
chair 0 0 -10 97.32 76.56 148.40 139.60 0.0001354
table 0 0 -10 58.06 80.17 104.07 136.71 0.0001353
table 0 0 -10 366.56 252.98 581.27 441.00 0.0001348
chair 0 0 -10 22.60 34.51 114.06 139.12 0.0001343
chair 0 0 -10 141.06 0.00 184.01 191.14 0.0001316
bathtub 0 0 -10 31.07 71.59 137.49 148.39 0.0001311
sofa 0 0 -10 136.54 17.02 557.83 356.88 0.0001289
bookshelf 0 0 -10 194.68 2.84 231.29 196.72 0.0001279
table 0 0 -10 1.34 119.26 59.87 213.61 0.0001220
bed 0 0 -10 514.26 113.43 591.00 440.72 0.0001220
chair 0 0 -10 75.99 0.16 180.37 112.97 0.0001200
chair 0 0 -10 28.46 104.51 47.01 216.45 0.0001192
bathtub 0 0 -10 23.59 3.75 183.65 168.34 0.0001191
chair 0 0 -10 212.80 4.72 362.30 225.61 0.0001188
table 0 0 -10 0.56 188.20 55.73 417.80 0.0001173
table 0 0 -10 20.55 85.84 97.75 184.61 0.0001148
table 0 0 -10 0.00 98.07 35.01 247.09 0.0001139
table 0 0 -10 90.18 127.83 278.04 335.08 0.0001125
chair 0 0 -10 237.86 0.00 328.87 41.46 0.0001116
bathtub 0 0 -10 73.15 84.13 136.23 152.55 0.0001107
bed 0 0 -10 22.73 0.00 405.40 336.93 0.0001094
