table 0 0 -10 97.58 250.11 231.13 421.39 0.9395250
table 0 0 -10 97.89 246.86 378.21 426.96 0.0784869
chair 0 0 -10 99.87 254.72 231.46 420.44 0.0319795
desk 0 0 -10 89.27 251.11 226.38 414.69 0.0081500
table 0 0 -10 79.88 212.53 528.24 407.89 0.0028624
table 0 0 -10 102.74 239.35 228.04 334.95 0.0026549
table 0 0 -10 0.00 253.19 186.36 438.44 0.0018337
desk 0 0 -10 92.65 241.23 390.41 433.78 0.0017955
table 0 0 -10 155.69 247.50 259.59 399.06 0.0012481
chair 0 0 -10 97.89 167.69 230.38 340.47 0.0009490
chair 0 0 -10 0.00 270.15 161.32 441.00 0.0006972
chair 0 0 -10 94.67 175.55 480.21 426.10 0.0006810
bed 0 0 -10 86.81 248.45 232.73 434.01 0.0006557
table 0 0 -10 3.24 227.37 205.94 341.45 0.0006330
table 0 0 -10 199.41 239.60 457.66 418.92 0.0006105
table 0 0 -10 54.94 44.11 519.30 353.33 0.0005873
bed 0 0 -10 67.17 0.00 555.41 291.88 0.0005836
night_stand 0 0 -10 87.84 248.25 227.36 411.96 0.0005748
chair 0 0 -10 42.37 241.11 197.77 425.97 0.0005326
chair 0 0 -10 126.23 248.65 363.22 429.13 0.0004848
desk 0 0 -10 87.73 184.85 569.37 434.72 0.0004756
dresser 0 0 -10 459.61 9.05 562.61 216.34 0.0004701
table 0 0 -10 55.16 201.74 264.56 424.51 0.0004681
sofa 0 0 -10 95.20 249.71 232.82 424.84 0.0004409
sofa 0 0 -10 98.68 173.17 576.50 433.58 0.0003775
chair 0 0 -10 100.64 281.02 549.88 441.00 0.0003754
table 0 0 -10 192.80 238.11 308.92 392.22 0.0003471
chair 0 0 -10 37.35 104.33 232.99 421.87 0.0003170
chair 0 0 -10 127.13 214.12 218.95 331.07 0.0002871
chair 0 0 -10 522.92 158.49 571.67 202.40 0.0002870
bed 0 0 -10 96.52 175.58 575.07 436.84 0.0002638
chair 0 0 -10 546.07 155.22 574.28 201.11 0.0002566
chair 0 0 -10 483.64 244.49 588.10 432.93 0.0002451
chair 0 0 -10 0.00 278.96 58.03 436.92 0.0002450
chair 0 0 -10 202.84 54.93 573.41 430.10 0.0002367
toilet 0 0 -10 92.09 254.49 230.78 431.75 0.0002360
chair 0 0 -10 552.00 165.91 570.88 197.29 0.0002314
chair 0 0 -10 2.17 259.84 97.43 419.58 0.0002314
chair 0 0 -10 273.23 237.25 589.93 439.35 0.0002300
chair 0 0 -10 216.10 250.20 408.68 418.83 0.0002288
chair 0 0 -10 42.29 151.57 257.25 290.23 0.0002130
chair 0 0 -10 435.44 0.00 582.03 197.44 0.0002109
dresser 0 0 -10 541.74 4.91 588.85 256.30 0.0002083
chair 0 0 -10 176.88 273.70 317.76 440.32 0.0002073
table 0 0 -10 326.77 208.79 587.03 438.59 0.0002021
chair 0 0 -10 422.76 167.37 591.00 423.04 0.0002016
chair 0 0 -10 355.68 303.00 583.93 441.00 0.0001930
dresser 0 0 -10 443.30 21.01 584.19 370.61 0.0001906
table 0 0 -10 97.28 213.77 224.27 302.10 0.0001813
chair 0 0 -10 155.48 330.22 479.12 440.18 0.0001802
bookshelf 0 0 -10 462.42 4.64 561.97 225.31 0.0001739
chair 0 0 -10 443.96 0.00 589.94 35.80 0.0001722
table 0 0 -10 87.81 246.32 171.98 400.50 0.0001698
bathtub 0 0 -10 86.86 258.44 241.37 431.73 0.0001677
dresser 0 0 -10 95.48 255.25 231.25 426.17 0.0001674
table 0 0 -10 536.08 264.11 588.11 437.39 0.0001665
bookshelf 0 0 -10 45.40 0.00 546.82 304.25 0.0001615
bed 0 0 -10 329.58 201.62 591.00 438.42 0.0001583
desk 0 0 -10 46.74 34.61 534.91 354.40 0.0001579
table 0 0 -10 88.03 170.09 236.57 334.23 0.0001569
table 0 0 -10 0.00 234.35 119.88 404.54 0.0001456
chair 0 0 -10 529.59 262.87 589.81 434.63 0.0001442
bed 0 0 -10 471.79 172.99 591.00 431.35 0.0001415
chair 0 0 -10 10.69 347.94 318.27 441.00 0.0001382
table 0 0 -10 492.76 245.56 585.81 434.73 0.0001364
table 0 0 -10 150.44 216.01 367.97 354.11 0.0001335
sofa 0 0 -10 77.84 3.90 549.59 279.58 0.0001333
table 0 0 -10 545.44 136.37 572.71 220.27 0.0001289
table 0 0 -10 527.24 154.17 572.60 211.36 0.0001272
table 0 0 -10 0.77 255.83 68.61 400.62 0.0001178
chair 0 0 -10 551.99 130.89 577.49 212.74 0.0001155
bookshelf 0 0 -10 542.69 0.00 588.58 262.56 0.0001152
bookshelf 0 0 -10 96.48 251.79 229.05 426.14 0.0001135
table 0 0 -10 182.90 221.08 556.15 353.09 0.0001123
chair 0 0 -10 507.47 0.00 591.00 45.27 0.0001122
table 0 0 -10 0.00 147.48 27.25 370.73 0.0001110
table 0 0 -10 0.30 237.59 35.81 441.00 0.0001084
chair 0 0 -10 537.04 165.01 590.68 411.57 0.0001052
chair 0 0 -10 0.00 156.60 115.34 431.91 0.0001038
chair 0 0 -10 4.02 208.00 181.91 337.17 0.0001015
table 0 0 -10 145.40 204.05 452.71 303.23 0.0000974
chair 0 0 -10 115.61 141.40 334.53 383.36 0.0000973
chair 0 0 -10 540.31 17.52 589.57 262.25 0.0000963
table 0 0 -10 525.06 130.12 585.41 231.87 0.0000960
bathtub 0 0 -10 533.78 159.43 590.59 275.96 0.0000953
chair 0 0 -10 385.81 124.77 565.29 322.37 0.0000944
table 0 0 -10 551.59 166.58 570.72 199.29 0.0000906
bathtub 0 0 -10 107.30 159.34 570.46 423.75 0.0000904
bed 0 0 -10 434.93 16.92 589.99 383.79 0.0000890
table 0 0 -10 22.74 1.07 539.70 207.06 0.0000883
chair 0 0 -10 521.38 136.90 571.94 265.74 0.0000871
bathtub 0 0 -10 501.69 149.47 587.09 252.83 0.0000849
dresser 0 0 -10 367.64 0.00 570.17 239.74 0.0000824
chair 0 0 -10 239.73 128.93 460.25 383.06 0.0000822
table 0 0 -10 562.29 212.40 589.86 422.81 0.0000810
chair 0 0 -10 0.00 159.74 51.59 419.27 0.0000803
sofa 0 0 -10 89.16 235.22 358.91 430.26 0.0000781
chair 0 0 -10 117.75 4.02 543.47 293.53 0.0000766
chair 0 0 -10 6.16 239.03 141.28 379.47 0.0000763
chair 0 0 -10 524.92 132.91 541.33 260.55 0.0000758
