table 0 0 -10 0.00 262.16 591.00 441.00 0.8879369
chair 0 0 -10 28.56 74.28 403.40 272.79 0.8147711
chair 0 0 -10 17.66 96.41 203.72 289.38 0.4563515
table 0 0 -10 0.00 190.45 267.65 275.79 0.2632551
sofa 0 0 -10 21.44 77.68 412.86 271.69 0.2066776
chair 0 0 -10 40.95 90.79 291.92 406.23 0.1240661
chair 0 0 -10 13.22 172.86 205.54 263.02 0.1089791
bed 0 0 -10 0.00 254.25 587.45 441.00 0.0898585
table 0 0 -10 0.00 173.05 181.57 259.56 0.0715389
chair 0 0 -10 0.00 166.83 261.08 311.29 0.0576804
chair 0 0 -10 49.42 213.86 444.25 429.24 0.0534537
table 0 0 -10 0.00 119.27 401.40 284.83 0.0366886
desk 0 0 -10 0.00 265.43 590.23 441.00 0.0245487
chair 0 0 -10 12.27 154.26 159.02 402.73 0.0219022
chair 0 0 -10 187.26 260.25 569.21 435.27 0.0190945
table 0 0 -10 68.67 250.19 341.83 439.79 0.0168273
chair 0 0 -10 3.17 194.99 313.77 271.89 0.0153490
desk 0 0 -10 0.00 199.79 205.96 263.48 0.0132883
chair 0 0 -10 117.22 96.57 417.79 411.54 0.0130088
chair 0 0 -10 6.21 124.80 145.99 265.42 0.0115314
table 0 0 -10 0.00 202.49 67.99 262.72 0.0113422
bed 0 0 -10 18.81 76.89 413.89 410.74 0.0103118
table 0 0 -10 1.71 246.88 167.78 438.92 0.0085448
table 0 0 -10 8.17 116.09 228.50 271.01 0.0080174
table 0 0 -10 0.00 159.59 373.94 434.87 0.0074544
chair 0 0 -10 3.35 188.56 101.10 267.71 0.0061522
chair 0 0 -10 185.23 207.19 363.31 420.15 0.0055216
sofa 0 0 -10 0.00 158.94 574.31 428.65 0.0055115
table 0 0 -10 0.00 225.75 64.10 381.32 0.0046536
chair 0 0 -10 0.95 208.34 59.10 261.83 0.0045942
chair 0 0 -10 104.03 205.89 296.40 429.61 0.0045855
table 0 0 -10 0.00 151.35 259.06 346.56 0.0038238
desk 0 0 -10 1.21 145.86 181.71 265.40 0.0037211
chair 0 0 -10 66.03 127.57 184.11 275.96 0.0036479
bed 0 0 -10 76.72 224.00 327.74 441.00 0.0034462
desk 0 0 -10 0.00 110.44 405.96 281.70 0.0031167
chair 0 0 -10 0.00 202.61 77.11 368.77 0.0028142
chair 0 0 -10 8.66 249.12 214.74 437.13 0.0027876
chair 0 0 -10 1.54 95.39 91.88 319.13 0.0026135
table 0 0 -10 0.00 259.40 47.89 438.85 0.0025685
bathtub 0 0 -10 0.00 263.00 591.00 435.20 0.0024832
table 0 0 -10 0.00 208.74 55.48 312.88 0.0024035
table 0 0 -10 1.65 183.86 173.62 330.35 0.0022150
table 0 0 -10 0.00 214.13 376.21 267.64 0.0019745
chair 0 0 -10 0.00 251.41 42.10 439.61 0.0016106
sofa 0 0 -10 0.00 176.57 260.94 274.63 0.0015215
table 0 0 -10 8.24 151.80 177.45 219.53 0.0014126
chair 0 0 -10 0.00 237.77 101.31 435.97 0.0013874
bookshelf 0 0 -10 51.59 62.47 409.26 264.22 0.0012238
chair 0 0 -10 0.00 181.35 50.24 335.78 0.0012019
bed 0 0 -10 25.84 98.95 415.27 267.97 0.0011958
table 0 0 -10 0.00 151.50 82.86 264.59 0.0010533
chair 0 0 -10 386.82 276.42 585.38 439.77 0.0010392
dresser 0 0 -10 25.13 258.10 531.65 441.00 0.0009251
desk 0 0 -10 0.00 195.21 328.60 301.86 0.0009117
chair 0 0 -10 113.28 197.64 501.57 356.87 0.0008493
bed 0 0 -10 2.39 179.78 255.73 275.59 0.0008362
sofa 0 0 -10 98.59 258.33 590.58 438.10 0.0008174
chair 0 0 -10 5.91 80.82 65.93 266.27 0.0008113
table 0 0 -10 0.00 211.70 123.27 374.75 0.0008035
table 0 0 -10 321.44 272.66 582.35 439.78 0.0007425
table 0 0 -10 196.98 236.01 467.08 440.37 0.0007316
table 0 0 -10 0.00 208.92 516.09 370.88 0.0007304
chair 0 0 -10 171.56 245.09 402.47 351.15 0.0007151
chair 0 0 -10 13.89 305.75 405.77 435.83 0.0007003
bookshelf 0 0 -10 33.83 254.58 531.13 441.00 0.0006992
chair 0 0 -10 44.54 97.30 120.69 264.57 0.0006981
toilet 0 0 -10 40.43 257.73 512.03 441.00 0.0006511
dresser 0 0 -10 44.92 72.37 412.49 265.11 0.0006349
chair 0 0 -10 31.97 138.94 198.90 223.68 0.0006312
toilet 0 0 -10 0.64 95.85 390.71 300.39 0.0006152
chair 0 0 -10 2.98 214.52 128.62 260.38 0.0005505
table 0 0 -10 16.56 118.20 111.65 263.73 0.0005343
table 0 0 -10 0.00 194.79 137.45 286.99 0.0005136
table 0 0 -10 0.28 277.70 87.03 429.11 0.0005126
table 0 0 -10 39.29 24.45 410.36 244.58 0.0005124
night_stand 0 0 -10 32.56 265.06 532.62 437.47 0.0004859
desk 0 0 -10 65.11 243.74 339.11 436.66 0.0004714
table 0 0 -10 0.00 221.64 25.79 441.00 0.0004629
desk 0 0 -10 7.96 240.47 182.33 432.90 0.0004583
sofa 0 0 -10 28.65 134.95 201.57 264.57 0.0004570
bathtub 0 0 -10 52.27 72.30 414.72 267.07 0.0004055
table 0 0 -10 0.75 219.78 54.00 255.57 0.0004016
table 0 0 -10 104.36 76.34 423.29 352.97 0.0003977
desk 0 0 -10 0.00 195.71 94.56 267.21 0.0003859
night_stand 0 0 -10 7.39 105.66 403.20 286.66 0.0003365
dresser 0 0 -10 10.25 140.89 189.49 266.50 0.0003306
chair 0 0 -10 363.58 122.18 579.81 282.75 0.0003249
desk 0 0 -10 0.00 132.44 212.86 370.35 0.0003234
bookshelf 0 0 -10 23.23 114.64 560.89 424.75 0.0003216
bed 0 0 -10 336.79 275.25 587.42 441.00 0.0003140
bed 0 0 -10 4.44 134.04 187.75 264.37 0.0002914
table 0 0 -10 474.78 269.52 586.47 440.71 0.0002899
chair 0 0 -10 194.93 64.53 445.75 278.16 0.0002834
desk 0 0 -10 0.00 207.41 56.74 262.25 0.0002675
chair 0 0 -10 338.92 214.64 575.83 397.68 0.0002640
bathtub 0 0 -10 27.23 84.99 401.78 417.24 0.0002600
chair 0 0 -10 49.91 40.74 264.67 223.02 0.0002474
table 0 0 -10 0.00 209.63 50.13 244.15 0.0002436
chair 0 0 -10 56.38 112.63 89.31 251.86 0.0002419
