sofa 0 0 -10 2.42 174.34 206.62 269.46 0.9910768
chair 0 0 -10 0.05 236.45 76.23 397.70 0.9465852
chair 0 0 -10 204.11 143.12 315.05 285.19 0.9377215
table 0 0 -10 56.82 244.74 143.45 309.02 0.4340721
chair 0 0 -10 2.36 206.78 43.91 407.90 0.2757543
table 0 0 -10 19.02 242.47 141.85 275.41 0.1411817
table 0 0 -10 1.03 226.56 78.76 372.55 0.0579889
table 0 0 -10 72.57 244.53 137.87 276.91 0.0574341
table 0 0 -10 78.11 251.59 129.27 266.34 0.0392675
sofa 0 0 -10 0.00 204.35 181.00 355.45 0.0313195
table 0 0 -10 16.27 250.06 103.39 396.14 0.0269708
table 0 0 -10 24.03 265.83 72.33 382.45 0.0267011
table 0 0 -10 75.46 251.09 151.58 292.58 0.0237076
chair 0 0 -10 0.34 203.41 59.96 337.93 0.0217180
table 0 0 -10 189.98 160.41 306.99 266.65 0.0200439
chair 0 0 -10 1.38 190.51 40.44 304.58 0.0186956
sofa 0 0 -10 0.00 223.61 74.80 392.90 0.0182439
table 0 0 -10 0.17 212.27 34.28 358.77 0.0181714
table 0 0 -10 6.53 224.13 177.06 355.81 0.0170651
bathtub 0 0 -10 461.42 232.85 591.00 386.09 0.0155292
table 0 0 -10 0.00 203.11 23.70 319.06 0.0122743
chair 0 0 -10 129.71 189.66 205.55 271.69 0.0106256
chair 0 0 -10 0.80 207.81 19.09 404.93 0.0084776
table 0 0 -10 72.47 262.87 121.26 282.04 0.0082444
table 0 0 -10 25.53 240.57 133.72 331.40 0.0072176
table 0 0 -10 2.77 235.22 69.35 309.09 0.0062674
chair 0 0 -10 16.86 168.01 197.04 274.35 0.0062399
chair 0 0 -10 4.71 227.43 145.48 401.12 0.0055825
desk 0 0 -10 14.25 249.55 100.63 399.60 0.0055033
table 0 0 -10 1.12 208.94 38.18 290.92 0.0054018
table 0 0 -10 1.47 211.88 182.10 294.37 0.0051746
sofa 0 0 -10 196.40 138.30 316.48 268.31 0.0046881
sofa 0 0 -10 2.45 203.66 41.40 409.93 0.0044417
table 0 0 -10 72.72 257.58 128.69 273.33 0.0043386
desk 0 0 -10 23.24 264.41 71.53 384.02 0.0043351
sofa 0 0 -10 23.09 170.50 190.55 227.78 0.0037216
sofa 0 0 -10 2.38 126.85 240.71 293.95 0.0037013
chair 0 0 -10 0.73 209.60 32.39 281.53 0.0036447
sofa 0 0 -10 116.30 187.84 205.91 270.58 0.0036382
table 0 0 -10 0.35 207.62 27.60 265.00 0.0036320
table 0 0 -10 0.30 269.66 34.44 430.59 0.0034811
night_stand 0 0 -10 67.97 252.64 144.70 309.98 0.0026823
table 0 0 -10 206.26 204.99 302.25 262.82 0.0026419
chair 0 0 -10 0.29 190.54 107.82 349.92 0.0026087
table 0 0 -10 437.64 234.84 586.34 441.00 0.0026072
chair 0 0 -10 0.00 248.48 70.01 313.68 0.0025621
table 0 0 -10 3.84 157.35 202.90 261.15 0.0025481
chair 0 0 -10 207.36 194.40 303.20 263.61 0.0025421
desk 0 0 -10 0.70 223.74 70.40 385.91 0.0025042
sofa 0 0 -10 51.75 235.97 149.82 311.15 0.0024163
desk 0 0 -10 204.18 163.44 312.52 270.23 0.0023424
table 0 0 -10 94.88 242.53 180.03 279.48 0.0022484
chair 0 0 -10 0.33 22.39 52.79 403.14 0.0021316
bathtub 0 0 -10 411.62 211.29 589.91 432.01 0.0020957
table 0 0 -10 6.30 243.43 35.30 268.43 0.0018733
chair 0 0 -10 1.03 268.80 31.82 403.93 0.0018650
chair 0 0 -10 9.68 196.37 26.08 275.34 0.0018600
toilet 0 0 -10 204.99 135.07 312.33 267.83 0.0018487
table 0 0 -10 3.61 228.35 111.66 295.58 0.0017791
table 0 0 -10 0.09 201.66 26.48 232.86 0.0017576
desk 0 0 -10 2.54 205.58 36.91 407.81 0.0017332
table 0 0 -10 7.67 160.21 96.14 223.24 0.0016940
sofa 0 0 -10 18.93 175.08 107.87 224.16 0.0016326
table 0 0 -10 11.40 249.39 201.01 411.41 0.0016197
chair 0 0 -10 4.56 187.30 155.15 300.78 0.0014668
sofa 0 0 -10 12.87 209.31 194.78 283.23 0.0013952
table 0 0 -10 0.27 234.32 18.90 404.60 0.0013866
bed 0 0 -10 1.85 158.60 207.70 267.56 0.0013792
desk 0 0 -10 6.92 228.84 178.45 409.04 0.0013232
chair 0 0 -10 0.00 176.26 219.46 368.41 0.0013051
chair 0 0 -10 182.12 156.45 329.26 349.76 0.0012360
table 0 0 -10 1.27 209.16 9.62 307.61 0.0011932
chair 0 0 -10 188.75 222.34 307.27 298.24 0.0011903
table 0 0 -10 1.86 209.66 11.79 409.63 0.0011809
table 0 0 -10 15.53 264.46 54.96 280.39 0.0011406
sofa 0 0 -10 0.00 199.90 57.31 330.80 0.0011065
table 0 0 -10 37.91 219.22 526.80 429.43 0.0010398
chair 0 0 -10 1.60 201.75 6.57 389.48 0.0009891
chair 0 0 -10 182.92 4.95 277.82 50.66 0.0009771
sofa 0 0 -10 62.18 154.51 278.33 274.36 0.0009760
chair 0 0 -10 75.33 241.11 141.09 309.48 0.0009736
sofa 0 0 -10 73.28 163.11 201.44 250.62 0.0009695
chair 0 0 -10 0.50 188.57 75.23 286.85 0.0009454
sofa 0 0 -10 0.31 202.01 25.43 323.97 0.0009001
table 0 0 -10 3.78 186.20 7.68 312.43 0.0008213
chair 0 0 -10 0.00 306.41 72.68 435.60 0.0007969
chair 0 0 -10 3.45 201.54 27.41 248.43 0.0007898
table 0 0 -10 14.82 210.48 313.80 412.36 0.0007858
table 0 0 -10 0.58 223.17 27.04 246.85 0.0007773
table 0 0 -10 1.70 227.16 48.66 269.50 0.0007685
bathtub 0 0 -10 460.08 199.60 591.00 323.07 0.0007656
chair 0 0 -10 2.87 241.04 33.21 263.21 0.0007475
bed 0 0 -10 0.56 231.67 72.93 379.95 0.0007287
chair 0 0 -10 5.56 233.45 240.58 429.65 0.0006768
sofa 0 0 -10 0.00 189.24 306.82 413.18 0.0006343
table 0 0 -10 2.59 252.27 26.96 270.82 0.0006323
night_stand 0 0 -10 9.92 249.96 89.37 405.92 0.0006038
chair 0 0 -10 13.17 229.61 130.58 321.12 0.0005997
desk 0 0 -10 2.40 154.80 208.45 263.41 0.0005905
bed 0 0 -10 205.74 148.18 311.37 275.67 0.0005901
