sofa 0 0 -10 71.56 94.30 192.53 176.81 0.9184497
sofa 0 0 -10 53.12 190.64 383.71 441.00 0.8200082
sofa 0 0 -10 158.97 114.66 335.85 254.67 0.7649258
chair 0 0 -10 381.06 104.95 525.43 229.23 0.5938192
sofa 0 0 -10 411.22 198.74 586.26 415.48 0.5324543
chair 0 0 -10 371.96 82.43 415.79 146.51 0.3498661
table 0 0 -10 484.49 159.49 589.64 231.95 0.3250706
chair 0 0 -10 270.97 86.70 335.92 148.64 0.3080258
table 0 0 -10 280.35 89.68 382.24 142.43 0.2989691
sofa 0 0 -10 535.16 181.19 588.98 414.58 0.2857973
table 0 0 -10 264.19 125.97 346.01 174.26 0.2165214
chair 0 0 -10 328.37 91.16 379.29 152.63 0.1983215
sofa 0 0 -10 381.71 102.45 535.12 224.60 0.1894962
chair 0 0 -10 164.06 115.54 333.68 254.00 0.1863431
chair 0 0 -10 270.52 84.59 323.65 125.65 0.1808585
desk 0 0 -10 281.07 86.47 383.50 134.57 0.0842735
table 0 0 -10 67.56 116.10 172.80 176.64 0.0678044
table 0 0 -10 430.32 140.88 584.84 237.11 0.0642806
chair 0 0 -10 341.39 87.55 417.31 154.63 0.0625102
sofa 0 0 -10 496.16 166.68 588.37 383.37 0.0570919
sofa 0 0 -10 561.52 177.45 589.93 420.82 0.0566778
chair 0 0 -10 60.88 202.02 377.75 437.48 0.0538275
table 0 0 -10 272.87 98.51 413.00 156.27 0.0526332
sofa 0 0 -10 124.43 117.85 380.57 311.40 0.0487512
chair 0 0 -10 351.61 83.00 391.83 151.04 0.0459322
chair 0 0 -10 386.43 80.47 415.62 115.82 0.0301768
chair 0 0 -10 362.76 85.17 379.94 147.93 0.0296188
chair 0 0 -10 335.28 93.31 374.58 130.73 0.0293023
chair 0 0 -10 341.16 79.07 382.14 139.44 0.0282102
table 0 0 -10 138.52 94.58 194.17 122.12 0.0281724
table 0 0 -10 246.12 115.50 344.58 209.26 0.0279232
table 0 0 -10 298.53 87.28 356.04 135.75 0.0255223
chair 0 0 -10 382.79 83.40 438.73 144.36 0.0250897
table 0 0 -10 409.55 167.93 586.64 360.42 0.0236680
chair 0 0 -10 411.37 181.73 591.00 419.18 0.0222964
table 0 0 -10 163.03 150.96 321.77 280.75 0.0200691
table 0 0 -10 486.36 133.54 588.91 296.31 0.0191231
desk 0 0 -10 292.27 88.12 407.95 156.98 0.0186662
chair 0 0 -10 513.46 176.69 591.00 382.74 0.0180081
bed 0 0 -10 66.26 102.33 173.04 174.80 0.0179574
desk 0 0 -10 276.23 100.63 360.79 153.00 0.0175190
sofa 0 0 -10 84.95 92.43 195.14 139.94 0.0169690
sofa 0 0 -10 247.56 185.87 569.92 441.00 0.0161579
chair 0 0 -10 235.68 107.62 329.30 173.43 0.0161280
chair 0 0 -10 382.16 87.78 394.49 142.30 0.0148959
chair 0 0 -10 386.31 85.03 406.66 138.18 0.0141236
sofa 0 0 -10 99.10 103.55 276.18 212.46 0.0139608
chair 0 0 -10 291.05 89.58 365.52 149.18 0.0134052
table 0 0 -10 122.35 95.72 208.73 156.92 0.0130110
chair 0 0 -10 382.88 93.34 489.73 168.93 0.0129999
desk 0 0 -10 259.09 66.02 386.78 151.18 0.0125247
table 0 0 -10 546.26 235.11 589.51 426.01 0.0124860
desk 0 0 -10 307.77 89.88 372.14 150.98 0.0120041
table 0 0 -10 269.08 130.07 345.58 150.83 0.0104143
table 0 0 -10 191.18 123.86 332.98 247.42 0.0103426
table 0 0 -10 259.55 84.32 381.85 172.76 0.0100361
table 0 0 -10 274.32 109.86 354.88 154.20 0.0093973
chair 0 0 -10 298.23 102.54 327.79 131.79 0.0092216
chair 0 0 -10 66.10 103.92 158.85 177.07 0.0090174
sofa 0 0 -10 171.33 110.41 321.37 182.09 0.0090036
chair 0 0 -10 328.91 86.39 365.57 124.14 0.0089105
table 0 0 -10 315.55 92.92 372.70 150.86 0.0078770
chair 0 0 -10 375.61 81.32 384.69 151.59 0.0077262
table 0 0 -10 389.20 125.85 546.67 248.10 0.0075956
sofa 0 0 -10 33.14 147.51 308.30 382.16 0.0074547
table 0 0 -10 60.47 109.54 193.15 213.07 0.0074110
desk 0 0 -10 290.86 84.89 340.44 128.35 0.0072994
chair 0 0 -10 379.73 86.83 388.72 148.85 0.0072819
table 0 0 -10 368.65 108.74 422.47 156.68 0.0069256
table 0 0 -10 112.46 91.46 195.19 129.82 0.0068796
table 0 0 -10 371.72 93.48 447.11 164.81 0.0067781
chair 0 0 -10 378.55 85.73 410.47 122.63 0.0067102
sofa 0 0 -10 377.52 141.28 591.00 355.84 0.0062264
chair 0 0 -10 177.76 111.30 308.53 182.78 0.0061135
table 0 0 -10 290.66 86.16 379.51 118.15 0.0059742
chair 0 0 -10 63.05 0.07 152.95 77.40 0.0057978
sofa 0 0 -10 129.49 90.61 190.04 127.92 0.0057861
chair 0 0 -10 497.86 149.30 589.09 227.58 0.0056502
chair 0 0 -10 313.44 91.11 328.83 126.72 0.0053724
desk 0 0 -10 492.28 142.22 587.99 230.24 0.0053385
chair 0 0 -10 81.93 92.15 182.47 161.38 0.0052379
chair 0 0 -10 303.43 86.45 327.82 123.81 0.0049053
table 0 0 -10 111.07 127.46 125.98 180.16 0.0048604
chair 0 0 -10 143.66 93.86 193.93 124.56 0.0048114
table 0 0 -10 350.29 103.71 408.16 157.57 0.0046464
table 0 0 -10 494.36 142.09 591.00 204.66 0.0045353
table 0 0 -10 227.55 105.90 355.98 161.70 0.0043788
chair 0 0 -10 268.09 84.50 300.67 118.82 0.0043128
table 0 0 -10 287.51 87.68 332.04 121.56 0.0043116
table 0 0 -10 235.28 79.41 421.38 144.69 0.0042390
sofa 0 0 -10 126.34 98.83 197.00 149.31 0.0040915
chair 0 0 -10 132.45 92.46 196.70 146.54 0.0040462
chair 0 0 -10 277.16 126.40 342.47 150.81 0.0040404
table 0 0 -10 301.62 95.93 332.09 125.60 0.0038945
desk 0 0 -10 264.11 117.05 353.65 185.27 0.0038852
chair 0 0 -10 446.53 106.55 578.92 238.32 0.0038648
sofa 0 0 -10 565.33 114.01 590.49 350.72 0.0038417
sofa 0 0 -10 225.25 115.57 337.84 216.39 0.0036704
chair 0 0 -10 303.53 83.25 341.06 135.24 0.0034713
chair 0 0 -10 560.13 181.73 590.36 415.79 0.0033783
