chair 0 0 -10 4.26 259.85 261.51 431.75 0.9862043
chair 0 0 -10 45.83 199.71 202.04 375.43 0.9420478
chair 0 0 -10 462.38 184.94 591.00 384.63 0.9338883
table 0 0 -10 0.00 203.53 101.37 396.45 0.7805667
table 0 0 -10 275.82 220.92 591.00 440.68 0.7554622
desk 0 0 -10 271.65 203.13 563.95 441.00 0.7072372
table 0 0 -10 0.00 202.53 94.39 273.63 0.4601093
chair 0 0 -10 483.14 188.96 590.77 285.44 0.2985311
chair 0 0 -10 452.61 172.90 508.14 249.89 0.2817694
chair 0 0 -10 69.69 191.61 200.15 259.76 0.2231694
chair 0 0 -10 4.97 211.92 134.63 424.31 0.1858903
chair 0 0 -10 431.06 169.69 519.77 315.78 0.1839305
desk 0 0 -10 0.00 202.01 97.05 398.86 0.1343570
desk 0 0 -10 0.00 198.27 87.90 280.79 0.1224016
chair 0 0 -10 393.97 200.74 579.53 427.22 0.1082039
table 0 0 -10 0.62 223.37 189.72 377.85 0.0966419
chair 0 0 -10 448.25 171.91 538.65 268.74 0.0698491
chair 0 0 -10 542.76 177.77 591.00 363.59 0.0574885
chair 0 0 -10 0.00 244.12 83.05 420.58 0.0548615
chair 0 0 -10 20.87 199.72 189.81 289.01 0.0503392
chair 0 0 -10 119.17 156.66 208.04 251.04 0.0481226
chair 0 0 -10 536.56 175.59 591.00 258.15 0.0468402
chair 0 0 -10 3.60 199.09 111.23 279.78 0.0446795
chair 0 0 -10 6.38 205.22 101.29 349.88 0.0383420
chair 0 0 -10 420.18 189.71 575.51 274.00 0.0369027
desk 0 0 -10 402.65 242.57 587.94 414.11 0.0306244
chair 0 0 -10 404.05 172.35 503.74 273.08 0.0293238
chair 0 0 -10 287.49 248.12 550.88 435.65 0.0279000
chair 0 0 -10 556.23 159.93 591.00 296.56 0.0275488
chair 0 0 -10 253.41 116.58 318.92 205.97 0.0263377
table 0 0 -10 0.00 201.23 177.49 281.99 0.0240728
desk 0 0 -10 0.00 215.80 170.46 418.17 0.0238305
chair 0 0 -10 521.72 199.06 588.87 413.12 0.0203734
table 0 0 -10 390.07 245.58 591.00 413.26 0.0202364
table 0 0 -10 525.46 255.14 590.92 438.36 0.0195042
table 0 0 -10 482.66 205.87 591.00 431.86 0.0192003
chair 0 0 -10 567.42 174.69 591.00 260.97 0.0168872
chair 0 0 -10 147.52 164.67 210.79 289.68 0.0158478
chair 0 0 -10 6.95 281.04 194.66 384.34 0.0129845
chair 0 0 -10 79.06 225.91 396.79 438.45 0.0117360
table 0 0 -10 271.30 183.39 517.39 284.50 0.0114615
table 0 0 -10 83.14 234.30 203.99 389.88 0.0111482
chair 0 0 -10 268.16 130.35 306.87 203.82 0.0106825
desk 0 0 -10 489.77 255.59 587.41 387.40 0.0095705
sofa 0 0 -10 0.00 211.62 220.60 418.25 0.0093415
chair 0 0 -10 275.39 122.32 320.41 184.84 0.0089735
table 0 0 -10 345.07 182.49 579.85 376.01 0.0086678
chair 0 0 -10 1.38 205.07 63.49 252.89 0.0081415
chair 0 0 -10 366.75 175.13 448.02 288.68 0.0076667
chair 0 0 -10 154.23 161.30 208.71 237.55 0.0075317
table 0 0 -10 0.32 264.66 224.28 429.62 0.0073421
chair 0 0 -10 362.47 123.17 484.93 303.04 0.0073070
table 0 0 -10 536.88 166.78 590.73 240.88 0.0071721
desk 0 0 -10 260.38 189.23 495.62 302.27 0.0070930
desk 0 0 -10 353.75 184.75 578.32 380.79 0.0068685
chair 0 0 -10 45.43 405.67 245.97 441.00 0.0064708
chair 0 0 -10 576.51 157.29 591.00 304.61 0.0063233
chair 0 0 -10 282.42 132.37 294.06 198.64 0.0052882
chair 0 0 -10 566.16 182.05 589.04 343.43 0.0051537
chair 0 0 -10 22.54 146.64 194.74 322.86 0.0051022
table 0 0 -10 473.71 174.64 587.47 260.09 0.0049083
chair 0 0 -10 226.20 220.21 427.34 436.52 0.0048982
chair 0 0 -10 0.00 300.77 461.04 439.66 0.0048092
chair 0 0 -10 473.51 175.66 545.06 242.71 0.0046593
table 0 0 -10 194.33 206.74 488.65 433.00 0.0046465
chair 0 0 -10 512.26 168.14 575.96 231.01 0.0045307
table 0 0 -10 262.72 187.39 344.24 215.45 0.0044814
table 0 0 -10 488.59 185.25 589.40 330.65 0.0041330
chair 0 0 -10 583.47 176.69 590.90 255.55 0.0040655
table 0 0 -10 66.16 196.28 193.46 255.58 0.0040092
chair 0 0 -10 307.69 302.31 493.42 441.00 0.0039963
table 0 0 -10 19.48 235.02 351.82 424.56 0.0039253
chair 0 0 -10 56.78 139.00 210.46 258.84 0.0039085
chair 0 0 -10 390.80 163.30 566.15 256.81 0.0039008
chair 0 0 -10 494.54 182.84 582.10 247.91 0.0038913
table 0 0 -10 542.41 168.06 590.07 192.20 0.0038020
table 0 0 -10 0.00 168.01 119.33 329.10 0.0037522
chair 0 0 -10 393.95 172.92 471.03 313.31 0.0037161
desk 0 0 -10 529.16 253.82 589.44 440.89 0.0036713
chair 0 0 -10 1.86 239.42 51.49 389.71 0.0036215
sofa 0 0 -10 249.55 200.80 591.00 438.44 0.0034819
chair 0 0 -10 0.00 177.85 70.43 273.21 0.0034294
sofa 0 0 -10 0.00 211.86 108.94 392.19 0.0032474
desk 0 0 -10 0.00 201.12 182.31 283.31 0.0032401
chair 0 0 -10 249.12 163.07 305.00 214.34 0.0031344
bed 0 0 -10 268.77 187.11 591.00 441.00 0.0030828
chair 0 0 -10 536.08 158.15 586.20 229.86 0.0030425
table 0 0 -10 0.00 191.81 31.37 419.81 0.0030179
desk 0 0 -10 484.51 189.37 590.95 348.66 0.0030105
table 0 0 -10 1.68 194.56 13.30 426.54 0.0030095
table 0 0 -10 482.90 165.01 587.98 224.41 0.0029824
desk 0 0 -10 545.12 169.91 590.08 190.58 0.0028326
table 0 0 -10 375.16 219.35 488.91 269.51 0.0027496
table 0 0 -10 361.60 203.34 487.30 297.98 0.0027268
sofa 0 0 -10 0.00 270.37 325.22 439.45 0.0027123
desk 0 0 -10 388.85 160.34 586.91 250.40 0.0026843
desk 0 0 -10 0.00 298.99 262.13 436.82 0.0026760
chair 0 0 -10 370.40 181.02 491.80 249.45 0.0026114
table 0 0 -10 263.42 187.30 485.66 240.18 0.0025233
table 0 0 -10 0.00 205.25 60.40 253.73 0.0024057
