table 0 0 -10 259.17 135.26 407.85 197.53 0.9856193
chair 0 0 -10 187.08 131.76 246.43 239.25 0.9742570
table 0 0 -10 0.97 152.80 47.36 257.59 0.8946225
sofa 0 0 -10 423.78 168.04 589.81 347.38 0.7404482
sofa 0 0 -10 242.52 161.38 456.71 314.01 0.5962995
chair 0 0 -10 269.33 102.57 329.79 168.50 0.5916142
chair 0 0 -10 360.22 126.66 419.09 186.92 0.5655916
table 0 0 -10 244.54 133.88 416.51 259.68 0.5621760
chair 0 0 -10 2.02 105.34 55.71 254.92 0.2607161
chair 0 0 -10 426.25 170.21 590.58 342.30 0.1647305
chair 0 0 -10 247.58 166.15 428.77 311.63 0.1639102
table 0 0 -10 0.00 146.36 27.03 292.63 0.1323630
table 0 0 -10 4.93 139.25 76.07 263.13 0.1082590
chair 0 0 -10 181.85 134.26 293.79 245.62 0.0982175
chair 0 0 -10 270.48 112.16 380.08 182.65 0.0795781
desk 0 0 -10 159.20 61.58 433.77 179.03 0.0758321
chair 0 0 -10 0.81 61.92 77.77 231.13 0.0659017
table 0 0 -10 0.03 148.07 50.61 373.41 0.0542189
chair 0 0 -10 379.47 129.90 416.23 171.62 0.0527446
chair 0 0 -10 276.92 101.54 325.17 138.11 0.0495602
bookshelf 0 0 -10 173.55 54.76 422.81 186.79 0.0476735
chair 0 0 -10 279.79 122.97 343.72 176.49 0.0428319
chair 0 0 -10 338.75 135.14 409.31 196.79 0.0397765
table 0 0 -10 0.65 150.50 11.75 260.69 0.0369979
desk 0 0 -10 206.61 129.53 424.43 238.14 0.0332331
table 0 0 -10 214.41 105.36 419.12 193.29 0.0290179
table 0 0 -10 3.15 151.29 9.18 249.13 0.0261220
chair 0 0 -10 225.70 152.72 378.06 262.20 0.0254113
chair 0 0 -10 0.02 138.83 46.26 337.26 0.0231997
chair 0 0 -10 290.80 116.58 323.43 169.30 0.0211002
chair 0 0 -10 353.56 130.04 446.55 226.15 0.0198975
sofa 0 0 -10 283.10 162.47 568.87 334.30 0.0169792
table 0 0 -10 1.56 154.52 17.82 237.22 0.0152318
table 0 0 -10 392.46 174.76 572.92 342.12 0.0149086
chair 0 0 -10 0.00 144.54 38.82 260.30 0.0136232
table 0 0 -10 168.18 66.05 424.47 179.82 0.0133275
desk 0 0 -10 1.65 144.18 49.07 265.15 0.0126668
chair 0 0 -10 294.49 134.14 401.26 178.15 0.0124073
dresser 0 0 -10 160.43 50.48 427.49 168.45 0.0123995
chair 0 0 -10 377.22 154.81 456.86 263.64 0.0122497
chair 0 0 -10 243.91 119.22 351.43 218.52 0.0117065
chair 0 0 -10 450.51 154.66 591.00 260.62 0.0111623
desk 0 0 -10 266.46 136.00 399.29 190.78 0.0108258
desk 0 0 -10 213.83 101.24 422.78 193.30 0.0107343
desk 0 0 -10 241.45 151.14 434.37 308.73 0.0101894
table 0 0 -10 1.00 85.33 91.54 238.27 0.0092473
table 0 0 -10 4.42 154.32 11.86 236.58 0.0091567
chair 0 0 -10 3.12 123.44 88.67 272.88 0.0087698
desk 0 0 -10 163.06 44.68 446.87 268.66 0.0084000
chair 0 0 -10 263.12 139.25 415.63 230.70 0.0080311
chair 0 0 -10 335.25 165.07 450.27 303.93 0.0075120
table 0 0 -10 219.52 164.33 366.28 263.83 0.0073503
chair 0 0 -10 240.40 77.20 411.08 185.58 0.0071127
table 0 0 -10 337.38 134.19 418.85 200.42 0.0066462
table 0 0 -10 364.61 186.25 502.09 291.41 0.0065883
table 0 0 -10 568.60 290.80 589.94 354.47 0.0063268
table 0 0 -10 303.18 164.43 476.31 312.51 0.0060918
chair 0 0 -10 186.80 132.33 240.64 187.89 0.0056791
table 0 0 -10 0.00 144.54 6.30 252.65 0.0047791
table 0 0 -10 1.46 122.16 15.62 358.72 0.0047553
table 0 0 -10 450.84 147.56 588.14 253.19 0.0046656
sofa 0 0 -10 451.86 160.00 590.14 257.35 0.0045394
chair 0 0 -10 0.38 129.05 18.60 263.40 0.0044046
table 0 0 -10 2.21 136.05 8.19 325.93 0.0041142
dresser 0 0 -10 249.62 143.20 429.43 308.82 0.0038726
table 0 0 -10 223.12 163.36 431.33 316.39 0.0037458
bookshelf 0 0 -10 242.89 134.33 423.46 305.13 0.0036537
table 0 0 -10 319.27 152.50 443.93 211.18 0.0035730
table 0 0 -10 574.22 335.41 590.25 350.78 0.0032357
sofa 0 0 -10 171.78 109.70 496.26 343.72 0.0030818
chair 0 0 -10 257.70 93.30 362.82 167.41 0.0027966
table 0 0 -10 267.48 128.77 402.44 169.78 0.0026662
sofa 0 0 -10 550.25 113.35 588.04 292.86 0.0026555
chair 0 0 -10 410.92 131.39 419.17 190.34 0.0026450
chair 0 0 -10 334.52 150.88 443.32 203.54 0.0026290
chair 0 0 -10 375.71 157.82 455.89 208.01 0.0026249
table 0 0 -10 580.20 271.25 590.33 370.89 0.0025659
chair 0 0 -10 3.07 133.39 11.19 260.57 0.0025617
chair 0 0 -10 284.21 146.81 390.65 194.97 0.0025569
desk 0 0 -10 1.83 101.71 79.10 269.10 0.0025208
desk 0 0 -10 155.33 5.00 440.93 137.07 0.0024861
bed 0 0 -10 247.00 149.62 438.49 319.10 0.0024391
table 0 0 -10 190.36 162.59 247.66 242.19 0.0022135
table 0 0 -10 170.63 88.31 442.72 308.09 0.0022103
table 0 0 -10 0.00 137.80 2.97 240.35 0.0021812
table 0 0 -10 313.98 145.26 401.70 195.66 0.0021489
chair 0 0 -10 302.38 120.56 331.41 173.36 0.0021315
table 0 0 -10 7.27 156.41 28.72 242.14 0.0021162
table 0 0 -10 266.93 115.05 348.41 176.11 0.0021089
sofa 0 0 -10 564.18 90.15 589.36 370.21 0.0020918
table 0 0 -10 577.48 286.88 590.40 436.44 0.0019422
chair 0 0 -10 310.27 133.36 342.34 175.13 0.0019213
table 0 0 -10 7.47 157.86 16.34 232.23 0.0018876
desk 0 0 -10 0.20 148.49 33.17 382.68 0.0018284
chair 0 0 -10 2.47 129.17 6.90 253.57 0.0018160
sofa 0 0 -10 0.59 130.59 60.48 265.35 0.0018126
chair 0 0 -10 0.00 110.12 2.96 234.73 0.0017619
table 0 0 -10 331.77 149.64 456.37 262.66 0.0017511
sofa 0 0 -10 65.67 152.38 571.23 409.56 0.0017017
chair 0 0 -10 184.68 148.64 352.20 318.49 0.0016918
