chair 0 0 -10 201.68 159.40 362.39 430.60 0.9805257
chair 0 0 -10 0.00 202.87 169.75 441.00 0.8589151
table 0 0 -10 17.12 172.42 234.74 306.83 0.7175879
desk 0 0 -10 448.88 168.73 591.00 440.19 0.6795372
table 0 0 -10 0.44 200.65 147.89 441.00 0.6398485
table 0 0 -10 445.99 169.36 590.20 441.00 0.5695888
table 0 0 -10 9.82 162.53 262.19 415.37 0.5670991
desk 0 0 -10 8.47 158.84 268.04 429.44 0.2427615
desk 0 0 -10 31.67 164.00 233.89 328.20 0.2311659
desk 0 0 -10 1.07 193.84 152.69 441.00 0.2031399
chair 0 0 -10 79.06 188.39 328.04 441.00 0.1269694
chair 0 0 -10 140.52 113.90 207.17 163.62 0.0708007
chair 0 0 -10 14.74 171.35 184.97 342.84 0.0326996
table 0 0 -10 509.37 231.45 591.00 441.00 0.0265465
table 0 0 -10 1.34 151.46 225.21 253.45 0.0165839
chair 0 0 -10 52.02 188.76 218.82 429.55 0.0155505
desk 0 0 -10 4.49 150.55 218.27 251.53 0.0153940
desk 0 0 -10 512.05 228.87 591.00 441.00 0.0149450
table 0 0 -10 296.04 1.46 364.17 56.35 0.0131853
table 0 0 -10 11.71 163.56 493.67 431.63 0.0120484
chair 0 0 -10 206.84 170.54 352.07 308.80 0.0117740
chair 0 0 -10 126.76 111.23 216.39 225.76 0.0110946
table 0 0 -10 12.37 233.32 185.29 322.92 0.0109691
table 0 0 -10 0.00 238.69 58.18 434.64 0.0108986
desk 0 0 -10 305.43 165.32 588.91 441.00 0.0105548
desk 0 0 -10 13.94 160.58 499.68 441.00 0.0082761
chair 0 0 -10 75.18 178.09 189.22 303.86 0.0081293
sofa 0 0 -10 0.00 199.39 173.35 440.68 0.0076403
chair 0 0 -10 142.84 158.37 333.26 358.91 0.0075697
chair 0 0 -10 472.93 254.09 584.17 440.28 0.0070003
table 0 0 -10 160.02 186.47 349.74 434.70 0.0061710
chair 0 0 -10 313.56 0.00 368.67 45.71 0.0049116
table 0 0 -10 0.00 190.92 101.68 367.68 0.0048368
chair 0 0 -10 111.38 141.11 477.14 434.43 0.0046052
chair 0 0 -10 276.30 3.21 361.85 42.76 0.0043632
chair 0 0 -10 168.82 132.36 347.14 280.19 0.0041904
table 0 0 -10 57.63 207.73 219.44 440.05 0.0041093
table 0 0 -10 311.89 8.68 368.81 81.58 0.0038790
chair 0 0 -10 0.00 249.86 89.05 434.43 0.0038491
table 0 0 -10 67.78 149.54 342.88 372.68 0.0034280
chair 0 0 -10 288.70 0.00 364.21 75.97 0.0033827
table 0 0 -10 307.55 0.92 373.30 30.77 0.0032523
chair 0 0 -10 7.41 190.80 113.99 387.49 0.0030719
dresser 0 0 -10 443.18 162.25 591.00 441.00 0.0029786
desk 0 0 -10 13.76 233.48 186.11 323.99 0.0025630
chair 0 0 -10 107.24 167.16 218.34 288.38 0.0024540
table 0 0 -10 0.00 177.30 51.72 363.00 0.0023721
table 0 0 -10 256.17 2.83 369.25 67.21 0.0023330
dresser 0 0 -10 145.97 114.10 204.41 159.06 0.0021502
table 0 0 -10 0.00 198.25 29.20 436.11 0.0020793
desk 0 0 -10 102.51 167.14 366.88 389.42 0.0020523
desk 0 0 -10 0.64 185.61 98.48 371.09 0.0020178
table 0 0 -10 146.30 114.89 204.24 157.57 0.0019048
night_stand 0 0 -10 441.96 167.01 591.00 441.00 0.0018707
table 0 0 -10 0.73 128.58 307.88 291.63 0.0016845
chair 0 0 -10 0.22 171.27 76.44 352.54 0.0016589
chair 0 0 -10 408.68 198.76 566.50 439.80 0.0016296
night_stand 0 0 -10 145.80 112.83 204.73 160.03 0.0015845
table 0 0 -10 546.81 200.42 590.77 415.19 0.0015382
desk 0 0 -10 548.85 196.81 589.98 415.46 0.0014280
desk 0 0 -10 0.00 125.74 313.76 294.19 0.0014136
table 0 0 -10 543.15 289.54 590.11 440.34 0.0013836
night_stand 0 0 -10 300.01 3.99 375.09 98.33 0.0013376
chair 0 0 -10 196.40 0.57 338.13 49.85 0.0012060
night_stand 0 0 -10 296.77 1.39 365.88 55.58 0.0012048
table 0 0 -10 107.77 241.51 264.80 441.00 0.0010897
desk 0 0 -10 293.47 6.11 372.35 49.68 0.0010876
chair 0 0 -10 522.46 114.74 591.00 255.41 0.0010702
bed 0 0 -10 0.00 196.80 192.41 441.00 0.0010585
chair 0 0 -10 252.36 0.00 340.84 68.79 0.0010401
chair 0 0 -10 552.69 135.14 591.00 220.87 0.0010355
bathtub 0 0 -10 446.34 164.90 591.00 428.89 0.0010078
dresser 0 0 -10 0.00 206.61 191.62 441.00 0.0009553
sofa 0 0 -10 145.15 114.75 205.79 160.28 0.0009448
chair 0 0 -10 246.92 4.31 320.00 42.16 0.0009025
table 0 0 -10 181.27 165.27 348.05 314.68 0.0008858
desk 0 0 -10 66.77 177.02 192.31 409.86 0.0008748
table 0 0 -10 119.19 146.30 226.27 232.32 0.0008482
desk 0 0 -10 144.74 114.29 205.60 159.46 0.0008042
table 0 0 -10 478.73 135.64 591.00 321.86 0.0007974
chair 0 0 -10 0.00 62.37 49.93 337.19 0.0007855
chair 0 0 -10 0.11 152.08 37.19 347.84 0.0007817
chair 0 0 -10 176.83 1.50 273.98 45.46 0.0007724
desk 0 0 -10 311.19 7.16 371.27 81.89 0.0007426
table 0 0 -10 4.96 231.35 17.23 434.08 0.0007260
sofa 0 0 -10 140.41 161.10 386.37 433.50 0.0007187
chair 0 0 -10 527.81 261.21 591.00 439.37 0.0006926
toilet 0 0 -10 0.00 206.45 188.80 441.00 0.0006885
chair 0 0 -10 328.10 2.40 373.27 69.05 0.0006836
bookshelf 0 0 -10 0.00 204.64 188.02 439.21 0.0006796
chair 0 0 -10 83.80 0.00 160.10 42.39 0.0006641
desk 0 0 -10 502.46 154.20 589.28 326.22 0.0006449
night_stand 0 0 -10 0.00 208.87 194.21 441.00 0.0006428
table 0 0 -10 428.41 82.23 586.91 269.32 0.0006426
desk 0 0 -10 1.15 199.50 44.56 415.96 0.0006290
bathtub 0 0 -10 0.00 212.60 198.01 437.73 0.0006255
chair 0 0 -10 314.80 0.00 376.28 107.58 0.0006221
desk 0 0 -10 8.88 154.69 199.24 205.42 0.0006052
chair 0 0 -10 554.26 128.96 590.69 306.40 0.0006044
table 0 0 -10 2.35 154.59 146.30 200.39 0.0005864
