chair 0 0 -10 261.58 138.57 383.75 281.75 0.9880116
chair 0 0 -10 456.10 135.35 574.62 264.74 0.9786881
chair 0 0 -10 222.88 125.84 330.00 259.09 0.9694082
chair 0 0 -10 396.96 129.56 491.55 250.62 0.9473796
chair 0 0 -10 147.45 112.07 231.77 194.14 0.7911633
chair 0 0 -10 360.78 121.37 429.30 212.41 0.6700110
chair 0 0 -10 537.82 105.83 590.04 209.61 0.6626931
chair 0 0 -10 376.33 126.45 461.13 220.42 0.6044953
chair 0 0 -10 463.95 125.27 551.83 220.00 0.5791227
chair 0 0 -10 474.87 121.90 528.12 191.64 0.4953116
chair 0 0 -10 160.49 116.85 251.88 226.71 0.4228616
chair 0 0 -10 313.32 111.33 391.94 201.09 0.3949797
chair 0 0 -10 425.67 124.67 509.72 227.30 0.3762923
chair 0 0 -10 332.97 120.25 416.12 190.36 0.3716909
chair 0 0 -10 514.51 120.53 589.97 247.06 0.3559648
chair 0 0 -10 405.68 120.92 467.32 182.01 0.3497147
chair 0 0 -10 344.64 122.77 504.12 228.69 0.3153310
chair 0 0 -10 499.76 110.35 578.31 203.47 0.2881941
chair 0 0 -10 63.09 90.48 132.21 165.36 0.2348128
chair 0 0 -10 220.88 112.06 298.64 199.41 0.2165631
chair 0 0 -10 311.13 112.79 373.06 172.15 0.2036250
chair 0 0 -10 361.62 122.56 420.35 173.85 0.1965472
chair 0 0 -10 110.86 105.88 179.30 187.65 0.1904460
chair 0 0 -10 561.51 111.32 590.08 241.26 0.1380955
chair 0 0 -10 324.52 121.69 440.34 253.05 0.1265949
chair 0 0 -10 186.43 110.11 269.02 202.40 0.1255450
chair 0 0 -10 290.49 103.39 358.06 193.86 0.1231886
chair 0 0 -10 222.19 106.64 271.25 179.89 0.1102144
chair 0 0 -10 450.59 114.65 515.72 189.04 0.1011465
chair 0 0 -10 283.85 122.81 379.24 234.16 0.0988168
chair 0 0 -10 569.36 127.83 590.19 312.57 0.0977703
chair 0 0 -10 77.41 102.02 154.46 175.51 0.0956535
chair 0 0 -10 377.47 114.49 433.14 184.53 0.0954301
chair 0 0 -10 416.66 105.75 492.13 180.08 0.0928548
chair 0 0 -10 228.44 96.64 287.85 165.12 0.0869608
chair 0 0 -10 325.50 108.22 398.09 167.28 0.0867548
chair 0 0 -10 397.00 108.43 442.70 173.79 0.0831480
chair 0 0 -10 414.68 115.83 465.68 156.99 0.0804514
chair 0 0 -10 323.85 110.50 377.19 149.97 0.0781707
chair 0 0 -10 250.89 116.69 348.06 189.90 0.0720782
chair 0 0 -10 82.43 98.57 281.61 179.30 0.0649357
chair 0 0 -10 465.57 119.26 525.23 162.60 0.0527804
chair 0 0 -10 437.94 93.97 489.83 156.38 0.0498293
chair 0 0 -10 487.29 113.39 547.81 169.08 0.0497648
chair 0 0 -10 428.69 102.17 470.90 170.05 0.0482663
chair 0 0 -10 451.69 93.17 483.70 129.67 0.0476365
chair 0 0 -10 270.60 98.23 325.04 184.21 0.0470613
chair 0 0 -10 202.71 103.36 258.52 164.51 0.0454969
chair 0 0 -10 248.00 101.70 312.22 161.06 0.0449186
chair 0 0 -10 50.93 75.60 108.32 157.14 0.0439274
chair 0 0 -10 283.89 109.41 340.15 174.95 0.0420155
chair 0 0 -10 564.75 178.12 590.60 385.90 0.0410579
chair 0 0 -10 302.54 104.26 362.56 153.26 0.0406646
chair 0 0 -10 207.48 105.84 415.35 191.14 0.0393066
chair 0 0 -10 382.52 101.46 430.89 154.34 0.0381534
chair 0 0 -10 149.60 108.99 212.28 167.60 0.0355753
chair 0 0 -10 570.09 220.13 590.52 350.23 0.0329085
chair 0 0 -10 271.79 110.74 331.91 150.00 0.0304617
chair 0 0 -10 437.02 107.63 531.06 166.24 0.0292495
chair 0 0 -10 226.22 85.01 267.76 144.84 0.0259895
chair 0 0 -10 284.72 94.80 326.53 158.67 0.0258650
chair 0 0 -10 409.53 108.39 440.59 145.59 0.0239339
chair 0 0 -10 576.50 105.00 590.66 236.96 0.0225354
table 0 0 -10 113.54 142.85 167.89 197.87 0.0221230
chair 0 0 -10 165.77 119.83 308.74 246.89 0.0217260
chair 0 0 -10 545.34 106.80 587.51 142.40 0.0207092
chair 0 0 -10 384.04 108.37 425.69 136.75 0.0194986
chair 0 0 -10 420.60 115.28 460.72 140.75 0.0177629
chair 0 0 -10 170.03 98.06 248.59 165.47 0.0173989
chair 0 0 -10 77.43 93.69 192.25 193.99 0.0169735
chair 0 0 -10 573.15 236.01 590.23 298.76 0.0154452
chair 0 0 -10 176.21 134.08 362.24 309.45 0.0142409
chair 0 0 -10 396.42 104.99 439.73 135.61 0.0135242
chair 0 0 -10 218.26 100.98 283.33 137.43 0.0133843
table 0 0 -10 144.73 141.51 209.07 204.54 0.0133677
chair 0 0 -10 463.47 109.03 486.57 130.12 0.0124193
chair 0 0 -10 245.34 114.48 426.51 234.74 0.0120117
chair 0 0 -10 437.48 97.67 469.03 130.28 0.0113380
chair 0 0 -10 346.99 103.22 382.26 133.59 0.0106095
chair 0 0 -10 232.74 82.40 262.96 110.43 0.0104463
chair 0 0 -10 459.45 0.00 566.50 99.21 0.0103449
chair 0 0 -10 319.38 102.99 353.93 135.54 0.0101762
table 0 0 -10 102.43 131.73 205.34 204.41 0.0100284
chair 0 0 -10 432.79 112.31 467.54 134.20 0.0099652
chair 0 0 -10 435.77 127.87 499.79 173.54 0.0096179
table 0 0 -10 564.86 184.21 589.95 386.32 0.0093349
chair 0 0 -10 578.96 99.32 591.00 167.07 0.0091039
table 0 0 -10 175.81 130.31 384.31 273.21 0.0085668
table 0 0 -10 328.85 116.97 532.74 227.16 0.0084167
chair 0 0 -10 577.53 209.60 590.54 287.76 0.0081797
chair 0 0 -10 264.50 97.40 518.71 174.39 0.0081557
chair 0 0 -10 459.63 35.93 574.45 232.58 0.0080018
table 0 0 -10 168.05 157.82 230.89 225.00 0.0070333
table 0 0 -10 136.46 115.57 233.29 180.27 0.0070170
chair 0 0 -10 50.52 77.35 90.22 111.55 0.0067901
bed 0 0 -10 0.00 239.27 591.00 437.97 0.0067292
chair 0 0 -10 412.86 108.45 453.99 133.16 0.0065453
chair 0 0 -10 377.89 113.22 416.89 143.20 0.0060157
chair 0 0 -10 301.04 123.04 548.12 290.30 0.0057026
table 0 0 -10 80.06 121.65 165.35 190.96 0.0056378
