chair 0 0 -10 106.66 299.12 306.65 437.48 0.9828259
chair 0 0 -10 124.49 219.81 257.00 379.86 0.9817542
chair 0 0 -10 109.79 178.95 211.28 292.57 0.9811365
chair 0 0 -10 104.13 158.57 179.50 245.18 0.9407393
table 0 0 -10 0.00 157.06 176.21 441.00 0.9342909
chair 0 0 -10 103.22 111.47 165.75 203.82 0.5258889
chair 0 0 -10 50.67 202.41 269.52 441.00 0.4083833
chair 0 0 -10 0.00 126.23 70.64 212.18 0.3800527
chair 0 0 -10 69.30 155.68 189.98 291.46 0.2980833
chair 0 0 -10 0.00 112.02 95.18 244.33 0.1988067
table 0 0 -10 6.19 160.08 157.96 310.73 0.1582446
chair 0 0 -10 89.72 189.46 222.95 346.29 0.1569337
chair 0 0 -10 21.88 140.68 150.05 266.08 0.1314459
chair 0 0 -10 105.32 106.85 152.48 173.36 0.1269983
chair 0 0 -10 0.00 129.98 61.44 177.36 0.1215050
chair 0 0 -10 81.65 143.91 166.04 231.22 0.0745914
desk 0 0 -10 2.52 164.67 185.46 441.00 0.0691890
chair 0 0 -10 0.00 123.99 76.90 330.55 0.0492087
desk 0 0 -10 169.41 105.09 590.87 437.58 0.0453695
table 0 0 -10 1.57 153.41 101.58 224.10 0.0424374
table 0 0 -10 53.71 223.73 199.27 441.00 0.0382038
chair 0 0 -10 26.23 153.16 178.23 363.88 0.0313540
table 0 0 -10 162.76 100.27 582.19 437.86 0.0290851
table 0 0 -10 34.02 299.98 213.43 387.91 0.0282130
table 0 0 -10 0.32 139.30 128.18 258.91 0.0220266
table 0 0 -10 61.10 179.28 182.26 330.91 0.0213503
chair 0 0 -10 43.84 118.55 174.91 236.94 0.0191188
chair 0 0 -10 0.00 153.83 100.39 419.38 0.0178428
table 0 0 -10 8.58 220.28 185.73 359.35 0.0175979
chair 0 0 -10 81.44 172.03 161.24 260.25 0.0173731
table 0 0 -10 2.94 160.52 77.95 376.29 0.0163762
table 0 0 -10 137.76 283.90 279.44 433.51 0.0158318
table 0 0 -10 0.79 149.22 76.18 201.13 0.0154362
table 0 0 -10 9.59 316.84 243.31 441.00 0.0145818
chair 0 0 -10 57.91 158.52 146.84 245.81 0.0145313
chair 0 0 -10 93.79 86.12 188.29 253.00 0.0141953
desk 0 0 -10 5.49 158.68 152.92 333.29 0.0138933
chair 0 0 -10 2.46 202.40 173.61 438.46 0.0129366
chair 0 0 -10 95.20 144.05 155.95 196.18 0.0125125
table 0 0 -10 34.86 168.40 157.64 254.74 0.0104329
table 0 0 -10 92.91 239.92 228.80 402.61 0.0103677
table 0 0 -10 0.00 119.89 71.46 232.55 0.0085330
table 0 0 -10 17.10 254.89 325.40 435.23 0.0084898
chair 0 0 -10 124.61 288.07 453.49 441.00 0.0074544
chair 0 0 -10 109.97 113.66 197.47 220.14 0.0057904
table 0 0 -10 30.63 197.76 121.43 243.70 0.0057229
bed 0 0 -10 164.26 38.41 582.67 421.84 0.0047088
chair 0 0 -10 124.21 149.45 191.19 223.80 0.0046159
chair 0 0 -10 47.10 190.01 131.66 244.40 0.0045218
chair 0 0 -10 5.02 36.38 149.77 262.23 0.0042901
chair 0 0 -10 66.79 111.33 148.00 216.23 0.0035723
chair 0 0 -10 125.67 166.51 190.37 263.20 0.0035042
desk 0 0 -10 140.22 283.81 274.99 431.14 0.0033639
table 0 0 -10 0.00 50.16 146.32 274.58 0.0032711
table 0 0 -10 208.49 240.64 549.47 438.34 0.0031716
chair 0 0 -10 88.83 88.69 148.24 193.16 0.0031465
desk 0 0 -10 5.90 221.96 184.34 358.53 0.0030957
bed 0 0 -10 0.00 143.79 174.60 441.00 0.0030888
chair 0 0 -10 3.58 143.79 54.09 172.20 0.0030669
desk 0 0 -10 51.15 258.01 226.60 439.36 0.0029370
table 0 0 -10 16.73 425.55 260.60 440.90 0.0026211
table 0 0 -10 11.84 412.84 300.43 440.70 0.0025698
chair 0 0 -10 58.75 206.29 130.51 236.04 0.0023557
desk 0 0 -10 65.96 179.94 181.47 330.51 0.0023408
chair 0 0 -10 47.79 306.78 232.14 390.25 0.0023074
table 0 0 -10 131.33 191.61 399.21 433.10 0.0020272
chair 0 0 -10 2.25 118.97 103.23 187.55 0.0020017
sofa 0 0 -10 3.44 153.93 203.58 441.00 0.0019110
sofa 0 0 -10 16.32 265.91 317.17 441.00 0.0018485
sofa 0 0 -10 140.45 289.30 310.58 441.00 0.0017909
desk 0 0 -10 5.37 162.29 125.30 260.34 0.0017755
chair 0 0 -10 170.05 259.93 347.45 440.55 0.0017536
bathtub 0 0 -10 158.95 110.08 573.13 422.15 0.0017276
chair 0 0 -10 48.79 151.25 124.36 225.20 0.0016003
dresser 0 0 -10 168.55 48.88 587.16 421.63 0.0015770
chair 0 0 -10 27.59 197.98 155.78 293.13 0.0015627
dresser 0 0 -10 0.65 159.41 173.07 441.00 0.0014732
chair 0 0 -10 141.35 142.93 173.66 229.62 0.0014520
table 0 0 -10 0.00 83.85 108.67 234.72 0.0014236
chair 0 0 -10 102.12 165.17 146.83 204.22 0.0014184
table 0 0 -10 0.00 132.39 57.09 191.67 0.0013928
chair 0 0 -10 0.80 163.76 51.75 411.31 0.0013197
chair 0 0 -10 166.17 110.88 188.95 224.44 0.0013100
chair 0 0 -10 27.99 135.15 104.73 217.61 0.0011573
bookshelf 0 0 -10 188.36 21.77 573.79 418.99 0.0011476
chair 0 0 -10 0.00 16.75 109.82 203.16 0.0011167
table 0 0 -10 0.10 135.02 49.13 316.88 0.0011003
chair 0 0 -10 22.07 85.53 187.54 187.88 0.0010813
table 0 0 -10 76.37 157.93 163.61 230.63 0.0010530
chair 0 0 -10 119.90 110.49 186.65 176.08 0.0010507
desk 0 0 -10 123.98 230.64 231.08 421.87 0.0010215
desk 0 0 -10 32.44 300.73 219.72 389.42 0.0009811
chair 0 0 -10 237.80 281.01 561.04 441.00 0.0009612
chair 0 0 -10 42.60 218.31 193.34 333.81 0.0009050
chair 0 0 -10 113.47 124.90 434.57 423.58 0.0008696
chair 0 0 -10 68.14 5.95 211.91 185.12 0.0008555
chair 0 0 -10 113.08 169.66 163.59 210.62 0.0008345
chair 0 0 -10 128.10 56.60 176.42 226.09 0.0007794
table 0 0 -10 77.74 175.14 182.85 264.49 0.0007754
desk 0 0 -10 211.42 244.32 552.92 437.61 0.0007446
