chair 0 0 -10 283.93 249.74 526.67 438.00 0.9784637
chair 0 0 -10 104.90 175.72 273.40 397.84 0.9773051
chair 0 0 -10 197.01 170.53 311.06 275.32 0.9413955
table 0 0 -10 186.32 206.82 526.32 430.60 0.9171380
chair 0 0 -10 318.11 195.54 466.00 326.58 0.9116070
chair 0 0 -10 380.85 204.54 548.75 370.71 0.8941756
chair 0 0 -10 340.81 219.06 503.00 390.22 0.6982641
chair 0 0 -10 476.45 189.28 589.66 340.65 0.6561836
sofa 0 0 -10 482.28 173.04 590.50 293.93 0.5972761
chair 0 0 -10 170.78 175.34 294.26 333.92 0.5161681
chair 0 0 -10 290.61 204.38 452.65 398.95 0.2601871
chair 0 0 -10 303.73 190.36 419.21 293.42 0.1414648
desk 0 0 -10 169.10 210.10 553.73 432.72 0.1303986
table 0 0 -10 443.26 165.43 502.82 219.09 0.1233617
table 0 0 -10 522.82 235.93 588.95 336.70 0.1113640
table 0 0 -10 220.44 197.17 452.37 300.50 0.0827162
chair 0 0 -10 334.21 179.82 450.20 273.72 0.0806845
table 0 0 -10 299.72 212.63 536.61 366.21 0.0770525
chair 0 0 -10 324.97 194.68 445.79 230.99 0.0661839
desk 0 0 -10 282.03 222.79 537.45 388.60 0.0605801
chair 0 0 -10 335.09 169.81 446.47 223.56 0.0570296
table 0 0 -10 484.43 197.99 584.24 345.13 0.0554964
chair 0 0 -10 193.18 173.93 295.37 222.72 0.0548324
chair 0 0 -10 200.34 178.67 362.43 368.68 0.0539880
chair 0 0 -10 435.22 220.80 583.46 426.00 0.0433510
chair 0 0 -10 555.63 231.92 590.69 310.36 0.0427406
sofa 0 0 -10 495.59 177.27 589.04 225.53 0.0417800
table 0 0 -10 320.22 195.92 448.55 266.42 0.0371678
sofa 0 0 -10 507.13 177.15 590.59 373.33 0.0353957
chair 0 0 -10 485.39 175.24 591.00 256.22 0.0353241
sofa 0 0 -10 540.19 176.22 588.86 345.50 0.0338833
chair 0 0 -10 530.54 223.04 589.39 373.95 0.0316284
table 0 0 -10 323.79 196.50 446.61 229.64 0.0306585
chair 0 0 -10 413.19 196.06 530.15 313.03 0.0303137
chair 0 0 -10 214.21 205.47 414.00 428.28 0.0242018
desk 0 0 -10 492.73 197.80 584.89 356.95 0.0225628
table 0 0 -10 1.82 145.99 73.72 229.89 0.0222784
chair 0 0 -10 546.39 177.09 589.67 310.18 0.0186711
chair 0 0 -10 287.09 162.59 384.61 268.36 0.0185528
table 0 0 -10 202.76 193.28 362.85 282.02 0.0184593
chair 0 0 -10 414.65 167.63 466.37 212.62 0.0182490
chair 0 0 -10 426.62 164.75 483.24 222.26 0.0181529
chair 0 0 -10 364.05 165.02 433.24 212.14 0.0162613
chair 0 0 -10 269.33 164.48 342.57 274.79 0.0136630
chair 0 0 -10 452.21 158.96 500.13 206.82 0.0134699
chair 0 0 -10 452.43 177.94 566.24 292.07 0.0129012
chair 0 0 -10 570.52 233.92 586.99 299.62 0.0126148
table 0 0 -10 214.80 208.10 382.35 433.56 0.0119503
table 0 0 -10 479.08 56.27 590.50 195.82 0.0110888
chair 0 0 -10 552.36 239.73 590.35 279.14 0.0106800
table 0 0 -10 430.13 193.02 564.17 342.19 0.0106468
table 0 0 -10 367.03 230.56 569.41 392.24 0.0097565
table 0 0 -10 469.37 194.20 577.96 284.29 0.0091656
table 0 0 -10 323.08 205.49 506.75 311.83 0.0086972
desk 0 0 -10 0.84 145.10 74.78 232.04 0.0083991
desk 0 0 -10 447.90 163.62 500.33 213.31 0.0082982
chair 0 0 -10 303.57 233.38 422.31 357.27 0.0082565
chair 0 0 -10 564.88 177.31 590.41 338.97 0.0078864
table 0 0 -10 375.07 162.66 430.68 207.92 0.0077886
table 0 0 -10 249.30 180.63 440.09 247.68 0.0076881
table 0 0 -10 560.32 232.11 590.20 338.32 0.0076737
sofa 0 0 -10 338.80 190.72 559.36 321.54 0.0072239
sofa 0 0 -10 241.21 210.06 543.07 438.98 0.0070401
night_stand 0 0 -10 3.00 151.89 73.27 226.70 0.0070351
chair 0 0 -10 534.39 207.46 589.25 283.97 0.0068484
chair 0 0 -10 439.62 161.41 513.38 227.37 0.0067897
table 0 0 -10 542.46 231.59 589.21 307.68 0.0067885
chair 0 0 -10 1.06 142.11 74.48 232.13 0.0067138
chair 0 0 -10 218.72 171.61 307.60 209.52 0.0066735
chair 0 0 -10 299.00 163.64 421.88 216.42 0.0063453
table 0 0 -10 335.82 170.86 444.16 224.53 0.0057138
table 0 0 -10 277.03 167.35 376.22 245.79 0.0052136
chair 0 0 -10 559.00 88.97 589.37 326.20 0.0050691
desk 0 0 -10 226.10 197.15 450.81 301.39 0.0046636
table 0 0 -10 549.24 222.77 589.15 379.35 0.0046306
chair 0 0 -10 290.14 164.59 355.80 211.61 0.0045908
desk 0 0 -10 389.90 213.38 574.70 380.93 0.0041911
table 0 0 -10 278.98 164.98 417.22 212.55 0.0040329
desk 0 0 -10 481.07 50.15 591.00 194.52 0.0040048
chair 0 0 -10 295.75 271.58 517.64 369.21 0.0039054
table 0 0 -10 370.98 181.93 549.99 297.64 0.0036328
sofa 0 0 -10 562.48 179.97 588.77 320.85 0.0035195
chair 0 0 -10 570.68 206.07 584.07 273.11 0.0034518
chair 0 0 -10 290.67 162.18 474.26 236.67 0.0034074
chair 0 0 -10 575.21 204.80 588.07 279.47 0.0032252
chair 0 0 -10 441.12 163.58 535.74 266.50 0.0031854
chair 0 0 -10 379.43 185.16 525.14 267.88 0.0031340
table 0 0 -10 267.02 180.30 349.16 275.96 0.0030768
sofa 0 0 -10 335.22 168.86 449.87 220.70 0.0029178
table 0 0 -10 575.98 211.78 590.20 353.63 0.0028687
desk 0 0 -10 523.55 232.30 589.00 340.87 0.0028204
chair 0 0 -10 397.95 162.77 487.04 244.76 0.0027941
chair 0 0 -10 494.32 71.83 591.00 330.85 0.0027120
sofa 0 0 -10 191.58 171.04 312.30 289.26 0.0026970
sofa 0 0 -10 544.04 177.77 588.97 255.86 0.0025999
table 0 0 -10 162.03 179.72 304.05 309.78 0.0025269
chair 0 0 -10 576.28 186.99 590.77 347.29 0.0024917
chair 0 0 -10 247.89 162.91 361.25 234.32 0.0023646
table 0 0 -10 283.49 193.61 412.14 284.73 0.0023518
table 0 0 -10 569.85 238.44 587.07 305.10 0.0023438
