chair 0 0 -10 291.90 245.19 532.17 438.97 0.9923179
chair 0 0 -10 71.38 212.37 242.69 434.19 0.9849555
table 0 0 -10 152.16 225.74 447.69 434.86 0.9450673
sofa 0 0 -10 426.42 190.14 519.49 255.74 0.8372310
chair 0 0 -10 4.58 179.62 73.57 262.97 0.7532287
chair 0 0 -10 256.80 194.61 345.40 304.44 0.4575994
sofa 0 0 -10 303.84 184.07 421.57 285.37 0.3846164
table 0 0 -10 1.05 179.10 82.60 248.78 0.3512219
table 0 0 -10 102.52 166.22 198.91 204.81 0.3395167
table 0 0 -10 500.18 179.38 590.87 242.01 0.3090250
sofa 0 0 -10 262.11 191.87 386.04 292.55 0.1939096
chair 0 0 -10 444.66 264.71 588.39 441.00 0.1610022
table 0 0 -10 170.33 221.90 429.79 291.41 0.1605998
table 0 0 -10 236.23 177.70 335.85 216.26 0.1549981
chair 0 0 -10 99.63 165.47 165.76 216.71 0.1530951
table 0 0 -10 0.73 182.53 50.40 272.72 0.1315003
sofa 0 0 -10 321.82 185.28 423.77 228.59 0.1305442
sofa 0 0 -10 95.43 164.24 206.59 214.07 0.1268528
desk 0 0 -10 137.02 222.99 514.79 435.93 0.1241186
desk 0 0 -10 1.76 177.96 82.10 251.26 0.1219533
chair 0 0 -10 315.60 181.65 412.26 302.37 0.1215333
table 0 0 -10 474.24 266.32 587.74 441.00 0.1203664
sofa 0 0 -10 234.53 190.96 480.35 316.38 0.1174198
chair 0 0 -10 279.46 192.22 394.63 321.29 0.1153241
table 0 0 -10 0.38 179.36 19.41 276.86 0.0984793
chair 0 0 -10 112.52 169.25 159.92 198.66 0.0911383
table 0 0 -10 314.57 232.24 521.24 342.25 0.0897217
chair 0 0 -10 3.00 166.76 51.92 230.31 0.0784223
table 0 0 -10 237.15 173.77 300.02 206.15 0.0779108
desk 0 0 -10 237.00 175.81 312.13 212.57 0.0772397
chair 0 0 -10 1.42 165.74 23.20 272.80 0.0752478
sofa 0 0 -10 278.45 230.31 534.67 438.63 0.0718067
chair 0 0 -10 338.86 231.10 511.47 358.14 0.0650651
table 0 0 -10 242.77 214.80 431.23 380.57 0.0631467
table 0 0 -10 254.65 177.60 327.44 199.25 0.0626475
chair 0 0 -10 258.02 176.40 301.82 205.39 0.0625396
desk 0 0 -10 496.48 179.78 591.00 244.66 0.0618830
chair 0 0 -10 320.11 342.53 505.75 439.21 0.0590335
chair 0 0 -10 9.36 177.91 21.11 250.21 0.0537641
chair 0 0 -10 236.02 171.04 295.40 224.34 0.0527876
chair 0 0 -10 3.41 167.46 13.41 245.61 0.0521906
sofa 0 0 -10 315.92 186.14 478.80 261.52 0.0483834
chair 0 0 -10 252.85 177.61 313.88 223.68 0.0454894
sofa 0 0 -10 369.39 190.87 517.38 275.79 0.0411593
chair 0 0 -10 439.62 354.25 586.41 441.00 0.0407170
table 0 0 -10 3.61 180.72 11.70 293.44 0.0385937
sofa 0 0 -10 456.51 182.08 582.53 253.37 0.0332418
chair 0 0 -10 49.30 173.04 80.16 217.01 0.0323188
table 0 0 -10 259.28 233.26 529.77 435.95 0.0315051
table 0 0 -10 7.21 163.74 95.09 222.46 0.0314062
chair 0 0 -10 2.40 181.17 39.55 246.55 0.0311675
table 0 0 -10 1.56 158.57 110.33 268.46 0.0289844
chair 0 0 -10 28.79 169.90 83.36 226.14 0.0286488
desk 0 0 -10 252.35 176.39 327.64 200.20 0.0283387
chair 0 0 -10 33.57 160.05 102.65 258.13 0.0279024
chair 0 0 -10 268.32 229.93 442.29 418.38 0.0267639
chair 0 0 -10 287.13 302.74 464.13 439.17 0.0263280
desk 0 0 -10 468.18 258.92 589.85 439.13 0.0256419
sofa 0 0 -10 137.70 191.46 416.81 281.76 0.0250537
desk 0 0 -10 202.22 218.29 430.56 384.26 0.0248042
chair 0 0 -10 17.58 186.77 66.72 226.96 0.0234784
chair 0 0 -10 2.29 170.38 8.72 272.53 0.0226743
desk 0 0 -10 339.48 257.57 568.37 431.70 0.0214875
chair 0 0 -10 422.27 191.91 522.46 284.48 0.0213801
desk 0 0 -10 96.98 165.60 200.36 212.83 0.0212349
chair 0 0 -10 9.84 168.57 19.08 224.06 0.0210800
chair 0 0 -10 238.48 171.27 333.54 239.63 0.0202389
chair 0 0 -10 401.71 212.14 515.01 331.67 0.0201293
table 0 0 -10 292.31 206.58 422.55 309.26 0.0200876
table 0 0 -10 3.89 171.02 8.02 283.07 0.0195020
sofa 0 0 -10 146.18 198.56 546.06 393.69 0.0193725
table 0 0 -10 319.62 221.10 497.38 294.25 0.0192956
chair 0 0 -10 228.88 171.65 270.41 217.89 0.0185903
chair 0 0 -10 42.09 161.99 94.75 217.29 0.0183365
chair 0 0 -10 259.64 178.49 352.31 227.96 0.0180321
sofa 0 0 -10 336.77 215.81 533.38 355.92 0.0179444
table 0 0 -10 235.59 190.58 348.44 270.54 0.0177799
chair 0 0 -10 162.90 218.25 424.88 440.89 0.0176518
table 0 0 -10 6.12 168.38 177.11 283.85 0.0172303
desk 0 0 -10 1.32 180.59 59.29 231.10 0.0166327
table 0 0 -10 138.73 222.89 306.28 428.59 0.0165141
chair 0 0 -10 345.34 383.04 554.59 441.00 0.0161563
chair 0 0 -10 320.54 185.83 422.30 231.55 0.0155371
table 0 0 -10 0.00 182.14 27.39 235.68 0.0154008
table 0 0 -10 110.07 169.38 168.73 198.67 0.0153251
chair 0 0 -10 514.78 266.67 591.00 439.33 0.0152493
chair 0 0 -10 234.56 191.83 424.59 287.72 0.0150330
table 0 0 -10 487.65 188.19 589.85 365.59 0.0148770
table 0 0 -10 61.69 165.02 203.62 218.64 0.0147444
desk 0 0 -10 0.37 181.42 49.13 275.42 0.0142864
desk 0 0 -10 7.98 162.10 95.21 223.61 0.0138658
table 0 0 -10 230.58 198.75 397.49 301.94 0.0127218
sofa 0 0 -10 435.68 181.64 576.92 314.57 0.0125603
chair 0 0 -10 304.45 173.99 356.80 213.89 0.0122459
sofa 0 0 -10 433.02 235.84 589.00 438.43 0.0122108
chair 0 0 -10 1.78 159.58 5.95 256.27 0.0120719
sofa 0 0 -10 261.83 181.82 370.49 226.30 0.0115259
chair 0 0 -10 0.46 187.83 17.14 227.85 0.0114614
sofa 0 0 -10 430.93 189.88 507.70 223.58 0.0109441
desk 0 0 -10 6.61 164.90 183.05 261.24 0.0109169
