chair 0 0 -10 115.04 145.98 198.83 220.57 0.9816563
chair 0 0 -10 203.46 153.69 298.71 253.09 0.9649289
chair 0 0 -10 308.69 154.91 399.33 250.00 0.9511133
chair 0 0 -10 13.25 146.32 126.15 233.45 0.9428940
chair 0 0 -10 496.64 164.19 587.67 282.89 0.9381646
chair 0 0 -10 54.02 194.90 188.43 274.36 0.9380156
table 0 0 -10 247.58 319.03 591.00 439.92 0.9353434
table 0 0 -10 149.03 189.94 496.16 308.10 0.9184238
table 0 0 -10 0.00 214.61 295.68 441.00 0.8691605
chair 0 0 -10 0.24 164.93 64.75 291.76 0.8686934
table 0 0 -10 462.75 181.13 590.80 307.69 0.7338945
chair 0 0 -10 27.10 180.89 139.74 272.57 0.6606099
table 0 0 -10 156.88 184.00 482.16 240.60 0.4923239
chair 0 0 -10 312.87 153.42 404.75 190.86 0.3645630
chair 0 0 -10 207.39 156.16 293.01 192.19 0.3614428
chair 0 0 -10 0.68 163.55 47.43 250.53 0.3156534
table 0 0 -10 82.44 228.96 577.98 421.44 0.2650426
desk 0 0 -10 2.13 226.09 292.00 441.00 0.1986054
chair 0 0 -10 63.39 149.21 172.64 233.65 0.1766295
desk 0 0 -10 155.03 189.05 499.21 325.04 0.1350767
chair 0 0 -10 13.94 157.39 78.35 257.92 0.1060553
chair 0 0 -10 76.91 248.61 273.78 436.64 0.0929146
chair 0 0 -10 35.06 190.99 223.09 310.68 0.0859346
chair 0 0 -10 87.70 161.35 198.58 244.48 0.0784318
desk 0 0 -10 465.93 177.12 590.61 314.72 0.0694965
chair 0 0 -10 11.16 160.23 192.83 261.33 0.0675186
table 0 0 -10 142.22 201.67 297.49 381.43 0.0671517
chair 0 0 -10 276.12 157.96 453.17 285.32 0.0548865
table 0 0 -10 154.69 144.71 591.00 226.50 0.0535456
chair 0 0 -10 7.65 196.53 161.23 346.18 0.0495422
chair 0 0 -10 491.40 156.64 591.00 422.03 0.0489719
chair 0 0 -10 297.14 112.29 413.05 274.22 0.0471108
chair 0 0 -10 14.74 151.63 106.66 199.77 0.0463105
desk 0 0 -10 27.40 208.09 515.56 437.37 0.0444197
desk 0 0 -10 42.15 105.01 591.00 314.71 0.0313460
table 0 0 -10 444.89 173.75 589.01 236.35 0.0302753
chair 0 0 -10 67.58 147.58 316.48 224.01 0.0293028
table 0 0 -10 108.87 161.93 541.78 370.11 0.0287176
table 0 0 -10 26.21 199.44 284.62 332.04 0.0279430
table 0 0 -10 2.69 227.83 165.32 371.22 0.0260314
chair 0 0 -10 532.61 204.73 590.43 345.73 0.0229955
chair 0 0 -10 185.53 147.65 308.46 315.19 0.0220586
chair 0 0 -10 11.03 197.00 243.71 413.58 0.0219856
chair 0 0 -10 0.38 162.13 27.78 292.42 0.0211419
desk 0 0 -10 242.93 321.14 591.00 440.66 0.0209328
chair 0 0 -10 2.23 152.66 104.52 355.26 0.0193039
chair 0 0 -10 499.81 162.62 579.03 195.32 0.0170509
chair 0 0 -10 493.39 160.14 577.72 231.35 0.0164882
desk 0 0 -10 154.05 182.00 480.00 242.95 0.0163383
table 0 0 -10 47.43 113.97 584.98 306.48 0.0160683
bed 0 0 -10 260.80 318.86 572.68 441.00 0.0160341
chair 0 0 -10 281.97 316.80 584.90 434.52 0.0159643
chair 0 0 -10 157.59 187.15 294.15 356.57 0.0157326
table 0 0 -10 11.47 172.75 131.33 268.67 0.0154750
chair 0 0 -10 4.61 191.64 104.77 249.02 0.0152410
chair 0 0 -10 169.03 337.52 504.31 437.50 0.0150009
desk 0 0 -10 84.03 139.39 591.00 207.57 0.0146194
chair 0 0 -10 140.27 144.88 282.23 285.98 0.0141375
table 0 0 -10 256.59 170.12 418.03 236.01 0.0130240
chair 0 0 -10 0.90 203.29 51.43 306.84 0.0123214
desk 0 0 -10 150.49 36.30 591.00 193.61 0.0112549
chair 0 0 -10 161.92 156.77 279.61 234.33 0.0103369
desk 0 0 -10 139.53 103.35 591.00 179.34 0.0100308
chair 0 0 -10 60.50 170.29 132.65 244.16 0.0099956
chair 0 0 -10 464.35 180.57 589.02 327.17 0.0098365
table 0 0 -10 131.41 187.99 327.25 311.04 0.0095526
table 0 0 -10 3.74 268.03 96.59 368.18 0.0090836
table 0 0 -10 6.06 198.22 187.76 293.23 0.0090608
table 0 0 -10 2.62 189.92 94.79 282.91 0.0081123
chair 0 0 -10 109.88 198.90 351.94 420.09 0.0080264
chair 0 0 -10 311.33 121.52 396.05 208.46 0.0074571
table 0 0 -10 166.56 150.86 490.68 268.50 0.0072036
desk 0 0 -10 146.25 205.86 293.02 385.56 0.0070577
desk 0 0 -10 455.77 181.31 588.04 251.49 0.0069991
table 0 0 -10 163.95 236.17 313.94 438.64 0.0069546
bed 0 0 -10 0.16 214.94 285.50 441.00 0.0069477
table 0 0 -10 18.99 159.23 235.49 257.20 0.0067555
desk 0 0 -10 5.18 227.55 161.54 373.02 0.0067437
table 0 0 -10 94.20 197.79 271.97 283.66 0.0066958
table 0 0 -10 66.63 171.71 189.18 263.52 0.0066861
chair 0 0 -10 188.39 165.52 470.95 334.47 0.0064811
table 0 0 -10 446.58 222.23 590.24 397.01 0.0063256
chair 0 0 -10 0.79 150.37 12.83 302.00 0.0061331
chair 0 0 -10 1.43 197.71 38.24 243.35 0.0059520
chair 0 0 -10 177.50 158.27 403.59 241.30 0.0057795
chair 0 0 -10 3.11 155.35 7.26 260.02 0.0057481
sofa 0 0 -10 262.21 317.99 591.00 438.42 0.0057312
table 0 0 -10 326.21 155.77 581.53 321.17 0.0056239
desk 0 0 -10 12.19 173.35 130.48 269.03 0.0054028
chair 0 0 -10 2.56 217.25 48.32 242.33 0.0053826
table 0 0 -10 1.09 185.27 60.70 335.56 0.0049967
chair 0 0 -10 138.86 140.77 200.89 193.79 0.0049738
chair 0 0 -10 87.85 169.52 266.05 327.99 0.0049095
table 0 0 -10 16.33 143.55 151.94 213.46 0.0048541
table 0 0 -10 143.74 105.80 582.88 177.61 0.0048399
chair 0 0 -10 162.45 70.57 484.70 311.86 0.0047513
table 0 0 -10 523.08 191.98 590.00 339.74 0.0046874
desk 0 0 -10 45.79 197.32 245.96 340.74 0.0045836
desk 0 0 -10 1.25 195.10 111.98 294.82 0.0044006
table 0 0 -10 196.56 153.99 414.86 190.94 0.0043483
