chair 0 0 -10 310.83 245.46 473.95 429.30 0.9813319
chair 0 0 -10 381.38 307.60 591.00 440.92 0.9721806
chair 0 0 -10 271.49 214.19 383.95 351.81 0.9716275
chair 0 0 -10 358.10 166.78 443.43 256.00 0.9608271
table 0 0 -10 288.42 185.93 590.82 441.00 0.9413334
chair 0 0 -10 488.45 172.01 591.00 291.45 0.9264714
chair 0 0 -10 0.32 197.40 98.23 324.32 0.8519433
chair 0 0 -10 189.15 146.86 241.35 213.72 0.8414651
chair 0 0 -10 0.78 295.84 85.78 439.89 0.8220553
table 0 0 -10 18.05 196.96 107.65 320.24 0.4733137
chair 0 0 -10 242.98 133.13 294.55 212.40 0.4372383
chair 0 0 -10 0.17 223.72 108.78 430.38 0.3005757
chair 0 0 -10 311.69 172.91 359.75 239.38 0.2755963
chair 0 0 -10 0.00 185.12 45.11 354.40 0.2735259
chair 0 0 -10 292.66 140.24 350.97 189.06 0.2408098
desk 0 0 -10 16.09 202.82 107.11 327.37 0.2402817
table 0 0 -10 3.76 239.18 95.31 427.84 0.2240674
chair 0 0 -10 0.00 251.62 79.61 388.07 0.2065740
chair 0 0 -10 520.71 141.25 589.24 198.86 0.1902950
table 0 0 -10 287.43 188.77 449.89 332.44 0.1820798
chair 0 0 -10 509.16 167.47 590.56 246.19 0.1664937
chair 0 0 -10 274.87 207.76 369.28 282.67 0.1623883
table 0 0 -10 287.96 190.40 402.08 270.75 0.1421079
chair 0 0 -10 390.39 250.16 587.04 402.37 0.1186089
desk 0 0 -10 291.45 191.53 591.00 441.00 0.1159923
desk 0 0 -10 196.66 131.38 344.18 203.33 0.1025526
table 0 0 -10 425.04 185.58 585.61 309.78 0.0971545
table 0 0 -10 292.67 177.23 529.46 265.46 0.0884483
table 0 0 -10 28.91 202.49 102.08 247.31 0.0797871
table 0 0 -10 434.89 194.55 590.63 422.21 0.0773915
chair 0 0 -10 539.96 160.62 590.73 287.29 0.0765171
table 0 0 -10 198.12 134.31 343.17 200.55 0.0759274
chair 0 0 -10 302.08 176.41 377.02 255.91 0.0687318
chair 0 0 -10 355.49 165.51 490.90 280.33 0.0681264
chair 0 0 -10 442.21 200.41 591.00 337.46 0.0623753
chair 0 0 -10 245.59 141.58 287.35 183.26 0.0590433
table 0 0 -10 2.77 264.24 89.06 363.83 0.0517110
chair 0 0 -10 29.23 158.42 104.90 294.91 0.0503358
desk 0 0 -10 4.49 236.41 92.84 430.34 0.0498766
chair 0 0 -10 289.82 215.96 563.78 441.00 0.0481869
chair 0 0 -10 297.81 144.50 339.72 176.84 0.0397733
table 0 0 -10 238.09 133.87 305.29 203.12 0.0357320
table 0 0 -10 190.02 138.31 264.45 209.48 0.0348928
chair 0 0 -10 278.02 191.38 403.23 303.49 0.0322721
desk 0 0 -10 28.55 201.38 102.27 278.88 0.0299009
chair 0 0 -10 497.28 190.23 590.50 399.63 0.0290833
chair 0 0 -10 524.87 180.74 590.76 222.52 0.0247358
table 0 0 -10 489.49 183.06 590.02 361.39 0.0239251
desk 0 0 -10 288.73 189.29 446.72 339.45 0.0232721
chair 0 0 -10 271.57 208.63 332.37 310.35 0.0218571
table 0 0 -10 211.01 135.98 290.06 213.82 0.0212900
table 0 0 -10 174.13 120.31 351.25 230.17 0.0211000
chair 0 0 -10 190.43 147.09 234.85 184.45 0.0201363
chair 0 0 -10 321.53 176.82 417.04 266.17 0.0190707
sofa 0 0 -10 1.79 309.04 86.38 441.00 0.0186285
table 0 0 -10 486.39 176.47 588.21 250.75 0.0186152
table 0 0 -10 1.25 225.11 33.94 438.21 0.0185678
table 0 0 -10 282.10 203.37 393.51 395.07 0.0181759
table 0 0 -10 1.48 314.38 83.93 441.00 0.0179988
sofa 0 0 -10 0.37 193.56 102.33 311.87 0.0165508
table 0 0 -10 363.74 261.58 564.81 432.36 0.0162646
table 0 0 -10 517.89 170.04 586.29 214.93 0.0154530
desk 0 0 -10 171.80 116.28 352.07 234.05 0.0150909
night_stand 0 0 -10 10.67 198.68 108.26 309.79 0.0149116
chair 0 0 -10 535.60 149.24 583.52 189.86 0.0148169
chair 0 0 -10 301.57 159.04 354.02 187.70 0.0143493
desk 0 0 -10 290.17 190.84 399.55 272.85 0.0134685
chair 0 0 -10 0.85 183.23 20.10 398.10 0.0116054
chair 0 0 -10 354.12 169.31 433.03 213.78 0.0112765
table 0 0 -10 285.87 177.54 426.24 243.66 0.0111135
desk 0 0 -10 282.84 208.18 388.79 396.74 0.0108795
chair 0 0 -10 0.51 270.53 34.95 407.43 0.0107558
chair 0 0 -10 24.26 201.93 97.20 280.00 0.0105807
sofa 0 0 -10 506.89 176.63 591.00 289.38 0.0104743
desk 0 0 -10 221.93 118.01 301.92 195.16 0.0104595
table 0 0 -10 0.22 268.38 21.96 427.36 0.0103776
desk 0 0 -10 4.73 265.39 86.75 364.85 0.0095437
chair 0 0 -10 2.08 357.93 49.42 440.77 0.0093383
desk 0 0 -10 190.20 137.54 264.09 214.07 0.0093246
desk 0 0 -10 159.95 125.38 526.67 199.07 0.0089863
chair 0 0 -10 7.47 248.49 102.07 313.34 0.0081066
desk 0 0 -10 292.13 142.38 349.41 186.01 0.0079030
chair 0 0 -10 301.37 164.81 467.88 251.71 0.0078409
table 0 0 -10 296.33 183.29 365.62 243.47 0.0077637
table 0 0 -10 34.55 215.31 98.81 236.75 0.0076305
chair 0 0 -10 281.01 135.47 350.71 223.04 0.0073802
chair 0 0 -10 309.15 163.98 348.23 182.98 0.0073596
dresser 0 0 -10 15.01 201.96 107.70 328.39 0.0072250
table 0 0 -10 279.81 136.95 343.18 183.97 0.0068055
chair 0 0 -10 368.76 159.62 433.49 186.67 0.0067900
table 0 0 -10 310.87 233.42 513.06 405.11 0.0067613
desk 0 0 -10 443.14 194.72 590.31 424.84 0.0067403
chair 0 0 -10 563.15 173.84 589.44 271.27 0.0065348
chair 0 0 -10 0.87 231.27 53.17 313.94 0.0064973
desk 0 0 -10 365.47 267.31 559.09 431.51 0.0062104
sofa 0 0 -10 0.14 192.21 28.81 390.26 0.0061737
chair 0 0 -10 244.94 117.35 292.65 174.24 0.0061566
desk 0 0 -10 1.60 248.52 52.52 431.37 0.0059939
dresser 0 0 -10 298.60 143.92 353.44 183.19 0.0059201
table 0 0 -10 529.65 183.76 590.57 300.67 0.0056609
