chair 0 0 -10 147.96 248.07 428.80 441.00 0.9965625
chair 0 0 -10 284.17 181.38 454.51 373.91 0.9952340
chair 0 0 -10 356.11 107.10 453.86 193.56 0.9806274
chair 0 0 -10 344.26 118.89 457.98 257.51 0.9795036
table 0 0 -10 0.00 120.13 393.93 441.00 0.9559668
chair 0 0 -10 70.45 98.32 193.37 220.40 0.8832278
chair 0 0 -10 0.01 142.29 101.09 338.70 0.8700054
chair 0 0 -10 307.98 59.57 383.17 144.75 0.8413486
chair 0 0 -10 168.44 77.01 229.57 137.79 0.7095619
chair 0 0 -10 317.99 151.35 450.48 315.22 0.5863413
chair 0 0 -10 76.82 102.84 181.61 171.51 0.5806341
chair 0 0 -10 4.18 364.01 148.88 441.00 0.5241921
chair 0 0 -10 162.07 71.76 236.34 176.58 0.4869280
chair 0 0 -10 12.05 115.54 148.86 283.08 0.4369632
chair 0 0 -10 222.62 59.19 294.84 131.75 0.4171406
chair 0 0 -10 0.15 349.63 85.60 441.00 0.2786044
chair 0 0 -10 0.00 217.87 179.67 436.54 0.2583500
chair 0 0 -10 0.89 379.55 58.68 441.00 0.2581464
chair 0 0 -10 148.17 67.54 265.99 200.30 0.2382899
chair 0 0 -10 80.42 81.93 232.35 255.74 0.2097810
chair 0 0 -10 2.20 344.67 240.31 441.00 0.2046160
chair 0 0 -10 313.28 63.80 379.39 106.95 0.1984220
chair 0 0 -10 197.80 52.98 258.04 127.70 0.1979701
chair 0 0 -10 1.15 170.19 81.09 441.00 0.1822840
chair 0 0 -10 186.53 57.37 281.72 168.07 0.1739307
chair 0 0 -10 4.76 127.77 135.20 218.75 0.1718975
chair 0 0 -10 116.54 82.26 220.80 181.98 0.1626394
table 0 0 -10 0.00 160.36 123.53 354.68 0.1390775
chair 0 0 -10 103.94 152.37 381.58 428.93 0.1092658
table 0 0 -10 128.59 94.64 393.97 370.93 0.0943379
table 0 0 -10 227.28 86.48 393.33 155.07 0.0819890
chair 0 0 -10 369.40 103.14 451.76 159.29 0.0790945
chair 0 0 -10 427.83 57.06 478.17 133.13 0.0742225
chair 0 0 -10 208.68 55.58 277.04 106.05 0.0731560
desk 0 0 -10 1.84 131.83 398.70 432.11 0.0662479
chair 0 0 -10 0.00 292.93 133.79 441.00 0.0652002
chair 0 0 -10 200.45 60.27 316.09 197.84 0.0613088
chair 0 0 -10 188.37 61.59 240.14 120.16 0.0588686
chair 0 0 -10 337.84 68.93 428.45 158.53 0.0572455
chair 0 0 -10 32.58 98.66 148.42 203.74 0.0561246
table 0 0 -10 197.24 87.73 391.78 243.51 0.0545537
chair 0 0 -10 0.00 121.33 55.87 363.10 0.0481379
chair 0 0 -10 9.47 110.46 182.31 382.92 0.0469240
table 0 0 -10 3.56 151.65 205.82 412.96 0.0466480
table 0 0 -10 205.63 67.10 445.20 140.05 0.0421970
chair 0 0 -10 144.88 59.73 307.94 263.05 0.0313303
chair 0 0 -10 0.10 213.18 48.61 440.79 0.0313090
chair 0 0 -10 127.03 77.07 212.41 143.14 0.0270680
chair 0 0 -10 102.56 92.62 302.11 356.21 0.0270660
chair 0 0 -10 162.36 52.05 365.55 134.15 0.0261124
chair 0 0 -10 170.95 82.52 226.17 116.09 0.0252761
table 0 0 -10 497.99 21.12 591.00 392.74 0.0206579
table 0 0 -10 219.14 110.55 404.35 321.43 0.0181743
chair 0 0 -10 323.04 77.89 376.69 104.10 0.0169009
chair 0 0 -10 384.68 106.79 437.87 148.45 0.0160733
desk 0 0 -10 129.60 95.76 416.32 330.82 0.0147638
table 0 0 -10 0.00 172.04 16.48 340.22 0.0143033
chair 0 0 -10 382.74 74.70 471.25 139.83 0.0143025
table 0 0 -10 0.00 238.05 297.41 440.28 0.0131825
chair 0 0 -10 42.15 110.56 246.09 310.06 0.0127996
chair 0 0 -10 1.33 162.51 44.41 315.18 0.0123088
table 0 0 -10 0.00 184.25 62.87 432.41 0.0114711
desk 0 0 -10 1.07 158.50 117.61 357.84 0.0110651
table 0 0 -10 1.65 176.93 42.46 322.06 0.0105736
table 0 0 -10 254.82 70.50 392.22 129.55 0.0099343
desk 0 0 -10 492.45 44.76 591.00 334.38 0.0088787
chair 0 0 -10 181.98 122.72 394.43 356.86 0.0085125
chair 0 0 -10 199.80 54.28 242.18 97.93 0.0083311
table 0 0 -10 1.80 182.60 10.74 336.00 0.0077427
chair 0 0 -10 73.88 279.36 295.19 441.00 0.0075766
desk 0 0 -10 213.96 92.75 385.29 273.40 0.0075052
table 0 0 -10 359.40 103.10 440.23 162.01 0.0073587
chair 0 0 -10 278.56 41.46 402.96 156.79 0.0072111
chair 0 0 -10 80.63 335.57 423.11 437.09 0.0070324
table 0 0 -10 35.74 109.34 205.57 240.78 0.0064797
table 0 0 -10 5.67 127.56 151.40 215.99 0.0061002
table 0 0 -10 290.05 90.02 417.95 252.87 0.0059388
table 0 0 -10 3.50 182.86 7.39 329.89 0.0059137
table 0 0 -10 6.73 135.72 176.40 302.37 0.0058281
chair 0 0 -10 2.28 126.58 18.23 318.72 0.0057803
chair 0 0 -10 3.44 153.61 9.44 318.14 0.0056727
table 0 0 -10 5.33 188.99 12.98 322.32 0.0053996
desk 0 0 -10 205.18 64.76 448.09 143.33 0.0050456
chair 0 0 -10 326.73 119.44 416.02 239.95 0.0047875
desk 0 0 -10 4.38 160.32 198.57 423.44 0.0040118
table 0 0 -10 324.32 97.86 426.06 196.53 0.0038286
chair 0 0 -10 362.71 194.60 447.01 393.93 0.0037527
table 0 0 -10 222.37 86.29 300.75 153.93 0.0037422
chair 0 0 -10 1.35 161.69 105.90 216.47 0.0035839
chair 0 0 -10 6.00 155.10 12.35 328.80 0.0033955
chair 0 0 -10 274.43 83.05 482.40 327.57 0.0032341
table 0 0 -10 376.52 98.78 453.80 147.43 0.0031674
chair 0 0 -10 216.81 65.27 362.73 257.32 0.0029180
chair 0 0 -10 297.06 76.81 401.94 216.98 0.0027815
chair 0 0 -10 295.43 243.26 477.68 422.68 0.0025940
desk 0 0 -10 184.44 85.17 398.40 174.83 0.0025768
table 0 0 -10 225.60 65.92 285.24 119.47 0.0025690
chair 0 0 -10 269.87 112.17 412.63 273.13 0.0024384
table 0 0 -10 54.17 124.78 286.43 319.68 0.0024359
table 0 0 -10 300.94 84.46 399.92 161.70 0.0024243
