chair 0 0 -10 255.83 304.91 427.80 437.26 0.9948950
chair 0 0 -10 2.04 283.32 109.16 436.93 0.9835856
chair 0 0 -10 204.95 271.66 331.03 385.25 0.9810970
chair 0 0 -10 428.08 353.06 583.23 440.26 0.5057787
chair 0 0 -10 304.05 299.99 559.70 439.20 0.3162120
chair 0 0 -10 169.54 292.72 489.82 441.00 0.2250795
chair 0 0 -10 224.54 286.77 358.87 417.60 0.1949880
chair 0 0 -10 3.95 280.22 92.13 377.02 0.0844061
desk 0 0 -10 232.79 54.83 591.00 423.38 0.0494809
chair 0 0 -10 310.35 372.47 552.73 440.90 0.0320310
desk 0 0 -10 302.71 278.18 582.24 437.98 0.0238438
chair 0 0 -10 145.44 305.27 324.58 439.96 0.0179409
table 0 0 -10 232.05 70.29 586.30 425.60 0.0175384
chair 0 0 -10 304.29 142.95 581.58 432.91 0.0174884
table 0 0 -10 255.84 242.55 582.07 430.83 0.0135646
table 0 0 -10 195.89 305.37 330.21 437.47 0.0129509
table 0 0 -10 0.85 330.68 89.10 441.00 0.0061939
table 0 0 -10 334.76 316.32 583.22 438.40 0.0053662
table 0 0 -10 107.25 283.89 536.68 439.30 0.0053298
chair 0 0 -10 0.80 271.61 51.87 415.44 0.0052175
chair 0 0 -10 284.91 369.92 450.88 438.21 0.0047435
table 0 0 -10 2.18 289.59 76.12 401.51 0.0046917
bookshelf 0 0 -10 247.86 22.64 582.44 431.05 0.0046350
chair 0 0 -10 256.53 268.92 358.07 381.71 0.0042668
chair 0 0 -10 206.88 311.33 300.67 433.22 0.0041697
chair 0 0 -10 264.40 267.51 332.93 338.69 0.0038140
desk 0 0 -10 101.02 282.26 538.96 441.00 0.0031121
table 0 0 -10 110.56 300.89 299.39 441.00 0.0026395
chair 0 0 -10 286.40 402.92 578.47 439.66 0.0026226
table 0 0 -10 257.08 10.30 580.91 294.05 0.0025442
table 0 0 -10 222.54 303.24 402.66 427.03 0.0024315
sofa 0 0 -10 253.83 3.63 591.00 422.98 0.0021480
dresser 0 0 -10 232.96 51.89 591.00 428.87 0.0020276
chair 0 0 -10 204.64 174.95 332.58 401.61 0.0019266
bed 0 0 -10 231.00 37.50 589.39 430.83 0.0017894
chair 0 0 -10 0.00 263.69 33.47 365.50 0.0017847
table 0 0 -10 440.01 336.73 581.92 439.13 0.0016817
desk 0 0 -10 0.70 318.61 98.73 423.19 0.0016796
desk 0 0 -10 397.69 317.49 590.69 439.62 0.0015786
table 0 0 -10 210.51 287.71 339.20 389.05 0.0015130
chair 0 0 -10 259.08 179.28 432.49 441.00 0.0014762
sofa 0 0 -10 265.49 288.78 426.54 441.00 0.0014067
bathtub 0 0 -10 230.00 74.72 586.25 419.15 0.0013825
sofa 0 0 -10 1.30 281.72 92.02 419.47 0.0012859
desk 0 0 -10 257.87 311.25 438.97 438.97 0.0012641
chair 0 0 -10 266.45 5.35 588.81 358.79 0.0012377
chair 0 0 -10 67.94 276.92 301.76 434.45 0.0012032
chair 0 0 -10 130.13 225.77 206.03 326.82 0.0012015
table 0 0 -10 271.96 294.44 463.46 435.00 0.0011867
chair 0 0 -10 2.11 275.67 66.62 340.99 0.0011782
chair 0 0 -10 0.62 306.06 26.35 435.77 0.0011495
chair 0 0 -10 3.40 331.18 92.87 397.87 0.0010343
chair 0 0 -10 2.86 350.75 205.60 441.00 0.0010085
desk 0 0 -10 198.16 303.35 328.23 437.15 0.0009831
chair 0 0 -10 39.42 343.81 347.75 441.00 0.0009441
table 0 0 -10 301.76 378.34 527.96 440.93 0.0008959
sofa 0 0 -10 120.76 288.72 536.32 441.00 0.0008931
chair 0 0 -10 0.64 202.31 64.96 436.92 0.0008925
chair 0 0 -10 29.86 271.18 201.68 431.95 0.0008860
chair 0 0 -10 0.18 299.07 27.89 354.67 0.0008856
desk 0 0 -10 1.57 289.44 77.47 399.85 0.0008481
chair 0 0 -10 116.76 254.07 212.08 359.87 0.0008364
chair 0 0 -10 90.85 277.60 173.45 359.56 0.0008361
table 0 0 -10 0.00 275.45 121.38 428.30 0.0007702
table 0 0 -10 127.79 218.26 194.08 324.87 0.0007608
chair 0 0 -10 5.90 277.28 17.18 353.38 0.0007183
chair 0 0 -10 44.72 173.40 419.07 435.85 0.0006697
table 0 0 -10 557.73 360.73 589.39 438.78 0.0006651
table 0 0 -10 277.08 406.29 571.16 440.31 0.0006394
chair 0 0 -10 275.42 270.98 408.88 391.85 0.0006341
chair 0 0 -10 2.24 299.49 57.43 366.24 0.0006278
chair 0 0 -10 413.99 57.49 591.00 421.04 0.0006135
table 0 0 -10 0.00 321.42 25.93 440.42 0.0005637
chair 0 0 -10 175.99 263.11 266.88 406.04 0.0005462
desk 0 0 -10 455.92 355.50 586.11 440.68 0.0005444
sofa 0 0 -10 199.38 275.54 327.42 383.31 0.0005346
chair 0 0 -10 134.87 210.77 159.59 334.21 0.0005335
desk 0 0 -10 196.03 280.66 325.21 383.55 0.0005238
chair 0 0 -10 4.14 287.36 14.44 370.61 0.0005116
chair 0 0 -10 9.60 263.26 142.38 381.61 0.0005079
table 0 0 -10 171.08 366.24 316.42 441.00 0.0004976
sofa 0 0 -10 211.93 283.42 359.92 426.14 0.0004859
chair 0 0 -10 4.74 314.88 14.01 434.84 0.0004804
chair 0 0 -10 1.06 257.03 20.76 390.15 0.0004588
table 0 0 -10 22.31 336.43 334.42 440.20 0.0004410
chair 0 0 -10 0.88 356.87 21.39 441.00 0.0004403
table 0 0 -10 1.67 356.99 19.88 441.00 0.0004343
chair 0 0 -10 100.69 280.46 244.92 403.06 0.0004283
chair 0 0 -10 163.34 236.94 347.69 376.23 0.0004180
table 0 0 -10 94.17 0.00 554.79 374.73 0.0003875
sofa 0 0 -10 337.41 327.47 591.00 440.12 0.0003763
table 0 0 -10 89.37 251.96 239.83 417.86 0.0003555
chair 0 0 -10 169.06 369.38 328.12 441.00 0.0003535
bathtub 0 0 -10 153.91 212.52 204.28 315.08 0.0003481
chair 0 0 -10 153.55 214.01 225.90 318.31 0.0003445
desk 0 0 -10 320.20 354.15 573.01 440.14 0.0003341
dresser 0 0 -10 146.25 214.61 196.74 313.76 0.0003308
table 0 0 -10 18.46 3.49 436.46 202.67 0.0003248
desk 0 0 -10 9.44 155.79 543.20 427.74 0.0003082
chair 0 0 -10 133.11 198.81 251.87 368.80 0.0003056
