desk 0 0 -10 3.39 232.69 538.98 441.00 0.6349692
table 0 0 -10 0.00 250.50 591.00 439.28 0.0995153
bathtub 0 0 -10 0.23 245.23 584.09 434.58 0.0595117
bathtub 0 0 -10 239.83 266.87 591.00 421.56 0.0266009
desk 0 0 -10 202.03 281.05 591.00 441.00 0.0195743
table 0 0 -10 277.15 282.69 546.44 439.14 0.0155518
chair 0 0 -10 194.25 196.80 292.61 319.33 0.0142597
chair 0 0 -10 281.59 306.79 576.85 438.59 0.0118073
dresser 0 0 -10 0.00 235.49 574.06 441.00 0.0059040
chair 0 0 -10 234.17 0.95 353.54 99.97 0.0055409
bathtub 0 0 -10 460.14 276.68 591.00 353.40 0.0053617
chair 0 0 -10 100.03 264.85 501.84 438.37 0.0031079
table 0 0 -10 5.96 247.41 192.47 438.73 0.0024859
bathtub 0 0 -10 0.00 136.71 589.93 377.42 0.0023838
bathtub 0 0 -10 430.07 249.61 591.00 426.30 0.0021949
chair 0 0 -10 146.29 163.67 329.00 362.77 0.0021948
chair 0 0 -10 13.59 279.95 298.60 439.20 0.0021421
chair 0 0 -10 266.71 0.00 386.04 77.02 0.0018911
bathtub 0 0 -10 329.11 242.75 591.00 367.54 0.0018233
desk 0 0 -10 72.37 200.63 341.92 431.04 0.0017233
desk 0 0 -10 221.08 9.66 350.02 117.10 0.0015544
bathtub 0 0 -10 535.44 191.34 591.00 398.04 0.0014948
desk 0 0 -10 22.35 232.89 343.26 296.11 0.0014760
bathtub 0 0 -10 279.56 203.44 509.04 378.47 0.0014455
table 0 0 -10 570.33 327.44 589.93 430.30 0.0014280
table 0 0 -10 229.37 4.60 370.71 108.59 0.0014063
desk 0 0 -10 0.00 60.60 591.00 406.57 0.0014025
toilet 0 0 -10 179.54 231.54 582.19 438.27 0.0013586
chair 0 0 -10 250.28 219.68 591.00 430.96 0.0012829
chair 0 0 -10 167.04 196.46 245.56 318.90 0.0012293
chair 0 0 -10 0.00 271.19 138.30 439.79 0.0012176
chair 0 0 -10 526.47 152.99 590.01 407.74 0.0011716
desk 0 0 -10 13.33 208.93 425.19 310.08 0.0011662
bookshelf 0 0 -10 37.01 0.00 518.43 394.17 0.0010464
desk 0 0 -10 0.90 240.48 193.54 441.00 0.0010290
bookshelf 0 0 -10 16.02 201.92 559.75 441.00 0.0009757
table 0 0 -10 559.38 337.04 589.00 398.44 0.0009394
bathtub 0 0 -10 557.04 274.14 591.00 440.94 0.0008185
table 0 0 -10 534.08 270.47 588.52 432.37 0.0008137
desk 0 0 -10 235.38 342.80 561.96 437.92 0.0007921
chair 0 0 -10 238.34 355.30 538.41 436.78 0.0007766
bathtub 0 0 -10 476.13 238.74 585.66 380.87 0.0007660
chair 0 0 -10 555.45 135.60 583.89 371.07 0.0007237
chair 0 0 -10 146.48 182.44 212.73 316.16 0.0007124
bed 0 0 -10 4.24 218.35 569.00 439.85 0.0006794
chair 0 0 -10 213.05 230.40 356.04 314.19 0.0006497
chair 0 0 -10 266.24 1.15 374.50 37.42 0.0006393
bathtub 0 0 -10 559.02 219.07 591.00 378.86 0.0006311
table 0 0 -10 111.65 93.19 524.03 215.53 0.0006114
table 0 0 -10 13.56 29.68 549.19 379.45 0.0005486
bathtub 0 0 -10 518.20 253.42 591.00 367.14 0.0005333
table 0 0 -10 13.33 233.85 348.47 294.86 0.0005284
table 0 0 -10 576.29 361.25 590.35 439.78 0.0005110
bathtub 0 0 -10 25.52 409.01 305.03 441.00 0.0005100
chair 0 0 -10 10.85 367.70 382.25 439.78 0.0005025
dresser 0 0 -10 224.54 286.02 587.82 441.00 0.0004934
table 0 0 -10 12.96 206.89 427.30 308.44 0.0004754
desk 0 0 -10 105.51 93.77 537.10 218.54 0.0004746
bathtub 0 0 -10 8.84 424.13 277.99 441.00 0.0004688
desk 0 0 -10 152.52 197.94 446.11 425.56 0.0004639
dresser 0 0 -10 26.16 16.42 532.80 385.98 0.0004621
table 0 0 -10 158.52 211.72 480.35 430.50 0.0004609
chair 0 0 -10 537.85 40.10 591.00 359.24 0.0004513
desk 0 0 -10 93.76 0.00 589.21 165.89 0.0004295
chair 0 0 -10 341.06 193.25 414.02 299.99 0.0004181
chair 0 0 -10 483.01 192.78 585.49 375.95 0.0004113
table 0 0 -10 304.05 227.73 415.71 272.81 0.0003903
chair 0 0 -10 92.38 194.74 380.14 425.82 0.0003846
bathtub 0 0 -10 11.16 362.18 410.78 441.00 0.0003815
dresser 0 0 -10 4.57 239.99 115.41 437.38 0.0003805
table 0 0 -10 579.59 345.40 590.37 370.25 0.0003798
desk 0 0 -10 188.16 16.58 389.54 164.41 0.0003785
toilet 0 0 -10 302.57 284.14 560.24 440.07 0.0003668
sofa 0 0 -10 18.75 258.58 588.95 440.31 0.0003627
table 0 0 -10 297.84 369.25 489.59 441.00 0.0003502
bathtub 0 0 -10 301.58 226.53 418.56 273.14 0.0003490
night_stand 0 0 -10 224.87 13.96 356.23 127.18 0.0003469
table 0 0 -10 0.35 246.16 30.43 440.13 0.0003468
table 0 0 -10 582.22 330.09 589.73 432.61 0.0003447
night_stand 0 0 -10 17.08 251.39 591.00 441.00 0.0003374
table 0 0 -10 282.22 1.40 376.80 60.25 0.0003322
table 0 0 -10 103.76 1.43 568.96 162.37 0.0003319
chair 0 0 -10 236.13 208.63 320.59 332.09 0.0003214
dresser 0 0 -10 6.47 246.52 290.85 441.00 0.0003201
table 0 0 -10 3.39 253.63 70.11 436.17 0.0003130
bed 0 0 -10 210.66 276.94 590.40 440.32 0.0003086
table 0 0 -10 26.62 410.21 292.71 441.00 0.0003079
desk 0 0 -10 257.12 227.63 493.81 436.82 0.0003044
table 0 0 -10 186.33 3.50 420.25 133.65 0.0002951
desk 0 0 -10 11.68 327.88 386.56 436.74 0.0002935
bathtub 0 0 -10 179.04 216.47 491.12 319.65 0.0002849
chair 0 0 -10 265.14 198.80 365.41 315.22 0.0002827
chair 0 0 -10 571.20 69.34 591.00 354.74 0.0002755
chair 0 0 -10 361.33 201.95 434.48 314.85 0.0002753
table 0 0 -10 21.25 206.98 322.61 436.69 0.0002732
bathtub 0 0 -10 179.45 214.41 467.78 428.90 0.0002664
chair 0 0 -10 111.07 0.00 277.06 132.86 0.0002583
chair 0 0 -10 1.89 311.02 92.19 440.01 0.0002472
table 0 0 -10 27.95 425.70 207.74 440.98 0.0002360
bathtub 0 0 -10 308.05 170.55 591.00 408.79 0.0002317
