chair 0 0 -10 320.76 279.52 447.39 403.72 0.9892686
chair 0 0 -10 199.96 296.20 301.59 405.92 0.9822588
chair 0 0 -10 74.38 304.65 177.08 417.56 0.9819382
chair 0 0 -10 358.80 350.20 567.86 440.89 0.9762288
chair 0 0 -10 162.91 386.41 297.71 441.00 0.9411634
chair 0 0 -10 2.00 315.20 49.03 438.70 0.9205375
chair 0 0 -10 5.28 267.82 72.95 361.82 0.9062948
chair 0 0 -10 282.70 238.52 355.56 365.05 0.8945627
chair 0 0 -10 59.63 260.38 142.67 365.61 0.8774323
chair 0 0 -10 144.32 254.69 209.67 375.14 0.8586580
chair 0 0 -10 9.28 393.44 141.41 441.00 0.7504938
chair 0 0 -10 160.06 217.98 217.68 300.25 0.6675255
chair 0 0 -10 211.07 215.67 263.76 270.18 0.6673955
chair 0 0 -10 361.70 173.63 423.64 266.65 0.6667395
chair 0 0 -10 50.35 238.01 105.22 303.96 0.6635211
chair 0 0 -10 0.00 237.37 50.31 310.96 0.6372852
chair 0 0 -10 212.31 250.62 284.87 304.40 0.6221187
chair 0 0 -10 262.80 211.14 309.43 270.31 0.6015145
chair 0 0 -10 210.13 247.18 289.49 348.00 0.5018582
chair 0 0 -10 26.51 263.49 117.46 383.59 0.4344937
chair 0 0 -10 306.91 268.77 403.85 384.50 0.3948624
chair 0 0 -10 103.03 227.68 157.58 290.29 0.3781029
chair 0 0 -10 11.68 328.99 149.90 440.13 0.3469996
chair 0 0 -10 56.35 247.65 132.73 318.97 0.3046157
chair 0 0 -10 0.44 244.43 44.16 286.39 0.1749034
chair 0 0 -10 324.27 288.40 520.22 433.55 0.1733557
chair 0 0 -10 87.43 261.08 187.90 356.15 0.1503997
chair 0 0 -10 165.43 222.10 213.04 269.53 0.1481581
chair 0 0 -10 38.58 272.83 166.55 398.38 0.1357351
chair 0 0 -10 259.92 217.96 335.66 317.27 0.1343768
table 0 0 -10 17.75 351.02 226.25 439.07 0.1185374
chair 0 0 -10 35.93 239.72 101.14 335.09 0.1164123
chair 0 0 -10 69.52 228.60 144.52 306.69 0.1104739
chair 0 0 -10 227.44 241.32 322.52 360.90 0.1061664
chair 0 0 -10 1.77 249.49 81.79 423.14 0.0997504
chair 0 0 -10 208.02 221.71 277.90 296.88 0.0986058
dresser 0 0 -10 239.58 7.38 401.16 188.28 0.0840344
chair 0 0 -10 463.09 337.46 587.05 439.50 0.0715874
table 0 0 -10 120.77 361.16 288.06 441.00 0.0712690
table 0 0 -10 76.34 381.39 169.96 422.83 0.0624358
chair 0 0 -10 169.45 365.16 444.91 441.00 0.0571663
chair 0 0 -10 143.84 252.77 212.36 315.64 0.0564173
chair 0 0 -10 213.40 241.83 272.50 274.35 0.0559772
chair 0 0 -10 10.65 238.96 78.03 312.15 0.0502941
chair 0 0 -10 109.00 234.84 155.28 270.06 0.0484019
chair 0 0 -10 156.71 260.97 250.58 379.99 0.0445435
chair 0 0 -10 279.75 231.90 348.29 305.25 0.0426856
chair 0 0 -10 0.22 262.39 67.88 316.92 0.0411567
bookshelf 0 0 -10 250.39 1.65 403.87 205.64 0.0390514
table 0 0 -10 42.72 387.26 274.60 439.82 0.0375130
chair 0 0 -10 47.10 222.75 236.09 311.24 0.0371935
chair 0 0 -10 239.89 213.18 308.59 300.76 0.0335665
chair 0 0 -10 140.76 303.19 291.59 432.89 0.0326400
chair 0 0 -10 352.36 170.36 438.83 320.93 0.0321034
chair 0 0 -10 28.15 242.51 150.43 342.95 0.0309791
table 0 0 -10 14.60 390.95 149.94 438.74 0.0284901
chair 0 0 -10 307.01 330.42 460.72 441.00 0.0256272
table 0 0 -10 19.98 211.23 283.13 290.01 0.0254278
chair 0 0 -10 0.68 306.24 23.34 436.89 0.0235238
chair 0 0 -10 55.52 221.07 179.01 362.68 0.0224518
sofa 0 0 -10 5.39 393.89 141.54 441.00 0.0220385
table 0 0 -10 22.37 333.99 365.19 439.50 0.0219180
table 0 0 -10 68.84 334.53 181.32 435.12 0.0204958
table 0 0 -10 1.20 225.03 378.01 414.64 0.0192381
table 0 0 -10 76.71 218.24 185.09 284.89 0.0168648
chair 0 0 -10 2.04 416.51 146.20 440.32 0.0164557
chair 0 0 -10 114.85 338.88 534.34 441.00 0.0148615
sofa 0 0 -10 140.03 386.68 294.29 441.00 0.0135712
chair 0 0 -10 287.75 218.83 400.41 368.31 0.0133228
table 0 0 -10 20.49 269.67 188.84 393.78 0.0117776
chair 0 0 -10 215.85 254.74 273.57 283.28 0.0112958
desk 0 0 -10 16.32 349.34 224.12 441.00 0.0110527
table 0 0 -10 52.26 187.91 382.05 279.75 0.0103908
table 0 0 -10 29.34 305.68 213.47 422.24 0.0103244
sofa 0 0 -10 23.49 379.45 304.43 441.00 0.0100564
table 0 0 -10 12.26 215.94 313.59 345.45 0.0095753
chair 0 0 -10 168.21 212.24 254.42 276.71 0.0093819
chair 0 0 -10 67.56 348.51 227.59 441.00 0.0093235
chair 0 0 -10 391.66 279.97 576.17 431.45 0.0091793
chair 0 0 -10 0.18 245.12 24.14 325.94 0.0084449
chair 0 0 -10 480.67 379.21 591.00 441.00 0.0083931
chair 0 0 -10 223.05 208.31 363.98 343.46 0.0082581
table 0 0 -10 0.53 344.74 48.59 435.25 0.0079456
chair 0 0 -10 0.22 0.95 96.29 192.55 0.0079122
table 0 0 -10 55.87 205.06 211.36 342.90 0.0077187
desk 0 0 -10 230.16 3.72 405.48 188.92 0.0076813
desk 0 0 -10 72.06 331.98 178.18 435.11 0.0076486
table 0 0 -10 169.04 337.46 302.04 428.27 0.0075036
table 0 0 -10 103.67 226.01 163.53 280.57 0.0074273
table 0 0 -10 341.93 329.12 463.30 437.93 0.0072368
desk 0 0 -10 19.23 122.53 355.26 402.48 0.0070274
chair 0 0 -10 74.49 264.61 263.29 385.60 0.0065801
table 0 0 -10 1.14 253.47 49.00 352.09 0.0061872
chair 0 0 -10 316.73 205.27 431.91 343.92 0.0061508
chair 0 0 -10 4.23 236.97 9.14 337.86 0.0058917
chair 0 0 -10 46.73 346.76 367.94 441.00 0.0057938
desk 0 0 -10 19.38 266.95 188.53 396.87 0.0057208
desk 0 0 -10 17.70 215.94 267.92 308.49 0.0057017
table 0 0 -10 2.23 264.62 90.73 341.81 0.0055495
table 0 0 -10 4.23 423.50 146.06 440.97 0.0054540
