chair 0 0 -10 76.12 335.46 316.66 440.56 0.9794154
chair 0 0 -10 7.53 210.35 97.15 286.58 0.9786263
chair 0 0 -10 84.69 232.29 226.30 403.27 0.9642640
chair 0 0 -10 429.73 210.29 486.58 393.04 0.9322745
table 0 0 -10 5.23 287.03 219.57 440.36 0.9303169
chair 0 0 -10 0.00 238.24 51.95 306.71 0.8445992
chair 0 0 -10 340.94 180.15 404.55 298.65 0.7002823
chair 0 0 -10 0.00 216.74 55.59 423.40 0.6122512
chair 0 0 -10 0.73 210.85 35.30 321.37 0.4659149
table 0 0 -10 0.46 294.68 56.36 414.38 0.3537671
chair 0 0 -10 437.18 216.81 463.96 391.98 0.1852522
chair 0 0 -10 1.91 285.32 50.76 395.17 0.1532412
chair 0 0 -10 0.47 213.82 93.95 346.15 0.1337885
chair 0 0 -10 1.36 208.76 55.24 282.33 0.1171649
chair 0 0 -10 99.95 231.90 220.38 313.26 0.1002410
chair 0 0 -10 388.83 204.58 506.09 401.95 0.0915576
chair 0 0 -10 0.00 294.03 88.12 432.61 0.0647929
desk 0 0 -10 6.57 295.87 224.75 441.00 0.0629100
chair 0 0 -10 2.36 224.33 14.38 310.98 0.0618799
chair 0 0 -10 448.40 193.12 479.36 375.69 0.0571206
chair 0 0 -10 1.47 204.03 18.62 351.44 0.0528827
chair 0 0 -10 1.53 304.76 55.26 351.51 0.0507024
chair 0 0 -10 0.00 232.31 116.35 413.85 0.0439567
table 0 0 -10 3.71 267.10 77.33 438.06 0.0420222
chair 0 0 -10 15.72 291.18 355.11 441.00 0.0415261
table 0 0 -10 432.51 224.48 472.26 380.89 0.0411239
desk 0 0 -10 431.84 236.90 556.37 432.26 0.0387536
chair 0 0 -10 60.67 291.08 232.39 434.77 0.0375534
chair 0 0 -10 1.77 256.88 70.12 374.38 0.0314466
chair 0 0 -10 5.13 232.95 36.36 296.27 0.0305230
desk 0 0 -10 429.60 235.27 486.70 390.96 0.0284061
desk 0 0 -10 0.20 292.95 54.94 417.44 0.0230498
table 0 0 -10 432.47 238.18 559.75 432.28 0.0229149
table 0 0 -10 7.99 250.41 356.75 429.81 0.0223324
chair 0 0 -10 0.68 239.73 25.44 411.74 0.0210715
chair 0 0 -10 2.67 263.38 54.13 295.45 0.0188199
table 0 0 -10 7.12 233.50 57.75 299.59 0.0172898
table 0 0 -10 411.18 246.20 484.78 394.23 0.0166329
chair 0 0 -10 402.56 211.32 467.53 378.07 0.0159544
table 0 0 -10 2.51 277.70 31.31 440.34 0.0149477
chair 0 0 -10 3.46 210.07 9.03 312.80 0.0145224
table 0 0 -10 0.84 314.57 54.38 357.53 0.0142269
table 0 0 -10 0.66 308.73 38.22 392.51 0.0132990
chair 0 0 -10 426.14 34.03 499.54 392.96 0.0127392
chair 0 0 -10 2.83 212.85 20.23 284.17 0.0127184
sofa 0 0 -10 0.00 200.87 51.84 402.33 0.0124896
table 0 0 -10 0.00 196.92 51.21 398.79 0.0111577
desk 0 0 -10 9.90 245.30 368.21 437.57 0.0096918
desk 0 0 -10 36.09 183.38 416.74 278.88 0.0096824
bathtub 0 0 -10 437.10 217.77 591.00 441.00 0.0094490
chair 0 0 -10 426.36 243.14 460.90 370.51 0.0093530
chair 0 0 -10 443.70 204.12 515.96 405.32 0.0091500
chair 0 0 -10 336.92 179.50 443.49 342.92 0.0089495
chair 0 0 -10 430.87 230.48 476.37 343.92 0.0083715
sofa 0 0 -10 1.09 288.08 50.39 393.71 0.0079252
chair 0 0 -10 436.23 211.05 481.30 296.97 0.0076333
chair 0 0 -10 297.62 216.22 504.69 379.91 0.0076190
chair 0 0 -10 0.00 335.95 174.31 438.99 0.0076070
table 0 0 -10 1.99 297.66 17.19 433.51 0.0073473
table 0 0 -10 71.89 273.77 217.92 392.25 0.0073026
chair 0 0 -10 0.01 202.83 40.74 253.34 0.0072237
table 0 0 -10 441.81 220.68 457.75 403.57 0.0066102
table 0 0 -10 43.78 182.72 403.41 277.21 0.0064876
chair 0 0 -10 442.82 201.88 457.14 361.47 0.0061893
chair 0 0 -10 1.20 284.37 34.12 352.04 0.0060779
chair 0 0 -10 467.24 210.25 483.02 374.82 0.0059482
chair 0 0 -10 175.30 301.19 366.08 439.94 0.0058965
chair 0 0 -10 459.14 211.63 488.96 353.91 0.0058179
table 0 0 -10 455.09 233.91 482.30 385.67 0.0056561
desk 0 0 -10 0.56 314.30 53.04 357.23 0.0055503
chair 0 0 -10 355.87 44.20 544.36 419.70 0.0054968
chair 0 0 -10 415.92 207.21 564.58 429.72 0.0053244
dresser 0 0 -10 423.71 234.71 480.59 390.15 0.0052079
desk 0 0 -10 8.10 278.71 123.45 437.18 0.0049841
chair 0 0 -10 16.86 218.16 161.50 355.99 0.0049314
chair 0 0 -10 121.27 236.39 472.31 438.13 0.0049213
chair 0 0 -10 1.90 242.66 23.78 289.32 0.0047877
chair 0 0 -10 1.19 222.70 8.54 331.95 0.0047674
night_stand 0 0 -10 423.04 237.41 482.23 388.80 0.0042706
chair 0 0 -10 2.86 264.40 31.03 305.09 0.0041966
sofa 0 0 -10 0.74 310.61 337.72 441.00 0.0041809
table 0 0 -10 436.97 121.00 588.58 441.00 0.0040957
chair 0 0 -10 34.77 218.80 87.48 265.73 0.0040558
chair 0 0 -10 2.68 225.01 13.30 394.64 0.0038839
sofa 0 0 -10 0.02 195.62 27.77 331.64 0.0036986
table 0 0 -10 1.01 211.15 43.68 324.42 0.0036661
chair 0 0 -10 132.85 286.40 288.96 434.13 0.0032798
chair 0 0 -10 8.26 214.41 25.65 270.82 0.0032469
desk 0 0 -10 0.49 199.40 50.31 400.24 0.0030448
chair 0 0 -10 230.63 191.08 543.12 435.60 0.0030228
sofa 0 0 -10 0.80 204.50 63.88 297.05 0.0030150
chair 0 0 -10 449.74 194.23 464.17 352.37 0.0029879
desk 0 0 -10 438.46 219.39 461.97 394.41 0.0028352
chair 0 0 -10 464.62 215.31 470.40 334.37 0.0027575
chair 0 0 -10 435.39 42.62 583.67 437.98 0.0027132
table 0 0 -10 7.25 215.12 79.66 280.68 0.0026898
sofa 0 0 -10 0.00 270.36 65.05 436.05 0.0026813
desk 0 0 -10 50.12 259.17 250.05 415.73 0.0025929
chair 0 0 -10 220.05 331.11 431.50 441.00 0.0024905
desk 0 0 -10 0.83 298.31 37.09 377.84 0.0024714
