table 0 0 -10 14.54 379.16 372.85 441.00 0.9311953
chair 0 0 -10 115.36 374.64 241.99 441.00 0.8295507
table 0 0 -10 0.00 375.26 108.24 439.98 0.8184648
chair 0 0 -10 63.01 347.78 164.55 432.42 0.8031684
table 0 0 -10 186.45 363.80 331.05 421.35 0.7022003
chair 0 0 -10 246.86 397.07 358.61 440.00 0.6363212
table 0 0 -10 35.47 372.49 217.18 439.54 0.3503326
chair 0 0 -10 85.59 351.68 160.22 404.13 0.3427314
table 0 0 -10 1.91 351.33 357.00 425.92 0.1517765
desk 0 0 -10 41.90 392.52 337.51 440.49 0.1481487
chair 0 0 -10 43.57 377.89 178.09 439.71 0.0835737
chair 0 0 -10 0.00 377.53 48.21 439.76 0.0816310
chair 0 0 -10 160.74 385.82 339.54 441.00 0.0814029
table 0 0 -10 161.10 377.16 349.51 436.13 0.0776009
chair 0 0 -10 210.32 424.58 362.99 441.00 0.0766521
table 0 0 -10 9.45 350.68 145.41 419.96 0.0742467
chair 0 0 -10 101.62 353.98 156.08 389.59 0.0720784
chair 0 0 -10 141.65 377.88 224.87 405.86 0.0719538
desk 0 0 -10 171.20 364.08 325.18 439.73 0.0689710
chair 0 0 -10 2.73 370.35 85.25 439.62 0.0589760
desk 0 0 -10 0.88 62.25 163.17 353.06 0.0575616
desk 0 0 -10 0.18 371.68 101.94 441.00 0.0450629
chair 0 0 -10 113.17 414.40 269.54 441.00 0.0442142
desk 0 0 -10 29.63 382.28 188.02 441.00 0.0401145
table 0 0 -10 136.72 353.55 322.17 402.75 0.0352488
chair 0 0 -10 10.96 360.27 118.97 429.56 0.0340353
table 0 0 -10 221.67 13.56 591.00 247.32 0.0339937
chair 0 0 -10 87.56 363.80 361.87 439.10 0.0329119
table 0 0 -10 71.37 399.54 272.81 441.00 0.0320067
chair 0 0 -10 103.36 352.67 199.59 408.14 0.0319015
desk 0 0 -10 5.55 354.07 377.50 439.73 0.0310647
table 0 0 -10 0.35 370.51 40.62 437.30 0.0294598
chair 0 0 -10 0.10 393.88 133.22 439.50 0.0293858
chair 0 0 -10 79.99 390.09 214.47 441.00 0.0283798
chair 0 0 -10 100.15 426.13 252.97 441.00 0.0283297
chair 0 0 -10 139.36 365.40 269.34 411.07 0.0258111
chair 0 0 -10 150.51 415.00 352.61 441.00 0.0250676
chair 0 0 -10 161.33 362.57 281.02 436.70 0.0244475
table 0 0 -10 36.42 389.15 119.55 439.48 0.0241256
chair 0 0 -10 19.76 341.94 229.99 429.59 0.0216388
desk 0 0 -10 191.94 390.41 353.04 438.50 0.0185246
table 0 0 -10 0.61 72.96 160.07 349.47 0.0181884
sofa 0 0 -10 73.06 381.62 359.63 441.00 0.0159875
chair 0 0 -10 0.36 372.47 30.90 426.44 0.0159805
dresser 0 0 -10 0.00 84.17 155.06 349.98 0.0158807
chair 0 0 -10 136.81 431.76 233.16 441.00 0.0154797
chair 0 0 -10 59.34 361.90 126.57 431.15 0.0151848
desk 0 0 -10 223.51 111.52 591.00 434.24 0.0130199
chair 0 0 -10 0.66 404.88 38.91 439.22 0.0122623
bookshelf 0 0 -10 2.32 65.64 155.54 348.55 0.0118175
bookshelf 0 0 -10 222.56 71.03 575.75 437.78 0.0115942
chair 0 0 -10 251.59 415.14 311.73 438.14 0.0106066
chair 0 0 -10 10.30 323.09 152.67 441.00 0.0105417
chair 0 0 -10 152.23 426.97 317.32 441.00 0.0104525
table 0 0 -10 156.64 370.06 279.22 412.21 0.0103523
chair 0 0 -10 246.96 431.89 359.57 439.35 0.0100041
table 0 0 -10 193.43 425.62 363.04 441.00 0.0099423
chair 0 0 -10 66.15 400.80 318.17 435.98 0.0098480
desk 0 0 -10 225.11 10.40 591.00 253.49 0.0095527
chair 0 0 -10 392.51 39.38 572.94 204.60 0.0087121
desk 0 0 -10 21.34 354.07 149.43 437.98 0.0085277
table 0 0 -10 205.68 38.66 575.87 416.77 0.0084013
table 0 0 -10 229.35 392.90 359.17 437.45 0.0082078
table 0 0 -10 169.85 409.54 360.73 440.59 0.0079369
bed 0 0 -10 72.72 393.54 356.73 441.00 0.0075013
table 0 0 -10 0.05 383.36 76.22 426.69 0.0073069
chair 0 0 -10 243.46 379.97 333.72 433.40 0.0069968
chair 0 0 -10 35.65 409.35 186.67 440.91 0.0069590
table 0 0 -10 54.54 338.42 164.10 413.05 0.0064716
table 0 0 -10 108.97 375.00 229.49 413.28 0.0064364
table 0 0 -10 137.72 432.16 239.69 441.00 0.0063548
table 0 0 -10 3.11 427.10 80.15 440.40 0.0060090
table 0 0 -10 78.44 356.02 214.48 407.49 0.0059187
table 0 0 -10 68.98 423.82 321.27 441.00 0.0057782
table 0 0 -10 372.02 96.63 586.89 170.44 0.0054907
desk 0 0 -10 207.26 371.81 333.47 421.64 0.0052312
table 0 0 -10 204.91 360.09 288.95 393.69 0.0051808
chair 0 0 -10 29.48 407.51 71.44 440.88 0.0048935
desk 0 0 -10 128.28 386.12 263.85 441.00 0.0045526
table 0 0 -10 235.22 431.72 364.03 440.71 0.0045140
chair 0 0 -10 3.18 414.43 100.63 441.00 0.0044844
chair 0 0 -10 2.31 378.18 8.57 437.22 0.0044617
desk 0 0 -10 380.25 100.33 588.65 181.62 0.0043397
chair 0 0 -10 0.09 370.27 16.65 436.31 0.0042973
chair 0 0 -10 159.80 390.59 256.90 440.44 0.0041189
chair 0 0 -10 232.29 18.10 458.17 221.77 0.0040989
table 0 0 -10 0.87 372.21 24.08 423.85 0.0040568
desk 0 0 -10 94.55 412.55 324.89 441.00 0.0039692
table 0 0 -10 1.03 406.43 41.69 437.77 0.0036569
chair 0 0 -10 218.42 427.37 252.80 440.54 0.0034001
table 0 0 -10 144.38 437.41 224.35 441.00 0.0033994
desk 0 0 -10 0.05 303.91 498.19 435.55 0.0033499
table 0 0 -10 103.06 313.84 343.29 434.65 0.0033161
chair 0 0 -10 145.80 437.14 219.59 441.00 0.0033126
table 0 0 -10 93.67 352.36 280.37 436.99 0.0032087
chair 0 0 -10 260.53 123.84 431.72 204.92 0.0031421
chair 0 0 -10 144.04 334.33 249.10 415.33 0.0029354
table 0 0 -10 9.97 312.71 180.02 440.25 0.0029050
chair 0 0 -10 248.77 427.84 319.04 439.88 0.0028711
table 0 0 -10 92.16 345.67 159.32 388.97 0.0028392
