chair 0 0 -10 370.58 97.59 462.05 202.32 0.9774600
chair 0 0 -10 263.74 115.04 369.00 191.35 0.9606987
chair 0 0 -10 148.28 110.59 238.41 207.01 0.9548792
table 0 0 -10 401.64 128.29 591.00 274.23 0.9141175
table 0 0 -10 216.32 269.39 591.00 441.00 0.9130836
chair 0 0 -10 66.18 155.27 194.42 215.73 0.8745329
table 0 0 -10 2.06 197.39 244.18 441.00 0.8319302
chair 0 0 -10 55.45 150.54 192.47 278.48 0.8131552
table 0 0 -10 228.94 119.57 492.91 244.05 0.7737061
table 0 0 -10 76.71 157.19 252.25 296.22 0.5166120
table 0 0 -10 241.79 111.49 489.67 181.43 0.4117282
table 0 0 -10 95.16 121.02 591.00 260.96 0.3591786
table 0 0 -10 71.55 193.57 581.71 423.49 0.3168624
chair 0 0 -10 13.33 152.19 154.88 312.28 0.2238988
table 0 0 -10 89.14 147.14 252.18 231.09 0.1926616
desk 0 0 -10 2.72 208.20 236.04 438.35 0.1617930
desk 0 0 -10 81.30 158.12 254.28 279.63 0.1553114
desk 0 0 -10 223.49 121.22 493.52 257.28 0.1536166
table 0 0 -10 377.33 111.44 516.14 213.90 0.1478630
chair 0 0 -10 113.09 121.06 235.53 272.84 0.1461206
chair 0 0 -10 254.79 93.82 368.89 239.54 0.1327778
table 0 0 -10 249.85 119.35 418.17 170.84 0.1318757
table 0 0 -10 131.47 124.84 530.75 207.96 0.1042771
desk 0 0 -10 244.71 119.67 422.84 189.47 0.0971889
desk 0 0 -10 94.43 119.21 591.00 278.78 0.0892183
table 0 0 -10 4.62 176.34 216.59 329.97 0.0738231
chair 0 0 -10 267.69 138.31 359.11 180.30 0.0696923
chair 0 0 -10 68.73 164.96 153.95 209.63 0.0687800
desk 0 0 -10 179.15 120.32 522.80 199.42 0.0660898
chair 0 0 -10 13.49 196.46 213.76 400.94 0.0601785
desk 0 0 -10 86.21 176.86 237.70 385.12 0.0573772
chair 0 0 -10 269.77 271.95 580.89 438.51 0.0570304
desk 0 0 -10 403.07 134.02 589.45 273.04 0.0552606
chair 0 0 -10 71.09 209.05 301.97 429.41 0.0499220
table 0 0 -10 411.89 182.48 583.78 364.57 0.0410836
bed 0 0 -10 229.93 269.53 589.56 441.00 0.0376896
desk 0 0 -10 211.17 272.80 591.00 440.02 0.0367116
chair 0 0 -10 308.98 100.86 458.18 232.05 0.0359302
table 0 0 -10 238.05 117.72 400.83 218.36 0.0352642
desk 0 0 -10 87.98 153.07 249.43 219.52 0.0337542
chair 0 0 -10 87.20 120.09 231.88 201.51 0.0314073
chair 0 0 -10 253.48 104.60 322.22 171.08 0.0267130
chair 0 0 -10 383.69 102.49 469.47 162.17 0.0251601
desk 0 0 -10 65.27 191.31 585.60 435.67 0.0248970
table 0 0 -10 65.31 190.33 319.33 407.64 0.0247019
chair 0 0 -10 32.41 157.80 114.71 267.98 0.0235050
table 0 0 -10 106.27 138.39 394.01 270.02 0.0234871
chair 0 0 -10 544.14 139.97 590.82 295.93 0.0216449
table 0 0 -10 281.87 113.77 584.83 319.78 0.0211549
table 0 0 -10 134.66 226.23 262.94 438.19 0.0205200
chair 0 0 -10 160.62 111.89 232.37 148.19 0.0202523
desk 0 0 -10 356.41 112.72 502.94 195.75 0.0190696
table 0 0 -10 386.45 243.32 590.10 411.35 0.0187467
desk 0 0 -10 8.79 185.20 222.31 322.67 0.0183849
table 0 0 -10 1.12 202.94 114.49 312.96 0.0181475
chair 0 0 -10 104.04 211.07 390.00 373.38 0.0175313
chair 0 0 -10 142.25 190.43 318.75 350.59 0.0163949
table 0 0 -10 77.64 142.80 458.67 360.16 0.0158750
table 0 0 -10 541.64 142.67 589.20 293.71 0.0142593
chair 0 0 -10 404.46 218.52 591.00 403.04 0.0125998
chair 0 0 -10 103.76 180.20 240.66 351.09 0.0116716
table 0 0 -10 139.89 143.08 258.21 276.20 0.0105291
chair 0 0 -10 402.27 140.08 581.27 264.90 0.0102893
chair 0 0 -10 159.15 193.61 278.71 298.76 0.0097319
chair 0 0 -10 37.92 333.93 389.24 440.86 0.0090818
table 0 0 -10 509.79 196.29 589.55 416.63 0.0090109
chair 0 0 -10 360.75 110.92 444.95 177.75 0.0087804
table 0 0 -10 121.10 246.67 366.09 439.96 0.0086015
sofa 0 0 -10 226.53 266.77 591.00 441.00 0.0085540
chair 0 0 -10 132.69 149.72 261.04 314.03 0.0082876
chair 0 0 -10 381.55 100.60 456.79 130.36 0.0082747
chair 0 0 -10 245.26 97.43 304.85 150.89 0.0080845
chair 0 0 -10 65.63 159.28 130.09 237.29 0.0078529
table 0 0 -10 70.46 145.05 190.03 210.89 0.0077526
chair 0 0 -10 103.01 283.06 487.69 428.02 0.0076829
chair 0 0 -10 528.01 126.20 591.00 236.03 0.0075446
desk 0 0 -10 38.92 140.08 289.98 312.65 0.0075082
desk 0 0 -10 3.19 201.11 113.38 314.80 0.0073839
table 0 0 -10 374.65 93.67 469.51 176.13 0.0070538
chair 0 0 -10 1.45 196.16 113.47 308.26 0.0066184
table 0 0 -10 0.51 137.83 86.39 320.99 0.0064925
chair 0 0 -10 397.80 98.95 486.94 190.46 0.0060753
table 0 0 -10 90.17 118.86 363.33 209.63 0.0059432
table 0 0 -10 111.34 167.38 291.49 348.44 0.0057278
chair 0 0 -10 515.28 186.63 591.00 409.04 0.0054857
desk 0 0 -10 77.98 195.64 321.09 436.49 0.0054249
chair 0 0 -10 78.57 146.78 163.33 197.67 0.0054130
chair 0 0 -10 6.87 59.02 216.73 301.35 0.0053861
bed 0 0 -10 0.00 199.90 242.87 438.37 0.0050822
desk 0 0 -10 400.71 120.85 528.68 207.59 0.0049821
chair 0 0 -10 243.75 105.91 436.94 258.07 0.0048964
chair 0 0 -10 353.18 108.83 505.28 240.45 0.0048785
chair 0 0 -10 153.91 168.62 263.72 260.77 0.0046887
desk 0 0 -10 259.40 113.09 387.36 167.68 0.0046879
table 0 0 -10 114.91 120.22 251.44 201.65 0.0044488
table 0 0 -10 335.17 106.61 466.78 198.24 0.0042763
chair 0 0 -10 362.25 144.59 419.21 176.15 0.0042016
table 0 0 -10 547.34 238.68 589.68 432.15 0.0040047
chair 0 0 -10 167.60 103.48 265.10 237.70 0.0038248
chair 0 0 -10 213.79 113.46 348.29 261.18 0.0037657
