chair 0 0 -10 56.80 280.48 181.64 416.42 0.9869213
chair 0 0 -10 116.39 350.31 279.59 441.00 0.9815544
chair 0 0 -10 0.89 281.58 80.40 378.46 0.9561307
chair 0 0 -10 0.51 373.91 79.72 440.03 0.9367729
chair 0 0 -10 457.86 391.03 591.00 440.65 0.8367268
chair 0 0 -10 11.30 360.36 197.84 441.00 0.4113553
chair 0 0 -10 1.18 317.08 77.91 428.96 0.4002335
chair 0 0 -10 12.22 280.66 134.59 404.49 0.2735258
chair 0 0 -10 489.07 404.25 567.46 441.00 0.1722926
chair 0 0 -10 428.88 354.03 591.00 440.93 0.1388146
chair 0 0 -10 16.24 384.11 134.41 441.00 0.1246492
bookshelf 0 0 -10 308.27 43.17 506.91 441.00 0.1180325
chair 0 0 -10 537.97 387.20 591.00 439.96 0.1079017
chair 0 0 -10 175.88 289.46 266.11 354.15 0.0911483
chair 0 0 -10 79.67 279.31 189.21 357.18 0.0596546
desk 0 0 -10 19.07 23.69 559.82 437.24 0.0541046
dresser 0 0 -10 335.64 49.55 512.59 434.64 0.0531405
table 0 0 -10 7.05 280.69 136.59 377.63 0.0529974
table 0 0 -10 447.85 399.72 584.41 441.00 0.0453767
chair 0 0 -10 126.57 338.99 402.46 441.00 0.0395594
chair 0 0 -10 0.00 229.19 74.63 420.50 0.0371398
chair 0 0 -10 47.34 401.33 276.65 439.93 0.0344953
chair 0 0 -10 436.83 418.42 590.24 440.47 0.0316862
bookshelf 0 0 -10 94.29 28.54 533.37 440.91 0.0313686
table 0 0 -10 16.31 350.74 233.47 441.00 0.0291951
table 0 0 -10 26.23 286.59 181.23 402.20 0.0275267
table 0 0 -10 41.54 386.32 139.34 441.00 0.0264364
sofa 0 0 -10 441.38 389.88 591.00 440.75 0.0250430
table 0 0 -10 40.95 406.41 269.12 439.79 0.0228824
chair 0 0 -10 189.91 335.34 567.70 441.00 0.0228323
desk 0 0 -10 263.26 25.19 524.81 437.06 0.0221747
table 0 0 -10 6.82 336.20 136.58 440.25 0.0192227
chair 0 0 -10 7.93 425.29 86.50 440.87 0.0184830
sofa 0 0 -10 515.42 389.28 589.31 441.00 0.0176151
sofa 0 0 -10 0.00 371.42 76.92 441.00 0.0172281
table 0 0 -10 9.16 433.76 74.40 440.65 0.0170247
table 0 0 -10 14.13 425.21 171.24 441.00 0.0162880
table 0 0 -10 1.31 330.34 78.18 433.55 0.0162196
table 0 0 -10 17.59 431.24 99.31 440.72 0.0155370
chair 0 0 -10 318.28 30.95 516.61 429.92 0.0147103
chair 0 0 -10 0.29 420.93 137.60 441.00 0.0146870
chair 0 0 -10 105.28 427.41 280.65 441.00 0.0145901
chair 0 0 -10 490.36 427.76 569.66 440.94 0.0144553
table 0 0 -10 181.12 303.68 260.85 350.19 0.0139007
table 0 0 -10 132.85 350.06 299.06 436.98 0.0124730
table 0 0 -10 504.93 389.32 587.30 441.00 0.0114717
chair 0 0 -10 513.92 365.05 591.00 440.54 0.0112398
chair 0 0 -10 0.41 256.73 44.75 387.90 0.0111145
chair 0 0 -10 167.40 310.48 276.55 423.96 0.0107745
table 0 0 -10 12.98 436.89 74.15 440.85 0.0099712
chair 0 0 -10 358.67 263.02 568.69 441.00 0.0098605
table 0 0 -10 20.67 272.42 313.89 377.61 0.0096368
table 0 0 -10 455.60 434.34 583.48 441.00 0.0095779
chair 0 0 -10 98.78 318.61 226.94 436.58 0.0090703
chair 0 0 -10 1.60 308.82 331.78 441.00 0.0087515
chair 0 0 -10 8.43 433.26 74.49 440.86 0.0080473
table 0 0 -10 25.77 423.14 95.80 441.00 0.0079564
chair 0 0 -10 63.80 394.40 138.73 440.46 0.0078405
table 0 0 -10 1.65 284.70 74.20 397.67 0.0078000
chair 0 0 -10 2.28 363.73 45.43 439.18 0.0075767
desk 0 0 -10 18.89 270.81 323.96 384.65 0.0074933
chair 0 0 -10 139.77 385.68 319.93 439.93 0.0073736
table 0 0 -10 438.48 421.90 584.57 440.98 0.0073205
table 0 0 -10 9.95 51.38 532.43 423.04 0.0072841
dresser 0 0 -10 151.10 33.12 540.82 434.77 0.0072068
desk 0 0 -10 0.00 284.05 465.84 438.43 0.0071754
desk 0 0 -10 6.48 280.23 135.71 381.62 0.0069024
chair 0 0 -10 140.11 415.42 279.72 441.00 0.0064581
dresser 0 0 -10 353.83 241.05 560.76 432.16 0.0063974
bed 0 0 -10 414.51 402.84 583.06 440.70 0.0063348
desk 0 0 -10 107.90 360.95 289.48 437.67 0.0062288
desk 0 0 -10 41.54 406.69 267.03 439.66 0.0061162
sofa 0 0 -10 0.00 276.92 79.20 371.60 0.0060980
table 0 0 -10 103.25 427.86 274.04 441.00 0.0060627
chair 0 0 -10 407.56 425.85 567.83 440.80 0.0057370
chair 0 0 -10 456.57 433.84 583.23 440.84 0.0056879
table 0 0 -10 484.73 405.39 562.17 441.00 0.0056342
table 0 0 -10 12.69 440.01 78.16 440.99 0.0054391
chair 0 0 -10 446.88 411.39 530.71 441.00 0.0048591
table 0 0 -10 37.05 429.92 64.07 440.76 0.0048372
chair 0 0 -10 81.96 416.59 230.52 441.00 0.0047959
bed 0 0 -10 504.10 388.97 588.88 441.00 0.0044981
desk 0 0 -10 1.53 304.16 72.47 378.66 0.0044892
chair 0 0 -10 478.25 415.53 568.78 434.83 0.0043391
chair 0 0 -10 62.24 413.72 169.21 441.00 0.0040395
table 0 0 -10 37.04 433.58 126.14 440.87 0.0039433
desk 0 0 -10 2.09 190.19 444.79 407.05 0.0039048
table 0 0 -10 9.73 429.04 68.84 439.56 0.0038451
chair 0 0 -10 547.60 389.68 582.52 427.51 0.0037562
desk 0 0 -10 34.08 337.05 323.68 441.00 0.0037368
table 0 0 -10 543.27 384.64 589.99 438.25 0.0033831
chair 0 0 -10 384.64 396.45 550.42 441.00 0.0033273
sofa 0 0 -10 127.35 352.60 295.23 439.65 0.0032859
table 0 0 -10 0.00 374.07 66.70 430.73 0.0031862
table 0 0 -10 167.35 262.17 270.46 344.53 0.0031597
table 0 0 -10 489.34 429.04 567.43 441.00 0.0031204
table 0 0 -10 7.44 192.68 427.58 403.11 0.0030762
table 0 0 -10 1.02 288.02 445.55 433.01 0.0030338
chair 0 0 -10 100.48 229.79 245.14 361.25 0.0030224
table 0 0 -10 83.50 325.06 184.52 441.00 0.0029667
