chair 0 0 -10 413.11 137.77 494.21 201.65 0.9815083
chair 0 0 -10 391.18 192.00 505.89 276.82 0.9763072
chair 0 0 -10 121.24 253.81 359.46 434.34 0.9637350
chair 0 0 -10 351.09 222.79 485.92 351.55 0.9618364
chair 0 0 -10 12.32 163.79 168.98 312.01 0.9521866
chair 0 0 -10 496.76 163.83 573.81 239.27 0.9206629
table 0 0 -10 6.20 162.45 384.63 436.76 0.9007483
chair 0 0 -10 196.61 124.59 270.63 217.18 0.8389758
chair 0 0 -10 107.91 139.23 230.18 263.45 0.8166505
table 0 0 -10 103.21 129.94 429.62 340.07 0.5244311
chair 0 0 -10 159.25 128.41 257.48 229.04 0.4606699
chair 0 0 -10 65.77 150.34 205.44 278.97 0.4288817
chair 0 0 -10 325.16 201.97 498.76 427.57 0.3751144
chair 0 0 -10 315.90 102.07 380.16 180.46 0.3502471
chair 0 0 -10 68.82 287.14 269.86 439.60 0.3251286
chair 0 0 -10 13.38 132.35 89.47 189.03 0.3192946
chair 0 0 -10 184.69 119.24 311.64 228.23 0.2766136
chair 0 0 -10 1.18 137.35 37.77 213.35 0.2147522
chair 0 0 -10 215.31 123.82 283.61 194.12 0.2131020
chair 0 0 -10 491.71 171.12 569.75 290.56 0.2073484
desk 0 0 -10 18.70 135.55 428.82 439.53 0.1595317
chair 0 0 -10 179.46 122.93 238.96 203.77 0.1330644
chair 0 0 -10 120.38 112.88 188.22 161.73 0.1247915
chair 0 0 -10 3.41 142.21 120.27 240.94 0.1245258
chair 0 0 -10 34.84 212.54 244.83 413.43 0.1225692
chair 0 0 -10 409.71 104.78 448.61 167.12 0.1197978
chair 0 0 -10 190.18 125.62 259.13 171.47 0.1195515
table 0 0 -10 194.90 133.63 426.49 274.48 0.1122400
chair 0 0 -10 75.89 121.56 181.62 177.80 0.1049434
chair 0 0 -10 161.00 114.36 245.06 179.81 0.0986818
chair 0 0 -10 30.63 125.56 121.70 185.33 0.0938881
chair 0 0 -10 104.69 133.86 223.68 206.54 0.0848350
chair 0 0 -10 2.08 129.01 72.40 214.69 0.0760343
chair 0 0 -10 370.87 102.61 405.37 182.93 0.0729384
chair 0 0 -10 198.56 225.73 462.50 440.22 0.0651932
desk 0 0 -10 152.45 128.58 424.40 353.54 0.0650052
table 0 0 -10 340.90 136.09 430.05 223.50 0.0638130
table 0 0 -10 6.39 109.40 201.58 188.83 0.0593988
chair 0 0 -10 408.73 151.90 504.76 250.09 0.0583674
chair 0 0 -10 28.37 158.36 175.75 238.99 0.0550218
chair 0 0 -10 1.78 138.21 26.74 193.71 0.0548900
table 0 0 -10 191.29 121.52 240.13 145.23 0.0542723
chair 0 0 -10 140.62 117.43 221.64 158.92 0.0473031
desk 0 0 -10 3.80 115.78 227.29 210.87 0.0464118
chair 0 0 -10 309.27 107.89 353.17 185.41 0.0454617
chair 0 0 -10 115.13 117.93 211.00 181.66 0.0431809
table 0 0 -10 300.54 134.77 429.57 261.88 0.0415848
table 0 0 -10 65.37 120.61 320.95 199.02 0.0396155
chair 0 0 -10 338.33 105.54 400.22 192.16 0.0383376
chair 0 0 -10 63.56 120.35 131.23 175.63 0.0380905
table 0 0 -10 2.61 187.71 220.75 375.20 0.0376832
table 0 0 -10 185.33 124.57 262.47 188.10 0.0339938
chair 0 0 -10 216.76 127.95 261.58 164.40 0.0339243
desk 0 0 -10 333.76 96.97 451.12 158.47 0.0338159
chair 0 0 -10 134.74 129.42 227.79 173.79 0.0332374
chair 0 0 -10 1.78 180.97 137.22 386.92 0.0315821
chair 0 0 -10 20.46 126.17 202.44 216.58 0.0288919
table 0 0 -10 53.78 107.86 190.90 165.44 0.0281900
table 0 0 -10 184.23 119.92 252.58 163.20 0.0279958
table 0 0 -10 364.47 144.81 471.10 209.81 0.0272823
table 0 0 -10 275.02 126.03 419.11 197.79 0.0253007
chair 0 0 -10 0.66 134.62 15.19 202.64 0.0250731
table 0 0 -10 199.54 126.04 310.80 207.94 0.0236884
desk 0 0 -10 70.33 110.44 191.61 170.23 0.0236015
chair 0 0 -10 173.43 115.11 234.49 159.73 0.0232167
table 0 0 -10 5.08 136.76 203.72 261.31 0.0227451
chair 0 0 -10 289.52 166.01 458.86 306.04 0.0212303
table 0 0 -10 0.00 134.41 39.20 196.85 0.0204336
chair 0 0 -10 8.28 137.20 33.51 180.68 0.0202852
table 0 0 -10 0.63 122.92 129.65 208.58 0.0200388
chair 0 0 -10 385.22 103.40 448.35 181.49 0.0196315
desk 0 0 -10 0.60 171.47 238.75 434.21 0.0192300
chair 0 0 -10 235.21 122.90 330.90 215.22 0.0190597
chair 0 0 -10 282.09 116.59 351.60 208.53 0.0180701
chair 0 0 -10 332.17 99.26 370.65 129.11 0.0174397
chair 0 0 -10 190.74 122.38 238.59 154.93 0.0147147
chair 0 0 -10 77.81 110.50 273.73 186.24 0.0147025
chair 0 0 -10 151.08 195.45 348.61 368.57 0.0141763
desk 0 0 -10 64.04 118.23 322.59 201.86 0.0137028
chair 0 0 -10 400.98 107.13 477.15 188.66 0.0136960
chair 0 0 -10 203.11 112.93 256.90 155.09 0.0134910
chair 0 0 -10 20.95 173.56 131.33 217.44 0.0133421
desk 0 0 -10 0.45 134.01 38.17 199.36 0.0126830
table 0 0 -10 122.71 118.05 248.98 168.55 0.0125501
desk 0 0 -10 0.26 192.19 172.26 333.55 0.0124595
chair 0 0 -10 368.48 101.08 406.46 127.43 0.0122042
table 0 0 -10 135.47 121.71 405.45 226.54 0.0118451
table 0 0 -10 0.95 173.80 111.52 352.17 0.0114140
chair 0 0 -10 264.21 107.68 396.16 214.07 0.0111011
desk 0 0 -10 8.14 125.07 129.64 195.21 0.0099334
chair 0 0 -10 146.97 140.01 293.94 298.12 0.0098493
table 0 0 -10 188.00 132.02 338.16 240.92 0.0097927
chair 0 0 -10 225.04 174.41 400.63 371.26 0.0096938
chair 0 0 -10 0.73 133.23 66.67 286.17 0.0094578
chair 0 0 -10 53.23 159.62 378.31 431.16 0.0092721
chair 0 0 -10 357.53 97.36 408.50 142.02 0.0091497
table 0 0 -10 0.00 150.56 94.01 249.90 0.0090104
chair 0 0 -10 104.98 172.32 275.79 337.39 0.0088796
table 0 0 -10 337.21 107.46 428.21 191.14 0.0087674
chair 0 0 -10 2.69 135.53 7.95 218.38 0.0085248
