chair 0 0 -10 248.58 333.61 360.88 441.00 0.9938272
chair 0 0 -10 250.18 282.59 343.43 396.56 0.9741338
chair 0 0 -10 254.73 259.06 326.02 360.34 0.8668141
chair 0 0 -10 4.83 275.90 98.60 391.71 0.7286612
table 0 0 -10 11.47 261.65 264.72 440.78 0.7199526
table 0 0 -10 0.00 333.41 76.01 439.86 0.5738809
chair 0 0 -10 167.47 226.58 244.66 317.58 0.4483586
chair 0 0 -10 17.11 271.19 103.44 341.90 0.4066414
chair 0 0 -10 69.86 243.55 137.92 335.28 0.3635191
chair 0 0 -10 267.78 215.09 330.24 306.72 0.3380707
desk 0 0 -10 26.28 262.52 267.65 441.00 0.3036152
chair 0 0 -10 177.45 232.13 241.06 285.15 0.2620795
chair 0 0 -10 45.08 242.32 113.22 324.78 0.2247572
chair 0 0 -10 19.59 258.41 136.44 373.40 0.1724748
chair 0 0 -10 258.98 259.03 318.37 317.24 0.1582513
chair 0 0 -10 59.66 243.62 128.44 293.59 0.1453519
table 0 0 -10 0.77 331.46 40.59 423.33 0.1113720
table 0 0 -10 75.55 256.50 263.46 379.89 0.1088348
desk 0 0 -10 2.43 330.43 66.65 441.00 0.0989827
desk 0 0 -10 63.13 219.27 322.69 304.21 0.0949193
chair 0 0 -10 3.37 297.22 72.36 432.31 0.0942805
chair 0 0 -10 83.02 239.14 149.10 299.56 0.0574899
table 0 0 -10 64.73 218.91 318.66 301.99 0.0521859
chair 0 0 -10 125.74 341.57 377.47 439.98 0.0478449
desk 0 0 -10 66.41 156.51 301.41 386.31 0.0331563
desk 0 0 -10 88.50 224.60 287.47 277.06 0.0320178
chair 0 0 -10 35.81 234.28 163.43 347.79 0.0290175
chair 0 0 -10 180.58 239.76 236.27 268.46 0.0289482
table 0 0 -10 81.99 229.61 286.87 279.30 0.0244283
chair 0 0 -10 15.81 266.27 71.31 329.12 0.0243034
table 0 0 -10 7.69 314.84 145.55 435.29 0.0218134
table 0 0 -10 99.59 242.32 264.58 314.14 0.0210859
table 0 0 -10 0.17 335.36 18.61 440.53 0.0206444
chair 0 0 -10 270.03 263.71 312.73 303.93 0.0193938
chair 0 0 -10 226.00 227.08 336.81 360.70 0.0192753
chair 0 0 -10 68.50 234.29 196.28 280.93 0.0182126
chair 0 0 -10 72.60 237.29 135.59 268.80 0.0176505
chair 0 0 -10 232.58 241.62 318.21 325.09 0.0167369
chair 0 0 -10 1.93 322.41 52.31 410.73 0.0136186
desk 0 0 -10 83.64 262.18 252.93 377.25 0.0133955
table 0 0 -10 2.48 336.49 8.61 438.97 0.0122009
chair 0 0 -10 9.73 248.53 186.57 429.20 0.0119689
chair 0 0 -10 44.50 245.30 98.21 290.04 0.0118060
table 0 0 -10 247.92 324.46 340.88 441.00 0.0116680
desk 0 0 -10 62.34 166.25 312.82 284.67 0.0115843
chair 0 0 -10 286.53 215.54 324.38 267.93 0.0115121
chair 0 0 -10 4.46 282.01 73.54 345.90 0.0111951
table 0 0 -10 67.69 161.98 298.45 382.86 0.0100027
desk 0 0 -10 0.88 331.26 39.30 424.98 0.0097412
chair 0 0 -10 150.04 226.11 253.45 374.58 0.0095195
chair 0 0 -10 261.97 292.96 315.47 325.20 0.0093603
chair 0 0 -10 13.64 330.21 196.28 441.00 0.0081779
chair 0 0 -10 186.51 236.50 283.73 342.83 0.0079882
chair 0 0 -10 158.44 273.58 322.12 435.00 0.0079241
desk 0 0 -10 104.53 241.72 262.44 317.59 0.0074243
chair 0 0 -10 279.36 215.49 349.15 346.97 0.0066362
chair 0 0 -10 86.74 242.70 213.28 354.96 0.0047886
table 0 0 -10 133.59 306.22 314.90 440.51 0.0046092
chair 0 0 -10 181.07 251.93 236.71 273.72 0.0043375
chair 0 0 -10 172.91 148.66 329.53 373.32 0.0042717
table 0 0 -10 149.97 261.38 290.32 402.07 0.0042714
desk 0 0 -10 324.63 92.61 591.00 427.21 0.0041798
chair 0 0 -10 132.46 227.12 253.56 280.88 0.0039569
chair 0 0 -10 281.37 326.32 495.00 441.00 0.0037946
chair 0 0 -10 2.55 342.71 104.47 441.00 0.0037529
chair 0 0 -10 216.14 230.93 382.40 438.26 0.0036015
table 0 0 -10 5.89 322.20 10.15 437.06 0.0035146
chair 0 0 -10 54.33 314.21 316.17 441.00 0.0034104
chair 0 0 -10 103.49 234.84 168.60 287.49 0.0033262
desk 0 0 -10 0.50 271.18 80.27 433.71 0.0032544
table 0 0 -10 0.00 278.08 69.08 404.74 0.0030082
chair 0 0 -10 263.73 278.84 309.82 314.58 0.0029187
chair 0 0 -10 91.87 222.10 305.40 311.79 0.0027890
chair 0 0 -10 264.43 297.11 410.36 441.00 0.0027605
chair 0 0 -10 176.28 220.62 299.37 276.78 0.0026995
table 0 0 -10 333.73 11.95 586.57 293.06 0.0025424
chair 0 0 -10 223.53 386.69 393.85 439.30 0.0024433
sofa 0 0 -10 1.03 269.51 83.15 431.54 0.0024121
chair 0 0 -10 257.61 412.11 342.35 441.00 0.0023602
chair 0 0 -10 310.12 376.99 443.59 441.00 0.0023065
chair 0 0 -10 110.08 229.75 187.37 314.69 0.0020879
chair 0 0 -10 0.22 279.49 37.99 396.41 0.0020678
table 0 0 -10 243.78 290.43 343.81 399.17 0.0020448
desk 0 0 -10 19.71 12.40 591.00 431.37 0.0020394
table 0 0 -10 85.17 132.28 304.65 280.81 0.0020056
table 0 0 -10 232.71 266.95 312.87 424.37 0.0019764
chair 0 0 -10 0.50 341.00 37.73 436.32 0.0019016
desk 0 0 -10 248.51 317.21 353.50 433.35 0.0018937
bathtub 0 0 -10 356.07 227.12 591.00 437.94 0.0018827
chair 0 0 -10 25.14 296.39 79.53 322.30 0.0018327
desk 0 0 -10 8.26 313.91 142.43 440.39 0.0018049
chair 0 0 -10 292.67 279.96 344.26 371.14 0.0017934
desk 0 0 -10 330.03 2.40 591.00 297.16 0.0017894
table 0 0 -10 10.82 301.12 206.33 403.91 0.0017875
chair 0 0 -10 117.64 245.04 142.93 272.59 0.0017457
chair 0 0 -10 237.86 425.35 392.54 441.00 0.0017028
desk 0 0 -10 80.89 213.44 581.86 439.06 0.0016978
table 0 0 -10 340.63 299.40 542.31 441.00 0.0015619
table 0 0 -10 137.49 221.54 255.87 298.11 0.0015137
bookshelf 0 0 -10 68.21 210.35 319.59 306.42 0.0015051
