chair 0 0 -10 365.59 166.73 585.94 420.05 0.9343113
chair 0 0 -10 213.35 40.85 367.94 199.35 0.8794158
chair 0 0 -10 243.07 43.46 363.63 115.39 0.7491720
desk 0 0 -10 131.80 81.41 375.73 340.99 0.7353851
chair 0 0 -10 320.60 78.62 440.80 215.69 0.6672316
desk 0 0 -10 156.85 115.11 519.69 435.83 0.6539698
chair 0 0 -10 244.13 33.13 295.73 104.19 0.5909654
desk 0 0 -10 443.81 52.15 591.00 215.93 0.5545384
table 0 0 -10 187.79 193.27 588.98 437.09 0.5511885
table 0 0 -10 439.29 55.69 591.00 212.85 0.5417351
chair 0 0 -10 0.54 74.42 49.80 200.26 0.5217439
chair 0 0 -10 205.05 19.20 302.18 97.28 0.3501826
table 0 0 -10 328.77 26.39 425.23 110.94 0.3368742
desk 0 0 -10 332.65 15.35 481.09 154.52 0.3232155
table 0 0 -10 421.10 82.43 590.65 296.11 0.3040291
chair 0 0 -10 232.87 113.61 541.69 426.63 0.2996397
desk 0 0 -10 332.72 24.04 422.49 114.37 0.2866895
desk 0 0 -10 127.56 72.25 272.43 296.92 0.2750594
table 0 0 -10 309.84 18.04 462.16 144.86 0.2482323
desk 0 0 -10 100.61 33.56 255.62 109.01 0.2389756
chair 0 0 -10 286.62 72.31 462.44 395.35 0.2130105
chair 0 0 -10 337.07 83.19 479.45 258.91 0.2082024
chair 0 0 -10 197.60 28.81 341.02 125.29 0.2079988
chair 0 0 -10 500.26 148.10 591.00 376.59 0.1813106
chair 0 0 -10 1.76 63.22 51.01 134.71 0.1794719
chair 0 0 -10 0.84 110.62 41.03 173.82 0.1661152
table 0 0 -10 346.17 245.69 590.87 425.57 0.1585795
chair 0 0 -10 202.23 68.06 389.28 381.57 0.1452562
desk 0 0 -10 284.69 223.72 591.00 441.00 0.1423488
chair 0 0 -10 357.54 82.05 447.32 175.08 0.1348375
table 0 0 -10 122.12 73.25 426.22 342.65 0.1231884
desk 0 0 -10 180.83 96.67 423.45 267.89 0.1074115
desk 0 0 -10 124.33 73.53 249.11 197.82 0.0922938
chair 0 0 -10 2.24 100.43 34.19 222.54 0.0822738
chair 0 0 -10 256.52 71.88 415.07 168.07 0.0812979
table 0 0 -10 362.15 13.65 550.99 154.77 0.0798541
chair 0 0 -10 299.89 285.51 515.43 436.86 0.0738339
chair 0 0 -10 239.92 69.71 429.06 264.67 0.0712345
desk 0 0 -10 115.91 70.93 375.52 214.80 0.0694799
chair 0 0 -10 193.50 11.87 261.90 98.65 0.0675476
chair 0 0 -10 170.17 30.62 347.70 318.85 0.0663414
desk 0 0 -10 409.91 85.35 590.54 347.32 0.0593365
desk 0 0 -10 265.88 13.81 522.22 86.89 0.0574888
chair 0 0 -10 332.96 110.88 569.41 349.58 0.0560410
desk 0 0 -10 304.70 17.12 586.41 244.57 0.0550198
chair 0 0 -10 0.09 134.06 49.96 193.55 0.0498642
table 0 0 -10 284.05 30.91 396.54 106.30 0.0495903
chair 0 0 -10 175.20 30.13 262.82 145.21 0.0473469
table 0 0 -10 113.12 70.26 381.16 216.47 0.0472063
chair 0 0 -10 0.40 110.87 25.01 148.25 0.0471984
table 0 0 -10 132.67 75.82 287.61 353.52 0.0466397
chair 0 0 -10 260.64 36.33 336.44 100.91 0.0436351
chair 0 0 -10 0.75 98.90 18.87 219.78 0.0421970
table 0 0 -10 250.01 98.48 432.74 265.06 0.0397709
table 0 0 -10 207.77 117.64 439.40 422.14 0.0382302
chair 0 0 -10 480.45 0.00 578.31 107.00 0.0374368
chair 0 0 -10 150.99 20.90 289.47 106.73 0.0363818
chair 0 0 -10 151.40 36.36 241.41 183.33 0.0357384
desk 0 0 -10 145.30 29.89 542.19 215.95 0.0355750
table 0 0 -10 96.96 34.06 281.97 110.66 0.0311167
desk 0 0 -10 238.47 15.76 422.04 105.34 0.0309554
chair 0 0 -10 383.78 78.55 456.32 232.95 0.0290427
chair 0 0 -10 206.22 28.92 298.54 183.39 0.0272950
table 0 0 -10 305.62 23.76 588.70 235.17 0.0261515
table 0 0 -10 517.17 67.87 591.00 297.88 0.0260502
table 0 0 -10 343.84 48.04 441.74 174.20 0.0233457
desk 0 0 -10 106.39 42.87 217.90 161.93 0.0232163
chair 0 0 -10 288.29 46.33 463.41 194.35 0.0229150
chair 0 0 -10 165.31 36.11 450.44 213.13 0.0225206
desk 0 0 -10 364.31 3.03 588.59 95.80 0.0194133
chair 0 0 -10 3.27 84.49 47.95 122.87 0.0191172
table 0 0 -10 275.96 66.77 436.91 204.04 0.0187833
desk 0 0 -10 149.39 56.76 274.22 169.40 0.0174620
chair 0 0 -10 361.36 18.06 489.66 167.02 0.0174127
chair 0 0 -10 2.77 100.83 12.29 208.49 0.0167305
table 0 0 -10 125.83 85.07 255.90 226.45 0.0165425
chair 0 0 -10 473.00 0.00 560.62 65.88 0.0163519
table 0 0 -10 146.00 34.76 545.61 208.62 0.0162861
table 0 0 -10 165.29 263.73 297.76 441.00 0.0158201
chair 0 0 -10 0.00 62.83 29.25 164.11 0.0157170
chair 0 0 -10 198.59 228.66 480.45 430.84 0.0153591
table 0 0 -10 403.85 143.95 586.24 377.29 0.0147103
table 0 0 -10 184.03 305.12 548.03 437.57 0.0146466
chair 0 0 -10 123.39 47.23 211.53 222.59 0.0144270
chair 0 0 -10 0.66 137.95 31.39 175.32 0.0142625
desk 0 0 -10 181.86 309.44 548.16 434.17 0.0137334
table 0 0 -10 263.06 15.43 524.73 88.13 0.0134481
desk 0 0 -10 346.74 52.11 441.00 180.52 0.0132150
chair 0 0 -10 303.36 34.34 414.38 129.03 0.0128903
chair 0 0 -10 112.50 98.41 223.31 338.39 0.0122944
table 0 0 -10 111.90 48.65 330.58 162.67 0.0122161
chair 0 0 -10 0.00 89.03 18.66 150.31 0.0114965
sofa 0 0 -10 353.22 76.62 448.22 172.20 0.0110911
table 0 0 -10 150.07 160.41 325.57 439.36 0.0110479
chair 0 0 -10 163.09 30.75 246.57 101.48 0.0109530
chair 0 0 -10 354.59 331.53 558.01 437.44 0.0109094
chair 0 0 -10 369.84 56.20 544.67 244.89 0.0108984
chair 0 0 -10 0.47 120.47 16.06 186.32 0.0108700
table 0 0 -10 537.81 8.02 590.87 65.66 0.0108204
table 0 0 -10 359.31 3.82 590.22 96.43 0.0104862
