chair 0 0 -10 0.51 200.50 146.59 439.58 0.9829215
chair 0 0 -10 184.01 173.07 315.42 336.74 0.9778060
table 0 0 -10 2.40 102.56 248.99 290.57 0.9684650
chair 0 0 -10 132.20 77.08 226.99 170.18 0.9412460
chair 0 0 -10 3.23 132.67 133.36 284.25 0.9295725
chair 0 0 -10 531.61 84.26 589.91 193.73 0.8343136
table 0 0 -10 1.18 256.68 82.42 441.00 0.7171849
table 0 0 -10 21.53 98.35 235.57 191.03 0.5550020
table 0 0 -10 0.00 259.71 43.46 406.16 0.5225865
chair 0 0 -10 1.12 137.12 123.92 212.58 0.2509477
chair 0 0 -10 107.51 88.73 208.46 192.51 0.1861813
desk 0 0 -10 0.00 116.46 263.73 307.13 0.1215557
desk 0 0 -10 2.97 245.31 112.19 439.71 0.1152440
chair 0 0 -10 158.72 76.03 227.05 140.42 0.0887636
table 0 0 -10 3.54 144.24 192.80 384.33 0.0696957
chair 0 0 -10 0.52 251.85 44.98 422.43 0.0676087
chair 0 0 -10 27.91 114.77 142.10 186.13 0.0629046
desk 0 0 -10 1.25 266.53 64.69 441.00 0.0563738
chair 0 0 -10 40.85 23.22 110.20 103.35 0.0466448
dresser 0 0 -10 96.52 25.27 178.30 96.91 0.0448598
chair 0 0 -10 8.36 160.93 162.19 342.57 0.0410160
desk 0 0 -10 20.59 31.05 110.64 103.79 0.0362686
table 0 0 -10 1.18 220.86 143.89 430.82 0.0336011
chair 0 0 -10 4.78 280.84 88.70 440.04 0.0325439
chair 0 0 -10 544.67 82.80 589.96 151.30 0.0290099
chair 0 0 -10 70.51 105.30 165.49 196.72 0.0285419
table 0 0 -10 1.64 161.24 97.38 405.51 0.0283822
chair 0 0 -10 1.37 182.59 52.58 375.75 0.0256723
table 0 0 -10 4.80 224.53 29.89 441.00 0.0232898
table 0 0 -10 546.22 122.87 588.27 228.68 0.0230429
table 0 0 -10 97.07 85.17 233.89 148.63 0.0228826
table 0 0 -10 11.92 34.00 105.84 104.55 0.0213115
desk 0 0 -10 3.05 148.08 180.50 349.37 0.0208117
table 0 0 -10 0.00 109.00 135.85 262.92 0.0154082
chair 0 0 -10 38.46 116.94 158.38 258.34 0.0148974
desk 0 0 -10 0.00 256.60 41.93 407.21 0.0144894
table 0 0 -10 45.31 140.37 292.49 336.52 0.0122104
chair 0 0 -10 1.35 133.00 61.84 295.62 0.0117915
chair 0 0 -10 527.26 84.90 591.00 304.35 0.0114840
chair 0 0 -10 0.00 105.63 84.96 201.27 0.0101192
dresser 0 0 -10 53.53 27.72 124.44 102.06 0.0100830
table 0 0 -10 567.12 123.62 590.04 238.23 0.0097991
table 0 0 -10 188.60 187.02 314.51 318.86 0.0088812
desk 0 0 -10 54.13 93.34 238.68 201.32 0.0086529
chair 0 0 -10 544.96 116.89 588.46 224.52 0.0086133
chair 0 0 -10 1.66 140.83 32.32 268.13 0.0080643
chair 0 0 -10 567.38 114.06 590.25 235.58 0.0079269
table 0 0 -10 1.53 111.24 111.83 197.44 0.0075852
table 0 0 -10 11.06 64.67 217.71 152.14 0.0075312
chair 0 0 -10 163.92 76.53 220.89 107.73 0.0067720
chair 0 0 -10 95.38 80.05 166.97 176.55 0.0067536
chair 0 0 -10 537.48 113.52 588.45 158.79 0.0063094
chair 0 0 -10 63.85 139.55 143.83 326.97 0.0059373
table 0 0 -10 520.70 106.75 589.56 210.46 0.0058625
table 0 0 -10 0.69 59.90 120.68 176.93 0.0057166
desk 0 0 -10 188.81 185.67 314.41 318.74 0.0054003
chair 0 0 -10 109.02 90.62 149.51 169.73 0.0052636
chair 0 0 -10 55.93 98.45 221.89 256.46 0.0052607
table 0 0 -10 10.36 183.01 20.17 440.07 0.0052003
table 0 0 -10 57.69 110.11 188.62 302.93 0.0049675
desk 0 0 -10 7.68 25.17 167.30 120.11 0.0045693
chair 0 0 -10 0.00 74.19 37.84 223.06 0.0044899
table 0 0 -10 141.28 125.03 295.38 301.87 0.0044884
chair 0 0 -10 197.47 110.86 328.95 293.67 0.0041204
desk 0 0 -10 2.97 110.35 182.62 255.51 0.0040732
bookshelf 0 0 -10 101.48 21.18 202.50 102.33 0.0040077
chair 0 0 -10 0.46 138.44 16.46 269.45 0.0038719
chair 0 0 -10 0.00 50.65 62.94 167.67 0.0037211
chair 0 0 -10 497.62 74.54 591.00 212.03 0.0036746
table 0 0 -10 0.00 159.35 50.46 399.56 0.0036311
chair 0 0 -10 4.96 195.64 27.11 369.84 0.0036010
chair 0 0 -10 560.84 81.42 590.01 288.55 0.0033847
dresser 0 0 -10 13.46 14.53 139.39 100.51 0.0033120
chair 0 0 -10 123.20 107.02 258.49 277.97 0.0032334
desk 0 0 -10 522.48 104.18 588.85 210.53 0.0031617
chair 0 0 -10 50.20 77.91 206.31 174.71 0.0028260
desk 0 0 -10 546.67 120.80 587.99 229.60 0.0026683
chair 0 0 -10 3.19 61.75 118.06 193.10 0.0026569
sofa 0 0 -10 0.00 169.99 164.02 360.06 0.0026436
chair 0 0 -10 578.64 79.69 590.71 213.85 0.0024705
table 0 0 -10 122.01 93.84 224.55 175.84 0.0024459
desk 0 0 -10 1.17 120.51 131.48 217.03 0.0023660
table 0 0 -10 49.68 44.16 104.69 100.77 0.0021770
table 0 0 -10 544.35 91.30 589.78 164.71 0.0021321
table 0 0 -10 71.04 97.95 172.74 201.72 0.0019136
table 0 0 -10 549.54 128.39 589.88 153.66 0.0019005
dresser 0 0 -10 96.82 11.13 214.32 118.22 0.0018888
chair 0 0 -10 10.71 17.54 117.99 124.70 0.0018797
desk 0 0 -10 4.67 222.54 29.20 441.00 0.0018514
chair 0 0 -10 10.08 160.01 20.56 420.07 0.0018122
table 0 0 -10 21.41 32.83 215.18 126.35 0.0017394
dresser 0 0 -10 127.01 32.22 197.11 95.46 0.0017371
table 0 0 -10 19.08 87.75 147.18 150.85 0.0016426
chair 0 0 -10 2.40 164.12 17.74 327.45 0.0016185
desk 0 0 -10 1.89 84.38 350.78 382.58 0.0015929
chair 0 0 -10 0.33 109.52 24.97 221.35 0.0015355
desk 0 0 -10 73.05 29.85 177.44 101.46 0.0015129
desk 0 0 -10 102.23 85.10 234.51 149.11 0.0014899
chair 0 0 -10 121.09 0.00 172.58 30.38 0.0014536
chair 0 0 -10 97.02 14.47 220.34 136.49 0.0013721
