chair 0 0 -10 17.59 222.38 97.49 286.93 0.9608747
chair 0 0 -10 407.72 208.13 519.98 285.23 0.9377432
chair 0 0 -10 311.27 191.94 384.51 278.45 0.9168128
table 0 0 -10 344.04 246.87 591.00 436.59 0.9063936
chair 0 0 -10 229.44 190.13 302.72 244.45 0.8999745
chair 0 0 -10 5.11 280.59 136.51 387.15 0.8979993
table 0 0 -10 0.00 281.81 254.90 433.96 0.8764939
table 0 0 -10 140.69 223.29 387.57 414.10 0.8746571
chair 0 0 -10 75.69 229.11 199.26 338.54 0.8294696
chair 0 0 -10 159.72 209.75 252.25 279.30 0.7948200
table 0 0 -10 21.33 377.42 370.97 441.00 0.7633829
chair 0 0 -10 120.18 213.59 173.47 274.33 0.7614126
chair 0 0 -10 229.34 189.99 309.20 290.44 0.6852592
table 0 0 -10 361.89 219.64 572.78 281.54 0.6362841
chair 0 0 -10 0.00 239.52 36.57 298.33 0.6361523
chair 0 0 -10 496.96 192.65 555.35 237.29 0.6107275
chair 0 0 -10 393.93 164.96 450.44 229.57 0.5418165
chair 0 0 -10 444.43 193.96 500.86 215.31 0.4753700
chair 0 0 -10 177.08 203.49 241.37 254.11 0.4495253
chair 0 0 -10 559.49 170.98 590.26 345.10 0.4409721
chair 0 0 -10 0.94 239.79 90.05 335.43 0.4074800
chair 0 0 -10 391.45 182.05 453.87 269.17 0.3837292
chair 0 0 -10 74.43 230.80 174.37 299.37 0.3819166
chair 0 0 -10 3.71 274.84 229.77 410.10 0.3650322
chair 0 0 -10 317.58 193.69 384.58 236.59 0.3243527
chair 0 0 -10 3.27 231.80 74.81 294.74 0.3149751
chair 0 0 -10 395.69 192.09 446.79 220.29 0.2424003
chair 0 0 -10 525.27 183.87 591.00 333.02 0.2239691
chair 0 0 -10 439.82 192.51 507.16 235.69 0.2211068
chair 0 0 -10 0.51 227.47 38.28 359.74 0.2149625
chair 0 0 -10 164.15 203.57 274.49 315.87 0.2104500
table 0 0 -10 341.43 224.95 584.14 323.07 0.2103629
chair 0 0 -10 54.12 221.15 260.42 309.06 0.1993643
chair 0 0 -10 111.77 207.02 193.75 301.28 0.1707074
table 0 0 -10 84.78 244.63 283.56 389.24 0.1401628
chair 0 0 -10 559.34 192.20 590.43 243.40 0.1362782
chair 0 0 -10 484.37 188.68 570.57 284.41 0.1287270
chair 0 0 -10 182.79 200.94 227.14 237.92 0.1279605
desk 0 0 -10 353.83 253.07 591.00 440.97 0.1206177
chair 0 0 -10 23.92 385.02 318.19 441.00 0.1106645
chair 0 0 -10 28.24 224.34 133.94 300.15 0.1096453
table 0 0 -10 277.26 219.62 387.75 289.24 0.1094834
desk 0 0 -10 149.98 225.88 391.28 411.31 0.1088322
chair 0 0 -10 568.48 182.18 590.68 293.40 0.1044727
desk 0 0 -10 0.00 278.28 266.69 436.13 0.1019929
chair 0 0 -10 569.93 163.03 589.84 251.10 0.0959236
chair 0 0 -10 440.71 176.67 499.27 217.03 0.0947777
desk 0 0 -10 361.30 220.42 569.70 296.72 0.0913601
chair 0 0 -10 131.96 214.11 243.69 346.78 0.0823368
chair 0 0 -10 0.32 255.66 62.45 421.17 0.0810860
chair 0 0 -10 21.62 325.01 313.10 436.72 0.0746925
table 0 0 -10 157.54 223.30 377.79 322.00 0.0738475
chair 0 0 -10 397.13 241.62 547.74 336.40 0.0583433
desk 0 0 -10 20.35 382.04 337.25 440.18 0.0558475
chair 0 0 -10 25.38 235.46 163.33 351.23 0.0546331
chair 0 0 -10 562.98 105.66 590.20 283.00 0.0518030
chair 0 0 -10 60.12 240.55 238.51 378.83 0.0514674
chair 0 0 -10 289.87 179.09 391.38 316.55 0.0459779
table 0 0 -10 66.44 324.94 340.54 435.40 0.0429013
chair 0 0 -10 495.02 160.63 588.87 306.26 0.0416742
table 0 0 -10 1.32 272.05 186.95 386.87 0.0404868
chair 0 0 -10 542.39 109.59 591.00 360.25 0.0383989
chair 0 0 -10 193.67 201.50 330.36 338.20 0.0369686
chair 0 0 -10 385.01 264.15 576.13 429.62 0.0358912
chair 0 0 -10 52.37 213.01 160.21 281.22 0.0290937
bed 0 0 -10 19.01 380.35 362.43 441.00 0.0285940
chair 0 0 -10 577.84 187.69 591.00 327.97 0.0285504
desk 0 0 -10 127.91 250.18 276.25 398.65 0.0281033
table 0 0 -10 134.54 268.04 553.55 434.88 0.0259135
desk 0 0 -10 162.69 224.19 368.06 322.59 0.0251197
chair 0 0 -10 0.20 265.77 26.26 425.70 0.0244391
chair 0 0 -10 153.94 276.99 385.54 422.15 0.0242867
table 0 0 -10 11.93 367.57 215.91 440.12 0.0230749
chair 0 0 -10 2.94 236.91 8.32 379.47 0.0220574
chair 0 0 -10 147.18 201.05 222.94 264.33 0.0219570
chair 0 0 -10 387.32 199.31 541.31 314.39 0.0206810
chair 0 0 -10 145.21 189.51 332.91 277.90 0.0187194
chair 0 0 -10 266.15 284.86 556.79 437.65 0.0185076
chair 0 0 -10 242.31 186.23 418.35 272.03 0.0171939
chair 0 0 -10 436.54 211.89 509.59 232.54 0.0169604
chair 0 0 -10 257.19 197.55 341.81 289.45 0.0145718
chair 0 0 -10 2.31 282.69 14.71 397.91 0.0141909
desk 0 0 -10 96.10 245.11 500.93 440.82 0.0141499
chair 0 0 -10 587.23 171.69 590.85 321.18 0.0140842
table 0 0 -10 6.76 218.63 177.31 293.14 0.0140553
desk 0 0 -10 280.71 217.55 385.73 290.58 0.0134511
table 0 0 -10 391.74 200.27 525.25 270.96 0.0134130
chair 0 0 -10 571.41 174.01 582.82 246.66 0.0120304
table 0 0 -10 569.74 188.08 590.68 368.69 0.0119282
table 0 0 -10 234.32 229.68 506.74 409.21 0.0118158
table 0 0 -10 578.32 208.70 590.82 394.02 0.0115236
desk 0 0 -10 12.11 349.52 251.51 439.30 0.0109425
chair 0 0 -10 167.34 215.91 213.91 250.73 0.0106161
table 0 0 -10 59.01 212.77 155.71 286.97 0.0105211
table 0 0 -10 2.02 268.71 117.45 431.08 0.0099048
table 0 0 -10 149.14 224.81 306.46 364.96 0.0094992
table 0 0 -10 0.00 258.27 44.77 430.03 0.0094673
table 0 0 -10 155.70 222.33 281.10 303.57 0.0094149
chair 0 0 -10 120.45 304.72 484.43 439.59 0.0091037
chair 0 0 -10 2.11 243.71 10.85 436.24 0.0090736
