chair 0 0 -10 302.88 173.42 418.01 318.09 0.9719553
chair 0 0 -10 246.97 255.84 508.50 387.68 0.9708394
chair 0 0 -10 66.74 212.29 224.37 293.46 0.9677127
chair 0 0 -10 153.60 220.11 362.71 337.65 0.9598238
table 0 0 -10 0.00 246.56 589.60 438.21 0.8869383
chair 0 0 -10 42.73 203.15 242.54 337.85 0.4686614
chair 0 0 -10 176.30 230.04 534.09 427.27 0.4021629
chair 0 0 -10 219.84 225.53 446.24 360.54 0.3686542
table 0 0 -10 0.00 235.20 121.80 409.46 0.3640299
chair 0 0 -10 55.09 216.60 289.09 397.06 0.2591278
chair 0 0 -10 43.54 234.49 424.44 425.96 0.1778821
table 0 0 -10 2.11 201.45 62.28 235.78 0.1756010
desk 0 0 -10 3.21 233.74 109.22 399.85 0.1432654
chair 0 0 -10 14.56 234.58 217.95 418.49 0.1362221
chair 0 0 -10 0.95 214.25 115.75 365.73 0.1132084
table 0 0 -10 6.37 246.70 272.63 431.24 0.1131487
desk 0 0 -10 0.00 250.00 578.06 441.00 0.1112171
chair 0 0 -10 1.00 190.02 72.91 314.79 0.1005037
chair 0 0 -10 100.61 211.95 294.79 312.05 0.0874531
chair 0 0 -10 343.85 259.66 579.53 425.53 0.0843013
chair 0 0 -10 0.00 203.11 62.43 245.11 0.0781881
table 0 0 -10 25.60 204.20 459.54 388.22 0.0630226
chair 0 0 -10 0.00 260.48 78.58 382.80 0.0400664
chair 0 0 -10 0.00 313.28 161.67 439.24 0.0387708
table 0 0 -10 0.69 206.20 73.17 251.42 0.0371872
table 0 0 -10 179.19 330.58 591.00 441.00 0.0326917
table 0 0 -10 0.00 233.56 160.76 329.06 0.0304063
chair 0 0 -10 298.75 182.74 478.51 372.50 0.0301397
chair 0 0 -10 2.07 261.88 127.72 415.95 0.0262134
chair 0 0 -10 126.18 213.84 217.13 284.03 0.0249925
chair 0 0 -10 2.91 212.71 65.03 264.61 0.0247415
chair 0 0 -10 326.86 300.07 533.49 404.34 0.0220098
chair 0 0 -10 268.12 136.68 430.11 348.44 0.0204428
chair 0 0 -10 13.41 203.78 170.82 313.64 0.0199919
chair 0 0 -10 61.96 332.69 285.50 441.00 0.0178116
chair 0 0 -10 224.76 193.54 378.59 314.86 0.0165284
desk 0 0 -10 6.13 252.36 262.61 431.46 0.0157407
table 0 0 -10 0.00 223.22 117.84 302.38 0.0152363
table 0 0 -10 4.52 212.55 218.37 302.33 0.0147530
table 0 0 -10 33.66 223.25 354.99 346.24 0.0145366
desk 0 0 -10 2.86 230.60 102.19 308.05 0.0130565
desk 0 0 -10 15.78 231.97 303.75 365.33 0.0121277
chair 0 0 -10 0.00 363.03 352.23 436.16 0.0114224
chair 0 0 -10 29.99 169.92 414.87 365.20 0.0109218
desk 0 0 -10 26.72 205.47 451.70 396.98 0.0103408
night_stand 0 0 -10 1.83 197.59 63.67 236.56 0.0097830
sofa 0 0 -10 0.32 200.62 58.07 238.92 0.0092284
table 0 0 -10 187.44 259.09 511.50 427.28 0.0086984
desk 0 0 -10 2.23 233.92 160.90 327.62 0.0081980
chair 0 0 -10 324.00 174.34 413.09 253.58 0.0074515
bed 0 0 -10 0.00 238.18 432.33 441.00 0.0074455
table 0 0 -10 0.32 197.74 47.94 355.61 0.0069624
table 0 0 -10 0.98 223.24 71.75 264.15 0.0062591
table 0 0 -10 0.00 226.66 33.45 431.10 0.0057492
chair 0 0 -10 1.94 196.04 109.06 262.41 0.0056814
table 0 0 -10 233.14 230.10 476.43 380.64 0.0049249
table 0 0 -10 2.53 180.92 60.37 226.19 0.0041503
chair 0 0 -10 439.24 293.62 584.40 427.55 0.0036565
table 0 0 -10 0.00 223.43 46.83 286.48 0.0035491
table 0 0 -10 5.56 207.27 138.11 267.40 0.0035328
chair 0 0 -10 17.08 183.08 314.23 298.27 0.0029546
chair 0 0 -10 0.00 277.15 57.61 436.31 0.0028771
table 0 0 -10 173.18 248.28 386.76 343.06 0.0028039
desk 0 0 -10 9.65 213.55 214.40 303.47 0.0026925
desk 0 0 -10 207.05 324.05 561.09 440.19 0.0026390
chair 0 0 -10 368.10 174.20 540.34 396.32 0.0025375
chair 0 0 -10 86.92 348.30 519.33 426.86 0.0023875
table 0 0 -10 4.04 220.10 58.93 245.92 0.0023281
table 0 0 -10 0.00 273.40 63.24 431.58 0.0023146
chair 0 0 -10 2.91 219.60 45.30 374.40 0.0022598
chair 0 0 -10 427.31 374.31 591.00 440.48 0.0022195
bed 0 0 -10 0.36 235.19 130.61 418.59 0.0021977
chair 0 0 -10 244.94 335.94 572.51 438.78 0.0021764
desk 0 0 -10 6.13 238.28 69.70 366.49 0.0020799
table 0 0 -10 5.30 239.24 72.58 368.27 0.0019889
desk 0 0 -10 0.56 199.35 68.93 240.84 0.0019616
chair 0 0 -10 3.03 200.38 40.80 309.27 0.0019415
table 0 0 -10 1.87 200.61 79.79 284.41 0.0019019
table 0 0 -10 444.44 275.68 588.65 439.59 0.0018956
table 0 0 -10 414.63 361.72 591.00 441.00 0.0017274
table 0 0 -10 7.84 217.43 21.90 429.22 0.0016456
chair 0 0 -10 302.88 178.65 354.21 281.87 0.0015178
table 0 0 -10 2.06 241.34 18.76 435.18 0.0014059
table 0 0 -10 85.82 218.57 268.47 310.98 0.0014019
chair 0 0 -10 134.68 92.96 350.02 333.27 0.0013941
table 0 0 -10 1.29 334.43 148.08 439.56 0.0013856
bed 0 0 -10 9.65 220.74 217.73 435.31 0.0013550
sofa 0 0 -10 0.89 200.66 60.48 274.26 0.0012992
table 0 0 -10 7.99 190.52 58.77 215.04 0.0012717
table 0 0 -10 306.75 174.43 416.53 297.30 0.0012074
desk 0 0 -10 0.37 209.96 63.36 278.48 0.0011910
sofa 0 0 -10 17.67 212.59 559.86 433.73 0.0011599
table 0 0 -10 274.35 205.57 414.56 337.30 0.0010874
chair 0 0 -10 138.89 169.97 406.11 290.40 0.0010728
desk 0 0 -10 168.47 264.10 486.73 432.64 0.0010611
chair 0 0 -10 5.21 189.86 72.47 236.36 0.0010199
desk 0 0 -10 3.33 138.69 445.25 247.42 0.0010130
desk 0 0 -10 133.79 228.83 419.64 361.15 0.0009796
desk 0 0 -10 8.06 205.94 137.05 268.37 0.0009478
chair 0 0 -10 5.96 370.87 210.04 441.00 0.0008941
