chair 0 0 -10 368.78 277.44 583.25 438.60 0.9700450
chair 0 0 -10 284.85 193.03 381.72 280.18 0.9539565
chair 0 0 -10 196.27 221.49 309.02 337.67 0.9499833
chair 0 0 -10 489.16 175.18 582.23 254.41 0.9493712
chair 0 0 -10 387.02 183.04 484.22 269.45 0.9332170
chair 0 0 -10 309.28 172.34 386.41 214.99 0.8951322
table 0 0 -10 260.49 199.73 589.69 275.70 0.8790018
table 0 0 -10 302.31 214.51 584.64 424.97 0.8453173
chair 0 0 -10 251.72 178.35 308.44 258.18 0.7626668
chair 0 0 -10 302.50 172.21 389.56 259.06 0.7292271
chair 0 0 -10 513.77 158.58 576.33 200.37 0.5341601
table 0 0 -10 512.04 193.26 591.00 258.60 0.3364210
chair 0 0 -10 516.52 156.88 585.62 236.58 0.2746141
chair 0 0 -10 489.81 175.01 576.95 210.76 0.2565462
chair 0 0 -10 392.70 182.41 468.12 212.19 0.2367232
chair 0 0 -10 413.73 175.67 562.35 277.10 0.1721588
table 0 0 -10 432.35 227.71 589.33 438.41 0.1495934
desk 0 0 -10 259.01 210.01 561.54 378.29 0.1347418
chair 0 0 -10 258.93 181.03 344.55 252.99 0.1307731
table 0 0 -10 380.23 193.77 586.51 262.62 0.1307562
chair 0 0 -10 255.00 183.55 304.85 226.98 0.1262118
desk 0 0 -10 267.06 202.91 590.76 281.59 0.1220679
table 0 0 -10 510.22 203.35 590.66 391.89 0.1063553
table 0 0 -10 540.66 197.52 591.00 284.30 0.0982823
desk 0 0 -10 512.69 193.77 589.19 257.77 0.0911406
chair 0 0 -10 543.39 158.14 588.96 258.48 0.0905681
table 0 0 -10 127.04 175.00 584.11 306.75 0.0699327
table 0 0 -10 361.98 199.72 567.89 349.12 0.0661821
desk 0 0 -10 350.62 236.00 591.00 426.87 0.0641788
chair 0 0 -10 274.80 188.49 390.51 337.13 0.0544619
chair 0 0 -10 363.00 265.69 527.99 393.42 0.0524261
table 0 0 -10 262.92 208.13 501.01 355.78 0.0490300
chair 0 0 -10 380.95 162.65 461.33 231.12 0.0487764
desk 0 0 -10 107.72 185.91 588.02 434.04 0.0451265
chair 0 0 -10 219.40 208.29 322.42 304.51 0.0449622
chair 0 0 -10 375.14 191.07 518.98 313.47 0.0445791
chair 0 0 -10 563.65 143.23 590.69 245.92 0.0437963
table 0 0 -10 484.25 197.36 588.72 321.01 0.0437341
chair 0 0 -10 264.61 164.49 314.12 225.53 0.0432357
desk 0 0 -10 62.46 158.08 321.84 323.16 0.0431346
chair 0 0 -10 289.58 175.23 367.04 222.34 0.0387946
desk 0 0 -10 20.16 23.84 480.71 389.94 0.0374762
chair 0 0 -10 323.77 193.28 452.22 281.34 0.0361512
chair 0 0 -10 277.70 164.96 335.34 220.96 0.0329355
table 0 0 -10 566.94 196.83 590.98 297.70 0.0324643
chair 0 0 -10 491.92 165.66 589.78 320.09 0.0302366
chair 0 0 -10 559.88 151.24 590.59 198.37 0.0284788
table 0 0 -10 561.50 198.80 591.00 427.95 0.0266390
desk 0 0 -10 53.36 157.60 175.88 333.36 0.0248180
table 0 0 -10 68.61 167.25 170.27 320.54 0.0245342
table 0 0 -10 61.44 156.22 426.33 300.15 0.0235077
desk 0 0 -10 125.73 170.71 587.36 310.49 0.0206556
table 0 0 -10 487.41 168.69 590.99 243.65 0.0199787
chair 0 0 -10 249.38 193.92 358.94 313.26 0.0196284
table 0 0 -10 556.37 198.12 590.94 256.90 0.0183526
table 0 0 -10 30.51 153.92 591.00 412.37 0.0169239
table 0 0 -10 346.55 242.44 502.64 353.93 0.0167455
desk 0 0 -10 472.20 196.96 585.89 274.70 0.0165212
chair 0 0 -10 420.32 230.68 584.06 396.68 0.0163528
desk 0 0 -10 75.15 151.72 469.36 275.89 0.0162181
table 0 0 -10 537.90 252.35 590.48 437.15 0.0150462
table 0 0 -10 578.75 199.00 590.91 299.36 0.0149801
chair 0 0 -10 559.31 192.91 590.44 255.61 0.0148109
table 0 0 -10 284.24 195.07 417.99 264.88 0.0127624
table 0 0 -10 44.13 178.19 240.52 330.43 0.0116518
chair 0 0 -10 347.85 179.20 455.58 253.66 0.0109469
desk 0 0 -10 56.87 35.37 265.47 316.76 0.0103626
desk 0 0 -10 383.77 193.69 583.31 264.64 0.0100052
table 0 0 -10 32.61 29.07 512.06 333.99 0.0090385
desk 0 0 -10 13.07 142.89 132.93 435.23 0.0089749
chair 0 0 -10 444.89 205.69 556.92 320.72 0.0088686
chair 0 0 -10 229.45 216.11 359.04 373.73 0.0088397
table 0 0 -10 253.52 180.78 358.13 248.03 0.0088011
desk 0 0 -10 266.96 215.41 439.16 348.73 0.0084235
desk 0 0 -10 547.32 200.19 589.05 267.28 0.0082403
chair 0 0 -10 280.48 189.54 348.93 223.92 0.0079737
chair 0 0 -10 388.70 173.79 502.19 214.08 0.0079009
table 0 0 -10 274.48 166.41 418.26 217.87 0.0078972
chair 0 0 -10 332.59 205.25 490.02 370.27 0.0077038
desk 0 0 -10 35.96 10.56 463.64 204.68 0.0076435
table 0 0 -10 269.05 204.78 423.94 319.71 0.0075913
chair 0 0 -10 332.48 172.32 374.65 209.66 0.0075546
chair 0 0 -10 441.82 174.67 551.76 243.70 0.0073716
bookshelf 0 0 -10 44.31 2.73 469.25 335.83 0.0072085
chair 0 0 -10 506.65 210.20 591.00 389.79 0.0070322
chair 0 0 -10 74.42 176.73 166.81 324.03 0.0066483
chair 0 0 -10 260.11 178.91 481.18 270.71 0.0066235
chair 0 0 -10 570.67 149.61 589.50 215.54 0.0065374
table 0 0 -10 365.36 158.27 454.09 222.54 0.0064642
chair 0 0 -10 568.42 199.18 591.00 296.58 0.0062154
desk 0 0 -10 512.87 204.32 590.14 395.33 0.0059444
table 0 0 -10 382.79 177.49 455.41 211.35 0.0058186
table 0 0 -10 312.70 205.12 507.69 304.74 0.0057157
table 0 0 -10 47.11 14.11 446.07 171.56 0.0055520
table 0 0 -10 297.09 182.61 511.52 249.08 0.0054924
chair 0 0 -10 138.12 193.03 312.63 329.63 0.0052135
table 0 0 -10 262.83 166.56 330.94 222.09 0.0051391
desk 0 0 -10 2.62 165.81 83.03 433.81 0.0048263
chair 0 0 -10 317.41 165.24 449.73 214.57 0.0048119
chair 0 0 -10 373.81 248.51 516.20 344.54 0.0043637
