chair 0 0 -10 435.35 108.80 548.23 248.61 0.9933634
chair 0 0 -10 316.59 180.04 472.79 374.40 0.9889803
chair 0 0 -10 1.04 241.15 111.33 418.50 0.9822761
chair 0 0 -10 154.74 147.84 275.12 255.45 0.9812299
chair 0 0 -10 140.46 225.90 298.33 396.75 0.9780639
chair 0 0 -10 364.33 128.02 500.15 308.70 0.9456577
chair 0 0 -10 213.23 120.28 327.75 234.38 0.9290385
table 0 0 -10 204.79 118.88 442.98 295.66 0.9144065
chair 0 0 -10 305.45 99.53 393.91 185.35 0.6965609
table 0 0 -10 222.60 115.15 429.03 218.58 0.1980311
desk 0 0 -10 194.60 127.28 473.82 328.70 0.1665917
chair 0 0 -10 145.84 191.73 277.61 332.53 0.1195688
chair 0 0 -10 145.94 144.44 245.59 221.07 0.1059206
chair 0 0 -10 277.46 106.84 395.72 219.03 0.0979414
chair 0 0 -10 379.79 115.26 493.30 234.28 0.0938709
chair 0 0 -10 0.59 249.36 53.87 384.10 0.0913455
chair 0 0 -10 299.44 132.06 434.73 281.84 0.0841438
chair 0 0 -10 177.06 122.09 272.09 227.90 0.0646276
chair 0 0 -10 198.69 111.32 286.20 200.72 0.0607734
table 0 0 -10 1.27 263.30 113.36 430.40 0.0593106
table 0 0 -10 293.18 108.57 423.60 164.99 0.0504890
chair 0 0 -10 316.46 101.43 413.26 143.77 0.0447503
chair 0 0 -10 338.55 100.47 422.32 197.61 0.0446665
table 0 0 -10 128.07 117.54 243.80 203.27 0.0433257
table 0 0 -10 148.89 118.33 496.65 367.89 0.0358006
bookshelf 0 0 -10 10.83 3.24 142.96 167.01 0.0192304
chair 0 0 -10 215.40 115.21 301.76 175.45 0.0187960
desk 0 0 -10 0.44 264.82 109.51 428.20 0.0150354
desk 0 0 -10 216.98 123.07 432.56 226.65 0.0146442
desk 0 0 -10 126.95 115.83 243.03 208.22 0.0144947
table 0 0 -10 210.43 115.98 349.49 246.34 0.0129708
chair 0 0 -10 53.46 235.74 223.12 434.24 0.0128863
chair 0 0 -10 239.55 114.56 511.32 308.61 0.0117481
chair 0 0 -10 361.40 109.10 426.65 171.76 0.0089252
table 0 0 -10 244.61 154.31 487.14 331.42 0.0084192
chair 0 0 -10 7.00 234.98 31.95 406.15 0.0080602
table 0 0 -10 178.81 115.93 310.45 197.46 0.0079226
chair 0 0 -10 175.96 136.26 244.25 194.52 0.0077533
chair 0 0 -10 153.78 147.72 212.29 206.32 0.0077450
chair 0 0 -10 0.00 204.26 150.41 378.37 0.0069255
chair 0 0 -10 120.26 26.21 304.13 245.68 0.0068480
chair 0 0 -10 317.58 99.50 376.92 120.74 0.0066646
chair 0 0 -10 144.25 154.64 365.24 383.50 0.0063763
chair 0 0 -10 226.91 109.98 381.42 281.69 0.0062362
table 0 0 -10 90.81 236.71 296.28 410.75 0.0060545
table 0 0 -10 0.48 230.10 37.09 420.00 0.0058357
desk 0 0 -10 205.42 138.32 375.36 268.24 0.0057801
chair 0 0 -10 186.06 116.90 258.25 176.38 0.0056990
chair 0 0 -10 262.06 103.11 350.72 203.95 0.0056263
table 0 0 -10 433.11 134.38 551.13 276.72 0.0055338
table 0 0 -10 311.96 106.37 418.27 142.03 0.0055026
table 0 0 -10 128.19 130.79 295.63 243.59 0.0052650
chair 0 0 -10 198.81 159.60 332.58 331.50 0.0051161
chair 0 0 -10 309.30 99.04 383.81 133.93 0.0051033
chair 0 0 -10 441.37 106.41 497.88 176.77 0.0050818
chair 0 0 -10 471.57 106.80 518.11 237.86 0.0045812
chair 0 0 -10 130.79 128.67 263.98 298.07 0.0044637
desk 0 0 -10 130.28 91.76 343.33 228.79 0.0043092
desk 0 0 -10 435.28 128.57 546.93 274.89 0.0042176
chair 0 0 -10 431.46 0.00 513.31 54.46 0.0036410
chair 0 0 -10 0.34 234.41 17.63 412.64 0.0036084
desk 0 0 -10 294.30 142.05 531.26 295.13 0.0035535
table 0 0 -10 124.01 92.56 439.59 188.67 0.0034566
bookshelf 0 0 -10 79.02 1.67 229.43 181.38 0.0034388
table 0 0 -10 511.74 106.54 588.20 162.04 0.0033261
table 0 0 -10 21.98 241.91 204.41 409.18 0.0033096
sofa 0 0 -10 0.21 247.89 111.01 429.63 0.0032214
table 0 0 -10 123.44 102.58 307.89 166.39 0.0029592
desk 0 0 -10 105.28 28.01 311.75 207.83 0.0028600
chair 0 0 -10 470.87 108.17 568.47 225.03 0.0027489
chair 0 0 -10 3.38 229.57 11.17 389.92 0.0027423
table 0 0 -10 312.68 119.54 441.16 196.81 0.0025654
desk 0 0 -10 121.21 124.98 408.95 388.82 0.0025321
desk 0 0 -10 129.85 129.86 293.13 247.69 0.0024705
table 0 0 -10 299.62 166.61 454.01 302.87 0.0023987
chair 0 0 -10 368.17 120.11 443.12 189.78 0.0023266
chair 0 0 -10 455.29 123.61 496.81 273.91 0.0022974
sofa 0 0 -10 147.68 145.64 247.85 235.05 0.0022354
chair 0 0 -10 304.15 88.16 436.60 221.65 0.0021518
table 0 0 -10 0.51 295.24 72.34 436.30 0.0019467
table 0 0 -10 247.88 103.19 389.38 193.14 0.0019373
table 0 0 -10 128.33 194.84 347.28 374.29 0.0019304
table 0 0 -10 1.57 255.77 62.32 392.57 0.0018989
desk 0 0 -10 90.55 36.85 392.52 301.09 0.0018676
table 0 0 -10 358.13 141.14 517.02 304.36 0.0018585
desk 0 0 -10 122.15 241.99 299.24 415.79 0.0017912
chair 0 0 -10 321.50 96.20 405.44 125.08 0.0017800
desk 0 0 -10 277.54 0.00 503.16 89.77 0.0015888
desk 0 0 -10 106.86 0.74 562.57 171.90 0.0015319
desk 0 0 -10 270.32 111.99 423.45 186.65 0.0014548
chair 0 0 -10 364.46 84.01 521.29 212.40 0.0014394
dresser 0 0 -10 10.66 4.95 144.02 162.24 0.0014247
desk 0 0 -10 1.04 256.18 46.94 383.79 0.0014149
desk 0 0 -10 197.81 62.24 500.03 258.94 0.0013121
bookshelf 0 0 -10 128.48 0.00 290.93 210.92 0.0013043
chair 0 0 -10 102.39 172.32 254.34 390.12 0.0012971
table 0 0 -10 210.20 105.38 346.80 167.63 0.0012228
table 0 0 -10 345.96 197.55 478.29 351.68 0.0012193
sofa 0 0 -10 163.24 125.29 365.12 251.92 0.0012067
table 0 0 -10 282.35 0.75 497.18 88.53 0.0011782
