chair 0 0 -10 260.83 73.93 349.95 153.95 0.9861252
chair 0 0 -10 263.21 332.98 513.63 438.38 0.9845003
chair 0 0 -10 232.17 219.01 428.10 413.19 0.9807464
chair 0 0 -10 308.59 140.09 461.83 283.49 0.9755240
chair 0 0 -10 19.84 130.28 143.93 233.39 0.9750397
chair 0 0 -10 189.18 82.81 260.87 173.25 0.9605194
table 0 0 -10 332.11 107.59 591.00 364.76 0.9335388
chair 0 0 -10 471.99 70.24 586.55 189.97 0.9334684
chair 0 0 -10 0.00 202.08 161.85 366.37 0.9224545
chair 0 0 -10 441.85 58.86 504.19 107.76 0.9127705
chair 0 0 -10 241.14 117.76 383.08 223.02 0.9093775
chair 0 0 -10 2.87 151.66 145.46 281.93 0.9043263
chair 0 0 -10 372.04 92.42 487.86 200.32 0.8872835
chair 0 0 -10 391.43 62.14 491.02 113.80 0.2719056
chair 0 0 -10 497.68 55.73 584.90 103.56 0.2457334
desk 0 0 -10 360.17 85.51 591.00 400.21 0.2014332
chair 0 0 -10 433.43 52.83 513.46 151.72 0.2000124
table 0 0 -10 332.46 98.68 575.26 248.69 0.1834481
chair 0 0 -10 504.01 49.78 591.00 244.32 0.1190072
table 0 0 -10 441.11 85.76 586.08 174.37 0.1004517
table 0 0 -10 334.26 108.20 490.28 214.01 0.0873402
chair 0 0 -10 522.90 59.15 578.19 93.91 0.0841358
chair 0 0 -10 494.30 76.19 574.61 160.19 0.0815366
table 0 0 -10 415.84 128.71 591.00 317.12 0.0726596
chair 0 0 -10 247.47 126.37 408.12 300.01 0.0726132
table 0 0 -10 413.14 179.77 589.07 418.89 0.0672916
chair 0 0 -10 415.87 82.15 564.94 229.93 0.0600104
chair 0 0 -10 437.76 24.73 547.11 159.90 0.0589157
table 0 0 -10 492.21 133.38 590.52 429.09 0.0541733
chair 0 0 -10 408.66 52.26 523.66 198.56 0.0512247
chair 0 0 -10 385.78 94.33 465.75 115.97 0.0469936
chair 0 0 -10 525.11 55.25 590.95 127.08 0.0466409
chair 0 0 -10 233.97 80.25 343.45 186.99 0.0439134
chair 0 0 -10 400.62 284.52 583.87 441.00 0.0436398
chair 0 0 -10 1.83 193.52 96.19 434.44 0.0384950
chair 0 0 -10 510.54 161.89 591.00 427.05 0.0373270
chair 0 0 -10 434.44 47.01 544.02 116.86 0.0334534
table 0 0 -10 456.32 97.93 591.00 233.32 0.0321874
chair 0 0 -10 227.68 96.96 349.51 271.46 0.0301065
table 0 0 -10 528.66 132.19 589.95 329.78 0.0281895
chair 0 0 -10 486.00 72.81 573.24 111.29 0.0275178
chair 0 0 -10 0.00 196.01 41.86 424.49 0.0257570
chair 0 0 -10 204.88 77.27 266.41 137.74 0.0238744
chair 0 0 -10 543.63 52.34 590.84 192.47 0.0230357
chair 0 0 -10 368.74 76.70 474.53 140.57 0.0217626
table 0 0 -10 284.27 46.83 580.79 147.79 0.0194526
chair 0 0 -10 366.20 113.60 528.05 267.31 0.0187055
chair 0 0 -10 355.48 370.27 561.43 441.00 0.0185076
chair 0 0 -10 560.94 53.43 591.00 151.67 0.0169532
chair 0 0 -10 500.68 77.75 569.99 101.95 0.0164255
desk 0 0 -10 328.92 112.38 546.94 273.09 0.0163780
chair 0 0 -10 0.00 281.48 177.47 436.15 0.0159120
table 0 0 -10 2.58 233.23 166.08 397.35 0.0152617
desk 0 0 -10 418.47 106.47 589.31 291.33 0.0135258
chair 0 0 -10 311.72 132.83 561.59 418.04 0.0132831
chair 0 0 -10 538.17 117.67 591.00 315.40 0.0126320
chair 0 0 -10 300.10 96.12 456.12 208.80 0.0126231
chair 0 0 -10 509.99 138.62 591.00 254.93 0.0117411
table 0 0 -10 490.59 145.66 590.27 263.15 0.0110567
desk 0 0 -10 337.77 107.70 487.63 215.42 0.0109966
table 0 0 -10 396.41 53.98 551.39 107.05 0.0102095
chair 0 0 -10 224.68 296.88 416.31 441.00 0.0101910
chair 0 0 -10 267.21 383.13 503.47 440.29 0.0097330
chair 0 0 -10 433.63 103.87 583.70 289.49 0.0091356
table 0 0 -10 456.64 62.30 582.22 135.68 0.0091115
chair 0 0 -10 119.69 201.73 452.95 441.00 0.0076727
table 0 0 -10 405.80 20.69 543.36 154.99 0.0073557
chair 0 0 -10 0.82 128.10 58.79 392.47 0.0069871
table 0 0 -10 491.77 50.37 588.85 118.34 0.0067825
table 0 0 -10 285.72 109.28 433.24 208.23 0.0067447
sofa 0 0 -10 190.00 83.78 253.48 174.67 0.0066892
chair 0 0 -10 541.60 54.69 588.07 100.20 0.0064137
chair 0 0 -10 281.63 86.58 400.20 181.46 0.0061665
table 0 0 -10 385.17 62.87 493.79 112.89 0.0059589
chair 0 0 -10 392.24 12.11 530.95 113.72 0.0054187
table 0 0 -10 394.83 78.44 557.22 159.68 0.0053629
chair 0 0 -10 349.93 29.02 491.77 184.08 0.0053263
table 0 0 -10 480.54 35.66 589.90 164.86 0.0052719
chair 0 0 -10 262.82 69.39 342.46 120.47 0.0049911
table 0 0 -10 238.91 72.67 361.73 155.35 0.0048407
desk 0 0 -10 283.98 42.91 585.18 151.15 0.0047693
chair 0 0 -10 565.08 70.32 590.46 215.72 0.0046246
desk 0 0 -10 363.43 88.94 587.79 200.17 0.0044942
table 0 0 -10 437.96 45.52 514.33 105.42 0.0043399
table 0 0 -10 197.77 10.84 585.54 203.03 0.0039123
desk 0 0 -10 319.02 231.85 590.62 426.13 0.0038733
desk 0 0 -10 0.00 231.45 161.51 397.19 0.0038728
chair 0 0 -10 434.23 182.56 588.43 415.12 0.0038492
sofa 0 0 -10 256.80 340.43 581.67 441.00 0.0038350
sofa 0 0 -10 419.95 264.01 588.47 441.00 0.0037066
table 0 0 -10 467.43 59.49 555.76 103.97 0.0036163
chair 0 0 -10 0.00 51.74 178.72 275.76 0.0036087
desk 0 0 -10 460.36 82.46 586.21 186.80 0.0035812
table 0 0 -10 238.04 149.12 472.26 399.49 0.0035597
table 0 0 -10 358.01 57.78 533.50 185.68 0.0035564
chair 0 0 -10 216.59 82.14 251.59 122.88 0.0035349
chair 0 0 -10 297.20 178.87 493.04 381.71 0.0034382
table 0 0 -10 339.95 87.81 476.94 157.77 0.0033581
desk 0 0 -10 313.31 119.66 459.18 256.27 0.0030838
chair 0 0 -10 3.24 190.89 24.93 402.87 0.0029734
