chair 0 0 -10 367.99 104.47 536.60 246.74 0.9905267
chair 0 0 -10 313.29 298.86 571.77 437.20 0.9903030
chair 0 0 -10 429.82 31.17 540.75 158.20 0.9860231
chair 0 0 -10 316.47 166.68 545.44 388.76 0.9732065
chair 0 0 -10 316.94 68.29 415.44 183.38 0.9714493
table 0 0 -10 465.19 64.77 591.00 441.00 0.9059811
table 0 0 -10 438.02 79.57 590.40 267.13 0.5589739
chair 0 0 -10 383.42 84.88 557.59 369.91 0.3626109
chair 0 0 -10 405.25 45.12 546.93 220.03 0.3431490
table 0 0 -10 461.10 61.76 591.00 188.33 0.2166120
desk 0 0 -10 468.62 61.91 591.00 441.00 0.1429812
chair 0 0 -10 335.26 132.01 500.33 292.71 0.1128393
chair 0 0 -10 326.75 48.36 406.77 129.80 0.1099305
desk 0 0 -10 439.07 83.44 589.97 265.82 0.0815545
table 0 0 -10 339.90 73.26 591.00 424.54 0.0667716
table 0 0 -10 403.99 194.22 589.44 433.53 0.0578055
chair 0 0 -10 305.52 74.05 441.82 247.00 0.0519349
chair 0 0 -10 447.47 158.76 586.86 435.43 0.0384537
table 0 0 -10 448.88 48.71 577.15 139.50 0.0313172
chair 0 0 -10 332.31 91.14 460.16 201.56 0.0240194
chair 0 0 -10 437.37 45.84 529.80 102.32 0.0178844
desk 0 0 -10 8.00 166.99 371.13 441.00 0.0152971
table 0 0 -10 478.32 232.94 587.07 441.00 0.0150964
chair 0 0 -10 320.94 63.70 385.99 241.36 0.0139256
desk 0 0 -10 2.09 159.58 160.67 441.00 0.0138587
desk 0 0 -10 404.36 194.03 591.00 433.88 0.0131021
desk 0 0 -10 338.22 71.34 591.00 433.77 0.0106345
chair 0 0 -10 455.33 35.82 571.40 197.80 0.0098326
chair 0 0 -10 337.81 264.77 510.31 407.33 0.0089911
table 0 0 -10 1.16 163.54 197.56 441.00 0.0089602
desk 0 0 -10 448.49 65.02 582.34 173.53 0.0079563
dresser 0 0 -10 0.00 165.96 171.94 441.00 0.0069559
chair 0 0 -10 335.60 43.26 471.90 176.03 0.0067097
chair 0 0 -10 504.77 12.29 591.00 156.30 0.0061141
chair 0 0 -10 442.53 112.78 588.39 324.43 0.0058337
chair 0 0 -10 331.64 2.27 421.03 93.62 0.0057492
chair 0 0 -10 548.66 21.68 591.00 172.68 0.0056533
bathtub 0 0 -10 1.65 163.93 171.67 441.00 0.0052374
chair 0 0 -10 196.14 276.86 528.03 441.00 0.0051516
chair 0 0 -10 338.71 46.35 405.09 98.06 0.0049791
table 0 0 -10 338.12 282.54 576.75 440.87 0.0045942
table 0 0 -10 0.00 182.68 429.24 441.00 0.0039325
chair 0 0 -10 106.71 342.43 437.75 441.00 0.0033856
desk 0 0 -10 92.81 59.07 565.66 441.00 0.0026883
chair 0 0 -10 541.66 49.12 591.00 128.66 0.0026632
chair 0 0 -10 152.24 398.87 428.90 441.00 0.0026159
chair 0 0 -10 222.35 119.57 548.28 441.00 0.0024920
chair 0 0 -10 380.74 344.04 576.27 441.00 0.0024887
chair 0 0 -10 311.71 366.50 513.74 435.08 0.0023988
table 0 0 -10 281.80 244.21 464.19 441.00 0.0023626
table 0 0 -10 431.16 27.46 532.20 126.27 0.0023415
chair 0 0 -10 434.55 32.13 477.63 117.95 0.0021480
chair 0 0 -10 303.53 87.12 369.65 225.32 0.0020863
sofa 0 0 -10 345.90 276.89 581.02 441.00 0.0018498
table 0 0 -10 332.07 105.31 474.58 217.02 0.0018364
table 0 0 -10 311.10 92.21 421.24 210.13 0.0017360
chair 0 0 -10 526.68 43.10 591.00 204.77 0.0017219
table 0 0 -10 332.86 136.24 497.71 289.56 0.0015202
sofa 0 0 -10 285.87 165.65 584.44 440.42 0.0014891
table 0 0 -10 100.33 66.46 555.14 439.01 0.0014645
chair 0 0 -10 420.97 24.62 485.58 167.44 0.0014320
desk 0 0 -10 336.63 272.43 519.76 440.39 0.0013613
desk 0 0 -10 311.57 88.48 419.18 208.98 0.0013210
table 0 0 -10 153.44 400.80 404.39 441.00 0.0012664
chair 0 0 -10 327.04 85.98 382.52 168.50 0.0012647
chair 0 0 -10 424.79 91.34 547.50 126.44 0.0012604
chair 0 0 -10 323.55 118.85 430.45 167.29 0.0012469
chair 0 0 -10 310.43 7.83 419.48 159.68 0.0012206
table 0 0 -10 305.03 320.72 497.05 438.65 0.0012141
table 0 0 -10 316.28 222.42 530.57 414.60 0.0011827
dresser 0 0 -10 440.04 100.77 591.00 431.74 0.0011709
chair 0 0 -10 292.61 35.03 551.46 231.88 0.0011422
chair 0 0 -10 320.19 61.58 374.24 142.71 0.0011400
chair 0 0 -10 515.15 67.07 589.84 344.71 0.0011283
dresser 0 0 -10 31.32 31.14 324.69 421.03 0.0011212
table 0 0 -10 376.89 92.73 552.31 228.34 0.0011070
desk 0 0 -10 102.11 6.08 336.07 237.22 0.0011064
table 0 0 -10 512.35 65.72 591.00 353.27 0.0011007
table 0 0 -10 350.79 69.72 412.09 165.75 0.0010669
desk 0 0 -10 0.00 10.45 445.73 378.18 0.0010191
bed 0 0 -10 459.35 98.75 591.00 441.00 0.0009843
chair 0 0 -10 26.91 209.47 516.67 441.00 0.0009776
chair 0 0 -10 427.91 77.19 539.42 114.36 0.0009049
chair 0 0 -10 308.95 4.81 492.03 111.80 0.0008868
desk 0 0 -10 286.24 18.37 409.17 154.22 0.0008353
sofa 0 0 -10 376.08 90.49 565.96 228.79 0.0008124
sofa 0 0 -10 317.73 64.56 407.88 164.24 0.0007989
table 0 0 -10 337.39 42.55 505.09 169.38 0.0007847
chair 0 0 -10 345.05 21.89 544.92 125.53 0.0007757
chair 0 0 -10 472.84 146.82 565.88 364.49 0.0007697
chair 0 0 -10 366.15 50.74 435.48 160.96 0.0007659
table 0 0 -10 336.48 2.99 570.34 83.39 0.0007424
table 0 0 -10 33.27 284.50 372.28 438.14 0.0007281
desk 0 0 -10 330.31 0.46 580.73 85.35 0.0007008
table 0 0 -10 321.41 47.05 424.83 173.09 0.0006846
table 0 0 -10 20.86 2.70 337.06 269.77 0.0006773
table 0 0 -10 315.94 123.70 439.14 169.34 0.0006730
chair 0 0 -10 320.82 160.40 433.28 356.15 0.0006497
sofa 0 0 -10 307.82 324.23 520.69 439.66 0.0006252
chair 0 0 -10 329.63 101.94 410.10 159.30 0.0006159
