chair 0 0 -10 150.04 99.83 360.66 372.38 0.9847865
chair 0 0 -10 445.35 44.74 578.08 166.00 0.9832951
chair 0 0 -10 0.51 142.52 206.09 433.30 0.9749671
table 0 0 -10 444.81 248.87 591.00 441.00 0.9544800
chair 0 0 -10 537.96 27.98 590.44 142.54 0.9541025
chair 0 0 -10 461.34 155.90 591.00 324.78 0.9393811
chair 0 0 -10 267.20 335.79 570.41 437.42 0.8174230
table 0 0 -10 456.33 243.33 591.00 348.00 0.3268422
chair 0 0 -10 468.23 77.31 588.91 266.62 0.2091291
chair 0 0 -10 522.78 26.72 591.00 222.07 0.1897379
chair 0 0 -10 276.12 355.97 449.74 441.00 0.1645723
chair 0 0 -10 436.25 168.07 588.57 433.75 0.1459465
chair 0 0 -10 385.23 280.10 572.67 440.34 0.1329788
chair 0 0 -10 253.85 207.14 591.00 439.47 0.1242872
chair 0 0 -10 505.71 130.40 591.00 291.03 0.1023893
chair 0 0 -10 144.89 387.69 377.59 440.11 0.0970948
chair 0 0 -10 232.44 384.81 428.38 441.00 0.0950222
table 0 0 -10 319.07 253.95 582.82 437.07 0.0931011
desk 0 0 -10 453.59 248.20 587.99 441.00 0.0918375
table 0 0 -10 427.42 199.99 588.93 373.11 0.0856093
chair 0 0 -10 5.50 193.55 431.93 436.32 0.0546443
chair 0 0 -10 11.74 309.89 403.23 441.00 0.0533676
chair 0 0 -10 548.79 61.53 589.25 156.10 0.0444140
chair 0 0 -10 341.85 342.16 488.05 437.56 0.0440554
desk 0 0 -10 451.79 209.70 588.49 359.84 0.0436984
table 0 0 -10 398.93 128.51 587.44 441.00 0.0428786
chair 0 0 -10 548.30 26.55 590.38 87.73 0.0359345
table 0 0 -10 469.10 141.86 589.98 324.69 0.0329101
chair 0 0 -10 208.48 316.26 437.56 441.00 0.0308216
chair 0 0 -10 537.42 150.11 590.94 352.07 0.0268086
chair 0 0 -10 297.72 377.36 528.63 440.33 0.0250492
table 0 0 -10 108.63 169.27 532.24 441.00 0.0216566
chair 0 0 -10 501.88 16.43 590.82 130.30 0.0192988
table 0 0 -10 0.00 10.38 591.00 177.61 0.0187417
chair 0 0 -10 439.85 34.90 545.32 132.62 0.0176306
chair 0 0 -10 1.90 118.94 106.59 428.06 0.0163179
desk 0 0 -10 0.04 18.63 563.29 257.55 0.0158889
table 0 0 -10 381.69 324.70 584.39 439.87 0.0145943
chair 0 0 -10 435.81 330.89 583.94 440.24 0.0135868
chair 0 0 -10 557.83 102.94 590.10 154.72 0.0134059
chair 0 0 -10 175.76 258.87 380.01 429.69 0.0119302
chair 0 0 -10 576.82 17.42 590.84 167.46 0.0111187
table 0 0 -10 104.68 301.98 564.35 438.50 0.0107402
chair 0 0 -10 1.84 193.10 49.26 432.42 0.0099899
desk 0 0 -10 243.80 210.05 585.03 436.57 0.0093445
desk 0 0 -10 53.00 71.70 507.44 429.55 0.0090858
table 0 0 -10 111.17 100.98 395.20 403.26 0.0087643
table 0 0 -10 417.55 54.55 588.79 332.79 0.0087334
table 0 0 -10 13.10 41.80 559.69 358.54 0.0079625
chair 0 0 -10 370.05 414.78 480.09 440.81 0.0079327
chair 0 0 -10 510.81 201.99 589.46 403.63 0.0074888
table 0 0 -10 534.77 231.77 590.42 441.00 0.0074356
chair 0 0 -10 567.85 82.98 591.00 320.45 0.0070216
table 0 0 -10 522.35 239.72 590.21 319.38 0.0067553
table 0 0 -10 508.58 16.84 587.23 127.50 0.0065942
table 0 0 -10 541.70 29.03 590.17 102.60 0.0064209
table 0 0 -10 507.37 174.86 591.00 355.71 0.0063665
chair 0 0 -10 168.77 88.53 492.26 416.98 0.0062037
desk 0 0 -10 325.84 305.51 589.42 438.26 0.0061132
sofa 0 0 -10 229.25 336.40 561.25 437.90 0.0058116
chair 0 0 -10 339.20 161.53 586.97 350.24 0.0056709
chair 0 0 -10 544.63 140.65 590.91 258.85 0.0055986
chair 0 0 -10 473.05 255.00 586.42 423.58 0.0055947
chair 0 0 -10 552.89 61.31 591.00 250.78 0.0055825
desk 0 0 -10 400.04 131.84 588.78 441.00 0.0055306
table 0 0 -10 497.08 90.38 588.33 278.61 0.0049311
desk 0 0 -10 470.56 165.68 590.13 311.80 0.0047641
desk 0 0 -10 101.00 303.63 571.15 438.44 0.0043691
table 0 0 -10 553.21 177.20 590.53 409.23 0.0042617
table 0 0 -10 399.79 15.92 584.45 151.00 0.0041075
chair 0 0 -10 565.12 40.24 591.00 158.49 0.0040991
table 0 0 -10 213.34 233.06 544.02 412.46 0.0035748
table 0 0 -10 516.35 32.81 589.75 226.21 0.0033507
chair 0 0 -10 0.71 51.05 138.93 317.04 0.0032139
chair 0 0 -10 574.80 74.78 591.00 151.31 0.0029332
sofa 0 0 -10 434.59 163.36 591.00 331.07 0.0029135
table 0 0 -10 1.75 193.72 233.99 433.80 0.0028392
sofa 0 0 -10 534.33 17.90 591.00 133.72 0.0028140
chair 0 0 -10 76.13 116.54 280.89 394.97 0.0026182
chair 0 0 -10 575.84 101.96 591.00 256.90 0.0025581
table 0 0 -10 271.95 342.76 496.95 436.99 0.0024615
sofa 0 0 -10 124.88 388.91 364.88 440.77 0.0024386
chair 0 0 -10 585.52 29.42 591.00 148.85 0.0023543
sofa 0 0 -10 0.00 153.91 200.51 418.88 0.0022541
sofa 0 0 -10 372.44 302.36 580.94 441.00 0.0022486
desk 0 0 -10 157.21 141.72 361.07 383.27 0.0021032
chair 0 0 -10 192.09 79.42 384.54 294.44 0.0020960
sofa 0 0 -10 171.70 272.35 591.00 441.00 0.0020783
chair 0 0 -10 277.67 391.26 380.12 441.00 0.0020478
table 0 0 -10 486.28 55.34 588.16 179.23 0.0020183
chair 0 0 -10 478.31 220.28 586.70 313.92 0.0019229
chair 0 0 -10 588.02 51.98 590.95 165.10 0.0018844
chair 0 0 -10 590.19 27.79 590.99 153.66 0.0018788
table 0 0 -10 3.64 175.43 124.19 436.77 0.0018708
desk 0 0 -10 516.74 39.27 589.99 159.96 0.0018660
chair 0 0 -10 579.38 146.54 591.00 315.44 0.0018165
table 0 0 -10 3.39 17.47 339.16 309.68 0.0018063
chair 0 0 -10 560.44 15.40 590.89 118.51 0.0017591
desk 0 0 -10 420.79 57.48 590.67 339.66 0.0017440
chair 0 0 -10 575.41 15.47 588.53 106.58 0.0017300
