chair 0 0 -10 0.38 223.76 226.43 436.66 0.9472979
desk 0 0 -10 0.00 104.63 129.17 240.88 0.8522391
desk 0 0 -10 168.44 126.93 369.70 330.82 0.8235618
desk 0 0 -10 331.53 66.88 415.02 176.11 0.8152040
table 0 0 -10 0.08 382.64 138.27 441.00 0.7492391
table 0 0 -10 0.00 101.95 126.13 239.19 0.5013533
table 0 0 -10 0.00 312.61 188.30 441.00 0.4784164
chair 0 0 -10 279.35 70.42 353.95 198.35 0.4695437
table 0 0 -10 327.19 69.45 423.49 168.48 0.4223457
table 0 0 -10 170.58 128.10 370.74 330.78 0.3272650
desk 0 0 -10 215.77 67.56 423.35 172.03 0.2639316
chair 0 0 -10 295.85 74.15 355.93 132.43 0.2550699
table 0 0 -10 4.44 370.48 256.02 441.00 0.2175279
chair 0 0 -10 246.77 41.53 390.90 174.72 0.2053103
chair 0 0 -10 302.93 68.96 379.29 178.87 0.1723205
chair 0 0 -10 257.39 71.50 351.83 147.82 0.1313483
sofa 0 0 -10 1.32 223.99 209.03 434.68 0.1221259
chair 0 0 -10 56.18 60.29 127.62 175.08 0.1179896
desk 0 0 -10 168.79 60.72 294.37 150.52 0.1168807
desk 0 0 -10 0.00 380.03 135.04 440.42 0.1136144
table 0 0 -10 4.11 57.63 122.02 120.36 0.1110953
desk 0 0 -10 19.89 67.76 192.26 235.64 0.1081796
chair 0 0 -10 0.00 49.20 46.86 164.92 0.1034249
desk 0 0 -10 84.75 65.33 306.51 218.02 0.1033782
table 0 0 -10 212.41 69.93 425.28 167.93 0.0907725
table 0 0 -10 0.00 96.74 45.95 369.72 0.0884999
table 0 0 -10 167.62 62.46 298.43 146.02 0.0825779
desk 0 0 -10 110.79 61.21 393.10 155.77 0.0745935
chair 0 0 -10 22.12 85.85 118.45 213.66 0.0731412
table 0 0 -10 1.03 112.68 128.74 349.11 0.0685202
chair 0 0 -10 2.50 77.03 78.43 186.74 0.0600809
desk 0 0 -10 0.00 304.53 186.35 441.00 0.0557792
chair 0 0 -10 61.36 66.16 127.92 119.01 0.0535302
desk 0 0 -10 96.94 61.17 211.67 225.63 0.0520609
chair 0 0 -10 0.15 45.61 40.60 113.38 0.0500361
desk 0 0 -10 1.39 100.54 232.32 291.74 0.0498244
table 0 0 -10 0.00 167.22 188.00 405.77 0.0494503
desk 0 0 -10 3.69 52.66 125.52 127.01 0.0468319
chair 0 0 -10 0.00 210.14 90.14 429.52 0.0433412
table 0 0 -10 3.80 78.77 270.76 320.26 0.0406681
desk 0 0 -10 340.13 41.38 445.07 108.02 0.0398009
table 0 0 -10 3.34 60.32 146.69 166.20 0.0388811
table 0 0 -10 332.78 53.68 442.57 116.98 0.0386050
chair 0 0 -10 263.55 28.57 348.48 126.49 0.0384901
chair 0 0 -10 70.19 48.07 149.15 131.20 0.0378717
chair 0 0 -10 202.28 36.13 284.29 130.86 0.0358736
desk 0 0 -10 0.00 43.62 404.27 244.31 0.0349562
chair 0 0 -10 0.00 153.63 55.54 414.98 0.0348212
chair 0 0 -10 195.30 66.65 360.44 172.09 0.0336915
desk 0 0 -10 56.50 122.41 338.29 431.32 0.0334871
table 0 0 -10 417.14 44.52 447.85 117.39 0.0326868
chair 0 0 -10 361.72 25.60 436.68 119.02 0.0322890
desk 0 0 -10 5.16 56.63 193.23 153.19 0.0317764
desk 0 0 -10 305.69 54.59 423.87 133.77 0.0317026
chair 0 0 -10 0.00 180.82 144.78 396.07 0.0315344
chair 0 0 -10 295.14 28.64 375.05 132.41 0.0288577
chair 0 0 -10 2.70 112.87 96.81 268.12 0.0286730
table 0 0 -10 100.86 58.43 279.01 225.21 0.0279516
chair 0 0 -10 276.70 14.46 345.75 89.54 0.0270553
table 0 0 -10 66.01 135.16 336.16 418.18 0.0252702
chair 0 0 -10 2.16 316.27 284.60 439.00 0.0239429
bed 0 0 -10 0.00 274.38 191.47 439.95 0.0228370
chair 0 0 -10 0.99 45.58 25.93 203.57 0.0211323
table 0 0 -10 107.66 64.51 395.55 152.04 0.0207792
chair 0 0 -10 314.17 63.93 379.17 125.96 0.0198758
chair 0 0 -10 0.00 71.64 45.04 332.00 0.0193828
chair 0 0 -10 36.99 43.02 169.88 175.13 0.0191374
desk 0 0 -10 0.00 95.80 45.60 252.73 0.0188400
desk 0 0 -10 0.00 167.42 185.79 413.13 0.0187931
table 0 0 -10 0.00 68.28 51.50 247.60 0.0183498
chair 0 0 -10 0.00 61.07 67.40 118.44 0.0181168
desk 0 0 -10 406.83 45.29 446.51 117.79 0.0176123
chair 0 0 -10 173.74 33.79 291.62 173.51 0.0175961
chair 0 0 -10 234.99 58.02 330.90 158.86 0.0171111
table 0 0 -10 1.10 218.76 130.34 436.27 0.0165612
table 0 0 -10 220.34 18.30 283.18 71.62 0.0160649
sofa 0 0 -10 303.80 69.71 404.68 173.98 0.0160478
desk 0 0 -10 293.71 69.04 391.36 156.81 0.0159065
desk 0 0 -10 2.93 370.46 260.65 441.00 0.0156335
chair 0 0 -10 6.22 50.85 30.10 102.08 0.0154751
table 0 0 -10 0.15 55.81 336.21 128.67 0.0151569
chair 0 0 -10 0.00 384.55 144.52 440.82 0.0150649
chair 0 0 -10 251.97 72.88 373.91 239.25 0.0149464
desk 0 0 -10 7.96 112.03 204.50 199.79 0.0145723
chair 0 0 -10 343.76 36.31 410.17 155.27 0.0143432
chair 0 0 -10 219.16 10.74 287.82 80.83 0.0142548
table 0 0 -10 0.00 95.69 52.33 178.81 0.0135671
desk 0 0 -10 3.52 60.85 113.10 185.21 0.0134218
table 0 0 -10 0.00 106.34 24.96 396.10 0.0131814
chair 0 0 -10 34.18 57.90 102.63 117.87 0.0130521
table 0 0 -10 20.34 73.29 193.41 232.31 0.0130371
chair 0 0 -10 79.38 56.80 125.49 146.79 0.0129923
table 0 0 -10 0.69 100.00 19.37 250.84 0.0129632
table 0 0 -10 174.24 129.68 369.45 210.11 0.0126375
table 0 0 -10 0.00 56.46 398.34 239.20 0.0125197
desk 0 0 -10 2.22 90.29 34.81 385.11 0.0123193
desk 0 0 -10 262.49 30.55 453.35 129.72 0.0120610
chair 0 0 -10 341.13 18.33 419.47 104.37 0.0108466
desk 0 0 -10 3.62 54.80 335.37 130.26 0.0106690
table 0 0 -10 1.50 95.10 115.93 180.90 0.0104326
