chair 0 0 -10 126.88 107.78 200.79 184.13 0.9943919
chair 0 0 -10 407.85 97.61 549.76 305.44 0.9928460
chair 0 0 -10 298.14 125.94 391.70 220.65 0.9907327
chair 0 0 -10 245.43 118.77 319.17 209.74 0.8947453
desk 0 0 -10 73.39 300.28 552.41 435.26 0.8805132
chair 0 0 -10 325.16 170.59 507.65 337.15 0.8477109
chair 0 0 -10 133.66 126.23 288.18 283.76 0.7708834
desk 0 0 -10 4.84 164.24 322.34 438.15 0.7584150
chair 0 0 -10 0.79 179.05 70.78 336.02 0.4028920
chair 0 0 -10 197.11 109.98 284.47 195.08 0.3455451
chair 0 0 -10 188.59 117.30 275.02 247.71 0.2801164
chair 0 0 -10 281.04 128.05 413.96 280.33 0.2676965
chair 0 0 -10 117.12 103.47 217.32 221.92 0.2566051
chair 0 0 -10 205.53 113.04 270.22 168.86 0.2371238
table 0 0 -10 65.89 306.20 574.58 434.00 0.2061141
chair 0 0 -10 206.62 111.07 318.97 244.15 0.1906698
desk 0 0 -10 168.98 199.28 520.97 400.19 0.1800109
desk 0 0 -10 0.89 235.35 54.20 440.45 0.1676680
chair 0 0 -10 258.52 146.15 441.44 353.30 0.1619843
table 0 0 -10 27.06 191.82 523.72 434.08 0.1548493
chair 0 0 -10 0.00 174.77 53.83 280.99 0.1504873
chair 0 0 -10 96.06 161.07 306.98 389.74 0.1405725
chair 0 0 -10 153.63 109.93 255.44 211.44 0.1242430
chair 0 0 -10 157.31 147.50 376.98 345.92 0.1147785
table 0 0 -10 201.28 181.06 491.81 342.10 0.1085071
table 0 0 -10 16.82 154.76 290.27 355.36 0.0920947
chair 0 0 -10 0.04 181.83 49.45 230.95 0.0732011
table 0 0 -10 0.00 241.70 55.91 438.95 0.0728520
chair 0 0 -10 105.38 102.84 280.24 195.35 0.0549294
desk 0 0 -10 33.85 151.35 279.45 337.35 0.0545249
chair 0 0 -10 202.81 134.19 381.87 278.32 0.0533339
chair 0 0 -10 249.09 107.81 354.26 254.60 0.0518923
chair 0 0 -10 431.46 138.15 580.17 356.02 0.0461959
chair 0 0 -10 436.92 77.41 588.02 270.93 0.0451316
chair 0 0 -10 92.57 120.12 251.79 323.77 0.0429128
chair 0 0 -10 188.39 198.07 435.14 377.86 0.0401505
chair 0 0 -10 294.64 121.71 569.92 322.16 0.0380132
chair 0 0 -10 404.58 100.67 508.66 196.50 0.0345940
chair 0 0 -10 0.00 162.58 142.17 307.80 0.0343762
table 0 0 -10 155.09 220.30 449.82 377.56 0.0323203
chair 0 0 -10 0.00 228.12 57.74 431.94 0.0319714
table 0 0 -10 105.82 170.50 375.08 355.03 0.0304350
chair 0 0 -10 224.18 112.47 401.89 224.21 0.0278725
table 0 0 -10 387.97 159.81 513.21 314.17 0.0264664
table 0 0 -10 101.31 152.63 262.69 283.72 0.0248235
desk 0 0 -10 556.62 281.30 591.00 441.00 0.0237738
desk 0 0 -10 109.95 169.44 372.76 356.97 0.0224411
desk 0 0 -10 0.20 140.60 93.05 433.62 0.0211281
chair 0 0 -10 0.00 174.76 30.72 266.27 0.0203468
chair 0 0 -10 217.46 107.82 304.43 172.10 0.0198317
desk 0 0 -10 0.00 172.76 66.54 374.45 0.0192169
chair 0 0 -10 183.00 86.96 267.52 171.98 0.0191879
table 0 0 -10 556.30 286.61 590.49 441.00 0.0183053
chair 0 0 -10 541.76 159.39 588.47 434.25 0.0179028
chair 0 0 -10 468.79 111.75 559.04 322.66 0.0173768
desk 0 0 -10 0.58 270.79 177.48 439.75 0.0167486
table 0 0 -10 0.00 176.42 68.72 373.12 0.0159219
chair 0 0 -10 0.56 181.24 40.92 384.26 0.0154214
chair 0 0 -10 289.51 226.77 545.33 410.45 0.0151100
desk 0 0 -10 281.08 317.75 563.88 436.02 0.0143449
chair 0 0 -10 68.80 236.16 367.18 434.00 0.0139358
chair 0 0 -10 62.81 105.51 194.62 258.48 0.0137768
table 0 0 -10 0.00 183.47 48.44 247.41 0.0135037
chair 0 0 -10 373.73 157.42 541.74 399.34 0.0133875
table 0 0 -10 315.77 313.20 567.60 437.35 0.0126131
chair 0 0 -10 1.41 174.95 76.13 238.56 0.0122998
chair 0 0 -10 323.75 294.85 561.45 432.96 0.0120312
chair 0 0 -10 206.10 132.10 286.09 178.77 0.0111301
chair 0 0 -10 480.96 158.06 581.82 291.87 0.0110637
chair 0 0 -10 0.00 294.19 151.86 439.46 0.0106635
table 0 0 -10 9.91 157.50 216.04 273.98 0.0101375
desk 0 0 -10 104.18 152.83 259.36 283.02 0.0092904
chair 0 0 -10 2.87 170.04 102.25 270.41 0.0085323
chair 0 0 -10 175.92 279.24 411.35 427.81 0.0078971
table 0 0 -10 0.06 295.57 35.71 431.07 0.0077510
table 0 0 -10 241.28 120.60 311.40 195.32 0.0076148
chair 0 0 -10 0.00 139.98 91.82 427.47 0.0074985
table 0 0 -10 59.05 252.17 357.13 434.27 0.0073284
desk 0 0 -10 80.85 316.07 380.25 421.95 0.0072403
chair 0 0 -10 0.00 175.58 19.87 310.13 0.0065919
table 0 0 -10 0.11 182.89 41.93 311.11 0.0061065
desk 0 0 -10 403.16 160.55 514.38 322.73 0.0058480
table 0 0 -10 0.40 171.28 66.91 276.92 0.0058397
chair 0 0 -10 33.72 335.76 333.01 436.51 0.0058346
chair 0 0 -10 260.29 115.91 323.82 176.40 0.0056382
chair 0 0 -10 11.58 134.81 265.10 420.67 0.0055515
chair 0 0 -10 0.43 183.94 32.09 220.69 0.0055504
table 0 0 -10 548.65 188.20 589.78 434.98 0.0054322
table 0 0 -10 104.51 118.02 298.28 223.07 0.0052399
desk 0 0 -10 294.45 231.35 567.39 424.11 0.0051405
desk 0 0 -10 538.58 174.79 590.86 441.00 0.0049770
sofa 0 0 -10 0.00 173.78 52.91 273.94 0.0049665
table 0 0 -10 122.50 130.33 196.33 182.49 0.0047563
table 0 0 -10 238.35 123.54 355.53 218.09 0.0044805
desk 0 0 -10 356.17 181.92 573.34 368.32 0.0043047
chair 0 0 -10 5.08 170.97 29.74 350.98 0.0041323
desk 0 0 -10 0.00 181.40 38.76 276.21 0.0041255
chair 0 0 -10 82.58 78.59 201.35 195.68 0.0039466
desk 0 0 -10 60.75 230.79 262.73 432.33 0.0036009
chair 0 0 -10 1.65 181.46 20.69 234.67 0.0034878
