chair 0 0 -10 0.73 197.43 193.52 430.19 0.9945678
chair 0 0 -10 282.57 241.69 505.82 440.87 0.9912375
table 0 0 -10 123.42 142.38 534.31 441.00 0.9647545
chair 0 0 -10 182.34 94.88 280.58 176.21 0.9540051
table 0 0 -10 2.63 85.63 146.55 198.66 0.9095274
chair 0 0 -10 379.22 92.29 501.11 242.69 0.8958819
table 0 0 -10 467.78 54.45 591.00 163.17 0.8771392
chair 0 0 -10 283.16 48.14 358.61 129.06 0.8732324
chair 0 0 -10 206.23 52.37 274.63 109.14 0.7984250
table 0 0 -10 0.50 105.70 58.79 208.88 0.7520781
chair 0 0 -10 251.68 154.61 512.28 402.45 0.7008505
chair 0 0 -10 402.89 64.47 475.01 119.55 0.6842732
chair 0 0 -10 339.68 42.29 400.83 118.57 0.5606423
table 0 0 -10 215.53 125.95 539.71 279.47 0.5497226
chair 0 0 -10 125.73 47.63 186.26 134.23 0.5256796
chair 0 0 -10 17.12 72.85 104.52 133.29 0.4136260
desk 0 0 -10 283.56 35.12 404.05 107.73 0.3220854
chair 0 0 -10 311.80 130.06 496.27 320.02 0.3098285
chair 0 0 -10 1.99 79.97 58.09 170.79 0.3068416
chair 0 0 -10 393.34 64.98 493.27 190.82 0.2799791
chair 0 0 -10 177.28 86.76 331.00 210.24 0.2787597
chair 0 0 -10 199.48 59.87 283.65 137.19 0.2593476
table 0 0 -10 6.57 79.16 140.28 133.79 0.2512181
chair 0 0 -10 204.30 90.20 361.68 275.67 0.2370824
chair 0 0 -10 245.06 124.27 413.82 325.83 0.2152877
chair 0 0 -10 401.28 45.87 464.05 105.68 0.1845142
chair 0 0 -10 534.47 53.94 589.55 116.47 0.1451151
table 0 0 -10 282.79 36.46 404.49 104.83 0.1036652
table 0 0 -10 0.00 90.50 82.40 252.40 0.0859606
table 0 0 -10 131.15 159.31 370.72 407.43 0.0799570
table 0 0 -10 324.86 122.24 533.46 230.11 0.0678185
chair 0 0 -10 401.28 30.76 451.54 88.53 0.0654302
chair 0 0 -10 280.47 104.82 503.18 250.89 0.0653547
chair 0 0 -10 165.65 118.62 310.33 322.48 0.0629971
chair 0 0 -10 350.93 108.21 528.75 387.61 0.0598738
chair 0 0 -10 209.60 53.63 258.81 92.57 0.0562119
table 0 0 -10 281.53 117.33 539.25 388.29 0.0551499
desk 0 0 -10 108.57 147.79 547.58 441.00 0.0483753
table 0 0 -10 510.69 56.75 590.78 131.56 0.0368319
chair 0 0 -10 3.42 95.13 63.98 221.14 0.0360423
chair 0 0 -10 412.91 62.76 460.81 100.22 0.0314924
desk 0 0 -10 0.00 86.19 146.52 211.16 0.0301495
chair 0 0 -10 293.21 56.45 340.40 90.35 0.0297729
chair 0 0 -10 61.22 177.92 276.54 368.64 0.0294008
table 0 0 -10 70.47 179.63 256.23 405.07 0.0271163
chair 0 0 -10 395.37 86.33 487.99 135.76 0.0260234
chair 0 0 -10 186.87 198.36 445.52 438.43 0.0216169
chair 0 0 -10 356.08 39.02 435.73 111.82 0.0214737
desk 0 0 -10 0.38 97.37 61.34 213.89 0.0214205
table 0 0 -10 0.00 71.46 220.04 148.04 0.0210421
chair 0 0 -10 120.56 195.04 328.75 430.81 0.0178306
chair 0 0 -10 563.33 48.82 589.17 123.78 0.0176531
chair 0 0 -10 81.57 63.55 182.56 133.54 0.0173032
table 0 0 -10 552.51 64.87 589.75 154.45 0.0160190
chair 0 0 -10 540.14 69.53 588.64 100.22 0.0160106
chair 0 0 -10 306.53 41.03 381.66 117.69 0.0155087
desk 0 0 -10 269.21 115.94 538.67 371.80 0.0142478
desk 0 0 -10 332.87 44.48 400.02 116.18 0.0131646
chair 0 0 -10 245.27 40.16 393.21 128.90 0.0130462
chair 0 0 -10 12.34 68.25 122.51 167.09 0.0119958
chair 0 0 -10 510.64 49.67 575.10 104.22 0.0118790
table 0 0 -10 0.00 92.93 49.21 163.48 0.0115774
table 0 0 -10 192.35 121.01 419.11 327.94 0.0113439
chair 0 0 -10 346.29 44.32 388.88 86.42 0.0105986
table 0 0 -10 287.65 44.35 367.08 123.31 0.0105898
chair 0 0 -10 151.30 42.67 349.39 126.94 0.0098132
chair 0 0 -10 386.28 34.83 500.22 139.07 0.0095790
desk 0 0 -10 237.23 124.94 535.86 259.19 0.0093289
chair 0 0 -10 502.39 45.41 588.26 150.51 0.0089444
table 0 0 -10 478.31 51.61 591.00 100.73 0.0088268
table 0 0 -10 522.40 63.37 589.82 105.04 0.0083011
chair 0 0 -10 41.69 72.71 138.04 143.19 0.0078698
chair 0 0 -10 0.00 154.99 81.17 379.49 0.0077726
table 0 0 -10 0.00 84.58 199.40 269.82 0.0076555
chair 0 0 -10 293.74 35.70 480.09 120.85 0.0071693
table 0 0 -10 410.72 80.71 551.34 242.79 0.0070277
table 0 0 -10 45.00 80.48 178.43 162.82 0.0068247
desk 0 0 -10 3.62 0.00 268.07 82.83 0.0067229
table 0 0 -10 267.12 31.28 512.36 115.67 0.0066717
table 0 0 -10 319.78 49.79 397.15 108.89 0.0066090
chair 0 0 -10 268.90 34.38 337.99 108.79 0.0065984
chair 0 0 -10 406.18 61.86 432.66 105.40 0.0063107
desk 0 0 -10 57.04 1.46 211.93 61.87 0.0061666
desk 0 0 -10 260.56 25.21 476.14 103.52 0.0060593
table 0 0 -10 52.36 2.54 176.40 55.76 0.0059682
chair 0 0 -10 253.65 51.32 337.87 136.06 0.0056898
chair 0 0 -10 36.23 60.91 206.76 144.37 0.0056842
desk 0 0 -10 7.13 78.20 138.18 134.42 0.0055550
desk 0 0 -10 133.37 163.04 365.18 411.50 0.0055391
chair 0 0 -10 464.43 54.40 569.60 160.95 0.0050849
chair 0 0 -10 287.59 41.20 356.49 89.70 0.0045094
table 0 0 -10 221.18 102.26 409.89 223.99 0.0044318
chair 0 0 -10 1.81 91.79 35.60 193.34 0.0043702
chair 0 0 -10 425.45 48.15 515.25 131.24 0.0043690
desk 0 0 -10 282.15 47.28 355.27 112.01 0.0041831
chair 0 0 -10 280.28 69.92 425.01 201.55 0.0037551
chair 0 0 -10 408.48 100.07 555.32 281.05 0.0035718
chair 0 0 -10 230.69 119.75 396.90 240.27 0.0032173
chair 0 0 -10 475.44 47.98 535.42 107.09 0.0031839
table 0 0 -10 274.80 47.15 347.14 101.47 0.0031314
