table 0 0 -10 104.59 315.85 591.00 436.18 0.9775963
chair 0 0 -10 123.91 170.58 224.73 283.34 0.9767802
chair 0 0 -10 427.05 172.49 525.50 299.17 0.9753066
table 0 0 -10 18.15 160.02 231.89 288.63 0.9489093
chair 0 0 -10 467.54 260.79 591.00 360.69 0.9355908
table 0 0 -10 422.00 155.59 591.00 305.04 0.9347337
chair 0 0 -10 412.60 136.59 473.70 219.00 0.8733333
chair 0 0 -10 97.80 136.99 165.51 222.80 0.8702772
chair 0 0 -10 210.12 134.43 282.66 234.24 0.8617083
chair 0 0 -10 4.01 146.07 89.78 251.69 0.8426859
chair 0 0 -10 194.04 286.46 372.46 374.17 0.7885966
chair 0 0 -10 412.73 143.10 497.09 257.11 0.7346147
chair 0 0 -10 175.38 287.56 421.46 431.89 0.6776569
table 0 0 -10 259.20 107.73 365.05 169.19 0.6308655
table 0 0 -10 44.60 157.42 212.80 234.37 0.6095189
table 0 0 -10 519.78 108.50 590.97 163.41 0.5769469
chair 0 0 -10 532.12 95.97 587.58 165.28 0.5623999
chair 0 0 -10 0.31 165.09 59.52 298.59 0.5190940
chair 0 0 -10 113.83 151.00 197.26 253.99 0.4275291
chair 0 0 -10 11.81 365.91 195.92 441.00 0.3343429
chair 0 0 -10 489.93 97.05 533.04 153.42 0.3248491
chair 0 0 -10 405.27 126.63 457.76 191.91 0.2868674
chair 0 0 -10 362.36 99.09 402.58 158.12 0.2024655
chair 0 0 -10 518.78 123.36 590.47 241.63 0.1917545
chair 0 0 -10 161.33 157.07 221.25 242.95 0.1900575
chair 0 0 -10 1.65 171.68 33.51 306.19 0.1748100
chair 0 0 -10 77.85 152.39 161.24 257.61 0.1742843
chair 0 0 -10 441.82 274.04 591.00 416.20 0.1740327
chair 0 0 -10 555.02 117.40 590.56 261.94 0.1640525
chair 0 0 -10 492.62 99.11 521.19 140.57 0.1600657
chair 0 0 -10 60.02 370.10 305.80 441.00 0.1563126
chair 0 0 -10 547.27 109.48 589.42 194.17 0.1417195
chair 0 0 -10 332.84 101.23 374.38 160.28 0.1411319
chair 0 0 -10 112.70 141.62 193.39 208.37 0.1399924
table 0 0 -10 503.24 131.53 591.00 260.85 0.1332637
chair 0 0 -10 83.69 320.50 362.29 436.30 0.1289288
chair 0 0 -10 294.39 111.09 340.20 166.92 0.1145324
table 0 0 -10 430.79 148.43 589.39 234.92 0.1069068
chair 0 0 -10 426.36 173.28 511.15 243.84 0.1063647
desk 0 0 -10 17.27 158.11 221.27 303.65 0.0894059
chair 0 0 -10 272.93 318.20 579.12 434.20 0.0883524
table 0 0 -10 516.35 111.19 590.56 214.69 0.0846757
chair 0 0 -10 404.17 111.35 456.37 165.82 0.0837759
chair 0 0 -10 19.89 146.15 122.69 216.79 0.0792776
desk 0 0 -10 435.89 158.79 588.33 300.77 0.0765220
chair 0 0 -10 415.32 136.02 470.59 180.17 0.0597981
table 0 0 -10 461.46 204.35 591.00 348.65 0.0590829
table 0 0 -10 284.89 108.75 348.46 158.86 0.0570021
chair 0 0 -10 440.94 159.10 561.37 272.87 0.0555148
chair 0 0 -10 500.50 100.48 563.60 159.26 0.0515203
desk 0 0 -10 521.17 107.12 587.49 159.10 0.0492148
chair 0 0 -10 569.80 112.28 590.58 235.53 0.0466824
chair 0 0 -10 165.30 139.72 257.63 232.60 0.0458762
chair 0 0 -10 51.89 153.05 149.56 224.46 0.0440188
chair 0 0 -10 408.35 125.02 496.88 195.70 0.0414402
desk 0 0 -10 255.01 104.76 365.93 173.59 0.0405561
chair 0 0 -10 114.00 134.93 166.75 176.35 0.0400981
chair 0 0 -10 496.06 171.48 589.21 309.44 0.0400257
chair 0 0 -10 467.55 99.32 519.70 156.44 0.0398663
chair 0 0 -10 418.76 180.20 582.36 330.70 0.0385407
chair 0 0 -10 221.49 126.53 295.64 198.54 0.0341443
chair 0 0 -10 570.86 162.89 591.00 341.44 0.0330951
table 0 0 -10 0.22 163.91 35.16 376.77 0.0323455
chair 0 0 -10 64.60 166.43 181.50 286.62 0.0319582
table 0 0 -10 56.26 143.14 173.70 213.02 0.0313499
table 0 0 -10 320.89 109.19 369.34 163.08 0.0302028
chair 0 0 -10 479.43 94.43 549.14 175.12 0.0295879
table 0 0 -10 552.78 123.77 589.55 309.28 0.0292179
chair 0 0 -10 70.30 136.19 206.51 243.13 0.0274663
table 0 0 -10 571.92 152.65 590.54 281.93 0.0269423
table 0 0 -10 44.82 226.72 591.00 415.47 0.0261504
chair 0 0 -10 0.57 172.18 46.68 389.16 0.0259926
desk 0 0 -10 130.49 301.39 578.47 440.56 0.0255217
table 0 0 -10 404.16 224.72 591.00 413.09 0.0249973
chair 0 0 -10 0.20 169.02 18.19 301.99 0.0244841
chair 0 0 -10 542.91 102.82 578.94 143.28 0.0244125
chair 0 0 -10 253.07 110.15 301.96 171.34 0.0219896
table 0 0 -10 134.45 299.85 341.37 441.00 0.0215342
chair 0 0 -10 474.20 121.76 568.44 215.33 0.0214184
chair 0 0 -10 3.60 305.81 181.66 438.88 0.0201456
chair 0 0 -10 2.83 166.12 10.42 300.17 0.0201130
chair 0 0 -10 9.05 160.55 147.45 298.52 0.0186325
table 0 0 -10 419.19 150.52 537.65 264.78 0.0184330
chair 0 0 -10 346.36 249.56 591.00 426.14 0.0182087
chair 0 0 -10 415.30 133.75 552.62 227.34 0.0167370
chair 0 0 -10 137.31 383.76 344.53 439.67 0.0164107
table 0 0 -10 441.91 274.35 590.64 372.33 0.0154036
chair 0 0 -10 315.30 109.21 367.49 169.32 0.0153148
desk 0 0 -10 46.78 156.25 210.52 235.13 0.0152532
table 0 0 -10 359.53 305.13 586.16 426.41 0.0144266
chair 0 0 -10 566.76 95.07 590.46 185.13 0.0132077
chair 0 0 -10 549.35 164.47 591.00 367.93 0.0130913
chair 0 0 -10 577.11 136.61 590.73 268.15 0.0130028
desk 0 0 -10 421.09 153.16 532.29 266.90 0.0118463
table 0 0 -10 13.53 151.15 143.93 214.16 0.0113278
table 0 0 -10 211.77 103.00 430.64 176.76 0.0098230
table 0 0 -10 7.92 180.46 187.88 392.48 0.0095000
desk 0 0 -10 287.57 106.49 349.69 167.36 0.0093548
chair 0 0 -10 535.24 103.30 564.26 137.93 0.0093248
chair 0 0 -10 159.21 354.72 536.32 432.70 0.0090949
