table 0 0 -10 92.33 282.22 587.74 436.12 0.0144896
bathtub 0 0 -10 133.69 181.27 591.00 434.92 0.0136700
bed 0 0 -10 122.99 280.86 590.62 437.84 0.0086779
bed 0 0 -10 435.27 421.08 590.95 439.92 0.0081086
desk 0 0 -10 47.88 160.60 591.00 426.01 0.0068771
table 0 0 -10 377.00 412.88 583.62 439.39 0.0057649
sofa 0 0 -10 436.96 420.80 588.33 439.94 0.0056009
sofa 0 0 -10 199.03 288.97 590.45 440.57 0.0052259
table 0 0 -10 439.56 422.45 586.10 439.67 0.0050271
table 0 0 -10 51.47 156.94 591.00 428.98 0.0044236
table 0 0 -10 0.29 296.52 59.20 431.46 0.0043061
bathtub 0 0 -10 33.94 55.18 588.62 402.79 0.0042963
dresser 0 0 -10 22.45 3.29 565.35 328.96 0.0042133
bed 0 0 -10 324.73 412.91 586.12 440.57 0.0041550
bed 0 0 -10 475.98 420.72 542.85 440.52 0.0041461
table 0 0 -10 466.12 421.00 527.67 440.11 0.0036478
chair 0 0 -10 307.32 290.60 589.08 438.83 0.0034599
chair 0 0 -10 423.61 401.62 586.78 441.00 0.0029864
bathtub 0 0 -10 255.12 265.14 589.49 432.68 0.0029533
table 0 0 -10 432.20 431.89 559.19 440.30 0.0026887
bed 0 0 -10 429.15 431.82 564.26 440.51 0.0025693
sofa 0 0 -10 465.04 419.81 528.97 440.62 0.0024592
sofa 0 0 -10 363.54 406.48 583.72 440.32 0.0024425
sofa 0 0 -10 430.42 431.84 562.27 440.56 0.0024196
desk 0 0 -10 90.91 282.52 591.00 436.89 0.0023216
chair 0 0 -10 534.32 233.13 591.00 429.65 0.0022902
desk 0 0 -10 13.46 9.53 591.00 376.70 0.0022621
table 0 0 -10 0.54 317.78 34.39 438.77 0.0020796
table 0 0 -10 0.19 212.14 129.11 398.62 0.0019136
table 0 0 -10 499.44 414.73 551.55 439.62 0.0018407
bathtub 0 0 -10 447.09 24.54 589.04 195.06 0.0017089
table 0 0 -10 1.32 338.32 52.16 407.54 0.0016866
chair 0 0 -10 470.99 415.21 535.00 440.62 0.0016813
chair 0 0 -10 439.76 420.52 589.58 440.31 0.0016789
bed 0 0 -10 18.20 30.68 590.38 384.38 0.0014700
chair 0 0 -10 497.38 413.79 553.28 440.61 0.0014434
chair 0 0 -10 443.89 278.01 591.00 436.69 0.0013617
dresser 0 0 -10 124.08 178.65 591.00 437.32 0.0013039
table 0 0 -10 484.52 416.25 587.00 437.40 0.0012831
table 0 0 -10 11.40 8.61 585.18 369.94 0.0012773
table 0 0 -10 1.86 295.53 116.21 404.63 0.0012490
table 0 0 -10 446.86 406.04 565.11 440.10 0.0012031
table 0 0 -10 546.81 239.86 589.25 430.86 0.0011492
table 0 0 -10 481.61 411.41 535.10 439.70 0.0011027
chair 0 0 -10 558.08 182.45 590.26 437.71 0.0010925
bathtub 0 0 -10 258.87 179.84 522.74 354.77 0.0010144
table 0 0 -10 0.05 354.27 21.42 406.65 0.0009951
bathtub 0 0 -10 72.85 89.08 370.97 352.07 0.0009853
desk 0 0 -10 60.68 71.40 368.14 353.96 0.0009806
dresser 0 0 -10 57.61 79.77 355.74 347.44 0.0009561
table 0 0 -10 331.08 272.52 583.77 438.44 0.0009192
bathtub 0 0 -10 19.51 1.08 591.00 233.09 0.0009188
sofa 0 0 -10 498.42 413.95 553.08 440.52 0.0009100
desk 0 0 -10 1.83 187.26 117.76 419.23 0.0008936
desk 0 0 -10 435.16 421.62 589.72 439.93 0.0008711
toilet 0 0 -10 115.79 253.52 578.60 439.06 0.0008136
bathtub 0 0 -10 438.77 420.99 590.93 439.47 0.0007558
bed 0 0 -10 498.02 414.16 553.96 440.80 0.0007520
table 0 0 -10 518.23 287.68 586.82 434.95 0.0007099
chair 0 0 -10 178.79 188.49 583.54 434.15 0.0007038
chair 0 0 -10 432.55 431.52 563.06 440.67 0.0006817
table 0 0 -10 422.88 436.26 554.47 440.91 0.0006718
chair 0 0 -10 480.04 207.81 591.00 408.66 0.0006490
table 0 0 -10 0.11 319.09 64.76 383.61 0.0006249
bathtub 0 0 -10 161.72 12.15 522.66 313.43 0.0006229
table 0 0 -10 568.82 212.53 590.18 441.00 0.0006194
table 0 0 -10 358.59 428.57 572.60 441.00 0.0006116
desk 0 0 -10 464.06 420.28 528.92 440.18 0.0005848
table 0 0 -10 218.81 411.63 575.99 436.20 0.0005462
table 0 0 -10 2.58 214.97 38.17 441.00 0.0005268
table 0 0 -10 2.82 319.47 16.41 438.25 0.0005195
table 0 0 -10 0.52 129.99 74.54 399.50 0.0004992
bathtub 0 0 -10 0.00 17.79 81.21 350.69 0.0004913
table 0 0 -10 61.72 73.89 364.10 359.55 0.0004869
desk 0 0 -10 312.98 412.87 587.94 440.16 0.0004851
chair 0 0 -10 308.10 406.87 581.23 438.75 0.0004711
bathtub 0 0 -10 428.42 431.62 563.63 440.36 0.0004388
chair 0 0 -10 565.10 228.46 591.00 375.63 0.0004360
dresser 0 0 -10 218.13 288.90 587.71 438.14 0.0004353
sofa 0 0 -10 360.18 428.45 579.79 441.00 0.0004315
bathtub 0 0 -10 322.35 411.97 589.37 439.83 0.0004311
sofa 0 0 -10 202.86 400.41 560.39 439.88 0.0004302
table 0 0 -10 499.95 424.73 586.58 441.00 0.0003995
bathtub 0 0 -10 308.78 3.44 586.57 274.69 0.0003887
desk 0 0 -10 428.59 431.60 563.19 440.37 0.0003780
desk 0 0 -10 51.95 145.37 216.31 369.78 0.0003743
bed 0 0 -10 286.98 224.72 531.91 438.88 0.0003719
bed 0 0 -10 355.63 271.32 588.34 441.00 0.0003675
table 0 0 -10 10.34 273.20 167.61 434.31 0.0003624
bathtub 0 0 -10 465.00 419.95 527.78 440.24 0.0003590
dresser 0 0 -10 436.56 421.22 588.92 439.74 0.0003582
sofa 0 0 -10 516.95 282.65 588.35 439.94 0.0003545
dresser 0 0 -10 0.00 18.26 77.79 359.38 0.0003445
bed 0 0 -10 241.77 401.05 587.80 438.51 0.0003399
bed 0 0 -10 356.23 428.66 583.88 441.00 0.0003395
sofa 0 0 -10 480.59 410.34 536.68 440.80 0.0003392
chair 0 0 -10 353.12 379.47 582.02 441.00 0.0003391
sofa 0 0 -10 458.07 424.42 551.86 437.86 0.0003264
table 0 0 -10 467.42 388.29 583.21 440.85 0.0003208
bathtub 0 0 -10 464.00 109.32 591.00 429.25 0.0003196
