chair 0 0 -10 164.00 168.29 301.66 335.29 0.9922438
chair 0 0 -10 471.77 160.56 590.74 327.32 0.9871007
table 0 0 -10 237.59 158.91 583.88 393.42 0.9614254
chair 0 0 -10 111.85 118.92 184.16 210.56 0.9365161
chair 0 0 -10 263.93 120.88 347.84 180.46 0.8937277
chair 0 0 -10 406.05 107.85 478.25 160.48 0.8817718
table 0 0 -10 205.82 107.75 388.18 184.95 0.8705689
chair 0 0 -10 404.90 132.18 524.56 278.61 0.8591711
chair 0 0 -10 400.62 104.93 503.63 179.54 0.5920348
chair 0 0 -10 259.55 92.04 314.85 149.67 0.5586720
chair 0 0 -10 193.41 100.72 241.30 162.44 0.5387129
chair 0 0 -10 411.51 127.01 517.99 196.09 0.4471135
table 0 0 -10 222.95 145.27 400.86 301.17 0.3592384
chair 0 0 -10 383.58 94.87 508.65 225.94 0.3128583
chair 0 0 -10 257.72 110.75 352.15 221.15 0.2717826
chair 0 0 -10 189.17 102.54 272.08 173.65 0.2517642
table 0 0 -10 200.17 112.35 382.15 257.90 0.2490891
chair 0 0 -10 330.84 104.61 505.72 158.16 0.2060353
chair 0 0 -10 537.35 158.70 590.35 348.24 0.1948555
table 0 0 -10 228.66 110.24 381.26 154.82 0.1837960
chair 0 0 -10 271.55 134.39 366.60 265.32 0.1803822
chair 0 0 -10 271.89 97.35 342.81 158.67 0.1667022
table 0 0 -10 256.02 154.14 497.56 325.56 0.1488804
chair 0 0 -10 136.73 100.52 193.85 163.28 0.1360252
chair 0 0 -10 258.39 89.67 311.51 122.96 0.1311939
bookshelf 0 0 -10 474.45 0.91 563.65 128.69 0.1304205
chair 0 0 -10 248.12 98.60 319.47 177.68 0.1232193
chair 0 0 -10 387.35 135.21 550.30 352.72 0.0966893
chair 0 0 -10 251.78 148.30 403.83 305.47 0.0877760
table 0 0 -10 325.89 158.14 558.67 304.25 0.0791932
chair 0 0 -10 124.19 112.35 205.31 176.34 0.0783434
table 0 0 -10 0.43 115.51 40.94 242.33 0.0745594
chair 0 0 -10 196.62 115.10 267.04 214.92 0.0739935
chair 0 0 -10 84.76 95.02 135.69 156.90 0.0694881
chair 0 0 -10 212.76 95.84 260.47 165.25 0.0676074
chair 0 0 -10 276.07 123.20 328.97 167.29 0.0582478
chair 0 0 -10 1.80 139.59 33.26 267.18 0.0559430
chair 0 0 -10 218.19 82.75 264.73 138.04 0.0550173
desk 0 0 -10 206.98 108.04 388.71 183.00 0.0504809
chair 0 0 -10 186.80 157.47 311.73 275.39 0.0491176
chair 0 0 -10 237.02 91.15 302.59 156.17 0.0453775
desk 0 0 -10 260.80 170.88 582.71 407.17 0.0425265
chair 0 0 -10 330.70 108.55 388.94 157.52 0.0421336
chair 0 0 -10 173.84 104.41 237.24 182.95 0.0416091
chair 0 0 -10 542.35 131.90 588.86 272.67 0.0408042
table 0 0 -10 198.15 85.12 353.02 137.57 0.0374105
chair 0 0 -10 310.58 92.65 351.39 151.39 0.0365152
table 0 0 -10 208.76 119.62 287.98 185.74 0.0330091
chair 0 0 -10 223.17 108.19 280.48 174.67 0.0317729
chair 0 0 -10 210.48 160.28 341.94 315.59 0.0310858
table 0 0 -10 202.57 120.01 321.21 230.09 0.0309819
chair 0 0 -10 297.05 119.78 334.56 156.50 0.0309793
chair 0 0 -10 280.74 113.08 378.71 173.79 0.0295984
chair 0 0 -10 80.96 103.49 150.02 182.04 0.0282948
chair 0 0 -10 242.17 81.86 296.85 125.33 0.0269561
chair 0 0 -10 309.27 136.38 490.56 284.07 0.0261892
table 0 0 -10 2.60 119.50 50.65 189.20 0.0238001
table 0 0 -10 395.57 176.27 583.15 363.23 0.0237695
chair 0 0 -10 303.35 92.64 374.50 161.18 0.0225604
desk 0 0 -10 203.56 107.46 385.74 256.00 0.0222151
table 0 0 -10 146.45 93.58 400.01 152.55 0.0213528
chair 0 0 -10 213.91 117.00 300.75 216.08 0.0206704
desk 0 0 -10 198.47 95.53 355.88 153.12 0.0194366
table 0 0 -10 262.42 102.42 362.61 173.60 0.0173368
chair 0 0 -10 92.77 116.73 224.39 218.37 0.0169130
desk 0 0 -10 238.09 163.52 464.24 354.15 0.0166134
chair 0 0 -10 294.83 88.62 343.28 141.82 0.0164391
chair 0 0 -10 167.92 158.67 244.89 279.33 0.0161876
chair 0 0 -10 4.61 101.12 50.31 168.99 0.0161304
chair 0 0 -10 109.67 114.65 174.87 170.84 0.0151110
desk 0 0 -10 225.02 146.13 399.18 303.63 0.0139009
table 0 0 -10 0.31 120.90 24.68 213.82 0.0136689
chair 0 0 -10 153.50 101.69 219.63 168.69 0.0133963
desk 0 0 -10 1.07 110.78 52.40 209.94 0.0133896
chair 0 0 -10 0.71 132.49 19.18 249.21 0.0119367
chair 0 0 -10 374.71 96.73 468.74 157.11 0.0115655
chair 0 0 -10 560.52 165.68 590.19 330.60 0.0112071
table 0 0 -10 3.34 119.73 107.04 190.59 0.0111600
table 0 0 -10 171.87 116.92 526.49 288.95 0.0110628
chair 0 0 -10 323.07 96.88 408.05 170.68 0.0107851
chair 0 0 -10 229.64 81.43 276.00 123.19 0.0102197
chair 0 0 -10 170.21 140.41 259.55 232.38 0.0098183
chair 0 0 -10 350.65 81.33 481.77 188.61 0.0093797
table 0 0 -10 461.92 161.99 590.06 325.42 0.0092267
chair 0 0 -10 295.62 111.87 326.02 145.41 0.0088463
desk 0 0 -10 81.36 85.59 391.93 163.84 0.0085760
chair 0 0 -10 175.92 1.28 271.60 88.33 0.0083602
table 0 0 -10 188.15 175.28 380.20 357.97 0.0083265
table 0 0 -10 195.46 93.74 267.89 149.99 0.0081978
chair 0 0 -10 269.25 120.49 315.16 156.39 0.0078703
table 0 0 -10 386.22 101.45 468.79 156.01 0.0078284
chair 0 0 -10 1.88 112.34 50.04 211.50 0.0077180
table 0 0 -10 201.95 102.68 302.75 160.04 0.0077119
table 0 0 -10 309.46 111.28 387.66 157.53 0.0076674
chair 0 0 -10 226.33 108.21 394.35 232.38 0.0074269
desk 0 0 -10 190.49 78.73 325.93 128.21 0.0068841
chair 0 0 -10 381.75 203.45 570.27 406.58 0.0068367
table 0 0 -10 213.13 83.56 321.56 121.44 0.0063818
bookshelf 0 0 -10 175.85 0.00 271.18 86.85 0.0063148
table 0 0 -10 236.21 116.52 333.31 177.14 0.0063132
