dresser 0 0 -10 228.96 107.54 401.80 431.83 0.2156874
bookshelf 0 0 -10 233.70 108.10 400.05 441.00 0.0891295
desk 0 0 -10 227.80 93.02 402.72 434.52 0.0773076
desk 0 0 -10 0.28 0.19 342.74 129.30 0.0311698
dresser 0 0 -10 386.64 131.54 499.97 433.06 0.0280744
desk 0 0 -10 55.43 82.47 473.09 437.82 0.0258330
table 0 0 -10 4.28 3.33 333.67 127.46 0.0204454
chair 0 0 -10 198.41 86.51 417.25 437.99 0.0165129
dresser 0 0 -10 66.85 104.61 454.64 439.01 0.0165081
table 0 0 -10 219.21 97.15 399.82 441.00 0.0146820
bookshelf 0 0 -10 107.17 102.30 448.96 441.00 0.0141954
table 0 0 -10 385.34 130.35 498.56 441.00 0.0128684
table 0 0 -10 514.53 371.35 589.50 440.35 0.0089925
bookshelf 0 0 -10 390.62 132.37 497.53 441.00 0.0085129
bed 0 0 -10 523.79 341.23 590.84 438.41 0.0080687
desk 0 0 -10 385.57 124.58 502.23 429.67 0.0073190
table 0 0 -10 0.00 3.64 227.03 93.67 0.0069637
table 0 0 -10 562.68 369.66 590.75 436.94 0.0063245
desk 0 0 -10 0.25 21.74 199.63 439.37 0.0059203
chair 0 0 -10 381.91 140.84 516.91 429.25 0.0055180
bathtub 0 0 -10 314.53 345.87 586.45 435.94 0.0053923
bookshelf 0 0 -10 252.57 123.90 521.88 441.00 0.0044346
bathtub 0 0 -10 226.24 135.05 401.96 427.14 0.0041920
table 0 0 -10 4.29 42.58 197.56 441.00 0.0040569
table 0 0 -10 21.04 92.81 443.86 441.00 0.0032291
toilet 0 0 -10 221.24 109.70 399.18 438.35 0.0031269
bed 0 0 -10 561.66 337.02 591.00 439.63 0.0028282
bathtub 0 0 -10 244.26 409.20 520.77 438.08 0.0025516
chair 0 0 -10 6.75 3.42 233.59 114.65 0.0022296
desk 0 0 -10 145.44 88.15 357.24 438.42 0.0022221
bathtub 0 0 -10 359.49 353.11 471.88 438.40 0.0022019
night_stand 0 0 -10 559.97 374.92 591.00 440.92 0.0021149
chair 0 0 -10 0.00 86.10 163.29 441.00 0.0020151
bathtub 0 0 -10 389.02 162.34 507.64 434.35 0.0019780
table 0 0 -10 247.24 409.93 511.12 438.44 0.0019187
chair 0 0 -10 560.67 336.10 590.90 435.15 0.0017354
desk 0 0 -10 516.37 369.41 590.34 441.00 0.0016357
sofa 0 0 -10 4.89 3.42 229.22 93.75 0.0015510
bathtub 0 0 -10 308.06 372.03 509.34 436.31 0.0015287
desk 0 0 -10 563.02 367.48 590.83 439.64 0.0014892
toilet 0 0 -10 261.67 343.83 559.24 441.00 0.0014866
bathtub 0 0 -10 242.40 341.30 408.68 439.67 0.0014865
bathtub 0 0 -10 50.46 129.62 458.96 429.94 0.0014636
dresser 0 0 -10 43.41 118.82 188.00 438.93 0.0014352
night_stand 0 0 -10 233.48 92.35 420.94 424.43 0.0014149
desk 0 0 -10 1.63 2.14 228.22 94.74 0.0013821
toilet 0 0 -10 385.40 146.46 506.03 441.00 0.0012818
bed 0 0 -10 218.09 81.68 401.76 441.00 0.0012704
sofa 0 0 -10 525.79 338.63 590.42 436.14 0.0012498
bed 0 0 -10 0.00 1.80 232.67 96.59 0.0012417
night_stand 0 0 -10 385.68 131.80 504.01 421.34 0.0011202
table 0 0 -10 0.99 94.92 78.58 441.00 0.0010808
sofa 0 0 -10 562.82 335.08 590.60 437.31 0.0010663
bookshelf 0 0 -10 0.00 0.00 237.56 93.62 0.0010542
table 0 0 -10 131.92 127.06 245.19 434.12 0.0010148
dresser 0 0 -10 327.32 340.22 580.84 437.81 0.0010113
bed 0 0 -10 384.50 122.03 509.82 441.00 0.0009835
bookshelf 0 0 -10 14.04 35.20 339.79 441.00 0.0009709
chair 0 0 -10 314.48 341.13 576.23 439.28 0.0009600
table 0 0 -10 9.30 5.68 460.56 245.87 0.0009521
bathtub 0 0 -10 394.56 319.99 460.39 436.40 0.0008996
chair 0 0 -10 517.60 366.01 588.99 439.40 0.0008932
bathtub 0 0 -10 264.56 276.98 584.82 437.79 0.0008910
desk 0 0 -10 0.00 3.79 358.48 307.54 0.0008881
bathtub 0 0 -10 385.59 371.51 565.51 437.26 0.0008866
table 0 0 -10 307.99 98.79 549.11 441.00 0.0008702
chair 0 0 -10 264.69 131.16 529.11 438.51 0.0008636
bathtub 0 0 -10 382.66 332.72 507.69 435.96 0.0008484
desk 0 0 -10 130.82 121.91 249.62 435.22 0.0008444
dresser 0 0 -10 2.46 2.01 270.04 116.68 0.0008160
chair 0 0 -10 150.94 119.36 285.54 441.00 0.0008061
dresser 0 0 -10 171.04 95.33 343.22 434.43 0.0007888
chair 0 0 -10 41.37 95.51 382.46 441.00 0.0007747
bathtub 0 0 -10 397.08 218.67 451.24 435.39 0.0007354
bed 0 0 -10 122.89 95.06 485.86 441.00 0.0007208
table 0 0 -10 336.49 368.43 580.57 441.00 0.0007060
desk 0 0 -10 0.19 79.53 81.41 441.00 0.0007003
desk 0 0 -10 22.96 118.66 335.62 394.10 0.0006964
dresser 0 0 -10 144.21 128.19 244.12 428.44 0.0006680
bed 0 0 -10 318.72 345.78 581.70 438.05 0.0006639
night_stand 0 0 -10 515.87 372.42 591.00 439.20 0.0006282
desk 0 0 -10 306.58 84.86 562.15 438.89 0.0006220
bathtub 0 0 -10 515.17 367.38 591.00 439.54 0.0006169
toilet 0 0 -10 357.31 351.13 468.89 441.00 0.0006061
table 0 0 -10 544.78 329.09 588.22 441.00 0.0005919
sofa 0 0 -10 226.53 94.21 400.31 435.95 0.0005538
toilet 0 0 -10 51.08 113.47 451.22 441.00 0.0005392
table 0 0 -10 71.31 258.46 246.75 441.00 0.0005272
chair 0 0 -10 0.00 100.87 83.79 441.00 0.0005267
bathtub 0 0 -10 240.49 391.37 416.29 439.62 0.0005167
table 0 0 -10 238.73 401.03 399.25 440.46 0.0005163
bed 0 0 -10 247.48 410.58 522.21 438.64 0.0005137
table 0 0 -10 377.47 389.97 551.17 439.82 0.0005001
dresser 0 0 -10 322.30 160.74 575.68 437.41 0.0004930
chair 0 0 -10 334.64 251.89 542.56 434.17 0.0004820
desk 0 0 -10 318.38 346.43 584.80 436.23 0.0004678
table 0 0 -10 384.75 129.64 488.08 266.91 0.0004505
toilet 0 0 -10 240.80 409.38 521.33 438.62 0.0004451
chair 0 0 -10 87.91 1.69 289.48 148.99 0.0004382
table 0 0 -10 4.57 4.45 159.29 213.20 0.0004163
