chair 0 0 -10 364.11 193.96 568.45 386.95 0.9810042
table 0 0 -10 478.61 299.74 591.00 441.00 0.5880276
chair 0 0 -10 379.99 262.63 570.33 435.38 0.3549861
desk 0 0 -10 487.01 298.66 589.80 441.00 0.2548405
table 0 0 -10 412.31 270.84 589.06 431.05 0.0510418
chair 0 0 -10 473.84 303.00 588.40 440.83 0.0349587
desk 0 0 -10 393.32 292.75 583.01 441.00 0.0343272
night_stand 0 0 -10 481.14 304.16 591.00 441.00 0.0287261
chair 0 0 -10 460.85 199.83 585.03 406.61 0.0163912
dresser 0 0 -10 482.55 304.11 591.00 441.00 0.0143118
bathtub 0 0 -10 484.01 307.67 591.00 441.00 0.0060605
chair 0 0 -10 237.19 296.42 577.27 441.00 0.0054789
chair 0 0 -10 530.66 71.79 586.43 310.52 0.0046225
table 0 0 -10 388.28 197.51 565.49 361.62 0.0045804
chair 0 0 -10 323.77 90.20 572.39 433.76 0.0036253
desk 0 0 -10 496.70 194.53 590.36 428.63 0.0033844
bookshelf 0 0 -10 546.09 64.69 589.87 321.69 0.0033264
table 0 0 -10 355.45 227.04 552.48 433.23 0.0028949
table 0 0 -10 494.17 207.22 589.21 427.36 0.0027696
chair 0 0 -10 202.27 2.47 307.17 56.70 0.0026994
desk 0 0 -10 384.04 118.68 589.23 421.79 0.0022373
table 0 0 -10 12.86 148.33 492.71 438.39 0.0020904
dresser 0 0 -10 360.58 277.39 583.73 433.22 0.0020831
bed 0 0 -10 428.81 291.11 589.24 439.05 0.0020399
desk 0 0 -10 544.28 89.40 591.00 313.73 0.0019621
chair 0 0 -10 421.07 301.47 541.12 439.14 0.0018363
sofa 0 0 -10 482.71 302.89 590.98 441.00 0.0017042
table 0 0 -10 543.75 92.19 590.02 318.94 0.0016257
toilet 0 0 -10 479.62 301.71 586.28 441.00 0.0016057
sofa 0 0 -10 371.07 202.65 568.48 361.65 0.0015810
dresser 0 0 -10 544.52 71.77 590.86 313.06 0.0015598
table 0 0 -10 204.41 289.84 568.40 440.28 0.0013628
chair 0 0 -10 505.62 169.97 567.46 366.09 0.0013558
chair 0 0 -10 382.61 193.20 493.70 351.37 0.0013005
toilet 0 0 -10 356.56 272.46 584.06 433.73 0.0012829
sofa 0 0 -10 360.76 268.93 584.32 433.31 0.0012546
table 0 0 -10 226.57 63.03 287.01 143.21 0.0012517
chair 0 0 -10 196.57 0.00 255.36 51.38 0.0012414
chair 0 0 -10 398.85 125.14 577.85 344.85 0.0012121
chair 0 0 -10 515.87 156.94 590.79 326.20 0.0012027
night_stand 0 0 -10 362.18 283.98 585.27 433.37 0.0011850
chair 0 0 -10 347.52 313.95 487.99 441.00 0.0011262
desk 0 0 -10 375.21 221.05 567.11 360.81 0.0010271
table 0 0 -10 88.89 1.24 257.64 65.90 0.0009631
bathtub 0 0 -10 350.50 282.65 590.08 431.91 0.0009481
chair 0 0 -10 219.19 1.85 273.45 52.76 0.0009432
table 0 0 -10 201.23 2.43 313.01 80.28 0.0008812
table 0 0 -10 0.44 113.81 28.22 222.57 0.0008810
chair 0 0 -10 220.93 0.18 284.39 84.67 0.0008102
bookshelf 0 0 -10 482.59 300.47 591.00 441.00 0.0007874
dresser 0 0 -10 455.16 142.72 589.87 409.70 0.0007756
table 0 0 -10 365.05 309.10 526.18 441.00 0.0007708
table 0 0 -10 538.37 280.16 590.63 435.17 0.0006930
desk 0 0 -10 446.58 257.80 574.92 406.16 0.0006687
chair 0 0 -10 256.91 206.58 535.14 423.21 0.0005998
bed 0 0 -10 511.92 293.88 590.84 441.00 0.0005953
dresser 0 0 -10 12.29 110.94 19.53 214.86 0.0005796
chair 0 0 -10 461.08 176.44 564.58 324.69 0.0005723
dresser 0 0 -10 0.67 101.52 33.65 208.44 0.0005720
table 0 0 -10 553.42 103.32 577.63 289.18 0.0005582
chair 0 0 -10 305.54 138.24 479.87 363.43 0.0005411
table 0 0 -10 2.19 169.69 36.20 423.24 0.0005389
chair 0 0 -10 203.00 5.95 295.58 115.19 0.0005283
chair 0 0 -10 273.06 0.00 321.93 49.61 0.0005119
chair 0 0 -10 210.72 0.88 281.00 30.46 0.0005003
table 0 0 -10 125.49 1.02 367.60 118.55 0.0004834
table 0 0 -10 275.91 283.06 460.66 440.22 0.0004776
table 0 0 -10 113.69 0.12 370.24 57.09 0.0004763
bathtub 0 0 -10 545.83 88.88 590.85 318.87 0.0004756
toilet 0 0 -10 374.69 205.39 571.11 365.56 0.0004735
chair 0 0 -10 548.11 113.49 590.45 338.54 0.0004639
chair 0 0 -10 357.54 210.75 457.71 371.82 0.0004609
bookshelf 0 0 -10 364.60 263.04 581.01 431.59 0.0004506
chair 0 0 -10 209.39 1.02 232.50 31.07 0.0004291
bookshelf 0 0 -10 204.15 0.00 300.60 114.65 0.0004228
table 0 0 -10 214.92 7.39 309.65 53.18 0.0004222
desk 0 0 -10 263.43 44.41 571.55 414.99 0.0004148
chair 0 0 -10 0.85 101.48 34.18 210.46 0.0004063
table 0 0 -10 550.46 193.36 588.76 273.63 0.0004001
table 0 0 -10 209.27 6.93 290.77 120.59 0.0004000
chair 0 0 -10 113.36 0.00 196.97 38.82 0.0003965
table 0 0 -10 114.08 2.22 251.62 40.27 0.0003871
chair 0 0 -10 46.85 220.82 531.54 441.00 0.0003813
chair 0 0 -10 231.82 0.00 239.17 36.40 0.0003809
chair 0 0 -10 225.60 0.00 251.74 31.15 0.0003780
table 0 0 -10 202.24 9.60 268.27 66.05 0.0003649
table 0 0 -10 411.58 150.28 577.88 313.97 0.0003516
bookshelf 0 0 -10 388.38 61.61 578.56 405.17 0.0003499
bathtub 0 0 -10 501.33 115.97 591.00 404.76 0.0003429
toilet 0 0 -10 451.65 163.98 589.04 433.00 0.0003418
dresser 0 0 -10 390.64 190.87 569.87 403.27 0.0003396
desk 0 0 -10 202.06 285.87 578.80 441.00 0.0003238
dresser 0 0 -10 9.36 108.69 16.83 217.24 0.0003148
bed 0 0 -10 378.44 213.77 568.15 361.95 0.0003126
chair 0 0 -10 0.00 106.35 50.17 422.82 0.0003104
chair 0 0 -10 186.10 0.19 232.08 43.62 0.0003054
bookshelf 0 0 -10 201.96 2.02 309.89 59.02 0.0002901
table 0 0 -10 468.21 90.14 589.61 413.11 0.0002856
desk 0 0 -10 3.94 147.35 507.41 436.97 0.0002800
table 0 0 -10 266.57 65.11 562.87 416.39 0.0002721
