chair 0 0 -10 133.45 94.65 356.27 434.82 0.9846203
desk 0 0 -10 7.65 79.48 321.37 403.23 0.8445553
desk 0 0 -10 94.45 99.27 454.21 366.21 0.7583668
desk 0 0 -10 235.73 104.77 453.67 322.16 0.3291333
table 0 0 -10 1.07 83.35 390.81 407.32 0.1345736
desk 0 0 -10 7.50 87.22 253.51 287.78 0.0967254
desk 0 0 -10 408.35 87.37 591.00 357.46 0.0889594
table 0 0 -10 4.07 79.89 264.31 311.56 0.0872259
chair 0 0 -10 198.80 84.75 385.39 358.42 0.0862914
table 0 0 -10 143.00 113.49 459.16 431.75 0.0654251
chair 0 0 -10 143.19 74.80 303.92 305.96 0.0503678
table 0 0 -10 3.01 127.68 215.82 415.50 0.0362930
desk 0 0 -10 332.34 130.50 450.00 330.39 0.0332489
desk 0 0 -10 0.00 44.89 146.90 323.03 0.0298541
chair 0 0 -10 325.51 122.64 451.93 324.87 0.0226190
chair 0 0 -10 21.64 0.00 154.34 85.04 0.0220827
table 0 0 -10 287.86 103.88 453.19 328.24 0.0185383
chair 0 0 -10 178.09 69.07 349.26 254.43 0.0166846
chair 0 0 -10 561.32 277.11 590.93 406.67 0.0150947
table 0 0 -10 565.61 267.90 590.16 427.71 0.0142801
chair 0 0 -10 541.43 264.17 591.00 423.56 0.0141135
table 0 0 -10 0.00 8.02 153.70 103.47 0.0132961
dresser 0 0 -10 444.84 63.19 591.00 349.88 0.0113511
desk 0 0 -10 4.58 87.30 446.71 227.07 0.0106442
chair 0 0 -10 1.36 357.32 54.58 428.00 0.0101097
desk 0 0 -10 0.00 25.18 169.08 193.28 0.0098617
dresser 0 0 -10 279.59 111.67 453.76 333.56 0.0096164
table 0 0 -10 578.99 279.94 590.60 425.23 0.0094361
chair 0 0 -10 562.34 291.15 590.65 358.28 0.0085520
chair 0 0 -10 576.88 270.77 590.84 413.83 0.0081870
table 0 0 -10 32.61 100.79 446.75 291.28 0.0075366
desk 0 0 -10 121.50 145.49 369.61 428.53 0.0072740
desk 0 0 -10 4.07 28.59 505.28 275.38 0.0072242
table 0 0 -10 0.00 15.50 187.56 157.03 0.0071259
desk 0 0 -10 2.55 75.14 452.50 152.93 0.0070669
desk 0 0 -10 279.62 94.53 452.57 246.78 0.0070540
chair 0 0 -10 578.15 322.33 590.74 390.90 0.0068575
chair 0 0 -10 36.60 34.96 222.16 250.76 0.0064108
desk 0 0 -10 0.00 125.37 187.93 415.34 0.0063473
chair 0 0 -10 146.02 0.00 277.44 98.51 0.0060158
desk 0 0 -10 121.22 72.79 306.98 271.55 0.0058797
table 0 0 -10 409.45 94.54 584.76 356.72 0.0058307
desk 0 0 -10 295.63 96.85 446.39 164.89 0.0057995
chair 0 0 -10 546.41 83.16 591.00 302.76 0.0053041
chair 0 0 -10 141.36 104.52 341.74 208.69 0.0051361
sofa 0 0 -10 43.09 81.44 451.26 428.28 0.0051219
desk 0 0 -10 480.02 37.08 590.15 141.67 0.0050458
table 0 0 -10 0.83 269.63 43.13 401.96 0.0050385
chair 0 0 -10 573.35 100.50 591.00 358.69 0.0044145
chair 0 0 -10 585.10 295.68 590.83 405.95 0.0038601
table 0 0 -10 284.89 79.85 444.69 158.65 0.0036409
chair 0 0 -10 2.20 19.99 146.22 194.07 0.0034884
desk 0 0 -10 72.49 92.14 351.38 157.79 0.0034784
dresser 0 0 -10 139.51 101.96 453.39 435.66 0.0033995
table 0 0 -10 552.68 234.91 590.48 411.02 0.0032347
desk 0 0 -10 217.84 154.36 577.67 428.75 0.0029496
table 0 0 -10 0.00 75.69 458.82 152.43 0.0028769
chair 0 0 -10 424.11 92.45 587.98 304.27 0.0028226
chair 0 0 -10 0.00 215.09 47.88 437.82 0.0027014
chair 0 0 -10 192.17 73.88 346.27 143.77 0.0026901
chair 0 0 -10 152.12 237.69 338.08 440.43 0.0026664
desk 0 0 -10 473.05 59.23 591.00 294.35 0.0026032
chair 0 0 -10 117.79 103.07 259.11 266.35 0.0024827
chair 0 0 -10 479.88 21.49 589.24 139.67 0.0024740
table 0 0 -10 557.80 301.15 589.67 383.40 0.0024464
night_stand 0 0 -10 291.57 113.22 460.38 320.71 0.0023915
table 0 0 -10 0.97 357.38 52.00 438.37 0.0023788
desk 0 0 -10 2.00 54.56 334.17 188.66 0.0023033
chair 0 0 -10 580.01 152.56 591.00 363.28 0.0022334
chair 0 0 -10 267.59 62.02 399.14 188.55 0.0022185
bookshelf 0 0 -10 188.20 110.83 454.16 349.22 0.0021490
chair 0 0 -10 578.03 295.11 590.55 356.40 0.0021214
chair 0 0 -10 587.78 298.57 590.85 415.70 0.0019906
chair 0 0 -10 0.00 324.41 228.87 441.00 0.0019582
table 0 0 -10 2.96 271.89 86.02 434.56 0.0019105
sofa 0 0 -10 579.50 281.98 590.55 427.71 0.0018178
sofa 0 0 -10 1.36 350.16 50.74 438.99 0.0018028
table 0 0 -10 579.46 278.65 589.43 354.33 0.0017980
chair 0 0 -10 255.22 72.06 344.55 124.21 0.0017667
desk 0 0 -10 358.40 219.57 561.82 370.64 0.0017338
table 0 0 -10 570.48 292.25 590.17 354.91 0.0016949
chair 0 0 -10 4.44 0.00 145.01 35.66 0.0016506
table 0 0 -10 453.19 159.22 588.38 319.17 0.0016267
bookshelf 0 0 -10 449.14 27.51 589.27 356.44 0.0015605
chair 0 0 -10 44.90 0.00 189.41 120.64 0.0015199
chair 0 0 -10 0.00 289.40 76.64 436.44 0.0014367
chair 0 0 -10 40.15 119.24 249.42 412.99 0.0014319
chair 0 0 -10 293.55 98.69 386.94 291.23 0.0014313
bookshelf 0 0 -10 52.09 82.41 439.09 429.76 0.0014038
table 0 0 -10 585.16 295.66 590.78 434.30 0.0014035
table 0 0 -10 0.00 90.96 132.29 385.23 0.0013895
table 0 0 -10 0.93 194.54 110.60 414.72 0.0013603
chair 0 0 -10 94.11 5.86 274.49 160.46 0.0013593
chair 0 0 -10 0.00 136.60 76.04 440.07 0.0013519
table 0 0 -10 80.41 170.13 344.87 438.35 0.0013275
desk 0 0 -10 568.85 290.30 590.50 408.30 0.0013267
table 0 0 -10 0.00 144.73 50.50 421.33 0.0013192
table 0 0 -10 478.34 32.91 589.16 140.73 0.0013148
chair 0 0 -10 42.61 1.40 167.29 48.47 0.0013063
table 0 0 -10 128.61 100.80 344.44 246.91 0.0012973
