chair 0 0 -10 298.19 267.34 438.44 433.57 0.9919665
chair 0 0 -10 81.37 267.74 233.07 438.10 0.9902352
chair 0 0 -10 280.18 228.98 371.74 329.25 0.9867627
table 0 0 -10 389.16 302.94 591.00 435.29 0.9792914
table 0 0 -10 0.00 233.67 228.64 432.60 0.9308089
chair 0 0 -10 112.01 210.59 186.64 310.80 0.8900061
chair 0 0 -10 508.80 246.37 591.00 331.01 0.8519128
chair 0 0 -10 0.00 213.82 59.00 337.78 0.8018478
chair 0 0 -10 280.31 243.95 389.61 374.94 0.6089401
table 0 0 -10 0.98 235.72 209.98 343.42 0.5526254
chair 0 0 -10 523.42 249.53 589.36 298.83 0.4916700
table 0 0 -10 397.51 290.45 590.15 370.57 0.3844592
chair 0 0 -10 104.89 234.89 202.38 346.08 0.3805405
chair 0 0 -10 402.56 339.46 559.07 438.75 0.3017597
chair 0 0 -10 513.24 225.73 591.00 395.81 0.2221418
table 0 0 -10 0.00 214.51 84.31 351.60 0.1921267
table 0 0 -10 458.17 250.52 567.30 298.76 0.1412986
chair 0 0 -10 0.00 196.59 80.75 295.89 0.1217846
desk 0 0 -10 1.24 238.62 231.04 438.45 0.1005104
table 0 0 -10 433.47 254.76 586.52 337.61 0.0974185
chair 0 0 -10 475.10 260.65 587.23 372.70 0.0842394
chair 0 0 -10 0.00 233.56 116.72 423.07 0.0836345
table 0 0 -10 0.00 238.06 71.38 421.04 0.0690574
desk 0 0 -10 454.13 248.73 571.65 299.87 0.0633958
chair 0 0 -10 359.19 369.58 533.17 441.00 0.0567339
chair 0 0 -10 0.00 213.67 26.43 335.37 0.0552044
table 0 0 -10 4.09 203.38 79.05 241.34 0.0436334
table 0 0 -10 317.71 275.25 534.57 412.63 0.0434341
chair 0 0 -10 2.68 203.58 75.53 243.15 0.0399846
table 0 0 -10 495.75 269.20 591.00 420.87 0.0395379
chair 0 0 -10 353.49 316.98 509.66 436.91 0.0391347
table 0 0 -10 74.62 235.20 212.05 309.87 0.0360373
chair 0 0 -10 338.18 262.96 434.87 389.42 0.0357480
chair 0 0 -10 145.38 224.79 214.85 327.23 0.0353220
chair 0 0 -10 110.30 207.58 180.32 266.12 0.0347334
chair 0 0 -10 464.39 349.68 589.32 433.61 0.0345440
chair 0 0 -10 0.00 218.84 42.60 294.29 0.0343360
chair 0 0 -10 528.54 294.02 591.00 413.56 0.0333092
chair 0 0 -10 474.29 249.66 578.41 301.28 0.0316231
chair 0 0 -10 0.11 208.64 10.67 335.93 0.0303750
table 0 0 -10 0.00 212.58 37.25 359.82 0.0291429
desk 0 0 -10 402.91 323.52 577.03 440.39 0.0283603
table 0 0 -10 67.06 243.94 216.50 379.29 0.0262617
chair 0 0 -10 246.58 347.87 549.53 440.25 0.0240647
table 0 0 -10 473.92 282.59 589.34 357.61 0.0222411
chair 0 0 -10 410.44 382.98 576.36 436.97 0.0219658
table 0 0 -10 167.84 262.27 569.66 441.00 0.0218417
chair 0 0 -10 349.57 260.26 444.38 336.90 0.0213382
chair 0 0 -10 14.34 257.45 204.37 421.26 0.0203085
chair 0 0 -10 312.11 238.76 414.30 337.86 0.0190783
chair 0 0 -10 2.71 206.92 6.53 324.65 0.0181191
table 0 0 -10 0.00 200.76 86.37 278.27 0.0180692
chair 0 0 -10 60.62 208.02 190.00 330.50 0.0178966
chair 0 0 -10 120.60 213.10 177.53 238.31 0.0174894
table 0 0 -10 543.62 296.88 590.64 437.94 0.0170629
bookshelf 0 0 -10 240.15 10.60 355.29 219.82 0.0154360
chair 0 0 -10 7.52 208.67 137.17 334.65 0.0147781
chair 0 0 -10 0.00 206.88 55.03 264.90 0.0143631
table 0 0 -10 455.50 268.25 546.51 298.09 0.0126136
chair 0 0 -10 449.68 301.01 584.02 400.30 0.0123041
table 0 0 -10 0.42 195.90 123.98 305.86 0.0117087
chair 0 0 -10 2.86 209.62 14.68 361.67 0.0114691
desk 0 0 -10 396.81 228.56 591.00 435.93 0.0107327
chair 0 0 -10 539.20 250.45 579.12 287.18 0.0101193
desk 0 0 -10 434.59 254.07 588.13 339.47 0.0094210
table 0 0 -10 373.28 352.64 554.57 440.86 0.0092687
desk 0 0 -10 0.00 213.95 79.01 347.34 0.0089597
table 0 0 -10 0.09 213.52 50.16 288.70 0.0086894
chair 0 0 -10 546.28 248.14 590.72 367.28 0.0083878
chair 0 0 -10 0.13 200.57 5.28 340.41 0.0083581
chair 0 0 -10 0.00 274.45 59.39 439.70 0.0078526
table 0 0 -10 3.96 234.43 465.41 429.82 0.0077569
chair 0 0 -10 0.00 83.54 83.75 340.70 0.0076790
table 0 0 -10 0.00 217.61 20.22 350.07 0.0071248
dresser 0 0 -10 458.06 247.78 575.66 298.46 0.0065456
table 0 0 -10 1.17 244.74 11.85 346.09 0.0064362
desk 0 0 -10 407.59 284.18 588.39 388.11 0.0062103
sofa 0 0 -10 10.04 241.98 235.53 441.00 0.0057412
chair 0 0 -10 0.00 217.24 42.34 254.71 0.0052658
table 0 0 -10 240.26 330.92 585.57 441.00 0.0052616
sofa 0 0 -10 0.00 207.66 57.80 324.03 0.0052013
table 0 0 -10 3.38 216.38 14.09 365.28 0.0048068
chair 0 0 -10 1.90 220.21 8.08 362.98 0.0047985
table 0 0 -10 530.18 281.34 590.38 389.22 0.0047381
table 0 0 -10 275.25 277.73 448.82 436.29 0.0047252
table 0 0 -10 20.59 219.32 75.97 238.44 0.0047195
chair 0 0 -10 448.02 273.76 563.38 355.25 0.0044316
chair 0 0 -10 544.54 311.00 590.96 389.86 0.0043212
bed 0 0 -10 457.19 245.90 576.08 300.48 0.0042710
desk 0 0 -10 491.45 287.84 589.48 400.78 0.0033253
desk 0 0 -10 8.83 237.85 206.63 338.08 0.0031381
table 0 0 -10 568.79 296.86 589.03 437.59 0.0031309
chair 0 0 -10 443.91 247.01 545.05 335.69 0.0030369
table 0 0 -10 238.66 11.86 353.59 157.11 0.0030090
desk 0 0 -10 152.25 261.23 567.98 441.00 0.0029654
table 0 0 -10 511.10 255.40 588.85 334.05 0.0029371
night_stand 0 0 -10 459.78 249.63 576.25 299.19 0.0028862
table 0 0 -10 479.11 424.32 588.39 441.00 0.0028429
table 0 0 -10 89.31 209.57 193.96 282.03 0.0027609
chair 0 0 -10 217.57 258.63 491.87 437.94 0.0026987
