chair 0 0 -10 94.94 211.16 304.25 438.97 0.9856910
table 0 0 -10 115.13 245.06 312.47 441.00 0.0077687
chair 0 0 -10 105.42 213.08 278.03 347.94 0.0048890
chair 0 0 -10 197.42 211.36 318.66 429.90 0.0042756
chair 0 0 -10 48.96 261.66 238.26 441.00 0.0018144
sofa 0 0 -10 100.57 202.26 302.64 436.32 0.0017975
bookshelf 0 0 -10 292.41 3.43 514.12 131.15 0.0016032
desk 0 0 -10 107.27 238.95 314.90 441.00 0.0014894
chair 0 0 -10 269.80 0.00 323.54 60.57 0.0009906
chair 0 0 -10 126.34 145.49 292.53 322.22 0.0009792
chair 0 0 -10 141.03 192.46 356.99 393.71 0.0009240
bookshelf 0 0 -10 361.43 2.66 501.12 104.70 0.0008338
chair 0 0 -10 98.58 90.33 371.86 437.46 0.0007846
chair 0 0 -10 76.27 312.73 327.64 437.97 0.0007205
bookshelf 0 0 -10 332.91 3.18 373.79 204.50 0.0006368
chair 0 0 -10 14.45 351.03 278.31 441.00 0.0006246
bookshelf 0 0 -10 325.14 0.00 484.15 205.46 0.0006021
chair 0 0 -10 229.17 247.43 378.36 436.99 0.0005447
table 0 0 -10 89.86 189.71 394.43 432.27 0.0005353
chair 0 0 -10 93.65 56.02 285.49 358.14 0.0005053
bed 0 0 -10 102.56 228.19 314.30 441.00 0.0004654
bookshelf 0 0 -10 309.26 0.00 411.62 206.75 0.0004441
table 0 0 -10 197.19 1.73 567.12 89.43 0.0004423
table 0 0 -10 18.57 109.63 297.03 422.29 0.0003999
night_stand 0 0 -10 103.25 194.96 300.84 429.20 0.0003891
chair 0 0 -10 275.75 0.00 360.55 44.54 0.0003812
chair 0 0 -10 124.10 262.95 265.01 422.60 0.0003686
bookshelf 0 0 -10 110.69 166.08 293.99 421.61 0.0003621
toilet 0 0 -10 92.47 216.65 304.05 440.09 0.0003535
table 0 0 -10 270.83 0.92 323.27 65.06 0.0003485
chair 0 0 -10 202.72 0.00 318.10 58.95 0.0003478
chair 0 0 -10 537.21 1.47 591.00 44.36 0.0003463
table 0 0 -10 39.92 3.90 526.39 176.19 0.0003389
bookshelf 0 0 -10 345.75 0.32 360.98 220.47 0.0003380
chair 0 0 -10 214.10 67.78 295.30 306.78 0.0003302
chair 0 0 -10 256.58 224.06 346.60 411.56 0.0003110
chair 0 0 -10 188.54 32.66 313.65 394.03 0.0003049
table 0 0 -10 105.65 187.07 284.71 386.60 0.0002979
table 0 0 -10 64.88 4.89 533.14 404.99 0.0002932
bookshelf 0 0 -10 219.47 1.79 572.38 88.95 0.0002785
chair 0 0 -10 249.40 0.00 304.38 42.91 0.0002716
dresser 0 0 -10 104.93 191.78 298.66 426.98 0.0002600
chair 0 0 -10 18.27 388.06 205.10 440.90 0.0002245
chair 0 0 -10 376.45 2.74 481.75 109.77 0.0002214
bed 0 0 -10 28.51 1.55 503.68 299.11 0.0002178
table 0 0 -10 277.58 2.61 512.95 131.26 0.0002137
bookshelf 0 0 -10 179.44 4.88 505.99 241.71 0.0002083
dresser 0 0 -10 290.96 6.13 515.85 128.05 0.0002051
chair 0 0 -10 55.75 4.98 394.38 281.08 0.0002041
chair 0 0 -10 161.78 0.00 341.77 151.09 0.0002027
bookshelf 0 0 -10 332.72 3.53 422.48 133.11 0.0001980
chair 0 0 -10 1.48 248.19 161.16 437.53 0.0001967
bathtub 0 0 -10 108.47 189.02 298.91 422.84 0.0001950
table 0 0 -10 203.04 0.35 317.69 62.24 0.0001875
chair 0 0 -10 304.56 0.64 470.04 135.35 0.0001760
dresser 0 0 -10 323.15 2.26 485.43 203.71 0.0001741
chair 0 0 -10 181.44 127.36 301.01 249.05 0.0001725
bookshelf 0 0 -10 432.62 0.00 530.81 102.34 0.0001721
chair 0 0 -10 515.10 0.00 589.49 62.46 0.0001711
table 0 0 -10 187.08 215.67 321.35 389.99 0.0001662
table 0 0 -10 8.25 266.41 167.93 441.00 0.0001604
bookshelf 0 0 -10 363.80 3.37 375.76 208.70 0.0001599
bookshelf 0 0 -10 322.85 0.00 578.97 50.46 0.0001557
chair 0 0 -10 108.67 283.84 308.16 376.97 0.0001541
bookshelf 0 0 -10 341.62 0.00 355.77 242.19 0.0001516
table 0 0 -10 211.86 98.43 566.33 411.68 0.0001511
desk 0 0 -10 149.01 5.99 522.08 410.67 0.0001499
chair 0 0 -10 507.86 83.52 591.00 428.39 0.0001419
chair 0 0 -10 177.06 21.49 467.02 423.30 0.0001349
chair 0 0 -10 288.73 237.85 374.66 409.08 0.0001310
chair 0 0 -10 247.33 84.55 298.62 337.45 0.0001281
chair 0 0 -10 168.32 367.88 331.44 441.00 0.0001253
table 0 0 -10 534.35 84.00 588.89 428.98 0.0001251
chair 0 0 -10 213.90 0.00 507.55 86.17 0.0001240
bookshelf 0 0 -10 501.10 0.00 588.52 73.91 0.0001207
night_stand 0 0 -10 271.16 0.24 324.81 61.79 0.0001207
chair 0 0 -10 0.00 207.45 80.59 428.94 0.0001196
table 0 0 -10 513.72 0.00 590.36 62.59 0.0001191
bookshelf 0 0 -10 356.72 0.00 391.90 181.23 0.0001171
chair 0 0 -10 287.42 0.18 567.74 58.29 0.0001153
bookshelf 0 0 -10 394.14 3.82 468.20 133.01 0.0001152
chair 0 0 -10 282.29 0.00 376.41 79.05 0.0001127
table 0 0 -10 78.62 279.74 252.67 441.00 0.0001127
desk 0 0 -10 274.56 1.83 526.77 130.93 0.0001127
desk 0 0 -10 47.92 155.99 309.59 421.51 0.0001110
chair 0 0 -10 445.47 194.46 591.00 438.68 0.0001108
dresser 0 0 -10 172.61 4.13 510.24 236.74 0.0001077
chair 0 0 -10 291.73 0.00 379.65 196.63 0.0001034
chair 0 0 -10 228.86 134.48 390.41 408.02 0.0001000
chair 0 0 -10 328.94 0.00 391.14 61.37 0.0000996
table 0 0 -10 314.04 0.36 571.38 51.01 0.0000961
table 0 0 -10 9.13 4.36 363.73 250.05 0.0000960
table 0 0 -10 323.31 10.10 497.41 237.88 0.0000949
table 0 0 -10 273.43 4.54 358.11 54.30 0.0000936
table 0 0 -10 1.38 210.05 75.66 433.71 0.0000911
table 0 0 -10 176.27 186.13 304.13 318.30 0.0000887
table 0 0 -10 0.00 23.94 132.63 432.66 0.0000865
chair 0 0 -10 556.30 0.13 591.00 69.29 0.0000856
sofa 0 0 -10 47.17 6.23 497.39 284.41 0.0000853
chair 0 0 -10 92.74 0.00 379.21 31.43 0.0000849
