bathtub 0 0 -10 165.45 50.44 409.80 276.83 0.0818688
table 0 0 -10 338.44 194.41 407.57 300.03 0.0443350
desk 0 0 -10 165.45 37.28 420.49 284.16 0.0283745
night_stand 0 0 -10 336.20 193.97 410.13 303.35 0.0251597
desk 0 0 -10 303.68 10.84 589.40 385.12 0.0230862
dresser 0 0 -10 393.98 0.00 591.00 402.18 0.0154031
chair 0 0 -10 403.06 2.38 590.91 283.35 0.0139326
table 0 0 -10 1.51 120.55 38.62 336.01 0.0137545
desk 0 0 -10 44.90 30.85 552.72 353.06 0.0136093
desk 0 0 -10 339.38 197.83 415.41 300.45 0.0119316
table 0 0 -10 372.71 193.76 584.45 379.56 0.0117597
dresser 0 0 -10 161.91 43.64 418.43 287.74 0.0102701
desk 0 0 -10 372.34 189.43 591.00 377.38 0.0092593
table 0 0 -10 0.00 107.52 61.18 402.36 0.0073496
chair 0 0 -10 0.39 101.64 44.20 314.31 0.0064374
chair 0 0 -10 176.37 1.12 306.73 80.09 0.0063037
table 0 0 -10 164.31 42.54 410.91 283.14 0.0060441
table 0 0 -10 0.46 212.09 36.10 321.38 0.0058205
dresser 0 0 -10 247.33 12.14 569.60 345.70 0.0056473
bookshelf 0 0 -10 400.68 0.00 588.05 381.23 0.0046261
table 0 0 -10 399.03 10.39 584.51 280.09 0.0045937
table 0 0 -10 0.00 0.00 188.53 317.88 0.0036103
chair 0 0 -10 0.00 67.47 75.99 235.47 0.0035231
table 0 0 -10 0.57 110.85 73.71 247.93 0.0034906
bathtub 0 0 -10 178.53 99.47 342.26 253.45 0.0032328
sofa 0 0 -10 415.84 3.46 588.66 276.72 0.0031689
table 0 0 -10 224.08 20.03 556.31 356.09 0.0030780
table 0 0 -10 0.00 198.67 45.69 379.62 0.0024442
chair 0 0 -10 0.06 134.48 52.96 415.28 0.0022113
desk 0 0 -10 2.16 102.88 43.82 320.45 0.0020075
chair 0 0 -10 0.69 191.26 41.10 349.86 0.0017934
table 0 0 -10 5.27 125.73 24.24 343.66 0.0017370
dresser 0 0 -10 370.55 182.63 591.00 376.92 0.0016176
chair 0 0 -10 0.00 7.32 136.49 236.22 0.0015604
chair 0 0 -10 191.20 0.00 324.21 128.42 0.0014247
table 0 0 -10 351.09 191.66 441.79 308.84 0.0014164
chair 0 0 -10 0.08 98.17 40.94 206.49 0.0013919
bed 0 0 -10 383.03 0.00 591.00 383.25 0.0012106
table 0 0 -10 3.57 114.10 16.21 362.98 0.0011954
table 0 0 -10 0.00 112.47 40.33 235.87 0.0011777
bathtub 0 0 -10 0.39 0.62 253.10 329.59 0.0011700
table 0 0 -10 1.52 125.61 118.05 223.67 0.0011550
table 0 0 -10 351.00 196.34 531.64 312.81 0.0010153
bathtub 0 0 -10 222.19 15.49 581.79 329.54 0.0010075
dresser 0 0 -10 338.38 195.30 408.67 304.27 0.0009835
table 0 0 -10 0.41 279.49 23.36 308.56 0.0009830
table 0 0 -10 387.70 63.06 586.23 146.45 0.0009509
night_stand 0 0 -10 1.03 214.56 38.00 319.75 0.0009323
night_stand 0 0 -10 168.86 42.26 408.85 282.68 0.0008561
desk 0 0 -10 0.00 0.00 197.39 315.60 0.0008001
table 0 0 -10 0.74 74.16 96.13 291.26 0.0007931
bathtub 0 0 -10 77.41 33.64 466.54 318.18 0.0007901
chair 0 0 -10 493.57 0.00 588.60 274.71 0.0007247
table 0 0 -10 0.12 191.83 19.56 330.92 0.0007228
bookshelf 0 0 -10 209.99 0.00 569.84 386.08 0.0007196
chair 0 0 -10 0.68 115.54 92.82 208.68 0.0007180
desk 0 0 -10 403.53 15.99 591.00 291.30 0.0007023
table 0 0 -10 0.12 51.62 53.94 273.45 0.0006489
table 0 0 -10 0.25 272.99 46.52 432.44 0.0006435
table 0 0 -10 0.00 122.67 61.58 205.12 0.0006429
chair 0 0 -10 0.00 55.86 95.54 337.50 0.0006101
table 0 0 -10 0.21 254.21 44.81 341.49 0.0005983
bookshelf 0 0 -10 396.29 179.89 591.00 371.62 0.0005507
table 0 0 -10 356.54 50.87 588.25 391.42 0.0005185
table 0 0 -10 339.43 219.55 422.09 275.01 0.0005174
chair 0 0 -10 547.62 12.19 590.70 224.52 0.0005124
dresser 0 0 -10 1.91 95.43 43.12 320.70 0.0004872
chair 0 0 -10 161.50 2.17 410.39 104.80 0.0004811
toilet 0 0 -10 154.79 43.18 385.90 271.26 0.0004451
chair 0 0 -10 5.75 93.57 27.39 224.65 0.0004414
table 0 0 -10 1.76 205.54 17.06 409.85 0.0004404
bookshelf 0 0 -10 167.54 21.40 411.46 314.07 0.0004335
table 0 0 -10 43.37 134.42 565.55 416.64 0.0004335
chair 0 0 -10 2.58 30.19 34.62 239.20 0.0004096
table 0 0 -10 7.37 102.10 31.75 274.48 0.0004081
desk 0 0 -10 0.00 195.11 39.03 346.61 0.0004071
dresser 0 0 -10 0.00 0.00 197.78 294.44 0.0003963
bed 0 0 -10 131.27 56.21 591.00 411.64 0.0003922
night_stand 0 0 -10 380.49 189.84 587.89 370.41 0.0003671
chair 0 0 -10 338.80 197.68 408.06 298.71 0.0003629
night_stand 0 0 -10 2.11 134.37 39.56 333.36 0.0003473
chair 0 0 -10 5.74 106.55 23.11 335.36 0.0003455
chair 0 0 -10 0.00 175.67 93.41 441.00 0.0003372
desk 0 0 -10 0.24 110.91 75.06 249.78 0.0003343
desk 0 0 -10 0.00 107.68 62.45 407.03 0.0003325
chair 0 0 -10 358.70 0.00 589.88 154.00 0.0003298
bed 0 0 -10 351.26 177.40 591.00 387.21 0.0003047
night_stand 0 0 -10 347.98 16.39 591.00 379.35 0.0002855
table 0 0 -10 215.48 220.13 574.74 422.64 0.0002730
table 0 0 -10 226.77 189.28 475.49 331.06 0.0002649
desk 0 0 -10 270.55 182.28 451.23 311.30 0.0002645
table 0 0 -10 4.28 185.19 10.07 337.28 0.0002635
table 0 0 -10 4.85 1.48 197.63 155.00 0.0002630
chair 0 0 -10 390.84 57.48 591.00 145.16 0.0002610
bathtub 0 0 -10 35.39 115.30 330.50 288.85 0.0002609
toilet 0 0 -10 337.47 17.68 587.44 397.16 0.0002608
chair 0 0 -10 350.18 38.99 585.00 388.89 0.0002537
dresser 0 0 -10 0.67 194.06 38.52 344.27 0.0002518
bathtub 0 0 -10 0.79 72.13 171.20 265.45 0.0002498
chair 0 0 -10 0.98 135.04 75.97 270.71 0.0002447
