table 0 0 -10 417.64 70.58 578.04 245.57 0.9606169
table 0 0 -10 514.70 51.88 590.88 197.70 0.6556466
chair 0 0 -10 519.35 39.89 591.00 196.73 0.1372876
desk 0 0 -10 517.75 41.98 589.08 208.65 0.1108625
desk 0 0 -10 414.32 68.37 581.90 241.27 0.0856751
table 0 0 -10 551.52 51.75 590.43 204.26 0.0299777
chair 0 0 -10 433.01 49.07 576.81 239.41 0.0153736
table 0 0 -10 526.40 12.30 589.55 344.08 0.0116715
chair 0 0 -10 552.79 35.03 591.00 187.85 0.0076871
chair 0 0 -10 492.64 80.95 585.30 245.27 0.0039354
chair 0 0 -10 436.91 146.98 542.41 270.11 0.0036736
chair 0 0 -10 528.12 52.25 590.46 356.87 0.0036387
table 0 0 -10 417.16 72.40 494.20 239.34 0.0033444
table 0 0 -10 231.43 71.02 563.18 253.11 0.0031549
chair 0 0 -10 361.23 44.74 480.46 227.82 0.0028400
table 0 0 -10 344.69 109.63 554.23 305.83 0.0023598
table 0 0 -10 0.15 151.84 74.82 412.53 0.0021937
desk 0 0 -10 552.19 48.55 590.10 207.26 0.0018269
table 0 0 -10 459.67 56.30 583.10 165.73 0.0017732
table 0 0 -10 572.46 49.06 584.13 195.84 0.0017589
chair 0 0 -10 399.55 96.35 558.02 290.32 0.0016198
chair 0 0 -10 535.11 5.22 589.37 152.38 0.0016175
chair 0 0 -10 495.48 21.95 573.27 158.88 0.0013707
desk 0 0 -10 527.53 12.58 589.50 352.14 0.0013180
chair 0 0 -10 546.50 68.64 590.51 279.90 0.0012716
table 0 0 -10 158.45 193.33 211.12 275.68 0.0011999
table 0 0 -10 0.00 145.52 37.87 380.34 0.0011371
sofa 0 0 -10 517.87 42.09 591.00 200.22 0.0010990
chair 0 0 -10 378.67 0.00 499.97 175.13 0.0009995
table 0 0 -10 2.05 162.95 92.50 278.71 0.0009952
table 0 0 -10 409.23 14.74 576.55 183.94 0.0009233
chair 0 0 -10 419.62 0.00 500.99 49.50 0.0008926
chair 0 0 -10 560.82 75.37 589.96 175.37 0.0008737
desk 0 0 -10 317.48 88.94 579.15 272.05 0.0008337
table 0 0 -10 573.07 37.61 590.52 234.10 0.0007508
table 0 0 -10 205.23 81.21 574.66 387.30 0.0007371
night_stand 0 0 -10 518.67 46.85 591.00 208.17 0.0007193
chair 0 0 -10 484.25 0.99 591.00 65.66 0.0007003
chair 0 0 -10 571.97 15.65 591.00 177.64 0.0006952
chair 0 0 -10 573.41 44.23 584.15 194.06 0.0006705
table 0 0 -10 567.14 0.37 590.49 320.47 0.0006633
table 0 0 -10 36.01 157.98 330.47 312.63 0.0006170
table 0 0 -10 533.81 87.32 587.79 185.04 0.0006158
dresser 0 0 -10 518.56 45.76 589.53 209.74 0.0005962
table 0 0 -10 0.14 112.58 19.41 252.93 0.0005912
bed 0 0 -10 517.27 33.57 589.36 209.77 0.0005810
table 0 0 -10 551.29 109.68 589.35 158.73 0.0005747
chair 0 0 -10 338.35 136.44 532.33 321.64 0.0005718
table 0 0 -10 137.59 200.11 294.71 276.92 0.0005693
chair 0 0 -10 0.00 147.41 80.01 420.87 0.0005541
table 0 0 -10 554.55 87.63 590.41 142.64 0.0005365
chair 0 0 -10 463.36 19.23 556.68 135.63 0.0004983
table 0 0 -10 203.78 3.84 567.57 169.14 0.0004941
table 0 0 -10 24.57 172.19 488.98 441.00 0.0004893
table 0 0 -10 0.00 108.21 50.13 281.63 0.0004863
bathtub 0 0 -10 518.27 50.19 590.43 221.48 0.0004800
chair 0 0 -10 476.97 137.86 558.94 288.83 0.0004688
chair 0 0 -10 351.99 0.00 442.00 43.98 0.0004627
chair 0 0 -10 229.11 21.90 498.40 238.45 0.0004237
table 0 0 -10 2.83 105.23 126.46 382.34 0.0003934
table 0 0 -10 420.50 60.47 572.43 131.20 0.0003659
table 0 0 -10 0.00 90.75 24.94 312.30 0.0003612
chair 0 0 -10 418.09 46.88 485.41 189.46 0.0003545
chair 0 0 -10 536.18 1.49 591.00 52.89 0.0003526
bookshelf 0 0 -10 519.42 41.14 589.53 209.86 0.0003451
chair 0 0 -10 512.25 122.31 589.43 204.04 0.0003266
table 0 0 -10 146.66 1.85 501.55 252.22 0.0003141
toilet 0 0 -10 519.54 48.71 588.52 216.57 0.0003135
chair 0 0 -10 427.53 98.73 520.04 250.07 0.0003117
table 0 0 -10 106.66 149.18 398.81 278.54 0.0003091
table 0 0 -10 577.57 51.59 586.83 194.87 0.0003090
chair 0 0 -10 409.40 216.64 536.01 276.93 0.0003050
table 0 0 -10 439.36 108.57 540.06 269.37 0.0002953
chair 0 0 -10 433.32 0.00 524.02 76.71 0.0002907
chair 0 0 -10 429.26 109.11 587.95 383.90 0.0002902
table 0 0 -10 2.79 134.82 16.78 349.58 0.0002886
chair 0 0 -10 504.15 142.25 588.38 266.28 0.0002857
table 0 0 -10 0.00 112.52 268.70 351.38 0.0002828
chair 0 0 -10 0.00 59.75 50.82 347.28 0.0002713
table 0 0 -10 196.93 85.13 306.87 262.01 0.0002650
table 0 0 -10 6.84 135.18 19.52 416.61 0.0002599
table 0 0 -10 0.00 128.32 176.12 261.40 0.0002582
bed 0 0 -10 403.03 52.83 582.10 260.08 0.0002549
sofa 0 0 -10 0.00 136.58 37.59 383.28 0.0002447
chair 0 0 -10 401.52 175.55 526.69 257.42 0.0002268
table 0 0 -10 500.55 0.12 585.52 156.01 0.0002266
chair 0 0 -10 503.37 157.06 591.00 384.03 0.0002147
chair 0 0 -10 565.41 119.29 590.61 233.90 0.0002129
table 0 0 -10 44.17 31.27 590.46 299.91 0.0002121
table 0 0 -10 324.26 0.00 494.17 172.82 0.0002069
night_stand 0 0 -10 410.94 66.25 571.76 263.84 0.0002065
chair 0 0 -10 0.00 157.77 40.39 421.93 0.0002063
table 0 0 -10 417.97 0.00 521.91 86.25 0.0002052
chair 0 0 -10 380.04 0.00 579.89 79.09 0.0002012
chair 0 0 -10 580.79 1.06 591.00 141.13 0.0001997
bookshelf 0 0 -10 483.93 0.31 590.37 66.06 0.0001972
table 0 0 -10 564.06 92.31 590.03 175.08 0.0001955
table 0 0 -10 568.82 59.71 580.82 182.27 0.0001928
desk 0 0 -10 149.06 15.22 591.00 251.90 0.0001904
table 0 0 -10 357.86 0.07 581.00 76.85 0.0001881
