chair 0 0 -10 2.50 168.88 153.09 385.30 0.9865762
chair 0 0 -10 131.50 193.78 408.08 438.89 0.9853097
table 0 0 -10 3.00 156.62 372.76 437.04 0.9469695
desk 0 0 -10 1.88 100.82 143.35 189.93 0.7209189
desk 0 0 -10 2.09 94.38 101.15 166.48 0.5410777
table 0 0 -10 0.00 94.87 153.94 204.17 0.4220257
chair 0 0 -10 30.12 162.16 247.79 404.47 0.1946865
table 0 0 -10 2.51 100.54 117.95 170.96 0.1762414
desk 0 0 -10 0.00 184.95 410.21 441.00 0.1726615
table 0 0 -10 2.17 135.57 193.22 413.11 0.1659668
chair 0 0 -10 0.00 155.08 94.49 336.67 0.1368839
desk 0 0 -10 1.98 142.95 192.33 421.44 0.0824001
table 0 0 -10 6.79 110.54 181.18 271.07 0.0559436
chair 0 0 -10 1.49 171.62 58.15 390.40 0.0528763
chair 0 0 -10 2.66 120.69 131.80 265.24 0.0328025
table 0 0 -10 0.08 83.23 105.89 140.45 0.0282888
desk 0 0 -10 14.33 98.86 108.51 141.52 0.0259769
desk 0 0 -10 1.03 89.45 67.44 151.78 0.0256095
table 0 0 -10 0.00 80.55 99.58 249.53 0.0227941
chair 0 0 -10 0.00 134.55 57.15 297.40 0.0224060
chair 0 0 -10 1.32 101.02 86.41 167.80 0.0222026
desk 0 0 -10 0.00 90.21 159.67 309.11 0.0193086
chair 0 0 -10 14.94 140.84 183.57 310.14 0.0188209
table 0 0 -10 19.49 89.94 88.22 158.11 0.0159048
table 0 0 -10 8.81 205.30 150.54 389.52 0.0147061
desk 0 0 -10 0.00 76.78 97.79 248.42 0.0128506
chair 0 0 -10 128.18 167.51 348.99 361.19 0.0119695
chair 0 0 -10 25.57 107.13 153.45 217.10 0.0114835
chair 0 0 -10 2.66 20.76 99.28 215.53 0.0101723
chair 0 0 -10 1.05 86.21 57.21 151.99 0.0083477
chair 0 0 -10 1.85 200.88 37.95 347.63 0.0082603
chair 0 0 -10 3.71 241.37 179.68 435.23 0.0082503
chair 0 0 -10 1.16 253.26 42.73 325.44 0.0063071
chair 0 0 -10 2.87 114.82 108.47 204.28 0.0059122
desk 0 0 -10 7.09 204.91 144.44 387.54 0.0056212
chair 0 0 -10 49.86 103.03 168.58 170.91 0.0054842
chair 0 0 -10 1.36 154.32 36.75 278.76 0.0049839
chair 0 0 -10 18.08 120.99 122.03 177.09 0.0049428
chair 0 0 -10 0.50 106.62 26.57 338.36 0.0049196
table 0 0 -10 0.00 84.08 71.83 176.03 0.0047423
chair 0 0 -10 0.00 108.37 43.03 168.63 0.0045222
chair 0 0 -10 51.28 98.35 209.41 278.20 0.0044035
dresser 0 0 -10 562.01 104.66 589.83 417.83 0.0043935
chair 0 0 -10 156.79 327.27 331.26 441.00 0.0037644
table 0 0 -10 0.00 212.67 96.53 427.27 0.0037201
chair 0 0 -10 10.59 79.64 103.80 156.85 0.0036595
chair 0 0 -10 1.61 265.76 104.36 410.73 0.0032588
table 0 0 -10 0.00 245.20 52.41 431.69 0.0032469
sofa 0 0 -10 1.75 149.05 153.79 351.65 0.0031170
chair 0 0 -10 204.49 154.32 412.73 373.55 0.0030753
desk 0 0 -10 0.00 81.04 57.11 303.01 0.0030528
table 0 0 -10 0.00 82.12 57.71 303.14 0.0027419
bookshelf 0 0 -10 6.37 118.62 148.01 345.87 0.0023610
night_stand 0 0 -10 0.86 139.38 155.59 345.81 0.0021685
table 0 0 -10 40.25 146.01 351.53 321.10 0.0021001
table 0 0 -10 0.00 225.65 58.40 330.13 0.0020303
chair 0 0 -10 3.90 140.27 14.58 374.09 0.0019113
table 0 0 -10 184.26 174.52 413.87 436.28 0.0019013
sofa 0 0 -10 28.47 173.96 408.55 440.25 0.0018929
chair 0 0 -10 89.96 137.05 276.27 322.71 0.0018867
desk 0 0 -10 0.00 52.81 189.49 233.84 0.0018166
chair 0 0 -10 0.96 11.55 52.58 191.43 0.0016160
table 0 0 -10 21.03 124.83 151.66 187.80 0.0016075
chair 0 0 -10 554.09 98.58 588.27 407.23 0.0015312
chair 0 0 -10 4.77 55.83 35.96 159.90 0.0014802
bed 0 0 -10 0.29 141.83 172.03 396.31 0.0014492
dresser 0 0 -10 3.54 137.56 151.57 350.13 0.0014424
chair 0 0 -10 1.97 165.38 64.11 247.86 0.0014005
toilet 0 0 -10 0.01 144.19 169.35 402.45 0.0013909
desk 0 0 -10 0.00 13.30 105.78 142.43 0.0013850
chair 0 0 -10 75.57 111.63 141.31 178.02 0.0013621
chair 0 0 -10 26.42 80.65 190.03 190.56 0.0012906
table 0 0 -10 0.00 122.61 96.99 358.25 0.0012733
chair 0 0 -10 2.42 168.25 20.53 417.86 0.0012280
desk 0 0 -10 0.00 214.02 92.55 429.34 0.0011572
desk 0 0 -10 0.00 129.39 93.47 364.01 0.0011459
table 0 0 -10 26.71 117.48 298.39 247.26 0.0011068
table 0 0 -10 0.00 104.46 49.31 167.06 0.0011025
table 0 0 -10 0.00 93.56 24.63 330.09 0.0010879
night_stand 0 0 -10 25.08 170.21 404.91 441.00 0.0010152
bookshelf 0 0 -10 0.00 0.00 101.59 145.39 0.0009964
chair 0 0 -10 252.85 159.08 482.26 415.22 0.0009898
table 0 0 -10 1.28 235.73 124.91 338.58 0.0009808
sofa 0 0 -10 3.32 158.17 253.07 419.71 0.0009619
bathtub 0 0 -10 4.26 133.72 152.49 339.92 0.0009560
table 0 0 -10 1.34 96.89 37.14 219.76 0.0009507
table 0 0 -10 185.60 158.66 369.11 330.12 0.0009295
bed 0 0 -10 30.18 169.54 398.88 441.00 0.0009193
desk 0 0 -10 0.00 246.25 50.29 433.24 0.0009031
desk 0 0 -10 0.00 61.78 52.49 192.82 0.0008916
chair 0 0 -10 97.13 0.00 170.54 46.90 0.0008750
desk 0 0 -10 7.39 14.62 407.13 195.20 0.0008356
chair 0 0 -10 93.46 196.06 226.36 346.04 0.0008005
table 0 0 -10 0.00 15.91 105.20 141.07 0.0007605
table 0 0 -10 546.46 132.53 588.81 415.60 0.0007452
chair 0 0 -10 1.43 42.77 90.78 141.36 0.0007412
table 0 0 -10 0.00 252.72 43.26 320.27 0.0007282
bathtub 0 0 -10 3.25 94.77 102.33 153.82 0.0007105
night_stand 0 0 -10 0.42 90.08 99.22 160.47 0.0007023
chair 0 0 -10 2.89 97.15 36.00 223.48 0.0007009
