chair 0 0 -10 378.96 25.97 478.75 150.73 0.9638640
table 0 0 -10 283.82 97.88 472.54 259.93 0.8558133
chair 0 0 -10 162.60 124.30 385.66 322.95 0.8461432
table 0 0 -10 285.33 99.20 473.84 175.60 0.5724935
chair 0 0 -10 350.62 58.57 475.08 173.90 0.2277389
desk 0 0 -10 290.42 110.80 468.88 262.39 0.0629486
chair 0 0 -10 314.18 93.49 461.16 179.24 0.0616364
chair 0 0 -10 255.00 101.91 437.54 255.75 0.0549057
chair 0 0 -10 498.66 3.40 561.03 75.57 0.0339888
desk 0 0 -10 288.18 98.80 472.57 175.83 0.0217183
chair 0 0 -10 234.86 108.13 375.39 201.44 0.0199235
chair 0 0 -10 317.98 92.76 480.62 265.71 0.0124220
table 0 0 -10 366.77 87.05 472.89 166.42 0.0123341
sofa 0 0 -10 163.43 120.83 388.19 312.19 0.0102856
chair 0 0 -10 385.94 13.18 461.45 104.20 0.0078676
table 0 0 -10 5.53 80.17 242.57 327.14 0.0061673
chair 0 0 -10 294.38 28.26 491.03 164.33 0.0060454
table 0 0 -10 6.36 9.46 400.91 229.04 0.0060312
chair 0 0 -10 267.87 97.45 402.77 177.51 0.0054852
table 0 0 -10 199.95 111.53 429.07 300.07 0.0051491
desk 0 0 -10 500.72 6.01 566.17 67.41 0.0048366
chair 0 0 -10 387.28 2.60 501.37 84.57 0.0042023
chair 0 0 -10 436.71 3.84 508.94 69.99 0.0041597
table 0 0 -10 2.50 126.49 165.79 299.47 0.0036574
chair 0 0 -10 492.36 0.42 559.40 41.88 0.0035087
table 0 0 -10 335.24 129.95 428.50 273.52 0.0031518
chair 0 0 -10 424.85 31.38 489.47 156.49 0.0030876
table 0 0 -10 231.64 56.57 457.61 232.73 0.0028012
chair 0 0 -10 354.06 109.91 444.77 262.36 0.0027998
chair 0 0 -10 280.61 58.66 471.69 216.18 0.0026910
chair 0 0 -10 176.85 96.70 356.67 251.99 0.0025563
night_stand 0 0 -10 289.57 100.44 474.29 260.16 0.0023117
sofa 0 0 -10 285.96 100.77 473.98 257.78 0.0022106
table 0 0 -10 277.60 34.40 462.54 160.64 0.0021674
table 0 0 -10 88.48 105.66 407.53 385.06 0.0021163
chair 0 0 -10 433.13 13.67 478.48 94.75 0.0019834
chair 0 0 -10 262.78 87.72 341.00 175.37 0.0019578
sofa 0 0 -10 377.40 21.49 477.44 123.28 0.0019296
table 0 0 -10 373.70 18.74 479.67 115.64 0.0018828
sofa 0 0 -10 234.87 108.26 454.91 320.87 0.0018097
table 0 0 -10 167.79 10.58 378.39 196.91 0.0015645
chair 0 0 -10 3.40 130.36 153.25 286.33 0.0015414
chair 0 0 -10 452.43 36.05 482.44 155.92 0.0015404
chair 0 0 -10 183.97 182.74 300.54 339.40 0.0015383
desk 0 0 -10 173.62 101.77 429.07 335.70 0.0014751
chair 0 0 -10 216.45 95.97 325.12 224.95 0.0014154
bookshelf 0 0 -10 411.49 8.86 498.63 65.22 0.0013951
table 0 0 -10 265.67 95.28 402.81 193.93 0.0013747
desk 0 0 -10 374.92 17.91 479.36 117.09 0.0013585
bookshelf 0 0 -10 435.90 4.58 488.91 82.43 0.0013197
desk 0 0 -10 369.93 80.97 470.90 206.37 0.0012805
bookshelf 0 0 -10 499.57 0.00 563.28 65.63 0.0011849
table 0 0 -10 181.39 182.61 392.39 357.57 0.0011343
chair 0 0 -10 481.87 15.55 546.58 82.16 0.0010850
table 0 0 -10 279.62 102.27 363.03 164.77 0.0010814
table 0 0 -10 221.06 79.34 509.06 373.95 0.0010658
dresser 0 0 -10 288.38 102.51 470.72 260.28 0.0010253
table 0 0 -10 402.33 6.94 496.38 55.87 0.0010025
bed 0 0 -10 2.98 95.38 114.19 325.95 0.0009940
chair 0 0 -10 469.96 8.10 510.18 83.43 0.0009781
desk 0 0 -10 384.96 44.34 476.12 168.52 0.0009556
bookshelf 0 0 -10 382.07 5.58 472.25 132.38 0.0009269
table 0 0 -10 3.06 198.15 259.83 424.18 0.0008776
desk 0 0 -10 401.73 5.26 499.31 57.02 0.0008421
chair 0 0 -10 383.47 68.99 475.42 136.54 0.0008188
chair 0 0 -10 536.99 0.24 589.21 58.08 0.0008083
bed 0 0 -10 285.63 96.46 472.33 260.91 0.0007994
desk 0 0 -10 0.00 43.32 418.51 323.18 0.0007863
sofa 0 0 -10 110.28 157.21 388.18 379.11 0.0007788
table 0 0 -10 388.87 41.17 482.26 159.85 0.0007674
dresser 0 0 -10 498.38 0.90 564.14 63.82 0.0007621
chair 0 0 -10 377.68 0.59 465.19 35.03 0.0007267
bed 0 0 -10 99.42 106.06 406.10 389.02 0.0007208
chair 0 0 -10 348.11 4.30 535.99 107.04 0.0007187
table 0 0 -10 403.03 21.97 498.73 88.44 0.0006872
desk 0 0 -10 400.31 19.87 502.99 89.44 0.0006708
bookshelf 0 0 -10 291.16 98.85 470.65 269.26 0.0006212
chair 0 0 -10 448.16 21.54 536.35 88.90 0.0006114
chair 0 0 -10 350.04 147.33 422.69 283.18 0.0006076
table 0 0 -10 409.94 96.47 479.26 165.22 0.0006063
bookshelf 0 0 -10 166.66 114.50 380.84 318.91 0.0006040
desk 0 0 -10 319.06 77.37 471.00 156.24 0.0006034
chair 0 0 -10 400.94 75.68 489.48 208.72 0.0006034
chair 0 0 -10 445.88 9.65 506.24 113.31 0.0005874
table 0 0 -10 501.90 8.35 565.68 66.93 0.0005827
table 0 0 -10 117.42 58.53 477.37 300.18 0.0005666
dresser 0 0 -10 405.71 6.94 498.70 55.67 0.0005313
table 0 0 -10 91.65 0.00 391.86 125.40 0.0005044
table 0 0 -10 329.87 3.53 483.34 78.29 0.0004823
chair 0 0 -10 183.99 149.16 373.20 231.59 0.0004810
chair 0 0 -10 499.85 9.44 505.42 82.54 0.0004744
desk 0 0 -10 233.79 46.37 468.33 234.97 0.0004460
bed 0 0 -10 175.70 150.96 392.51 351.08 0.0004380
chair 0 0 -10 362.74 0.27 445.30 74.17 0.0004370
toilet 0 0 -10 287.49 103.42 477.58 268.15 0.0004308
chair 0 0 -10 462.66 7.86 567.82 120.28 0.0004303
table 0 0 -10 41.32 70.81 305.51 256.15 0.0004280
table 0 0 -10 154.97 87.72 352.58 265.04 0.0004255
chair 0 0 -10 117.92 154.96 356.18 389.92 0.0004175
chair 0 0 -10 66.42 123.63 440.59 424.02 0.0004172
