desk 0 0 -10 11.59 297.87 485.04 435.43 0.5305003
chair 0 0 -10 208.73 349.73 579.21 439.31 0.3721434
chair 0 0 -10 402.65 274.00 546.97 418.25 0.3160889
chair 0 0 -10 417.57 210.52 501.99 303.07 0.2402797
table 0 0 -10 2.95 288.22 506.49 438.37 0.2388889
chair 0 0 -10 247.91 292.49 498.52 434.68 0.1980282
chair 0 0 -10 339.95 253.41 503.15 379.91 0.1478180
chair 0 0 -10 397.68 227.48 505.11 343.65 0.1356237
table 0 0 -10 247.76 359.28 580.74 441.00 0.0955221
bathtub 0 0 -10 0.00 308.07 436.15 439.43 0.0826355
chair 0 0 -10 350.63 232.36 500.51 305.93 0.0791069
table 0 0 -10 423.20 244.46 500.08 298.36 0.0713300
chair 0 0 -10 279.39 382.44 565.04 441.00 0.0587945
chair 0 0 -10 315.78 247.10 563.01 426.73 0.0423993
chair 0 0 -10 335.67 272.45 446.48 414.45 0.0413535
desk 0 0 -10 0.00 24.44 254.84 233.23 0.0392739
dresser 0 0 -10 0.00 25.68 253.76 232.86 0.0300353
desk 0 0 -10 248.17 322.32 581.42 441.00 0.0276009
chair 0 0 -10 344.32 205.54 496.83 282.93 0.0252737
table 0 0 -10 385.91 282.59 591.00 438.09 0.0225333
bookshelf 0 0 -10 0.00 7.94 259.47 297.62 0.0167483
table 0 0 -10 276.95 403.28 548.85 440.74 0.0155070
table 0 0 -10 431.33 258.34 580.37 387.72 0.0134571
table 0 0 -10 1.33 25.80 247.08 234.57 0.0132172
table 0 0 -10 405.83 263.86 525.09 398.36 0.0115735
table 0 0 -10 343.11 270.94 500.09 404.64 0.0113400
chair 0 0 -10 382.75 366.11 588.36 441.00 0.0113186
chair 0 0 -10 346.90 134.02 500.31 354.02 0.0111048
table 0 0 -10 435.38 391.48 583.21 441.00 0.0109433
chair 0 0 -10 58.17 329.72 449.16 432.90 0.0094340
table 0 0 -10 430.52 219.25 525.86 309.15 0.0092049
table 0 0 -10 507.61 403.71 587.82 441.00 0.0091460
table 0 0 -10 425.08 242.87 504.72 352.10 0.0084470
desk 0 0 -10 388.57 279.82 590.26 437.63 0.0074943
desk 0 0 -10 292.82 381.26 579.78 441.00 0.0074274
toilet 0 0 -10 38.44 288.03 553.89 436.70 0.0069565
table 0 0 -10 3.66 313.38 157.58 439.47 0.0068812
desk 0 0 -10 6.05 306.34 201.76 441.00 0.0059276
chair 0 0 -10 413.37 246.44 497.98 290.29 0.0055441
desk 0 0 -10 101.88 279.30 334.13 430.14 0.0054332
chair 0 0 -10 13.54 368.61 249.47 441.00 0.0053568
toilet 0 0 -10 422.09 202.14 502.58 299.17 0.0050848
chair 0 0 -10 410.87 167.89 479.84 323.40 0.0045800
dresser 0 0 -10 0.72 290.75 567.47 439.93 0.0045212
bathtub 0 0 -10 412.10 272.91 584.82 425.26 0.0044926
bathtub 0 0 -10 3.23 240.00 508.67 416.72 0.0044692
bed 0 0 -10 0.00 8.44 261.66 261.72 0.0042273
bathtub 0 0 -10 136.47 296.15 572.77 432.79 0.0037927
sofa 0 0 -10 6.62 22.71 246.45 212.70 0.0036789
desk 0 0 -10 0.00 112.63 455.06 406.02 0.0036339
table 0 0 -10 238.02 283.27 459.74 440.01 0.0035577
bathtub 0 0 -10 435.57 210.17 565.94 311.87 0.0035036
table 0 0 -10 263.22 253.05 576.65 430.97 0.0033821
chair 0 0 -10 388.99 178.75 579.94 416.62 0.0033121
table 0 0 -10 100.02 312.75 378.14 440.06 0.0032380
chair 0 0 -10 386.97 198.26 455.74 363.51 0.0031494
chair 0 0 -10 203.74 379.18 443.05 440.57 0.0030818
desk 0 0 -10 149.36 317.86 402.99 424.80 0.0027875
table 0 0 -10 348.86 247.97 499.30 311.89 0.0027672
chair 0 0 -10 128.12 204.55 568.52 429.44 0.0026856
desk 0 0 -10 345.76 268.16 499.18 403.71 0.0023328
table 0 0 -10 427.12 223.79 573.32 333.28 0.0022426
bed 0 0 -10 0.11 283.69 562.91 438.50 0.0021532
chair 0 0 -10 418.83 199.89 442.04 319.25 0.0021352
desk 0 0 -10 380.39 397.95 571.81 441.00 0.0020507
chair 0 0 -10 418.72 194.66 569.53 345.24 0.0019078
chair 0 0 -10 455.86 382.96 588.42 441.00 0.0018272
bookshelf 0 0 -10 43.35 16.06 254.66 188.76 0.0018018
chair 0 0 -10 15.90 311.54 308.76 438.82 0.0017258
chair 0 0 -10 305.51 189.21 513.91 315.42 0.0017169
chair 0 0 -10 308.97 403.03 523.58 439.71 0.0017140
chair 0 0 -10 165.98 351.14 398.58 432.65 0.0016408
bookshelf 0 0 -10 7.34 8.53 408.30 394.94 0.0015826
chair 0 0 -10 358.87 329.09 547.69 437.48 0.0014610
chair 0 0 -10 416.09 216.01 461.41 318.17 0.0014503
bathtub 0 0 -10 423.70 199.42 504.24 297.42 0.0014409
night_stand 0 0 -10 5.56 291.50 565.01 436.06 0.0014357
dresser 0 0 -10 0.88 18.87 422.92 392.36 0.0013491
sofa 0 0 -10 239.14 359.64 584.21 441.00 0.0013285
bathtub 0 0 -10 4.50 17.79 247.95 232.84 0.0013112
chair 0 0 -10 363.35 257.92 423.38 392.92 0.0013104
desk 0 0 -10 198.74 278.62 568.27 414.39 0.0012541
bathtub 0 0 -10 389.69 203.58 582.67 343.25 0.0012145
bookshelf 0 0 -10 10.30 277.93 560.42 437.56 0.0012066
sofa 0 0 -10 4.74 291.40 572.29 436.74 0.0011470
table 0 0 -10 343.08 222.14 510.03 348.12 0.0011366
chair 0 0 -10 410.48 244.47 452.73 363.17 0.0011287
table 0 0 -10 0.00 130.58 455.80 412.14 0.0011214
toilet 0 0 -10 407.65 280.44 571.30 433.15 0.0010543
chair 0 0 -10 513.58 402.21 589.74 440.08 0.0010531
bathtub 0 0 -10 262.20 359.87 591.00 440.31 0.0010313
toilet 0 0 -10 202.07 348.58 571.11 439.53 0.0010113
bed 0 0 -10 0.00 0.00 458.00 373.10 0.0009906
table 0 0 -10 49.37 282.12 291.71 439.35 0.0009775
chair 0 0 -10 74.27 383.96 315.01 439.53 0.0009713
desk 0 0 -10 27.41 228.25 380.38 421.30 0.0009169
desk 0 0 -10 408.69 262.62 523.39 400.95 0.0008948
desk 0 0 -10 330.21 282.48 443.93 418.73 0.0008897
table 0 0 -10 391.12 214.71 502.17 300.00 0.0008783
toilet 0 0 -10 433.26 211.84 557.98 315.33 0.0008591
