bed 0 0 -10 218.70 1.19 589.65 178.83 0.1099826
chair 0 0 -10 1.96 114.20 21.94 238.52 0.0476672
chair 0 0 -10 270.00 359.33 531.72 439.68 0.0352615
table 0 0 -10 0.00 132.39 16.63 250.78 0.0288796
table 0 0 -10 0.38 129.56 34.60 239.25 0.0104284
table 0 0 -10 278.84 351.24 528.12 440.78 0.0080986
table 0 0 -10 0.70 139.92 10.18 240.64 0.0066761
chair 0 0 -10 0.48 131.52 10.79 240.18 0.0051345
chair 0 0 -10 2.27 124.81 6.31 238.24 0.0035036
table 0 0 -10 19.23 89.35 581.99 429.81 0.0033353
bed 0 0 -10 154.53 9.78 591.00 308.59 0.0030226
bed 0 0 -10 260.84 5.46 557.13 104.78 0.0029789
bed 0 0 -10 41.27 47.39 585.53 429.99 0.0028428
chair 0 0 -10 0.25 125.75 40.66 246.30 0.0025958
table 0 0 -10 134.72 0.62 591.00 197.65 0.0025168
table 0 0 -10 2.39 132.23 6.25 239.13 0.0024199
bed 0 0 -10 224.73 350.13 534.32 441.00 0.0023584
chair 0 0 -10 155.60 323.97 550.52 441.00 0.0022949
table 0 0 -10 215.56 295.50 545.59 436.24 0.0019389
chair 0 0 -10 0.19 122.81 5.33 243.48 0.0018149
sofa 0 0 -10 272.81 358.49 537.78 439.38 0.0017941
desk 0 0 -10 1.91 115.25 21.43 237.04 0.0014048
table 0 0 -10 79.37 240.75 555.42 437.87 0.0010782
chair 0 0 -10 0.63 138.17 29.29 216.17 0.0010519
table 0 0 -10 90.31 198.45 221.16 252.82 0.0009808
chair 0 0 -10 3.79 152.80 11.83 244.50 0.0009226
chair 0 0 -10 384.08 309.24 582.69 441.00 0.0009092
chair 0 0 -10 491.50 186.09 589.55 434.97 0.0008366
table 0 0 -10 0.00 133.56 23.56 322.01 0.0008030
chair 0 0 -10 0.04 37.94 24.86 249.44 0.0007987
table 0 0 -10 0.34 128.55 5.23 245.11 0.0007371
desk 0 0 -10 9.06 76.96 591.00 434.50 0.0006364
chair 0 0 -10 507.66 328.87 589.72 441.00 0.0006019
bathtub 0 0 -10 2.37 112.36 21.64 232.76 0.0005647
table 0 0 -10 0.74 146.60 31.22 191.90 0.0005510
table 0 0 -10 4.81 153.88 13.51 239.87 0.0004928
chair 0 0 -10 0.00 132.41 24.31 317.66 0.0004923
table 0 0 -10 36.02 108.12 223.11 168.97 0.0004597
sofa 0 0 -10 2.25 115.77 21.63 234.27 0.0004427
desk 0 0 -10 276.11 348.93 535.72 440.52 0.0004420
bed 0 0 -10 2.26 115.84 21.27 238.18 0.0004393
toilet 0 0 -10 2.07 114.17 21.40 238.28 0.0004292
table 0 0 -10 0.00 134.04 19.04 195.66 0.0004193
chair 0 0 -10 264.94 273.38 490.37 439.39 0.0004125
dresser 0 0 -10 2.18 112.93 21.22 234.48 0.0004032
bed 0 0 -10 94.90 247.89 567.19 438.00 0.0003977
night_stand 0 0 -10 2.07 116.69 21.60 232.12 0.0003958
chair 0 0 -10 0.25 194.38 19.44 247.59 0.0003934
chair 0 0 -10 0.00 129.68 105.85 248.81 0.0003823
bathtub 0 0 -10 278.70 347.73 535.15 439.69 0.0003684
table 0 0 -10 1.14 157.98 29.95 212.73 0.0003678
table 0 0 -10 17.31 113.66 323.58 253.04 0.0003516
desk 0 0 -10 0.00 137.90 15.45 251.93 0.0003451
chair 0 0 -10 518.36 420.09 590.99 441.00 0.0003425
bookshelf 0 0 -10 2.64 100.63 20.93 234.31 0.0003321
table 0 0 -10 2.44 97.73 24.04 217.74 0.0003285
table 0 0 -10 517.47 420.64 588.41 441.00 0.0003150
table 0 0 -10 217.08 72.48 561.72 242.78 0.0002815
desk 0 0 -10 0.00 127.05 35.92 241.48 0.0002800
desk 0 0 -10 129.17 0.00 591.00 203.09 0.0002729
bathtub 0 0 -10 226.55 2.50 591.00 170.30 0.0002708
chair 0 0 -10 0.17 132.22 19.67 196.36 0.0002706
table 0 0 -10 436.59 139.27 588.02 434.63 0.0002683
table 0 0 -10 0.00 101.01 60.10 248.32 0.0002640
table 0 0 -10 97.08 108.71 218.78 201.46 0.0002456
table 0 0 -10 3.03 149.88 9.09 226.86 0.0002379
chair 0 0 -10 205.74 192.79 577.17 440.14 0.0002378
chair 0 0 -10 362.41 387.02 556.19 440.44 0.0002350
bathtub 0 0 -10 0.00 102.66 36.24 232.76 0.0002285
sofa 0 0 -10 24.44 48.14 560.24 441.00 0.0002179
chair 0 0 -10 543.09 160.70 588.74 424.50 0.0002152
table 0 0 -10 0.35 239.26 73.66 430.12 0.0002130
chair 0 0 -10 0.00 182.98 73.68 418.65 0.0002126
table 0 0 -10 237.86 122.15 530.11 431.62 0.0002124
chair 0 0 -10 37.38 132.69 107.43 161.64 0.0002038
chair 0 0 -10 200.88 0.00 283.97 99.98 0.0002025
chair 0 0 -10 0.27 219.76 16.91 248.51 0.0001967
table 0 0 -10 519.98 169.69 589.46 438.26 0.0001953
table 0 0 -10 0.00 14.10 270.54 179.14 0.0001936
chair 0 0 -10 5.64 150.58 14.83 231.27 0.0001839
table 0 0 -10 49.05 142.01 279.41 394.83 0.0001800
table 0 0 -10 6.29 105.92 243.85 329.69 0.0001781
table 0 0 -10 0.34 161.98 14.79 187.09 0.0001765
table 0 0 -10 507.79 366.57 587.41 441.00 0.0001744
chair 0 0 -10 2.84 133.85 43.74 200.83 0.0001687
chair 0 0 -10 212.99 1.21 268.56 64.13 0.0001679
chair 0 0 -10 246.83 0.00 569.32 168.37 0.0001649
chair 0 0 -10 510.57 385.12 591.00 441.00 0.0001648
chair 0 0 -10 0.72 173.38 31.48 243.06 0.0001614
table 0 0 -10 1.41 63.28 238.35 234.05 0.0001602
sofa 0 0 -10 141.17 0.00 590.78 194.58 0.0001585
bookshelf 0 0 -10 149.63 0.00 591.00 200.59 0.0001548
chair 0 0 -10 93.66 194.71 224.54 253.91 0.0001416
chair 0 0 -10 435.48 104.82 587.77 441.00 0.0001405
chair 0 0 -10 1.65 166.69 9.50 244.61 0.0001390
table 0 0 -10 2.03 232.38 13.03 437.28 0.0001388
table 0 0 -10 0.14 243.30 35.63 355.75 0.0001335
sofa 0 0 -10 147.72 312.01 571.02 441.00 0.0001311
table 0 0 -10 555.76 154.87 587.94 441.00 0.0001300
table 0 0 -10 0.00 232.55 28.20 441.00 0.0001298
