desk 0 0 -10 0.00 181.71 554.08 438.57 0.5984887
table 0 0 -10 7.41 176.93 527.17 434.55 0.0262168
bathtub 0 0 -10 0.00 180.55 480.62 435.71 0.0255004
desk 0 0 -10 374.55 176.57 590.16 441.00 0.0197200
dresser 0 0 -10 405.20 181.94 591.00 441.00 0.0162709
desk 0 0 -10 128.57 208.83 431.61 441.00 0.0117009
bathtub 0 0 -10 8.23 104.20 587.45 362.49 0.0098839
desk 0 0 -10 1.09 222.79 56.18 441.00 0.0064218
dresser 0 0 -10 0.00 199.57 448.10 441.00 0.0063705
dresser 0 0 -10 0.99 255.91 49.86 441.00 0.0061053
chair 0 0 -10 19.63 301.71 195.84 441.00 0.0037162
bathtub 0 0 -10 69.87 205.24 228.29 257.08 0.0036778
bathtub 0 0 -10 0.00 36.22 591.00 218.66 0.0032131
table 0 0 -10 0.44 265.57 48.12 441.00 0.0031301
chair 0 0 -10 0.00 90.67 46.09 294.70 0.0028515
bathtub 0 0 -10 1.21 255.03 48.68 439.78 0.0021671
dresser 0 0 -10 108.61 145.33 589.41 441.00 0.0019272
desk 0 0 -10 1.82 226.84 299.31 440.97 0.0019037
chair 0 0 -10 13.75 245.18 311.43 441.00 0.0018702
desk 0 0 -10 35.23 361.10 427.05 439.34 0.0017625
dresser 0 0 -10 159.68 356.29 471.55 437.77 0.0017299
desk 0 0 -10 24.94 291.32 462.81 437.54 0.0015987
bathtub 0 0 -10 0.23 67.19 94.73 370.50 0.0014437
dresser 0 0 -10 0.51 113.80 59.38 417.03 0.0013946
table 0 0 -10 41.26 360.00 414.50 440.37 0.0013924
bathtub 0 0 -10 0.00 213.59 257.28 434.93 0.0013375
table 0 0 -10 140.76 409.62 363.26 440.16 0.0011361
bathtub 0 0 -10 3.42 274.42 104.16 437.02 0.0011357
table 0 0 -10 409.90 204.64 587.12 441.00 0.0011317
bathtub 0 0 -10 0.00 195.13 252.63 303.93 0.0010792
bathtub 0 0 -10 0.00 72.31 276.94 388.72 0.0010569
chair 0 0 -10 0.00 57.66 83.24 370.18 0.0010228
chair 0 0 -10 104.05 207.17 403.55 432.34 0.0009756
table 0 0 -10 184.54 429.56 265.11 440.70 0.0008139
bookshelf 0 0 -10 13.29 140.15 499.28 441.00 0.0007864
table 0 0 -10 4.07 269.93 91.51 441.00 0.0007788
desk 0 0 -10 6.09 37.80 575.44 364.22 0.0007602
chair 0 0 -10 381.62 162.27 586.16 432.52 0.0007511
table 0 0 -10 131.78 219.23 425.44 438.96 0.0007449
chair 0 0 -10 41.75 358.73 368.41 440.01 0.0007094
table 0 0 -10 9.46 254.84 29.38 441.00 0.0006574
table 0 0 -10 171.58 378.64 410.42 439.97 0.0006550
chair 0 0 -10 160.08 360.75 473.48 440.48 0.0006160
table 0 0 -10 33.72 407.31 304.19 439.69 0.0005861
desk 0 0 -10 199.52 183.17 443.65 248.20 0.0005726
chair 0 0 -10 15.07 109.39 358.82 432.33 0.0005663
bathtub 0 0 -10 39.84 357.11 408.90 441.00 0.0005474
toilet 0 0 -10 6.80 161.55 456.24 436.13 0.0005060
bathtub 0 0 -10 20.07 324.40 167.24 440.46 0.0005033
dresser 0 0 -10 156.33 240.64 430.91 436.74 0.0005024
chair 0 0 -10 107.73 293.14 291.43 441.00 0.0004996
bathtub 0 0 -10 36.79 171.36 521.89 274.54 0.0004990
table 0 0 -10 4.98 224.38 293.78 438.97 0.0004899
night_stand 0 0 -10 2.05 264.98 52.15 430.27 0.0004894
toilet 0 0 -10 0.42 257.28 47.82 441.00 0.0004879
bathtub 0 0 -10 0.75 195.73 81.76 418.20 0.0004878
table 0 0 -10 8.37 283.21 167.29 441.00 0.0004715
dresser 0 0 -10 5.40 240.45 268.55 441.00 0.0004690
desk 0 0 -10 2.04 109.08 46.88 407.61 0.0004479
desk 0 0 -10 2.46 100.06 103.08 434.07 0.0004446
table 0 0 -10 364.00 102.51 586.65 149.86 0.0004253
chair 0 0 -10 0.00 131.43 58.93 408.81 0.0004157
bed 0 0 -10 155.88 358.12 478.56 440.40 0.0004124
table 0 0 -10 178.67 420.80 333.55 440.63 0.0003961
night_stand 0 0 -10 410.17 200.42 591.00 436.19 0.0003945
bathtub 0 0 -10 20.95 90.10 458.24 198.98 0.0003907
table 0 0 -10 6.38 247.65 20.02 441.00 0.0003897
table 0 0 -10 184.48 436.68 266.71 440.80 0.0003812
dresser 0 0 -10 1.44 100.58 44.03 294.67 0.0003727
night_stand 0 0 -10 173.09 360.74 472.73 436.64 0.0003671
table 0 0 -10 281.86 182.73 576.22 438.50 0.0003518
desk 0 0 -10 39.36 158.95 578.49 265.87 0.0003454
table 0 0 -10 11.22 206.60 22.06 437.02 0.0003435
table 0 0 -10 5.30 34.14 570.68 361.39 0.0003343
table 0 0 -10 43.88 420.08 262.73 439.72 0.0003331
bathtub 0 0 -10 0.00 147.82 184.03 345.22 0.0003316
table 0 0 -10 150.13 428.60 309.21 441.00 0.0003308
dresser 0 0 -10 5.74 272.97 95.69 440.80 0.0003275
bathtub 0 0 -10 400.66 173.97 591.00 431.32 0.0003127
dresser 0 0 -10 300.22 270.76 584.08 433.70 0.0003100
table 0 0 -10 2.40 111.08 47.79 413.66 0.0003082
desk 0 0 -10 0.00 90.91 591.00 179.65 0.0002972
bookshelf 0 0 -10 1.86 120.48 47.12 431.49 0.0002933
bed 0 0 -10 2.70 111.30 460.85 441.00 0.0002801
chair 0 0 -10 36.51 406.06 298.60 440.59 0.0002766
chair 0 0 -10 140.49 407.78 348.18 441.00 0.0002680
toilet 0 0 -10 0.00 75.96 87.21 380.54 0.0002652
chair 0 0 -10 3.03 270.25 100.21 441.00 0.0002641
bookshelf 0 0 -10 6.95 21.51 586.29 227.38 0.0002432
bathtub 0 0 -10 459.60 194.09 591.00 272.18 0.0002381
dresser 0 0 -10 2.93 154.70 111.20 437.03 0.0002287
bathtub 0 0 -10 566.54 170.30 591.00 441.00 0.0002254
table 0 0 -10 191.28 306.71 415.76 440.76 0.0002254
desk 0 0 -10 3.34 270.15 95.86 441.00 0.0002213
chair 0 0 -10 0.38 48.25 30.25 247.53 0.0002140
table 0 0 -10 0.00 0.00 589.92 175.17 0.0002137
chair 0 0 -10 0.00 93.20 136.81 414.93 0.0002125
chair 0 0 -10 237.70 131.17 560.34 425.21 0.0002112
table 0 0 -10 0.00 90.69 570.41 177.98 0.0002099
chair 0 0 -10 222.82 169.70 431.01 421.30 0.0002098
