desk 0 0 -10 3.99 252.51 172.00 441.00 0.3250948
chair 0 0 -10 364.94 185.24 462.54 312.02 0.2860602
bathtub 0 0 -10 44.59 241.01 570.45 435.68 0.2362198
desk 0 0 -10 24.63 234.92 572.61 436.53 0.1647927
table 0 0 -10 5.98 251.69 173.80 440.54 0.1382903
chair 0 0 -10 341.89 198.88 424.89 311.60 0.1143968
desk 0 0 -10 15.91 232.58 306.47 440.57 0.0895393
table 0 0 -10 87.36 232.92 578.39 440.61 0.0772536
table 0 0 -10 15.18 232.17 311.25 436.54 0.0226646
chair 0 0 -10 0.00 279.88 106.47 441.00 0.0200747
chair 0 0 -10 8.38 304.45 236.04 440.78 0.0177353
chair 0 0 -10 400.17 174.22 476.54 265.07 0.0168228
toilet 0 0 -10 159.08 227.13 561.27 434.79 0.0150398
chair 0 0 -10 295.64 188.94 497.72 306.31 0.0135628
chair 0 0 -10 403.67 186.77 453.51 287.76 0.0115091
desk 0 0 -10 157.16 250.65 398.24 433.44 0.0096954
bathtub 0 0 -10 284.55 288.99 570.83 438.48 0.0096109
chair 0 0 -10 391.26 176.42 491.14 359.24 0.0088036
table 0 0 -10 154.16 252.91 405.03 437.88 0.0071693
bathtub 0 0 -10 7.01 241.62 178.50 437.68 0.0070351
table 0 0 -10 340.37 228.49 414.14 303.04 0.0056826
table 0 0 -10 569.47 304.62 589.76 441.00 0.0053135
bathtub 0 0 -10 159.69 264.70 458.13 438.00 0.0051331
chair 0 0 -10 228.91 193.01 541.28 421.39 0.0049166
table 0 0 -10 333.17 201.05 452.69 308.39 0.0044720
chair 0 0 -10 0.00 220.14 69.92 416.79 0.0040747
chair 0 0 -10 41.99 248.81 363.68 441.00 0.0034916
chair 0 0 -10 365.24 196.00 437.50 280.02 0.0034627
chair 0 0 -10 20.09 259.91 163.32 434.98 0.0030818
bed 0 0 -10 118.23 219.14 575.54 439.68 0.0028969
dresser 0 0 -10 123.92 233.18 581.89 441.00 0.0027989
night_stand 0 0 -10 560.77 337.67 591.00 438.73 0.0023135
chair 0 0 -10 394.27 190.53 460.14 250.04 0.0022965
dresser 0 0 -10 3.44 2.56 264.17 125.58 0.0022747
chair 0 0 -10 340.11 225.11 425.85 281.80 0.0022305
chair 0 0 -10 310.83 188.30 387.67 315.18 0.0017271
table 0 0 -10 7.79 0.00 234.54 110.14 0.0016663
bathtub 0 0 -10 0.00 260.38 347.41 439.09 0.0016205
table 0 0 -10 540.93 288.56 588.68 441.00 0.0015843
chair 0 0 -10 0.00 307.68 63.24 441.00 0.0015786
bathtub 0 0 -10 10.45 121.69 590.35 403.73 0.0015207
bathtub 0 0 -10 274.27 200.93 535.14 322.38 0.0014758
chair 0 0 -10 335.71 170.87 517.45 393.93 0.0014280
dresser 0 0 -10 6.81 254.02 172.12 441.00 0.0014015
table 0 0 -10 266.51 203.80 535.12 321.64 0.0013852
chair 0 0 -10 174.16 283.82 559.03 436.33 0.0013716
desk 0 0 -10 0.00 3.16 262.81 126.46 0.0012667
night_stand 0 0 -10 574.49 320.79 590.18 437.04 0.0012145
desk 0 0 -10 264.72 197.81 582.34 441.00 0.0011811
chair 0 0 -10 1.15 352.71 335.44 441.00 0.0011154
chair 0 0 -10 238.25 185.43 406.68 343.15 0.0011019
night_stand 0 0 -10 0.74 255.23 184.77 438.69 0.0010918
night_stand 0 0 -10 539.91 318.11 590.77 438.63 0.0010885
table 0 0 -10 579.79 341.86 590.18 440.56 0.0010769
chair 0 0 -10 358.87 157.43 454.62 250.17 0.0010742
bathtub 0 0 -10 262.61 208.45 572.23 396.00 0.0010015
chair 0 0 -10 327.49 1.59 389.00 73.51 0.0009322
dresser 0 0 -10 537.19 0.00 591.00 431.93 0.0008580
toilet 0 0 -10 294.76 286.05 558.32 438.51 0.0008425
desk 0 0 -10 344.42 192.64 468.42 308.90 0.0008098
chair 0 0 -10 288.90 186.99 361.34 323.20 0.0008078
sofa 0 0 -10 10.33 1.26 239.67 108.65 0.0008030
toilet 0 0 -10 326.80 198.99 495.58 348.02 0.0007959
chair 0 0 -10 406.52 157.13 507.10 245.60 0.0007401
dresser 0 0 -10 560.51 10.23 587.21 422.59 0.0007294
night_stand 0 0 -10 130.27 236.85 582.43 437.48 0.0007209
toilet 0 0 -10 10.39 240.79 165.46 440.53 0.0006976
table 0 0 -10 290.34 206.25 420.67 314.89 0.0006951
bathtub 0 0 -10 459.06 322.79 591.00 441.00 0.0006930
table 0 0 -10 575.85 223.70 590.67 441.00 0.0006142
toilet 0 0 -10 22.80 238.69 412.82 441.00 0.0005816
chair 0 0 -10 0.29 243.86 39.50 437.48 0.0005811
desk 0 0 -10 71.09 303.98 469.61 433.42 0.0005730
table 0 0 -10 346.79 237.70 447.15 280.43 0.0005700
bookshelf 0 0 -10 4.16 0.96 260.57 130.76 0.0005649
bathtub 0 0 -10 24.31 214.87 391.65 334.59 0.0005332
desk 0 0 -10 277.18 204.39 535.89 322.22 0.0005324
desk 0 0 -10 1.91 243.26 59.51 435.47 0.0005216
chair 0 0 -10 532.77 213.59 591.00 422.31 0.0005139
bathtub 0 0 -10 335.88 195.54 475.11 345.88 0.0005130
chair 0 0 -10 383.90 188.59 423.75 301.20 0.0005073
dresser 0 0 -10 554.87 306.70 590.11 441.00 0.0004994
chair 0 0 -10 564.50 252.60 591.00 438.13 0.0004958
table 0 0 -10 402.69 188.14 456.86 261.70 0.0004954
chair 0 0 -10 272.57 223.07 455.99 331.97 0.0004905
table 0 0 -10 192.02 209.32 545.88 387.97 0.0004870
table 0 0 -10 275.02 283.98 559.83 441.00 0.0004828
dresser 0 0 -10 550.30 206.04 586.85 428.80 0.0004792
chair 0 0 -10 55.12 342.87 490.47 431.59 0.0004419
table 0 0 -10 328.92 3.39 386.66 79.84 0.0004419
sofa 0 0 -10 123.26 229.38 573.95 437.66 0.0004396
bed 0 0 -10 568.90 299.82 590.63 441.00 0.0004186
chair 0 0 -10 559.67 331.60 590.07 440.12 0.0004154
table 0 0 -10 585.70 309.48 588.98 441.00 0.0004135
chair 0 0 -10 359.36 203.47 413.24 268.78 0.0003966
table 0 0 -10 495.28 293.19 586.98 441.00 0.0003924
toilet 0 0 -10 382.88 190.51 466.09 358.74 0.0003872
chair 0 0 -10 189.56 210.61 330.42 343.73 0.0003762
chair 0 0 -10 572.34 283.93 588.27 436.81 0.0003724
bookshelf 0 0 -10 134.45 217.19 575.25 441.00 0.0003646
