desk 0 0 -10 7.30 39.87 321.39 440.41 0.0288029
dresser 0 0 -10 6.79 30.42 298.33 441.00 0.0151924
dresser 0 0 -10 61.47 10.03 447.60 342.88 0.0041873
bathtub 0 0 -10 7.16 40.47 349.13 427.53 0.0037342
chair 0 0 -10 535.80 5.52 589.51 332.03 0.0029260
desk 0 0 -10 3.39 2.17 131.53 107.73 0.0027315
desk 0 0 -10 37.86 0.12 534.16 400.61 0.0021649
table 0 0 -10 9.02 50.76 308.08 439.25 0.0019664
table 0 0 -10 1.42 4.27 129.93 105.32 0.0012377
chair 0 0 -10 0.94 0.00 130.91 99.19 0.0012000
chair 0 0 -10 495.43 0.00 585.92 298.92 0.0011862
table 0 0 -10 439.76 161.71 584.01 440.15 0.0011083
chair 0 0 -10 66.14 0.00 376.35 412.24 0.0009699
table 0 0 -10 535.67 7.51 589.73 329.26 0.0008613
chair 0 0 -10 347.91 13.48 586.78 432.54 0.0007819
bed 0 0 -10 329.86 1.11 588.36 438.22 0.0006913
bookshelf 0 0 -10 16.36 10.07 312.68 441.00 0.0006756
table 0 0 -10 496.09 43.97 587.77 441.00 0.0006494
toilet 0 0 -10 3.07 21.73 323.08 441.00 0.0006246
dresser 0 0 -10 487.29 10.15 581.90 333.26 0.0006200
desk 0 0 -10 321.77 8.19 589.78 427.23 0.0005693
chair 0 0 -10 472.50 39.65 589.90 428.40 0.0005497
table 0 0 -10 326.97 17.75 580.69 429.12 0.0005364
bathtub 0 0 -10 42.39 6.92 467.75 316.27 0.0005236
bed 0 0 -10 0.00 70.87 312.50 441.00 0.0005132
bathtub 0 0 -10 440.93 0.00 591.00 229.24 0.0004865
desk 0 0 -10 471.77 48.64 591.00 437.74 0.0004796
dresser 0 0 -10 537.83 2.86 589.55 318.09 0.0004699
sofa 0 0 -10 337.31 15.92 586.99 430.60 0.0004395
table 0 0 -10 306.67 206.67 575.68 440.91 0.0004324
desk 0 0 -10 537.15 6.62 590.91 328.72 0.0004268
chair 0 0 -10 485.72 213.51 588.52 438.44 0.0004265
table 0 0 -10 24.66 231.18 471.23 441.00 0.0004013
chair 0 0 -10 154.20 0.00 448.62 214.94 0.0003571
chair 0 0 -10 425.89 0.84 586.77 202.71 0.0003371
bed 0 0 -10 123.49 93.65 573.84 441.00 0.0003363
table 0 0 -10 135.96 111.24 555.40 441.00 0.0003295
table 0 0 -10 497.60 232.12 587.42 416.34 0.0003135
table 0 0 -10 0.00 1.96 126.25 53.56 0.0003127
dresser 0 0 -10 212.61 9.87 549.85 393.34 0.0003104
chair 0 0 -10 112.17 0.00 239.91 209.53 0.0002942
dresser 0 0 -10 134.17 6.07 329.37 340.81 0.0002863
bookshelf 0 0 -10 133.79 5.41 474.04 371.53 0.0002821
desk 0 0 -10 0.00 58.39 142.79 435.94 0.0002663
dresser 0 0 -10 436.22 4.83 589.46 241.24 0.0002493
bathtub 0 0 -10 44.74 236.21 248.64 438.48 0.0002301
chair 0 0 -10 113.52 0.00 315.78 314.03 0.0002264
bathtub 0 0 -10 0.15 118.37 84.06 362.37 0.0002124
chair 0 0 -10 5.14 0.00 151.57 45.10 0.0002029
desk 0 0 -10 2.72 10.30 259.65 280.64 0.0001977
table 0 0 -10 541.63 238.73 588.95 439.86 0.0001938
bathtub 0 0 -10 216.59 2.26 556.22 337.09 0.0001908
bathtub 0 0 -10 4.25 164.45 54.25 429.83 0.0001880
chair 0 0 -10 240.43 0.00 499.65 306.22 0.0001799
table 0 0 -10 4.82 2.01 533.80 232.98 0.0001779
bathtub 0 0 -10 0.00 60.12 255.61 230.91 0.0001765
table 0 0 -10 24.89 324.31 295.13 440.26 0.0001720
bed 0 0 -10 487.97 21.16 590.16 441.00 0.0001719
bookshelf 0 0 -10 348.70 0.00 582.23 418.56 0.0001715
chair 0 0 -10 235.57 0.00 368.32 333.32 0.0001698
table 0 0 -10 433.68 2.33 587.72 247.44 0.0001691
bed 0 0 -10 10.23 239.36 498.31 440.99 0.0001683
dresser 0 0 -10 234.28 0.00 396.64 342.80 0.0001673
bathtub 0 0 -10 274.22 11.91 313.41 337.21 0.0001662
chair 0 0 -10 540.12 227.84 590.36 434.33 0.0001655
chair 0 0 -10 120.70 0.43 254.09 75.86 0.0001577
bathtub 0 0 -10 535.67 17.60 585.89 297.47 0.0001503
bathtub 0 0 -10 425.85 29.38 589.86 419.98 0.0001455
desk 0 0 -10 119.31 7.31 329.62 351.16 0.0001444
bathtub 0 0 -10 96.09 212.49 330.77 423.78 0.0001438
dresser 0 0 -10 3.79 4.23 131.88 102.51 0.0001409
night_stand 0 0 -10 19.99 36.03 329.37 428.35 0.0001388
table 0 0 -10 293.03 180.33 490.64 373.03 0.0001367
sofa 0 0 -10 445.79 219.16 588.83 441.00 0.0001351
sofa 0 0 -10 131.26 98.19 569.10 441.00 0.0001251
desk 0 0 -10 1.95 2.01 178.02 158.70 0.0001249
chair 0 0 -10 319.39 231.67 583.19 440.46 0.0001243
table 0 0 -10 210.73 5.64 506.38 363.38 0.0001217
night_stand 0 0 -10 0.00 2.25 133.95 105.07 0.0001196
bathtub 0 0 -10 256.51 5.26 299.79 335.30 0.0001171
chair 0 0 -10 520.17 102.38 587.42 283.49 0.0001160
table 0 0 -10 162.75 243.52 366.86 427.66 0.0001154
dresser 0 0 -10 476.05 115.55 588.67 435.35 0.0001143
table 0 0 -10 522.01 105.79 587.82 291.09 0.0001070
bathtub 0 0 -10 139.92 0.00 470.08 200.59 0.0001058
bed 0 0 -10 535.87 0.00 590.63 332.38 0.0001048
table 0 0 -10 530.03 125.42 589.20 421.39 0.0001046
chair 0 0 -10 94.29 0.00 144.98 41.70 0.0001022
table 0 0 -10 0.00 3.11 165.53 162.21 0.0001020
chair 0 0 -10 181.88 105.65 560.61 440.30 0.0000983
chair 0 0 -10 5.09 121.96 285.53 432.96 0.0000971
bathtub 0 0 -10 127.14 119.56 575.99 433.44 0.0000953
chair 0 0 -10 540.78 0.00 589.87 176.26 0.0000941
bed 0 0 -10 65.99 209.14 303.95 433.16 0.0000935
chair 0 0 -10 278.03 1.41 313.09 350.80 0.0000917
bookshelf 0 0 -10 442.15 0.00 588.73 249.74 0.0000914
table 0 0 -10 0.00 117.96 79.08 441.00 0.0000896
bathtub 0 0 -10 485.02 16.04 585.27 344.69 0.0000877
table 0 0 -10 61.48 249.29 265.52 438.00 0.0000877
chair 0 0 -10 244.34 0.00 480.37 159.40 0.0000876
