chair 0 0 -10 148.08 118.68 307.80 232.26 0.9529265
chair 0 0 -10 1.63 197.20 132.23 433.13 0.8473718
sofa 0 0 -10 265.00 6.16 583.85 250.10 0.7933475
table 0 0 -10 79.99 21.94 554.98 271.60 0.2790423
desk 0 0 -10 11.16 7.26 159.36 118.03 0.2659637
table 0 0 -10 105.26 61.28 321.07 223.47 0.1336634
sofa 0 0 -10 147.86 39.10 576.81 385.24 0.1070111
desk 0 0 -10 70.00 21.18 564.23 270.15 0.0855445
sofa 0 0 -10 322.71 64.32 588.00 434.03 0.0697602
table 0 0 -10 376.99 170.76 584.61 441.00 0.0570765
chair 0 0 -10 134.45 19.83 303.40 156.32 0.0506099
chair 0 0 -10 294.83 12.22 586.39 257.99 0.0498729
bed 0 0 -10 206.97 4.15 572.93 260.21 0.0488813
table 0 0 -10 112.55 35.05 429.45 153.98 0.0470882
desk 0 0 -10 112.94 93.12 323.49 234.42 0.0455303
table 0 0 -10 108.10 58.87 297.32 148.01 0.0453382
chair 0 0 -10 3.29 186.08 81.24 384.16 0.0433171
table 0 0 -10 16.50 8.74 158.79 117.15 0.0414182
chair 0 0 -10 1.75 47.51 73.58 146.16 0.0368218
sofa 0 0 -10 503.65 44.02 588.17 308.92 0.0352738
table 0 0 -10 4.41 42.53 75.79 136.73 0.0300781
table 0 0 -10 487.31 163.65 586.73 435.91 0.0258300
table 0 0 -10 3.82 214.62 123.42 439.23 0.0245076
chair 0 0 -10 257.92 55.45 385.21 145.54 0.0232569
bed 0 0 -10 105.06 43.07 300.00 187.03 0.0223061
chair 0 0 -10 537.00 133.99 589.98 276.57 0.0210166
bed 0 0 -10 121.81 100.11 315.59 233.94 0.0197135
chair 0 0 -10 149.58 93.09 275.44 192.26 0.0182753
chair 0 0 -10 1.13 8.04 85.07 111.03 0.0173164
table 0 0 -10 526.00 135.74 587.83 305.23 0.0150610
table 0 0 -10 1.26 71.10 67.83 120.36 0.0136333
table 0 0 -10 59.90 8.63 505.00 119.16 0.0134184
desk 0 0 -10 105.62 47.82 307.27 184.76 0.0126220
table 0 0 -10 34.04 2.64 304.08 116.31 0.0125564
chair 0 0 -10 8.37 178.84 252.68 437.37 0.0120158
sofa 0 0 -10 466.21 6.62 585.20 248.81 0.0117141
table 0 0 -10 230.45 141.24 466.13 427.20 0.0105724
sofa 0 0 -10 125.02 109.15 317.89 235.98 0.0103003
table 0 0 -10 90.70 106.73 344.23 270.28 0.0101763
table 0 0 -10 267.43 48.45 555.90 242.90 0.0101590
desk 0 0 -10 1.57 206.10 123.40 438.66 0.0101321
table 0 0 -10 299.35 185.88 429.78 366.96 0.0100757
sofa 0 0 -10 546.21 67.12 587.05 306.34 0.0093089
table 0 0 -10 271.10 101.48 457.58 338.57 0.0092497
table 0 0 -10 528.81 67.07 590.21 386.16 0.0091313
sofa 0 0 -10 130.11 65.99 522.85 243.56 0.0082579
chair 0 0 -10 3.13 59.04 68.09 111.47 0.0076073
chair 0 0 -10 177.50 66.23 290.95 169.49 0.0076046
table 0 0 -10 29.77 67.51 390.10 346.76 0.0073589
bed 0 0 -10 45.95 7.68 518.76 193.65 0.0073096
table 0 0 -10 1.09 138.47 76.95 374.15 0.0072779
night_stand 0 0 -10 122.78 107.44 315.64 234.35 0.0072175
sofa 0 0 -10 1.40 184.74 124.74 427.23 0.0071897
chair 0 0 -10 292.63 122.84 460.39 373.74 0.0069660
chair 0 0 -10 517.58 97.31 590.49 310.82 0.0069508
chair 0 0 -10 156.56 93.59 426.60 245.10 0.0066433
table 0 0 -10 0.19 65.18 42.04 106.65 0.0065628
table 0 0 -10 139.47 88.90 432.83 249.46 0.0064312
sofa 0 0 -10 249.68 121.31 477.99 423.06 0.0063128
table 0 0 -10 55.40 132.94 497.24 441.00 0.0061752
table 0 0 -10 542.27 148.31 586.67 241.03 0.0061692
chair 0 0 -10 275.28 98.84 546.44 416.56 0.0059796
chair 0 0 -10 0.73 52.70 88.05 320.10 0.0058736
table 0 0 -10 561.51 107.69 590.31 338.46 0.0057417
dresser 0 0 -10 121.45 105.48 315.00 235.90 0.0049293
table 0 0 -10 535.88 181.80 589.23 272.46 0.0048276
chair 0 0 -10 72.92 7.89 206.36 135.50 0.0047589
desk 0 0 -10 3.75 43.95 76.35 141.89 0.0047106
night_stand 0 0 -10 109.75 51.00 298.44 185.53 0.0044196
dresser 0 0 -10 14.91 5.00 180.52 118.68 0.0043102
table 0 0 -10 440.46 287.76 582.63 441.00 0.0043012
chair 0 0 -10 0.99 66.18 46.48 102.08 0.0041908
toilet 0 0 -10 121.22 108.87 312.47 237.00 0.0041817
sofa 0 0 -10 183.38 118.67 442.47 271.91 0.0040496
desk 0 0 -10 55.23 46.89 361.32 312.14 0.0040321
table 0 0 -10 0.09 75.68 39.43 135.26 0.0040033
chair 0 0 -10 359.23 0.78 515.03 139.36 0.0039017
chair 0 0 -10 2.60 309.00 97.57 439.40 0.0038321
table 0 0 -10 0.88 34.69 44.95 160.65 0.0036934
chair 0 0 -10 557.06 120.46 590.28 411.73 0.0036523
chair 0 0 -10 0.76 8.11 47.52 142.45 0.0035714
chair 0 0 -10 80.78 12.82 389.11 124.04 0.0035389
night_stand 0 0 -10 526.50 141.96 590.30 296.79 0.0035330
bed 0 0 -10 535.23 21.59 591.00 310.74 0.0035143
bed 0 0 -10 1.71 173.04 123.81 429.41 0.0035053
table 0 0 -10 188.93 4.37 515.22 71.22 0.0034187
sofa 0 0 -10 32.93 120.45 526.55 441.00 0.0033840
sofa 0 0 -10 288.22 106.09 508.76 301.36 0.0033749
chair 0 0 -10 109.53 122.96 326.69 312.66 0.0032136
bathtub 0 0 -10 107.70 105.08 323.79 233.24 0.0032082
desk 0 0 -10 0.34 8.92 93.60 114.80 0.0031587
table 0 0 -10 1.04 9.40 95.10 113.56 0.0031501
dresser 0 0 -10 110.49 49.62 295.93 189.27 0.0031396
table 0 0 -10 253.82 50.90 385.93 144.15 0.0030667
bed 0 0 -10 40.17 17.05 575.05 416.37 0.0030543
table 0 0 -10 0.68 36.48 87.88 301.07 0.0028371
table 0 0 -10 138.59 132.97 304.26 253.47 0.0028294
dresser 0 0 -10 0.97 202.66 123.18 436.00 0.0028279
table 0 0 -10 0.00 59.58 23.37 164.94 0.0027270
bookshelf 0 0 -10 122.72 97.02 313.23 231.60 0.0026533
