bathtub 0 0 -10 314.65 56.30 591.00 219.09 0.1733210
bathtub 0 0 -10 301.72 41.20 591.00 412.48 0.1366883
table 0 0 -10 10.44 14.26 315.73 441.00 0.0131979
desk 0 0 -10 20.47 20.37 330.93 441.00 0.0130930
bed 0 0 -10 11.90 7.45 322.79 441.00 0.0117620
desk 0 0 -10 281.43 52.95 591.00 441.00 0.0114457
bathtub 0 0 -10 28.21 41.70 375.39 422.45 0.0110104
dresser 0 0 -10 285.79 91.77 591.00 441.00 0.0066690
dresser 0 0 -10 98.83 7.07 307.31 151.57 0.0055689
chair 0 0 -10 22.71 29.93 317.99 441.00 0.0052539
table 0 0 -10 284.10 56.47 584.53 441.00 0.0047779
dresser 0 0 -10 14.69 16.17 336.47 424.31 0.0042033
bathtub 0 0 -10 95.78 0.30 534.06 168.38 0.0038763
sofa 0 0 -10 21.23 12.83 325.60 441.00 0.0038436
toilet 0 0 -10 22.75 22.26 350.66 441.00 0.0032271
bathtub 0 0 -10 497.85 77.42 591.00 439.69 0.0029431
table 0 0 -10 5.01 421.83 251.45 441.00 0.0020677
bookshelf 0 0 -10 27.55 3.60 325.10 428.22 0.0020188
table 0 0 -10 79.38 3.38 320.66 161.60 0.0018893
bathtub 0 0 -10 259.23 71.80 406.27 148.53 0.0016940
table 0 0 -10 37.17 400.16 254.30 440.06 0.0016446
chair 0 0 -10 17.23 332.95 350.66 441.00 0.0016057
chair 0 0 -10 320.10 0.86 393.21 38.10 0.0015836
chair 0 0 -10 37.62 398.35 261.85 441.00 0.0015265
bookshelf 0 0 -10 102.75 5.39 307.05 157.95 0.0015076
bathtub 0 0 -10 243.73 8.30 442.80 179.39 0.0014229
desk 0 0 -10 86.50 7.83 323.68 158.46 0.0013589
toilet 0 0 -10 264.08 46.31 572.15 441.00 0.0012704
bed 0 0 -10 311.63 324.13 582.56 438.53 0.0010449
bathtub 0 0 -10 301.68 269.50 588.28 435.56 0.0010415
bed 0 0 -10 27.41 309.21 550.83 441.00 0.0009617
bathtub 0 0 -10 401.90 122.58 591.00 440.48 0.0008648
chair 0 0 -10 89.78 5.35 296.07 185.86 0.0008485
chair 0 0 -10 232.75 0.00 403.91 125.42 0.0008388
table 0 0 -10 380.69 354.77 565.52 440.60 0.0008350
bathtub 0 0 -10 226.10 57.03 397.35 127.97 0.0007963
desk 0 0 -10 139.05 9.96 350.88 371.62 0.0007675
bathtub 0 0 -10 302.69 24.87 427.58 144.27 0.0007267
bed 0 0 -10 32.35 409.45 262.01 441.00 0.0006763
bathtub 0 0 -10 86.71 240.66 591.00 438.20 0.0006559
chair 0 0 -10 248.91 0.00 358.18 75.00 0.0006284
sofa 0 0 -10 38.59 399.23 261.98 440.94 0.0006198
desk 0 0 -10 49.21 10.99 412.80 234.40 0.0006187
bathtub 0 0 -10 526.52 57.24 589.81 282.43 0.0005605
sofa 0 0 -10 6.57 421.05 260.33 441.00 0.0005599
chair 0 0 -10 287.55 0.00 393.71 63.87 0.0005487
bathtub 0 0 -10 546.32 71.35 590.87 376.44 0.0005206
chair 0 0 -10 300.51 0.00 439.15 133.49 0.0004983
chair 0 0 -10 171.09 0.00 346.31 354.69 0.0004771
table 0 0 -10 292.39 325.61 571.69 439.00 0.0004383
chair 0 0 -10 154.08 240.67 322.17 438.16 0.0004272
table 0 0 -10 51.93 8.59 403.00 235.11 0.0004170
dresser 0 0 -10 160.97 11.60 341.74 369.49 0.0004165
bathtub 0 0 -10 270.82 34.79 470.19 239.59 0.0004045
chair 0 0 -10 321.31 0.00 396.87 116.48 0.0003967
chair 0 0 -10 207.64 0.00 329.21 185.29 0.0003964
bathtub 0 0 -10 223.12 62.31 534.73 284.32 0.0003836
bathtub 0 0 -10 310.15 77.49 418.99 140.20 0.0003826
chair 0 0 -10 115.89 353.30 291.34 441.00 0.0003802
bookshelf 0 0 -10 298.05 83.38 588.51 441.00 0.0003753
bed 0 0 -10 13.23 249.49 369.56 435.85 0.0003642
table 0 0 -10 31.34 303.69 524.05 441.00 0.0003542
table 0 0 -10 82.60 326.12 365.61 439.96 0.0003454
chair 0 0 -10 129.57 0.00 307.77 109.99 0.0003450
bathtub 0 0 -10 121.52 116.51 321.59 439.46 0.0003304
chair 0 0 -10 4.49 420.66 256.19 441.00 0.0003184
night_stand 0 0 -10 98.77 0.00 309.49 151.41 0.0002941
bathtub 0 0 -10 254.22 2.41 396.14 123.61 0.0002849
chair 0 0 -10 289.01 0.00 349.92 53.19 0.0002743
chair 0 0 -10 336.51 0.28 402.58 66.21 0.0002698
table 0 0 -10 36.98 347.25 270.11 440.95 0.0002646
table 0 0 -10 306.46 48.36 591.00 259.13 0.0002626
bathtub 0 0 -10 291.66 18.96 580.64 143.55 0.0002611
bed 0 0 -10 0.39 426.45 263.38 441.00 0.0002563
bed 0 0 -10 82.09 330.97 382.48 440.59 0.0002526
table 0 0 -10 5.85 264.90 324.56 440.02 0.0002510
bathtub 0 0 -10 542.30 46.19 591.00 205.12 0.0002381
bathtub 0 0 -10 432.15 301.47 590.50 438.64 0.0002361
bed 0 0 -10 284.07 70.44 591.00 441.00 0.0002309
dresser 0 0 -10 191.04 9.62 403.01 169.36 0.0002299
bathtub 0 0 -10 69.00 0.64 324.90 164.35 0.0002277
table 0 0 -10 136.98 8.84 347.72 374.24 0.0002188
bathtub 0 0 -10 17.62 255.09 367.07 435.21 0.0002165
table 0 0 -10 460.51 383.65 584.30 440.54 0.0002154
bathtub 0 0 -10 360.51 8.64 435.31 126.44 0.0002090
bed 0 0 -10 76.30 0.70 319.40 159.38 0.0002079
table 0 0 -10 0.00 12.47 99.97 419.11 0.0002056
table 0 0 -10 97.51 1.19 402.38 92.64 0.0001899
chair 0 0 -10 16.60 250.32 438.77 438.33 0.0001879
chair 0 0 -10 251.70 35.09 553.71 441.00 0.0001864
chair 0 0 -10 510.44 224.16 590.01 426.06 0.0001806
bathtub 0 0 -10 568.44 16.67 591.00 261.78 0.0001787
bathtub 0 0 -10 474.27 57.09 591.00 216.55 0.0001752
chair 0 0 -10 218.93 1.25 406.43 42.52 0.0001743
dresser 0 0 -10 72.03 14.84 371.27 225.61 0.0001718
bathtub 0 0 -10 401.42 59.34 563.09 176.37 0.0001669
bathtub 0 0 -10 36.75 398.19 259.68 439.89 0.0001626
bathtub 0 0 -10 310.12 54.78 404.68 178.34 0.0001618
table 0 0 -10 55.15 186.09 397.96 439.25 0.0001538
chair 0 0 -10 27.22 4.50 273.43 276.22 0.0001530
