chair 0 0 -10 1.92 361.54 106.78 440.52 0.9488121
chair 0 0 -10 30.87 344.24 141.21 440.33 0.8798768
bookshelf 0 0 -10 279.41 222.51 563.32 438.88 0.8184175
table 0 0 -10 0.98 333.13 126.12 438.15 0.6309266
chair 0 0 -10 12.20 316.03 97.16 391.94 0.6131291
chair 0 0 -10 85.51 337.86 142.08 439.81 0.3294109
chair 0 0 -10 5.88 326.24 65.68 386.80 0.2365657
table 0 0 -10 0.00 344.40 122.11 388.78 0.2037220
chair 0 0 -10 37.27 314.75 125.28 409.49 0.1384195
chair 0 0 -10 115.58 337.90 141.87 441.00 0.1252478
chair 0 0 -10 15.52 313.47 90.03 356.90 0.1059095
chair 0 0 -10 28.75 355.52 105.60 407.45 0.0876911
dresser 0 0 -10 563.10 387.27 591.00 440.91 0.0874915
bookshelf 0 0 -10 286.70 315.02 535.37 441.00 0.0846023
chair 0 0 -10 0.00 345.77 49.41 429.03 0.0835181
desk 0 0 -10 1.40 337.63 121.64 413.88 0.0627726
chair 0 0 -10 0.07 344.60 49.19 385.07 0.0517256
chair 0 0 -10 21.02 338.63 81.11 362.36 0.0384898
table 0 0 -10 128.46 363.92 232.80 441.00 0.0368731
chair 0 0 -10 39.26 374.13 99.45 406.78 0.0362071
table 0 0 -10 248.83 421.06 327.31 439.85 0.0333353
chair 0 0 -10 5.24 350.27 89.38 394.04 0.0281310
table 0 0 -10 0.00 344.83 19.50 434.97 0.0241822
desk 0 0 -10 1.54 346.91 170.99 441.00 0.0239554
chair 0 0 -10 56.51 343.10 130.59 401.82 0.0230089
night_stand 0 0 -10 564.14 394.74 591.00 440.87 0.0228224
chair 0 0 -10 2.03 271.18 110.46 441.00 0.0221285
table 0 0 -10 16.47 318.99 125.03 377.98 0.0218523
table 0 0 -10 1.79 358.82 104.07 411.35 0.0217955
chair 0 0 -10 46.95 354.63 81.26 380.54 0.0211842
desk 0 0 -10 274.14 225.78 568.76 427.79 0.0203528
chair 0 0 -10 28.24 350.51 52.36 370.55 0.0202970
dresser 0 0 -10 282.44 230.90 572.83 434.34 0.0194305
table 0 0 -10 225.16 428.82 325.98 440.69 0.0186745
chair 0 0 -10 52.03 334.97 84.39 367.72 0.0183746
chair 0 0 -10 38.90 329.25 112.45 375.68 0.0169223
chair 0 0 -10 19.37 351.66 67.45 369.60 0.0146629
chair 0 0 -10 1.75 359.89 59.64 397.29 0.0143828
chair 0 0 -10 0.22 324.05 36.30 408.04 0.0142414
table 0 0 -10 0.00 344.15 47.71 407.48 0.0141454
table 0 0 -10 563.76 389.35 589.73 440.78 0.0122633
desk 0 0 -10 1.29 342.13 100.38 381.70 0.0122531
chair 0 0 -10 35.14 356.96 63.86 382.30 0.0104416
chair 0 0 -10 0.90 400.07 181.84 440.52 0.0104039
chair 0 0 -10 86.45 329.90 211.35 441.00 0.0096467
chair 0 0 -10 44.14 354.60 66.63 376.21 0.0096254
chair 0 0 -10 2.26 336.78 15.36 416.23 0.0092823
table 0 0 -10 0.10 341.48 83.92 375.06 0.0092668
table 0 0 -10 8.76 436.71 100.73 440.84 0.0092666
chair 0 0 -10 5.52 363.90 69.33 384.26 0.0091830
bookshelf 0 0 -10 351.74 233.48 434.33 438.04 0.0091613
sofa 0 0 -10 562.29 376.12 590.50 439.22 0.0090998
chair 0 0 -10 31.57 342.26 59.98 367.27 0.0089992
chair 0 0 -10 34.33 365.01 96.02 387.03 0.0085440
table 0 0 -10 183.27 418.39 336.38 440.03 0.0084905
bookshelf 0 0 -10 294.71 234.61 386.73 433.88 0.0084840
chair 0 0 -10 34.48 356.86 80.70 372.50 0.0084638
table 0 0 -10 1.59 393.48 97.84 441.00 0.0084624
chair 0 0 -10 37.53 316.41 121.63 358.47 0.0083233
table 0 0 -10 292.59 225.30 555.86 435.30 0.0083070
table 0 0 -10 0.00 347.15 19.13 375.56 0.0078046
chair 0 0 -10 0.00 345.45 20.10 440.09 0.0076986
desk 0 0 -10 0.00 299.20 107.82 440.71 0.0076680
table 0 0 -10 0.00 360.59 112.11 382.05 0.0073122
table 0 0 -10 0.00 344.68 247.90 441.00 0.0065407
chair 0 0 -10 7.91 369.65 91.67 391.01 0.0064356
chair 0 0 -10 24.35 318.99 82.91 346.19 0.0063340
chair 0 0 -10 107.71 335.21 161.78 441.00 0.0063019
table 0 0 -10 0.00 342.88 28.34 395.18 0.0062600
chair 0 0 -10 33.13 353.88 58.10 373.96 0.0062295
chair 0 0 -10 3.02 332.42 8.31 436.60 0.0060129
chair 0 0 -10 33.95 359.73 92.38 377.95 0.0059211
chair 0 0 -10 63.39 315.10 124.99 377.34 0.0058081
table 0 0 -10 6.25 431.88 103.87 440.54 0.0057225
bookshelf 0 0 -10 272.63 267.34 445.71 439.51 0.0057207
chair 0 0 -10 101.81 338.04 141.10 409.80 0.0056455
table 0 0 -10 2.16 401.19 191.68 440.31 0.0056209
chair 0 0 -10 31.76 306.50 142.92 371.16 0.0056125
chair 0 0 -10 7.11 332.63 25.09 378.14 0.0055926
chair 0 0 -10 77.56 337.61 141.61 382.73 0.0053716
bookshelf 0 0 -10 119.92 264.17 524.52 432.91 0.0052689
chair 0 0 -10 22.37 341.05 47.29 367.70 0.0052229
table 0 0 -10 1.84 341.26 15.16 412.12 0.0051030
desk 0 0 -10 563.81 386.29 591.00 441.00 0.0048840
desk 0 0 -10 0.55 365.62 103.67 437.27 0.0044640
table 0 0 -10 112.07 321.20 247.57 441.00 0.0044510
table 0 0 -10 212.06 433.95 298.50 440.94 0.0042667
table 0 0 -10 3.89 343.35 9.47 434.44 0.0041668
table 0 0 -10 117.32 406.35 340.36 439.22 0.0040478
table 0 0 -10 3.25 422.03 132.48 441.00 0.0039319
sofa 0 0 -10 0.73 341.61 133.62 441.00 0.0037551
bookshelf 0 0 -10 263.56 403.75 560.03 440.42 0.0035712
chair 0 0 -10 17.89 327.20 36.06 379.24 0.0035111
chair 0 0 -10 22.90 356.91 52.06 382.09 0.0032812
table 0 0 -10 63.85 402.06 262.44 440.08 0.0032192
desk 0 0 -10 247.51 426.98 333.23 439.76 0.0031793
bookshelf 0 0 -10 246.76 426.54 335.63 440.05 0.0031011
desk 0 0 -10 0.17 344.80 64.87 399.16 0.0030418
chair 0 0 -10 3.06 421.36 135.40 441.00 0.0028863
chair 0 0 -10 374.45 168.92 446.82 231.38 0.0028728
