desk 0 0 -10 75.79 330.72 355.58 440.69 0.3752379
desk 0 0 -10 286.45 310.01 585.48 440.02 0.2674794
table 0 0 -10 26.54 330.97 378.91 439.37 0.2025445
chair 0 0 -10 4.24 358.09 308.21 438.84 0.1621462
chair 0 0 -10 0.00 327.67 151.51 441.00 0.0960647
bathtub 0 0 -10 287.67 303.15 586.69 436.23 0.0827023
bathtub 0 0 -10 6.97 315.52 366.68 437.63 0.0692408
table 0 0 -10 107.58 348.76 314.04 441.00 0.0649299
table 0 0 -10 331.76 330.65 585.16 438.37 0.0411749
desk 0 0 -10 96.75 286.95 573.86 441.00 0.0406167
bathtub 0 0 -10 126.56 340.15 346.45 440.64 0.0276692
bathtub 0 0 -10 56.22 279.38 564.70 435.61 0.0253214
desk 0 0 -10 0.00 262.26 392.72 435.26 0.0197805
table 0 0 -10 186.80 333.53 347.71 440.09 0.0151936
dresser 0 0 -10 63.26 333.57 362.13 441.00 0.0138243
toilet 0 0 -10 99.50 336.42 336.07 441.00 0.0131829
table 0 0 -10 100.07 286.36 562.37 441.00 0.0087056
chair 0 0 -10 337.68 346.71 548.68 440.31 0.0086401
chair 0 0 -10 0.00 318.71 78.50 438.94 0.0077106
night_stand 0 0 -10 130.23 338.81 352.28 441.00 0.0075634
chair 0 0 -10 196.37 340.16 331.23 438.25 0.0075437
chair 0 0 -10 0.00 376.98 133.70 441.00 0.0075416
bed 0 0 -10 18.77 329.55 372.20 439.69 0.0066948
chair 0 0 -10 17.22 390.83 268.97 440.19 0.0052078
sofa 0 0 -10 8.91 348.72 370.46 440.02 0.0043500
bathtub 0 0 -10 115.02 295.74 381.68 411.91 0.0039993
dresser 0 0 -10 0.00 245.14 382.53 433.07 0.0035503
desk 0 0 -10 213.12 337.12 369.50 441.00 0.0035315
bookshelf 0 0 -10 21.49 3.20 306.06 165.38 0.0034535
bookshelf 0 0 -10 29.58 29.56 355.81 429.74 0.0027621
chair 0 0 -10 87.69 332.81 365.37 441.00 0.0026899
chair 0 0 -10 0.00 238.76 268.59 436.03 0.0026220
dresser 0 0 -10 323.58 338.88 591.00 440.42 0.0026076
dresser 0 0 -10 189.96 337.48 342.03 441.00 0.0026012
chair 0 0 -10 3.07 422.08 83.70 440.81 0.0025878
table 0 0 -10 2.96 281.60 200.44 440.68 0.0022642
chair 0 0 -10 394.74 306.29 580.10 431.78 0.0022622
chair 0 0 -10 0.00 191.67 125.98 432.73 0.0021852
desk 0 0 -10 62.50 382.96 342.03 439.51 0.0021059
bathtub 0 0 -10 293.83 309.39 591.00 376.98 0.0020487
night_stand 0 0 -10 331.67 339.24 591.00 439.79 0.0018138
bed 0 0 -10 107.60 348.90 312.67 441.00 0.0018035
desk 0 0 -10 319.59 323.77 587.14 394.73 0.0017079
chair 0 0 -10 560.64 295.38 591.00 436.70 0.0016265
bathtub 0 0 -10 232.01 256.26 578.22 374.41 0.0015564
bookshelf 0 0 -10 19.59 331.58 372.29 439.88 0.0014149
bathtub 0 0 -10 7.47 158.46 399.37 422.03 0.0013364
toilet 0 0 -10 300.62 300.65 572.55 438.46 0.0013052
desk 0 0 -10 28.05 132.35 542.59 429.97 0.0013002
night_stand 0 0 -10 12.98 317.74 378.15 438.24 0.0012624
dresser 0 0 -10 17.45 73.58 369.51 430.12 0.0011030
desk 0 0 -10 4.80 297.78 253.94 438.02 0.0010925
bathtub 0 0 -10 169.95 309.38 493.35 424.84 0.0010557
chair 0 0 -10 2.06 407.44 125.73 440.85 0.0010473
bed 0 0 -10 2.43 141.09 397.84 432.55 0.0010388
table 0 0 -10 32.87 234.55 371.97 434.29 0.0010382
chair 0 0 -10 435.79 367.80 589.47 440.25 0.0010364
chair 0 0 -10 540.64 134.65 591.00 416.70 0.0009896
table 0 0 -10 563.64 376.68 589.77 440.03 0.0009870
bookshelf 0 0 -10 39.38 0.00 476.00 301.31 0.0009805
bed 0 0 -10 288.33 269.43 587.63 439.11 0.0009401
table 0 0 -10 282.88 301.49 588.64 397.87 0.0009234
chair 0 0 -10 487.44 241.69 591.00 406.89 0.0009058
toilet 0 0 -10 59.69 275.55 525.83 441.00 0.0008704
table 0 0 -10 2.60 311.13 91.05 441.00 0.0008635
bookshelf 0 0 -10 23.77 3.87 157.16 170.45 0.0008513
chair 0 0 -10 575.42 270.17 591.00 441.00 0.0008290
dresser 0 0 -10 74.27 281.72 556.40 441.00 0.0008121
chair 0 0 -10 483.22 253.70 567.23 345.96 0.0007658
dresser 0 0 -10 281.73 241.26 590.97 437.39 0.0006711
chair 0 0 -10 484.58 262.11 558.57 312.75 0.0006631
chair 0 0 -10 562.43 377.46 590.76 441.00 0.0006507
table 0 0 -10 574.81 339.99 590.53 439.98 0.0005614
desk 0 0 -10 179.55 284.11 360.97 434.38 0.0005565
chair 0 0 -10 0.49 102.95 70.64 301.55 0.0005382
toilet 0 0 -10 19.42 296.70 350.24 429.02 0.0005068
bathtub 0 0 -10 203.01 319.69 363.09 413.76 0.0004875
desk 0 0 -10 217.62 194.37 584.26 429.72 0.0004815
chair 0 0 -10 256.43 374.43 486.85 441.00 0.0004792
chair 0 0 -10 556.23 212.06 591.00 396.84 0.0004749
desk 0 0 -10 77.41 168.47 355.82 427.23 0.0004740
sofa 0 0 -10 333.09 341.07 587.51 438.93 0.0004508
desk 0 0 -10 306.97 382.37 580.18 440.26 0.0004383
toilet 0 0 -10 199.05 328.50 351.27 434.41 0.0004269
table 0 0 -10 563.38 315.97 589.03 429.43 0.0004268
table 0 0 -10 58.33 399.78 339.13 438.70 0.0004264
chair 0 0 -10 571.65 235.22 589.28 355.18 0.0004136
sofa 0 0 -10 0.78 286.21 203.37 440.25 0.0003919
chair 0 0 -10 41.87 274.63 446.22 441.00 0.0003847
chair 0 0 -10 312.48 390.06 572.97 440.15 0.0003813
sofa 0 0 -10 1.87 298.33 108.08 439.73 0.0003691
chair 0 0 -10 0.00 94.70 174.61 406.46 0.0003606
chair 0 0 -10 482.78 315.33 589.53 431.05 0.0003511
bathtub 0 0 -10 275.34 184.96 591.00 428.46 0.0003484
bookshelf 0 0 -10 0.98 8.91 43.16 299.76 0.0003424
bed 0 0 -10 82.18 274.48 545.55 441.00 0.0003386
desk 0 0 -10 2.63 294.43 132.61 436.11 0.0003370
dresser 0 0 -10 15.83 8.53 311.21 158.17 0.0003351
table 0 0 -10 0.37 152.77 54.07 281.24 0.0003334
chair 0 0 -10 581.11 240.13 588.03 357.67 0.0003330
