table 0 0 -10 416.13 300.39 500.42 379.77 0.6551775
desk 0 0 -10 417.17 301.14 499.17 382.38 0.3628197
bookshelf 0 0 -10 187.91 96.07 420.20 436.81 0.2507944
table 0 0 -10 396.76 348.57 567.22 441.00 0.2203588
table 0 0 -10 415.60 290.30 528.93 408.68 0.1758627
table 0 0 -10 424.89 387.04 541.69 441.00 0.0695585
dresser 0 0 -10 148.31 88.89 422.38 440.01 0.0627554
chair 0 0 -10 417.29 316.38 495.15 369.91 0.0595168
table 0 0 -10 499.11 373.32 591.00 427.64 0.0546101
bookshelf 0 0 -10 298.06 104.90 421.04 428.55 0.0491680
desk 0 0 -10 413.07 288.36 535.57 402.01 0.0303759
desk 0 0 -10 498.49 369.78 590.59 431.31 0.0265416
table 0 0 -10 449.36 364.21 586.51 434.53 0.0254864
night_stand 0 0 -10 412.87 304.99 502.16 380.79 0.0253675
bookshelf 0 0 -10 381.82 115.49 427.76 389.13 0.0232775
bookshelf 0 0 -10 306.39 202.89 410.23 390.11 0.0220482
desk 0 0 -10 393.21 371.00 585.47 440.98 0.0218009
chair 0 0 -10 403.36 354.94 544.83 440.87 0.0177618
bookshelf 0 0 -10 400.81 112.66 438.44 386.34 0.0177102
sofa 0 0 -10 390.99 357.67 584.70 441.00 0.0171309
table 0 0 -10 420.00 302.14 571.61 369.55 0.0162978
table 0 0 -10 376.62 400.71 584.59 438.82 0.0155086
chair 0 0 -10 61.84 276.59 394.07 441.00 0.0131938
bookshelf 0 0 -10 339.57 174.88 492.29 395.64 0.0131744
dresser 0 0 -10 188.31 89.39 359.94 365.81 0.0113659
chair 0 0 -10 406.63 329.81 495.65 416.73 0.0091814
bed 0 0 -10 531.46 361.75 589.39 433.14 0.0091555
bookshelf 0 0 -10 359.29 130.87 411.85 423.66 0.0091451
desk 0 0 -10 171.60 74.75 427.47 421.25 0.0090466
table 0 0 -10 423.01 316.19 529.14 362.10 0.0083334
table 0 0 -10 427.77 303.46 512.42 350.79 0.0081941
chair 0 0 -10 440.41 304.48 502.78 362.25 0.0075844
chair 0 0 -10 215.81 285.60 415.85 441.00 0.0073465
table 0 0 -10 178.93 87.53 415.85 426.92 0.0073037
desk 0 0 -10 393.73 302.37 586.87 433.06 0.0072631
dresser 0 0 -10 420.58 302.84 495.95 370.40 0.0071000
chair 0 0 -10 426.03 299.63 503.72 392.39 0.0070855
table 0 0 -10 410.18 358.77 493.18 419.95 0.0070282
table 0 0 -10 360.05 288.44 574.89 439.51 0.0067430
table 0 0 -10 455.78 375.89 575.62 415.72 0.0065738
bed 0 0 -10 554.69 363.02 590.27 419.27 0.0057269
table 0 0 -10 413.16 229.63 506.53 394.87 0.0057001
desk 0 0 -10 414.48 215.52 506.85 350.75 0.0048632
chair 0 0 -10 56.31 322.46 208.38 439.32 0.0043774
bookshelf 0 0 -10 348.46 212.38 450.20 364.10 0.0042302
chair 0 0 -10 413.18 262.12 493.54 378.39 0.0040788
chair 0 0 -10 418.28 290.63 474.65 360.78 0.0040186
desk 0 0 -10 418.29 301.62 574.37 370.36 0.0040001
table 0 0 -10 410.16 335.32 496.94 391.22 0.0037600
bathtub 0 0 -10 421.50 302.37 494.78 366.10 0.0037183
night_stand 0 0 -10 407.03 329.11 504.68 431.64 0.0035877
bed 0 0 -10 43.93 76.67 429.41 441.00 0.0033731
bookshelf 0 0 -10 421.70 301.00 495.32 370.85 0.0032829
dresser 0 0 -10 302.18 104.52 429.70 439.12 0.0032771
bookshelf 0 0 -10 267.03 57.60 527.10 422.54 0.0031235
desk 0 0 -10 427.45 302.55 511.67 350.84 0.0030273
bed 0 0 -10 415.31 300.52 497.72 365.53 0.0030113
toilet 0 0 -10 409.25 306.46 498.99 383.62 0.0029302
table 0 0 -10 356.19 292.97 505.61 372.30 0.0027667
sofa 0 0 -10 420.78 303.33 496.02 370.87 0.0027215
bookshelf 0 0 -10 340.44 200.32 580.65 434.96 0.0026467
table 0 0 -10 392.95 427.83 583.58 440.91 0.0026369
chair 0 0 -10 432.79 330.77 523.77 378.52 0.0025131
chair 0 0 -10 418.71 207.06 496.10 335.24 0.0023363
table 0 0 -10 458.61 362.33 522.14 426.61 0.0022732
table 0 0 -10 422.00 296.41 494.04 333.94 0.0021991
chair 0 0 -10 404.53 308.28 580.39 436.93 0.0021867
sofa 0 0 -10 510.42 357.45 590.63 431.83 0.0021706
bookshelf 0 0 -10 401.73 290.84 583.28 435.10 0.0021098
chair 0 0 -10 509.02 392.44 587.09 440.15 0.0020912
dresser 0 0 -10 400.09 301.84 584.61 436.46 0.0020862
sofa 0 0 -10 410.08 300.92 586.38 427.60 0.0020760
desk 0 0 -10 366.53 409.08 591.00 440.74 0.0020656
table 0 0 -10 420.86 208.25 499.43 328.68 0.0020379
bookshelf 0 0 -10 555.78 356.96 590.46 416.97 0.0019857
chair 0 0 -10 319.45 295.08 492.08 441.00 0.0019466
chair 0 0 -10 408.60 401.59 587.24 440.65 0.0019419
table 0 0 -10 46.46 174.29 405.93 434.22 0.0018947
table 0 0 -10 554.41 366.13 590.31 416.60 0.0018763
bookshelf 0 0 -10 400.44 185.95 514.15 382.98 0.0018563
table 0 0 -10 425.22 415.98 582.19 440.85 0.0018335
bed 0 0 -10 390.36 352.37 581.53 441.00 0.0018171
desk 0 0 -10 420.06 315.98 529.31 361.71 0.0018119
desk 0 0 -10 405.52 321.08 510.14 432.11 0.0018027
bookshelf 0 0 -10 511.82 366.04 591.00 421.33 0.0017629
dresser 0 0 -10 381.98 120.14 428.58 383.27 0.0017255
desk 0 0 -10 454.99 390.54 591.00 441.00 0.0016884
night_stand 0 0 -10 409.70 297.74 535.19 408.43 0.0016501
bookshelf 0 0 -10 26.80 208.97 416.69 430.88 0.0016218
chair 0 0 -10 130.79 159.68 408.58 434.59 0.0015562
table 0 0 -10 86.99 325.82 532.26 441.00 0.0015157
chair 0 0 -10 412.91 356.47 497.45 402.74 0.0014665
dresser 0 0 -10 407.32 256.67 504.33 407.25 0.0014587
chair 0 0 -10 275.03 25.72 317.20 87.97 0.0014306
chair 0 0 -10 554.94 366.26 591.00 429.58 0.0014201
bed 0 0 -10 413.92 423.35 587.17 440.85 0.0013804
bookshelf 0 0 -10 340.85 145.13 399.73 388.19 0.0013363
table 0 0 -10 215.15 353.15 476.64 440.74 0.0012713
night_stand 0 0 -10 398.83 350.67 559.26 441.00 0.0012507
bookshelf 0 0 -10 299.62 209.18 350.58 358.64 0.0012481
