table 0 0 -10 0.00 203.29 94.03 367.96 0.6680009
desk 0 0 -10 0.95 195.25 101.23 364.87 0.6108992
bookshelf 0 0 -10 138.67 5.79 190.59 200.38 0.4140772
desk 0 0 -10 78.98 139.51 144.24 213.64 0.1816429
bookshelf 0 0 -10 95.72 9.10 199.53 200.34 0.0745923
chair 0 0 -10 3.36 198.07 92.32 354.56 0.0567565
table 0 0 -10 0.00 197.54 100.59 274.24 0.0555991
desk 0 0 -10 1.54 201.08 73.47 317.50 0.0524161
desk 0 0 -10 1.45 197.05 98.04 273.73 0.0470495
dresser 0 0 -10 134.94 8.65 204.68 200.38 0.0382509
bookshelf 0 0 -10 157.39 20.98 203.30 202.80 0.0324044
desk 0 0 -10 13.38 138.61 142.14 215.86 0.0236872
table 0 0 -10 3.16 187.65 149.40 429.19 0.0236677
chair 0 0 -10 0.00 215.86 59.62 343.20 0.0224335
bookshelf 0 0 -10 135.93 5.29 166.89 192.80 0.0204039
table 0 0 -10 83.90 144.08 147.54 212.93 0.0180871
chair 0 0 -10 22.65 174.30 104.83 322.34 0.0164952
dresser 0 0 -10 63.46 6.70 203.16 166.67 0.0149685
table 0 0 -10 240.79 257.73 264.30 282.60 0.0115059
chair 0 0 -10 1.87 121.50 49.42 282.97 0.0088628
chair 0 0 -10 341.93 183.80 405.01 208.06 0.0078963
chair 0 0 -10 1.76 184.34 78.05 288.79 0.0078721
chair 0 0 -10 344.17 178.17 404.20 227.14 0.0078401
desk 0 0 -10 2.43 117.13 126.92 250.99 0.0071344
bookshelf 0 0 -10 94.18 6.75 159.92 164.33 0.0066154
table 0 0 -10 0.00 219.89 22.82 362.79 0.0056757
chair 0 0 -10 107.69 1.32 217.04 196.73 0.0055152
bookshelf 0 0 -10 145.30 87.72 186.99 201.92 0.0053486
chair 0 0 -10 340.24 157.99 408.01 244.90 0.0052634
dresser 0 0 -10 0.00 206.54 103.53 365.45 0.0048042
bookshelf 0 0 -10 130.26 10.43 232.76 202.58 0.0045853
chair 0 0 -10 29.82 190.64 95.61 260.63 0.0045300
chair 0 0 -10 0.14 103.52 27.27 310.70 0.0045213
table 0 0 -10 198.14 177.13 566.10 248.42 0.0041215
table 0 0 -10 0.00 210.51 47.03 367.26 0.0038539
chair 0 0 -10 0.00 231.71 37.39 363.33 0.0037857
table 0 0 -10 23.90 139.47 143.29 209.90 0.0037324
bed 0 0 -10 1.50 192.99 103.74 364.45 0.0036919
table 0 0 -10 4.32 219.10 10.54 350.75 0.0035781
night_stand 0 0 -10 2.61 200.75 91.82 375.98 0.0032708
chair 0 0 -10 240.82 258.30 264.43 282.52 0.0032374
desk 0 0 -10 2.77 101.16 87.74 187.06 0.0029163
table 0 0 -10 265.39 174.56 536.05 203.03 0.0028726
bathtub 0 0 -10 0.00 213.97 103.65 372.27 0.0024674
table 0 0 -10 18.75 184.85 394.26 437.09 0.0024657
table 0 0 -10 4.82 203.72 66.39 320.92 0.0023700
table 0 0 -10 6.62 192.07 11.54 362.03 0.0022772
table 0 0 -10 340.83 186.60 403.19 204.19 0.0022728
desk 0 0 -10 45.39 139.88 140.45 176.59 0.0022579
table 0 0 -10 208.55 138.56 570.20 210.51 0.0022396
chair 0 0 -10 0.00 107.44 63.10 197.68 0.0022225
dresser 0 0 -10 167.24 31.51 196.70 201.59 0.0020499
table 0 0 -10 0.13 119.02 127.56 249.12 0.0020385
table 0 0 -10 328.02 270.09 463.51 326.44 0.0020212
desk 0 0 -10 40.94 130.78 165.13 191.63 0.0018616
table 0 0 -10 154.63 192.36 547.40 327.15 0.0018256
bookshelf 0 0 -10 142.23 65.43 185.95 156.89 0.0017388
dresser 0 0 -10 94.73 6.93 160.13 158.03 0.0017371
dresser 0 0 -10 84.51 141.54 145.54 209.30 0.0017339
chair 0 0 -10 0.91 195.46 60.53 261.00 0.0016552
table 0 0 -10 2.34 104.47 86.34 187.36 0.0016092
bookshelf 0 0 -10 23.64 7.41 179.68 168.62 0.0015575
chair 0 0 -10 1.89 181.55 20.82 354.60 0.0015199
chair 0 0 -10 0.94 220.98 125.35 408.62 0.0015067
desk 0 0 -10 53.56 4.47 208.02 167.35 0.0014880
chair 0 0 -10 5.82 210.93 11.70 345.99 0.0014678
table 0 0 -10 1.72 227.87 9.00 367.27 0.0013944
chair 0 0 -10 0.00 230.71 42.68 302.57 0.0013602
dresser 0 0 -10 140.34 10.40 179.34 177.08 0.0012974
table 0 0 -10 152.39 137.23 556.94 412.75 0.0012701
desk 0 0 -10 2.27 186.36 155.23 434.58 0.0012036
table 0 0 -10 3.63 230.22 7.82 333.12 0.0011841
chair 0 0 -10 137.06 15.03 195.03 206.31 0.0011812
desk 0 0 -10 3.35 127.16 53.05 279.80 0.0011247
chair 0 0 -10 0.00 135.23 87.65 258.05 0.0011245
table 0 0 -10 528.90 185.19 589.89 422.21 0.0010859
chair 0 0 -10 349.29 161.94 403.89 210.59 0.0010836
table 0 0 -10 233.96 251.89 267.69 287.66 0.0010798
desk 0 0 -10 0.00 96.46 192.13 206.60 0.0010678
chair 0 0 -10 7.34 198.50 13.51 330.53 0.0010612
sofa 0 0 -10 0.81 203.59 101.56 363.74 0.0010571
desk 0 0 -10 242.50 260.32 265.39 282.59 0.0010249
table 0 0 -10 0.00 107.38 189.51 377.46 0.0010140
table 0 0 -10 249.27 162.70 537.55 193.73 0.0009976
bookshelf 0 0 -10 173.11 49.50 199.13 200.31 0.0009537
desk 0 0 -10 58.43 150.00 176.46 216.37 0.0009472
desk 0 0 -10 0.80 181.89 42.49 351.18 0.0009020
sofa 0 0 -10 0.98 193.71 98.25 273.40 0.0008966
chair 0 0 -10 2.68 111.91 33.03 228.51 0.0008957
dresser 0 0 -10 145.19 98.48 187.32 201.49 0.0008906
desk 0 0 -10 141.69 17.08 202.75 202.59 0.0008805
bookshelf 0 0 -10 69.70 47.27 190.04 149.72 0.0008707
chair 0 0 -10 35.76 134.08 105.84 269.57 0.0008699
chair 0 0 -10 4.14 103.31 17.15 287.53 0.0008648
desk 0 0 -10 1.71 99.68 53.61 158.54 0.0008645
table 0 0 -10 145.12 106.42 185.84 204.39 0.0008317
chair 0 0 -10 0.36 100.02 46.55 159.31 0.0007936
chair 0 0 -10 16.48 104.64 56.49 178.24 0.0007733
chair 0 0 -10 145.49 97.60 185.78 204.76 0.0007628
chair 0 0 -10 18.16 108.96 85.70 184.66 0.0007608
