sofa 0 0 -10 121.60 10.40 515.90 343.61 0.9880775
bed 0 0 -10 112.28 49.99 511.65 330.21 0.0702795
table 0 0 -10 4.17 14.20 214.30 169.33 0.0442586
table 0 0 -10 0.00 207.34 103.15 307.54 0.0042191
table 0 0 -10 501.70 221.26 587.36 439.16 0.0035625
table 0 0 -10 0.00 159.86 78.31 368.69 0.0027846
chair 0 0 -10 124.43 48.66 479.68 325.79 0.0027623
table 0 0 -10 121.54 64.40 487.16 331.07 0.0027323
table 0 0 -10 27.43 1.83 205.60 95.99 0.0025483
bed 0 0 -10 455.48 192.59 588.42 441.00 0.0023975
chair 0 0 -10 500.27 207.43 591.00 434.22 0.0021543
chair 0 0 -10 96.81 1.35 202.76 108.68 0.0019702
table 0 0 -10 10.13 154.72 267.71 421.82 0.0015038
sofa 0 0 -10 491.22 184.65 588.35 441.00 0.0014680
desk 0 0 -10 118.85 54.87 496.18 327.62 0.0014476
sofa 0 0 -10 2.02 142.46 572.59 441.00 0.0014301
table 0 0 -10 2.75 15.02 242.74 344.79 0.0013925
table 0 0 -10 0.86 166.92 154.61 328.39 0.0011852
table 0 0 -10 51.49 60.27 191.98 172.24 0.0011370
chair 0 0 -10 544.94 10.56 590.51 274.95 0.0010684
table 0 0 -10 517.94 192.59 588.63 370.33 0.0010566
table 0 0 -10 403.35 165.67 580.81 434.35 0.0010441
table 0 0 -10 11.54 137.91 546.23 440.73 0.0009096
table 0 0 -10 0.00 50.38 105.91 421.30 0.0008990
bathtub 0 0 -10 0.12 103.79 105.53 396.63 0.0008097
sofa 0 0 -10 534.27 213.95 588.59 440.29 0.0007665
sofa 0 0 -10 161.20 9.96 503.37 167.82 0.0007342
bed 0 0 -10 527.91 191.07 590.35 441.00 0.0007160
desk 0 0 -10 3.38 5.09 214.30 172.23 0.0006908
sofa 0 0 -10 10.23 2.34 243.91 176.66 0.0006896
dresser 0 0 -10 111.01 54.89 506.05 329.84 0.0006630
chair 0 0 -10 0.00 186.24 86.70 432.86 0.0006190
bookshelf 0 0 -10 124.92 30.44 495.52 321.97 0.0006010
table 0 0 -10 467.53 180.26 584.65 390.45 0.0005593
table 0 0 -10 548.28 195.42 589.24 440.92 0.0005506
sofa 0 0 -10 352.64 185.23 591.00 441.00 0.0005260
table 0 0 -10 519.91 192.32 587.25 281.29 0.0004987
chair 0 0 -10 85.32 0.00 247.64 189.60 0.0004707
desk 0 0 -10 532.68 224.17 590.61 441.00 0.0004436
dresser 0 0 -10 533.59 223.95 589.62 441.00 0.0004341
bathtub 0 0 -10 3.09 122.90 61.97 364.82 0.0004330
chair 0 0 -10 51.21 63.32 397.72 402.42 0.0004134
sofa 0 0 -10 120.98 10.74 387.70 230.14 0.0003967
bed 0 0 -10 0.00 142.59 574.49 439.50 0.0003896
bathtub 0 0 -10 7.16 94.09 93.57 284.85 0.0003732
table 0 0 -10 0.00 184.77 130.57 280.73 0.0003647
sofa 0 0 -10 3.61 16.89 269.19 346.75 0.0003408
table 0 0 -10 2.30 153.45 44.06 415.48 0.0003381
dresser 0 0 -10 490.64 179.16 587.58 437.34 0.0003354
sofa 0 0 -10 221.53 28.92 504.97 257.74 0.0003291
bed 0 0 -10 406.59 46.92 587.10 421.19 0.0003199
sofa 0 0 -10 211.69 1.47 483.64 84.93 0.0003191
table 0 0 -10 100.54 8.45 195.67 123.08 0.0003160
bed 0 0 -10 28.04 0.87 205.73 96.01 0.0003144
bathtub 0 0 -10 534.43 236.54 590.75 439.96 0.0003092
table 0 0 -10 86.39 156.81 368.95 358.91 0.0003091
table 0 0 -10 525.90 175.84 583.60 230.40 0.0003050
night_stand 0 0 -10 130.70 54.42 490.43 336.68 0.0003026
table 0 0 -10 544.15 11.12 590.04 272.25 0.0002906
sofa 0 0 -10 0.96 207.00 104.59 308.18 0.0002798
table 0 0 -10 442.01 272.22 584.54 369.92 0.0002674
bathtub 0 0 -10 120.51 60.81 478.92 321.25 0.0002647
sofa 0 0 -10 0.61 174.82 82.14 434.02 0.0002558
chair 0 0 -10 117.66 39.05 197.61 170.40 0.0002420
bathtub 0 0 -10 15.10 119.23 127.40 232.22 0.0002388
bed 0 0 -10 496.67 68.54 590.70 411.01 0.0002386
bathtub 0 0 -10 28.02 0.00 208.42 89.51 0.0002379
bathtub 0 0 -10 522.27 128.93 591.00 417.12 0.0002309
bed 0 0 -10 65.02 0.68 560.88 103.87 0.0002088
bathtub 0 0 -10 0.00 177.23 87.96 318.99 0.0002078
bookshelf 0 0 -10 566.33 8.71 591.00 264.01 0.0002024
chair 0 0 -10 15.65 1.39 198.06 148.54 0.0001999
bed 0 0 -10 191.81 121.80 529.73 396.44 0.0001948
night_stand 0 0 -10 462.99 203.06 586.93 436.52 0.0001940
toilet 0 0 -10 120.19 42.77 475.81 327.73 0.0001920
table 0 0 -10 530.44 270.40 588.63 329.00 0.0001853
table 0 0 -10 185.36 1.75 568.30 84.60 0.0001843
chair 0 0 -10 2.05 209.67 110.83 306.82 0.0001754
bookshelf 0 0 -10 101.97 0.61 203.19 90.38 0.0001726
desk 0 0 -10 68.08 2.94 204.53 104.61 0.0001719
table 0 0 -10 30.02 234.68 408.04 429.70 0.0001719
chair 0 0 -10 498.97 163.91 590.01 330.71 0.0001717
chair 0 0 -10 147.29 103.32 569.58 419.22 0.0001708
bathtub 0 0 -10 2.84 9.26 186.68 197.23 0.0001675
chair 0 0 -10 544.67 185.83 590.43 433.90 0.0001668
sofa 0 0 -10 520.79 192.28 590.02 282.79 0.0001649
bed 0 0 -10 565.51 11.82 591.00 268.05 0.0001621
chair 0 0 -10 144.07 8.99 244.15 119.56 0.0001615
desk 0 0 -10 0.00 143.54 109.18 416.30 0.0001614
night_stand 0 0 -10 534.87 233.10 590.95 436.56 0.0001595
table 0 0 -10 116.17 41.76 191.48 187.96 0.0001572
chair 0 0 -10 2.61 307.77 344.64 441.00 0.0001536
table 0 0 -10 1.36 232.85 134.15 437.65 0.0001534
desk 0 0 -10 0.00 205.61 106.21 308.26 0.0001526
chair 0 0 -10 343.51 187.64 591.00 441.00 0.0001500
toilet 0 0 -10 534.59 228.90 590.05 440.44 0.0001499
bathtub 0 0 -10 450.71 189.02 591.00 436.13 0.0001474
table 0 0 -10 565.55 22.61 590.35 265.40 0.0001382
chair 0 0 -10 450.33 4.04 590.90 169.26 0.0001381
desk 0 0 -10 4.84 160.88 60.19 407.23 0.0001330
