toilet 0 0 -10 211.97 159.50 460.56 424.52 0.9940467
bathtub 0 0 -10 73.22 185.59 345.81 388.74 0.8472933
bathtub 0 0 -10 391.86 276.74 591.00 441.00 0.2888584
toilet 0 0 -10 395.91 271.77 584.19 441.00 0.2861029
table 0 0 -10 410.07 281.14 587.21 441.00 0.2015637
bathtub 0 0 -10 180.21 186.01 425.95 413.61 0.1696036
bathtub 0 0 -10 24.78 281.21 287.14 432.42 0.0565950
toilet 0 0 -10 265.59 234.66 540.50 438.16 0.0561359
chair 0 0 -10 398.37 294.49 587.83 440.17 0.0492858
bathtub 0 0 -10 152.58 170.81 339.03 324.13 0.0307810
bathtub 0 0 -10 86.54 223.91 318.77 342.17 0.0294358
toilet 0 0 -10 74.23 172.33 359.51 423.06 0.0149339
bathtub 0 0 -10 377.76 110.30 591.00 410.47 0.0126433
desk 0 0 -10 408.56 281.02 591.00 441.00 0.0115887
bathtub 0 0 -10 240.31 170.36 538.71 413.40 0.0103400
chair 0 0 -10 205.10 156.27 474.62 422.15 0.0102434
bathtub 0 0 -10 53.86 280.08 265.64 374.91 0.0100346
bathtub 0 0 -10 71.72 136.15 495.74 377.25 0.0098244
bathtub 0 0 -10 136.18 160.12 453.95 298.42 0.0083773
toilet 0 0 -10 374.81 111.93 588.58 431.75 0.0083090
bathtub 0 0 -10 203.34 127.23 388.02 358.33 0.0041609
bathtub 0 0 -10 345.38 7.19 591.00 321.14 0.0039858
table 0 0 -10 547.21 264.19 590.29 439.24 0.0035178
toilet 0 0 -10 200.58 176.54 363.32 394.17 0.0030809
bathtub 0 0 -10 13.70 167.77 264.91 363.76 0.0027048
toilet 0 0 -10 188.38 284.01 466.84 437.16 0.0025370
bathtub 0 0 -10 173.31 93.41 397.08 275.97 0.0024944
night_stand 0 0 -10 393.04 282.96 591.00 441.00 0.0021534
bathtub 0 0 -10 66.66 199.64 346.90 298.01 0.0020305
bed 0 0 -10 407.86 283.25 590.97 441.00 0.0019591
chair 0 0 -10 419.73 354.27 580.58 439.12 0.0018024
bathtub 0 0 -10 235.47 163.78 353.52 336.23 0.0015911
bathtub 0 0 -10 42.83 327.74 252.03 419.42 0.0015722
dresser 0 0 -10 392.77 274.63 591.00 441.00 0.0012529
bathtub 0 0 -10 275.06 90.46 356.07 282.04 0.0011600
bathtub 0 0 -10 184.56 167.81 350.46 259.18 0.0011576
bathtub 0 0 -10 451.75 305.19 570.88 439.17 0.0011453
table 0 0 -10 462.49 335.95 587.44 429.90 0.0009855
chair 0 0 -10 550.85 252.42 590.64 435.08 0.0009851
chair 0 0 -10 289.54 238.04 563.04 432.77 0.0009668
table 0 0 -10 560.13 316.80 590.21 440.99 0.0009176
table 0 0 -10 160.66 158.52 468.02 433.11 0.0008655
bathtub 0 0 -10 235.94 83.94 368.32 218.32 0.0008261
bathtub 0 0 -10 431.24 95.35 591.00 297.66 0.0007682
bathtub 0 0 -10 35.18 274.06 173.67 395.76 0.0007573
bathtub 0 0 -10 549.01 266.13 591.00 441.00 0.0007435
bathtub 0 0 -10 66.36 226.08 195.86 417.44 0.0007079
table 0 0 -10 509.05 289.86 588.41 438.98 0.0006803
sofa 0 0 -10 405.71 290.48 589.31 441.00 0.0006801
toilet 0 0 -10 272.97 98.04 353.76 292.17 0.0006769
bathtub 0 0 -10 20.64 10.71 575.27 278.19 0.0005415
toilet 0 0 -10 412.21 168.01 547.78 301.95 0.0005398
toilet 0 0 -10 366.85 167.92 500.61 441.00 0.0005246
toilet 0 0 -10 207.98 91.76 420.96 298.57 0.0005131
bathtub 0 0 -10 133.61 237.54 352.13 429.58 0.0004861
bookshelf 0 0 -10 399.80 278.24 588.90 441.00 0.0004842
toilet 0 0 -10 17.44 279.34 350.96 441.00 0.0004796
bathtub 0 0 -10 1.97 300.19 183.37 427.23 0.0004746
desk 0 0 -10 108.41 170.83 472.10 437.10 0.0004732
bathtub 0 0 -10 485.93 161.67 591.00 415.32 0.0004608
chair 0 0 -10 499.40 296.19 589.55 433.71 0.0004349
table 0 0 -10 567.73 264.98 588.83 428.44 0.0004200
table 0 0 -10 36.72 167.63 367.86 441.00 0.0003913
table 0 0 -10 268.31 225.40 523.90 441.00 0.0003550
toilet 0 0 -10 352.34 8.51 591.00 337.65 0.0003408
bathtub 0 0 -10 16.36 87.54 351.35 331.66 0.0003291
bathtub 0 0 -10 482.99 16.02 591.00 333.35 0.0003222
bathtub 0 0 -10 0.00 234.21 161.19 371.56 0.0003120
dresser 0 0 -10 192.26 166.64 478.29 434.56 0.0002774
bookshelf 0 0 -10 199.24 168.28 461.30 433.39 0.0002667
toilet 0 0 -10 550.68 263.74 591.00 441.00 0.0002584
toilet 0 0 -10 236.52 86.45 364.56 228.96 0.0002418
bathtub 0 0 -10 536.25 117.84 591.00 304.38 0.0002398
table 0 0 -10 379.75 114.17 588.47 406.99 0.0002383
bathtub 0 0 -10 498.09 294.86 591.00 424.00 0.0002146
chair 0 0 -10 384.56 135.23 591.00 408.83 0.0002035
bathtub 0 0 -10 206.93 49.94 496.99 210.06 0.0001934
bathtub 0 0 -10 562.78 125.30 591.00 276.49 0.0001885
bathtub 0 0 -10 45.85 61.16 382.67 234.45 0.0001884
table 0 0 -10 22.85 275.67 287.12 435.22 0.0001848
table 0 0 -10 577.05 333.42 590.68 441.00 0.0001780
chair 0 0 -10 356.95 377.88 553.10 441.00 0.0001760
toilet 0 0 -10 40.69 309.46 274.55 418.70 0.0001715
bed 0 0 -10 127.58 166.14 466.63 434.25 0.0001689
toilet 0 0 -10 455.98 300.47 588.73 422.32 0.0001679
toilet 0 0 -10 0.00 173.65 252.67 441.00 0.0001635
bathtub 0 0 -10 567.39 263.40 589.92 423.82 0.0001515
bathtub 0 0 -10 416.11 163.36 547.32 286.79 0.0001436
toilet 0 0 -10 175.87 11.13 547.27 370.35 0.0001372
bathtub 0 0 -10 7.06 163.98 157.37 431.08 0.0001336
night_stand 0 0 -10 211.13 180.05 471.48 423.62 0.0001306
table 0 0 -10 543.05 327.50 589.88 387.90 0.0001267
toilet 0 0 -10 189.86 167.85 359.50 294.97 0.0001236
bathtub 0 0 -10 281.36 99.77 391.91 234.81 0.0001229
chair 0 0 -10 566.61 303.55 589.13 440.54 0.0001185
bathtub 0 0 -10 399.22 0.00 591.00 172.63 0.0001163
table 0 0 -10 1.45 314.85 53.66 440.82 0.0001161
desk 0 0 -10 548.28 262.33 590.80 440.74 0.0001152
sofa 0 0 -10 198.24 170.32 474.39 431.91 0.0001116
bed 0 0 -10 562.38 261.55 591.00 441.00 0.0001081
