sofa 0 0 -10 3.03 205.00 316.68 422.97 0.9815756
chair 0 0 -10 361.82 362.10 465.28 441.00 0.9662989
chair 0 0 -10 9.42 365.89 245.34 439.56 0.9444267
chair 0 0 -10 94.98 364.85 498.08 438.12 0.4572348
chair 0 0 -10 368.12 356.27 551.02 441.00 0.3431143
table 0 0 -10 261.07 305.11 458.17 421.40 0.2982222
chair 0 0 -10 537.65 398.19 590.94 441.00 0.2560413
sofa 0 0 -10 0.00 347.65 368.32 441.00 0.1995494
chair 0 0 -10 3.55 355.60 128.75 440.20 0.1350846
chair 0 0 -10 278.78 356.21 455.53 441.00 0.1137780
sofa 0 0 -10 1.14 348.85 57.42 426.28 0.1126591
table 0 0 -10 15.98 371.03 239.51 440.76 0.1065585
chair 0 0 -10 29.33 349.16 361.53 441.00 0.0942210
table 0 0 -10 381.13 404.02 587.94 441.00 0.0936744
desk 0 0 -10 12.65 372.29 238.08 439.01 0.0906096
chair 0 0 -10 1.71 351.97 52.39 428.28 0.0849088
sofa 0 0 -10 2.50 360.56 197.63 441.00 0.0607131
chair 0 0 -10 564.57 397.41 590.50 441.00 0.0579098
desk 0 0 -10 267.00 303.60 461.33 417.88 0.0500115
table 0 0 -10 440.45 381.05 582.54 441.00 0.0487030
table 0 0 -10 482.35 401.69 585.68 441.00 0.0478944
sofa 0 0 -10 1.25 350.01 97.71 440.55 0.0441147
bed 0 0 -10 56.55 277.85 449.22 435.47 0.0298262
bed 0 0 -10 248.95 298.65 478.65 427.02 0.0293401
table 0 0 -10 4.65 355.89 145.33 436.76 0.0293084
sofa 0 0 -10 154.11 332.11 462.59 439.19 0.0292706
bed 0 0 -10 0.00 222.21 307.68 421.14 0.0289518
bed 0 0 -10 2.00 320.84 301.02 434.79 0.0270204
dresser 0 0 -10 253.46 302.84 473.71 426.88 0.0251535
table 0 0 -10 0.86 355.19 47.02 429.88 0.0249380
night_stand 0 0 -10 256.99 304.46 475.20 422.94 0.0222143
chair 0 0 -10 15.06 259.80 296.49 437.06 0.0193132
chair 0 0 -10 144.10 356.82 302.63 439.61 0.0175777
chair 0 0 -10 469.50 399.96 589.63 441.00 0.0156687
chair 0 0 -10 358.18 397.24 587.56 440.73 0.0147701
sofa 0 0 -10 55.71 262.41 415.91 434.30 0.0139907
chair 0 0 -10 123.62 400.89 452.14 437.88 0.0137119
table 0 0 -10 11.46 337.50 356.89 436.93 0.0134067
chair 0 0 -10 362.59 331.28 470.00 419.23 0.0125087
chair 0 0 -10 577.10 402.28 591.00 441.00 0.0123708
table 0 0 -10 2.59 368.33 78.46 439.60 0.0117354
sofa 0 0 -10 1.57 238.97 69.38 324.54 0.0112542
chair 0 0 -10 27.20 405.33 160.96 441.00 0.0110860
sofa 0 0 -10 299.88 362.44 495.77 441.00 0.0108827
desk 0 0 -10 381.51 393.28 571.85 440.41 0.0101067
chair 0 0 -10 397.65 371.19 503.86 440.94 0.0098670
table 0 0 -10 375.20 334.53 466.65 427.81 0.0094220
chair 0 0 -10 38.85 394.95 260.47 436.32 0.0094039
table 0 0 -10 286.68 299.15 447.42 363.47 0.0093983
table 0 0 -10 433.14 419.40 591.00 440.95 0.0091881
table 0 0 -10 2.17 243.71 298.82 427.36 0.0088335
table 0 0 -10 566.66 433.14 590.31 441.00 0.0085865
desk 0 0 -10 0.91 364.07 139.31 439.60 0.0084605
desk 0 0 -10 214.63 323.91 501.40 438.88 0.0078673
table 0 0 -10 401.45 340.65 579.20 441.00 0.0078398
table 0 0 -10 172.39 337.64 447.08 438.90 0.0071604
chair 0 0 -10 533.97 425.90 591.00 441.00 0.0069369
table 0 0 -10 412.31 430.73 591.00 441.00 0.0069276
chair 0 0 -10 157.55 308.28 455.76 441.00 0.0068551
table 0 0 -10 59.24 260.24 470.87 440.97 0.0068195
table 0 0 -10 497.43 422.61 588.52 440.94 0.0068129
chair 0 0 -10 78.10 373.93 180.32 436.93 0.0066743
table 0 0 -10 0.00 249.24 42.93 383.10 0.0062806
sofa 0 0 -10 0.95 243.01 38.82 331.89 0.0058987
table 0 0 -10 413.11 373.46 503.13 441.00 0.0058688
chair 0 0 -10 552.58 414.39 591.00 439.93 0.0057403
chair 0 0 -10 555.33 430.33 591.00 441.00 0.0057354
chair 0 0 -10 587.03 397.14 590.81 441.00 0.0057110
table 0 0 -10 2.55 399.90 125.60 441.00 0.0051549
table 0 0 -10 576.41 428.19 590.92 441.00 0.0051126
bed 0 0 -10 15.22 369.76 242.79 441.00 0.0049848
table 0 0 -10 287.08 358.72 493.73 441.00 0.0049620
chair 0 0 -10 448.17 378.80 510.01 440.50 0.0049543
chair 0 0 -10 578.22 421.23 591.00 441.00 0.0045544
sofa 0 0 -10 2.71 244.74 51.09 291.97 0.0039074
table 0 0 -10 364.20 365.16 457.54 441.00 0.0038425
bed 0 0 -10 0.00 241.85 45.66 383.67 0.0036160
bed 0 0 -10 1.59 349.56 94.38 434.12 0.0035639
chair 0 0 -10 308.24 314.99 448.13 424.95 0.0034643
chair 0 0 -10 50.27 409.19 228.33 439.70 0.0033639
chair 0 0 -10 583.48 392.83 590.08 441.00 0.0033629
table 0 0 -10 0.60 351.39 21.71 436.97 0.0033164
table 0 0 -10 496.54 435.10 589.90 440.66 0.0032930
sofa 0 0 -10 368.58 362.32 584.66 441.00 0.0030620
table 0 0 -10 178.83 388.81 446.19 440.18 0.0029494
desk 0 0 -10 0.00 235.89 305.71 419.67 0.0028491
bed 0 0 -10 297.77 343.08 469.44 441.00 0.0028319
chair 0 0 -10 86.04 317.38 279.83 437.43 0.0028210
dresser 0 0 -10 14.13 373.58 241.42 441.00 0.0028064
desk 0 0 -10 310.01 307.58 571.23 437.00 0.0027689
table 0 0 -10 582.00 430.52 590.72 440.90 0.0027445
desk 0 0 -10 1.74 347.11 89.46 430.76 0.0027430
desk 0 0 -10 343.52 338.96 459.73 438.66 0.0027230
bathtub 0 0 -10 251.53 302.48 488.41 421.83 0.0026987
table 0 0 -10 576.44 395.84 590.56 441.00 0.0026920
desk 0 0 -10 56.45 280.65 466.53 433.79 0.0025277
sofa 0 0 -10 254.18 306.51 482.21 427.00 0.0025075
table 0 0 -10 405.53 329.15 466.71 389.38 0.0024742
chair 0 0 -10 2.48 397.01 111.01 441.00 0.0023866
bed 0 0 -10 0.73 350.93 49.12 428.73 0.0023481
