bookshelf 0 0 -10 18.86 23.17 584.92 400.34 0.3277313
desk 0 0 -10 0.00 29.12 591.00 388.01 0.3105985
desk 0 0 -10 290.20 122.10 587.63 409.70 0.1729226
desk 0 0 -10 1.46 265.74 591.00 428.13 0.1346100
table 0 0 -10 565.48 296.02 591.00 441.00 0.1326279
table 0 0 -10 19.58 184.05 577.87 388.63 0.1178512
table 0 0 -10 2.15 31.87 591.00 369.03 0.0722163
desk 0 0 -10 567.48 284.19 590.76 441.00 0.0681082
table 0 0 -10 290.89 125.60 587.80 409.84 0.0378314
chair 0 0 -10 565.12 294.15 590.67 440.45 0.0242331
desk 0 0 -10 548.98 262.44 589.60 438.57 0.0190211
chair 0 0 -10 542.34 283.91 589.11 439.72 0.0190135
dresser 0 0 -10 3.15 32.16 591.00 382.38 0.0182466
desk 0 0 -10 19.97 19.51 588.44 214.34 0.0162660
bookshelf 0 0 -10 300.03 66.80 587.80 314.51 0.0159668
desk 0 0 -10 163.93 231.71 584.80 392.76 0.0137384
desk 0 0 -10 268.35 280.14 589.94 428.91 0.0132540
table 0 0 -10 541.72 289.15 589.37 437.64 0.0112845
bathtub 0 0 -10 12.12 32.19 591.00 352.30 0.0090329
table 0 0 -10 567.34 344.88 590.12 400.04 0.0079497
desk 0 0 -10 323.19 146.99 591.00 234.94 0.0075375
table 0 0 -10 9.07 11.25 582.70 201.63 0.0060647
table 0 0 -10 23.76 290.85 560.50 390.24 0.0059124
table 0 0 -10 210.76 266.91 588.06 413.38 0.0053189
desk 0 0 -10 513.93 275.01 588.21 436.67 0.0042279
desk 0 0 -10 454.64 160.92 588.73 416.77 0.0039276
table 0 0 -10 578.93 305.42 590.52 441.00 0.0032375
table 0 0 -10 563.02 320.23 591.00 362.24 0.0031280
bookshelf 0 0 -10 279.32 161.75 591.00 420.52 0.0031042
table 0 0 -10 318.22 198.96 591.00 307.19 0.0030789
chair 0 0 -10 292.62 1.27 494.22 165.31 0.0030207
desk 0 0 -10 318.11 196.47 591.00 306.75 0.0030088
chair 0 0 -10 288.29 22.83 543.91 360.59 0.0028270
desk 0 0 -10 562.64 299.23 590.09 382.31 0.0027952
chair 0 0 -10 363.96 291.42 584.49 437.81 0.0026132
sofa 0 0 -10 15.02 39.13 591.00 366.38 0.0026067
toilet 0 0 -10 6.18 20.10 571.88 375.73 0.0026032
bed 0 0 -10 0.00 11.27 591.00 384.12 0.0024434
chair 0 0 -10 1.00 322.25 56.69 441.00 0.0024170
bookshelf 0 0 -10 19.76 220.08 587.39 388.16 0.0022437
desk 0 0 -10 522.21 154.01 587.75 422.23 0.0021833
chair 0 0 -10 477.55 248.87 591.00 433.59 0.0021794
table 0 0 -10 318.48 148.35 591.00 245.40 0.0021343
chair 0 0 -10 51.97 117.74 539.48 411.50 0.0021124
desk 0 0 -10 178.80 10.67 582.19 160.71 0.0020677
desk 0 0 -10 226.93 31.65 570.11 284.67 0.0020098
chair 0 0 -10 96.78 249.92 558.13 430.98 0.0019587
table 0 0 -10 547.05 342.75 589.06 406.86 0.0018575
chair 0 0 -10 400.31 180.96 582.09 421.97 0.0017604
desk 0 0 -10 411.96 165.63 589.37 222.45 0.0016847
table 0 0 -10 1.65 329.07 52.85 438.77 0.0016364
desk 0 0 -10 4.41 187.46 410.26 384.76 0.0015797
chair 0 0 -10 517.04 133.40 591.00 234.68 0.0015114
table 0 0 -10 552.20 301.31 590.58 384.70 0.0014365
table 0 0 -10 24.69 9.46 576.03 110.14 0.0014271
dresser 0 0 -10 291.14 107.53 591.00 420.73 0.0014086
bathtub 0 0 -10 6.43 270.77 584.67 434.10 0.0013152
bookshelf 0 0 -10 565.23 244.06 591.00 441.00 0.0013065
sofa 0 0 -10 565.89 288.85 590.90 441.00 0.0013051
chair 0 0 -10 19.43 35.18 367.49 347.65 0.0012821
table 0 0 -10 585.31 290.22 590.83 441.00 0.0011739
dresser 0 0 -10 566.84 280.86 590.92 441.00 0.0011448
desk 0 0 -10 543.62 316.29 589.95 353.78 0.0011241
chair 0 0 -10 183.07 172.27 258.32 268.94 0.0010935
table 0 0 -10 569.84 338.52 589.97 378.10 0.0010535
table 0 0 -10 449.26 167.02 588.76 417.91 0.0010437
bathtub 0 0 -10 24.47 179.03 571.57 385.86 0.0010295
table 0 0 -10 575.32 327.61 590.26 409.61 0.0010141
desk 0 0 -10 581.64 290.28 590.84 441.00 0.0009516
table 0 0 -10 245.43 63.55 586.76 316.98 0.0009411
chair 0 0 -10 0.00 310.42 254.14 441.00 0.0008966
chair 0 0 -10 472.16 124.95 570.65 260.94 0.0008465
table 0 0 -10 55.28 23.32 359.86 271.74 0.0008241
bookshelf 0 0 -10 266.13 5.69 591.00 189.39 0.0008228
chair 0 0 -10 511.23 297.22 591.00 414.05 0.0007997
table 0 0 -10 0.00 36.82 312.52 405.54 0.0007933
bookshelf 0 0 -10 334.59 137.13 591.00 240.01 0.0007780
chair 0 0 -10 1.15 343.77 44.98 416.17 0.0007664
chair 0 0 -10 121.23 299.22 520.65 393.73 0.0007585
bookshelf 0 0 -10 462.15 11.19 587.77 235.19 0.0007478
table 0 0 -10 513.99 330.75 587.70 435.59 0.0007454
table 0 0 -10 587.46 304.03 590.85 423.38 0.0006951
chair 0 0 -10 211.82 180.14 249.32 273.89 0.0006860
table 0 0 -10 458.67 3.09 589.92 44.03 0.0006785
bed 0 0 -10 563.83 261.17 590.60 441.00 0.0006705
sofa 0 0 -10 12.35 269.69 589.76 430.70 0.0006495
bed 0 0 -10 282.94 81.88 585.73 415.20 0.0006315
desk 0 0 -10 50.04 21.88 361.91 277.16 0.0006314
table 0 0 -10 555.83 334.27 589.06 374.51 0.0006229
chair 0 0 -10 4.18 217.31 54.46 416.76 0.0006043
bathtub 0 0 -10 287.97 123.57 583.08 414.83 0.0006038
bathtub 0 0 -10 20.16 0.00 459.63 72.45 0.0005861
chair 0 0 -10 572.81 335.39 590.52 440.24 0.0005779
table 0 0 -10 18.38 0.00 483.62 72.65 0.0005750
desk 0 0 -10 567.55 342.89 590.33 402.38 0.0005737
table 0 0 -10 541.57 317.26 590.83 353.28 0.0005640
desk 0 0 -10 432.95 282.62 590.69 435.81 0.0005616
table 0 0 -10 566.76 149.50 590.65 441.00 0.0005612
table 0 0 -10 275.67 10.82 577.50 91.41 0.0005570
chair 0 0 -10 566.94 155.42 590.84 441.00 0.0005545
