desk 0 0 -10 0.00 244.29 190.58 441.00 0.1595939
chair 0 0 -10 2.43 359.94 102.94 441.00 0.1398343
chair 0 0 -10 0.00 272.77 88.38 441.00 0.0711397
table 0 0 -10 5.57 246.64 184.23 441.00 0.0568482
chair 0 0 -10 0.00 314.14 181.69 438.50 0.0485052
dresser 0 0 -10 1.08 295.20 190.37 437.51 0.0292348
chair 0 0 -10 1.70 378.02 37.81 441.00 0.0276406
table 0 0 -10 140.07 305.42 285.55 438.95 0.0127118
chair 0 0 -10 2.53 392.36 165.02 439.79 0.0120977
toilet 0 0 -10 133.58 309.45 328.04 440.88 0.0108930
chair 0 0 -10 147.49 303.41 302.10 435.60 0.0103807
chair 0 0 -10 0.50 375.33 17.71 440.74 0.0096617
bookshelf 0 0 -10 1.72 282.20 188.52 441.00 0.0085205
chair 0 0 -10 0.61 318.87 43.76 439.55 0.0083272
desk 0 0 -10 1.70 88.54 208.01 428.00 0.0077867
table 0 0 -10 144.58 312.10 209.28 441.00 0.0071068
sofa 0 0 -10 0.74 392.27 163.67 440.65 0.0069667
bathtub 0 0 -10 143.04 311.87 430.04 435.56 0.0069590
bathtub 0 0 -10 152.29 315.28 299.77 435.16 0.0062329
dresser 0 0 -10 0.78 78.91 207.65 430.74 0.0059577
night_stand 0 0 -10 3.66 273.09 190.39 436.59 0.0055057
table 0 0 -10 62.13 300.15 178.94 441.00 0.0052724
chair 0 0 -10 5.04 256.69 27.51 441.00 0.0045416
bathtub 0 0 -10 2.14 300.66 189.44 439.73 0.0044099
sofa 0 0 -10 2.59 292.37 186.93 439.56 0.0041933
toilet 0 0 -10 0.00 298.50 185.24 440.81 0.0041012
table 0 0 -10 8.06 396.90 166.61 440.18 0.0031692
desk 0 0 -10 0.40 257.89 69.41 439.58 0.0031476
chair 0 0 -10 0.00 248.49 43.73 414.63 0.0030800
dresser 0 0 -10 145.10 306.30 414.22 437.30 0.0029687
bed 0 0 -10 0.00 281.57 189.03 441.00 0.0026993
bookshelf 0 0 -10 1.82 118.15 188.67 433.27 0.0024344
chair 0 0 -10 1.91 386.67 76.19 441.00 0.0021801
table 0 0 -10 5.90 279.70 109.96 440.90 0.0021506
bed 0 0 -10 143.89 310.19 514.34 439.18 0.0019966
table 0 0 -10 0.00 279.29 58.69 436.36 0.0019325
toilet 0 0 -10 95.70 317.06 240.00 441.00 0.0019123
chair 0 0 -10 0.00 300.23 20.27 441.00 0.0018905
desk 0 0 -10 140.67 305.86 287.41 440.09 0.0018397
toilet 0 0 -10 166.16 291.23 269.41 437.25 0.0016246
bathtub 0 0 -10 0.10 173.15 190.94 428.01 0.0015470
desk 0 0 -10 33.57 275.16 444.70 438.88 0.0014855
chair 0 0 -10 50.04 304.94 356.47 441.00 0.0013864
chair 0 0 -10 101.79 310.53 252.93 441.00 0.0012963
bed 0 0 -10 0.00 11.45 542.20 441.00 0.0012699
chair 0 0 -10 3.42 246.36 15.10 441.00 0.0012580
chair 0 0 -10 4.02 372.50 9.28 441.00 0.0012255
table 0 0 -10 122.60 308.53 183.45 441.00 0.0011465
desk 0 0 -10 62.02 296.89 182.91 441.00 0.0010945
bed 0 0 -10 0.27 65.67 208.20 439.04 0.0010738
chair 0 0 -10 145.71 316.28 503.88 438.06 0.0010243
dresser 0 0 -10 161.36 314.08 293.58 438.98 0.0009803
chair 0 0 -10 1.88 422.86 43.49 440.81 0.0009694
chair 0 0 -10 0.91 201.73 198.13 437.48 0.0009042
bathtub 0 0 -10 24.70 256.16 542.68 434.01 0.0009004
table 0 0 -10 0.00 39.36 186.15 441.00 0.0008694
table 0 0 -10 144.99 238.82 188.86 425.32 0.0008662
toilet 0 0 -10 142.35 313.48 502.86 440.90 0.0008251
chair 0 0 -10 1.32 329.14 12.26 438.16 0.0008045
dresser 0 0 -10 6.06 255.09 103.79 441.00 0.0007951
chair 0 0 -10 1.68 422.15 102.19 440.85 0.0007858
dresser 0 0 -10 0.63 249.91 64.85 414.74 0.0007849
table 0 0 -10 6.07 353.82 168.04 439.08 0.0007813
bathtub 0 0 -10 154.59 327.83 361.04 390.68 0.0007234
table 0 0 -10 22.67 434.55 95.84 440.95 0.0006940
desk 0 0 -10 1.34 326.36 153.94 437.49 0.0006795
table 0 0 -10 2.03 437.29 37.63 441.00 0.0006789
bathtub 0 0 -10 92.92 319.67 244.29 438.20 0.0006673
dresser 0 0 -10 86.50 297.95 272.96 436.20 0.0006638
sofa 0 0 -10 154.12 310.22 298.43 435.44 0.0006584
bathtub 0 0 -10 0.08 224.92 139.77 274.63 0.0006576
desk 0 0 -10 99.30 316.04 231.90 441.00 0.0006140
dresser 0 0 -10 21.96 249.75 531.57 435.72 0.0005999
desk 0 0 -10 7.52 78.79 393.44 430.97 0.0005917
bookshelf 0 0 -10 157.71 305.59 295.09 432.96 0.0005856
bed 0 0 -10 152.78 307.98 302.37 437.33 0.0005549
bookshelf 0 0 -10 23.73 0.97 513.38 431.99 0.0005546
desk 0 0 -10 5.32 397.34 170.28 440.15 0.0005499
table 0 0 -10 151.62 331.17 188.91 433.43 0.0005380
chair 0 0 -10 1.61 412.29 59.73 440.82 0.0005374
toilet 0 0 -10 142.58 305.79 213.52 441.00 0.0005024
sofa 0 0 -10 3.12 353.45 103.69 441.00 0.0005012
chair 0 0 -10 4.34 432.32 37.08 440.80 0.0004868
table 0 0 -10 44.48 277.35 425.00 440.10 0.0004705
dresser 0 0 -10 33.16 10.37 326.89 435.16 0.0004555
night_stand 0 0 -10 142.07 303.82 289.70 433.61 0.0004196
bathtub 0 0 -10 151.56 306.28 327.87 359.00 0.0004128
table 0 0 -10 14.52 423.70 174.00 441.00 0.0004087
table 0 0 -10 157.80 182.97 183.56 412.81 0.0003963
chair 0 0 -10 17.59 405.28 81.61 440.95 0.0003928
night_stand 0 0 -10 103.36 318.99 240.70 437.76 0.0003890
chair 0 0 -10 88.45 276.56 182.60 435.98 0.0003875
bathtub 0 0 -10 148.61 108.50 178.03 349.38 0.0003678
chair 0 0 -10 2.48 436.95 40.34 441.00 0.0003670
table 0 0 -10 144.47 311.44 267.13 371.02 0.0003653
bed 0 0 -10 12.92 250.12 543.57 441.00 0.0003476
table 0 0 -10 151.66 309.01 496.87 438.60 0.0003385
bed 0 0 -10 2.38 394.69 169.84 440.59 0.0003316
table 0 0 -10 2.05 37.84 535.33 433.88 0.0003169
table 0 0 -10 0.00 220.39 27.25 429.13 0.0003105
