chair 0 0 -10 172.63 145.12 334.37 399.37 0.9435215
desk 0 0 -10 39.28 114.93 422.87 383.21 0.7879186
table 0 0 -10 55.91 124.27 391.09 381.19 0.4852622
chair 0 0 -10 162.84 141.61 258.13 385.72 0.0522600
desk 0 0 -10 56.04 143.03 267.97 395.04 0.0404543
chair 0 0 -10 70.39 137.35 304.38 375.06 0.0367937
desk 0 0 -10 101.67 123.02 402.81 169.78 0.0362675
table 0 0 -10 98.41 122.37 402.34 170.39 0.0338067
chair 0 0 -10 372.54 107.48 572.91 345.35 0.0243233
chair 0 0 -10 193.54 139.26 299.30 321.86 0.0188593
desk 0 0 -10 156.12 125.02 418.35 309.93 0.0181423
desk 0 0 -10 162.23 157.21 543.46 370.46 0.0157374
table 0 0 -10 169.46 195.11 346.19 403.73 0.0152149
table 0 0 -10 136.10 123.06 563.25 405.70 0.0116121
desk 0 0 -10 337.70 175.10 567.55 417.48 0.0110076
desk 0 0 -10 168.80 185.21 345.43 405.26 0.0106802
table 0 0 -10 32.80 155.90 244.22 374.37 0.0105838
desk 0 0 -10 143.20 117.31 402.24 150.49 0.0102376
table 0 0 -10 59.55 175.41 268.20 296.04 0.0090140
desk 0 0 -10 57.54 173.04 267.90 296.58 0.0086293
sofa 0 0 -10 24.22 144.28 464.79 407.69 0.0070297
table 0 0 -10 139.73 117.12 403.90 151.29 0.0069752
table 0 0 -10 155.14 123.30 416.12 312.70 0.0066405
table 0 0 -10 81.63 114.67 413.99 227.08 0.0053892
table 0 0 -10 337.44 179.29 565.27 419.03 0.0052084
dresser 0 0 -10 409.86 119.83 563.30 323.84 0.0052027
table 0 0 -10 418.80 127.54 566.59 307.13 0.0046591
dresser 0 0 -10 43.87 146.99 360.68 397.95 0.0045908
night_stand 0 0 -10 418.34 125.80 563.23 275.58 0.0045605
desk 0 0 -10 71.87 124.29 402.44 209.14 0.0042109
chair 0 0 -10 147.81 91.09 281.25 301.63 0.0040775
dresser 0 0 -10 173.16 175.92 344.57 401.19 0.0038446
chair 0 0 -10 252.90 148.38 337.92 367.26 0.0036808
table 0 0 -10 17.17 190.54 316.87 426.38 0.0032887
bed 0 0 -10 55.54 96.58 405.51 385.74 0.0032672
table 0 0 -10 270.34 147.26 359.07 370.41 0.0030879
bed 0 0 -10 417.43 127.00 589.70 342.36 0.0030593
chair 0 0 -10 250.89 121.67 486.92 290.55 0.0025015
bed 0 0 -10 551.96 209.44 590.05 380.98 0.0024351
table 0 0 -10 1.85 273.78 56.96 376.13 0.0022580
night_stand 0 0 -10 176.84 182.11 347.76 402.12 0.0021809
chair 0 0 -10 86.11 146.91 227.28 343.21 0.0021133
bookshelf 0 0 -10 46.88 140.51 355.84 397.84 0.0020964
table 0 0 -10 1.81 257.53 21.09 388.10 0.0017147
desk 0 0 -10 278.22 127.40 432.89 371.53 0.0017020
bed 0 0 -10 496.91 165.61 589.84 351.60 0.0016232
night_stand 0 0 -10 47.43 144.18 363.70 400.26 0.0015312
chair 0 0 -10 160.54 125.91 227.64 274.35 0.0015307
chair 0 0 -10 32.91 147.71 191.37 369.22 0.0015096
sofa 0 0 -10 171.96 168.40 345.01 399.83 0.0014838
chair 0 0 -10 225.99 98.14 333.71 226.29 0.0014613
table 0 0 -10 21.02 249.49 563.52 435.02 0.0014343
chair 0 0 -10 189.88 111.56 528.15 423.86 0.0013709
chair 0 0 -10 0.00 104.74 127.92 307.61 0.0013102
table 0 0 -10 422.67 213.89 583.73 367.45 0.0012905
table 0 0 -10 130.92 156.32 331.46 342.44 0.0012515
chair 0 0 -10 173.62 105.43 272.72 219.28 0.0012224
table 0 0 -10 260.62 159.55 413.76 305.68 0.0011791
bookshelf 0 0 -10 175.90 168.73 343.21 401.18 0.0011201
bed 0 0 -10 172.32 165.76 347.05 407.05 0.0010811
bathtub 0 0 -10 26.76 156.73 358.64 408.89 0.0010588
table 0 0 -10 417.65 161.14 559.41 248.04 0.0010384
chair 0 0 -10 187.87 112.64 253.38 266.37 0.0010138
table 0 0 -10 0.76 302.05 59.94 431.95 0.0009848
table 0 0 -10 274.05 134.13 542.06 358.28 0.0009607
desk 0 0 -10 415.91 121.25 575.93 308.44 0.0009356
chair 0 0 -10 241.08 119.17 317.73 271.05 0.0009346
bathtub 0 0 -10 58.30 116.00 416.55 328.14 0.0008857
chair 0 0 -10 130.77 139.81 304.55 261.91 0.0008754
chair 0 0 -10 203.17 118.75 285.03 253.87 0.0008194
dresser 0 0 -10 277.98 160.27 412.92 301.98 0.0007929
bed 0 0 -10 361.60 156.65 559.45 428.34 0.0007883
table 0 0 -10 0.00 248.59 128.97 376.60 0.0007862
chair 0 0 -10 1.10 237.51 43.20 385.93 0.0007817
dresser 0 0 -10 416.15 152.19 563.81 248.99 0.0007758
table 0 0 -10 0.00 230.15 31.15 381.22 0.0007524
chair 0 0 -10 146.95 116.28 335.44 214.83 0.0007462
toilet 0 0 -10 39.55 148.50 350.78 409.27 0.0007046
dresser 0 0 -10 178.43 134.69 443.75 328.99 0.0006958
chair 0 0 -10 100.37 178.41 262.07 295.33 0.0006929
dresser 0 0 -10 366.35 166.21 556.38 430.12 0.0006533
dresser 0 0 -10 464.72 136.28 589.05 342.84 0.0006410
desk 0 0 -10 68.01 116.37 331.81 299.09 0.0005974
chair 0 0 -10 184.34 180.96 329.01 288.55 0.0005897
bookshelf 0 0 -10 429.01 124.81 582.21 346.27 0.0005876
chair 0 0 -10 533.63 223.85 591.00 385.93 0.0005707
desk 0 0 -10 412.37 157.20 568.30 248.61 0.0005694
table 0 0 -10 419.61 195.04 541.45 216.51 0.0005414
toilet 0 0 -10 175.34 177.51 345.67 408.15 0.0005367
bathtub 0 0 -10 364.10 183.12 553.95 426.12 0.0005216
chair 0 0 -10 217.14 139.96 363.67 311.14 0.0005127
table 0 0 -10 434.95 201.69 546.18 221.33 0.0005094
chair 0 0 -10 0.48 242.90 22.85 385.10 0.0005092
table 0 0 -10 145.97 207.20 268.53 404.54 0.0005075
chair 0 0 -10 184.54 188.27 217.58 330.18 0.0005034
chair 0 0 -10 111.09 111.23 203.26 192.23 0.0004720
chair 0 0 -10 146.00 55.94 297.36 205.46 0.0004718
chair 0 0 -10 125.16 113.10 268.60 189.19 0.0004567
sofa 0 0 -10 552.90 211.80 589.18 377.46 0.0004520
chair 0 0 -10 141.83 79.03 419.07 327.89 0.0004227
