table 0 0 -10 0.00 274.85 237.50 433.25 0.9031043
chair 0 0 -10 117.76 286.46 245.76 432.84 0.8483351
chair 0 0 -10 22.41 254.35 113.76 344.42 0.8316223
bookshelf 0 0 -10 522.27 252.65 591.00 437.95 0.6909803
chair 0 0 -10 0.00 315.15 68.73 436.96 0.6106377
chair 0 0 -10 39.56 302.75 214.05 436.12 0.5159840
bookshelf 0 0 -10 438.29 255.82 591.00 439.16 0.5066921
chair 0 0 -10 10.65 306.48 135.27 427.90 0.3842281
table 0 0 -10 0.00 276.16 232.71 355.71 0.3611187
chair 0 0 -10 1.68 269.98 75.90 373.68 0.3566944
chair 0 0 -10 89.25 243.46 177.99 344.62 0.2664914
chair 0 0 -10 30.12 257.13 98.82 283.70 0.2631127
desk 0 0 -10 0.00 279.87 240.52 435.95 0.2046673
chair 0 0 -10 0.47 291.86 45.87 356.44 0.1736734
chair 0 0 -10 32.29 252.45 103.45 306.40 0.1708098
chair 0 0 -10 46.22 263.39 144.56 350.48 0.1664185
chair 0 0 -10 189.50 282.30 244.10 428.72 0.1636319
chair 0 0 -10 5.73 286.26 95.20 345.90 0.1192026
chair 0 0 -10 29.79 241.06 147.44 393.87 0.1140005
chair 0 0 -10 118.56 274.35 205.48 384.78 0.1075173
chair 0 0 -10 86.26 241.28 179.51 296.47 0.1057076
chair 0 0 -10 0.00 286.41 37.62 402.37 0.1013725
chair 0 0 -10 4.11 233.64 103.85 430.83 0.0947741
bookshelf 0 0 -10 549.42 292.01 591.00 423.49 0.0690299
chair 0 0 -10 147.67 269.04 231.08 401.41 0.0642062
chair 0 0 -10 68.55 288.31 191.05 404.46 0.0631852
table 0 0 -10 0.00 276.47 113.71 341.53 0.0520562
table 0 0 -10 0.10 289.28 63.13 389.72 0.0499318
table 0 0 -10 438.90 325.28 583.63 439.40 0.0479152
desk 0 0 -10 2.62 279.09 212.08 358.10 0.0464003
chair 0 0 -10 0.11 266.80 28.86 362.17 0.0369863
table 0 0 -10 378.86 419.06 519.43 439.59 0.0366369
chair 0 0 -10 0.62 321.45 36.06 348.57 0.0342038
chair 0 0 -10 131.50 249.75 209.26 352.85 0.0299467
chair 0 0 -10 70.19 248.12 155.62 325.00 0.0278476
table 0 0 -10 0.00 279.46 19.43 389.85 0.0227637
chair 0 0 -10 2.98 276.25 18.37 356.95 0.0222634
chair 0 0 -10 118.24 265.85 183.44 326.00 0.0213656
desk 0 0 -10 437.65 324.73 586.01 439.58 0.0213573
table 0 0 -10 0.00 291.34 107.97 431.68 0.0191231
table 0 0 -10 1.41 329.38 65.74 434.04 0.0165813
chair 0 0 -10 0.00 272.99 45.20 333.09 0.0147587
chair 0 0 -10 82.87 258.66 136.49 344.16 0.0145889
table 0 0 -10 0.00 296.51 38.16 425.75 0.0143641
table 0 0 -10 340.72 414.78 578.72 440.10 0.0141990
chair 0 0 -10 6.36 293.64 25.18 347.30 0.0137751
desk 0 0 -10 0.56 306.78 68.29 429.73 0.0120682
chair 0 0 -10 3.09 271.89 9.88 363.27 0.0119582
dresser 0 0 -10 448.95 255.72 591.00 441.00 0.0114877
chair 0 0 -10 79.97 277.55 179.49 328.47 0.0109589
chair 0 0 -10 0.21 265.39 15.90 395.12 0.0106837
table 0 0 -10 384.41 417.11 452.12 439.54 0.0106475
table 0 0 -10 438.56 426.05 509.66 440.24 0.0097232
bookshelf 0 0 -10 433.51 342.13 585.20 440.21 0.0096764
chair 0 0 -10 4.30 313.17 57.45 345.36 0.0095730
chair 0 0 -10 88.19 283.45 150.81 353.66 0.0093184
table 0 0 -10 5.86 269.92 193.24 323.55 0.0089237
table 0 0 -10 0.00 301.55 45.81 361.99 0.0086913
desk 0 0 -10 1.71 274.43 110.03 340.58 0.0085675
table 0 0 -10 8.42 330.69 194.75 439.24 0.0083098
chair 0 0 -10 106.69 289.21 142.12 317.96 0.0081993
chair 0 0 -10 392.36 414.46 570.32 440.68 0.0081674
chair 0 0 -10 45.02 248.10 140.23 292.80 0.0077786
table 0 0 -10 0.00 320.75 25.37 353.97 0.0075409
chair 0 0 -10 0.00 308.86 24.35 340.37 0.0071095
table 0 0 -10 379.65 427.42 579.43 439.92 0.0067492
sofa 0 0 -10 1.86 300.66 223.96 438.37 0.0064913
chair 0 0 -10 38.76 265.92 142.80 309.20 0.0060228
chair 0 0 -10 0.00 301.15 18.45 435.32 0.0060086
chair 0 0 -10 3.77 235.79 88.68 336.38 0.0060060
desk 0 0 -10 1.38 282.25 140.28 409.67 0.0059808
table 0 0 -10 3.71 292.15 8.97 405.04 0.0057227
table 0 0 -10 0.84 299.73 18.43 359.78 0.0055494
chair 0 0 -10 36.30 268.04 94.82 295.81 0.0055423
table 0 0 -10 447.10 135.47 585.99 337.82 0.0055255
bookshelf 0 0 -10 372.56 156.79 590.06 432.12 0.0054350
chair 0 0 -10 47.91 238.03 209.57 332.82 0.0052667
night_stand 0 0 -10 438.27 328.00 586.60 438.68 0.0050930
bed 0 0 -10 0.00 244.78 239.64 439.24 0.0048221
bookshelf 0 0 -10 567.43 256.02 591.00 431.56 0.0047330
chair 0 0 -10 61.15 324.67 337.65 438.94 0.0045503
chair 0 0 -10 2.10 281.74 10.43 417.88 0.0044363
bathtub 0 0 -10 433.44 330.61 580.59 434.98 0.0043499
chair 0 0 -10 5.10 324.62 15.64 408.85 0.0042386
bed 0 0 -10 447.06 250.15 590.35 441.00 0.0040954
chair 0 0 -10 47.99 259.82 254.11 380.05 0.0040354
table 0 0 -10 0.00 293.39 83.33 350.53 0.0040245
chair 0 0 -10 7.53 354.47 198.80 438.34 0.0040170
desk 0 0 -10 0.03 288.35 52.69 381.96 0.0040157
table 0 0 -10 3.16 308.71 15.38 396.85 0.0039044
desk 0 0 -10 0.00 119.30 221.76 416.24 0.0039018
table 0 0 -10 349.95 394.14 501.64 440.52 0.0037974
table 0 0 -10 3.11 276.96 9.92 362.96 0.0037093
chair 0 0 -10 125.07 293.97 148.72 318.88 0.0036791
table 0 0 -10 424.29 433.12 519.23 441.00 0.0035785
chair 0 0 -10 62.84 293.60 180.21 339.63 0.0035691
chair 0 0 -10 141.95 271.73 207.23 328.02 0.0035012
chair 0 0 -10 176.44 278.74 298.98 439.45 0.0034965
chair 0 0 -10 2.76 327.90 57.18 355.57 0.0034327
chair 0 0 -10 93.38 289.68 131.91 315.68 0.0033660
