table 0 0 -10 278.72 96.85 591.00 388.40 0.4069661
desk 0 0 -10 272.55 85.87 591.00 398.86 0.2184416
bathtub 0 0 -10 273.58 62.25 587.81 383.11 0.1170809
bathtub 0 0 -10 254.08 0.00 550.41 136.15 0.0889781
table 0 0 -10 127.21 34.20 578.69 440.93 0.0593277
dresser 0 0 -10 266.81 90.20 591.00 405.15 0.0453213
table 0 0 -10 8.63 34.16 308.50 438.46 0.0350628
toilet 0 0 -10 268.76 80.08 571.07 409.25 0.0328711
dresser 0 0 -10 4.30 17.78 331.69 441.00 0.0246724
bed 0 0 -10 273.39 75.39 591.00 400.06 0.0227601
desk 0 0 -10 2.47 13.25 333.89 438.29 0.0207788
bed 0 0 -10 1.15 5.30 303.61 441.00 0.0194773
bathtub 0 0 -10 8.97 11.29 332.70 418.84 0.0126726
night_stand 0 0 -10 272.20 81.37 591.00 392.98 0.0116428
bookshelf 0 0 -10 279.59 91.54 567.06 384.81 0.0113690
chair 0 0 -10 273.37 110.22 563.25 383.49 0.0109698
bathtub 0 0 -10 467.98 221.76 591.00 441.00 0.0093454
bed 0 0 -10 109.63 18.18 570.91 441.00 0.0072029
chair 0 0 -10 367.03 151.70 588.61 430.11 0.0052518
table 0 0 -10 473.84 160.08 589.62 441.00 0.0050051
chair 0 0 -10 529.88 6.64 590.35 192.66 0.0048950
desk 0 0 -10 49.39 58.27 572.74 429.51 0.0044778
chair 0 0 -10 106.72 60.53 534.43 434.60 0.0038074
table 0 0 -10 255.98 0.53 540.26 135.74 0.0037743
sofa 0 0 -10 279.32 102.96 588.60 379.29 0.0031813
table 0 0 -10 532.57 194.24 589.44 440.82 0.0031809
sofa 0 0 -10 6.96 18.49 302.25 439.87 0.0030826
sofa 0 0 -10 7.54 4.09 237.34 65.57 0.0030793
desk 0 0 -10 477.80 149.54 591.00 441.00 0.0026142
toilet 0 0 -10 18.38 23.70 476.25 441.00 0.0025603
table 0 0 -10 225.31 4.46 582.79 301.16 0.0023945
bookshelf 0 0 -10 7.01 5.91 292.00 440.84 0.0022821
table 0 0 -10 511.43 28.93 588.29 176.96 0.0021743
chair 0 0 -10 460.46 185.79 589.78 439.29 0.0021048
table 0 0 -10 5.39 12.83 248.55 272.53 0.0020431
night_stand 0 0 -10 9.91 32.30 319.43 422.24 0.0020210
bathtub 0 0 -10 407.64 122.47 591.00 411.50 0.0018999
table 0 0 -10 2.15 2.15 238.44 64.90 0.0017118
bookshelf 0 0 -10 126.93 41.50 566.47 434.95 0.0016972
dresser 0 0 -10 67.86 67.90 550.48 426.54 0.0016636
table 0 0 -10 8.55 4.64 226.84 138.36 0.0014263
chair 0 0 -10 0.00 32.38 208.40 441.00 0.0014134
chair 0 0 -10 0.00 72.25 68.05 435.83 0.0013426
table 0 0 -10 361.26 182.83 581.53 407.15 0.0012729
table 0 0 -10 3.76 25.91 140.92 441.00 0.0012396
bathtub 0 0 -10 345.86 205.95 568.62 431.53 0.0011635
toilet 0 0 -10 227.35 0.88 527.28 143.25 0.0011557
bathtub 0 0 -10 71.91 86.56 542.66 420.74 0.0010595
bathtub 0 0 -10 12.21 0.00 450.95 162.43 0.0010413
chair 0 0 -10 58.45 3.32 186.58 100.61 0.0009678
chair 0 0 -10 514.72 0.00 591.00 88.73 0.0009401
chair 0 0 -10 2.27 0.00 197.87 139.89 0.0009181
dresser 0 0 -10 6.09 111.45 45.17 437.33 0.0007945
sofa 0 0 -10 117.26 44.04 570.19 432.49 0.0007823
chair 0 0 -10 0.00 0.00 116.92 189.50 0.0007773
table 0 0 -10 23.49 1.19 423.59 167.07 0.0006801
table 0 0 -10 1.10 19.24 101.39 303.36 0.0006658
chair 0 0 -10 477.05 172.89 587.45 320.25 0.0006423
table 0 0 -10 0.86 73.96 63.96 441.00 0.0006168
desk 0 0 -10 534.19 187.07 590.26 438.11 0.0006005
bookshelf 0 0 -10 5.83 0.00 241.93 65.68 0.0005794
bathtub 0 0 -10 1.25 76.59 66.16 438.65 0.0005727
bathtub 0 0 -10 1.78 3.98 241.40 249.78 0.0005699
bathtub 0 0 -10 0.00 0.00 333.80 81.05 0.0005637
dresser 0 0 -10 6.43 47.61 162.96 441.00 0.0005521
chair 0 0 -10 547.72 24.68 591.00 155.21 0.0005470
bed 0 0 -10 0.00 13.20 246.43 266.59 0.0005423
bathtub 0 0 -10 6.12 87.22 250.70 354.85 0.0005288
chair 0 0 -10 484.35 89.36 591.00 372.03 0.0005223
chair 0 0 -10 34.52 1.37 241.42 70.47 0.0005089
chair 0 0 -10 465.93 2.53 591.00 234.81 0.0005017
toilet 0 0 -10 0.00 44.94 268.04 430.19 0.0004999
sofa 0 0 -10 15.15 4.47 212.34 116.20 0.0004803
bathtub 0 0 -10 533.70 193.51 591.00 438.06 0.0004796
chair 0 0 -10 0.28 9.35 55.80 152.93 0.0004778
bed 0 0 -10 28.93 196.10 551.74 438.74 0.0004733
table 0 0 -10 550.48 15.13 589.66 208.61 0.0004595
bed 0 0 -10 0.00 2.38 243.03 66.48 0.0004483
bathtub 0 0 -10 7.16 136.01 45.95 432.75 0.0004449
sofa 0 0 -10 3.59 12.70 241.80 262.36 0.0004276
table 0 0 -10 518.37 26.70 587.99 307.96 0.0003968
toilet 0 0 -10 449.96 199.88 590.09 441.00 0.0003908
chair 0 0 -10 345.63 117.61 530.79 303.77 0.0003904
chair 0 0 -10 96.29 0.00 205.98 46.20 0.0003728
dresser 0 0 -10 453.11 198.30 591.00 441.00 0.0003462
table 0 0 -10 508.79 146.22 589.16 347.43 0.0003196
bathtub 0 0 -10 27.16 213.13 357.41 436.84 0.0003179
chair 0 0 -10 415.37 36.64 589.79 347.36 0.0003141
chair 0 0 -10 570.87 34.08 590.85 181.98 0.0003060
desk 0 0 -10 252.99 6.98 562.23 152.93 0.0003059
chair 0 0 -10 526.63 182.13 591.00 430.25 0.0002941
table 0 0 -10 27.54 185.27 521.60 441.00 0.0002921
bed 0 0 -10 0.00 120.50 56.08 435.95 0.0002787
toilet 0 0 -10 0.00 80.18 63.87 441.00 0.0002786
chair 0 0 -10 233.99 9.65 572.27 303.67 0.0002704
table 0 0 -10 3.07 127.34 37.78 441.00 0.0002642
night_stand 0 0 -10 483.33 127.50 591.00 404.60 0.0002585
chair 0 0 -10 7.53 3.37 84.62 101.58 0.0002494
desk 0 0 -10 0.69 12.01 252.92 273.88 0.0002452
chair 0 0 -10 1.32 0.28 167.60 61.59 0.0002444
