chair 0 0 -10 167.74 228.54 312.54 348.38 0.6397777
chair 0 0 -10 128.65 181.15 216.63 293.56 0.4196137
bookshelf 0 0 -10 315.79 49.23 589.54 373.97 0.2332959
table 0 0 -10 126.47 199.63 222.00 315.99 0.1270622
chair 0 0 -10 138.65 210.98 204.22 273.29 0.1175325
bed 0 0 -10 303.84 55.11 588.80 386.67 0.1102914
table 0 0 -10 313.01 84.95 587.40 377.59 0.1052441
table 0 0 -10 136.73 219.02 204.96 273.39 0.0724759
table 0 0 -10 178.11 231.35 315.69 345.69 0.0550371
chair 0 0 -10 159.72 147.36 322.86 336.78 0.0549028
chair 0 0 -10 126.98 172.16 262.65 335.07 0.0537812
desk 0 0 -10 315.84 80.05 591.00 372.79 0.0316649
bookshelf 0 0 -10 451.32 82.66 587.75 368.52 0.0311306
table 0 0 -10 137.21 221.84 270.66 321.18 0.0262859
table 0 0 -10 129.83 177.24 208.90 241.33 0.0255721
desk 0 0 -10 126.90 197.32 221.12 316.71 0.0185826
sofa 0 0 -10 319.23 80.72 591.00 371.07 0.0152341
chair 0 0 -10 561.57 90.59 590.31 249.46 0.0139187
chair 0 0 -10 456.68 94.31 585.11 217.17 0.0136545
chair 0 0 -10 336.39 69.83 589.65 360.96 0.0128780
bookshelf 0 0 -10 551.99 106.66 589.99 387.86 0.0116629
desk 0 0 -10 136.17 217.92 205.10 274.76 0.0116106
chair 0 0 -10 132.75 174.92 208.48 245.73 0.0115306
dresser 0 0 -10 311.56 71.48 591.00 379.66 0.0097080
chair 0 0 -10 303.77 88.23 456.87 328.58 0.0074314
table 0 0 -10 234.64 289.15 572.71 436.18 0.0063961
desk 0 0 -10 138.63 222.28 323.33 352.96 0.0062971
chair 0 0 -10 526.16 79.69 589.02 243.07 0.0059177
bookshelf 0 0 -10 574.89 161.68 591.00 382.14 0.0056326
bookshelf 0 0 -10 525.06 65.70 590.61 369.19 0.0048619
sofa 0 0 -10 328.72 277.47 580.29 420.20 0.0046874
dresser 0 0 -10 551.94 119.44 590.26 390.98 0.0043996
chair 0 0 -10 432.92 58.58 588.99 276.73 0.0041449
night_stand 0 0 -10 136.29 217.11 205.92 273.47 0.0040349
chair 0 0 -10 548.18 77.52 588.12 327.19 0.0038181
table 0 0 -10 448.42 101.24 588.93 211.31 0.0035585
table 0 0 -10 81.36 188.97 572.44 431.96 0.0032308
table 0 0 -10 552.65 308.12 590.36 439.16 0.0028763
table 0 0 -10 572.42 294.43 590.47 399.34 0.0028026
table 0 0 -10 325.35 118.32 500.58 224.52 0.0026393
table 0 0 -10 572.24 124.68 590.55 436.64 0.0026005
table 0 0 -10 577.09 316.78 588.85 388.54 0.0025342
dresser 0 0 -10 572.38 123.78 590.89 433.82 0.0023763
chair 0 0 -10 571.19 119.98 591.00 436.12 0.0022609
chair 0 0 -10 576.25 76.45 589.93 250.86 0.0020792
bookshelf 0 0 -10 567.74 128.32 590.09 432.31 0.0019906
table 0 0 -10 561.19 98.15 589.65 251.66 0.0019151
chair 0 0 -10 559.93 164.95 590.05 242.46 0.0018750
table 0 0 -10 567.86 347.67 589.98 441.00 0.0018626
desk 0 0 -10 428.12 90.62 590.44 217.79 0.0018623
dresser 0 0 -10 479.05 84.87 590.24 391.68 0.0018150
table 0 0 -10 62.28 222.12 297.62 384.13 0.0017267
chair 0 0 -10 568.06 144.54 590.26 227.97 0.0016692
table 0 0 -10 339.89 69.73 588.06 253.07 0.0016611
bookshelf 0 0 -10 349.24 184.34 581.86 403.86 0.0015507
table 0 0 -10 321.46 232.63 584.32 410.52 0.0014295
chair 0 0 -10 530.14 303.82 591.00 438.00 0.0014272
table 0 0 -10 181.04 172.26 318.26 310.82 0.0013148
chair 0 0 -10 488.88 86.39 590.13 392.77 0.0013054
bathtub 0 0 -10 322.38 61.94 591.00 341.59 0.0012959
table 0 0 -10 576.44 245.48 590.66 432.47 0.0012792
bookshelf 0 0 -10 567.94 150.40 591.00 302.00 0.0012754
night_stand 0 0 -10 309.85 62.32 591.00 377.29 0.0012747
desk 0 0 -10 70.71 181.73 586.55 431.42 0.0012228
chair 0 0 -10 407.38 137.24 462.76 195.42 0.0012141
table 0 0 -10 355.55 317.88 572.58 408.53 0.0011985
chair 0 0 -10 150.91 219.30 381.51 377.96 0.0011673
night_stand 0 0 -10 179.06 230.91 319.05 348.39 0.0011564
chair 0 0 -10 280.44 57.98 398.07 316.50 0.0011331
chair 0 0 -10 395.02 125.54 457.63 217.42 0.0010756
bed 0 0 -10 571.79 110.85 590.91 441.00 0.0010142
chair 0 0 -10 75.93 162.18 228.29 325.93 0.0010088
chair 0 0 -10 577.20 316.81 589.42 389.13 0.0010040
chair 0 0 -10 544.09 162.50 591.00 412.82 0.0009987
bed 0 0 -10 331.65 298.68 588.98 435.58 0.0009962
chair 0 0 -10 355.09 41.01 550.92 230.27 0.0009738
table 0 0 -10 320.52 257.16 373.18 300.78 0.0009599
chair 0 0 -10 567.28 154.08 590.92 305.10 0.0009360
table 0 0 -10 550.70 120.41 589.90 393.71 0.0008901
bed 0 0 -10 306.89 79.39 489.78 310.79 0.0008892
table 0 0 -10 368.18 127.06 454.10 217.16 0.0008496
chair 0 0 -10 352.10 249.15 589.45 410.75 0.0008139
table 0 0 -10 107.11 162.25 232.55 293.33 0.0008087
desk 0 0 -10 345.60 117.25 587.86 197.36 0.0008064
chair 0 0 -10 227.54 78.07 360.44 339.73 0.0007996
chair 0 0 -10 575.32 307.41 590.98 432.81 0.0007810
toilet 0 0 -10 323.22 58.44 586.10 360.24 0.0007712
night_stand 0 0 -10 120.64 206.90 219.31 290.21 0.0007649
desk 0 0 -10 572.34 122.57 590.93 432.01 0.0007635
bed 0 0 -10 127.74 184.14 221.84 314.61 0.0007592
desk 0 0 -10 551.26 116.52 590.64 386.25 0.0007591
chair 0 0 -10 555.03 155.70 590.13 210.23 0.0007516
chair 0 0 -10 577.90 147.23 590.60 239.70 0.0007207
night_stand 0 0 -10 572.20 133.91 591.00 423.26 0.0007130
bed 0 0 -10 331.45 218.90 590.14 406.94 0.0007126
sofa 0 0 -10 572.80 126.14 590.46 434.22 0.0007038
bookshelf 0 0 -10 363.41 52.43 585.35 245.68 0.0006654
bookshelf 0 0 -10 130.92 181.44 218.29 311.84 0.0006642
dresser 0 0 -10 131.26 180.89 218.52 323.63 0.0006611
sofa 0 0 -10 166.60 228.56 311.83 345.09 0.0006559
