chair 0 0 -10 250.10 164.88 506.84 441.00 0.9953735
chair 0 0 -10 141.53 2.84 268.78 115.30 0.6447866
dresser 0 0 -10 327.63 12.70 591.00 390.57 0.4663335
chair 0 0 -10 242.49 22.01 574.48 430.38 0.4627371
chair 0 0 -10 202.14 162.50 498.77 308.12 0.1986315
bed 0 0 -10 314.26 0.00 591.00 397.64 0.1809385
table 0 0 -10 250.83 278.67 474.53 441.00 0.1341908
desk 0 0 -10 298.15 2.50 591.00 428.83 0.0928907
table 0 0 -10 127.52 14.02 543.23 432.11 0.0895588
chair 0 0 -10 145.18 0.00 219.43 53.93 0.0852575
table 0 0 -10 311.01 13.61 585.09 398.31 0.0845611
bookshelf 0 0 -10 321.25 6.47 581.60 344.57 0.0464656
table 0 0 -10 147.81 4.44 271.11 99.42 0.0321017
chair 0 0 -10 313.50 131.07 510.90 353.54 0.0258311
chair 0 0 -10 243.41 273.39 468.37 438.28 0.0250671
chair 0 0 -10 320.43 8.60 561.31 308.53 0.0227076
chair 0 0 -10 136.13 0.00 232.92 84.77 0.0223060
desk 0 0 -10 13.28 34.87 523.81 439.88 0.0218957
bookshelf 0 0 -10 256.85 0.00 408.01 96.74 0.0209411
table 0 0 -10 167.95 2.08 427.72 96.71 0.0155309
sofa 0 0 -10 319.41 12.32 583.68 329.53 0.0137105
table 0 0 -10 4.14 67.06 417.61 429.55 0.0128278
dresser 0 0 -10 156.24 11.36 562.86 429.87 0.0111840
night_stand 0 0 -10 333.74 16.57 587.40 295.47 0.0096522
bathtub 0 0 -10 303.10 15.18 589.68 314.14 0.0075247
bed 0 0 -10 257.67 0.32 537.62 86.44 0.0074696
chair 0 0 -10 162.98 1.46 350.25 105.18 0.0069718
table 0 0 -10 249.67 344.04 412.13 441.00 0.0067217
table 0 0 -10 110.75 226.47 490.31 441.00 0.0063477
toilet 0 0 -10 308.34 24.08 580.90 435.11 0.0061224
desk 0 0 -10 248.39 246.46 497.21 441.00 0.0054499
bookshelf 0 0 -10 166.50 6.87 548.97 424.27 0.0054224
chair 0 0 -10 388.66 163.10 500.64 435.64 0.0047127
bookshelf 0 0 -10 257.05 6.91 453.06 280.47 0.0045133
desk 0 0 -10 140.71 4.30 263.97 102.71 0.0044173
sofa 0 0 -10 166.79 19.71 572.74 422.50 0.0041723
chair 0 0 -10 277.25 193.62 488.47 291.20 0.0039123
chair 0 0 -10 316.66 325.62 480.73 441.00 0.0037763
chair 0 0 -10 229.39 212.15 400.67 398.33 0.0037178
table 0 0 -10 138.95 1.15 230.50 59.86 0.0036691
table 0 0 -10 54.41 3.78 392.72 130.80 0.0036507
chair 0 0 -10 331.33 290.31 551.37 441.00 0.0034237
chair 0 0 -10 412.54 142.06 573.78 441.00 0.0031175
table 0 0 -10 200.66 5.76 428.89 173.58 0.0030538
dresser 0 0 -10 300.93 7.11 505.72 264.80 0.0030307
chair 0 0 -10 246.67 356.69 438.17 441.00 0.0029484
desk 0 0 -10 166.41 0.08 431.79 96.65 0.0027870
sofa 0 0 -10 239.04 196.96 462.84 430.08 0.0027770
chair 0 0 -10 65.16 157.21 450.53 440.46 0.0026326
chair 0 0 -10 259.56 13.51 461.30 272.39 0.0026165
bed 0 0 -10 395.68 0.23 587.41 75.44 0.0025597
dresser 0 0 -10 521.95 12.73 589.33 381.83 0.0024998
chair 0 0 -10 349.24 54.90 449.27 290.13 0.0024413
bed 0 0 -10 519.88 0.00 590.45 441.00 0.0024042
chair 0 0 -10 235.97 193.90 328.98 352.87 0.0023374
desk 0 0 -10 351.65 133.18 551.32 400.56 0.0022049
bookshelf 0 0 -10 260.36 0.00 539.32 84.34 0.0020542
chair 0 0 -10 442.86 166.27 522.67 441.00 0.0019723
table 0 0 -10 244.16 14.51 467.61 285.25 0.0019261
chair 0 0 -10 257.56 1.77 396.53 105.28 0.0019184
table 0 0 -10 266.55 2.45 527.33 83.78 0.0018785
desk 0 0 -10 164.84 9.07 553.33 326.61 0.0017723
bathtub 0 0 -10 112.67 25.79 565.24 410.66 0.0016204
night_stand 0 0 -10 157.32 16.60 565.71 424.11 0.0014644
table 0 0 -10 276.13 159.51 515.43 374.33 0.0013713
chair 0 0 -10 197.92 0.00 279.81 35.81 0.0013653
chair 0 0 -10 149.22 0.11 200.15 39.13 0.0013453
table 0 0 -10 3.21 0.00 165.83 100.77 0.0013346
bed 0 0 -10 119.78 0.00 560.94 348.05 0.0012515
chair 0 0 -10 242.88 9.69 404.90 203.47 0.0012332
chair 0 0 -10 516.06 2.24 590.87 383.55 0.0012141
bed 0 0 -10 5.34 84.72 470.60 440.42 0.0012085
chair 0 0 -10 48.21 361.73 419.46 440.75 0.0012045
chair 0 0 -10 216.64 0.71 301.13 112.42 0.0011622
chair 0 0 -10 161.64 0.00 279.55 64.83 0.0011315
sofa 0 0 -10 265.78 3.72 539.84 83.95 0.0011120
chair 0 0 -10 115.40 19.06 299.40 161.32 0.0011067
table 0 0 -10 95.13 136.86 445.24 325.83 0.0011031
desk 0 0 -10 345.04 40.05 591.00 279.22 0.0010809
desk 0 0 -10 240.50 138.13 519.85 320.51 0.0010730
bed 0 0 -10 325.92 4.19 586.58 192.87 0.0009614
table 0 0 -10 322.92 90.55 529.94 326.21 0.0009572
desk 0 0 -10 248.31 43.05 484.69 382.56 0.0009546
bookshelf 0 0 -10 148.14 0.00 298.12 104.04 0.0009142
chair 0 0 -10 225.20 86.46 388.03 362.17 0.0009131
sofa 0 0 -10 142.89 3.47 270.47 101.84 0.0008832
chair 0 0 -10 196.16 0.38 203.38 53.52 0.0008682
bed 0 0 -10 289.77 0.67 517.04 282.74 0.0008541
chair 0 0 -10 128.04 0.00 313.45 41.47 0.0008263
table 0 0 -10 0.87 34.08 195.02 425.39 0.0007959
dresser 0 0 -10 256.07 9.67 416.90 209.55 0.0007946
table 0 0 -10 366.82 2.32 585.36 77.72 0.0007923
table 0 0 -10 231.45 2.37 363.43 103.84 0.0007786
sofa 0 0 -10 12.24 108.10 482.49 440.66 0.0007651
desk 0 0 -10 124.46 165.43 452.91 436.22 0.0007595
table 0 0 -10 142.32 0.20 202.91 43.57 0.0007521
chair 0 0 -10 208.26 6.01 380.13 140.51 0.0007482
table 0 0 -10 182.62 105.86 390.62 399.52 0.0007376
chair 0 0 -10 329.65 163.86 450.51 331.60 0.0007079
table 0 0 -10 521.74 22.29 590.33 441.00 0.0006925
