bed 0 0 -10 8.82 404.73 347.33 440.21 0.9222333
table 0 0 -10 310.65 100.02 560.50 220.37 0.8268718
bed 0 0 -10 7.98 381.54 377.07 435.64 0.3135861
bed 0 0 -10 0.00 423.82 361.68 441.00 0.1160550
sofa 0 0 -10 7.44 395.53 374.64 440.79 0.0861840
bed 0 0 -10 6.11 338.20 411.40 439.10 0.0633573
desk 0 0 -10 312.92 91.20 568.74 231.55 0.0195665
table 0 0 -10 310.05 421.72 369.05 440.66 0.0193099
table 0 0 -10 6.61 397.20 376.67 439.54 0.0192117
chair 0 0 -10 238.19 50.84 494.39 214.82 0.0148113
table 0 0 -10 243.64 85.11 556.70 276.84 0.0138489
sofa 0 0 -10 5.79 336.48 411.58 438.36 0.0128625
chair 0 0 -10 314.31 420.69 369.48 441.00 0.0126145
bed 0 0 -10 172.94 398.50 341.20 441.00 0.0121374
table 0 0 -10 323.84 424.62 356.15 440.11 0.0114721
chair 0 0 -10 354.71 94.22 560.82 221.92 0.0096029
sofa 0 0 -10 0.00 423.81 360.47 441.00 0.0088379
table 0 0 -10 455.06 104.56 557.24 230.34 0.0086983
bed 0 0 -10 6.92 226.35 570.63 438.04 0.0080228
table 0 0 -10 135.86 82.34 564.57 400.67 0.0073293
table 0 0 -10 317.55 426.92 384.44 439.37 0.0068443
chair 0 0 -10 323.67 411.53 392.69 440.66 0.0063550
chair 0 0 -10 256.71 411.63 331.55 440.77 0.0062560
chair 0 0 -10 1.50 375.37 416.17 439.71 0.0061869
bed 0 0 -10 172.99 409.87 451.13 440.73 0.0057516
table 0 0 -10 242.81 409.45 322.29 439.90 0.0055315
table 0 0 -10 336.43 420.69 400.27 440.29 0.0052149
chair 0 0 -10 326.60 422.82 358.87 439.69 0.0049412
table 0 0 -10 316.83 425.89 344.57 440.00 0.0048876
table 0 0 -10 201.00 396.32 345.21 438.94 0.0044497
bed 0 0 -10 299.63 411.28 587.98 438.96 0.0042383
table 0 0 -10 316.42 413.91 385.20 439.76 0.0042199
chair 0 0 -10 221.78 403.13 354.39 440.21 0.0041573
bed 0 0 -10 311.49 421.00 370.44 441.00 0.0036771
sofa 0 0 -10 312.23 420.92 370.56 440.96 0.0035088
chair 0 0 -10 304.08 409.82 359.73 440.85 0.0033239
table 0 0 -10 301.78 405.25 553.29 440.01 0.0031242
bed 0 0 -10 129.71 65.95 576.03 411.55 0.0030908
table 0 0 -10 4.57 423.89 350.88 440.93 0.0030368
table 0 0 -10 1.03 338.08 416.70 435.49 0.0029641
sofa 0 0 -10 303.36 410.59 583.26 438.87 0.0028403
bed 0 0 -10 324.28 424.08 356.62 440.48 0.0027775
table 0 0 -10 327.38 34.24 569.62 182.24 0.0027483
bed 0 0 -10 323.03 85.36 569.66 228.06 0.0026816
chair 0 0 -10 305.90 427.61 381.96 439.96 0.0026504
table 0 0 -10 302.06 410.48 358.06 440.29 0.0026243
table 0 0 -10 308.89 431.75 400.24 440.47 0.0025410
chair 0 0 -10 298.43 406.10 414.63 440.77 0.0025084
table 0 0 -10 323.79 430.74 348.71 440.40 0.0025044
chair 0 0 -10 318.08 425.23 345.01 440.31 0.0024992
table 0 0 -10 245.92 404.03 372.98 440.27 0.0024752
chair 0 0 -10 43.26 401.74 357.63 439.60 0.0024044
table 0 0 -10 329.51 436.63 353.15 440.84 0.0023246
chair 0 0 -10 261.86 409.25 535.14 441.00 0.0023170
table 0 0 -10 259.35 421.10 323.65 440.33 0.0022669
sofa 0 0 -10 324.67 424.18 356.76 440.34 0.0021322
table 0 0 -10 25.94 385.21 350.98 427.17 0.0020497
table 0 0 -10 320.99 436.02 343.59 440.87 0.0019839
table 0 0 -10 279.34 421.85 347.03 440.39 0.0019202
sofa 0 0 -10 335.01 419.90 400.48 441.00 0.0019053
chair 0 0 -10 246.10 402.33 311.34 439.83 0.0018776
chair 0 0 -10 285.63 420.81 347.76 440.89 0.0018089
table 0 0 -10 344.43 85.18 564.96 144.81 0.0017041
bed 0 0 -10 248.90 421.25 303.08 441.00 0.0016440
bed 0 0 -10 57.83 431.02 339.16 441.00 0.0016364
sofa 0 0 -10 173.55 398.02 342.64 440.89 0.0015303
chair 0 0 -10 307.22 426.99 332.38 440.10 0.0015256
chair 0 0 -10 0.37 332.20 386.98 428.25 0.0015201
sofa 0 0 -10 243.72 409.32 324.71 440.77 0.0014884
table 0 0 -10 5.50 405.44 225.91 440.80 0.0014792
table 0 0 -10 337.59 437.36 361.58 440.80 0.0014442
table 0 0 -10 305.70 436.14 326.15 440.86 0.0014235
bathtub 0 0 -10 2.57 377.38 386.55 432.75 0.0013777
sofa 0 0 -10 13.80 228.62 570.95 435.75 0.0013572
bed 0 0 -10 1.61 327.16 226.48 435.53 0.0013473
bed 0 0 -10 317.21 425.40 345.29 440.47 0.0013285
sofa 0 0 -10 319.39 426.79 384.72 439.65 0.0013236
bed 0 0 -10 161.16 362.08 348.38 441.00 0.0013216
table 0 0 -10 268.41 420.20 375.07 435.32 0.0013117
bed 0 0 -10 242.81 409.27 324.74 441.00 0.0012669
desk 0 0 -10 0.00 376.49 428.99 438.85 0.0012317
chair 0 0 -10 155.63 392.46 390.14 438.14 0.0012226
desk 0 0 -10 129.51 73.40 582.40 406.57 0.0012213
table 0 0 -10 296.67 407.25 411.62 439.67 0.0012211
table 0 0 -10 238.98 417.44 337.48 434.61 0.0012016
table 0 0 -10 221.56 394.53 304.50 432.88 0.0011911
table 0 0 -10 301.48 435.89 404.78 440.82 0.0011231
bed 0 0 -10 46.77 397.86 295.90 431.93 0.0010720
table 0 0 -10 313.79 430.34 338.44 440.45 0.0010505
table 0 0 -10 350.03 410.18 411.56 439.17 0.0010068
bathtub 0 0 -10 3.79 339.92 523.71 436.18 0.0010020
chair 0 0 -10 320.60 421.03 414.88 438.25 0.0009941
chair 0 0 -10 219.40 39.51 380.20 211.27 0.0009910
table 0 0 -10 94.69 410.88 400.54 439.95 0.0009784
table 0 0 -10 191.96 34.80 548.29 214.91 0.0009700
table 0 0 -10 365.39 89.29 523.44 195.52 0.0009688
bookshelf 0 0 -10 10.55 368.17 369.79 430.98 0.0009677
table 0 0 -10 308.45 425.51 333.77 439.30 0.0009632
table 0 0 -10 313.75 435.31 335.89 440.67 0.0009625
desk 0 0 -10 309.76 420.99 369.49 440.72 0.0009553
