table 0 0 -10 515.62 196.50 590.42 266.57 0.7763947
desk 0 0 -10 514.10 201.51 591.00 250.48 0.4323500
table 0 0 -10 532.67 212.89 591.00 298.38 0.3778207
chair 0 0 -10 540.46 242.38 591.00 303.12 0.1276193
table 0 0 -10 543.00 245.75 589.77 298.20 0.1162657
sofa 0 0 -10 540.96 244.45 590.70 308.43 0.0672142
chair 0 0 -10 506.28 196.90 554.39 269.27 0.0640159
table 0 0 -10 518.32 241.62 589.29 309.94 0.0478745
table 0 0 -10 528.47 206.15 591.00 246.69 0.0466687
desk 0 0 -10 532.84 184.86 590.40 268.57 0.0422797
chair 0 0 -10 527.35 211.91 585.41 269.88 0.0356736
chair 0 0 -10 544.06 211.47 588.24 247.92 0.0327791
chair 0 0 -10 554.33 178.19 589.45 240.29 0.0262537
table 0 0 -10 535.79 235.78 588.92 274.21 0.0260644
chair 0 0 -10 535.46 189.02 585.86 246.93 0.0247652
chair 0 0 -10 549.66 214.63 590.66 281.95 0.0239453
table 0 0 -10 546.48 270.52 589.40 433.62 0.0229430
table 0 0 -10 510.39 198.49 581.64 235.82 0.0210789
desk 0 0 -10 500.88 196.33 591.00 283.93 0.0186900
chair 0 0 -10 501.14 208.08 577.75 278.92 0.0171989
chair 0 0 -10 530.09 221.39 590.99 328.92 0.0149602
chair 0 0 -10 563.98 199.26 591.00 244.52 0.0129276
chair 0 0 -10 555.91 190.23 590.98 319.04 0.0124216
table 0 0 -10 505.60 266.00 586.18 433.87 0.0123485
table 0 0 -10 546.83 183.07 591.00 261.28 0.0121671
sofa 0 0 -10 527.02 210.58 590.04 323.87 0.0119792
chair 0 0 -10 498.68 222.22 546.67 282.59 0.0096654
table 0 0 -10 508.01 203.53 555.75 275.31 0.0096126
chair 0 0 -10 517.41 175.89 588.80 276.75 0.0095973
desk 0 0 -10 559.97 179.05 590.84 231.94 0.0088354
table 0 0 -10 504.88 211.92 589.93 361.19 0.0088023
desk 0 0 -10 534.05 213.35 591.00 303.12 0.0076295
chair 0 0 -10 514.55 196.05 564.94 240.73 0.0066703
chair 0 0 -10 537.19 208.92 573.43 244.15 0.0066700
table 0 0 -10 518.22 224.70 579.88 278.91 0.0060471
chair 0 0 -10 573.02 177.69 591.00 321.70 0.0059140
table 0 0 -10 529.51 259.71 590.23 366.29 0.0058231
chair 0 0 -10 521.88 201.11 549.72 234.88 0.0057455
table 0 0 -10 518.95 176.78 590.61 228.84 0.0053830
table 0 0 -10 570.62 286.35 590.57 430.31 0.0051249
table 0 0 -10 551.72 211.07 590.09 366.56 0.0050555
table 0 0 -10 501.37 222.08 541.30 278.33 0.0048610
chair 0 0 -10 521.20 203.31 575.29 254.12 0.0046592
chair 0 0 -10 496.70 199.13 530.26 269.27 0.0045602
table 0 0 -10 561.51 213.92 590.43 273.29 0.0045596
chair 0 0 -10 556.82 198.20 579.09 240.83 0.0041389
table 0 0 -10 570.58 177.84 590.47 321.31 0.0040466
chair 0 0 -10 560.43 181.55 575.38 229.61 0.0039579
bed 0 0 -10 7.45 0.00 535.99 441.00 0.0037767
desk 0 0 -10 516.10 188.13 578.99 232.73 0.0036708
chair 0 0 -10 572.05 211.91 590.25 247.03 0.0036647
chair 0 0 -10 503.13 189.53 547.99 234.14 0.0034583
chair 0 0 -10 521.02 233.18 547.99 271.68 0.0033002
desk 0 0 -10 555.35 195.72 590.56 244.45 0.0032772
chair 0 0 -10 573.61 181.34 591.00 242.10 0.0032542
table 0 0 -10 559.27 179.54 590.32 233.00 0.0032148
chair 0 0 -10 578.20 218.16 588.94 292.46 0.0031588
chair 0 0 -10 581.68 178.90 591.00 284.89 0.0031393
desk 0 0 -10 528.54 206.31 579.53 241.47 0.0031127
chair 0 0 -10 547.85 240.92 590.12 275.69 0.0030019
desk 0 0 -10 526.17 202.48 555.03 235.12 0.0029424
table 0 0 -10 507.73 159.95 590.15 307.25 0.0027204
chair 0 0 -10 564.90 179.57 590.58 221.04 0.0026839
table 0 0 -10 553.58 197.90 590.82 244.05 0.0026586
desk 0 0 -10 544.72 203.24 564.67 243.51 0.0026417
table 0 0 -10 523.08 202.98 553.97 233.65 0.0025940
chair 0 0 -10 583.89 206.68 590.82 303.87 0.0024979
chair 0 0 -10 581.17 209.51 590.57 257.05 0.0024972
table 0 0 -10 577.57 212.97 588.41 290.97 0.0024653
table 0 0 -10 580.31 297.54 590.88 439.56 0.0024222
chair 0 0 -10 472.98 190.02 552.20 277.56 0.0021797
chair 0 0 -10 542.95 237.75 591.00 404.39 0.0021676
chair 0 0 -10 499.84 225.26 527.45 267.11 0.0021375
chair 0 0 -10 525.72 305.06 591.00 441.00 0.0021269
table 0 0 -10 544.26 205.18 565.27 242.25 0.0021049
desk 0 0 -10 547.70 187.77 590.49 219.25 0.0020538
chair 0 0 -10 570.01 222.02 591.00 283.23 0.0019961
table 0 0 -10 583.72 207.22 590.75 303.33 0.0019374
table 0 0 -10 568.06 210.48 590.01 246.20 0.0018426
bookshelf 0 0 -10 78.49 0.00 484.59 427.93 0.0017637
table 0 0 -10 561.39 241.27 590.29 270.69 0.0017453
chair 0 0 -10 522.12 174.15 588.21 231.06 0.0017324
table 0 0 -10 496.47 203.14 567.04 304.87 0.0017035
table 0 0 -10 553.24 180.41 588.80 210.44 0.0016875
desk 0 0 -10 524.12 199.91 587.75 226.77 0.0015111
chair 0 0 -10 517.23 235.48 578.31 293.82 0.0014437
chair 0 0 -10 586.83 176.01 590.93 282.77 0.0014053
sofa 0 0 -10 500.77 250.00 590.73 346.66 0.0013498
chair 0 0 -10 557.56 245.64 591.00 357.79 0.0013454
chair 0 0 -10 546.20 200.17 563.03 233.97 0.0013156
desk 0 0 -10 544.53 245.65 590.49 307.22 0.0012992
dresser 0 0 -10 66.03 3.15 491.37 432.85 0.0012882
table 0 0 -10 546.45 187.54 590.45 219.80 0.0012851
table 0 0 -10 553.75 171.82 589.64 198.93 0.0012576
table 0 0 -10 580.26 239.55 590.27 314.92 0.0012469
chair 0 0 -10 516.61 228.62 534.75 278.64 0.0012380
chair 0 0 -10 551.60 205.67 571.63 242.16 0.0012181
sofa 0 0 -10 540.38 260.58 590.25 438.99 0.0011624
table 0 0 -10 3.31 13.21 293.63 441.00 0.0011555
table 0 0 -10 501.12 225.92 527.71 265.96 0.0011453
