chair 0 0 -10 404.53 334.88 474.32 439.86 0.8182006
night_stand 0 0 -10 218.59 327.46 411.54 441.00 0.4272549
table 0 0 -10 493.63 311.59 589.81 439.69 0.3879169
table 0 0 -10 222.93 330.07 395.38 439.55 0.3861151
chair 0 0 -10 396.69 261.00 486.44 440.57 0.3510099
desk 0 0 -10 219.40 334.00 406.36 440.55 0.2435816
night_stand 0 0 -10 488.84 311.08 591.00 441.00 0.1511026
dresser 0 0 -10 227.29 334.35 409.37 441.00 0.0870286
desk 0 0 -10 492.07 316.68 591.00 435.87 0.0260001
chair 0 0 -10 410.46 327.17 462.62 405.84 0.0178616
bookshelf 0 0 -10 380.14 176.50 481.38 421.76 0.0145549
chair 0 0 -10 237.42 327.87 416.31 439.10 0.0140377
table 0 0 -10 539.66 302.66 586.48 439.49 0.0126744
desk 0 0 -10 179.25 316.46 500.70 441.00 0.0110885
table 0 0 -10 217.38 234.09 420.56 424.59 0.0104728
desk 0 0 -10 212.87 208.85 441.21 426.66 0.0102640
dresser 0 0 -10 392.38 166.76 480.43 431.23 0.0102375
table 0 0 -10 407.83 335.25 478.53 438.46 0.0099469
bookshelf 0 0 -10 219.74 154.84 458.40 422.42 0.0094148
bed 0 0 -10 219.93 322.77 415.38 441.00 0.0083306
chair 0 0 -10 417.93 313.71 564.78 441.00 0.0077383
table 0 0 -10 229.79 313.62 386.38 376.90 0.0077075
sofa 0 0 -10 220.03 327.16 416.42 441.00 0.0069734
dresser 0 0 -10 219.95 190.13 454.46 430.26 0.0068376
table 0 0 -10 439.78 312.49 566.20 441.00 0.0066935
chair 0 0 -10 421.95 188.78 475.12 441.00 0.0053929
toilet 0 0 -10 215.78 325.78 402.69 441.00 0.0052890
chair 0 0 -10 376.92 173.32 491.57 428.24 0.0046756
chair 0 0 -10 319.32 331.64 458.28 438.25 0.0042721
bed 0 0 -10 410.65 171.19 476.52 441.00 0.0042583
dresser 0 0 -10 494.03 314.65 587.71 441.00 0.0039880
chair 0 0 -10 426.99 285.55 444.55 438.08 0.0034245
bed 0 0 -10 208.93 151.29 466.83 433.78 0.0032869
bookshelf 0 0 -10 417.56 178.63 468.70 432.65 0.0032825
bookshelf 0 0 -10 107.53 13.15 554.00 430.66 0.0032183
bookshelf 0 0 -10 220.14 312.47 414.44 438.58 0.0030948
bathtub 0 0 -10 214.96 342.34 404.11 436.70 0.0030499
table 0 0 -10 282.89 338.10 457.34 440.60 0.0029942
chair 0 0 -10 381.50 303.39 477.60 413.12 0.0029132
table 0 0 -10 567.69 313.57 589.24 440.15 0.0027863
chair 0 0 -10 436.58 290.03 453.43 437.89 0.0027720
table 0 0 -10 405.14 204.95 475.69 428.68 0.0026111
table 0 0 -10 218.10 294.42 507.78 437.08 0.0025266
night_stand 0 0 -10 542.32 305.89 589.05 439.83 0.0023126
chair 0 0 -10 420.00 303.40 449.71 388.02 0.0022979
table 0 0 -10 501.60 299.62 588.00 362.69 0.0020813
chair 0 0 -10 493.11 320.83 588.35 432.20 0.0020042
desk 0 0 -10 269.40 263.69 560.51 441.00 0.0019336
table 0 0 -10 353.63 411.37 578.79 440.70 0.0017737
table 0 0 -10 6.01 409.67 226.50 438.74 0.0017421
toilet 0 0 -10 411.52 190.68 475.52 435.02 0.0017009
table 0 0 -10 189.16 165.22 484.02 435.87 0.0016980
bathtub 0 0 -10 496.19 320.83 589.65 437.72 0.0016946
table 0 0 -10 415.21 423.10 569.58 440.89 0.0016393
desk 0 0 -10 410.19 178.51 478.23 434.01 0.0015708
desk 0 0 -10 352.24 311.49 546.59 441.00 0.0015056
chair 0 0 -10 568.04 395.36 590.54 441.00 0.0014838
table 0 0 -10 509.09 300.35 587.44 334.22 0.0014085
bed 0 0 -10 395.19 230.22 486.25 394.37 0.0013936
table 0 0 -10 2.62 368.65 309.60 440.40 0.0012977
desk 0 0 -10 286.29 336.94 463.49 441.00 0.0012887
sofa 0 0 -10 215.05 161.44 472.26 422.26 0.0012559
chair 0 0 -10 0.00 371.73 275.87 441.00 0.0012447
table 0 0 -10 574.57 347.25 590.67 441.00 0.0012342
chair 0 0 -10 327.77 280.89 515.91 441.00 0.0011740
bathtub 0 0 -10 42.27 325.94 167.47 436.75 0.0011666
table 0 0 -10 372.40 274.86 487.40 435.12 0.0010928
bed 0 0 -10 506.92 302.74 591.00 438.85 0.0010921
bed 0 0 -10 6.72 330.04 219.71 440.33 0.0010688
sofa 0 0 -10 401.64 326.95 476.11 440.08 0.0010601
chair 0 0 -10 282.41 277.76 379.28 386.91 0.0010366
dresser 0 0 -10 363.09 184.42 540.57 430.64 0.0010027
table 0 0 -10 264.89 303.41 361.27 338.74 0.0009485
chair 0 0 -10 179.36 312.40 365.71 441.00 0.0009242
toilet 0 0 -10 396.14 239.88 486.58 389.05 0.0009208
toilet 0 0 -10 495.65 305.79 589.59 441.00 0.0009196
chair 0 0 -10 416.09 274.35 435.39 408.85 0.0009181
table 0 0 -10 356.57 318.30 540.75 440.01 0.0009039
bed 0 0 -10 356.48 160.00 500.07 407.26 0.0008569
desk 0 0 -10 0.00 0.00 187.16 383.07 0.0008558
bookshelf 0 0 -10 299.61 69.58 574.28 425.36 0.0008546
table 0 0 -10 241.95 320.78 368.30 356.50 0.0008530
table 0 0 -10 227.58 280.07 377.64 354.10 0.0008406
bookshelf 0 0 -10 353.03 183.40 546.93 405.46 0.0008323
bookshelf 0 0 -10 375.12 246.23 480.54 358.93 0.0008263
table 0 0 -10 471.76 245.80 585.37 433.70 0.0008158
night_stand 0 0 -10 249.19 309.64 390.08 408.14 0.0007681
desk 0 0 -10 539.95 300.64 587.47 440.14 0.0007563
chair 0 0 -10 395.63 283.50 494.86 365.73 0.0007356
table 0 0 -10 7.34 339.65 190.14 440.50 0.0006950
desk 0 0 -10 469.12 231.49 590.97 426.88 0.0006656
dresser 0 0 -10 372.50 250.09 483.93 357.90 0.0006572
bathtub 0 0 -10 414.23 194.97 475.88 421.27 0.0006570
sofa 0 0 -10 397.94 250.20 484.68 435.29 0.0006411
bathtub 0 0 -10 15.06 393.89 217.56 438.48 0.0006324
chair 0 0 -10 565.96 354.26 591.00 441.00 0.0006234
chair 0 0 -10 341.27 351.80 574.88 440.33 0.0006231
table 0 0 -10 4.94 427.00 202.52 440.93 0.0006059
chair 0 0 -10 577.50 387.21 589.83 441.00 0.0005972
desk 0 0 -10 405.65 338.53 471.53 440.93 0.0005799
