chair 0 0 -10 160.99 258.42 300.72 436.99 0.9207137
chair 0 0 -10 41.92 211.47 163.26 370.35 0.9149578
chair 0 0 -10 3.15 215.54 58.75 337.99 0.8385372
table 0 0 -10 144.85 265.71 264.08 398.89 0.8017415
desk 0 0 -10 287.14 232.47 580.24 440.11 0.6298129
chair 0 0 -10 0.33 225.25 40.06 407.52 0.3164455
chair 0 0 -10 23.36 210.68 59.70 315.04 0.1964506
table 0 0 -10 288.46 239.80 589.27 441.00 0.1700941
chair 0 0 -10 0.24 211.33 26.06 318.25 0.1646497
chair 0 0 -10 193.65 253.44 293.37 376.90 0.1129408
chair 0 0 -10 17.54 211.44 117.51 356.03 0.0984758
chair 0 0 -10 1.61 216.21 40.15 293.16 0.0912753
chair 0 0 -10 6.71 219.70 24.14 278.57 0.0689257
table 0 0 -10 0.63 254.72 26.91 441.00 0.0611995
chair 0 0 -10 208.12 273.41 286.54 348.55 0.0575745
table 0 0 -10 146.98 261.42 250.61 323.58 0.0495696
chair 0 0 -10 1.36 217.83 18.33 286.70 0.0488620
desk 0 0 -10 145.08 266.10 292.67 402.30 0.0482562
table 0 0 -10 508.80 362.93 587.94 438.97 0.0440205
chair 0 0 -10 0.71 211.63 14.13 394.62 0.0413800
chair 0 0 -10 4.26 205.87 12.76 312.92 0.0374815
chair 0 0 -10 1.28 246.74 38.42 332.81 0.0356537
chair 0 0 -10 39.97 205.34 59.41 304.23 0.0335010
sofa 0 0 -10 41.53 208.69 156.41 357.48 0.0316520
chair 0 0 -10 0.00 222.46 87.95 419.96 0.0316293
chair 0 0 -10 2.57 169.90 31.64 337.80 0.0287693
chair 0 0 -10 29.34 224.48 50.40 305.16 0.0285173
chair 0 0 -10 0.97 238.83 23.29 432.67 0.0267011
table 0 0 -10 0.36 244.11 91.04 424.25 0.0188522
chair 0 0 -10 5.65 192.81 9.60 311.41 0.0160427
chair 0 0 -10 5.80 163.27 13.81 421.50 0.0158391
table 0 0 -10 123.46 254.88 302.43 438.29 0.0158082
chair 0 0 -10 15.03 239.11 74.53 322.85 0.0155201
table 0 0 -10 168.82 244.70 400.74 426.82 0.0154220
chair 0 0 -10 0.55 243.92 22.17 282.93 0.0149344
chair 0 0 -10 0.73 149.12 56.48 413.52 0.0145278
chair 0 0 -10 193.51 246.00 260.94 344.82 0.0144719
chair 0 0 -10 13.13 232.95 180.41 425.04 0.0141196
table 0 0 -10 25.32 228.86 137.63 373.69 0.0136894
chair 0 0 -10 49.91 213.34 60.23 320.10 0.0134686
chair 0 0 -10 1.47 207.09 8.61 310.47 0.0131076
bookshelf 0 0 -10 4.36 29.64 87.09 349.45 0.0129616
chair 0 0 -10 36.49 211.61 72.89 310.78 0.0126473
chair 0 0 -10 0.75 196.87 93.49 324.65 0.0123168
table 0 0 -10 1.29 273.73 15.47 441.00 0.0122691
table 0 0 -10 2.98 243.17 43.06 359.03 0.0120039
chair 0 0 -10 527.82 210.74 589.77 370.31 0.0115622
chair 0 0 -10 46.08 183.90 57.66 363.04 0.0114918
table 0 0 -10 51.09 242.75 219.19 372.92 0.0106362
chair 0 0 -10 173.42 236.00 431.05 441.00 0.0106117
table 0 0 -10 178.36 274.68 268.85 344.94 0.0100738
chair 0 0 -10 2.74 290.35 41.98 324.81 0.0099750
sofa 0 0 -10 156.82 243.38 299.25 426.11 0.0094553
desk 0 0 -10 2.00 250.34 30.54 429.65 0.0094388
dresser 0 0 -10 283.57 230.14 582.86 441.00 0.0092812
desk 0 0 -10 517.22 291.55 589.98 440.33 0.0092298
chair 0 0 -10 18.50 221.26 30.19 276.26 0.0089345
chair 0 0 -10 1.08 89.18 88.84 365.71 0.0089077
chair 0 0 -10 89.83 227.92 331.28 440.18 0.0085152
desk 0 0 -10 3.26 241.46 41.83 357.08 0.0084094
chair 0 0 -10 1.99 209.79 59.45 271.22 0.0080365
chair 0 0 -10 486.23 313.32 589.62 438.28 0.0078771
chair 0 0 -10 123.53 248.29 277.56 391.89 0.0075641
table 0 0 -10 38.32 276.28 262.59 430.31 0.0074985
chair 0 0 -10 2.12 215.58 31.73 254.01 0.0072576
sofa 0 0 -10 0.09 192.95 90.85 335.21 0.0071631
chair 0 0 -10 5.33 177.11 16.75 327.25 0.0071556
table 0 0 -10 478.73 408.16 585.37 439.60 0.0069215
desk 0 0 -10 163.05 241.62 402.58 435.96 0.0068384
chair 0 0 -10 7.30 237.98 58.84 301.64 0.0067451
chair 0 0 -10 3.45 244.94 13.90 332.63 0.0063570
chair 0 0 -10 558.75 211.17 590.42 353.93 0.0059064
table 0 0 -10 0.27 197.43 52.11 395.18 0.0057939
chair 0 0 -10 6.19 200.22 14.18 284.43 0.0055020
chair 0 0 -10 0.26 241.86 19.40 266.98 0.0053021
chair 0 0 -10 474.37 209.46 591.00 419.30 0.0052308
chair 0 0 -10 34.46 217.90 55.55 289.41 0.0051493
chair 0 0 -10 343.53 267.05 568.52 437.81 0.0051202
chair 0 0 -10 2.85 251.72 10.29 430.72 0.0050508
chair 0 0 -10 1.96 93.10 27.36 395.76 0.0047519
chair 0 0 -10 29.88 206.79 68.23 278.29 0.0047490
chair 0 0 -10 517.03 265.23 590.91 426.54 0.0046683
chair 0 0 -10 1.72 294.74 29.35 319.92 0.0046088
sofa 0 0 -10 560.47 214.24 589.61 353.75 0.0045977
chair 0 0 -10 10.45 209.40 19.36 279.44 0.0044236
sofa 0 0 -10 0.27 199.85 51.78 389.69 0.0043835
night_stand 0 0 -10 284.48 237.42 585.54 441.00 0.0043523
night_stand 0 0 -10 145.13 269.53 286.51 433.34 0.0043113
chair 0 0 -10 52.43 201.61 157.69 306.92 0.0042607
chair 0 0 -10 4.27 255.49 41.23 302.27 0.0041823
sofa 0 0 -10 65.54 208.83 215.61 369.80 0.0040422
chair 0 0 -10 52.50 194.98 67.48 317.59 0.0040402
chair 0 0 -10 477.78 375.85 580.40 438.44 0.0039697
chair 0 0 -10 23.44 220.71 33.17 284.16 0.0039610
table 0 0 -10 338.22 233.12 544.38 294.17 0.0038330
table 0 0 -10 422.62 419.61 573.95 439.13 0.0037895
chair 0 0 -10 39.52 202.99 101.46 330.61 0.0037860
desk 0 0 -10 34.64 235.56 165.91 352.61 0.0037756
table 0 0 -10 514.69 239.39 587.15 434.74 0.0036573
chair 0 0 -10 0.10 240.05 13.05 278.49 0.0034502
