sofa 0 0 -10 3.14 271.82 486.61 441.00 0.9906738
table 0 0 -10 465.86 363.93 589.88 437.49 0.5148210
table 0 0 -10 0.73 306.58 84.40 352.47 0.3738595
night_stand 0 0 -10 0.00 303.51 82.91 351.96 0.1101741
table 0 0 -10 0.43 300.00 80.06 399.17 0.0901717
table 0 0 -10 3.05 295.67 75.71 337.34 0.0780105
table 0 0 -10 377.94 367.33 572.17 437.32 0.0568900
table 0 0 -10 0.45 306.23 53.41 374.81 0.0547017
bed 0 0 -10 12.42 270.25 492.63 441.00 0.0460579
chair 0 0 -10 534.60 349.41 590.64 429.21 0.0358448
table 0 0 -10 482.53 347.81 590.08 411.45 0.0287666
table 0 0 -10 141.01 364.55 574.35 440.69 0.0254215
sofa 0 0 -10 32.47 366.52 495.53 436.26 0.0219652
table 0 0 -10 4.66 245.67 99.14 346.32 0.0144432
desk 0 0 -10 466.70 362.58 589.42 440.09 0.0143286
bed 0 0 -10 8.02 357.80 486.92 438.74 0.0140953
chair 0 0 -10 557.63 360.51 590.81 426.02 0.0139602
table 0 0 -10 7.55 286.73 35.92 311.52 0.0123978
chair 0 0 -10 1.64 264.46 483.47 441.00 0.0110174
table 0 0 -10 434.76 301.77 590.44 437.77 0.0099644
chair 0 0 -10 543.16 350.08 590.75 396.37 0.0097020
night_stand 0 0 -10 0.00 307.32 81.38 396.20 0.0095894
table 0 0 -10 0.20 309.05 40.30 428.57 0.0092312
table 0 0 -10 488.69 367.27 567.82 421.74 0.0086719
chair 0 0 -10 346.33 365.33 527.45 439.38 0.0082620
table 0 0 -10 1.30 310.03 46.76 347.26 0.0077090
table 0 0 -10 1.51 283.54 46.40 329.49 0.0073682
table 0 0 -10 450.42 404.82 591.00 440.47 0.0069306
desk 0 0 -10 0.00 305.69 81.50 352.77 0.0068384
table 0 0 -10 7.15 286.45 61.73 317.11 0.0053334
bed 0 0 -10 54.25 404.49 422.76 440.52 0.0052715
table 0 0 -10 535.21 359.35 590.07 437.55 0.0052086
table 0 0 -10 495.60 351.87 587.62 388.15 0.0051750
chair 0 0 -10 215.86 362.36 567.99 440.06 0.0048123
chair 0 0 -10 492.68 360.90 591.00 437.41 0.0047966
table 0 0 -10 1.12 330.23 49.34 396.56 0.0043794
sofa 0 0 -10 2.81 136.95 506.51 422.40 0.0042324
table 0 0 -10 546.53 352.07 589.94 390.77 0.0039125
bed 0 0 -10 0.00 96.43 518.08 403.34 0.0038865
chair 0 0 -10 464.13 311.60 497.64 364.79 0.0038762
night_stand 0 0 -10 2.72 297.73 74.98 333.45 0.0036937
table 0 0 -10 5.99 276.54 45.15 313.31 0.0032768
chair 0 0 -10 0.02 306.83 82.86 352.36 0.0032457
night_stand 0 0 -10 11.52 313.63 78.34 343.60 0.0032390
sofa 0 0 -10 76.74 392.13 432.37 437.43 0.0032178
desk 0 0 -10 130.01 364.33 580.40 440.05 0.0031767
night_stand 0 0 -10 6.53 242.56 102.04 345.70 0.0029732
sofa 0 0 -10 0.90 302.86 81.27 403.24 0.0029465
table 0 0 -10 10.02 267.44 478.57 438.01 0.0029388
chair 0 0 -10 410.63 369.68 575.15 440.14 0.0029253
sofa 0 0 -10 100.79 327.08 567.40 437.77 0.0028281
table 0 0 -10 10.20 301.39 66.82 323.78 0.0028066
sofa 0 0 -10 111.59 410.34 519.23 441.00 0.0021634
desk 0 0 -10 378.41 366.33 574.35 438.88 0.0021264
table 0 0 -10 554.58 365.94 590.33 426.35 0.0018274
table 0 0 -10 12.45 39.69 427.21 351.84 0.0018188
chair 0 0 -10 117.26 384.83 449.13 440.19 0.0017978
table 0 0 -10 12.57 313.15 75.50 343.05 0.0017845
chair 0 0 -10 578.77 357.37 590.24 425.69 0.0017294
table 0 0 -10 0.94 261.32 60.07 336.61 0.0015475
table 0 0 -10 3.23 300.36 7.69 419.07 0.0015374
chair 0 0 -10 7.36 237.29 102.85 345.37 0.0015168
sofa 0 0 -10 0.51 304.90 82.97 353.27 0.0014677
chair 0 0 -10 1.44 309.56 81.10 403.39 0.0014353
table 0 0 -10 0.00 276.90 106.32 376.52 0.0014221
chair 0 0 -10 570.37 334.49 590.80 440.35 0.0014032
table 0 0 -10 325.79 397.84 566.50 440.55 0.0013458
chair 0 0 -10 237.72 398.39 527.79 441.00 0.0011732
night_stand 0 0 -10 457.45 372.78 587.59 439.48 0.0011704
chair 0 0 -10 16.72 358.35 464.93 437.94 0.0010995
dresser 0 0 -10 7.50 237.91 100.80 345.39 0.0010547
table 0 0 -10 1.43 295.82 21.83 412.15 0.0010260
table 0 0 -10 573.65 367.95 590.43 440.64 0.0010073
desk 0 0 -10 0.00 305.27 76.61 396.75 0.0009381
desk 0 0 -10 3.88 243.39 103.26 349.13 0.0009330
table 0 0 -10 1.57 297.80 11.61 400.28 0.0009166
chair 0 0 -10 5.04 209.00 50.02 355.60 0.0009159
table 0 0 -10 3.25 275.28 33.47 298.40 0.0009065
chair 0 0 -10 1.01 185.74 83.74 405.50 0.0008914
chair 0 0 -10 12.44 34.86 324.83 362.99 0.0008889
night_stand 0 0 -10 6.58 276.38 42.29 312.90 0.0008835
night_stand 0 0 -10 4.73 285.43 97.53 367.96 0.0008731
sofa 0 0 -10 455.23 370.83 584.89 441.00 0.0008523
chair 0 0 -10 560.21 360.85 589.97 386.11 0.0008394
dresser 0 0 -10 1.27 300.22 80.47 350.96 0.0008272
bathtub 0 0 -10 6.89 48.45 419.95 364.02 0.0008250
table 0 0 -10 1.32 309.76 68.43 331.33 0.0008121
desk 0 0 -10 1.88 263.60 484.41 436.78 0.0007820
sofa 0 0 -10 5.67 271.73 123.35 415.08 0.0007786
sofa 0 0 -10 326.59 284.18 574.97 435.52 0.0007611
chair 0 0 -10 4.14 290.83 72.49 340.53 0.0007581
chair 0 0 -10 433.36 304.97 501.12 432.76 0.0007209
chair 0 0 -10 451.10 400.32 590.62 439.97 0.0007203
sofa 0 0 -10 264.73 269.84 488.87 437.44 0.0007175
night_stand 0 0 -10 0.00 309.77 48.52 347.68 0.0007049
night_stand 0 0 -10 12.17 299.03 65.98 320.15 0.0006996
chair 0 0 -10 490.10 334.12 588.15 413.26 0.0006992
chair 0 0 -10 503.26 355.77 590.53 391.17 0.0006880
table 0 0 -10 454.64 330.30 572.90 384.57 0.0006848
night_stand 0 0 -10 10.34 271.76 60.72 315.43 0.0006742
