chair 0 0 -10 212.98 180.12 360.69 419.00 0.9870908
chair 0 0 -10 226.19 63.82 330.73 182.64 0.9114835
desk 0 0 -10 228.53 138.17 586.21 435.60 0.8299844
desk 0 0 -10 247.43 108.69 525.50 276.34 0.8039508
bookshelf 0 0 -10 0.00 3.85 118.94 292.78 0.6387295
table 0 0 -10 216.59 194.00 591.00 438.89 0.4253336
table 0 0 -10 87.49 84.51 204.30 201.47 0.2282218
desk 0 0 -10 271.78 100.53 525.10 200.27 0.1896129
chair 0 0 -10 386.52 37.29 490.00 123.33 0.1326716
desk 0 0 -10 373.35 199.62 590.12 427.44 0.1144481
table 0 0 -10 246.36 105.03 540.18 248.73 0.1118881
chair 0 0 -10 250.70 134.67 447.15 428.28 0.0803519
chair 0 0 -10 227.43 165.53 359.23 283.22 0.0631643
chair 0 0 -10 229.59 66.15 368.97 262.65 0.0622725
chair 0 0 -10 221.99 259.80 402.83 437.56 0.0315919
chair 0 0 -10 234.65 65.98 304.94 146.97 0.0282321
bookshelf 0 0 -10 2.43 0.00 128.29 131.81 0.0274549
chair 0 0 -10 218.78 130.81 334.37 260.38 0.0271737
table 0 0 -10 373.58 223.06 589.83 429.44 0.0267869
chair 0 0 -10 308.70 218.62 575.32 435.50 0.0228597
chair 0 0 -10 405.59 105.20 577.29 254.98 0.0199620
desk 0 0 -10 279.35 123.58 436.93 258.72 0.0193937
desk 0 0 -10 295.39 97.88 507.88 157.47 0.0188716
desk 0 0 -10 247.07 154.88 409.00 417.75 0.0175821
desk 0 0 -10 357.75 93.37 517.07 238.10 0.0160423
chair 0 0 -10 196.50 90.16 317.56 235.02 0.0130256
dresser 0 0 -10 247.58 192.96 591.00 441.00 0.0127545
table 0 0 -10 245.54 149.38 414.44 408.79 0.0106601
desk 0 0 -10 400.27 170.32 580.20 247.09 0.0105379
chair 0 0 -10 377.02 68.98 524.53 227.92 0.0103745
chair 0 0 -10 188.00 148.71 406.26 303.12 0.0103481
chair 0 0 -10 212.67 178.92 328.47 325.87 0.0099648
chair 0 0 -10 271.52 120.70 370.96 259.89 0.0092032
table 0 0 -10 183.31 126.82 377.99 274.69 0.0091882
table 0 0 -10 186.58 144.40 347.04 230.60 0.0079272
chair 0 0 -10 305.03 97.43 489.90 346.17 0.0078318
desk 0 0 -10 330.44 85.94 453.43 243.96 0.0074964
chair 0 0 -10 353.13 82.44 463.98 230.76 0.0069964
chair 0 0 -10 364.60 118.77 568.71 405.19 0.0066703
table 0 0 -10 279.62 105.89 519.60 184.54 0.0062331
chair 0 0 -10 307.91 41.34 476.06 168.54 0.0059204
dresser 0 0 -10 0.82 1.97 118.31 318.65 0.0058452
chair 0 0 -10 288.17 69.05 445.74 207.90 0.0055953
chair 0 0 -10 236.90 97.88 355.22 197.95 0.0054585
chair 0 0 -10 361.07 81.56 459.41 138.54 0.0052782
chair 0 0 -10 264.14 95.61 416.88 297.97 0.0052102
sofa 0 0 -10 214.83 171.21 554.35 434.39 0.0051885
bookshelf 0 0 -10 0.00 1.96 49.87 288.85 0.0050733
table 0 0 -10 367.49 107.54 531.63 224.71 0.0049751
table 0 0 -10 97.40 101.01 199.11 164.72 0.0049364
night_stand 0 0 -10 369.90 87.63 521.68 237.61 0.0048614
desk 0 0 -10 84.22 87.83 205.87 208.08 0.0046840
night_stand 0 0 -10 254.57 201.35 591.00 439.90 0.0043673
table 0 0 -10 266.58 145.07 425.48 264.86 0.0042281
chair 0 0 -10 33.26 188.82 324.88 441.00 0.0037582
bookshelf 0 0 -10 3.94 0.00 200.60 231.91 0.0036786
desk 0 0 -10 0.00 24.42 120.29 316.68 0.0033549
chair 0 0 -10 175.35 116.21 409.13 234.71 0.0033327
desk 0 0 -10 233.05 290.52 575.76 434.13 0.0032986
desk 0 0 -10 166.64 66.32 557.26 239.12 0.0032493
table 0 0 -10 289.53 272.91 558.01 441.00 0.0031570
chair 0 0 -10 445.11 37.11 487.08 118.96 0.0029218
table 0 0 -10 283.60 75.56 514.20 154.68 0.0028942
chair 0 0 -10 116.51 339.23 415.21 439.04 0.0028930
desk 0 0 -10 214.79 214.50 477.41 438.77 0.0028482
dresser 0 0 -10 301.87 105.45 530.41 257.64 0.0028017
chair 0 0 -10 399.40 49.21 507.90 168.22 0.0027940
bookshelf 0 0 -10 256.78 180.14 590.26 441.00 0.0027738
bed 0 0 -10 219.40 153.96 557.56 441.00 0.0026813
desk 0 0 -10 187.74 142.05 345.31 231.79 0.0026470
table 0 0 -10 284.64 155.47 571.09 360.78 0.0025521
chair 0 0 -10 228.71 353.06 549.62 439.43 0.0024288
table 0 0 -10 200.54 111.41 496.38 403.68 0.0023951
chair 0 0 -10 213.84 60.76 401.23 164.95 0.0023857
desk 0 0 -10 224.22 67.50 508.21 164.22 0.0023446
desk 0 0 -10 357.79 74.55 482.13 137.00 0.0022444
desk 0 0 -10 377.04 100.23 523.67 176.01 0.0021013
dresser 0 0 -10 393.83 207.92 591.00 402.98 0.0020794
table 0 0 -10 202.52 163.56 384.85 346.87 0.0020380
dresser 0 0 -10 220.02 105.70 585.35 368.78 0.0019484
table 0 0 -10 182.81 144.85 276.59 205.98 0.0019449
desk 0 0 -10 184.42 123.92 374.93 278.59 0.0019426
table 0 0 -10 198.84 149.44 291.90 297.22 0.0019414
table 0 0 -10 355.78 76.98 481.18 134.17 0.0018899
desk 0 0 -10 258.75 136.73 401.48 226.40 0.0018350
chair 0 0 -10 392.25 44.90 482.45 93.77 0.0017831
bookshelf 0 0 -10 0.26 118.68 34.24 273.44 0.0017414
night_stand 0 0 -10 85.07 88.47 206.65 206.70 0.0016986
chair 0 0 -10 249.65 62.32 509.21 238.67 0.0016852
table 0 0 -10 0.27 18.03 128.72 312.29 0.0016837
table 0 0 -10 221.48 234.46 440.81 438.52 0.0015888
chair 0 0 -10 271.13 132.44 338.79 197.53 0.0015722
toilet 0 0 -10 202.37 192.60 560.76 439.99 0.0015352
chair 0 0 -10 539.38 247.15 590.74 431.67 0.0015085
chair 0 0 -10 241.85 101.61 304.57 190.07 0.0014823
chair 0 0 -10 513.88 95.58 589.66 385.48 0.0013726
chair 0 0 -10 279.82 169.56 418.16 260.31 0.0013572
bathtub 0 0 -10 184.22 208.56 580.90 435.57 0.0013455
chair 0 0 -10 157.04 172.03 315.85 415.74 0.0012718
bathtub 0 0 -10 388.11 235.28 590.81 417.60 0.0012615
