sofa 0 0 -10 458.36 379.35 590.62 441.00 0.9254558
dresser 0 0 -10 23.18 11.24 342.84 435.96 0.1719355
chair 0 0 -10 459.14 379.34 589.52 439.66 0.0784823
bookshelf 0 0 -10 34.10 9.40 330.57 441.00 0.0552108
dresser 0 0 -10 101.52 4.88 318.16 319.21 0.0272536
sofa 0 0 -10 340.18 377.77 553.15 441.00 0.0263637
desk 0 0 -10 22.52 7.53 349.00 437.81 0.0250246
chair 0 0 -10 338.95 378.40 460.09 441.00 0.0234611
table 0 0 -10 42.30 410.18 296.12 440.47 0.0177112
sofa 0 0 -10 389.42 345.72 581.78 441.00 0.0170197
chair 0 0 -10 277.51 372.74 591.00 441.00 0.0163260
table 0 0 -10 344.32 430.25 484.92 440.99 0.0140314
table 0 0 -10 0.00 15.62 321.18 441.00 0.0129503
sofa 0 0 -10 436.98 432.88 591.00 441.00 0.0126548
table 0 0 -10 358.69 435.61 469.76 440.94 0.0112076
sofa 0 0 -10 426.03 425.84 591.00 441.00 0.0097146
table 0 0 -10 523.50 309.39 590.38 410.08 0.0095695
sofa 0 0 -10 507.66 354.11 591.00 426.22 0.0089581
sofa 0 0 -10 301.43 427.38 572.83 440.17 0.0079590
table 0 0 -10 52.47 304.58 284.43 438.89 0.0069241
chair 0 0 -10 22.14 83.31 345.07 439.53 0.0062591
table 0 0 -10 353.07 438.40 475.13 441.00 0.0059534
bathtub 0 0 -10 22.87 182.21 352.19 439.57 0.0050208
bed 0 0 -10 0.00 0.00 318.79 441.00 0.0049664
table 0 0 -10 322.05 394.13 450.26 441.00 0.0047638
table 0 0 -10 392.99 432.24 467.98 440.95 0.0045882
table 0 0 -10 428.33 425.66 452.45 441.00 0.0034530
chair 0 0 -10 413.12 354.16 583.99 441.00 0.0034127
sofa 0 0 -10 353.57 434.78 577.63 441.00 0.0033444
sofa 0 0 -10 128.59 350.60 582.03 441.00 0.0032272
table 0 0 -10 407.50 419.81 462.66 441.00 0.0032163
chair 0 0 -10 408.70 413.98 456.62 441.00 0.0029033
sofa 0 0 -10 344.65 429.76 494.03 441.00 0.0027549
table 0 0 -10 337.39 417.28 468.05 440.12 0.0026431
chair 0 0 -10 241.41 293.24 589.89 440.92 0.0026170
table 0 0 -10 453.34 382.47 572.59 439.95 0.0025874
sofa 0 0 -10 461.41 300.92 591.00 435.59 0.0024496
table 0 0 -10 281.08 413.23 442.42 441.00 0.0023578
chair 0 0 -10 335.39 334.30 506.50 441.00 0.0023508
table 0 0 -10 357.14 439.65 468.89 441.00 0.0023022
chair 0 0 -10 178.42 164.32 359.06 437.85 0.0022546
table 0 0 -10 410.31 437.73 482.76 441.00 0.0020024
chair 0 0 -10 402.27 402.03 469.60 441.00 0.0018787
sofa 0 0 -10 327.91 387.76 469.59 441.00 0.0018094
sofa 0 0 -10 461.78 410.28 591.00 440.60 0.0017170
chair 0 0 -10 173.74 0.00 301.24 73.06 0.0016974
table 0 0 -10 354.60 435.16 562.85 441.00 0.0016641
sofa 0 0 -10 39.45 408.98 300.39 440.95 0.0016609
desk 0 0 -10 104.41 1.90 319.42 332.98 0.0016095
chair 0 0 -10 257.62 141.61 316.65 435.32 0.0015661
chair 0 0 -10 367.67 411.63 497.74 440.82 0.0015628
chair 0 0 -10 430.75 393.13 471.87 441.00 0.0015511
chair 0 0 -10 304.70 401.24 484.33 441.00 0.0014942
table 0 0 -10 305.68 428.03 551.62 439.88 0.0014509
dresser 0 0 -10 248.45 116.81 566.16 441.00 0.0014286
table 0 0 -10 492.03 370.81 587.38 433.32 0.0014058
chair 0 0 -10 286.36 158.20 325.79 438.01 0.0013926
table 0 0 -10 510.36 348.00 590.19 420.41 0.0013211
chair 0 0 -10 376.64 429.59 463.28 440.52 0.0012698
dresser 0 0 -10 138.46 33.77 470.59 441.00 0.0012501
table 0 0 -10 248.38 372.87 550.99 441.00 0.0012432
desk 0 0 -10 34.86 217.99 313.58 436.55 0.0012431
table 0 0 -10 275.02 222.03 359.68 441.00 0.0012256
table 0 0 -10 349.90 374.95 502.49 439.66 0.0011909
toilet 0 0 -10 40.78 40.89 331.06 437.04 0.0011812
chair 0 0 -10 242.58 153.01 453.07 440.24 0.0011694
bookshelf 0 0 -10 149.35 18.68 460.53 441.00 0.0011665
dresser 0 0 -10 144.51 105.15 333.82 436.88 0.0011334
dresser 0 0 -10 289.84 154.04 323.23 441.00 0.0011316
chair 0 0 -10 397.89 422.94 463.25 439.35 0.0010762
chair 0 0 -10 267.04 211.19 361.45 433.78 0.0010757
table 0 0 -10 431.62 436.47 453.90 440.94 0.0010625
chair 0 0 -10 232.93 350.77 485.12 441.00 0.0010201
toilet 0 0 -10 270.20 223.00 360.23 441.00 0.0009730
chair 0 0 -10 333.27 425.03 491.84 441.00 0.0009680
dresser 0 0 -10 275.59 213.00 359.62 440.88 0.0009646
table 0 0 -10 439.11 435.22 458.82 440.85 0.0009552
chair 0 0 -10 15.93 308.04 270.59 439.90 0.0009549
desk 0 0 -10 522.33 306.25 591.00 411.42 0.0009049
table 0 0 -10 41.45 369.19 406.50 441.00 0.0009018
bathtub 0 0 -10 41.39 331.22 301.96 435.70 0.0008935
bathtub 0 0 -10 272.20 235.81 362.56 439.49 0.0008245
table 0 0 -10 285.34 169.49 332.75 441.00 0.0008204
sofa 0 0 -10 371.50 432.86 470.33 441.00 0.0007830
bookshelf 0 0 -10 258.39 96.54 556.42 441.00 0.0007691
table 0 0 -10 33.52 208.27 349.48 439.74 0.0007643
table 0 0 -10 294.23 320.62 348.49 441.00 0.0007634
table 0 0 -10 103.60 346.36 557.36 438.46 0.0007380
chair 0 0 -10 70.21 352.80 436.22 440.22 0.0007343
table 0 0 -10 442.44 437.37 461.79 440.93 0.0007031
bathtub 0 0 -10 290.27 160.05 323.48 437.52 0.0006895
table 0 0 -10 185.88 2.56 313.63 67.90 0.0006456
table 0 0 -10 427.86 433.58 586.95 441.00 0.0006389
chair 0 0 -10 94.41 0.00 315.16 333.93 0.0006382
bookshelf 0 0 -10 137.48 0.64 325.85 311.29 0.0006295
bookshelf 0 0 -10 150.16 91.03 330.59 436.93 0.0006171
dresser 0 0 -10 263.27 151.66 313.11 435.69 0.0005956
bed 0 0 -10 32.78 409.12 286.51 441.00 0.0005901
chair 0 0 -10 40.43 407.44 299.72 440.87 0.0005885
bathtub 0 0 -10 298.87 169.47 338.51 436.95 0.0005800
