toilet 0 0 -10 107.99 203.44 284.39 424.78 0.9911991
bathtub 0 0 -10 39.17 201.50 195.65 431.43 0.2123223
bathtub 0 0 -10 22.31 132.54 87.05 219.29 0.1570365
table 0 0 -10 6.79 150.77 192.16 441.00 0.0544574
desk 0 0 -10 22.40 206.32 181.79 437.89 0.0454442
toilet 0 0 -10 41.15 193.84 190.06 437.95 0.0442407
chair 0 0 -10 88.56 191.53 298.71 428.37 0.0224815
table 0 0 -10 22.06 131.04 85.23 221.31 0.0162397
bathtub 0 0 -10 0.00 140.85 138.15 435.61 0.0154944
bathtub 0 0 -10 75.77 231.77 284.31 421.40 0.0144867
bathtub 0 0 -10 40.94 253.88 183.06 374.28 0.0126125
dresser 0 0 -10 23.05 171.23 190.44 441.00 0.0122839
table 0 0 -10 49.70 252.99 185.36 438.70 0.0122034
desk 0 0 -10 52.82 189.31 297.76 437.48 0.0112057
bathtub 0 0 -10 2.22 129.90 77.43 416.74 0.0101954
toilet 0 0 -10 23.84 118.48 297.59 441.00 0.0101601
table 0 0 -10 53.19 195.44 295.31 438.30 0.0077531
chair 0 0 -10 388.08 191.56 500.46 429.28 0.0056299
toilet 0 0 -10 23.51 132.74 84.98 217.40 0.0054532
chair 0 0 -10 25.99 109.31 188.54 396.27 0.0053426
bathtub 0 0 -10 0.00 263.03 114.75 395.42 0.0045536
dresser 0 0 -10 53.12 197.25 298.84 436.20 0.0041160
bathtub 0 0 -10 24.77 113.14 311.51 411.30 0.0040499
bathtub 0 0 -10 0.14 115.03 106.03 290.65 0.0038342
table 0 0 -10 19.25 1.28 148.93 56.72 0.0034982
bed 0 0 -10 53.33 192.81 295.79 439.95 0.0033115
chair 0 0 -10 21.88 110.90 92.15 223.28 0.0032188
chair 0 0 -10 344.25 183.28 459.34 421.07 0.0029654
bookshelf 0 0 -10 51.77 197.21 284.09 434.70 0.0029385
bathtub 0 0 -10 0.00 101.20 57.78 328.47 0.0028620
table 0 0 -10 15.63 116.27 125.54 289.58 0.0026260
dresser 0 0 -10 74.83 226.07 199.53 426.31 0.0025713
sofa 0 0 -10 58.10 196.28 298.18 432.13 0.0025628
table 0 0 -10 5.27 110.42 96.52 241.63 0.0024294
bathtub 0 0 -10 0.00 221.08 95.86 360.25 0.0021952
bathtub 0 0 -10 411.39 281.56 591.00 441.00 0.0020588
table 0 0 -10 156.57 92.44 296.93 228.77 0.0020160
night_stand 0 0 -10 40.31 201.11 198.90 433.70 0.0020122
desk 0 0 -10 3.09 132.38 128.06 436.42 0.0018916
chair 0 0 -10 44.47 256.51 179.19 439.83 0.0018772
dresser 0 0 -10 112.95 216.45 242.53 411.84 0.0018402
desk 0 0 -10 108.01 215.73 239.38 413.48 0.0016244
bathtub 0 0 -10 1.84 296.64 121.00 352.68 0.0015799
chair 0 0 -10 79.85 213.28 208.86 411.09 0.0015145
table 0 0 -10 109.05 216.04 235.50 416.94 0.0014733
toilet 0 0 -10 176.57 243.55 295.99 434.71 0.0014509
bookshelf 0 0 -10 21.80 0.36 153.43 57.83 0.0014307
night_stand 0 0 -10 105.96 202.13 295.72 425.26 0.0013035
chair 0 0 -10 384.41 114.12 582.96 439.80 0.0012938
table 0 0 -10 388.96 267.55 555.70 441.00 0.0012461
table 0 0 -10 36.00 94.21 288.66 234.50 0.0012386
chair 0 0 -10 156.88 84.62 234.01 255.93 0.0011307
toilet 0 0 -10 3.29 140.12 156.58 409.09 0.0009979
bookshelf 0 0 -10 9.69 98.32 184.58 441.00 0.0009808
toilet 0 0 -10 120.80 192.06 448.77 437.50 0.0009400
bathtub 0 0 -10 0.11 111.77 32.82 414.45 0.0009011
chair 0 0 -10 17.85 97.14 140.01 281.26 0.0008479
bed 0 0 -10 9.36 144.94 190.15 441.00 0.0008383
table 0 0 -10 47.47 157.17 167.90 272.06 0.0008187
sofa 0 0 -10 158.96 94.42 289.25 226.18 0.0007980
dresser 0 0 -10 402.61 130.11 574.26 441.00 0.0007784
chair 0 0 -10 250.50 185.57 484.15 431.71 0.0007210
toilet 0 0 -10 0.07 117.43 87.98 441.00 0.0007200
table 0 0 -10 1.64 112.92 96.64 441.00 0.0007006
chair 0 0 -10 82.62 0.60 163.26 40.24 0.0006830
bathtub 0 0 -10 0.00 115.91 66.21 215.98 0.0006823
bookshelf 0 0 -10 114.14 220.08 240.81 415.13 0.0006764
sofa 0 0 -10 24.98 3.68 149.45 57.29 0.0006753
bathtub 0 0 -10 424.94 232.28 505.26 436.53 0.0006677
bathtub 0 0 -10 197.34 186.96 455.82 352.77 0.0006301
bed 0 0 -10 108.89 212.57 249.90 420.79 0.0005807
table 0 0 -10 399.51 71.18 587.27 441.00 0.0005713
desk 0 0 -10 22.32 133.18 85.35 223.02 0.0005667
chair 0 0 -10 169.26 91.40 299.05 237.15 0.0005438
chair 0 0 -10 0.00 0.00 80.12 223.09 0.0005299
bathtub 0 0 -10 12.72 289.51 151.76 377.61 0.0004812
bathtub 0 0 -10 1.40 4.86 81.63 215.86 0.0004812
night_stand 0 0 -10 20.42 1.51 159.03 57.45 0.0004658
table 0 0 -10 14.57 0.00 318.62 67.93 0.0004433
table 0 0 -10 397.85 306.36 452.57 439.21 0.0004330
chair 0 0 -10 212.34 0.00 309.33 49.92 0.0004319
sofa 0 0 -10 11.42 152.89 190.29 439.23 0.0004303
table 0 0 -10 423.70 233.37 505.81 441.00 0.0004303
bathtub 0 0 -10 0.00 258.47 154.91 342.86 0.0004223
bathtub 0 0 -10 540.31 142.33 591.00 441.00 0.0004080
dresser 0 0 -10 23.37 2.97 151.89 57.02 0.0003928
sofa 0 0 -10 113.29 215.21 253.49 409.43 0.0003753
bathtub 0 0 -10 565.94 326.81 590.28 441.00 0.0003701
chair 0 0 -10 43.55 93.73 205.86 264.91 0.0003595
chair 0 0 -10 438.71 255.95 589.42 440.29 0.0003502
toilet 0 0 -10 2.74 122.24 100.76 285.12 0.0003342
desk 0 0 -10 0.17 112.53 69.27 440.21 0.0003339
bed 0 0 -10 416.77 63.14 580.57 441.00 0.0003318
chair 0 0 -10 447.88 186.11 506.69 424.25 0.0003286
dresser 0 0 -10 0.40 106.30 67.30 441.00 0.0003277
table 0 0 -10 24.32 128.57 176.83 325.46 0.0003248
bathtub 0 0 -10 492.89 248.59 591.00 441.00 0.0003179
bed 0 0 -10 52.80 237.02 184.89 439.40 0.0003138
chair 0 0 -10 48.54 150.62 167.60 271.76 0.0003111
bathtub 0 0 -10 565.87 77.71 591.00 441.00 0.0003035
