dresser 0 0 -10 377.82 326.07 590.40 438.55 0.4831142
bed 0 0 -10 9.00 266.98 354.27 440.50 0.2264213
desk 0 0 -10 379.54 332.24 582.41 434.70 0.1131261
bookshelf 0 0 -10 14.88 263.07 357.24 435.59 0.0941019
bed 0 0 -10 184.11 279.16 340.31 437.32 0.0876569
table 0 0 -10 370.34 293.83 580.98 435.47 0.0872307
sofa 0 0 -10 3.36 266.30 379.04 433.76 0.0662564
chair 0 0 -10 192.09 273.46 352.21 434.91 0.0661476
table 0 0 -10 174.74 289.31 347.18 435.66 0.0638450
bed 0 0 -10 373.15 287.35 585.24 437.28 0.0503615
dresser 0 0 -10 150.02 273.24 360.89 438.70 0.0478685
dresser 0 0 -10 16.16 276.58 429.29 440.46 0.0464521
chair 0 0 -10 9.89 262.63 356.20 438.27 0.0361723
night_stand 0 0 -10 385.01 325.24 585.25 437.38 0.0326747
table 0 0 -10 15.45 275.16 359.39 436.63 0.0314650
chair 0 0 -10 3.82 259.93 180.64 439.45 0.0228084
bookshelf 0 0 -10 181.24 261.97 354.09 430.26 0.0206088
desk 0 0 -10 19.69 274.90 473.49 440.62 0.0179025
dresser 0 0 -10 248.85 295.75 524.34 437.95 0.0132711
sofa 0 0 -10 189.13 282.92 341.92 433.37 0.0116411
bookshelf 0 0 -10 52.59 325.74 233.95 436.81 0.0100755
bed 0 0 -10 0.00 90.93 584.77 433.76 0.0096285
dresser 0 0 -10 367.24 203.00 591.00 427.54 0.0086752
dresser 0 0 -10 5.69 72.17 591.00 430.19 0.0083267
table 0 0 -10 21.09 320.92 252.52 437.17 0.0080129
sofa 0 0 -10 380.14 292.33 583.75 435.01 0.0074075
desk 0 0 -10 176.03 282.49 351.06 435.99 0.0073738
bookshelf 0 0 -10 11.75 56.77 568.80 423.07 0.0064812
bed 0 0 -10 192.25 227.42 567.07 441.00 0.0055081
sofa 0 0 -10 556.22 305.59 588.95 381.92 0.0051131
chair 0 0 -10 1.20 280.90 84.46 435.12 0.0050981
night_stand 0 0 -10 196.96 298.51 339.51 429.65 0.0050556
chair 0 0 -10 554.63 302.10 589.58 380.90 0.0050002
chair 0 0 -10 388.29 288.54 581.46 422.04 0.0047197
table 0 0 -10 2.60 294.68 58.76 441.00 0.0045779
table 0 0 -10 372.00 286.46 539.43 364.46 0.0044522
bathtub 0 0 -10 370.92 289.26 587.18 423.42 0.0038898
table 0 0 -10 0.00 7.10 591.00 374.90 0.0037310
chair 0 0 -10 468.20 280.16 586.59 395.48 0.0036338
bookshelf 0 0 -10 365.20 230.89 591.00 432.13 0.0033156
bookshelf 0 0 -10 518.48 221.95 591.00 322.94 0.0032654
desk 0 0 -10 219.95 291.29 542.80 441.00 0.0031743
dresser 0 0 -10 167.58 326.77 461.59 438.43 0.0031129
night_stand 0 0 -10 42.52 286.05 430.82 438.86 0.0029971
sofa 0 0 -10 60.32 276.27 261.08 436.24 0.0027679
desk 0 0 -10 3.45 65.90 591.00 419.43 0.0027077
bathtub 0 0 -10 14.61 273.37 361.56 435.79 0.0024796
chair 0 0 -10 157.97 197.11 373.99 433.65 0.0024322
bed 0 0 -10 555.24 304.36 589.33 383.82 0.0023294
bookshelf 0 0 -10 134.00 185.57 364.28 421.62 0.0020894
chair 0 0 -10 213.71 333.23 307.90 435.33 0.0020789
desk 0 0 -10 43.89 308.93 306.32 437.14 0.0020180
table 0 0 -10 237.38 298.91 530.10 441.00 0.0019557
toilet 0 0 -10 196.45 295.15 335.18 433.23 0.0018019
chair 0 0 -10 26.11 320.20 275.41 441.00 0.0017114
night_stand 0 0 -10 265.23 303.68 531.37 439.61 0.0016734
table 0 0 -10 129.18 336.83 304.53 433.84 0.0015239
sofa 0 0 -10 14.29 121.10 584.62 419.45 0.0014027
bathtub 0 0 -10 187.81 288.89 346.15 434.28 0.0013462
chair 0 0 -10 247.34 291.79 494.53 437.36 0.0012992
toilet 0 0 -10 13.79 270.32 351.02 440.58 0.0012890
table 0 0 -10 0.91 299.74 29.62 441.00 0.0012718
desk 0 0 -10 254.51 115.93 591.00 430.12 0.0011374
bed 0 0 -10 90.10 321.54 304.58 441.00 0.0010512
dresser 0 0 -10 204.35 301.02 336.46 432.35 0.0010087
toilet 0 0 -10 374.69 290.06 578.86 428.82 0.0010056
chair 0 0 -10 533.61 290.77 591.00 412.50 0.0009927
bookshelf 0 0 -10 282.65 85.53 590.77 427.95 0.0009432
table 0 0 -10 554.58 304.76 589.23 380.66 0.0009069
desk 0 0 -10 359.94 216.11 591.00 434.56 0.0008997
dresser 0 0 -10 533.08 311.97 588.98 421.28 0.0008971
sofa 0 0 -10 535.08 293.62 588.77 416.37 0.0008822
table 0 0 -10 519.55 214.26 589.09 315.15 0.0008819
bookshelf 0 0 -10 135.05 333.62 217.61 440.05 0.0008466
dresser 0 0 -10 391.27 289.00 563.25 407.62 0.0008458
night_stand 0 0 -10 372.52 228.01 591.00 431.57 0.0008300
table 0 0 -10 369.49 286.80 502.85 332.08 0.0008144
bed 0 0 -10 132.63 174.49 426.97 441.00 0.0007910
table 0 0 -10 5.65 284.88 112.54 441.00 0.0007700
dresser 0 0 -10 532.92 231.86 590.34 408.61 0.0007513
table 0 0 -10 179.77 319.39 267.50 432.04 0.0007470
bathtub 0 0 -10 26.07 87.73 578.65 419.01 0.0007429
table 0 0 -10 104.37 1.13 554.60 251.38 0.0007299
bookshelf 0 0 -10 533.46 209.63 590.31 403.71 0.0006828
table 0 0 -10 212.67 339.41 306.61 435.81 0.0006785
table 0 0 -10 151.69 343.08 217.15 440.78 0.0006425
chair 0 0 -10 218.88 362.17 313.60 405.75 0.0006302
dresser 0 0 -10 5.30 296.89 237.94 439.67 0.0006150
sofa 0 0 -10 3.71 263.81 179.21 436.28 0.0006120
chair 0 0 -10 100.77 353.62 407.76 441.00 0.0005980
table 0 0 -10 263.50 131.34 581.99 430.74 0.0005838
bed 0 0 -10 10.52 309.30 244.52 436.62 0.0005601
sofa 0 0 -10 228.87 293.36 526.09 439.75 0.0005014
bed 0 0 -10 529.14 232.56 590.85 415.95 0.0004933
night_stand 0 0 -10 531.44 217.64 591.00 292.39 0.0004928
dresser 0 0 -10 517.80 225.84 591.00 319.79 0.0004443
sofa 0 0 -10 571.07 304.71 590.62 372.69 0.0004228
chair 0 0 -10 0.25 276.69 42.60 439.38 0.0004170
chair 0 0 -10 286.81 148.59 585.89 432.80 0.0004064
chair 0 0 -10 499.86 282.79 585.04 346.67 0.0003871
