bed 0 0 -10 18.59 318.57 524.51 436.84 0.9712507
table 0 0 -10 0.04 353.91 41.97 441.00 0.5096999
chair 0 0 -10 2.06 0.12 132.73 116.98 0.3073433
chair 0 0 -10 1.07 1.75 81.87 79.69 0.1027443
table 0 0 -10 0.76 2.85 126.64 118.24 0.0872692
sofa 0 0 -10 2.78 2.80 127.11 116.40 0.0569986
table 0 0 -10 1.22 354.91 87.23 441.00 0.0474349
bookshelf 0 0 -10 0.05 0.00 133.16 122.09 0.0366475
bed 0 0 -10 2.06 222.35 551.93 427.15 0.0352258
desk 0 0 -10 0.22 352.65 38.42 441.00 0.0337842
desk 0 0 -10 1.24 3.48 128.66 121.56 0.0283551
chair 0 0 -10 19.70 374.68 132.95 441.00 0.0239664
chair 0 0 -10 0.74 264.83 36.64 441.00 0.0235750
bed 0 0 -10 1.58 0.20 125.49 118.33 0.0180843
table 0 0 -10 6.04 368.99 36.76 426.60 0.0170406
chair 0 0 -10 16.81 0.94 77.95 49.17 0.0163239
table 0 0 -10 0.00 363.58 23.12 440.17 0.0160804
chair 0 0 -10 0.27 366.37 40.14 441.00 0.0141334
chair 0 0 -10 0.00 105.44 49.75 441.00 0.0114751
chair 0 0 -10 15.81 2.27 53.28 69.08 0.0114005
sofa 0 0 -10 29.27 325.43 528.96 436.98 0.0112944
chair 0 0 -10 0.00 0.00 65.49 135.55 0.0102231
table 0 0 -10 8.99 347.33 192.20 441.00 0.0102009
table 0 0 -10 21.80 329.84 535.31 436.06 0.0101688
table 0 0 -10 520.36 411.64 587.92 441.00 0.0084656
table 0 0 -10 1.27 376.04 30.30 413.53 0.0082823
table 0 0 -10 0.00 3.08 59.95 113.21 0.0081449
dresser 0 0 -10 1.96 0.00 129.97 122.83 0.0079172
night_stand 0 0 -10 2.13 1.92 132.65 122.23 0.0075889
table 0 0 -10 0.00 292.98 58.70 439.79 0.0071788
table 0 0 -10 0.00 387.93 59.01 441.00 0.0057982
chair 0 0 -10 13.82 1.65 34.54 47.42 0.0056583
chair 0 0 -10 5.14 341.10 75.85 441.00 0.0054420
bed 0 0 -10 86.71 372.90 541.75 440.62 0.0053631
table 0 0 -10 0.32 387.97 27.82 407.84 0.0052140
table 0 0 -10 505.81 382.42 587.85 441.00 0.0051073
table 0 0 -10 1.42 365.16 40.95 403.05 0.0050265
chair 0 0 -10 0.00 0.94 47.09 44.37 0.0048202
table 0 0 -10 0.00 35.73 49.34 432.33 0.0046826
chair 0 0 -10 20.34 1.28 42.21 50.42 0.0044497
table 0 0 -10 1.92 8.62 70.03 69.63 0.0042204
chair 0 0 -10 29.05 355.78 455.88 435.89 0.0038759
table 0 0 -10 3.33 427.34 92.05 440.97 0.0035127
sofa 0 0 -10 10.10 223.83 554.97 422.96 0.0032428
chair 0 0 -10 33.65 384.28 98.65 440.89 0.0031293
table 0 0 -10 0.21 384.77 22.06 422.92 0.0029321
table 0 0 -10 5.27 35.88 58.19 230.20 0.0029173
chair 0 0 -10 21.39 369.86 256.75 441.00 0.0028263
table 0 0 -10 0.00 334.81 49.80 409.01 0.0028115
table 0 0 -10 0.00 91.86 96.47 420.97 0.0027990
table 0 0 -10 0.00 347.08 42.03 388.81 0.0027580
bathtub 0 0 -10 0.00 1.32 134.12 121.84 0.0025793
table 0 0 -10 2.33 45.43 40.05 284.82 0.0023113
night_stand 0 0 -10 0.54 352.80 46.25 441.00 0.0022915
chair 0 0 -10 8.63 1.10 26.99 45.73 0.0022220
chair 0 0 -10 0.22 161.86 25.67 441.00 0.0021289
chair 0 0 -10 20.76 323.24 157.71 436.79 0.0020732
table 0 0 -10 0.74 394.32 33.80 421.09 0.0019838
toilet 0 0 -10 0.00 0.39 132.59 123.39 0.0019725
chair 0 0 -10 2.31 28.78 40.67 280.88 0.0019400
table 0 0 -10 0.14 379.74 27.69 400.10 0.0019152
table 0 0 -10 30.52 355.15 120.42 437.74 0.0018810
desk 0 0 -10 0.17 297.24 47.54 441.00 0.0018698
desk 0 0 -10 0.43 353.81 92.98 441.00 0.0018323
table 0 0 -10 573.86 341.97 590.03 441.00 0.0017583
table 0 0 -10 1.43 357.41 13.43 436.04 0.0017167
table 0 0 -10 4.84 438.74 66.89 440.92 0.0017116
table 0 0 -10 0.49 403.01 24.71 421.27 0.0016871
sofa 0 0 -10 32.24 365.83 157.35 441.00 0.0015925
table 0 0 -10 2.75 0.65 108.86 52.47 0.0015557
desk 0 0 -10 23.57 342.10 539.38 431.31 0.0015331
chair 0 0 -10 2.09 176.86 88.93 441.00 0.0015255
chair 0 0 -10 575.11 226.95 591.00 441.00 0.0015210
table 0 0 -10 10.69 436.99 71.28 440.83 0.0015163
table 0 0 -10 0.66 414.66 46.24 440.62 0.0015145
table 0 0 -10 4.21 299.02 26.61 441.00 0.0014543
table 0 0 -10 13.42 433.38 83.10 440.74 0.0014450
table 0 0 -10 566.85 290.79 589.87 440.50 0.0014276
chair 0 0 -10 0.27 31.98 75.82 359.94 0.0014152
chair 0 0 -10 30.72 0.00 120.32 44.44 0.0013907
table 0 0 -10 0.53 370.13 21.96 405.18 0.0013661
table 0 0 -10 0.01 368.66 4.55 440.16 0.0013316
table 0 0 -10 0.70 7.12 169.93 173.88 0.0013133
chair 0 0 -10 28.79 0.53 74.33 33.43 0.0012712
chair 0 0 -10 4.40 399.69 90.87 441.00 0.0012550
bed 0 0 -10 72.30 293.52 308.99 441.00 0.0012347
table 0 0 -10 3.60 69.81 100.21 262.55 0.0012026
chair 0 0 -10 0.38 360.49 28.26 412.28 0.0011559
table 0 0 -10 3.75 358.98 18.39 419.94 0.0011269
chair 0 0 -10 573.90 341.60 590.72 441.00 0.0011038
bookshelf 0 0 -10 33.13 326.49 523.35 434.49 0.0010985
table 0 0 -10 0.00 31.02 52.15 89.36 0.0010882
dresser 0 0 -10 21.20 328.59 524.79 437.64 0.0010723
bathtub 0 0 -10 20.49 332.45 533.95 433.35 0.0010701
chair 0 0 -10 0.30 383.69 25.64 441.00 0.0010480
chair 0 0 -10 1.25 22.44 51.06 90.00 0.0009752
sofa 0 0 -10 1.09 0.00 65.73 135.13 0.0009718
table 0 0 -10 0.57 371.81 33.45 392.80 0.0009441
chair 0 0 -10 109.47 316.52 541.86 439.30 0.0009370
desk 0 0 -10 0.00 59.49 109.01 319.72 0.0009302
