bathtub 0 0 -10 32.21 319.53 322.88 441.00 0.0287508
bathtub 0 0 -10 94.14 353.09 225.59 441.00 0.0181987
bathtub 0 0 -10 6.52 60.11 204.55 220.67 0.0080940
bathtub 0 0 -10 231.22 422.57 270.98 441.00 0.0068335
bathtub 0 0 -10 245.56 425.04 283.16 441.00 0.0057164
bathtub 0 0 -10 16.43 149.61 207.34 210.63 0.0050934
bathtub 0 0 -10 176.90 349.85 279.31 440.97 0.0050184
bathtub 0 0 -10 255.77 421.23 300.38 441.00 0.0047232
bathtub 0 0 -10 9.14 146.86 222.22 399.24 0.0046882
bathtub 0 0 -10 27.75 404.69 292.91 440.91 0.0031881
bathtub 0 0 -10 5.49 369.83 216.17 441.00 0.0028586
bathtub 0 0 -10 7.63 95.66 389.62 431.50 0.0018508
chair 0 0 -10 22.82 295.22 432.55 440.04 0.0018001
bathtub 0 0 -10 135.15 371.96 213.17 437.67 0.0015815
bathtub 0 0 -10 143.80 396.10 329.18 441.00 0.0015376
bathtub 0 0 -10 150.51 309.38 292.11 438.53 0.0014428
bathtub 0 0 -10 1.82 25.60 256.80 361.59 0.0014280
bathtub 0 0 -10 107.08 415.66 316.12 441.00 0.0012930
toilet 0 0 -10 13.24 319.80 351.80 441.00 0.0011970
table 0 0 -10 17.82 298.54 400.40 441.00 0.0008403
bathtub 0 0 -10 1.02 68.11 139.50 185.82 0.0008202
bathtub 0 0 -10 272.21 427.86 310.33 441.00 0.0007711
bathtub 0 0 -10 111.53 428.95 318.72 441.00 0.0007321
bathtub 0 0 -10 200.63 418.00 330.05 441.00 0.0006485
bathtub 0 0 -10 269.77 389.89 333.71 441.00 0.0006416
toilet 0 0 -10 95.30 350.08 218.76 440.64 0.0006073
bathtub 0 0 -10 216.00 387.55 287.57 441.00 0.0005829
table 0 0 -10 0.00 150.34 345.35 436.16 0.0005283
bathtub 0 0 -10 50.05 271.60 435.86 438.40 0.0005018
chair 0 0 -10 260.96 327.93 364.81 438.50 0.0005015
bathtub 0 0 -10 40.52 167.40 220.24 201.48 0.0004666
toilet 0 0 -10 176.74 348.81 278.24 441.00 0.0004591
chair 0 0 -10 183.84 325.36 463.48 438.70 0.0004587
chair 0 0 -10 255.88 347.34 413.17 419.22 0.0004454
bathtub 0 0 -10 198.99 430.97 317.23 441.00 0.0004282
desk 0 0 -10 0.00 177.94 461.33 430.76 0.0004135
bathtub 0 0 -10 236.26 436.82 329.44 441.00 0.0003983
desk 0 0 -10 4.36 170.50 214.52 349.83 0.0003927
table 0 0 -10 0.52 6.32 472.30 422.12 0.0003819
toilet 0 0 -10 231.40 422.42 269.88 441.00 0.0003813
chair 0 0 -10 123.61 123.61 293.85 428.66 0.0003798
bathtub 0 0 -10 273.50 341.34 336.26 440.36 0.0003726
table 0 0 -10 7.62 157.93 218.03 374.55 0.0003648
bed 0 0 -10 6.58 173.71 458.50 438.97 0.0003568
toilet 0 0 -10 151.19 306.82 290.47 440.50 0.0003362
chair 0 0 -10 29.34 185.62 370.41 433.56 0.0003277
bathtub 0 0 -10 20.32 56.01 318.14 251.29 0.0003268
dresser 0 0 -10 7.81 172.83 452.79 436.96 0.0003232
bathtub 0 0 -10 1.92 143.51 203.91 272.69 0.0003187
bookshelf 0 0 -10 20.21 147.86 434.71 435.10 0.0003126
bathtub 0 0 -10 236.80 405.46 332.32 439.87 0.0003070
table 0 0 -10 0.00 299.41 29.58 440.65 0.0003066
chair 0 0 -10 74.78 280.02 218.01 430.62 0.0003042
bathtub 0 0 -10 159.54 353.73 236.29 441.00 0.0002929
bathtub 0 0 -10 215.10 388.22 358.56 440.68 0.0002851
toilet 0 0 -10 255.48 421.13 298.81 441.00 0.0002752
toilet 0 0 -10 0.94 185.44 440.75 441.00 0.0002719
bathtub 0 0 -10 191.57 436.64 306.33 441.00 0.0002712
bathtub 0 0 -10 184.58 406.36 298.36 441.00 0.0002659
bathtub 0 0 -10 94.50 360.64 448.15 441.00 0.0002545
bed 0 0 -10 54.27 9.66 576.99 441.00 0.0002504
table 0 0 -10 311.74 12.86 574.21 438.28 0.0002484
toilet 0 0 -10 245.45 424.99 282.34 441.00 0.0002386
chair 0 0 -10 121.49 263.50 352.10 437.24 0.0002383
bathtub 0 0 -10 32.06 427.60 265.78 441.00 0.0002286
bathtub 0 0 -10 39.73 124.65 251.69 311.75 0.0002252
desk 0 0 -10 0.00 42.61 386.40 389.35 0.0002186
bathtub 0 0 -10 245.48 415.84 367.75 440.94 0.0002067
bathtub 0 0 -10 113.47 122.01 285.74 433.14 0.0002048
bathtub 0 0 -10 0.00 150.02 110.33 213.07 0.0002008
bed 0 0 -10 231.01 422.79 270.93 441.00 0.0001948
bathtub 0 0 -10 195.24 242.16 253.37 431.77 0.0001901
chair 0 0 -10 272.40 230.66 426.00 440.67 0.0001897
bathtub 0 0 -10 75.98 36.68 584.43 431.59 0.0001891
chair 0 0 -10 106.93 16.18 415.47 435.22 0.0001888
desk 0 0 -10 23.40 323.40 358.13 441.00 0.0001823
table 0 0 -10 271.97 341.33 333.55 441.00 0.0001800
toilet 0 0 -10 271.92 340.61 336.74 441.00 0.0001736
chair 0 0 -10 200.98 343.55 290.82 441.00 0.0001699
bed 0 0 -10 21.33 310.69 468.91 441.00 0.0001680
toilet 0 0 -10 92.03 410.94 345.70 441.00 0.0001670
dresser 0 0 -10 21.08 296.29 415.55 440.52 0.0001667
bathtub 0 0 -10 7.14 411.68 195.29 440.19 0.0001651
chair 0 0 -10 259.48 349.26 285.25 417.38 0.0001649
bathtub 0 0 -10 254.48 393.20 300.39 441.00 0.0001630
bathtub 0 0 -10 266.42 376.96 342.68 420.44 0.0001630
bathtub 0 0 -10 4.20 113.49 203.22 190.73 0.0001615
table 0 0 -10 21.55 335.77 221.60 441.00 0.0001592
chair 0 0 -10 228.78 355.10 283.12 417.90 0.0001550
table 0 0 -10 2.84 327.72 20.88 441.00 0.0001549
toilet 0 0 -10 2.33 370.99 206.47 441.00 0.0001529
table 0 0 -10 40.29 197.22 198.35 322.14 0.0001506
dresser 0 0 -10 14.71 46.90 305.41 441.00 0.0001441
dresser 0 0 -10 97.78 2.45 408.35 441.00 0.0001432
chair 0 0 -10 159.71 273.88 291.04 423.19 0.0001347
bathtub 0 0 -10 179.29 284.27 289.00 403.56 0.0001335
toilet 0 0 -10 267.88 390.17 333.56 441.00 0.0001335
bathtub 0 0 -10 2.44 3.17 505.13 286.63 0.0001277
chair 0 0 -10 239.01 89.21 371.07 438.87 0.0001273
table 0 0 -10 230.31 422.19 269.99 441.00 0.0001249
