sofa 0 0 -10 401.75 29.78 590.02 189.81 0.9492030
sofa 0 0 -10 280.06 53.20 549.14 344.51 0.8998908
chair 0 0 -10 0.99 174.60 44.35 427.98 0.2529343
table 0 0 -10 552.61 123.56 589.72 279.51 0.1274768
table 0 0 -10 4.43 179.40 35.33 436.84 0.1028874
table 0 0 -10 498.62 137.38 585.71 227.02 0.0890626
table 0 0 -10 77.73 145.75 273.01 326.91 0.0561478
chair 0 0 -10 564.64 135.74 590.83 260.19 0.0550947
table 0 0 -10 569.62 129.04 590.40 270.91 0.0537361
chair 0 0 -10 4.44 218.97 25.53 435.34 0.0509450
chair 0 0 -10 506.68 118.51 591.00 260.65 0.0501184
table 0 0 -10 526.50 114.89 588.02 253.92 0.0472860
chair 0 0 -10 0.75 183.13 36.37 321.89 0.0338456
desk 0 0 -10 4.08 174.41 35.36 436.84 0.0324321
sofa 0 0 -10 344.50 58.72 566.38 255.99 0.0315921
chair 0 0 -10 551.93 47.17 590.12 261.74 0.0278520
sofa 0 0 -10 3.79 90.60 476.24 425.27 0.0254491
chair 0 0 -10 1.45 179.94 82.77 441.00 0.0243232
chair 0 0 -10 1.58 277.64 36.60 387.52 0.0237341
chair 0 0 -10 4.44 163.23 56.43 339.16 0.0210093
table 0 0 -10 2.87 177.44 19.66 441.00 0.0208031
sofa 0 0 -10 536.81 52.93 588.02 244.56 0.0186566
table 0 0 -10 560.45 136.30 590.14 165.02 0.0181839
table 0 0 -10 554.30 132.53 589.89 208.55 0.0175378
sofa 0 0 -10 467.22 99.06 591.00 240.44 0.0134786
chair 0 0 -10 277.07 63.50 551.79 354.98 0.0123716
table 0 0 -10 480.23 112.12 591.00 317.35 0.0109301
table 0 0 -10 411.12 66.70 589.01 236.34 0.0107643
table 0 0 -10 1.67 213.64 55.74 390.15 0.0103208
table 0 0 -10 71.25 119.98 242.45 153.89 0.0094199
chair 0 0 -10 393.69 18.69 591.00 220.04 0.0088928
table 0 0 -10 568.79 138.46 590.70 158.10 0.0088074
dresser 0 0 -10 3.39 176.84 35.65 436.73 0.0082976
table 0 0 -10 15.94 139.21 438.55 425.26 0.0076253
chair 0 0 -10 0.94 272.70 19.48 433.91 0.0074946
table 0 0 -10 568.66 133.57 590.27 197.16 0.0074114
chair 0 0 -10 537.24 127.32 588.84 215.72 0.0074089
chair 0 0 -10 579.85 142.33 590.87 273.43 0.0069766
chair 0 0 -10 571.53 52.97 590.84 257.91 0.0069217
sofa 0 0 -10 505.74 32.83 587.24 186.98 0.0068989
table 0 0 -10 522.99 189.91 589.26 269.48 0.0066067
table 0 0 -10 579.80 121.50 590.57 271.16 0.0065425
bookshelf 0 0 -10 304.29 4.69 388.49 98.44 0.0063601
sofa 0 0 -10 278.07 32.78 479.32 253.49 0.0061985
sofa 0 0 -10 328.09 19.48 543.25 158.30 0.0059849
chair 0 0 -10 519.59 39.27 589.01 243.96 0.0055191
sofa 0 0 -10 540.08 19.12 586.87 160.65 0.0055110
table 0 0 -10 516.50 149.78 588.87 301.26 0.0052910
table 0 0 -10 576.60 137.54 589.24 189.54 0.0050268
table 0 0 -10 563.82 58.46 590.50 249.55 0.0048615
sofa 0 0 -10 3.99 175.31 35.57 433.29 0.0045819
chair 0 0 -10 0.24 108.01 25.95 331.40 0.0044852
chair 0 0 -10 2.79 158.14 15.79 433.25 0.0044814
bed 0 0 -10 3.61 159.34 35.73 440.35 0.0041708
desk 0 0 -10 2.88 170.99 19.42 441.00 0.0041545
sofa 0 0 -10 562.72 128.86 590.78 288.78 0.0039213
desk 0 0 -10 562.49 129.61 590.57 291.03 0.0038708
chair 0 0 -10 580.92 26.13 590.78 261.34 0.0037627
bed 0 0 -10 403.56 29.02 591.00 232.77 0.0036482
table 0 0 -10 534.48 146.75 588.54 221.17 0.0036224
table 0 0 -10 564.98 147.92 590.22 222.69 0.0035970
bookshelf 0 0 -10 266.46 2.89 364.84 114.97 0.0032733
table 0 0 -10 502.93 179.17 580.58 225.40 0.0032176
table 0 0 -10 1.87 192.05 41.53 334.66 0.0031680
table 0 0 -10 60.94 128.34 242.17 194.76 0.0031644
bookshelf 0 0 -10 3.92 168.20 35.31 434.79 0.0031449
chair 0 0 -10 4.27 259.45 10.88 416.89 0.0031356
table 0 0 -10 1.29 274.35 34.79 387.26 0.0028223
table 0 0 -10 453.37 114.00 586.27 212.47 0.0027429
chair 0 0 -10 4.69 277.08 14.40 368.30 0.0027266
table 0 0 -10 575.13 166.98 590.58 287.28 0.0024402
chair 0 0 -10 1.53 274.43 66.28 414.99 0.0023984
night_stand 0 0 -10 3.83 187.09 36.13 428.75 0.0023950
sofa 0 0 -10 509.06 122.71 591.00 263.28 0.0023840
sofa 0 0 -10 414.82 99.65 572.22 312.65 0.0023178
sofa 0 0 -10 561.82 33.78 589.36 151.97 0.0022776
desk 0 0 -10 555.31 55.83 589.95 257.88 0.0022454
chair 0 0 -10 384.27 86.92 577.23 293.07 0.0022050
chair 0 0 -10 3.97 212.80 76.12 318.15 0.0021273
table 0 0 -10 164.51 119.20 563.46 409.91 0.0021229
desk 0 0 -10 2.66 210.18 56.08 392.08 0.0019275
bed 0 0 -10 2.77 163.77 20.07 441.00 0.0019175
night_stand 0 0 -10 498.75 139.09 591.00 244.47 0.0019033
sofa 0 0 -10 89.02 61.45 392.87 305.93 0.0018295
table 0 0 -10 403.53 20.21 582.05 169.45 0.0017674
table 0 0 -10 558.41 120.24 589.93 175.93 0.0017654
bed 0 0 -10 78.93 128.30 271.85 322.46 0.0017647
desk 0 0 -10 576.22 137.45 590.78 267.59 0.0016803
dresser 0 0 -10 6.38 190.88 19.76 440.79 0.0016650
table 0 0 -10 573.39 34.05 590.55 212.54 0.0016535
chair 0 0 -10 574.02 152.99 590.80 221.20 0.0016391
chair 0 0 -10 551.10 146.97 589.49 190.05 0.0016009
chair 0 0 -10 535.10 65.62 591.00 342.22 0.0015629
chair 0 0 -10 1.91 337.66 25.38 437.72 0.0015547
night_stand 0 0 -10 553.59 123.51 591.00 281.03 0.0015441
sofa 0 0 -10 267.22 10.46 419.32 150.77 0.0014841
table 0 0 -10 556.31 171.12 588.78 254.77 0.0014441
table 0 0 -10 0.77 283.80 25.91 441.00 0.0014100
desk 0 0 -10 525.88 81.42 589.23 285.17 0.0014034
chair 0 0 -10 585.09 137.49 590.48 267.22 0.0013689
