bed 0 0 -10 79.36 305.61 591.00 441.00 0.9768461
chair 0 0 -10 0.96 225.15 145.78 438.91 0.5916489
table 0 0 -10 6.49 226.70 182.61 390.36 0.4594131
desk 0 0 -10 12.23 228.96 184.78 373.70 0.4016949
desk 0 0 -10 85.96 229.81 177.65 360.89 0.2260413
bed 0 0 -10 3.40 227.44 202.30 437.31 0.1739216
table 0 0 -10 68.27 230.22 181.31 356.11 0.1368432
sofa 0 0 -10 0.19 225.83 164.37 417.31 0.0724878
dresser 0 0 -10 0.00 227.83 173.76 409.86 0.0409244
bed 0 0 -10 213.50 233.37 591.00 429.88 0.0392004
bed 0 0 -10 41.44 215.99 454.96 440.60 0.0379398
night_stand 0 0 -10 1.01 227.94 175.55 408.02 0.0379120
bed 0 0 -10 272.77 326.92 566.99 440.90 0.0315461
table 0 0 -10 334.10 206.09 461.69 310.33 0.0280826
table 0 0 -10 2.85 299.07 151.07 441.00 0.0276630
bed 0 0 -10 158.72 260.33 408.39 435.81 0.0232469
chair 0 0 -10 59.79 226.73 160.10 366.72 0.0179781
chair 0 0 -10 1.24 271.42 123.59 378.92 0.0169886
chair 0 0 -10 105.92 249.43 173.21 350.93 0.0154709
night_stand 0 0 -10 100.16 238.45 182.79 351.44 0.0153238
chair 0 0 -10 1.26 230.53 71.74 392.76 0.0145009
desk 0 0 -10 1.51 230.92 119.97 427.64 0.0128351
desk 0 0 -10 101.08 236.65 174.25 306.32 0.0118640
table 0 0 -10 0.99 252.62 101.85 402.70 0.0115482
bookshelf 0 0 -10 0.00 226.12 167.86 402.88 0.0091080
bed 0 0 -10 102.61 115.20 591.00 421.48 0.0086888
chair 0 0 -10 1.32 266.59 31.10 402.94 0.0077727
table 0 0 -10 96.84 235.62 187.37 310.91 0.0076838
table 0 0 -10 111.18 243.96 173.90 358.18 0.0076140
bed 0 0 -10 317.64 374.49 581.95 440.52 0.0073722
night_stand 0 0 -10 330.56 219.54 466.82 311.74 0.0072250
sofa 0 0 -10 59.94 219.02 591.00 434.91 0.0065857
dresser 0 0 -10 327.92 205.12 472.21 315.07 0.0064272
bed 0 0 -10 192.19 209.54 521.72 368.40 0.0060792
table 0 0 -10 1.60 279.34 131.68 366.78 0.0052027
bed 0 0 -10 50.93 336.25 365.80 441.00 0.0051729
bed 0 0 -10 314.34 204.03 478.06 309.17 0.0051407
chair 0 0 -10 0.33 183.98 25.05 397.56 0.0043146
chair 0 0 -10 113.87 236.31 180.91 317.88 0.0042879
night_stand 0 0 -10 460.86 300.25 525.25 332.98 0.0041875
bed 0 0 -10 208.97 268.34 346.17 362.19 0.0040792
bathtub 0 0 -10 0.00 231.07 199.02 403.64 0.0037987
bed 0 0 -10 0.11 225.11 119.94 408.88 0.0037838
table 0 0 -10 339.16 206.51 450.60 263.12 0.0036772
desk 0 0 -10 328.78 203.73 468.52 310.94 0.0036760
toilet 0 0 -10 0.00 235.15 167.71 430.21 0.0035368
chair 0 0 -10 195.85 251.03 490.15 369.10 0.0031974
chair 0 0 -10 354.93 204.73 475.58 306.22 0.0031719
chair 0 0 -10 6.71 202.14 18.99 412.87 0.0030247
chair 0 0 -10 90.48 209.52 187.88 351.68 0.0029126
table 0 0 -10 28.63 297.32 261.67 439.87 0.0027524
bed 0 0 -10 26.76 222.75 170.44 371.75 0.0026115
desk 0 0 -10 10.50 246.65 228.82 434.55 0.0025726
table 0 0 -10 65.04 225.67 178.92 268.34 0.0025060
chair 0 0 -10 0.00 341.70 130.99 441.00 0.0023541
table 0 0 -10 97.97 309.75 591.00 440.33 0.0023537
desk 0 0 -10 111.23 253.81 165.51 358.76 0.0023362
night_stand 0 0 -10 469.49 304.48 535.32 345.88 0.0021899
dresser 0 0 -10 100.60 227.67 181.75 360.02 0.0020703
bed 0 0 -10 222.91 304.86 521.10 363.93 0.0019830
table 0 0 -10 0.00 262.61 30.25 427.93 0.0018304
chair 0 0 -10 88.55 265.95 546.90 441.00 0.0017496
chair 0 0 -10 388.07 218.52 539.53 340.14 0.0017332
bed 0 0 -10 123.35 353.16 535.99 436.61 0.0016338
bed 0 0 -10 213.17 270.36 486.97 356.06 0.0014085
chair 0 0 -10 97.66 246.03 142.68 344.60 0.0014033
sofa 0 0 -10 216.81 267.59 335.99 348.31 0.0013566
sofa 0 0 -10 93.31 322.39 560.48 441.00 0.0013496
chair 0 0 -10 1.00 312.99 29.84 376.27 0.0013037
chair 0 0 -10 214.18 262.98 350.75 356.85 0.0012932
chair 0 0 -10 1.06 234.25 40.58 371.30 0.0012225
chair 0 0 -10 0.44 286.16 20.31 419.79 0.0011973
desk 0 0 -10 2.28 279.22 131.86 367.30 0.0011088
desk 0 0 -10 62.75 218.28 180.99 296.74 0.0010779
desk 0 0 -10 112.00 228.17 210.50 337.97 0.0010777
table 0 0 -10 458.50 288.33 522.55 332.39 0.0010743
night_stand 0 0 -10 299.59 253.11 472.66 326.95 0.0010734
table 0 0 -10 53.45 335.78 356.06 441.00 0.0010462
bed 0 0 -10 254.39 255.28 467.64 323.85 0.0009651
chair 0 0 -10 94.15 233.16 160.57 303.53 0.0009179
chair 0 0 -10 0.59 331.37 37.36 408.94 0.0009110
chair 0 0 -10 3.71 206.41 14.46 395.51 0.0009013
chair 0 0 -10 121.55 210.32 165.27 287.22 0.0008889
night_stand 0 0 -10 479.93 307.96 522.25 332.37 0.0008779
chair 0 0 -10 336.95 247.37 423.84 313.35 0.0008241
chair 0 0 -10 113.01 194.48 197.48 311.55 0.0007988
chair 0 0 -10 1.26 285.87 34.87 349.50 0.0007628
night_stand 0 0 -10 59.02 228.04 171.01 365.72 0.0007407
desk 0 0 -10 10.05 306.21 145.64 441.00 0.0007336
table 0 0 -10 345.15 248.88 435.03 305.51 0.0007208
chair 0 0 -10 2.34 398.63 114.46 440.73 0.0007113
chair 0 0 -10 41.82 333.86 329.22 441.00 0.0007109
bed 0 0 -10 378.48 290.20 591.00 431.70 0.0006926
desk 0 0 -10 336.93 205.86 454.83 262.33 0.0006607
table 0 0 -10 4.21 343.30 111.33 441.00 0.0006438
table 0 0 -10 0.00 172.44 135.13 428.40 0.0006432
chair 0 0 -10 377.25 233.56 431.64 301.08 0.0006301
table 0 0 -10 41.55 232.12 428.47 438.89 0.0006122
chair 0 0 -10 1.52 309.63 47.88 386.31 0.0006015
sofa 0 0 -10 178.70 256.09 515.15 364.25 0.0005910
