sofa 0 0 -10 0.00 87.30 496.62 434.45 0.9396508
table 0 0 -10 463.25 256.53 590.68 441.00 0.6962078
desk 0 0 -10 466.10 250.43 590.49 441.00 0.2067183
chair 0 0 -10 427.10 282.71 587.17 440.82 0.1483477
chair 0 0 -10 138.19 306.40 346.86 439.04 0.1406669
chair 0 0 -10 83.00 131.10 483.26 432.25 0.0897281
chair 0 0 -10 290.92 131.83 555.54 441.00 0.0669075
table 0 0 -10 73.07 193.45 561.91 441.00 0.0407865
chair 0 0 -10 182.56 265.22 564.69 440.23 0.0346046
chair 0 0 -10 335.32 338.34 564.75 441.00 0.0317299
table 0 0 -10 115.88 307.54 321.17 441.00 0.0311636
sofa 0 0 -10 35.11 299.50 336.85 441.00 0.0260266
desk 0 0 -10 55.78 181.24 577.29 441.00 0.0196472
sofa 0 0 -10 10.52 65.70 166.68 349.52 0.0156667
bed 0 0 -10 30.98 300.02 331.28 441.00 0.0146454
night_stand 0 0 -10 460.91 253.35 591.00 441.00 0.0136064
bed 0 0 -10 62.61 169.07 565.34 439.69 0.0133952
chair 0 0 -10 141.71 137.94 340.10 427.55 0.0094852
table 0 0 -10 12.91 83.88 472.45 418.29 0.0090735
chair 0 0 -10 143.03 351.93 549.29 437.56 0.0072587
chair 0 0 -10 41.30 258.33 403.09 437.89 0.0054746
dresser 0 0 -10 462.62 246.24 589.62 441.00 0.0046068
table 0 0 -10 335.20 223.79 574.70 441.00 0.0043898
dresser 0 0 -10 65.43 184.01 566.56 440.33 0.0042349
bed 0 0 -10 463.79 245.31 587.84 441.00 0.0039375
chair 0 0 -10 448.53 167.54 588.29 427.87 0.0039097
table 0 0 -10 51.42 242.98 324.95 438.50 0.0033138
sofa 0 0 -10 290.24 125.60 562.08 441.00 0.0031351
chair 0 0 -10 346.39 217.91 517.06 434.28 0.0029749
desk 0 0 -10 334.14 212.24 577.88 441.00 0.0029156
sofa 0 0 -10 190.32 77.88 490.87 377.99 0.0025214
sofa 0 0 -10 141.31 134.23 336.59 427.18 0.0024420
bed 0 0 -10 0.00 68.84 398.27 441.00 0.0023731
sofa 0 0 -10 162.43 311.55 326.96 440.46 0.0023531
sofa 0 0 -10 29.07 141.47 379.27 381.98 0.0020796
sofa 0 0 -10 13.12 201.07 311.97 434.30 0.0020340
table 0 0 -10 479.30 313.85 588.99 415.43 0.0020332
sofa 0 0 -10 458.89 256.32 590.65 441.00 0.0019960
night_stand 0 0 -10 98.15 200.94 563.13 441.00 0.0018245
chair 0 0 -10 462.69 238.05 547.19 427.97 0.0016782
table 0 0 -10 10.95 320.42 287.46 419.42 0.0015181
table 0 0 -10 156.76 429.62 256.36 440.96 0.0015129
bed 0 0 -10 1.79 267.49 183.20 437.57 0.0014211
bed 0 0 -10 0.96 76.26 163.54 339.20 0.0013519
desk 0 0 -10 6.60 323.82 330.02 439.77 0.0012840
table 0 0 -10 471.74 247.24 587.24 353.81 0.0012264
night_stand 0 0 -10 122.26 278.11 332.42 439.02 0.0012104
chair 0 0 -10 509.02 248.68 586.62 427.83 0.0011510
bookshelf 0 0 -10 75.03 169.68 569.92 438.55 0.0011502
sofa 0 0 -10 38.60 44.91 479.27 302.24 0.0011465
bathtub 0 0 -10 467.31 239.54 588.70 437.70 0.0010652
table 0 0 -10 523.50 281.52 590.12 440.05 0.0009972
chair 0 0 -10 391.00 314.70 517.77 440.89 0.0008937
dresser 0 0 -10 110.39 306.47 329.25 439.41 0.0008768
chair 0 0 -10 397.64 144.34 499.31 425.56 0.0008718
chair 0 0 -10 439.43 143.06 515.77 435.41 0.0008402
bathtub 0 0 -10 60.60 206.73 569.15 438.60 0.0008256
sofa 0 0 -10 170.23 259.19 584.29 441.00 0.0007937
toilet 0 0 -10 110.07 306.38 334.81 440.90 0.0007408
table 0 0 -10 377.24 320.56 578.42 441.00 0.0007272
sofa 0 0 -10 0.00 32.20 120.53 252.58 0.0006778
desk 0 0 -10 527.14 277.52 589.49 438.19 0.0006752
bookshelf 0 0 -10 463.69 251.33 589.58 441.00 0.0006745
table 0 0 -10 0.98 10.99 487.14 198.39 0.0006716
chair 0 0 -10 259.95 218.72 507.95 364.02 0.0006080
sofa 0 0 -10 1.30 65.47 72.69 248.07 0.0006052
chair 0 0 -10 204.15 76.15 494.93 378.56 0.0006012
chair 0 0 -10 305.91 385.99 535.60 439.78 0.0005902
toilet 0 0 -10 70.27 191.89 557.07 441.00 0.0005590
dresser 0 0 -10 349.17 169.24 556.01 433.61 0.0005567
bathtub 0 0 -10 18.50 302.06 333.65 439.13 0.0005240
toilet 0 0 -10 465.42 238.30 587.14 440.11 0.0005035
chair 0 0 -10 2.64 319.10 292.61 440.91 0.0004949
table 0 0 -10 5.88 313.08 166.64 436.15 0.0004875
chair 0 0 -10 560.07 232.88 591.00 417.42 0.0004473
bookshelf 0 0 -10 113.10 301.50 330.44 437.65 0.0004387
table 0 0 -10 410.79 295.46 582.03 406.46 0.0004199
chair 0 0 -10 19.22 176.92 358.31 398.52 0.0004150
table 0 0 -10 4.00 77.95 164.91 328.69 0.0004141
chair 0 0 -10 259.91 307.69 482.27 441.00 0.0003928
table 0 0 -10 479.57 132.83 590.86 373.75 0.0003900
table 0 0 -10 43.63 92.14 442.60 250.56 0.0003713
chair 0 0 -10 452.94 357.95 586.20 441.00 0.0003652
table 0 0 -10 0.00 67.13 103.59 262.73 0.0003541
table 0 0 -10 105.13 352.72 523.54 438.45 0.0003361
sofa 0 0 -10 14.40 4.54 563.93 171.34 0.0003241
desk 0 0 -10 18.30 251.88 430.48 441.00 0.0003122
table 0 0 -10 493.36 331.04 587.51 389.94 0.0003038
chair 0 0 -10 526.51 215.16 588.98 355.03 0.0003003
table 0 0 -10 417.56 167.93 578.07 414.15 0.0002910
desk 0 0 -10 160.08 237.22 336.81 436.75 0.0002812
chair 0 0 -10 448.69 305.52 534.08 440.83 0.0002812
table 0 0 -10 256.95 232.72 509.14 364.05 0.0002583
sofa 0 0 -10 115.33 349.68 558.48 439.69 0.0002575
chair 0 0 -10 476.72 312.70 586.43 409.31 0.0002564
chair 0 0 -10 558.28 238.12 589.73 269.71 0.0002557
sofa 0 0 -10 5.75 259.06 182.83 435.74 0.0002388
table 0 0 -10 9.18 76.26 259.87 392.57 0.0002327
desk 0 0 -10 0.81 51.31 499.78 373.99 0.0002292
chair 0 0 -10 0.00 59.75 113.74 271.39 0.0002271
