chair 0 0 -10 349.57 107.19 411.39 229.82 0.9673170
chair 0 0 -10 317.24 97.49 372.12 210.15 0.9659318
chair 0 0 -10 401.59 108.67 465.69 227.38 0.9383836
sofa 0 0 -10 372.67 175.40 588.54 440.10 0.8877268
table 0 0 -10 321.76 108.07 577.12 218.84 0.8099872
chair 0 0 -10 371.87 107.39 446.77 231.38 0.6879967
chair 0 0 -10 443.29 96.73 518.56 174.27 0.6647201
chair 0 0 -10 391.20 113.49 515.59 229.21 0.4374830
chair 0 0 -10 412.15 93.95 457.74 182.01 0.4139406
chair 0 0 -10 489.33 120.64 575.15 181.51 0.4064378
chair 0 0 -10 412.76 103.14 420.47 231.53 0.2306736
chair 0 0 -10 474.51 98.58 533.07 174.31 0.2276282
chair 0 0 -10 431.32 94.35 485.39 184.12 0.1892268
chair 0 0 -10 415.67 102.85 426.45 217.50 0.1826369
chair 0 0 -10 484.37 119.83 589.12 236.36 0.1725657
chair 0 0 -10 494.19 101.51 512.50 168.02 0.1573387
chair 0 0 -10 364.88 165.63 591.00 441.00 0.1513879
chair 0 0 -10 458.08 104.55 472.52 176.93 0.1416693
table 0 0 -10 344.88 102.07 471.58 223.11 0.1325100
bookshelf 0 0 -10 213.85 9.59 324.15 161.59 0.1280459
chair 0 0 -10 362.02 96.84 427.00 199.39 0.1235554
desk 0 0 -10 320.24 109.53 569.95 232.03 0.1197252
chair 0 0 -10 468.75 105.87 542.95 213.13 0.1069481
chair 0 0 -10 382.30 84.40 418.81 172.02 0.1064630
table 0 0 -10 2.96 309.22 166.83 441.00 0.0890294
table 0 0 -10 398.61 118.79 547.06 235.24 0.0794444
chair 0 0 -10 465.82 103.84 483.06 174.21 0.0774200
chair 0 0 -10 399.64 93.55 441.00 192.74 0.0676687
table 0 0 -10 8.38 196.79 238.63 439.74 0.0624972
chair 0 0 -10 315.77 95.98 354.96 176.87 0.0583015
chair 0 0 -10 359.22 98.88 405.56 177.57 0.0570126
chair 0 0 -10 384.65 88.89 444.09 160.96 0.0560578
table 0 0 -10 377.52 123.60 566.85 186.95 0.0541617
chair 0 0 -10 409.97 108.73 417.59 225.30 0.0540202
chair 0 0 -10 394.26 109.08 429.83 226.62 0.0534908
table 0 0 -10 422.38 94.65 496.96 181.79 0.0533549
chair 0 0 -10 455.97 95.06 510.19 147.01 0.0464502
chair 0 0 -10 329.14 95.99 388.86 174.33 0.0458714
chair 0 0 -10 436.19 119.28 556.68 231.28 0.0438852
chair 0 0 -10 421.74 99.68 535.36 196.91 0.0433522
chair 0 0 -10 314.96 100.53 443.24 221.51 0.0432186
table 0 0 -10 357.60 99.36 514.86 183.45 0.0413696
desk 0 0 -10 2.05 303.45 166.71 441.00 0.0411870
dresser 0 0 -10 213.99 11.58 326.47 157.89 0.0390106
desk 0 0 -10 358.19 96.30 580.46 180.43 0.0378029
chair 0 0 -10 485.70 100.77 509.02 153.04 0.0376779
table 0 0 -10 331.64 113.89 421.51 224.98 0.0372128
table 0 0 -10 449.61 129.10 565.75 179.37 0.0368039
table 0 0 -10 138.07 208.31 269.25 363.94 0.0364191
chair 0 0 -10 501.32 103.57 513.05 154.85 0.0357889
chair 0 0 -10 413.58 96.62 449.71 140.72 0.0345812
chair 0 0 -10 332.38 111.93 392.37 211.19 0.0331652
chair 0 0 -10 473.47 99.45 509.93 134.64 0.0297524
chair 0 0 -10 566.11 113.30 589.47 196.83 0.0262065
desk 0 0 -10 462.91 114.51 570.73 180.62 0.0249937
table 0 0 -10 179.84 231.24 255.39 369.14 0.0245745
desk 0 0 -10 400.84 121.56 559.28 217.18 0.0241746
desk 0 0 -10 423.82 92.08 495.44 182.63 0.0238946
desk 0 0 -10 4.89 156.47 232.54 436.36 0.0214942
table 0 0 -10 403.91 96.63 470.50 187.43 0.0200257
table 0 0 -10 386.53 95.26 562.54 158.93 0.0199421
table 0 0 -10 215.19 6.67 319.73 168.66 0.0197658
table 0 0 -10 394.69 105.55 492.57 213.86 0.0191641
chair 0 0 -10 424.20 87.96 473.20 152.78 0.0191252
chair 0 0 -10 440.07 92.54 490.34 149.68 0.0191059
desk 0 0 -10 213.91 4.64 324.35 166.01 0.0188295
chair 0 0 -10 397.51 98.04 456.36 150.04 0.0186681
dresser 0 0 -10 5.05 13.29 212.27 352.68 0.0185308
table 0 0 -10 339.70 142.02 589.67 403.62 0.0183115
chair 0 0 -10 461.18 100.77 488.79 133.45 0.0169366
chair 0 0 -10 374.75 129.34 539.92 285.10 0.0165291
table 0 0 -10 361.63 98.85 438.78 197.45 0.0157938
chair 0 0 -10 414.17 118.32 494.03 169.37 0.0146233
desk 0 0 -10 327.89 110.37 424.10 236.68 0.0139316
table 0 0 -10 466.61 103.04 587.05 178.05 0.0137170
chair 0 0 -10 448.26 130.36 548.58 178.65 0.0131532
chair 0 0 -10 330.81 97.57 360.60 146.07 0.0127410
chair 0 0 -10 390.68 62.93 463.91 158.86 0.0120364
chair 0 0 -10 455.50 101.00 478.21 139.33 0.0114448
table 0 0 -10 273.16 119.62 568.47 291.72 0.0113390
table 0 0 -10 456.55 119.43 576.11 250.16 0.0113307
desk 0 0 -10 405.28 94.14 469.43 186.82 0.0112450
chair 0 0 -10 0.00 154.58 204.30 432.99 0.0107940
table 0 0 -10 494.74 125.25 572.27 171.51 0.0102654
chair 0 0 -10 280.56 97.17 400.22 226.20 0.0099585
desk 0 0 -10 375.28 91.64 579.13 143.27 0.0094441
chair 0 0 -10 574.42 113.23 586.83 190.55 0.0094090
dresser 0 0 -10 0.00 185.52 192.20 418.22 0.0093340
table 0 0 -10 420.38 92.54 498.65 133.33 0.0093024
table 0 0 -10 412.29 109.94 420.76 228.24 0.0092550
desk 0 0 -10 346.93 99.88 468.03 229.82 0.0091655
chair 0 0 -10 526.07 110.82 590.65 202.64 0.0091103
desk 0 0 -10 434.85 131.60 550.20 179.52 0.0087872
desk 0 0 -10 508.05 110.72 589.07 185.09 0.0086169
bookshelf 0 0 -10 7.93 5.04 219.23 324.77 0.0081482
chair 0 0 -10 317.97 102.79 323.90 202.47 0.0081025
chair 0 0 -10 311.08 95.29 339.98 203.92 0.0076684
chair 0 0 -10 516.49 148.13 565.23 179.48 0.0072139
chair 0 0 -10 493.48 100.20 517.27 140.48 0.0072078
sofa 0 0 -10 200.63 145.72 584.98 435.73 0.0070185
