chair 0 0 -10 56.48 306.70 296.44 437.15 0.8227288
table 0 0 -10 8.00 358.94 282.11 441.00 0.6857097
dresser 0 0 -10 147.57 15.94 365.64 397.20 0.4988736
bed 0 0 -10 0.00 360.80 268.63 441.00 0.2654460
sofa 0 0 -10 1.71 323.44 292.06 438.67 0.2031815
desk 0 0 -10 1.68 352.58 322.94 440.17 0.1899900
desk 0 0 -10 187.73 110.38 585.28 435.61 0.1086223
bookshelf 0 0 -10 152.77 2.14 397.40 423.39 0.0637746
bookshelf 0 0 -10 0.84 117.16 53.49 249.31 0.0574526
desk 0 0 -10 350.61 150.74 591.00 417.62 0.0396308
desk 0 0 -10 2.33 264.69 349.04 433.90 0.0384839
desk 0 0 -10 364.68 149.92 585.91 258.24 0.0305117
dresser 0 0 -10 102.08 32.34 515.64 425.89 0.0297309
dresser 0 0 -10 13.10 315.25 340.98 438.82 0.0255098
desk 0 0 -10 146.96 10.19 435.53 422.19 0.0250202
dresser 0 0 -10 11.38 144.50 348.10 428.35 0.0210173
bed 0 0 -10 0.00 121.21 53.29 254.71 0.0175604
table 0 0 -10 11.28 343.04 231.20 417.47 0.0157846
table 0 0 -10 367.48 149.46 585.22 247.99 0.0157143
table 0 0 -10 347.96 157.06 591.00 432.21 0.0140009
bed 0 0 -10 12.08 313.21 336.75 440.85 0.0134838
chair 0 0 -10 0.00 359.85 265.26 441.00 0.0128439
chair 0 0 -10 3.38 211.64 317.87 441.00 0.0122264
chair 0 0 -10 451.00 132.55 540.99 249.40 0.0119424
dresser 0 0 -10 0.87 122.70 53.75 248.68 0.0108976
table 0 0 -10 72.59 364.98 174.86 403.08 0.0085837
table 0 0 -10 12.59 270.13 342.02 432.33 0.0076514
sofa 0 0 -10 0.92 384.73 286.63 438.91 0.0074830
dresser 0 0 -10 235.95 101.81 585.40 441.00 0.0066895
night_stand 0 0 -10 22.83 318.45 347.71 440.31 0.0058948
table 0 0 -10 92.82 322.75 307.31 439.13 0.0056150
desk 0 0 -10 160.90 79.79 359.17 369.08 0.0054432
dresser 0 0 -10 27.21 3.63 324.99 331.01 0.0053978
table 0 0 -10 95.71 394.93 353.71 440.72 0.0047318
bookshelf 0 0 -10 14.08 306.57 332.85 437.88 0.0040505
bookshelf 0 0 -10 1.30 7.56 58.77 367.07 0.0039522
chair 0 0 -10 133.33 16.88 378.44 417.34 0.0038761
dresser 0 0 -10 1.18 45.95 230.03 301.83 0.0034234
bed 0 0 -10 49.07 395.05 320.89 441.00 0.0034016
dresser 0 0 -10 66.52 202.51 563.72 434.86 0.0032989
toilet 0 0 -10 4.86 312.96 349.30 441.00 0.0032860
bathtub 0 0 -10 3.43 316.13 383.72 438.89 0.0031679
sofa 0 0 -10 2.09 126.21 52.61 248.66 0.0030266
bathtub 0 0 -10 369.26 147.70 582.41 239.49 0.0029640
chair 0 0 -10 467.94 135.84 567.63 218.92 0.0027289
bookshelf 0 0 -10 193.37 0.00 574.57 432.77 0.0024182
chair 0 0 -10 134.47 392.21 362.24 441.00 0.0020938
dresser 0 0 -10 1.91 21.49 89.53 324.99 0.0017567
table 0 0 -10 47.97 358.82 143.09 399.17 0.0017517
desk 0 0 -10 100.63 301.43 282.25 434.87 0.0017270
dresser 0 0 -10 155.45 11.70 360.10 212.02 0.0016750
bookshelf 0 0 -10 427.51 81.58 477.19 169.45 0.0016541
table 0 0 -10 73.10 201.32 575.86 437.66 0.0015757
chair 0 0 -10 105.99 257.76 455.23 438.67 0.0015140
bookshelf 0 0 -10 4.10 357.20 264.95 439.85 0.0014867
dresser 0 0 -10 108.11 292.76 304.34 427.93 0.0014815
dresser 0 0 -10 3.32 359.87 262.59 441.00 0.0014026
chair 0 0 -10 469.72 137.57 577.70 287.41 0.0013958
desk 0 0 -10 179.19 191.94 364.71 431.33 0.0013682
sofa 0 0 -10 122.94 296.37 303.69 441.00 0.0012048
bathtub 0 0 -10 348.91 132.70 589.83 427.06 0.0011878
chair 0 0 -10 424.45 73.87 479.19 160.35 0.0010873
chair 0 0 -10 0.75 122.33 54.14 249.10 0.0010371
chair 0 0 -10 437.65 174.82 591.00 409.50 0.0010271
dresser 0 0 -10 2.85 141.14 72.81 360.11 0.0010216
chair 0 0 -10 427.09 83.85 576.93 257.89 0.0009562
bookshelf 0 0 -10 1.23 16.43 257.28 384.55 0.0009516
chair 0 0 -10 162.46 222.49 353.41 426.21 0.0009355
night_stand 0 0 -10 6.71 362.34 263.15 441.00 0.0009228
dresser 0 0 -10 111.60 11.70 246.22 331.58 0.0009179
bathtub 0 0 -10 0.00 361.90 257.87 439.07 0.0008726
bookshelf 0 0 -10 155.89 0.00 361.17 227.59 0.0008640
bookshelf 0 0 -10 53.33 113.62 471.11 425.97 0.0008487
dresser 0 0 -10 375.77 148.85 581.25 243.72 0.0008452
chair 0 0 -10 397.21 140.85 564.03 237.60 0.0008442
chair 0 0 -10 477.82 190.20 591.00 333.01 0.0008267
table 0 0 -10 0.05 123.12 53.37 249.85 0.0007967
night_stand 0 0 -10 1.75 125.70 52.89 242.01 0.0007642
dresser 0 0 -10 345.73 152.70 591.00 398.71 0.0007554
dresser 0 0 -10 293.89 10.81 435.53 166.41 0.0007537
chair 0 0 -10 465.57 139.30 541.84 192.20 0.0006894
bed 0 0 -10 34.37 121.59 493.29 439.60 0.0006800
table 0 0 -10 158.08 41.89 426.12 415.54 0.0006751
bathtub 0 0 -10 0.84 121.19 54.58 238.08 0.0006677
dresser 0 0 -10 293.29 7.85 445.19 313.55 0.0006400
bookshelf 0 0 -10 43.57 215.77 337.35 425.07 0.0006263
dresser 0 0 -10 428.08 86.86 476.67 168.77 0.0006258
chair 0 0 -10 548.57 219.22 589.42 430.61 0.0006148
chair 0 0 -10 148.78 348.23 338.54 441.00 0.0006138
dresser 0 0 -10 158.56 47.10 204.63 317.35 0.0006027
table 0 0 -10 427.61 89.07 475.94 168.45 0.0006002
toilet 0 0 -10 1.50 359.36 252.67 441.00 0.0005945
dresser 0 0 -10 187.76 0.19 480.01 278.41 0.0005857
bookshelf 0 0 -10 0.10 28.78 37.31 283.05 0.0005806
chair 0 0 -10 509.50 136.62 590.53 230.63 0.0005725
desk 0 0 -10 428.91 138.82 549.32 244.07 0.0005541
desk 0 0 -10 263.72 253.80 591.00 435.23 0.0005532
bookshelf 0 0 -10 292.05 6.32 436.29 174.12 0.0005526
toilet 0 0 -10 422.50 88.69 478.51 169.69 0.0005492
dresser 0 0 -10 182.96 187.21 360.93 427.14 0.0005458
