chair 0 0 -10 570.50 149.85 589.91 280.87 0.0064667
table 0 0 -10 63.02 248.87 564.39 438.75 0.0061497
table 0 0 -10 34.51 243.39 285.20 385.32 0.0051139
chair 0 0 -10 561.67 126.26 591.00 302.86 0.0047982
table 0 0 -10 66.18 197.91 123.83 249.74 0.0045150
table 0 0 -10 193.37 258.09 570.90 376.92 0.0031111
table 0 0 -10 493.01 209.82 547.67 255.12 0.0029737
chair 0 0 -10 484.23 204.07 563.91 297.51 0.0021815
chair 0 0 -10 69.63 59.61 135.02 177.81 0.0020887
table 0 0 -10 322.92 236.06 395.14 293.37 0.0017526
chair 0 0 -10 487.54 207.58 553.48 254.93 0.0017171
table 0 0 -10 258.52 227.65 307.01 250.59 0.0016313
table 0 0 -10 29.46 147.28 331.83 413.78 0.0016001
chair 0 0 -10 578.27 110.43 590.89 305.28 0.0015369
table 0 0 -10 319.94 238.96 401.57 266.00 0.0012373
chair 0 0 -10 532.22 168.89 591.00 265.28 0.0010985
table 0 0 -10 319.60 235.05 399.29 254.70 0.0009128
table 0 0 -10 42.93 223.72 329.86 337.09 0.0009086
chair 0 0 -10 570.83 51.89 590.34 350.04 0.0008848
desk 0 0 -10 47.59 247.54 587.06 441.00 0.0007350
chair 0 0 -10 311.61 190.19 374.83 292.99 0.0007244
desk 0 0 -10 28.49 243.52 293.79 387.79 0.0007177
chair 0 0 -10 543.46 107.41 591.00 376.24 0.0007053
night_stand 0 0 -10 67.16 197.24 127.18 251.11 0.0006385
dresser 0 0 -10 567.02 124.78 587.10 279.64 0.0006145
night_stand 0 0 -10 492.08 209.65 550.37 256.10 0.0005722
bookshelf 0 0 -10 574.62 111.30 589.30 286.66 0.0005698
chair 0 0 -10 564.64 4.28 590.94 263.13 0.0005321
table 0 0 -10 119.42 197.86 265.87 373.55 0.0004967
bathtub 0 0 -10 53.02 73.89 420.54 210.71 0.0004940
chair 0 0 -10 328.44 227.30 385.37 276.11 0.0004848
table 0 0 -10 250.84 195.91 307.77 250.01 0.0004773
desk 0 0 -10 24.07 140.63 343.81 415.48 0.0004663
table 0 0 -10 46.60 110.50 131.88 255.25 0.0004500
chair 0 0 -10 146.93 178.93 243.64 329.73 0.0004384
table 0 0 -10 41.35 107.06 323.83 259.70 0.0004006
table 0 0 -10 4.88 251.74 294.25 315.30 0.0003941
bathtub 0 0 -10 17.05 48.78 569.70 290.05 0.0003933
bathtub 0 0 -10 219.64 241.05 584.91 325.63 0.0003929
chair 0 0 -10 251.13 198.34 316.84 278.12 0.0003692
table 0 0 -10 576.03 152.88 590.24 288.64 0.0003663
chair 0 0 -10 320.96 217.47 384.74 311.40 0.0003589
dresser 0 0 -10 576.07 148.08 590.51 283.58 0.0003551
table 0 0 -10 322.20 276.21 561.85 352.74 0.0003531
chair 0 0 -10 569.18 238.76 591.00 358.80 0.0003518
table 0 0 -10 251.54 222.40 310.30 288.55 0.0003005
chair 0 0 -10 481.60 178.76 564.83 255.01 0.0002991
desk 0 0 -10 184.50 258.35 583.74 380.17 0.0002892
bathtub 0 0 -10 65.07 250.52 582.23 434.33 0.0002867
table 0 0 -10 383.82 269.14 585.44 426.79 0.0002842
chair 0 0 -10 317.45 218.80 370.59 270.14 0.0002757
night_stand 0 0 -10 259.34 226.73 308.70 251.55 0.0002738
dresser 0 0 -10 67.31 197.74 126.32 249.83 0.0002659
bookshelf 0 0 -10 563.80 38.01 588.80 272.76 0.0002622
table 0 0 -10 151.16 180.98 213.08 243.52 0.0002589
desk 0 0 -10 98.32 172.97 286.95 379.58 0.0002575
chair 0 0 -10 341.17 219.99 377.99 293.28 0.0002547
chair 0 0 -10 66.78 196.14 127.13 250.39 0.0002531
chair 0 0 -10 405.64 223.14 443.04 299.44 0.0002519
bookshelf 0 0 -10 37.09 27.70 367.21 413.54 0.0002460
table 0 0 -10 231.04 235.61 560.96 311.08 0.0002452
sofa 0 0 -10 68.55 197.26 125.12 251.34 0.0002441
table 0 0 -10 567.10 121.80 590.27 312.10 0.0002438
chair 0 0 -10 94.03 56.62 128.73 195.60 0.0002382
bathtub 0 0 -10 89.83 39.33 292.70 197.24 0.0002362
bathtub 0 0 -10 96.33 94.34 276.16 349.00 0.0002316
table 0 0 -10 99.71 136.72 573.82 388.78 0.0002294
table 0 0 -10 540.94 294.63 588.16 439.06 0.0002287
bed 0 0 -10 574.34 113.29 589.52 289.94 0.0002265
chair 0 0 -10 32.36 74.10 126.62 204.71 0.0002251
chair 0 0 -10 256.02 227.29 310.39 251.28 0.0002247
chair 0 0 -10 555.86 243.78 590.76 304.41 0.0002226
bathtub 0 0 -10 25.76 68.30 387.88 412.76 0.0002225
table 0 0 -10 576.06 278.52 590.08 440.59 0.0002190
table 0 0 -10 3.38 109.98 110.49 437.48 0.0002086
table 0 0 -10 65.15 200.99 202.45 248.43 0.0002079
chair 0 0 -10 328.08 266.37 370.00 318.12 0.0002012
chair 0 0 -10 566.48 44.26 591.00 173.70 0.0001977
table 0 0 -10 309.39 241.99 404.09 328.12 0.0001952
chair 0 0 -10 572.51 245.60 590.72 272.10 0.0001951
chair 0 0 -10 555.16 194.29 589.47 287.24 0.0001947
table 0 0 -10 5.25 256.32 167.96 439.45 0.0001944
sofa 0 0 -10 576.38 150.16 590.37 284.55 0.0001895
table 0 0 -10 19.59 43.76 565.39 254.60 0.0001875
table 0 0 -10 81.21 98.93 276.86 359.77 0.0001852
dresser 0 0 -10 31.93 69.52 377.21 418.92 0.0001838
table 0 0 -10 84.84 246.74 242.15 359.67 0.0001830
chair 0 0 -10 504.57 229.29 591.00 398.60 0.0001816
sofa 0 0 -10 256.69 229.30 309.63 251.07 0.0001798
chair 0 0 -10 545.78 255.81 591.00 402.46 0.0001781
chair 0 0 -10 583.47 140.55 589.50 276.63 0.0001774
desk 0 0 -10 96.76 135.81 591.00 389.94 0.0001771
table 0 0 -10 41.79 189.69 124.50 263.51 0.0001756
bathtub 0 0 -10 574.27 119.91 589.59 295.21 0.0001753
table 0 0 -10 80.38 305.49 231.56 437.44 0.0001747
table 0 0 -10 309.67 216.23 378.34 310.58 0.0001726
table 0 0 -10 239.51 253.79 460.64 416.69 0.0001719
bathtub 0 0 -10 308.19 233.83 482.91 272.08 0.0001693
bathtub 0 0 -10 563.01 48.60 589.45 267.76 0.0001680
table 0 0 -10 328.86 198.36 392.70 286.11 0.0001679
