chair 0 0 -10 301.76 167.22 453.98 414.63 0.9314216
dresser 0 0 -10 0.00 172.36 297.07 441.00 0.8518032
table 0 0 -10 341.60 185.10 583.36 439.99 0.7471845
chair 0 0 -10 403.01 190.64 587.12 437.80 0.5134970
chair 0 0 -10 272.64 179.65 564.52 441.00 0.2300663
chair 0 0 -10 309.27 158.72 430.04 314.13 0.1492884
desk 0 0 -10 346.64 184.96 587.67 441.00 0.1100861
table 0 0 -10 294.95 209.26 437.36 440.81 0.0578090
desk 0 0 -10 9.97 178.13 362.40 441.00 0.0434309
bed 0 0 -10 393.66 174.61 588.95 441.00 0.0342245
dresser 0 0 -10 91.30 115.58 286.11 279.27 0.0339565
dresser 0 0 -10 252.53 188.23 579.47 441.00 0.0323810
chair 0 0 -10 354.73 188.63 436.65 426.98 0.0301642
dresser 0 0 -10 91.26 154.11 414.10 435.34 0.0296644
night_stand 0 0 -10 118.99 326.53 349.38 441.00 0.0295618
desk 0 0 -10 297.77 198.52 436.15 441.00 0.0280647
dresser 0 0 -10 70.38 293.89 345.26 439.32 0.0264863
chair 0 0 -10 96.38 318.17 346.37 441.00 0.0240830
dresser 0 0 -10 131.26 154.55 299.54 370.35 0.0228061
chair 0 0 -10 311.26 216.96 464.18 338.46 0.0211725
chair 0 0 -10 74.19 172.23 390.73 441.00 0.0202933
table 0 0 -10 432.20 259.02 586.89 441.00 0.0188540
bed 0 0 -10 0.00 104.36 297.90 441.00 0.0179630
chair 0 0 -10 297.59 153.28 381.18 302.76 0.0178752
night_stand 0 0 -10 4.92 193.54 312.07 437.68 0.0172832
dresser 0 0 -10 3.33 118.72 261.85 323.58 0.0139750
desk 0 0 -10 117.87 194.13 561.50 441.00 0.0135969
dresser 0 0 -10 163.30 62.49 291.12 308.97 0.0126322
table 0 0 -10 212.23 317.48 323.08 441.00 0.0118755
sofa 0 0 -10 393.26 186.83 589.18 441.00 0.0107992
chair 0 0 -10 133.13 271.84 447.10 441.00 0.0107577
table 0 0 -10 4.44 109.24 281.99 309.44 0.0099072
desk 0 0 -10 206.47 301.82 339.41 441.00 0.0097101
night_stand 0 0 -10 215.26 306.51 325.61 438.71 0.0096403
dresser 0 0 -10 197.04 118.49 280.51 213.89 0.0082044
desk 0 0 -10 59.62 125.00 232.25 264.25 0.0081692
table 0 0 -10 384.65 179.93 521.13 364.80 0.0078072
chair 0 0 -10 301.47 171.46 373.31 426.78 0.0073751
table 0 0 -10 361.98 195.02 440.34 434.45 0.0072521
chair 0 0 -10 360.16 166.28 455.24 293.34 0.0069584
table 0 0 -10 12.27 157.17 325.99 438.36 0.0069487
chair 0 0 -10 247.78 151.94 405.08 423.77 0.0069380
table 0 0 -10 51.89 125.88 257.98 234.33 0.0069238
chair 0 0 -10 202.52 298.12 329.36 437.14 0.0069021
dresser 0 0 -10 2.10 132.16 119.39 369.81 0.0060992
chair 0 0 -10 379.88 180.98 442.78 356.58 0.0060281
chair 0 0 -10 559.87 137.35 591.00 220.02 0.0058079
dresser 0 0 -10 176.27 198.22 345.87 428.64 0.0057295
dresser 0 0 -10 216.07 305.21 322.83 438.73 0.0056519
chair 0 0 -10 166.60 148.36 397.00 343.59 0.0051071
desk 0 0 -10 183.88 117.65 277.40 216.58 0.0049030
table 0 0 -10 210.46 285.59 436.74 441.00 0.0041140
desk 0 0 -10 3.25 106.27 288.08 309.83 0.0039679
night_stand 0 0 -10 44.39 115.03 251.63 283.48 0.0039518
chair 0 0 -10 231.25 142.91 438.61 296.46 0.0037244
dresser 0 0 -10 407.40 175.16 588.68 441.00 0.0036804
table 0 0 -10 203.55 131.63 278.00 209.10 0.0035704
table 0 0 -10 255.17 259.24 530.88 440.94 0.0035194
chair 0 0 -10 0.00 125.37 113.85 293.46 0.0034707
table 0 0 -10 142.33 121.79 276.69 218.13 0.0034536
chair 0 0 -10 190.97 110.49 279.36 231.56 0.0033755
dresser 0 0 -10 297.50 185.55 435.48 441.00 0.0032982
chair 0 0 -10 280.56 274.03 461.15 440.46 0.0032725
table 0 0 -10 315.31 250.29 554.21 331.25 0.0030585
dresser 0 0 -10 156.31 281.83 448.06 437.02 0.0030160
night_stand 0 0 -10 12.35 125.74 277.80 367.18 0.0029315
bookshelf 0 0 -10 204.36 127.11 280.82 209.38 0.0027631
table 0 0 -10 309.51 233.82 389.32 438.22 0.0027613
night_stand 0 0 -10 320.29 201.71 589.99 436.50 0.0026287
bed 0 0 -10 487.67 226.19 590.78 441.00 0.0025809
night_stand 0 0 -10 163.00 289.55 450.32 437.30 0.0025354
chair 0 0 -10 393.58 175.01 439.34 260.72 0.0024274
bookshelf 0 0 -10 319.65 194.73 581.77 437.88 0.0022324
chair 0 0 -10 60.66 97.62 247.95 275.49 0.0020591
bed 0 0 -10 12.76 91.45 257.04 310.76 0.0020504
table 0 0 -10 102.27 173.62 508.19 441.00 0.0020447
chair 0 0 -10 89.86 372.57 320.41 441.00 0.0018978
desk 0 0 -10 394.70 179.41 540.42 339.48 0.0018883
chair 0 0 -10 434.13 319.95 582.07 441.00 0.0018627
table 0 0 -10 116.69 323.58 340.86 441.00 0.0017683
desk 0 0 -10 61.90 279.59 340.98 439.64 0.0017674
desk 0 0 -10 166.64 272.90 452.20 440.27 0.0017426
chair 0 0 -10 504.05 174.58 591.00 424.87 0.0017375
table 0 0 -10 395.20 257.66 586.97 355.79 0.0016269
bathtub 0 0 -10 293.10 213.84 590.76 436.00 0.0016055
bed 0 0 -10 567.54 211.92 591.00 438.21 0.0015974
bed 0 0 -10 534.86 303.24 591.00 441.00 0.0015946
chair 0 0 -10 146.31 120.63 326.78 313.60 0.0015848
bed 0 0 -10 294.72 166.77 436.76 439.84 0.0015816
chair 0 0 -10 568.98 133.17 587.74 205.72 0.0015358
dresser 0 0 -10 213.35 247.36 326.99 398.69 0.0015177
chair 0 0 -10 99.57 404.96 330.45 439.35 0.0015020
desk 0 0 -10 310.52 226.26 388.74 437.17 0.0014935
chair 0 0 -10 313.08 121.51 483.65 270.99 0.0014847
bookshelf 0 0 -10 298.43 175.00 435.15 439.54 0.0013935
table 0 0 -10 564.02 137.69 590.45 209.69 0.0013637
desk 0 0 -10 258.28 254.21 535.62 441.00 0.0012855
chair 0 0 -10 315.16 178.47 379.14 274.91 0.0012532
sofa 0 0 -10 298.23 170.69 435.82 433.04 0.0011583
toilet 0 0 -10 309.43 198.85 581.42 440.44 0.0011263
