desk 0 0 -10 453.02 313.37 588.18 440.59 0.6556410
table 0 0 -10 449.21 318.42 591.00 438.99 0.4700514
bathtub 0 0 -10 167.82 383.41 327.01 439.47 0.0768983
chair 0 0 -10 496.92 325.53 589.15 434.63 0.0421732
bathtub 0 0 -10 160.54 423.55 356.73 441.00 0.0278227
desk 0 0 -10 344.17 288.60 584.53 441.00 0.0271460
desk 0 0 -10 453.19 293.80 586.71 373.36 0.0262368
bathtub 0 0 -10 171.15 342.67 352.25 436.79 0.0204849
table 0 0 -10 449.01 294.64 591.00 374.51 0.0201394
chair 0 0 -10 543.77 291.89 590.38 410.09 0.0198973
toilet 0 0 -10 168.99 375.61 344.16 440.42 0.0188810
bathtub 0 0 -10 171.73 405.97 408.11 440.89 0.0142042
chair 0 0 -10 556.20 341.16 591.00 439.86 0.0134677
toilet 0 0 -10 155.95 264.97 303.37 441.00 0.0128169
table 0 0 -10 370.13 291.05 571.50 440.99 0.0121233
chair 0 0 -10 551.82 327.50 591.00 395.93 0.0090720
night_stand 0 0 -10 453.10 337.43 591.00 441.00 0.0089628
desk 0 0 -10 453.30 252.38 577.81 411.34 0.0079743
bathtub 0 0 -10 159.95 321.57 471.21 437.02 0.0076889
chair 0 0 -10 458.20 366.68 582.23 438.73 0.0075790
toilet 0 0 -10 150.52 354.80 435.41 441.00 0.0073344
bathtub 0 0 -10 119.33 370.78 408.72 439.45 0.0070432
table 0 0 -10 444.64 280.66 581.01 344.69 0.0062454
bathtub 0 0 -10 159.13 274.13 306.34 436.78 0.0056296
table 0 0 -10 443.58 227.24 576.64 358.00 0.0053395
bathtub 0 0 -10 139.93 207.70 573.80 431.28 0.0041853
table 0 0 -10 456.56 357.47 584.14 421.18 0.0040976
chair 0 0 -10 295.33 345.43 525.29 441.00 0.0038422
chair 0 0 -10 560.64 251.88 591.00 436.45 0.0038249
chair 0 0 -10 516.77 262.50 591.00 406.75 0.0037068
desk 0 0 -10 382.70 66.72 591.00 427.44 0.0036895
desk 0 0 -10 444.72 279.29 535.26 437.06 0.0033499
bathtub 0 0 -10 301.74 290.01 485.04 439.58 0.0033239
chair 0 0 -10 130.97 366.00 510.38 441.00 0.0031717
table 0 0 -10 318.74 329.88 502.79 441.00 0.0030237
table 0 0 -10 443.61 143.32 541.83 268.93 0.0028865
table 0 0 -10 107.91 303.77 552.70 441.00 0.0028592
chair 0 0 -10 349.11 283.76 528.57 435.74 0.0027789
chair 0 0 -10 541.88 224.82 590.97 352.30 0.0025838
chair 0 0 -10 411.19 320.86 571.56 440.22 0.0025026
chair 0 0 -10 155.66 261.08 499.52 439.14 0.0024105
desk 0 0 -10 390.24 252.87 586.54 362.86 0.0023277
bookshelf 0 0 -10 66.16 0.00 545.63 431.50 0.0022704
toilet 0 0 -10 167.20 405.39 397.01 441.00 0.0022610
table 0 0 -10 151.51 350.52 355.50 441.00 0.0022162
desk 0 0 -10 135.66 215.78 579.76 437.33 0.0021417
chair 0 0 -10 305.23 256.51 471.01 438.32 0.0021077
desk 0 0 -10 405.89 303.84 581.28 402.19 0.0020472
chair 0 0 -10 541.36 299.52 590.24 335.76 0.0020458
bathtub 0 0 -10 62.90 311.25 239.57 438.18 0.0020111
table 0 0 -10 474.68 328.34 591.00 397.90 0.0017986
dresser 0 0 -10 161.81 263.89 509.47 437.44 0.0017879
table 0 0 -10 541.09 322.34 590.20 436.67 0.0017612
chair 0 0 -10 572.12 313.09 591.00 438.62 0.0017365
table 0 0 -10 554.05 306.19 590.62 408.59 0.0016598
desk 0 0 -10 456.23 357.95 583.32 421.72 0.0016513
bathtub 0 0 -10 81.82 227.24 207.75 428.34 0.0015658
chair 0 0 -10 526.92 333.58 591.00 406.31 0.0015115
toilet 0 0 -10 80.11 275.88 233.01 439.82 0.0014818
chair 0 0 -10 569.61 308.65 590.57 325.67 0.0014685
chair 0 0 -10 572.66 212.16 591.00 400.13 0.0014649
bed 0 0 -10 135.51 195.61 570.75 440.32 0.0014643
bathtub 0 0 -10 84.09 312.76 212.26 398.81 0.0014206
desk 0 0 -10 444.02 138.86 543.15 267.31 0.0014152
chair 0 0 -10 0.00 262.71 122.96 438.86 0.0013977
bathtub 0 0 -10 83.63 247.06 175.50 375.07 0.0013570
table 0 0 -10 164.70 382.67 301.71 441.00 0.0013334
bathtub 0 0 -10 339.30 283.76 499.03 349.60 0.0013148
chair 0 0 -10 565.99 238.08 590.72 351.90 0.0013148
desk 0 0 -10 411.92 181.64 567.96 357.16 0.0013064
table 0 0 -10 347.58 292.88 506.95 355.44 0.0012957
chair 0 0 -10 506.29 229.94 590.56 327.13 0.0012255
dresser 0 0 -10 445.89 303.24 591.00 441.00 0.0011972
desk 0 0 -10 222.75 306.00 507.05 438.86 0.0011905
desk 0 0 -10 453.94 227.62 543.88 368.03 0.0011462
toilet 0 0 -10 157.59 423.62 352.51 440.99 0.0011340
dresser 0 0 -10 175.43 1.69 498.12 433.83 0.0011272
table 0 0 -10 161.24 266.12 302.09 441.00 0.0011235
toilet 0 0 -10 150.09 269.25 503.07 441.00 0.0011168
toilet 0 0 -10 296.31 286.57 481.74 441.00 0.0010811
bathtub 0 0 -10 302.11 387.04 458.13 439.81 0.0010808
table 0 0 -10 383.74 82.51 584.57 430.53 0.0010695
chair 0 0 -10 449.04 257.08 540.99 425.63 0.0010521
table 0 0 -10 564.95 324.01 590.59 438.26 0.0010350
dresser 0 0 -10 317.62 236.54 464.75 434.37 0.0010048
table 0 0 -10 431.04 162.65 570.81 405.52 0.0010026
toilet 0 0 -10 73.16 333.73 314.90 441.00 0.0010022
toilet 0 0 -10 200.65 331.51 354.68 440.39 0.0009990
desk 0 0 -10 397.91 279.89 493.82 438.65 0.0009962
table 0 0 -10 2.60 245.77 98.88 439.97 0.0009550
desk 0 0 -10 491.91 317.82 589.15 380.15 0.0009480
toilet 0 0 -10 78.37 236.96 159.30 376.65 0.0009404
desk 0 0 -10 327.93 224.23 585.64 399.67 0.0009365
chair 0 0 -10 556.73 196.60 589.08 390.49 0.0009351
table 0 0 -10 457.60 315.00 586.94 357.22 0.0009288
toilet 0 0 -10 78.84 314.80 206.70 401.99 0.0009233
chair 0 0 -10 491.19 193.44 591.00 397.06 0.0009191
chair 0 0 -10 574.18 295.55 590.72 325.61 0.0009125
chair 0 0 -10 165.47 376.63 347.47 441.00 0.0009050
desk 0 0 -10 496.98 289.19 589.97 413.71 0.0008900
