bed 0 0 -10 138.07 233.36 375.70 401.80 0.4572891
bed 0 0 -10 9.55 217.59 399.61 436.17 0.3904543
bed 0 0 -10 163.93 235.03 319.24 351.69 0.2823797
bed 0 0 -10 0.00 202.20 178.93 374.38 0.2514093
dresser 0 0 -10 2.49 71.11 130.67 232.80 0.1963447
dresser 0 0 -10 361.13 161.69 589.93 432.32 0.1841201
table 0 0 -10 2.78 228.92 165.13 352.66 0.1179250
bed 0 0 -10 0.00 67.40 133.21 248.63 0.1104275
bookshelf 0 0 -10 1.79 6.28 140.16 251.96 0.1031482
chair 0 0 -10 135.94 249.91 339.80 435.31 0.1002475
bed 0 0 -10 124.33 192.05 517.89 439.06 0.0914199
table 0 0 -10 23.06 328.39 382.27 438.86 0.0875661
night_stand 0 0 -10 4.08 224.22 161.08 347.29 0.0697161
bed 0 0 -10 0.00 166.59 131.14 251.46 0.0569560
table 0 0 -10 152.38 251.64 328.99 434.39 0.0536014
table 0 0 -10 139.90 235.76 322.84 348.74 0.0523155
table 0 0 -10 315.65 333.61 461.10 440.73 0.0477157
table 0 0 -10 201.65 306.94 413.00 441.00 0.0449772
table 0 0 -10 2.84 421.24 108.89 440.98 0.0306840
table 0 0 -10 10.26 228.38 245.00 401.31 0.0273889
table 0 0 -10 0.00 237.21 401.36 436.69 0.0265748
bed 0 0 -10 0.00 141.35 253.84 424.20 0.0251528
sofa 0 0 -10 150.03 239.09 327.86 434.48 0.0215195
chair 0 0 -10 18.47 210.62 147.65 329.96 0.0214999
chair 0 0 -10 96.64 216.45 441.17 437.70 0.0205459
desk 0 0 -10 14.62 293.86 432.06 440.33 0.0205215
dresser 0 0 -10 0.81 221.73 161.65 349.00 0.0197239
dresser 0 0 -10 178.73 166.89 554.99 433.76 0.0181222
desk 0 0 -10 0.66 224.48 165.25 351.88 0.0177606
chair 0 0 -10 71.84 333.23 398.99 437.61 0.0176037
bed 0 0 -10 196.02 253.74 441.18 441.00 0.0169237
sofa 0 0 -10 166.16 237.78 319.02 351.74 0.0157417
table 0 0 -10 3.02 430.72 118.00 440.66 0.0149028
bed 0 0 -10 0.26 175.84 110.05 430.09 0.0144290
bookshelf 0 0 -10 4.26 4.90 508.94 188.49 0.0130553
bed 0 0 -10 0.00 17.92 161.06 356.53 0.0129626
chair 0 0 -10 3.30 195.94 159.17 401.73 0.0116088
table 0 0 -10 0.85 400.49 113.55 439.16 0.0112617
chair 0 0 -10 145.99 229.39 319.87 361.13 0.0110184
bed 0 0 -10 298.61 296.88 570.68 436.37 0.0107767
desk 0 0 -10 307.15 161.58 591.00 440.92 0.0104490
bed 0 0 -10 0.00 221.03 150.76 321.92 0.0104062
dresser 0 0 -10 2.55 9.47 176.15 266.47 0.0100125
chair 0 0 -10 214.93 254.81 314.06 386.17 0.0097337
bookshelf 0 0 -10 279.78 6.26 479.81 186.82 0.0090519
chair 0 0 -10 67.41 209.06 143.07 372.31 0.0090306
sofa 0 0 -10 30.84 282.57 432.04 438.39 0.0089675
bed 0 0 -10 0.00 2.38 463.36 376.27 0.0073961
table 0 0 -10 2.47 436.36 109.14 440.93 0.0073618
desk 0 0 -10 0.00 74.76 134.55 241.77 0.0072014
table 0 0 -10 54.51 228.23 148.15 385.33 0.0071931
table 0 0 -10 122.65 198.52 561.04 441.00 0.0071628
bed 0 0 -10 66.86 220.76 298.82 332.11 0.0065895
desk 0 0 -10 30.46 192.67 523.06 441.00 0.0065646
bookshelf 0 0 -10 1.23 204.94 177.08 428.44 0.0064548
sofa 0 0 -10 2.53 218.20 165.22 345.62 0.0059907
bed 0 0 -10 292.91 152.27 586.03 441.00 0.0059385
table 0 0 -10 306.15 305.21 571.75 440.78 0.0057302
bed 0 0 -10 0.00 204.30 135.25 242.98 0.0054686
bookshelf 0 0 -10 290.85 78.80 392.25 201.64 0.0054634
bookshelf 0 0 -10 21.98 0.00 441.60 352.52 0.0053500
bookshelf 0 0 -10 8.14 3.35 276.95 236.65 0.0049915
dresser 0 0 -10 64.45 76.19 126.01 211.86 0.0049385
bathtub 0 0 -10 294.61 169.38 591.00 433.95 0.0049304
bed 0 0 -10 28.04 319.30 383.05 439.15 0.0049102
dresser 0 0 -10 52.28 213.89 459.69 437.75 0.0048572
chair 0 0 -10 19.58 217.27 282.25 426.38 0.0047282
night_stand 0 0 -10 7.37 77.16 128.80 223.85 0.0047080
table 0 0 -10 205.23 251.30 310.41 377.13 0.0046973
sofa 0 0 -10 55.05 189.87 521.12 437.02 0.0045951
dresser 0 0 -10 301.07 7.83 571.43 248.09 0.0045202
table 0 0 -10 120.70 296.44 332.12 381.02 0.0045150
bed 0 0 -10 143.18 232.60 266.98 386.40 0.0045090
table 0 0 -10 3.26 277.30 227.26 350.60 0.0044451
table 0 0 -10 8.18 80.97 128.74 227.26 0.0043985
desk 0 0 -10 1.89 428.31 128.42 440.75 0.0043774
desk 0 0 -10 4.81 417.49 136.12 439.66 0.0041026
bathtub 0 0 -10 0.00 428.20 129.04 441.00 0.0039892
desk 0 0 -10 117.88 261.92 328.81 437.97 0.0038751
table 0 0 -10 31.07 367.30 309.29 440.90 0.0035229
table 0 0 -10 2.98 227.31 136.85 304.10 0.0035184
bed 0 0 -10 143.83 161.21 333.99 350.67 0.0033682
chair 0 0 -10 208.10 291.00 424.75 439.07 0.0031475
chair 0 0 -10 198.07 352.96 520.13 439.88 0.0031147
table 0 0 -10 0.00 311.49 291.21 365.90 0.0030829
table 0 0 -10 1.77 203.13 113.41 429.44 0.0030824
bookshelf 0 0 -10 400.59 6.04 446.28 171.84 0.0030739
table 0 0 -10 7.24 385.75 167.37 441.00 0.0030175
dresser 0 0 -10 122.36 21.81 557.78 355.97 0.0030074
bookshelf 0 0 -10 13.19 232.80 335.86 435.25 0.0030032
chair 0 0 -10 53.92 242.34 205.74 434.65 0.0029860
table 0 0 -10 169.69 306.12 233.70 362.87 0.0028631
dresser 0 0 -10 293.47 296.92 569.73 435.65 0.0028462
sofa 0 0 -10 5.35 217.05 249.77 397.70 0.0028005
dresser 0 0 -10 390.21 2.60 530.47 173.34 0.0026352
chair 0 0 -10 114.26 377.04 336.01 441.00 0.0026316
bookshelf 0 0 -10 8.87 63.51 132.26 188.79 0.0025911
chair 0 0 -10 1.40 42.09 129.44 294.77 0.0024814
dresser 0 0 -10 36.03 98.17 145.28 215.01 0.0023231
chair 0 0 -10 38.34 313.12 246.80 441.00 0.0022883
