bed 0 0 -10 5.30 351.02 132.16 441.00 0.7406628
night_stand 0 0 -10 42.41 350.61 146.23 441.00 0.7098919
bed 0 0 -10 1.08 360.38 79.46 439.07 0.1546410
table 0 0 -10 50.47 353.13 144.93 440.20 0.1492638
bed 0 0 -10 0.00 260.94 95.62 439.36 0.0988533
chair 0 0 -10 54.46 357.58 148.71 439.39 0.0937666
chair 0 0 -10 134.69 259.56 241.04 441.00 0.0809832
table 0 0 -10 277.16 273.91 406.92 441.00 0.0783439
dresser 0 0 -10 28.04 357.27 144.82 441.00 0.0640915
dresser 0 0 -10 280.19 269.58 411.67 440.64 0.0598578
desk 0 0 -10 45.79 350.11 146.85 441.00 0.0437026
night_stand 0 0 -10 284.44 271.41 407.96 441.00 0.0389370
sofa 0 0 -10 14.76 353.74 154.74 441.00 0.0316537
bed 0 0 -10 2.31 389.92 213.47 440.44 0.0302890
chair 0 0 -10 314.31 102.51 368.71 300.07 0.0281985
bed 0 0 -10 14.50 346.18 245.44 441.00 0.0244813
chair 0 0 -10 346.93 103.88 429.23 278.11 0.0235618
bed 0 0 -10 2.86 304.31 171.08 438.17 0.0231178
bookshelf 0 0 -10 135.39 175.33 250.63 437.26 0.0198113
chair 0 0 -10 363.36 102.91 407.65 305.12 0.0191183
dresser 0 0 -10 132.38 198.81 256.53 435.74 0.0117920
chair 0 0 -10 5.51 350.95 198.56 441.00 0.0114174
dresser 0 0 -10 125.45 100.72 328.14 435.29 0.0112924
bathtub 0 0 -10 548.84 335.19 590.97 411.26 0.0095412
chair 0 0 -10 356.06 133.41 402.80 223.79 0.0090692
dresser 0 0 -10 2.53 256.40 121.63 403.42 0.0090682
bed 0 0 -10 0.00 211.39 150.85 425.54 0.0087454
chair 0 0 -10 58.81 385.62 231.34 441.00 0.0087409
table 0 0 -10 187.43 291.29 391.64 441.00 0.0085021
table 0 0 -10 111.68 425.11 177.39 441.00 0.0077472
chair 0 0 -10 276.09 263.01 416.58 438.27 0.0076976
bookshelf 0 0 -10 111.85 40.36 384.64 429.97 0.0071595
dresser 0 0 -10 14.71 347.01 243.67 440.78 0.0070981
night_stand 0 0 -10 24.55 356.77 233.72 440.51 0.0068370
chair 0 0 -10 341.25 104.17 387.80 319.27 0.0059521
table 0 0 -10 19.72 378.14 181.75 440.88 0.0056248
chair 0 0 -10 93.02 400.76 149.05 441.00 0.0056160
bed 0 0 -10 15.02 427.11 196.21 441.00 0.0055341
toilet 0 0 -10 28.70 354.99 149.68 440.51 0.0053837
bathtub 0 0 -10 539.76 300.82 591.00 431.66 0.0052839
dresser 0 0 -10 75.59 274.86 394.38 437.71 0.0051981
bed 0 0 -10 45.86 28.82 378.54 440.71 0.0043307
sofa 0 0 -10 4.47 389.68 214.35 441.00 0.0042406
table 0 0 -10 51.53 424.83 244.63 441.00 0.0041666
toilet 0 0 -10 548.12 335.62 590.57 413.77 0.0039412
chair 0 0 -10 360.79 110.70 390.94 248.05 0.0038710
desk 0 0 -10 139.54 255.18 242.76 402.81 0.0038546
night_stand 0 0 -10 6.77 363.39 92.95 440.74 0.0038297
table 0 0 -10 90.45 423.30 150.91 440.87 0.0038215
toilet 0 0 -10 538.42 303.44 591.00 435.96 0.0037623
chair 0 0 -10 68.73 288.48 226.23 437.71 0.0036504
table 0 0 -10 77.88 430.40 164.11 440.91 0.0036201
table 0 0 -10 26.12 342.67 357.78 441.00 0.0035337
table 0 0 -10 144.39 260.08 239.46 433.40 0.0035292
bathtub 0 0 -10 22.96 357.50 151.76 438.26 0.0034883
bed 0 0 -10 270.89 255.12 450.38 441.00 0.0034341
chair 0 0 -10 148.96 102.31 370.60 355.35 0.0032286
table 0 0 -10 539.98 335.87 588.56 418.06 0.0029939
dresser 0 0 -10 0.00 308.81 145.72 429.74 0.0029103
sofa 0 0 -10 281.45 272.57 412.94 439.62 0.0028679
bookshelf 0 0 -10 10.33 352.08 149.45 440.04 0.0028150
chair 0 0 -10 109.07 424.88 173.65 440.77 0.0026645
chair 0 0 -10 279.99 111.08 416.29 412.42 0.0026569
desk 0 0 -10 280.63 269.46 418.00 441.00 0.0026560
table 0 0 -10 62.62 413.21 195.56 440.02 0.0025961
chair 0 0 -10 528.95 320.69 589.49 428.28 0.0025797
bed 0 0 -10 64.40 266.27 403.05 441.00 0.0025599
sofa 0 0 -10 1.97 358.98 82.35 440.86 0.0024968
desk 0 0 -10 14.84 377.09 181.87 440.64 0.0024863
chair 0 0 -10 150.79 311.40 231.94 356.91 0.0024136
chair 0 0 -10 118.07 357.09 243.58 441.00 0.0022743
bed 0 0 -10 1.85 396.90 119.23 441.00 0.0022689
table 0 0 -10 77.80 436.57 158.59 440.90 0.0022621
dresser 0 0 -10 0.00 355.51 92.37 441.00 0.0022330
table 0 0 -10 12.39 403.63 229.78 440.83 0.0022254
chair 0 0 -10 244.49 95.13 406.27 285.65 0.0021678
table 0 0 -10 354.45 115.75 431.99 274.64 0.0021014
dresser 0 0 -10 164.70 178.51 407.08 433.02 0.0020709
chair 0 0 -10 1.15 261.46 145.00 429.70 0.0020487
table 0 0 -10 93.83 440.25 170.69 441.00 0.0019704
table 0 0 -10 137.31 423.85 314.66 441.00 0.0019305
bed 0 0 -10 4.15 65.64 237.27 432.92 0.0018118
chair 0 0 -10 124.65 126.69 274.36 430.82 0.0017570
bathtub 0 0 -10 512.49 327.10 590.98 404.83 0.0017541
table 0 0 -10 312.15 275.44 476.01 441.00 0.0017533
dresser 0 0 -10 293.82 184.05 452.48 434.57 0.0017453
chair 0 0 -10 147.18 264.01 366.20 441.00 0.0017206
bathtub 0 0 -10 2.56 212.90 96.83 431.82 0.0017150
bookshelf 0 0 -10 283.14 247.90 410.09 440.45 0.0017125
table 0 0 -10 3.77 430.55 220.97 441.00 0.0017092
toilet 0 0 -10 513.77 327.73 590.16 408.96 0.0016622
table 0 0 -10 150.04 354.92 465.83 439.28 0.0016274
bed 0 0 -10 0.00 65.02 111.26 426.67 0.0015842
chair 0 0 -10 328.60 98.81 435.37 370.44 0.0015475
chair 0 0 -10 3.70 351.49 92.90 441.00 0.0015198
table 0 0 -10 354.87 137.08 402.36 225.96 0.0015170
chair 0 0 -10 116.95 262.69 218.14 371.36 0.0014837
bathtub 0 0 -10 141.77 251.28 244.59 387.65 0.0014761
chair 0 0 -10 26.36 348.17 351.93 441.00 0.0014220
bed 0 0 -10 51.22 348.72 168.05 441.00 0.0013721
