bed 0 0 -10 327.49 366.48 591.00 441.00 0.9920373
dresser 0 0 -10 77.07 99.09 372.96 433.36 0.3211773
desk 0 0 -10 78.52 85.45 361.81 439.49 0.0684135
dresser 0 0 -10 0.17 82.38 56.43 434.88 0.0294202
bookshelf 0 0 -10 87.50 78.68 364.08 437.23 0.0251285
bed 0 0 -10 47.47 96.59 463.18 441.00 0.0227992
dresser 0 0 -10 279.60 104.78 358.00 435.57 0.0201943
bed 0 0 -10 271.03 303.52 587.59 437.99 0.0180949
bed 0 0 -10 69.48 242.93 577.49 436.55 0.0144533
bathtub 0 0 -10 56.05 112.37 366.38 429.72 0.0114803
table 0 0 -10 92.81 108.30 386.57 435.15 0.0113825
bed 0 0 -10 378.22 385.79 553.91 441.00 0.0109123
bookshelf 0 0 -10 94.47 23.98 260.93 113.65 0.0091509
desk 0 0 -10 0.35 107.43 56.42 439.17 0.0087298
bed 0 0 -10 0.00 34.94 80.10 441.00 0.0083772
dresser 0 0 -10 312.91 125.98 349.73 434.42 0.0076636
table 0 0 -10 3.16 212.43 90.64 437.79 0.0073055
chair 0 0 -10 1.66 76.85 57.66 395.85 0.0070099
bathtub 0 0 -10 1.42 105.40 56.59 428.18 0.0065914
table 0 0 -10 1.26 115.03 56.51 441.00 0.0055258
bed 0 0 -10 294.60 408.01 562.03 441.00 0.0052557
table 0 0 -10 318.63 356.75 591.00 441.00 0.0044067
sofa 0 0 -10 330.70 362.64 591.00 441.00 0.0036265
bathtub 0 0 -10 1.78 233.89 77.73 435.53 0.0035465
dresser 0 0 -10 5.38 52.98 34.93 441.00 0.0035199
bookshelf 0 0 -10 140.48 2.80 206.02 109.05 0.0034449
bookshelf 0 0 -10 1.98 30.76 49.80 441.00 0.0033171
dresser 0 0 -10 325.63 123.75 363.88 437.60 0.0028940
table 0 0 -10 2.42 289.73 50.42 441.00 0.0027033
night_stand 0 0 -10 89.12 98.72 375.86 417.85 0.0026660
dresser 0 0 -10 294.18 120.22 333.45 431.56 0.0025922
chair 0 0 -10 195.08 3.83 311.69 166.20 0.0023374
bed 0 0 -10 228.27 104.97 591.00 441.00 0.0021284
bed 0 0 -10 0.19 80.61 47.85 418.50 0.0020978
bed 0 0 -10 113.33 353.95 483.52 441.00 0.0020378
chair 0 0 -10 70.95 130.93 365.68 433.65 0.0018621
chair 0 0 -10 12.17 76.31 254.81 439.29 0.0017770
chair 0 0 -10 0.00 78.49 107.29 438.24 0.0017677
chair 0 0 -10 206.56 87.35 236.42 109.40 0.0017666
toilet 0 0 -10 0.81 81.51 60.80 441.00 0.0017397
bathtub 0 0 -10 0.78 286.34 49.00 439.19 0.0017038
chair 0 0 -10 3.48 92.41 70.11 253.23 0.0016547
dresser 0 0 -10 1.99 212.53 75.14 440.33 0.0014827
dresser 0 0 -10 0.91 104.61 55.23 264.79 0.0014697
toilet 0 0 -10 81.56 119.08 351.57 441.00 0.0014014
desk 0 0 -10 2.38 209.12 93.42 441.00 0.0013890
bathtub 0 0 -10 106.32 336.41 383.18 438.33 0.0013829
dresser 0 0 -10 0.00 22.59 140.97 430.66 0.0013103
bed 0 0 -10 322.10 424.73 591.00 441.00 0.0012243
bookshelf 0 0 -10 151.50 82.22 241.60 109.40 0.0012156
bed 0 0 -10 1.16 81.15 25.65 440.40 0.0011988
dresser 0 0 -10 287.14 134.26 316.38 434.44 0.0011626
bathtub 0 0 -10 1.54 85.79 25.10 426.96 0.0011465
bathtub 0 0 -10 231.22 334.27 358.67 437.55 0.0011388
table 0 0 -10 0.89 122.06 42.94 250.94 0.0011286
table 0 0 -10 91.46 7.12 277.58 110.01 0.0010849
chair 0 0 -10 298.65 354.07 584.20 441.00 0.0010688
bathtub 0 0 -10 0.29 258.66 57.14 377.61 0.0009262
bathtub 0 0 -10 16.47 98.00 28.27 385.92 0.0008852
sofa 0 0 -10 65.72 114.43 462.07 435.97 0.0008672
table 0 0 -10 3.54 276.97 87.43 390.30 0.0008459
bathtub 0 0 -10 264.11 306.61 341.33 433.18 0.0007780
dresser 0 0 -10 105.01 248.35 396.60 433.89 0.0007755
toilet 0 0 -10 2.96 224.87 81.38 438.16 0.0007722
bathtub 0 0 -10 287.02 149.18 316.75 430.96 0.0007424
chair 0 0 -10 1.28 52.61 29.94 371.26 0.0007421
chair 0 0 -10 240.85 239.88 577.99 440.76 0.0007296
bathtub 0 0 -10 22.68 82.27 35.06 386.86 0.0007153
dresser 0 0 -10 215.42 148.65 351.88 435.07 0.0007062
desk 0 0 -10 0.47 111.25 55.07 270.64 0.0006959
table 0 0 -10 152.65 84.51 237.60 108.02 0.0006694
bathtub 0 0 -10 30.67 302.12 33.40 376.29 0.0006649
bed 0 0 -10 0.00 98.30 66.37 262.02 0.0006362
dresser 0 0 -10 77.30 7.77 319.37 117.96 0.0006277
table 0 0 -10 40.72 209.64 100.41 412.62 0.0006104
sofa 0 0 -10 2.24 64.18 51.45 439.54 0.0006089
bed 0 0 -10 308.09 117.55 471.91 441.00 0.0006050
bed 0 0 -10 273.00 163.22 401.10 440.44 0.0005936
bed 0 0 -10 217.32 257.16 447.31 439.11 0.0005838
bathtub 0 0 -10 29.91 73.59 41.80 402.81 0.0005714
chair 0 0 -10 3.27 255.90 101.01 441.00 0.0005678
sofa 0 0 -10 1.84 100.33 50.55 252.60 0.0005605
table 0 0 -10 9.70 281.16 131.07 441.00 0.0005590
dresser 0 0 -10 303.80 106.01 411.69 437.58 0.0005586
bathtub 0 0 -10 103.09 213.83 296.84 436.14 0.0005483
bathtub 0 0 -10 29.65 307.09 32.61 375.46 0.0005472
bookshelf 0 0 -10 77.06 1.53 212.33 129.70 0.0005435
sofa 0 0 -10 310.88 220.97 591.00 434.27 0.0005264
bed 0 0 -10 265.72 364.49 373.51 440.63 0.0005254
night_stand 0 0 -10 334.11 361.25 582.87 435.57 0.0005153
table 0 0 -10 1.10 97.97 20.92 441.00 0.0005115
bookshelf 0 0 -10 159.27 0.00 231.54 112.63 0.0005113
bed 0 0 -10 0.00 192.98 108.83 438.55 0.0005004
bathtub 0 0 -10 262.45 213.80 317.58 432.23 0.0004933
dresser 0 0 -10 72.22 35.73 333.72 225.55 0.0004851
bathtub 0 0 -10 1.51 177.36 106.55 404.16 0.0004828
dresser 0 0 -10 197.35 104.75 445.39 433.79 0.0004761
chair 0 0 -10 181.46 1.15 232.35 50.95 0.0004710
bookshelf 0 0 -10 2.10 4.96 135.88 431.82 0.0004692
chair 0 0 -10 0.60 70.60 150.05 287.08 0.0004629
