bathtub 0 0 -10 0.17 246.31 547.59 438.65 0.6058049
bathtub 0 0 -10 116.66 298.38 402.21 441.00 0.1416592
chair 0 0 -10 0.00 305.03 279.08 439.18 0.0446422
table 0 0 -10 4.02 268.96 358.28 440.93 0.0245160
bathtub 0 0 -10 142.99 217.85 519.86 352.12 0.0237307
bathtub 0 0 -10 26.07 220.10 383.47 391.01 0.0234734
chair 0 0 -10 306.89 306.58 572.41 436.03 0.0213689
bathtub 0 0 -10 135.33 214.29 286.24 346.79 0.0165207
desk 0 0 -10 2.73 274.94 361.27 439.63 0.0157169
bathtub 0 0 -10 227.46 288.09 573.70 440.06 0.0154575
bathtub 0 0 -10 221.36 238.08 484.12 414.03 0.0135409
chair 0 0 -10 5.57 351.16 209.27 441.00 0.0122785
bathtub 0 0 -10 92.01 205.34 382.62 331.84 0.0118992
table 0 0 -10 3.84 263.54 181.88 439.33 0.0118790
bathtub 0 0 -10 117.19 186.16 303.84 407.26 0.0100506
desk 0 0 -10 181.18 302.05 562.22 437.48 0.0095395
chair 0 0 -10 0.84 260.18 75.37 438.51 0.0078248
dresser 0 0 -10 227.44 305.04 561.61 438.14 0.0073662
bathtub 0 0 -10 4.44 101.93 540.69 413.05 0.0062145
chair 0 0 -10 3.15 305.09 140.59 437.05 0.0057212
toilet 0 0 -10 4.43 286.67 307.76 438.68 0.0054115
chair 0 0 -10 499.98 217.40 590.78 426.92 0.0051051
bathtub 0 0 -10 2.99 273.29 317.68 438.51 0.0045888
toilet 0 0 -10 156.85 301.33 550.02 440.84 0.0044289
table 0 0 -10 1.93 262.27 73.82 438.99 0.0043732
table 0 0 -10 183.92 296.86 549.94 439.97 0.0040782
bathtub 0 0 -10 280.57 223.92 483.24 299.74 0.0037028
toilet 0 0 -10 8.79 240.80 520.88 439.63 0.0035179
desk 0 0 -10 1.57 203.51 565.42 439.20 0.0032902
chair 0 0 -10 359.79 231.98 486.24 297.68 0.0032338
chair 0 0 -10 434.83 309.12 586.71 441.00 0.0032103
bathtub 0 0 -10 95.56 246.41 291.96 319.09 0.0031953
bed 0 0 -10 7.67 279.52 340.15 440.20 0.0031599
table 0 0 -10 0.00 200.46 571.79 433.77 0.0028669
chair 0 0 -10 0.07 119.77 83.82 426.99 0.0028142
chair 0 0 -10 506.59 320.69 583.88 440.51 0.0024143
table 0 0 -10 2.90 159.11 112.64 433.19 0.0023516
chair 0 0 -10 345.37 230.94 504.06 339.94 0.0022001
bed 0 0 -10 206.94 297.66 564.86 441.00 0.0019197
dresser 0 0 -10 3.44 282.23 341.25 441.00 0.0018324
chair 0 0 -10 0.00 202.98 47.92 430.11 0.0017696
chair 0 0 -10 0.00 203.88 270.81 422.81 0.0017248
dresser 0 0 -10 0.00 247.44 563.85 441.00 0.0016677
bathtub 0 0 -10 134.65 220.08 332.55 295.44 0.0016263
bathtub 0 0 -10 358.31 176.95 423.46 236.49 0.0015015
bathtub 0 0 -10 117.35 178.54 406.26 290.58 0.0013530
table 0 0 -10 0.00 97.58 368.33 437.68 0.0013304
chair 0 0 -10 411.00 222.38 536.89 324.21 0.0012459
bed 0 0 -10 10.24 213.90 517.12 441.00 0.0012082
desk 0 0 -10 2.83 264.11 180.17 439.43 0.0011171
chair 0 0 -10 329.68 193.71 492.25 308.47 0.0011142
table 0 0 -10 283.93 221.86 483.46 299.20 0.0010906
dresser 0 0 -10 513.55 46.29 588.32 421.90 0.0010625
chair 0 0 -10 321.05 253.83 535.91 409.21 0.0010309
table 0 0 -10 0.21 286.23 33.74 420.14 0.0010154
chair 0 0 -10 407.41 175.84 478.33 300.04 0.0009932
bathtub 0 0 -10 211.74 312.38 447.24 410.23 0.0009915
bathtub 0 0 -10 71.01 143.67 311.54 321.07 0.0009814
night_stand 0 0 -10 8.72 285.76 343.45 436.02 0.0009623
bathtub 0 0 -10 291.62 187.59 483.10 365.00 0.0009321
sofa 0 0 -10 4.89 289.46 339.84 440.03 0.0008987
bookshelf 0 0 -10 6.93 277.83 335.49 440.37 0.0007770
chair 0 0 -10 389.85 218.87 575.60 421.98 0.0007531
bed 0 0 -10 0.00 84.78 357.44 439.57 0.0007345
night_stand 0 0 -10 235.76 304.73 566.29 436.50 0.0005886
desk 0 0 -10 242.04 234.72 555.05 417.82 0.0005831
chair 0 0 -10 449.43 184.13 591.00 374.63 0.0005787
toilet 0 0 -10 2.33 107.82 391.45 439.47 0.0005030
table 0 0 -10 516.80 236.70 586.90 432.45 0.0005029
bathtub 0 0 -10 198.77 183.06 440.26 337.13 0.0004977
chair 0 0 -10 1.13 347.13 85.96 440.16 0.0004884
desk 0 0 -10 2.23 149.74 113.83 428.52 0.0004576
table 0 0 -10 0.00 92.08 180.20 433.10 0.0004501
toilet 0 0 -10 109.21 311.33 370.88 439.26 0.0004477
chair 0 0 -10 545.13 166.89 586.33 423.88 0.0004400
bathtub 0 0 -10 263.78 191.27 574.33 406.17 0.0004346
bathtub 0 0 -10 3.98 139.10 196.50 351.97 0.0004335
table 0 0 -10 532.40 338.23 584.50 423.49 0.0004322
chair 0 0 -10 533.05 337.30 586.75 421.95 0.0004293
table 0 0 -10 0.00 347.07 37.16 441.00 0.0004240
sofa 0 0 -10 210.34 306.13 567.68 439.11 0.0003952
table 0 0 -10 0.00 209.45 138.55 361.94 0.0003924
desk 0 0 -10 0.00 93.03 364.17 433.93 0.0003843
bookshelf 0 0 -10 235.91 301.92 561.77 437.02 0.0003764
table 0 0 -10 499.15 333.63 582.01 441.00 0.0003658
bathtub 0 0 -10 334.01 182.35 401.61 231.86 0.0003634
table 0 0 -10 352.48 307.59 551.52 441.00 0.0003617
bathtub 0 0 -10 331.99 183.79 467.56 246.48 0.0003519
dresser 0 0 -10 278.60 232.72 548.53 414.04 0.0003307
table 0 0 -10 368.55 240.19 482.06 288.74 0.0003269
chair 0 0 -10 496.45 261.94 591.00 362.35 0.0003251
chair 0 0 -10 1.24 278.08 35.68 424.45 0.0003204
bed 0 0 -10 511.24 36.73 589.39 432.02 0.0003154
chair 0 0 -10 0.39 345.30 41.48 441.00 0.0003139
bathtub 0 0 -10 318.65 160.37 434.81 230.32 0.0003131
bookshelf 0 0 -10 515.89 18.19 586.10 418.84 0.0003127
bed 0 0 -10 0.62 153.66 190.99 425.73 0.0003115
sofa 0 0 -10 0.00 94.31 356.70 432.49 0.0003105
bathtub 0 0 -10 378.04 308.06 563.96 435.64 0.0003100
bathtub 0 0 -10 150.20 204.90 363.13 263.00 0.0003010
