chair 0 0 -10 439.64 222.51 588.73 439.84 0.9881483
table 0 0 -10 323.35 191.46 591.00 424.55 0.9053599
chair 0 0 -10 98.74 180.30 348.33 437.61 0.8453128
bookshelf 0 0 -10 2.54 14.30 58.96 437.46 0.5445935
sofa 0 0 -10 87.85 175.49 340.04 426.88 0.5100439
table 0 0 -10 326.86 198.77 588.45 295.85 0.1069666
table 0 0 -10 332.08 198.75 586.65 243.26 0.1039966
chair 0 0 -10 551.27 244.41 591.00 428.63 0.0960841
desk 0 0 -10 326.41 193.17 591.00 402.59 0.0958768
chair 0 0 -10 445.63 203.90 573.91 345.87 0.0825888
chair 0 0 -10 1.73 246.73 49.10 425.03 0.0760942
table 0 0 -10 464.23 204.38 589.55 425.78 0.0534639
table 0 0 -10 562.81 260.36 590.05 397.54 0.0494367
chair 0 0 -10 563.30 263.14 589.28 391.37 0.0400275
bookshelf 0 0 -10 6.09 115.36 44.79 415.12 0.0390299
bookshelf 0 0 -10 4.12 36.42 28.87 418.28 0.0365739
bookshelf 0 0 -10 2.00 198.54 71.91 414.21 0.0282424
table 0 0 -10 1.18 322.94 51.43 430.00 0.0273076
table 0 0 -10 551.43 211.12 589.09 418.21 0.0251213
desk 0 0 -10 333.58 199.61 586.08 243.11 0.0221612
table 0 0 -10 2.03 209.46 101.58 438.87 0.0210573
chair 0 0 -10 397.18 181.90 555.29 374.62 0.0185871
dresser 0 0 -10 0.70 11.55 78.22 440.67 0.0176111
table 0 0 -10 0.55 297.70 76.81 441.00 0.0173387
table 0 0 -10 0.51 28.24 77.95 430.76 0.0170788
chair 0 0 -10 1.07 154.06 69.49 431.46 0.0162582
desk 0 0 -10 328.27 199.88 587.21 294.15 0.0160854
table 0 0 -10 156.39 182.71 459.93 422.41 0.0149283
chair 0 0 -10 499.01 114.86 590.43 313.21 0.0119874
bed 0 0 -10 0.00 0.57 76.07 441.00 0.0114694
table 0 0 -10 78.72 220.95 329.48 435.84 0.0109316
chair 0 0 -10 1.96 328.78 46.14 415.38 0.0106474
chair 0 0 -10 504.94 204.52 586.59 398.13 0.0100894
chair 0 0 -10 23.54 399.16 148.23 441.00 0.0099170
chair 0 0 -10 481.33 171.64 569.43 296.72 0.0097651
chair 0 0 -10 519.09 133.02 565.63 207.62 0.0091388
chair 0 0 -10 574.27 225.91 590.26 399.88 0.0074197
bookshelf 0 0 -10 6.00 243.00 48.84 388.62 0.0071607
table 0 0 -10 14.55 404.94 119.39 441.00 0.0064371
chair 0 0 -10 3.95 258.84 109.52 441.00 0.0064127
table 0 0 -10 319.85 204.77 430.68 385.49 0.0063006
chair 0 0 -10 509.52 136.39 578.23 253.01 0.0062364
chair 0 0 -10 556.22 178.82 590.29 372.75 0.0061698
desk 0 0 -10 0.00 246.76 66.21 440.66 0.0061149
table 0 0 -10 0.40 228.73 58.13 425.03 0.0060280
bed 0 0 -10 86.71 180.09 337.27 436.11 0.0059442
desk 0 0 -10 0.07 13.64 80.46 428.86 0.0058355
chair 0 0 -10 405.04 156.08 542.70 300.15 0.0052017
table 0 0 -10 512.23 188.47 591.00 382.34 0.0050664
table 0 0 -10 351.88 190.10 575.96 226.88 0.0045709
desk 0 0 -10 465.25 200.91 590.66 430.79 0.0044931
table 0 0 -10 576.85 250.26 590.39 418.23 0.0042920
chair 0 0 -10 552.76 247.35 589.65 336.96 0.0041455
chair 0 0 -10 428.65 191.71 564.18 285.79 0.0041276
chair 0 0 -10 209.88 225.96 342.14 432.73 0.0040100
chair 0 0 -10 580.31 200.84 590.95 367.60 0.0039595
chair 0 0 -10 345.17 248.84 571.75 436.19 0.0038704
chair 0 0 -10 538.96 133.34 589.59 321.83 0.0035617
bookshelf 0 0 -10 15.27 196.71 41.90 408.68 0.0034898
table 0 0 -10 474.01 237.75 588.91 348.09 0.0034678
table 0 0 -10 0.46 337.63 130.01 441.00 0.0032134
table 0 0 -10 381.87 227.28 587.35 339.33 0.0031887
chair 0 0 -10 580.89 258.10 590.68 347.09 0.0031373
chair 0 0 -10 5.51 355.04 132.67 441.00 0.0031066
table 0 0 -10 430.17 283.36 585.21 441.00 0.0026407
desk 0 0 -10 353.37 189.98 576.39 227.19 0.0026398
bookshelf 0 0 -10 7.99 51.41 18.73 426.05 0.0026243
sofa 0 0 -10 2.21 239.78 49.56 417.01 0.0024654
table 0 0 -10 531.64 262.54 590.32 441.00 0.0023806
bookshelf 0 0 -10 2.60 203.73 32.49 404.26 0.0021652
bed 0 0 -10 0.98 231.94 49.80 423.01 0.0020634
table 0 0 -10 14.83 227.78 240.31 441.00 0.0019910
chair 0 0 -10 586.14 204.46 590.94 347.18 0.0019796
desk 0 0 -10 1.14 319.91 53.88 433.85 0.0019137
chair 0 0 -10 580.58 261.26 591.00 424.15 0.0018701
chair 0 0 -10 35.38 421.20 139.81 440.69 0.0017558
chair 0 0 -10 1.86 298.17 78.09 426.72 0.0017403
chair 0 0 -10 12.12 378.43 247.99 441.00 0.0016663
chair 0 0 -10 514.74 256.17 589.73 344.39 0.0016648
chair 0 0 -10 8.61 301.90 173.64 441.00 0.0016254
table 0 0 -10 34.22 423.00 136.69 441.00 0.0016164
table 0 0 -10 582.35 275.34 590.46 424.96 0.0015773
desk 0 0 -10 142.74 175.67 461.67 433.41 0.0015743
bookshelf 0 0 -10 2.13 60.63 111.54 428.67 0.0015445
dresser 0 0 -10 0.00 213.02 57.92 428.06 0.0015019
bed 0 0 -10 1.07 19.46 118.32 317.49 0.0014913
bookshelf 0 0 -10 37.73 0.00 64.72 441.00 0.0014480
sofa 0 0 -10 11.89 164.10 202.58 432.28 0.0014397
desk 0 0 -10 81.05 208.23 332.52 432.71 0.0014375
chair 0 0 -10 464.40 289.27 587.57 356.42 0.0014230
chair 0 0 -10 10.57 207.77 206.20 441.00 0.0014153
bookshelf 0 0 -10 105.04 163.52 342.12 430.07 0.0013598
chair 0 0 -10 579.57 284.37 590.70 322.86 0.0013239
table 0 0 -10 2.73 278.53 45.94 402.35 0.0013141
table 0 0 -10 1.05 360.11 40.25 424.88 0.0012840
chair 0 0 -10 584.85 250.83 590.76 378.84 0.0012545
table 0 0 -10 411.48 153.66 487.94 199.09 0.0012540
chair 0 0 -10 0.74 272.35 22.65 414.53 0.0012535
table 0 0 -10 355.94 196.65 528.05 220.30 0.0012155
chair 0 0 -10 556.90 297.31 590.15 355.41 0.0012072
