bed 0 0 -10 259.10 0.90 587.40 209.42 0.9955622
sofa 0 0 -10 247.05 5.82 590.01 259.68 0.0105878
table 0 0 -10 240.66 15.94 591.00 274.43 0.0056297
bed 0 0 -10 178.30 12.82 591.00 400.46 0.0052793
dresser 0 0 -10 261.65 15.06 588.77 214.06 0.0047717
bed 0 0 -10 464.23 22.55 589.71 404.31 0.0036588
night_stand 0 0 -10 269.71 20.08 590.06 214.76 0.0032272
chair 0 0 -10 269.48 15.33 580.54 218.74 0.0026038
bed 0 0 -10 323.64 3.09 585.62 120.30 0.0024265
desk 0 0 -10 250.20 21.58 591.00 215.17 0.0019769
chair 0 0 -10 530.78 58.16 590.15 441.00 0.0018994
bookshelf 0 0 -10 262.91 8.68 591.00 211.47 0.0017572
chair 0 0 -10 45.51 4.83 246.49 158.16 0.0015517
chair 0 0 -10 151.87 15.04 234.88 155.30 0.0013989
chair 0 0 -10 197.56 21.31 317.79 149.58 0.0013172
toilet 0 0 -10 258.54 20.65 581.15 233.39 0.0012355
bed 0 0 -10 533.43 54.20 591.00 441.00 0.0011277
bathtub 0 0 -10 256.48 17.02 590.44 243.57 0.0010632
chair 0 0 -10 187.66 0.14 264.69 42.56 0.0008881
bed 0 0 -10 286.28 31.67 479.75 198.51 0.0008163
table 0 0 -10 130.67 127.17 581.65 441.00 0.0007843
chair 0 0 -10 185.40 4.91 239.19 134.10 0.0007729
desk 0 0 -10 217.78 25.42 585.30 413.54 0.0006923
chair 0 0 -10 229.54 58.02 574.48 403.36 0.0005832
chair 0 0 -10 197.21 41.56 240.86 157.88 0.0005687
chair 0 0 -10 18.81 13.22 244.59 307.81 0.0005254
chair 0 0 -10 130.42 10.97 277.73 175.11 0.0004996
bed 0 0 -10 270.45 0.00 418.35 177.73 0.0004742
chair 0 0 -10 187.32 3.09 279.38 93.11 0.0003502
chair 0 0 -10 458.65 65.81 591.00 386.34 0.0003390
chair 0 0 -10 158.48 0.00 258.76 66.76 0.0003164
bed 0 0 -10 264.27 0.29 375.34 90.85 0.0003150
table 0 0 -10 0.00 10.04 247.29 223.74 0.0003071
chair 0 0 -10 489.47 159.00 589.95 441.00 0.0003068
bed 0 0 -10 0.00 2.57 318.61 333.80 0.0002766
chair 0 0 -10 115.70 2.00 234.86 72.72 0.0002659
chair 0 0 -10 96.71 16.23 232.72 107.64 0.0002634
bathtub 0 0 -10 533.54 57.57 591.00 427.21 0.0002473
table 0 0 -10 534.03 55.63 589.41 440.11 0.0002463
dresser 0 0 -10 535.29 57.41 589.77 437.36 0.0002310
bed 0 0 -10 526.75 9.00 591.00 123.44 0.0002250
dresser 0 0 -10 228.00 33.17 575.61 419.58 0.0002241
bed 0 0 -10 285.05 5.28 352.25 75.40 0.0002152
chair 0 0 -10 98.81 63.39 239.37 158.46 0.0002137
bed 0 0 -10 240.63 79.14 588.79 253.53 0.0002014
chair 0 0 -10 0.00 102.67 37.45 333.56 0.0001980
bed 0 0 -10 568.82 49.82 591.00 163.50 0.0001838
chair 0 0 -10 508.67 272.03 589.82 427.72 0.0001698
chair 0 0 -10 93.74 290.12 246.40 439.40 0.0001675
chair 0 0 -10 220.82 43.54 353.52 179.95 0.0001606
sofa 0 0 -10 0.43 9.64 315.81 328.39 0.0001570
bed 0 0 -10 190.60 0.00 315.44 69.48 0.0001556
sofa 0 0 -10 131.02 138.18 591.00 441.00 0.0001552
bed 0 0 -10 561.79 28.52 590.77 364.38 0.0001551
chair 0 0 -10 170.53 1.05 243.71 35.13 0.0001548
table 0 0 -10 462.30 67.33 588.23 393.66 0.0001548
chair 0 0 -10 203.16 12.95 368.86 270.63 0.0001501
chair 0 0 -10 395.72 247.95 586.63 441.00 0.0001443
chair 0 0 -10 170.34 6.82 517.86 286.23 0.0001428
bed 0 0 -10 223.19 1.00 363.87 142.94 0.0001241
chair 0 0 -10 548.32 132.47 590.42 396.65 0.0001193
table 0 0 -10 0.00 203.29 24.41 368.02 0.0001174
bookshelf 0 0 -10 201.53 10.07 585.10 390.46 0.0001153
bed 0 0 -10 415.86 94.60 590.16 295.15 0.0001148
chair 0 0 -10 0.00 301.30 220.68 441.00 0.0001140
chair 0 0 -10 197.67 12.23 237.05 91.32 0.0001137
bathtub 0 0 -10 210.41 39.01 577.50 416.57 0.0001132
table 0 0 -10 0.77 241.06 17.41 352.10 0.0001098
table 0 0 -10 535.94 257.76 588.62 439.54 0.0001097
chair 0 0 -10 152.91 2.45 220.32 45.94 0.0001097
chair 0 0 -10 0.00 17.41 71.28 338.88 0.0001081
chair 0 0 -10 88.92 14.58 330.06 235.93 0.0001045
table 0 0 -10 555.50 165.66 589.87 431.76 0.0001013
chair 0 0 -10 184.40 4.51 231.66 54.92 0.0001003
chair 0 0 -10 248.27 42.40 474.03 243.67 0.0000955
chair 0 0 -10 0.00 218.71 44.23 379.35 0.0000955
bed 0 0 -10 276.76 0.89 343.08 50.50 0.0000935
sofa 0 0 -10 535.84 60.42 589.31 439.88 0.0000921
sofa 0 0 -10 0.00 6.23 259.50 118.02 0.0000912
bed 0 0 -10 162.09 1.99 569.13 80.75 0.0000890
bed 0 0 -10 439.73 1.72 588.69 94.26 0.0000860
table 0 0 -10 0.00 4.37 256.65 115.49 0.0000856
chair 0 0 -10 187.24 1.35 214.90 33.90 0.0000839
chair 0 0 -10 50.09 154.59 547.02 441.00 0.0000824
sofa 0 0 -10 465.73 65.54 589.80 387.05 0.0000811
desk 0 0 -10 42.15 134.96 587.04 441.00 0.0000806
night_stand 0 0 -10 535.06 72.94 590.94 419.36 0.0000798
bed 0 0 -10 301.09 0.75 574.02 52.40 0.0000793
bed 0 0 -10 406.75 50.27 586.95 191.92 0.0000787
dresser 0 0 -10 183.10 1.44 292.19 59.76 0.0000787
table 0 0 -10 26.70 26.15 439.16 363.52 0.0000783
bed 0 0 -10 61.93 281.26 591.00 441.00 0.0000764
chair 0 0 -10 491.45 219.92 589.71 363.71 0.0000764
bed 0 0 -10 522.42 18.65 590.88 249.17 0.0000764
desk 0 0 -10 535.19 53.93 590.95 433.56 0.0000760
dresser 0 0 -10 473.68 31.90 586.29 408.55 0.0000750
chair 0 0 -10 202.43 33.88 273.81 227.42 0.0000744
table 0 0 -10 415.76 89.22 583.32 296.37 0.0000735
chair 0 0 -10 514.08 135.02 590.49 318.68 0.0000728
toilet 0 0 -10 533.93 66.54 590.92 438.51 0.0000725
