sofa 0 0 -10 167.32 166.33 520.34 356.05 0.9898407
chair 0 0 -10 84.19 250.22 319.28 438.64 0.9635483
chair 0 0 -10 337.24 293.29 493.28 439.00 0.4661222
table 0 0 -10 348.95 301.86 505.58 440.08 0.3218168
sofa 0 0 -10 95.65 260.73 323.57 441.00 0.1883574
sofa 0 0 -10 121.60 230.75 487.30 436.03 0.1725632
chair 0 0 -10 118.87 228.91 455.52 435.50 0.0315222
table 0 0 -10 134.93 267.22 325.25 441.00 0.0237054
table 0 0 -10 199.33 274.64 516.69 432.24 0.0205222
desk 0 0 -10 340.51 296.89 506.82 440.03 0.0189230
sofa 0 0 -10 276.67 278.84 502.88 438.98 0.0167714
chair 0 0 -10 247.73 211.65 512.63 427.30 0.0089747
table 0 0 -10 329.28 288.70 463.83 399.72 0.0087331
table 0 0 -10 424.95 296.07 509.08 431.57 0.0078565
night_stand 0 0 -10 343.27 304.06 507.23 434.72 0.0057022
table 0 0 -10 96.93 235.77 436.91 435.99 0.0054986
chair 0 0 -10 164.43 293.53 330.72 435.37 0.0048012
bed 0 0 -10 149.87 161.60 527.25 377.52 0.0047310
bed 0 0 -10 107.26 260.25 326.35 441.00 0.0040545
desk 0 0 -10 181.06 195.29 524.92 411.25 0.0025980
desk 0 0 -10 127.59 264.36 326.16 441.00 0.0024342
dresser 0 0 -10 450.52 13.87 589.38 282.33 0.0023914
table 0 0 -10 160.18 212.92 501.27 386.53 0.0023823
chair 0 0 -10 148.42 151.14 525.38 376.18 0.0023257
table 0 0 -10 577.29 266.48 590.49 409.62 0.0018007
table 0 0 -10 345.72 323.48 429.49 441.00 0.0017714
chair 0 0 -10 144.85 219.47 346.42 371.47 0.0017209
sofa 0 0 -10 136.66 192.88 355.18 376.36 0.0014594
sofa 0 0 -10 315.43 158.13 518.49 330.36 0.0013743
sofa 0 0 -10 338.00 292.58 470.06 426.25 0.0013423
table 0 0 -10 419.29 300.45 494.52 352.83 0.0013135
bookshelf 0 0 -10 454.28 8.87 585.91 286.67 0.0012245
table 0 0 -10 299.67 313.65 461.73 433.80 0.0012123
desk 0 0 -10 96.77 228.11 444.11 439.10 0.0012087
table 0 0 -10 563.33 272.56 589.93 390.59 0.0010518
table 0 0 -10 480.45 9.14 587.52 289.60 0.0010372
table 0 0 -10 164.16 252.82 341.07 382.00 0.0010331
table 0 0 -10 442.02 234.35 524.53 369.09 0.0010257
table 0 0 -10 183.90 309.58 289.67 354.98 0.0009679
toilet 0 0 -10 340.76 292.74 484.68 440.84 0.0009350
sofa 0 0 -10 176.00 265.75 369.05 364.83 0.0009221
chair 0 0 -10 128.74 346.82 312.54 438.62 0.0008909
bed 0 0 -10 340.96 291.77 509.41 431.38 0.0008318
desk 0 0 -10 461.83 0.00 591.00 273.82 0.0008156
night_stand 0 0 -10 116.61 268.09 326.41 441.00 0.0008104
dresser 0 0 -10 343.46 293.65 506.66 426.09 0.0008091
bed 0 0 -10 134.07 232.83 491.77 432.65 0.0007444
table 0 0 -10 389.53 275.28 518.06 404.92 0.0006548
bookshelf 0 0 -10 343.98 289.35 505.24 425.48 0.0006466
toilet 0 0 -10 96.02 241.00 322.10 441.00 0.0006363
bed 0 0 -10 130.96 13.01 565.46 329.18 0.0006021
bookshelf 0 0 -10 118.46 255.26 324.21 437.68 0.0005816
chair 0 0 -10 112.96 392.57 320.21 439.89 0.0005749
table 0 0 -10 524.70 272.77 587.59 377.95 0.0005542
dresser 0 0 -10 112.95 264.78 326.45 441.00 0.0005264
bathtub 0 0 -10 339.86 295.06 485.19 436.81 0.0005157
night_stand 0 0 -10 230.01 279.44 512.58 437.14 0.0005104
table 0 0 -10 584.11 276.65 590.69 437.11 0.0005090
bathtub 0 0 -10 485.82 11.37 588.81 273.27 0.0005013
table 0 0 -10 582.14 268.73 590.14 382.10 0.0004628
chair 0 0 -10 8.47 248.33 187.22 439.70 0.0004461
desk 0 0 -10 228.19 270.47 510.21 441.00 0.0004452
dresser 0 0 -10 170.16 223.34 526.05 427.79 0.0003941
bookshelf 0 0 -10 207.40 169.79 522.85 405.08 0.0003824
table 0 0 -10 435.50 262.53 578.74 404.96 0.0003728
table 0 0 -10 537.27 9.79 589.38 288.58 0.0003648
table 0 0 -10 439.55 296.24 512.50 363.47 0.0003607
table 0 0 -10 0.00 311.78 161.35 441.00 0.0003450
chair 0 0 -10 336.10 193.09 528.89 384.13 0.0003370
table 0 0 -10 551.84 273.34 588.85 332.44 0.0003369
sofa 0 0 -10 393.36 290.07 513.09 433.48 0.0003218
table 0 0 -10 206.08 304.98 387.05 441.00 0.0003140
bathtub 0 0 -10 123.95 265.08 327.72 437.72 0.0002906
chair 0 0 -10 423.11 30.42 583.50 364.03 0.0002880
table 0 0 -10 51.46 320.35 311.60 441.00 0.0002851
table 0 0 -10 447.35 191.08 532.00 313.94 0.0002851
chair 0 0 -10 396.78 284.76 528.38 433.37 0.0002641
dresser 0 0 -10 530.39 3.16 585.29 284.79 0.0002599
table 0 0 -10 305.97 332.03 346.62 422.93 0.0002466
table 0 0 -10 564.09 16.93 587.94 326.39 0.0002448
table 0 0 -10 364.42 300.64 463.47 372.42 0.0002354
table 0 0 -10 576.92 272.15 590.25 331.03 0.0002334
bookshelf 0 0 -10 531.94 3.37 584.26 287.89 0.0002074
table 0 0 -10 586.75 281.65 590.79 408.07 0.0002047
table 0 0 -10 172.37 175.74 187.17 317.44 0.0002008
sofa 0 0 -10 145.82 16.92 572.74 366.07 0.0002005
table 0 0 -10 559.94 326.88 589.21 359.76 0.0001931
dresser 0 0 -10 145.59 150.31 527.20 364.12 0.0001884
chair 0 0 -10 436.10 225.33 526.25 361.71 0.0001830
desk 0 0 -10 525.71 5.59 587.81 283.99 0.0001770
bookshelf 0 0 -10 158.39 90.07 519.51 347.73 0.0001697
table 0 0 -10 577.53 294.81 590.29 357.29 0.0001671
chair 0 0 -10 562.28 269.53 591.00 388.86 0.0001664
bathtub 0 0 -10 173.72 226.34 524.36 426.24 0.0001641
dresser 0 0 -10 477.54 46.14 532.70 305.01 0.0001637
table 0 0 -10 582.21 271.78 590.46 321.27 0.0001617
chair 0 0 -10 543.09 2.60 591.00 210.63 0.0001610
table 0 0 -10 70.18 264.40 208.93 441.00 0.0001536
sofa 0 0 -10 199.27 292.45 363.56 441.00 0.0001532
toilet 0 0 -10 186.68 225.48 519.95 436.86 0.0001524
