sofa 0 0 -10 158.05 103.01 366.70 391.48 0.7730739
table 0 0 -10 148.00 107.34 259.91 225.56 0.4716182
chair 0 0 -10 218.36 21.80 370.44 166.33 0.3081202
desk 0 0 -10 146.77 108.13 253.19 203.98 0.1950008
bed 0 0 -10 149.40 99.36 373.25 402.81 0.1724527
chair 0 0 -10 155.04 105.64 389.80 406.55 0.1655235
night_stand 0 0 -10 141.96 113.10 257.12 233.09 0.0514557
table 0 0 -10 158.34 120.55 258.57 183.51 0.0478454
sofa 0 0 -10 177.16 81.44 560.28 431.94 0.0325907
table 0 0 -10 148.97 107.44 246.05 166.08 0.0287275
sofa 0 0 -10 214.18 20.75 369.80 162.08 0.0251891
bed 0 0 -10 132.11 12.35 501.50 429.69 0.0251264
chair 0 0 -10 165.51 91.92 359.93 263.18 0.0248071
dresser 0 0 -10 152.69 113.78 371.90 401.22 0.0247041
table 0 0 -10 136.84 99.34 312.39 256.23 0.0226572
chair 0 0 -10 235.10 69.14 372.87 234.16 0.0176704
chair 0 0 -10 377.02 244.89 566.16 437.93 0.0158124
table 0 0 -10 145.06 135.40 331.76 427.58 0.0149462
desk 0 0 -10 149.34 116.35 369.84 402.48 0.0136539
table 0 0 -10 381.86 251.65 566.12 440.67 0.0100928
sofa 0 0 -10 142.51 114.76 313.39 310.73 0.0099903
desk 0 0 -10 126.74 101.89 304.38 252.72 0.0095848
bed 0 0 -10 133.88 111.21 309.12 312.66 0.0093066
sofa 0 0 -10 1.76 244.12 56.36 435.71 0.0073026
table 0 0 -10 146.68 100.96 323.60 183.57 0.0070246
chair 0 0 -10 187.32 98.98 543.48 435.20 0.0066518
bookshelf 0 0 -10 155.84 99.44 368.85 394.69 0.0063561
bed 0 0 -10 86.91 8.80 393.23 265.37 0.0061746
dresser 0 0 -10 351.20 0.00 587.68 437.25 0.0059351
bed 0 0 -10 143.36 93.30 249.51 245.80 0.0054704
chair 0 0 -10 164.19 108.88 244.43 172.38 0.0053657
bed 0 0 -10 343.39 0.00 591.00 441.00 0.0051951
desk 0 0 -10 229.52 18.99 581.03 428.11 0.0050733
bathtub 0 0 -10 390.09 261.92 583.98 438.71 0.0050489
sofa 0 0 -10 40.72 68.05 347.75 436.11 0.0048779
night_stand 0 0 -10 156.43 126.42 370.66 406.18 0.0043066
table 0 0 -10 241.15 34.87 569.14 428.96 0.0042355
bed 0 0 -10 28.35 0.00 316.30 441.00 0.0040263
dresser 0 0 -10 175.35 93.96 557.18 430.99 0.0040235
chair 0 0 -10 370.07 62.87 589.03 441.00 0.0036025
table 0 0 -10 62.83 102.27 279.38 286.94 0.0035575
chair 0 0 -10 0.00 236.15 61.83 434.54 0.0034444
sofa 0 0 -10 4.61 216.10 100.63 440.62 0.0032084
dresser 0 0 -10 142.79 113.12 254.57 236.20 0.0029194
chair 0 0 -10 1.00 227.43 121.66 441.00 0.0028325
desk 0 0 -10 163.45 127.94 249.26 183.92 0.0026938
dresser 0 0 -10 56.81 0.00 163.52 435.65 0.0025215
sofa 0 0 -10 104.87 15.69 445.09 393.62 0.0024724
desk 0 0 -10 146.40 68.20 341.51 191.68 0.0023662
chair 0 0 -10 319.98 62.23 473.39 430.92 0.0022453
desk 0 0 -10 55.09 58.18 341.40 414.71 0.0021728
sofa 0 0 -10 171.58 67.20 358.51 176.14 0.0021725
chair 0 0 -10 219.13 94.69 363.99 179.78 0.0021430
table 0 0 -10 379.23 84.44 587.49 438.55 0.0021087
dresser 0 0 -10 318.47 29.86 466.40 420.67 0.0021085
table 0 0 -10 197.50 114.08 272.92 171.65 0.0021042
chair 0 0 -10 123.98 9.15 398.01 251.20 0.0020767
chair 0 0 -10 374.95 213.64 478.35 423.55 0.0020756
table 0 0 -10 137.40 42.67 293.04 194.13 0.0020734
night_stand 0 0 -10 165.15 118.46 251.76 184.87 0.0020206
desk 0 0 -10 373.52 121.66 591.00 437.19 0.0019889
chair 0 0 -10 156.65 73.49 257.71 184.04 0.0019844
toilet 0 0 -10 147.12 113.16 387.09 420.31 0.0019649
table 0 0 -10 148.50 78.73 468.37 425.26 0.0019295
table 0 0 -10 208.78 112.16 316.72 154.47 0.0018151
bed 0 0 -10 223.74 23.42 373.69 167.05 0.0018111
bathtub 0 0 -10 386.80 55.76 588.48 435.45 0.0017749
bathtub 0 0 -10 131.22 120.65 376.99 411.50 0.0017298
table 0 0 -10 161.24 118.23 232.81 145.41 0.0017119
desk 0 0 -10 150.03 110.69 248.02 160.66 0.0015921
desk 0 0 -10 55.34 94.93 282.01 292.03 0.0015866
dresser 0 0 -10 0.00 0.00 133.27 433.21 0.0014381
bed 0 0 -10 0.00 0.00 139.84 441.00 0.0014376
table 0 0 -10 110.18 98.49 262.53 399.54 0.0013634
sofa 0 0 -10 160.36 97.55 268.61 196.86 0.0013174
table 0 0 -10 180.44 109.62 266.13 151.92 0.0013136
bookshelf 0 0 -10 144.25 5.49 490.78 402.42 0.0012785
bed 0 0 -10 464.33 9.83 587.07 413.96 0.0012744
bed 0 0 -10 139.79 63.96 370.81 222.81 0.0012674
sofa 0 0 -10 97.80 17.96 364.60 248.83 0.0012652
chair 0 0 -10 161.69 254.57 368.23 434.74 0.0012604
toilet 0 0 -10 379.05 245.64 558.06 436.90 0.0012163
chair 0 0 -10 175.08 105.48 305.97 196.59 0.0011546
table 0 0 -10 2.81 242.39 138.63 441.00 0.0011503
table 0 0 -10 156.62 168.68 236.29 419.08 0.0011466
sofa 0 0 -10 177.18 108.68 347.65 241.50 0.0010976
sofa 0 0 -10 342.82 201.36 591.00 439.39 0.0010940
dresser 0 0 -10 98.76 7.17 431.56 389.70 0.0010785
table 0 0 -10 0.41 323.84 40.14 391.05 0.0010584
bookshelf 0 0 -10 281.82 3.83 572.14 407.93 0.0010529
sofa 0 0 -10 2.74 15.90 71.86 419.95 0.0010464
chair 0 0 -10 322.27 203.52 431.14 439.09 0.0010153
dresser 0 0 -10 139.31 106.74 321.90 258.15 0.0010152
bed 0 0 -10 69.15 100.54 265.77 254.80 0.0010058
table 0 0 -10 46.80 33.06 319.80 326.32 0.0009879
sofa 0 0 -10 2.49 257.34 33.52 423.02 0.0009742
table 0 0 -10 62.60 20.98 220.31 441.00 0.0009660
chair 0 0 -10 0.00 314.61 216.47 441.00 0.0009404
night_stand 0 0 -10 136.86 116.82 299.16 307.15 0.0009282
sofa 0 0 -10 155.54 241.43 370.06 436.75 0.0009063
