bathtub 0 0 -10 184.75 333.62 557.34 441.00 0.7019241
table 0 0 -10 0.21 255.09 299.59 441.00 0.1922905
bathtub 0 0 -10 8.47 299.67 581.35 441.00 0.1381754
desk 0 0 -10 21.70 250.67 486.42 440.65 0.0661280
chair 0 0 -10 556.03 272.13 589.76 409.85 0.0588896
table 0 0 -10 18.64 299.48 572.73 441.00 0.0551737
chair 0 0 -10 11.01 281.46 262.12 441.00 0.0529018
chair 0 0 -10 12.91 183.57 191.26 374.22 0.0509282
toilet 0 0 -10 550.72 256.91 588.09 418.86 0.0372423
table 0 0 -10 323.10 0.05 591.00 84.29 0.0293675
table 0 0 -10 564.84 283.14 588.88 407.94 0.0282084
bathtub 0 0 -10 0.00 161.09 464.85 423.92 0.0237663
sofa 0 0 -10 563.84 262.18 590.21 419.95 0.0192615
desk 0 0 -10 192.11 325.69 507.94 439.33 0.0163931
desk 0 0 -10 39.76 240.97 274.18 435.16 0.0149054
table 0 0 -10 180.12 323.55 512.33 441.00 0.0133220
table 0 0 -10 547.51 270.63 589.42 423.39 0.0111749
bed 0 0 -10 561.48 262.90 588.64 423.91 0.0103787
table 0 0 -10 3.35 167.82 506.74 428.89 0.0096432
bathtub 0 0 -10 9.25 47.81 577.07 387.12 0.0082210
toilet 0 0 -10 525.77 296.40 589.94 427.66 0.0070750
chair 0 0 -10 530.97 258.38 590.97 417.15 0.0069456
table 0 0 -10 573.90 287.74 589.59 382.39 0.0061139
desk 0 0 -10 335.93 1.88 591.00 69.92 0.0060548
desk 0 0 -10 99.07 291.99 307.90 441.00 0.0058856
toilet 0 0 -10 177.09 319.40 548.46 441.00 0.0057667
table 0 0 -10 45.37 304.56 244.24 441.00 0.0057594
chair 0 0 -10 212.25 322.08 476.20 439.98 0.0054952
table 0 0 -10 48.26 204.76 364.19 347.79 0.0053927
chair 0 0 -10 566.38 293.76 590.17 390.29 0.0051727
chair 0 0 -10 573.07 259.14 588.90 404.21 0.0048208
bathtub 0 0 -10 549.90 254.87 588.15 416.28 0.0045996
table 0 0 -10 47.71 7.45 588.53 171.00 0.0041204
night_stand 0 0 -10 563.41 275.81 591.00 419.86 0.0041146
dresser 0 0 -10 15.01 251.98 422.94 441.00 0.0040112
toilet 0 0 -10 567.22 264.23 588.98 410.11 0.0039217
chair 0 0 -10 13.20 176.18 137.82 323.10 0.0038370
chair 0 0 -10 103.15 366.36 246.54 440.42 0.0036152
bed 0 0 -10 6.40 298.89 252.29 441.00 0.0034949
table 0 0 -10 122.45 380.93 254.03 441.00 0.0033714
bathtub 0 0 -10 11.15 203.17 286.74 434.06 0.0033137
sofa 0 0 -10 550.79 276.36 585.07 398.91 0.0032345
chair 0 0 -10 6.56 137.00 315.78 428.43 0.0029815
bathtub 0 0 -10 522.96 277.93 591.00 428.38 0.0028857
bathtub 0 0 -10 5.18 135.80 286.77 271.85 0.0028160
sofa 0 0 -10 9.68 305.76 252.24 441.00 0.0027818
toilet 0 0 -10 0.91 158.04 409.28 429.78 0.0026695
dresser 0 0 -10 6.66 306.10 257.06 441.00 0.0026091
dresser 0 0 -10 563.21 264.80 590.19 417.97 0.0023391
desk 0 0 -10 277.28 1.94 591.00 113.46 0.0022175
desk 0 0 -10 0.00 261.11 180.52 441.00 0.0021565
table 0 0 -10 144.26 305.01 367.70 439.17 0.0021261
desk 0 0 -10 28.70 104.50 569.36 417.95 0.0021030
bathtub 0 0 -10 4.18 312.90 252.95 441.00 0.0020347
chair 0 0 -10 92.55 319.51 269.34 439.08 0.0019352
chair 0 0 -10 543.75 265.08 589.79 346.70 0.0019150
sofa 0 0 -10 0.44 169.03 277.05 438.94 0.0018276
night_stand 0 0 -10 13.63 309.67 257.69 441.00 0.0017709
bathtub 0 0 -10 7.87 169.15 213.31 317.25 0.0017652
bathtub 0 0 -10 531.62 222.66 591.00 375.69 0.0017382
table 0 0 -10 212.31 209.08 352.14 326.68 0.0016469
bathtub 0 0 -10 52.82 6.03 591.00 166.42 0.0016374
chair 0 0 -10 550.55 300.18 589.75 352.98 0.0016152
table 0 0 -10 575.91 337.97 590.10 416.70 0.0015928
bed 0 0 -10 21.35 239.77 443.63 441.00 0.0015245
desk 0 0 -10 554.79 262.63 589.54 422.17 0.0014422
chair 0 0 -10 23.10 229.68 152.52 337.90 0.0014211
table 0 0 -10 547.49 277.10 587.17 357.51 0.0013829
bed 0 0 -10 0.00 159.73 280.18 441.00 0.0013488
chair 0 0 -10 76.42 259.48 330.84 431.77 0.0013305
desk 0 0 -10 56.04 325.00 248.31 440.39 0.0012930
desk 0 0 -10 21.31 213.87 386.17 385.08 0.0012286
bathtub 0 0 -10 38.61 203.74 367.54 340.91 0.0011525
table 0 0 -10 560.23 357.16 588.90 408.34 0.0011315
bookshelf 0 0 -10 10.30 177.41 280.10 436.73 0.0011133
bookshelf 0 0 -10 7.83 299.89 257.89 441.00 0.0011011
bookshelf 0 0 -10 555.88 247.99 589.02 416.91 0.0010231
desk 0 0 -10 571.42 286.50 590.88 420.38 0.0010078
desk 0 0 -10 115.17 364.46 244.36 440.22 0.0010063
toilet 0 0 -10 0.00 199.97 240.07 435.50 0.0009690
night_stand 0 0 -10 22.08 259.42 424.02 439.43 0.0009598
bed 0 0 -10 574.71 257.30 590.09 424.36 0.0009424
sofa 0 0 -10 575.76 283.59 590.62 426.38 0.0009381
toilet 0 0 -10 532.22 228.23 590.14 383.48 0.0009381
bathtub 0 0 -10 320.88 289.66 559.90 441.00 0.0009243
table 0 0 -10 0.00 267.38 117.21 440.13 0.0009050
table 0 0 -10 563.76 272.59 588.76 343.06 0.0008851
table 0 0 -10 558.27 307.60 588.32 354.68 0.0008656
dresser 0 0 -10 177.27 325.59 573.48 441.00 0.0008548
dresser 0 0 -10 8.79 198.71 279.76 424.06 0.0008340
desk 0 0 -10 45.39 11.69 591.00 172.88 0.0008120
night_stand 0 0 -10 549.95 281.14 585.53 397.42 0.0007971
dresser 0 0 -10 11.68 34.67 588.68 399.17 0.0007907
chair 0 0 -10 170.04 290.37 277.71 373.04 0.0007828
chair 0 0 -10 27.97 379.06 217.67 441.00 0.0007468
bathtub 0 0 -10 565.50 274.30 589.16 403.68 0.0007459
bathtub 0 0 -10 341.23 144.10 591.00 340.17 0.0007145
chair 0 0 -10 102.39 290.20 548.88 440.23 0.0007073
dresser 0 0 -10 549.85 275.91 585.09 398.46 0.0006926
bookshelf 0 0 -10 337.82 0.00 591.00 71.46 0.0006834
