dresser 0 0 -10 43.46 18.69 270.32 432.19 0.8150890
desk 0 0 -10 318.68 274.32 523.12 432.34 0.7952580
desk 0 0 -10 313.22 165.30 549.79 439.19 0.3450745
chair 0 0 -10 324.13 156.89 525.44 434.89 0.3090643
table 0 0 -10 320.86 272.26 508.62 436.23 0.2347665
bed 0 0 -10 509.73 346.36 591.00 441.00 0.2093838
dresser 0 0 -10 324.19 174.67 536.92 430.62 0.1543786
bed 0 0 -10 502.19 209.23 591.00 441.00 0.1127354
dresser 0 0 -10 447.00 287.67 533.07 409.78 0.0786858
bookshelf 0 0 -10 53.47 28.13 266.61 441.00 0.0767784
sofa 0 0 -10 507.20 341.92 584.58 441.00 0.0739884
bed 0 0 -10 38.92 0.00 283.55 441.00 0.0566697
night_stand 0 0 -10 322.98 269.04 525.73 431.95 0.0492772
table 0 0 -10 46.99 22.48 280.71 441.00 0.0426277
table 0 0 -10 314.91 172.89 551.82 435.56 0.0411822
bookshelf 0 0 -10 332.80 145.78 524.32 424.73 0.0402850
dresser 0 0 -10 47.14 9.81 484.67 433.80 0.0397151
chair 0 0 -10 399.62 296.44 470.20 418.53 0.0385030
desk 0 0 -10 41.19 8.32 287.79 433.24 0.0377226
night_stand 0 0 -10 446.55 291.30 534.92 416.61 0.0317557
bed 0 0 -10 318.75 143.56 553.48 441.00 0.0267439
chair 0 0 -10 419.83 283.50 560.95 425.89 0.0263799
chair 0 0 -10 334.15 151.12 485.80 288.76 0.0223080
bed 0 0 -10 504.02 309.68 566.29 438.77 0.0222697
desk 0 0 -10 409.12 279.34 534.79 417.15 0.0173565
chair 0 0 -10 56.10 11.90 300.74 441.00 0.0151747
bed 0 0 -10 474.76 33.88 591.00 436.23 0.0139858
dresser 0 0 -10 153.65 23.88 280.82 441.00 0.0120525
desk 0 0 -10 370.99 281.79 478.42 421.94 0.0117501
dresser 0 0 -10 317.25 275.88 506.32 439.84 0.0117348
dresser 0 0 -10 501.15 197.63 591.00 438.35 0.0108425
night_stand 0 0 -10 43.47 22.29 281.01 432.11 0.0108072
chair 0 0 -10 470.91 264.48 583.44 428.80 0.0096139
chair 0 0 -10 501.29 336.88 565.60 441.00 0.0092979
sofa 0 0 -10 507.29 224.35 591.00 437.33 0.0091423
bed 0 0 -10 471.38 276.01 557.55 431.17 0.0077999
desk 0 0 -10 65.23 3.54 514.35 441.00 0.0073601
night_stand 0 0 -10 331.35 152.59 541.54 422.84 0.0061377
table 0 0 -10 398.62 331.92 462.96 421.62 0.0055402
night_stand 0 0 -10 507.96 363.34 565.03 440.90 0.0053603
dresser 0 0 -10 463.07 265.46 568.11 421.84 0.0049056
chair 0 0 -10 155.42 119.46 293.25 441.00 0.0043949
table 0 0 -10 368.53 285.10 480.92 419.88 0.0042730
table 0 0 -10 163.35 169.33 270.83 441.00 0.0040958
table 0 0 -10 399.86 298.96 541.78 417.42 0.0038858
chair 0 0 -10 360.48 160.81 474.98 398.07 0.0038671
chair 0 0 -10 324.93 294.39 453.87 433.73 0.0037405
sofa 0 0 -10 326.58 155.23 557.89 429.51 0.0034843
bed 0 0 -10 393.89 274.11 552.16 427.39 0.0034578
dresser 0 0 -10 493.77 310.47 555.28 428.38 0.0033774
desk 0 0 -10 140.60 90.77 273.98 440.84 0.0025827
bed 0 0 -10 540.56 156.60 588.66 441.00 0.0024588
desk 0 0 -10 499.19 207.71 591.00 438.89 0.0024495
table 0 0 -10 505.77 358.62 584.60 441.00 0.0024416
bed 0 0 -10 550.82 272.49 590.98 441.00 0.0024007
desk 0 0 -10 422.10 230.22 585.08 418.04 0.0023793
chair 0 0 -10 465.66 294.41 543.34 419.96 0.0023679
bathtub 0 0 -10 516.96 181.17 591.00 397.99 0.0023276
night_stand 0 0 -10 495.03 324.10 556.61 429.69 0.0022570
bookshelf 0 0 -10 56.53 6.12 471.63 435.69 0.0022539
bed 0 0 -10 318.47 261.28 508.49 441.00 0.0021075
bed 0 0 -10 202.05 49.28 535.71 441.00 0.0020516
table 0 0 -10 76.29 85.46 444.50 441.00 0.0018757
bed 0 0 -10 557.15 348.38 561.29 441.00 0.0016743
table 0 0 -10 498.67 222.05 591.00 441.00 0.0015767
bathtub 0 0 -10 318.18 274.83 542.81 430.21 0.0015484
bed 0 0 -10 272.21 319.38 571.74 440.07 0.0015418
bookshelf 0 0 -10 311.65 273.37 539.77 432.48 0.0015408
dresser 0 0 -10 503.18 351.98 585.69 441.00 0.0015036
bed 0 0 -10 528.59 348.58 564.91 440.51 0.0014581
bookshelf 0 0 -10 467.25 286.10 529.59 413.60 0.0014354
bookshelf 0 0 -10 505.89 199.85 591.00 432.33 0.0014287
desk 0 0 -10 110.46 253.36 546.61 440.40 0.0014259
dresser 0 0 -10 107.03 137.97 370.01 430.97 0.0013952
night_stand 0 0 -10 57.37 20.28 485.04 421.57 0.0013845
bed 0 0 -10 434.63 179.53 577.31 437.75 0.0013608
bookshelf 0 0 -10 159.09 25.34 276.89 441.00 0.0013523
chair 0 0 -10 132.05 146.15 406.28 439.71 0.0013489
sofa 0 0 -10 324.60 275.74 534.11 431.62 0.0013369
table 0 0 -10 273.79 325.28 556.81 439.11 0.0013063
dresser 0 0 -10 477.53 33.83 591.00 427.30 0.0012757
dresser 0 0 -10 218.10 63.29 533.54 432.31 0.0012518
table 0 0 -10 332.74 158.85 483.45 292.26 0.0012480
night_stand 0 0 -10 399.22 295.84 510.83 419.26 0.0012084
toilet 0 0 -10 318.12 162.10 526.83 436.67 0.0011608
bed 0 0 -10 139.60 70.25 271.93 441.00 0.0011592
desk 0 0 -10 463.40 290.94 531.59 415.56 0.0011410
table 0 0 -10 450.99 271.42 565.57 426.03 0.0011130
chair 0 0 -10 506.62 183.68 591.00 431.32 0.0011009
table 0 0 -10 456.09 302.64 528.64 416.08 0.0010704
bathtub 0 0 -10 306.46 152.91 559.53 415.61 0.0010287
bed 0 0 -10 572.20 241.95 587.64 441.00 0.0009708
chair 0 0 -10 141.12 179.63 244.04 426.28 0.0009557
bed 0 0 -10 544.15 342.14 584.86 441.00 0.0009336
bathtub 0 0 -10 32.94 43.27 282.67 423.45 0.0009170
table 0 0 -10 72.39 170.74 215.93 441.00 0.0009117
night_stand 0 0 -10 324.70 295.00 422.34 427.35 0.0009110
bookshelf 0 0 -10 226.04 26.23 531.75 423.85 0.0009007
bookshelf 0 0 -10 479.92 11.16 589.95 414.70 0.0008502
sofa 0 0 -10 57.45 25.84 299.35 432.02 0.0008442
