sofa 0 0 -10 22.76 82.90 494.96 395.89 0.9690948
table 0 0 -10 1.22 129.65 131.01 342.96 0.8673773
table 0 0 -10 129.08 275.88 340.19 438.99 0.6858951
table 0 0 -10 251.83 267.74 570.81 440.86 0.4622575
desk 0 0 -10 318.76 266.24 588.27 441.00 0.2196413
table 0 0 -10 60.14 179.85 394.42 433.14 0.2070806
chair 0 0 -10 0.00 136.98 60.16 262.72 0.1923201
table 0 0 -10 7.44 134.81 217.04 381.94 0.1772755
chair 0 0 -10 0.62 122.42 89.79 305.38 0.1723317
sofa 0 0 -10 52.30 114.80 321.79 349.60 0.1539804
sofa 0 0 -10 9.86 121.55 196.97 345.54 0.1270223
desk 0 0 -10 0.74 128.01 123.50 344.48 0.0675859
chair 0 0 -10 132.46 277.64 349.48 440.38 0.0592438
chair 0 0 -10 91.87 161.69 383.13 432.25 0.0508302
chair 0 0 -10 0.25 138.70 33.49 284.71 0.0479735
desk 0 0 -10 119.92 238.98 551.34 441.00 0.0455698
night_stand 0 0 -10 300.51 269.58 579.13 441.00 0.0394584
chair 0 0 -10 22.96 178.18 178.18 432.07 0.0353704
desk 0 0 -10 19.68 105.63 488.52 436.45 0.0309804
bed 0 0 -10 9.56 91.90 477.05 392.01 0.0298532
chair 0 0 -10 21.65 112.52 163.71 345.26 0.0287387
chair 0 0 -10 82.71 110.79 189.22 251.41 0.0219215
table 0 0 -10 2.51 143.53 107.92 242.52 0.0213358
chair 0 0 -10 386.12 67.29 523.42 328.67 0.0187997
chair 0 0 -10 369.29 271.34 583.22 438.08 0.0187956
table 0 0 -10 341.84 162.29 569.26 430.54 0.0179743
table 0 0 -10 410.30 78.56 506.49 293.21 0.0179404
desk 0 0 -10 6.65 134.37 218.78 380.63 0.0178182
table 0 0 -10 0.42 133.17 46.39 254.20 0.0170973
table 0 0 -10 7.11 131.84 451.33 369.15 0.0153854
dresser 0 0 -10 321.94 266.34 590.19 441.00 0.0149367
night_stand 0 0 -10 135.75 260.15 357.06 441.00 0.0135355
chair 0 0 -10 54.06 266.10 164.15 421.32 0.0135296
bed 0 0 -10 7.11 119.53 192.60 348.70 0.0128835
table 0 0 -10 400.32 67.69 561.96 356.41 0.0128479
chair 0 0 -10 0.00 125.78 47.72 351.90 0.0121698
chair 0 0 -10 323.78 170.28 580.46 425.25 0.0112555
desk 0 0 -10 129.87 269.74 340.30 441.00 0.0111828
sofa 0 0 -10 132.94 247.77 358.80 438.33 0.0110805
chair 0 0 -10 39.97 124.67 246.56 413.56 0.0092075
desk 0 0 -10 403.10 62.74 536.32 349.94 0.0084335
bed 0 0 -10 321.40 259.73 590.21 441.00 0.0081733
desk 0 0 -10 310.59 90.35 578.98 433.54 0.0079114
chair 0 0 -10 20.38 116.03 122.64 262.42 0.0078334
chair 0 0 -10 1.20 137.07 46.05 220.91 0.0074240
bed 0 0 -10 52.63 114.04 316.92 357.06 0.0072844
sofa 0 0 -10 273.39 253.49 579.75 441.00 0.0060667
chair 0 0 -10 146.32 64.69 544.87 437.65 0.0060284
bookshelf 0 0 -10 324.16 262.46 590.27 441.00 0.0051485
chair 0 0 -10 176.90 0.39 267.00 42.93 0.0050083
bathtub 0 0 -10 323.69 267.86 588.52 439.49 0.0050070
chair 0 0 -10 223.90 247.71 512.67 436.24 0.0047243
chair 0 0 -10 126.35 0.00 216.35 38.77 0.0046660
chair 0 0 -10 0.91 154.16 75.17 393.10 0.0046107
chair 0 0 -10 1.24 128.70 18.54 310.81 0.0044580
sofa 0 0 -10 83.12 123.21 188.92 302.36 0.0042675
chair 0 0 -10 263.99 0.00 322.08 41.36 0.0040616
table 0 0 -10 329.30 254.53 463.65 440.44 0.0039699
chair 0 0 -10 281.99 88.12 531.77 385.28 0.0037467
table 0 0 -10 1.05 135.16 26.72 280.32 0.0035557
table 0 0 -10 556.56 388.38 589.93 439.54 0.0035486
table 0 0 -10 103.82 87.18 558.59 441.00 0.0032417
chair 0 0 -10 2.48 131.06 9.19 282.32 0.0032321
chair 0 0 -10 126.88 1.34 314.37 40.09 0.0031122
bed 0 0 -10 133.13 264.69 336.32 441.00 0.0030112
table 0 0 -10 0.23 129.39 60.84 365.22 0.0029974
toilet 0 0 -10 327.31 265.73 585.40 441.00 0.0029594
chair 0 0 -10 0.28 157.46 28.81 234.04 0.0027493
desk 0 0 -10 1.94 143.31 106.75 242.97 0.0025993
sofa 0 0 -10 202.99 86.58 591.00 427.30 0.0025506
table 0 0 -10 539.80 363.56 588.78 441.00 0.0025253
chair 0 0 -10 542.60 386.60 589.77 439.91 0.0023971
chair 0 0 -10 112.20 119.34 441.55 341.94 0.0023746
table 0 0 -10 172.12 240.63 522.68 407.18 0.0023201
table 0 0 -10 7.52 235.00 167.88 441.00 0.0023011
desk 0 0 -10 394.43 98.43 502.12 286.65 0.0022132
table 0 0 -10 363.25 269.22 529.22 428.45 0.0019267
table 0 0 -10 0.00 168.84 22.47 239.38 0.0018624
chair 0 0 -10 160.03 0.00 257.32 69.55 0.0018560
desk 0 0 -10 0.10 141.70 54.27 257.95 0.0018359
chair 0 0 -10 38.90 96.69 166.47 221.75 0.0017375
chair 0 0 -10 147.19 3.13 197.26 32.31 0.0016415
chair 0 0 -10 155.69 0.87 244.35 33.02 0.0016371
dresser 0 0 -10 406.24 76.25 503.95 287.91 0.0016304
bookshelf 0 0 -10 74.33 141.47 391.54 428.48 0.0016112
desk 0 0 -10 327.56 244.05 462.65 437.48 0.0016000
bathtub 0 0 -10 395.09 67.70 571.79 331.51 0.0015873
chair 0 0 -10 320.27 1.39 398.03 45.06 0.0015404
chair 0 0 -10 270.25 1.12 365.29 43.36 0.0015391
chair 0 0 -10 302.59 322.78 506.90 441.00 0.0015379
dresser 0 0 -10 72.47 163.38 391.02 431.94 0.0015305
chair 0 0 -10 201.86 3.43 247.27 33.70 0.0015232
sofa 0 0 -10 102.66 122.62 205.08 231.46 0.0014958
chair 0 0 -10 183.42 2.07 225.93 35.47 0.0014400
table 0 0 -10 76.76 136.96 187.38 312.64 0.0014366
night_stand 0 0 -10 86.51 168.91 546.05 441.00 0.0014337
dresser 0 0 -10 351.46 128.98 571.19 422.51 0.0014272
chair 0 0 -10 424.66 344.82 583.06 441.00 0.0014055
chair 0 0 -10 204.26 1.57 286.85 31.17 0.0013540
table 0 0 -10 340.07 395.25 581.38 440.15 0.0013472
