dresser 0 0 -10 450.09 12.51 591.00 441.00 0.6328527
night_stand 0 0 -10 131.58 365.51 278.10 440.74 0.6148416
bed 0 0 -10 0.00 31.15 288.64 441.00 0.3564399
table 0 0 -10 128.60 360.08 266.53 438.47 0.1433887
sofa 0 0 -10 0.06 25.14 290.57 427.16 0.1059179
bookshelf 0 0 -10 443.69 11.33 586.92 441.00 0.0711615
desk 0 0 -10 442.66 16.58 591.00 441.00 0.0481057
dresser 0 0 -10 477.59 187.67 590.96 441.00 0.0422431
table 0 0 -10 440.62 14.33 591.00 441.00 0.0326142
chair 0 0 -10 5.68 15.78 286.27 438.81 0.0261420
chair 0 0 -10 120.66 349.62 263.73 438.52 0.0244658
bed 0 0 -10 127.58 354.95 275.47 441.00 0.0201803
bed 0 0 -10 438.11 0.00 590.81 441.00 0.0201447
bed 0 0 -10 83.85 51.14 422.58 441.00 0.0137265
dresser 0 0 -10 132.05 358.84 275.36 440.01 0.0133050
chair 0 0 -10 431.53 2.05 588.13 441.00 0.0124622
dresser 0 0 -10 0.00 47.42 294.32 436.90 0.0123757
dresser 0 0 -10 267.80 104.06 457.80 415.88 0.0123182
bed 0 0 -10 41.22 289.89 283.54 435.39 0.0105571
table 0 0 -10 0.00 33.91 297.73 426.33 0.0104526
desk 0 0 -10 128.95 357.79 272.74 441.00 0.0104480
bed 0 0 -10 2.83 211.91 185.64 435.58 0.0074733
dresser 0 0 -10 524.77 9.87 590.38 437.89 0.0065521
sofa 0 0 -10 137.08 355.49 266.12 439.49 0.0062594
bathtub 0 0 -10 104.18 312.76 297.75 430.98 0.0061404
dresser 0 0 -10 307.87 28.71 546.85 433.33 0.0061151
bookshelf 0 0 -10 303.86 97.38 446.42 422.75 0.0059563
dresser 0 0 -10 571.15 28.48 590.35 434.34 0.0049062
bookshelf 0 0 -10 3.76 43.74 288.30 423.88 0.0036177
toilet 0 0 -10 134.49 355.47 272.37 438.51 0.0035304
chair 0 0 -10 117.29 100.30 294.99 429.43 0.0031115
bathtub 0 0 -10 127.96 352.47 273.51 431.44 0.0030645
chair 0 0 -10 110.76 302.52 303.55 439.83 0.0030241
chair 0 0 -10 439.94 176.11 552.55 434.88 0.0028008
bathtub 0 0 -10 7.05 61.30 296.59 390.26 0.0027901
dresser 0 0 -10 100.43 61.89 419.39 435.29 0.0027598
table 0 0 -10 106.32 313.82 281.88 437.09 0.0025539
desk 0 0 -10 293.55 107.80 456.02 419.61 0.0022991
sofa 0 0 -10 86.32 58.91 426.29 425.78 0.0021686
desk 0 0 -10 3.50 34.80 338.67 439.87 0.0020495
dresser 0 0 -10 500.51 141.36 555.10 441.00 0.0019940
toilet 0 0 -10 112.17 304.87 308.70 441.00 0.0019123
desk 0 0 -10 460.45 253.37 591.00 441.00 0.0018269
chair 0 0 -10 397.72 156.50 508.02 436.22 0.0017413
night_stand 0 0 -10 5.58 61.89 298.98 427.31 0.0017241
sofa 0 0 -10 60.53 302.99 272.34 439.82 0.0015823
chair 0 0 -10 295.64 107.89 457.77 412.09 0.0014779
dresser 0 0 -10 484.02 170.59 529.58 436.83 0.0014715
dresser 0 0 -10 559.90 75.35 586.15 428.63 0.0014270
night_stand 0 0 -10 442.85 22.50 591.00 417.03 0.0014230
table 0 0 -10 102.31 71.34 418.95 440.53 0.0013013
bed 0 0 -10 21.30 11.62 451.20 111.04 0.0012404
chair 0 0 -10 314.60 46.79 555.64 441.00 0.0012396
table 0 0 -10 466.07 208.08 590.94 441.00 0.0012282
bookshelf 0 0 -10 314.70 24.45 541.65 437.99 0.0011543
chair 0 0 -10 450.24 187.59 509.76 427.03 0.0011186
bathtub 0 0 -10 267.98 134.60 455.68 406.00 0.0010717
table 0 0 -10 444.79 322.95 497.56 439.45 0.0010649
toilet 0 0 -10 0.00 53.23 298.18 441.00 0.0010493
bed 0 0 -10 283.07 12.82 548.10 441.00 0.0010227
bed 0 0 -10 0.65 30.98 122.52 441.00 0.0009728
bed 0 0 -10 250.09 72.21 444.45 413.99 0.0009310
chair 0 0 -10 479.32 173.98 530.07 437.38 0.0008939
bathtub 0 0 -10 443.22 27.26 590.96 437.82 0.0008341
table 0 0 -10 298.73 112.73 451.30 422.69 0.0007982
night_stand 0 0 -10 94.38 402.52 270.22 441.00 0.0007770
desk 0 0 -10 287.63 22.82 554.05 440.07 0.0007660
table 0 0 -10 40.83 5.55 440.62 119.67 0.0007236
bookshelf 0 0 -10 108.78 52.07 416.07 426.62 0.0007055
bookshelf 0 0 -10 526.72 10.14 589.40 439.32 0.0006659
chair 0 0 -10 88.18 53.39 415.14 432.02 0.0006320
bathtub 0 0 -10 84.76 115.48 432.63 431.21 0.0005952
bookshelf 0 0 -10 480.66 168.79 590.84 441.00 0.0005789
table 0 0 -10 14.26 263.76 310.34 436.69 0.0005613
dresser 0 0 -10 244.72 53.11 339.26 433.95 0.0005595
bathtub 0 0 -10 12.12 263.77 344.35 433.25 0.0005296
dresser 0 0 -10 113.52 310.14 285.80 434.22 0.0005274
desk 0 0 -10 112.39 60.64 475.84 430.16 0.0005158
dresser 0 0 -10 393.92 300.67 580.68 435.73 0.0004875
chair 0 0 -10 157.16 149.40 508.68 429.39 0.0004875
chair 0 0 -10 13.75 219.95 276.57 439.91 0.0004756
bathtub 0 0 -10 230.29 304.24 323.59 417.64 0.0004739
chair 0 0 -10 20.61 355.32 234.61 441.00 0.0004726
toilet 0 0 -10 431.19 7.29 588.60 441.00 0.0004679
bathtub 0 0 -10 246.52 309.83 313.43 360.31 0.0004645
dresser 0 0 -10 460.18 250.80 591.00 367.98 0.0004528
chair 0 0 -10 445.50 293.46 500.03 433.64 0.0004501
chair 0 0 -10 75.29 275.59 241.91 435.97 0.0004499
bookshelf 0 0 -10 126.88 348.50 266.70 438.67 0.0004390
desk 0 0 -10 481.68 148.67 566.85 439.82 0.0004232
bathtub 0 0 -10 123.36 116.39 291.36 431.32 0.0004209
chair 0 0 -10 523.42 13.30 591.00 425.30 0.0004168
dresser 0 0 -10 486.02 320.98 590.44 440.45 0.0004039
bed 0 0 -10 23.52 350.37 247.87 441.00 0.0003864
bed 0 0 -10 28.77 11.00 439.95 214.29 0.0003822
table 0 0 -10 459.09 332.49 488.08 435.49 0.0003747
chair 0 0 -10 3.52 100.98 166.30 441.00 0.0003729
sofa 0 0 -10 4.46 234.36 170.11 437.09 0.0003637
night_stand 0 0 -10 119.50 318.69 287.14 432.45 0.0003601
sofa 0 0 -10 447.85 32.69 590.46 437.86 0.0003568
