chair 0 0 -10 444.77 0.98 588.53 175.85 0.9924873
table 0 0 -10 18.87 31.90 583.10 441.00 0.9605943
chair 0 0 -10 4.71 110.48 155.08 441.00 0.8869715
chair 0 0 -10 455.64 175.06 591.00 441.00 0.7175566
chair 0 0 -10 19.14 207.02 248.72 439.06 0.4103759
chair 0 0 -10 450.92 12.92 588.07 319.31 0.2721152
chair 0 0 -10 298.13 136.54 591.00 435.00 0.2432164
table 0 0 -10 305.47 138.45 585.87 441.00 0.1702953
table 0 0 -10 3.39 112.17 183.63 435.87 0.1189961
table 0 0 -10 18.16 44.79 490.11 288.02 0.1063757
chair 0 0 -10 4.74 112.70 353.01 439.07 0.1045389
chair 0 0 -10 504.15 47.30 588.75 379.55 0.1019187
chair 0 0 -10 0.00 298.25 189.24 441.00 0.0843761
table 0 0 -10 467.20 2.15 589.19 212.46 0.0745426
chair 0 0 -10 521.14 0.97 588.19 217.35 0.0620825
chair 0 0 -10 61.10 250.16 355.01 438.02 0.0537376
desk 0 0 -10 10.37 60.24 466.35 441.00 0.0529283
table 0 0 -10 17.29 79.27 338.03 437.78 0.0460192
chair 0 0 -10 409.25 44.42 560.62 250.14 0.0437195
table 0 0 -10 157.63 122.96 463.58 438.42 0.0411978
chair 0 0 -10 83.27 218.67 547.48 436.53 0.0408555
desk 0 0 -10 0.17 128.42 133.58 439.98 0.0401266
chair 0 0 -10 365.66 0.29 514.95 118.12 0.0385863
table 0 0 -10 0.00 108.38 107.74 391.92 0.0332120
chair 0 0 -10 379.39 260.87 582.92 438.42 0.0331616
table 0 0 -10 1.83 258.72 162.50 441.00 0.0312523
dresser 0 0 -10 0.39 120.86 134.80 437.63 0.0295857
chair 0 0 -10 551.25 12.35 589.71 250.78 0.0283453
desk 0 0 -10 306.12 144.73 591.00 426.35 0.0280959
sofa 0 0 -10 1.15 120.89 128.73 407.28 0.0260815
table 0 0 -10 480.58 73.39 589.65 388.80 0.0236827
table 0 0 -10 166.57 153.25 260.82 227.40 0.0211513
table 0 0 -10 224.57 261.11 578.68 440.72 0.0209488
bed 0 0 -10 0.49 104.82 138.75 441.00 0.0189331
table 0 0 -10 372.00 2.61 586.91 157.30 0.0169402
chair 0 0 -10 5.87 107.42 81.01 406.20 0.0160451
chair 0 0 -10 533.89 173.31 590.30 435.18 0.0158689
table 0 0 -10 430.22 72.52 589.55 274.11 0.0145219
table 0 0 -10 321.53 46.77 582.25 292.14 0.0141972
table 0 0 -10 346.77 2.99 524.15 118.56 0.0135489
desk 0 0 -10 19.23 75.48 239.07 441.00 0.0123526
chair 0 0 -10 323.60 10.40 570.09 219.41 0.0117194
desk 0 0 -10 454.80 18.81 589.47 209.00 0.0107424
chair 0 0 -10 395.71 8.78 486.80 154.43 0.0094836
desk 0 0 -10 107.49 39.48 445.35 279.02 0.0083366
chair 0 0 -10 549.94 95.08 589.17 365.82 0.0082963
night_stand 0 0 -10 0.00 138.24 139.43 433.82 0.0081038
chair 0 0 -10 358.99 70.69 564.09 362.41 0.0078907
bed 0 0 -10 462.63 0.00 588.92 210.18 0.0074154
table 0 0 -10 3.22 312.08 97.20 441.00 0.0072956
table 0 0 -10 146.48 346.27 516.98 441.00 0.0069439
table 0 0 -10 517.25 155.81 590.43 434.23 0.0068840
table 0 0 -10 117.72 35.68 465.37 209.86 0.0062391
chair 0 0 -10 271.79 12.96 524.15 143.72 0.0061120
chair 0 0 -10 568.58 28.00 590.60 207.28 0.0060070
chair 0 0 -10 3.73 338.15 129.32 441.00 0.0058146
chair 0 0 -10 1.38 0.00 217.62 251.43 0.0057503
chair 0 0 -10 115.40 5.25 438.71 136.77 0.0056022
desk 0 0 -10 456.69 150.14 590.14 416.76 0.0055321
desk 0 0 -10 435.35 67.47 587.53 272.96 0.0053430
chair 0 0 -10 192.22 255.54 438.52 440.33 0.0053400
chair 0 0 -10 79.51 317.23 504.54 436.78 0.0051969
table 0 0 -10 82.97 20.28 449.30 133.85 0.0051329
chair 0 0 -10 166.41 152.24 261.55 226.74 0.0050808
table 0 0 -10 269.06 17.90 543.94 184.62 0.0049934
sofa 0 0 -10 5.15 88.07 457.01 441.00 0.0049653
table 0 0 -10 231.42 64.50 501.26 269.40 0.0048875
sofa 0 0 -10 460.78 0.00 588.42 207.68 0.0046317
sofa 0 0 -10 150.00 149.36 590.53 441.00 0.0046268
chair 0 0 -10 567.23 108.01 590.37 219.95 0.0045315
bed 0 0 -10 0.21 75.48 77.39 396.55 0.0041085
chair 0 0 -10 60.60 12.70 275.73 385.76 0.0039590
table 0 0 -10 72.91 292.26 488.16 440.48 0.0039353
table 0 0 -10 388.77 81.49 513.35 241.50 0.0038327
desk 0 0 -10 506.87 50.49 590.05 405.39 0.0036753
table 0 0 -10 267.89 364.95 577.73 441.00 0.0035659
chair 0 0 -10 517.49 105.03 590.94 273.46 0.0034224
bookshelf 0 0 -10 2.55 57.56 98.08 414.21 0.0033809
chair 0 0 -10 572.55 136.34 590.22 161.40 0.0031291
table 0 0 -10 417.71 234.84 584.41 441.00 0.0028325
table 0 0 -10 124.89 85.34 399.13 347.99 0.0028291
table 0 0 -10 540.68 262.86 590.20 441.00 0.0027419
chair 0 0 -10 211.41 23.16 439.26 194.44 0.0027081
bookshelf 0 0 -10 468.33 0.00 587.62 206.41 0.0027070
chair 0 0 -10 3.26 159.46 120.16 346.99 0.0026594
chair 0 0 -10 334.99 0.00 474.72 88.37 0.0025292
toilet 0 0 -10 0.54 120.00 128.58 392.73 0.0024891
chair 0 0 -10 0.49 19.55 93.57 286.20 0.0024656
desk 0 0 -10 4.98 124.22 80.08 402.48 0.0024400
table 0 0 -10 500.94 112.75 589.12 286.26 0.0023928
table 0 0 -10 397.82 64.60 586.15 178.46 0.0023789
table 0 0 -10 556.20 149.18 590.32 439.35 0.0023686
chair 0 0 -10 555.03 132.46 589.35 182.83 0.0022115
bed 0 0 -10 4.75 61.18 453.92 441.00 0.0021480
bed 0 0 -10 307.80 146.31 581.05 441.00 0.0021180
dresser 0 0 -10 466.38 0.46 588.76 207.79 0.0020367
bed 0 0 -10 0.00 18.36 95.05 275.41 0.0019568
table 0 0 -10 389.44 6.53 491.13 155.38 0.0019072
table 0 0 -10 355.87 54.58 465.50 219.64 0.0018915
chair 0 0 -10 579.45 22.85 591.00 223.57 0.0018849
