desk 0 0 -10 4.04 249.66 349.84 440.30 0.8450059
bookshelf 0 0 -10 423.46 2.16 557.16 342.51 0.7100973
bookshelf 0 0 -10 277.84 4.80 542.11 399.81 0.1922422
table 0 0 -10 14.37 260.91 332.55 434.07 0.1007863
dresser 0 0 -10 34.42 256.42 377.89 440.70 0.0532782
desk 0 0 -10 15.55 265.17 319.85 353.09 0.0526258
bookshelf 0 0 -10 485.31 0.00 554.30 313.52 0.0365274
desk 0 0 -10 22.11 199.54 574.56 429.81 0.0343399
dresser 0 0 -10 0.09 247.34 33.95 434.68 0.0309435
table 0 0 -10 575.83 266.10 590.22 430.82 0.0300277
chair 0 0 -10 573.18 227.10 591.00 409.28 0.0296462
bookshelf 0 0 -10 44.50 0.00 541.06 428.88 0.0291982
chair 0 0 -10 156.15 320.55 569.30 438.84 0.0200664
bed 0 0 -10 164.29 341.43 561.14 437.64 0.0190983
table 0 0 -10 562.53 274.41 589.67 412.55 0.0169393
desk 0 0 -10 13.60 181.35 307.02 355.91 0.0138145
chair 0 0 -10 560.48 183.77 590.47 416.54 0.0136864
chair 0 0 -10 581.00 275.36 590.83 426.44 0.0095975
table 0 0 -10 44.79 255.99 321.00 354.47 0.0093332
sofa 0 0 -10 162.76 343.69 557.81 439.50 0.0089712
dresser 0 0 -10 78.95 6.92 580.66 420.37 0.0082957
chair 0 0 -10 564.56 276.31 591.00 433.81 0.0082950
desk 0 0 -10 0.00 20.42 438.83 418.18 0.0078062
table 0 0 -10 582.52 253.38 590.63 430.29 0.0077301
bookshelf 0 0 -10 310.43 25.58 436.03 377.00 0.0077098
dresser 0 0 -10 307.34 13.55 414.95 345.96 0.0075269
dresser 0 0 -10 303.42 16.46 567.04 379.47 0.0068571
dresser 0 0 -10 3.89 105.80 395.50 425.32 0.0066416
desk 0 0 -10 120.41 319.28 563.85 438.62 0.0066126
table 0 0 -10 125.35 319.41 552.77 439.07 0.0064279
chair 0 0 -10 18.29 272.54 316.10 434.68 0.0058487
dresser 0 0 -10 310.17 6.85 414.49 175.12 0.0055882
night_stand 0 0 -10 44.48 257.67 375.82 438.27 0.0054587
bookshelf 0 0 -10 471.93 142.06 549.37 340.73 0.0052240
dresser 0 0 -10 420.94 12.75 569.69 339.38 0.0050370
dresser 0 0 -10 136.84 317.82 565.68 437.73 0.0048193
bathtub 0 0 -10 178.07 341.45 555.07 437.42 0.0047551
table 0 0 -10 29.88 208.47 558.54 429.00 0.0046040
chair 0 0 -10 586.04 280.29 590.83 403.54 0.0042356
bed 0 0 -10 34.38 242.98 378.46 441.00 0.0041739
chair 0 0 -10 584.01 207.09 591.00 419.34 0.0041056
bookshelf 0 0 -10 449.30 0.00 560.44 205.42 0.0040938
desk 0 0 -10 24.88 167.72 243.00 292.29 0.0039802
table 0 0 -10 587.49 273.47 590.86 431.42 0.0039633
sofa 0 0 -10 575.17 201.35 591.00 430.50 0.0038984
bookshelf 0 0 -10 437.87 76.68 475.01 352.19 0.0038366
chair 0 0 -10 532.37 162.40 590.34 424.39 0.0031507
chair 0 0 -10 300.15 0.00 430.64 242.05 0.0031327
bed 0 0 -10 574.82 195.41 591.00 430.85 0.0030512
table 0 0 -10 16.02 181.06 307.61 350.87 0.0030145
table 0 0 -10 566.05 317.78 589.69 390.78 0.0030050
table 0 0 -10 571.72 147.81 590.80 437.28 0.0027943
bathtub 0 0 -10 32.98 257.36 394.70 434.36 0.0027318
chair 0 0 -10 577.04 324.53 590.87 395.48 0.0026414
desk 0 0 -10 0.28 251.77 34.14 437.04 0.0026121
chair 0 0 -10 112.83 190.61 556.45 432.08 0.0025760
bookshelf 0 0 -10 40.78 250.60 375.20 441.00 0.0025527
dresser 0 0 -10 5.93 255.42 23.34 441.00 0.0025433
chair 0 0 -10 97.82 183.94 252.28 340.77 0.0024974
table 0 0 -10 576.92 324.76 590.13 395.07 0.0023753
bed 0 0 -10 33.56 163.79 568.83 433.65 0.0023683
chair 0 0 -10 566.13 318.22 590.80 390.28 0.0023566
night_stand 0 0 -10 0.59 303.96 36.13 431.03 0.0023294
chair 0 0 -10 582.04 250.28 588.57 387.43 0.0021638
table 0 0 -10 553.88 203.29 589.13 430.58 0.0021407
toilet 0 0 -10 573.32 223.37 591.00 406.07 0.0020775
bookshelf 0 0 -10 11.22 50.61 337.49 412.82 0.0020598
sofa 0 0 -10 186.55 384.94 527.61 441.00 0.0020158
desk 0 0 -10 276.79 8.64 572.27 379.34 0.0019934
table 0 0 -10 0.90 299.42 33.52 440.09 0.0019743
bathtub 0 0 -10 574.83 198.43 591.00 426.16 0.0019451
chair 0 0 -10 0.78 293.79 36.90 432.25 0.0017974
sofa 0 0 -10 36.15 262.89 541.34 441.00 0.0017971
chair 0 0 -10 415.02 6.02 568.00 338.69 0.0017272
bookshelf 0 0 -10 442.90 52.30 497.38 345.84 0.0017141
bookshelf 0 0 -10 475.99 0.00 561.43 131.66 0.0016581
chair 0 0 -10 496.60 253.62 590.46 428.80 0.0016162
chair 0 0 -10 203.00 247.07 539.07 405.91 0.0015923
table 0 0 -10 590.95 279.38 591.00 413.48 0.0015922
chair 0 0 -10 588.11 258.47 590.87 395.46 0.0015682
dresser 0 0 -10 2.45 294.89 9.77 437.25 0.0015553
bookshelf 0 0 -10 307.73 1.18 418.48 233.79 0.0015107
bookshelf 0 0 -10 214.69 172.22 542.15 410.77 0.0014469
desk 0 0 -10 415.35 8.92 570.54 337.18 0.0013924
table 0 0 -10 569.60 250.05 590.18 379.14 0.0013682
bookshelf 0 0 -10 524.59 4.73 565.03 269.60 0.0013192
dresser 0 0 -10 0.00 136.72 39.78 420.37 0.0012898
chair 0 0 -10 590.95 271.64 591.00 410.41 0.0012463
table 0 0 -10 589.94 279.54 590.96 410.50 0.0012379
bed 0 0 -10 189.91 385.40 530.09 440.55 0.0012351
desk 0 0 -10 573.67 222.35 590.99 403.95 0.0012103
chair 0 0 -10 522.23 148.17 569.99 338.51 0.0011957
bookshelf 0 0 -10 341.78 3.01 558.11 242.16 0.0011560
chair 0 0 -10 589.87 274.49 590.96 410.84 0.0011482
dresser 0 0 -10 574.98 197.70 591.00 429.69 0.0011302
toilet 0 0 -10 51.56 255.41 381.85 441.00 0.0011090
dresser 0 0 -10 5.34 304.73 14.63 438.88 0.0011019
bookshelf 0 0 -10 447.50 98.89 576.17 400.34 0.0010849
chair 0 0 -10 178.45 5.25 553.85 402.69 0.0010822
chair 0 0 -10 121.63 251.62 247.92 355.83 0.0010821
