bed 0 0 -10 0.00 52.59 577.48 441.00 0.9462044
night_stand 0 0 -10 434.25 217.50 590.31 441.00 0.2347803
sofa 0 0 -10 0.20 25.33 581.28 441.00 0.2288102
dresser 0 0 -10 410.45 221.68 589.55 436.31 0.0682458
sofa 0 0 -10 224.92 16.73 554.29 360.85 0.0491383
chair 0 0 -10 401.07 185.99 588.61 436.80 0.0327491
table 0 0 -10 9.15 104.54 517.91 441.00 0.0231087
bed 0 0 -10 401.73 188.84 590.76 441.00 0.0156412
table 0 0 -10 431.54 214.33 577.48 432.04 0.0143084
sofa 0 0 -10 360.17 4.33 576.24 105.66 0.0110763
bed 0 0 -10 0.00 124.76 266.29 441.00 0.0102013
chair 0 0 -10 521.99 61.44 585.99 259.73 0.0099546
sofa 0 0 -10 414.31 196.89 591.00 441.00 0.0093844
desk 0 0 -10 407.93 218.80 589.61 438.71 0.0065071
bed 0 0 -10 366.91 73.32 571.43 371.60 0.0062432
bed 0 0 -10 217.28 66.30 559.79 340.19 0.0058429
chair 0 0 -10 280.04 34.06 564.21 418.69 0.0055400
toilet 0 0 -10 395.46 201.30 591.00 441.00 0.0054553
sofa 0 0 -10 35.70 8.05 529.30 198.42 0.0053886
desk 0 0 -10 0.00 52.15 554.46 441.00 0.0045734
chair 0 0 -10 550.80 60.78 589.09 292.96 0.0043001
chair 0 0 -10 492.41 214.56 585.98 434.95 0.0042367
bathtub 0 0 -10 387.56 228.61 591.00 438.24 0.0038741
table 0 0 -10 517.53 78.34 587.59 250.22 0.0037746
chair 0 0 -10 10.90 139.97 397.23 441.00 0.0036065
night_stand 0 0 -10 386.27 131.45 567.47 416.36 0.0035912
dresser 0 0 -10 0.00 123.14 540.06 441.00 0.0035317
sofa 0 0 -10 299.57 59.28 533.78 237.82 0.0033987
chair 0 0 -10 3.69 152.13 72.90 426.49 0.0032730
chair 0 0 -10 459.30 56.96 591.00 300.35 0.0030220
bed 0 0 -10 507.45 67.67 589.72 256.69 0.0030138
chair 0 0 -10 22.43 23.02 543.98 432.36 0.0026937
bed 0 0 -10 276.25 139.14 570.02 437.53 0.0026598
table 0 0 -10 543.73 320.50 588.61 441.00 0.0026464
table 0 0 -10 3.96 134.25 159.43 441.00 0.0025417
sofa 0 0 -10 373.94 70.07 567.29 366.78 0.0023359
dresser 0 0 -10 374.57 108.39 566.18 413.90 0.0021736
chair 0 0 -10 537.50 212.24 590.35 435.91 0.0020176
table 0 0 -10 6.77 148.96 69.27 420.64 0.0019380
bathtub 0 0 -10 0.36 151.83 535.11 437.03 0.0018312
bed 0 0 -10 460.71 52.72 591.00 298.70 0.0017288
dresser 0 0 -10 491.23 69.11 588.50 386.25 0.0017251
dresser 0 0 -10 537.31 290.08 590.20 441.00 0.0017224
night_stand 0 0 -10 20.63 112.51 505.04 441.00 0.0016009
dresser 0 0 -10 239.34 45.67 563.72 427.21 0.0015047
sofa 0 0 -10 81.97 1.61 405.22 128.55 0.0013387
desk 0 0 -10 518.25 73.53 589.77 248.80 0.0013315
table 0 0 -10 512.77 177.09 584.51 441.00 0.0013148
bookshelf 0 0 -10 18.48 5.92 555.84 422.32 0.0012942
chair 0 0 -10 379.51 64.94 562.96 362.05 0.0012569
dresser 0 0 -10 528.61 84.12 587.84 236.65 0.0011796
chair 0 0 -10 0.53 145.17 197.84 441.00 0.0011003
night_stand 0 0 -10 518.43 194.04 589.52 439.17 0.0010586
bookshelf 0 0 -10 407.29 188.14 589.99 435.98 0.0010088
bed 0 0 -10 0.00 6.19 426.00 217.43 0.0010039
dresser 0 0 -10 421.17 186.34 557.50 379.44 0.0009655
bathtub 0 0 -10 543.82 318.33 591.00 438.53 0.0009106
bed 0 0 -10 0.10 128.92 91.98 437.35 0.0008487
table 0 0 -10 376.69 95.12 566.79 381.86 0.0008266
dresser 0 0 -10 2.84 120.20 95.11 421.80 0.0008221
sofa 0 0 -10 1.70 109.35 369.36 433.43 0.0008041
dresser 0 0 -10 503.74 52.97 590.73 261.71 0.0007906
chair 0 0 -10 533.05 132.32 589.93 249.84 0.0007772
bed 0 0 -10 9.73 260.08 427.38 438.76 0.0007675
chair 0 0 -10 241.10 255.33 572.98 437.92 0.0007537
dresser 0 0 -10 517.43 178.40 587.53 438.13 0.0007389
table 0 0 -10 96.57 0.00 357.34 115.73 0.0007377
chair 0 0 -10 0.00 182.85 141.17 363.94 0.0007266
table 0 0 -10 468.07 71.60 590.43 295.21 0.0007256
chair 0 0 -10 0.14 215.57 88.78 354.87 0.0006981
sofa 0 0 -10 365.47 2.97 585.44 55.70 0.0006942
chair 0 0 -10 258.89 58.11 551.23 251.07 0.0006938
table 0 0 -10 247.67 332.82 546.56 439.41 0.0006885
sofa 0 0 -10 213.15 2.79 540.15 136.79 0.0006803
sofa 0 0 -10 530.68 82.21 588.86 237.91 0.0006613
chair 0 0 -10 67.39 336.64 322.13 441.00 0.0006521
table 0 0 -10 450.17 155.01 585.37 354.93 0.0006399
sofa 0 0 -10 183.41 27.54 488.09 250.02 0.0006195
toilet 0 0 -10 15.69 90.87 482.00 440.52 0.0006049
table 0 0 -10 546.72 99.39 585.52 242.13 0.0005949
table 0 0 -10 303.44 221.24 581.01 441.00 0.0005641
table 0 0 -10 550.07 55.77 589.18 304.28 0.0005569
sofa 0 0 -10 289.29 141.41 568.95 436.74 0.0005445
night_stand 0 0 -10 538.89 298.56 591.00 439.87 0.0005259
bed 0 0 -10 118.99 58.22 519.09 238.98 0.0005198
bathtub 0 0 -10 487.25 221.02 590.47 441.00 0.0004804
desk 0 0 -10 245.43 330.90 558.20 438.20 0.0004750
table 0 0 -10 20.36 4.45 497.90 173.45 0.0004653
table 0 0 -10 536.84 146.13 588.43 213.79 0.0004577
sofa 0 0 -10 419.72 41.49 577.94 261.87 0.0004488
chair 0 0 -10 443.39 144.78 587.80 340.89 0.0004463
desk 0 0 -10 5.43 144.30 70.14 417.13 0.0004455
sofa 0 0 -10 15.80 216.50 530.35 441.00 0.0004273
chair 0 0 -10 568.98 77.34 590.80 269.93 0.0004194
desk 0 0 -10 371.21 86.79 567.87 376.66 0.0004185
night_stand 0 0 -10 254.08 76.23 565.77 435.38 0.0004129
chair 0 0 -10 0.00 12.61 123.89 260.72 0.0004021
chair 0 0 -10 549.82 312.15 591.00 440.24 0.0003953
dresser 0 0 -10 4.14 147.60 51.76 426.48 0.0003943
desk 0 0 -10 0.00 131.50 160.10 433.82 0.0003916
