desk 0 0 -10 236.10 257.52 516.12 439.41 0.9415101
table 0 0 -10 242.52 260.45 532.14 440.64 0.1398502
dresser 0 0 -10 230.65 260.95 533.69 441.00 0.0348675
chair 0 0 -10 300.19 280.77 511.74 432.34 0.0185827
desk 0 0 -10 245.54 264.09 527.39 360.14 0.0181014
desk 0 0 -10 175.15 110.03 552.87 417.92 0.0133160
bookshelf 0 0 -10 148.24 0.00 563.49 441.00 0.0107221
table 0 0 -10 247.83 263.64 527.09 355.60 0.0100501
night_stand 0 0 -10 232.10 258.33 531.97 441.00 0.0095242
dresser 0 0 -10 517.25 169.06 590.16 432.99 0.0075668
bookshelf 0 0 -10 225.23 135.56 531.64 431.25 0.0071856
desk 0 0 -10 516.07 191.82 588.25 436.69 0.0049484
dresser 0 0 -10 194.94 94.09 552.13 423.47 0.0032391
desk 0 0 -10 155.79 348.29 531.10 433.93 0.0031121
desk 0 0 -10 274.17 163.38 510.47 303.50 0.0027923
bed 0 0 -10 209.72 237.99 547.98 441.00 0.0025511
bathtub 0 0 -10 154.22 253.84 554.90 432.39 0.0016838
dresser 0 0 -10 524.81 4.47 589.81 131.44 0.0016586
dresser 0 0 -10 485.68 45.13 589.41 424.28 0.0015047
table 0 0 -10 88.57 348.12 480.75 438.56 0.0014566
sofa 0 0 -10 219.99 254.03 549.23 440.74 0.0014132
chair 0 0 -10 86.87 277.83 367.97 439.55 0.0012605
chair 0 0 -10 181.30 247.58 509.12 441.00 0.0012020
desk 0 0 -10 448.47 165.91 589.12 432.61 0.0011580
chair 0 0 -10 163.22 331.04 482.16 437.56 0.0011021
dresser 0 0 -10 305.56 156.80 462.56 278.75 0.0010309
table 0 0 -10 304.67 157.31 464.41 277.05 0.0010106
dresser 0 0 -10 158.35 347.30 522.87 433.83 0.0009869
bookshelf 0 0 -10 525.77 0.29 589.93 140.99 0.0009432
chair 0 0 -10 119.71 11.70 269.56 90.52 0.0009331
chair 0 0 -10 223.88 286.38 355.87 438.94 0.0009119
chair 0 0 -10 441.07 213.91 590.76 390.47 0.0009037
table 0 0 -10 184.01 140.88 540.97 422.82 0.0008967
chair 0 0 -10 396.53 232.46 526.47 388.38 0.0008476
toilet 0 0 -10 213.85 257.73 510.46 441.00 0.0007167
chair 0 0 -10 348.47 252.33 508.20 342.70 0.0007005
bookshelf 0 0 -10 487.05 21.17 587.62 433.07 0.0006844
table 0 0 -10 519.85 195.08 588.67 433.98 0.0006232
chair 0 0 -10 301.22 152.93 445.94 304.94 0.0005778
dresser 0 0 -10 531.25 16.53 591.00 307.27 0.0005735
bed 0 0 -10 54.68 0.00 545.95 441.00 0.0005209
chair 0 0 -10 519.70 0.00 591.00 148.72 0.0005056
bookshelf 0 0 -10 519.17 159.20 589.51 437.84 0.0004290
chair 0 0 -10 511.67 209.61 589.62 435.39 0.0004208
bookshelf 0 0 -10 531.70 0.00 591.00 267.28 0.0003965
bookshelf 0 0 -10 294.68 130.63 460.22 282.88 0.0003843
dresser 0 0 -10 1.56 233.54 104.09 408.59 0.0003717
chair 0 0 -10 348.37 204.17 566.37 427.92 0.0003688
desk 0 0 -10 368.90 190.30 550.68 430.55 0.0003684
dresser 0 0 -10 531.82 279.77 589.28 439.53 0.0003666
chair 0 0 -10 51.08 357.59 368.24 439.87 0.0003612
dresser 0 0 -10 96.81 9.49 591.00 347.05 0.0003326
desk 0 0 -10 294.76 218.78 556.19 352.70 0.0003176
desk 0 0 -10 523.21 0.89 591.00 135.24 0.0003147
bookshelf 0 0 -10 264.17 255.63 521.81 438.65 0.0003134
bookshelf 0 0 -10 104.55 6.50 260.40 68.98 0.0002995
bed 0 0 -10 84.18 352.07 479.08 439.60 0.0002776
chair 0 0 -10 529.57 286.87 590.14 440.96 0.0002583
desk 0 0 -10 9.72 327.28 434.06 439.27 0.0002559
bed 0 0 -10 0.00 239.69 122.33 432.94 0.0002286
desk 0 0 -10 294.90 176.25 464.33 273.70 0.0002267
table 0 0 -10 523.08 1.41 589.38 138.05 0.0002245
chair 0 0 -10 0.58 250.34 124.30 434.05 0.0002219
bookshelf 0 0 -10 232.86 4.55 566.67 248.18 0.0002183
desk 0 0 -10 478.74 268.26 590.34 441.00 0.0002182
dresser 0 0 -10 4.16 217.48 44.13 400.18 0.0002148
sofa 0 0 -10 79.61 354.33 475.56 440.56 0.0002100
dresser 0 0 -10 567.71 106.14 588.69 434.22 0.0002096
dresser 0 0 -10 128.65 28.75 310.04 365.90 0.0002069
chair 0 0 -10 294.04 211.00 481.78 377.26 0.0002023
bathtub 0 0 -10 82.57 347.99 474.30 439.22 0.0001955
bookshelf 0 0 -10 132.33 27.99 307.07 371.05 0.0001953
dresser 0 0 -10 515.67 206.78 591.00 328.28 0.0001927
table 0 0 -10 3.56 242.62 78.15 428.24 0.0001901
bed 0 0 -10 54.83 48.96 171.46 403.76 0.0001831
chair 0 0 -10 0.00 199.10 53.21 425.28 0.0001791
sofa 0 0 -10 106.24 12.14 259.31 67.57 0.0001685
bookshelf 0 0 -10 81.37 5.47 378.56 425.46 0.0001648
chair 0 0 -10 389.96 82.78 415.41 155.82 0.0001629
chair 0 0 -10 249.87 213.86 309.73 291.25 0.0001615
chair 0 0 -10 93.48 3.47 215.88 85.41 0.0001551
chair 0 0 -10 252.65 369.25 489.59 439.92 0.0001406
bathtub 0 0 -10 134.85 13.50 571.88 394.14 0.0001398
table 0 0 -10 1.09 230.29 31.97 441.00 0.0001300
bed 0 0 -10 16.04 13.80 257.21 424.51 0.0001291
bed 0 0 -10 99.03 10.46 260.90 69.86 0.0001266
desk 0 0 -10 348.34 300.93 558.96 441.00 0.0001257
table 0 0 -10 191.99 0.92 531.22 84.86 0.0001198
bathtub 0 0 -10 1.16 228.08 113.10 403.07 0.0001191
dresser 0 0 -10 87.92 206.23 524.52 435.78 0.0001169
night_stand 0 0 -10 96.73 353.24 476.13 437.84 0.0001143
dresser 0 0 -10 78.52 15.95 381.39 436.02 0.0001132
table 0 0 -10 517.98 301.15 589.83 343.82 0.0001122
table 0 0 -10 83.65 9.80 569.39 362.87 0.0001105
table 0 0 -10 96.61 11.49 259.02 69.36 0.0001105
desk 0 0 -10 60.95 0.93 591.00 353.74 0.0001101
bookshelf 0 0 -10 144.66 34.80 397.55 264.98 0.0001091
chair 0 0 -10 218.66 112.52 526.87 431.22 0.0001073
desk 0 0 -10 530.66 282.56 590.57 441.00 0.0001060
night_stand 0 0 -10 297.72 145.57 461.29 278.58 0.0001055
