chair 0 0 -10 177.56 24.19 263.08 157.44 0.9876511
chair 0 0 -10 453.19 1.74 534.33 150.44 0.9747391
chair 0 0 -10 1.12 239.54 138.73 432.46 0.9672257
chair 0 0 -10 363.72 15.47 446.31 128.31 0.9638746
chair 0 0 -10 299.57 76.06 363.97 161.10 0.9558730
table 0 0 -10 504.21 113.74 591.00 249.78 0.6765471
chair 0 0 -10 242.53 28.13 304.01 140.92 0.5502587
chair 0 0 -10 289.51 18.88 362.03 137.70 0.4786502
desk 0 0 -10 501.94 100.38 589.01 257.12 0.3363354
table 0 0 -10 128.14 163.92 214.60 281.29 0.3198453
table 0 0 -10 495.74 102.76 591.00 184.57 0.2112477
chair 0 0 -10 427.34 10.60 513.67 131.82 0.1710441
desk 0 0 -10 124.37 164.97 223.18 287.51 0.0944821
table 0 0 -10 461.36 67.55 586.69 247.08 0.0891827
chair 0 0 -10 290.03 18.24 475.13 131.87 0.0888624
desk 0 0 -10 534.86 137.72 590.89 246.73 0.0745039
chair 0 0 -10 544.03 55.02 591.00 224.59 0.0697397
table 0 0 -10 548.33 124.00 590.58 253.87 0.0684901
chair 0 0 -10 208.96 23.41 361.72 148.76 0.0645426
chair 0 0 -10 475.79 14.78 574.38 182.50 0.0505524
chair 0 0 -10 425.94 19.68 475.85 118.92 0.0467840
table 0 0 -10 236.76 56.55 348.12 142.79 0.0458363
chair 0 0 -10 537.37 140.91 589.45 246.93 0.0409602
table 0 0 -10 247.59 43.34 298.34 138.42 0.0369311
table 0 0 -10 415.66 32.88 577.85 206.20 0.0359151
chair 0 0 -10 379.34 1.57 567.34 127.69 0.0356035
desk 0 0 -10 416.88 42.92 553.07 158.70 0.0322028
chair 0 0 -10 564.25 65.95 591.00 204.37 0.0309482
chair 0 0 -10 127.04 122.50 207.97 260.01 0.0308911
table 0 0 -10 4.66 131.20 74.00 245.43 0.0306702
desk 0 0 -10 428.20 40.65 576.36 247.00 0.0288072
chair 0 0 -10 203.68 32.34 288.46 143.76 0.0285716
desk 0 0 -10 247.63 40.09 297.81 138.64 0.0269242
chair 0 0 -10 547.16 92.00 591.00 173.47 0.0260349
chair 0 0 -10 292.30 71.42 358.31 128.44 0.0250197
table 0 0 -10 390.46 35.76 552.28 139.20 0.0229329
desk 0 0 -10 489.98 91.99 590.10 173.40 0.0226116
chair 0 0 -10 510.93 31.20 589.16 217.58 0.0202635
table 0 0 -10 300.06 72.88 358.73 151.84 0.0184052
desk 0 0 -10 130.80 177.81 200.05 257.84 0.0173876
chair 0 0 -10 366.12 11.88 422.22 83.42 0.0173253
table 0 0 -10 131.99 181.79 200.10 251.79 0.0168221
table 0 0 -10 2.04 225.50 122.12 432.22 0.0164697
bookshelf 0 0 -10 244.85 15.74 297.31 136.54 0.0157936
table 0 0 -10 125.14 125.48 207.92 239.53 0.0152688
chair 0 0 -10 507.48 99.57 586.23 181.01 0.0151584
chair 0 0 -10 111.42 27.11 283.22 160.33 0.0147937
chair 0 0 -10 259.98 38.90 371.81 172.85 0.0145658
desk 0 0 -10 248.27 41.67 338.18 152.11 0.0141957
chair 0 0 -10 164.63 168.69 275.68 289.77 0.0132283
table 0 0 -10 531.43 107.04 591.00 168.68 0.0115426
table 0 0 -10 0.24 125.20 107.08 294.08 0.0115057
desk 0 0 -10 480.60 58.47 586.84 208.62 0.0101069
desk 0 0 -10 182.45 68.61 291.24 152.05 0.0097208
table 0 0 -10 193.06 26.21 389.69 141.29 0.0096316
table 0 0 -10 254.71 75.43 316.91 139.64 0.0095484
table 0 0 -10 118.08 158.77 270.20 298.32 0.0093929
table 0 0 -10 183.43 71.75 261.69 152.13 0.0088942
table 0 0 -10 297.77 101.52 352.11 162.64 0.0087467
desk 0 0 -10 354.41 35.14 579.06 178.22 0.0086625
table 0 0 -10 0.82 136.67 55.58 210.34 0.0079911
chair 0 0 -10 257.22 48.02 313.27 123.31 0.0079633
chair 0 0 -10 0.00 126.17 80.12 283.24 0.0078930
chair 0 0 -10 573.95 84.64 590.21 176.07 0.0068860
chair 0 0 -10 1.89 128.96 45.55 203.01 0.0065312
table 0 0 -10 296.39 37.28 354.58 131.43 0.0063698
chair 0 0 -10 316.48 45.57 414.58 133.64 0.0061152
table 0 0 -10 486.48 74.19 561.42 186.28 0.0057818
chair 0 0 -10 0.39 182.18 79.42 331.93 0.0056591
table 0 0 -10 454.45 60.71 578.81 169.94 0.0053634
desk 0 0 -10 365.73 36.81 522.68 134.82 0.0052624
chair 0 0 -10 359.94 14.95 406.01 119.39 0.0052154
desk 0 0 -10 557.22 90.70 589.08 256.72 0.0046978
desk 0 0 -10 188.99 22.38 391.18 143.86 0.0046610
table 0 0 -10 294.33 45.23 587.10 163.21 0.0046119
chair 0 0 -10 0.35 142.72 58.48 245.17 0.0045797
night_stand 0 0 -10 125.86 151.94 207.30 268.29 0.0045176
table 0 0 -10 194.78 66.98 303.76 144.24 0.0045013
table 0 0 -10 516.25 49.49 590.17 218.97 0.0044508
table 0 0 -10 124.99 118.72 176.41 154.54 0.0044328
table 0 0 -10 574.59 118.41 590.68 260.63 0.0043989
chair 0 0 -10 304.92 87.53 352.16 131.32 0.0043723
dresser 0 0 -10 244.28 22.45 298.36 134.71 0.0043563
table 0 0 -10 241.34 24.06 521.22 129.27 0.0043543
chair 0 0 -10 578.59 70.33 590.85 241.95 0.0042921
chair 0 0 -10 137.72 158.76 231.88 283.29 0.0042116
desk 0 0 -10 410.96 8.27 545.33 122.36 0.0040770
desk 0 0 -10 300.47 72.27 358.26 154.16 0.0040407
chair 0 0 -10 551.30 15.14 591.00 168.08 0.0040398
chair 0 0 -10 123.30 114.33 204.33 198.96 0.0039721
desk 0 0 -10 2.15 226.35 118.38 435.75 0.0039662
chair 0 0 -10 484.16 91.20 580.62 268.45 0.0039005
table 0 0 -10 559.30 93.63 590.31 219.08 0.0038877
desk 0 0 -10 5.59 130.98 74.14 245.93 0.0038386
chair 0 0 -10 0.00 146.99 123.00 373.91 0.0037948
chair 0 0 -10 286.31 35.18 336.37 119.90 0.0036013
sofa 0 0 -10 301.36 75.14 360.43 154.82 0.0034037
night_stand 0 0 -10 245.62 36.78 296.97 132.25 0.0033886
desk 0 0 -10 240.92 22.03 518.19 131.15 0.0032865
chair 0 0 -10 405.59 32.24 465.93 113.74 0.0031230
