bookshelf 0 0 -10 142.71 229.13 228.38 412.74 0.9519739
bookshelf 0 0 -10 4.88 341.49 389.21 439.66 0.7206672
bookshelf 0 0 -10 198.80 330.53 388.92 439.23 0.7173937
bed 0 0 -10 18.05 387.61 246.02 440.25 0.2540067
bookshelf 0 0 -10 146.29 234.51 227.58 321.16 0.1619155
bed 0 0 -10 1.71 359.20 178.47 441.00 0.1535722
table 0 0 -10 362.06 416.43 535.88 440.81 0.1377991
bathtub 0 0 -10 401.66 414.83 587.30 441.00 0.0946473
bed 0 0 -10 11.93 362.71 389.96 441.00 0.0804638
bookshelf 0 0 -10 81.56 293.40 444.42 434.83 0.0774369
table 0 0 -10 3.26 356.83 114.58 427.17 0.0594624
bookshelf 0 0 -10 202.70 305.58 261.29 426.25 0.0532136
bookshelf 0 0 -10 156.35 279.19 252.86 409.57 0.0524853
bookshelf 0 0 -10 258.90 338.36 357.83 437.05 0.0504723
bed 0 0 -10 37.78 396.11 126.97 440.48 0.0497189
sofa 0 0 -10 14.52 395.74 289.36 441.00 0.0435032
table 0 0 -10 29.14 396.90 190.64 441.00 0.0430847
bookshelf 0 0 -10 150.07 251.87 362.12 430.37 0.0413603
bookshelf 0 0 -10 235.22 330.35 321.45 437.23 0.0407784
bookshelf 0 0 -10 151.01 233.73 195.88 391.98 0.0350330
table 0 0 -10 410.42 397.72 554.30 441.00 0.0288181
bookshelf 0 0 -10 189.55 239.03 218.92 426.71 0.0260052
table 0 0 -10 5.23 360.38 187.48 441.00 0.0258863
sofa 0 0 -10 5.14 362.85 239.21 441.00 0.0236640
bed 0 0 -10 373.82 413.37 588.13 441.00 0.0236463
bookshelf 0 0 -10 69.65 381.71 368.63 438.94 0.0228881
table 0 0 -10 11.70 365.85 409.23 439.28 0.0227038
desk 0 0 -10 10.85 343.67 507.52 439.89 0.0206212
bookshelf 0 0 -10 171.66 234.87 212.08 413.09 0.0187241
bathtub 0 0 -10 401.26 379.74 589.14 440.02 0.0183977
chair 0 0 -10 1.32 358.73 115.65 441.00 0.0175630
toilet 0 0 -10 368.12 411.80 586.32 441.00 0.0166817
bathtub 0 0 -10 493.12 412.50 591.00 441.00 0.0147238
chair 0 0 -10 21.09 400.23 174.18 441.00 0.0143614
bed 0 0 -10 66.70 406.22 344.75 441.00 0.0120223
table 0 0 -10 370.72 426.59 493.66 440.62 0.0119088
bookshelf 0 0 -10 171.26 308.83 257.15 379.47 0.0108464
bathtub 0 0 -10 363.90 426.29 591.00 441.00 0.0101555
bookshelf 0 0 -10 227.53 338.69 531.37 437.75 0.0098479
sofa 0 0 -10 23.20 399.56 167.93 441.00 0.0096433
bookshelf 0 0 -10 202.98 244.16 227.03 429.22 0.0094430
chair 0 0 -10 362.72 415.63 546.65 440.66 0.0093770
bookshelf 0 0 -10 55.45 215.70 294.95 428.91 0.0093688
table 0 0 -10 72.40 398.71 289.93 440.35 0.0089350
table 0 0 -10 17.84 387.76 119.32 441.00 0.0086205
table 0 0 -10 367.59 359.47 587.73 439.91 0.0085358
chair 0 0 -10 133.81 234.76 232.24 415.16 0.0081242
dresser 0 0 -10 135.43 239.69 234.78 420.00 0.0078797
bookshelf 0 0 -10 182.98 332.86 304.89 435.91 0.0074950
bookshelf 0 0 -10 272.76 380.03 352.74 439.74 0.0074843
sofa 0 0 -10 36.48 363.63 422.19 437.82 0.0070461
dresser 0 0 -10 4.66 358.07 115.35 430.96 0.0068324
chair 0 0 -10 10.74 353.60 351.94 441.00 0.0067627
table 0 0 -10 214.78 330.59 398.85 435.11 0.0065982
table 0 0 -10 373.47 436.10 489.31 440.86 0.0062679
table 0 0 -10 370.13 438.76 485.09 440.99 0.0057455
bookshelf 0 0 -10 197.25 299.99 222.32 420.46 0.0054688
table 0 0 -10 284.10 417.63 490.66 440.94 0.0053250
bookshelf 0 0 -10 214.69 255.41 233.22 431.50 0.0053222
chair 0 0 -10 37.15 393.41 301.95 441.00 0.0051319
sofa 0 0 -10 3.96 362.81 121.21 439.88 0.0051253
bookshelf 0 0 -10 216.68 313.23 285.56 433.63 0.0049176
desk 0 0 -10 23.48 395.06 193.18 441.00 0.0049022
chair 0 0 -10 145.17 270.86 208.80 401.10 0.0047444
table 0 0 -10 92.70 396.09 173.29 440.67 0.0045972
dresser 0 0 -10 23.76 341.68 481.76 441.00 0.0043374
desk 0 0 -10 212.06 326.94 401.97 435.54 0.0043225
desk 0 0 -10 0.71 354.54 112.83 440.45 0.0042327
bed 0 0 -10 368.72 420.94 512.55 440.42 0.0042251
desk 0 0 -10 360.39 415.91 539.15 440.85 0.0041601
bookshelf 0 0 -10 355.30 331.71 585.88 439.20 0.0039707
bed 0 0 -10 72.03 396.11 156.03 441.00 0.0038051
night_stand 0 0 -10 5.21 358.73 115.17 429.32 0.0037995
bookshelf 0 0 -10 12.92 239.49 220.19 409.89 0.0037981
bathtub 0 0 -10 57.71 344.22 501.75 436.36 0.0037043
bathtub 0 0 -10 454.45 435.25 586.36 441.00 0.0035063
bookshelf 0 0 -10 266.94 340.25 308.32 435.20 0.0035032
bed 0 0 -10 0.36 281.07 233.20 433.46 0.0032446
bookshelf 0 0 -10 93.58 139.68 391.12 424.39 0.0031797
table 0 0 -10 370.94 385.28 516.42 438.29 0.0030840
bathtub 0 0 -10 412.39 434.43 547.03 441.00 0.0029178
desk 0 0 -10 129.93 237.09 237.01 414.70 0.0028059
table 0 0 -10 132.30 241.36 233.27 417.47 0.0027960
toilet 0 0 -10 398.10 378.80 585.42 440.51 0.0027620
bookshelf 0 0 -10 248.50 393.94 473.28 440.70 0.0026311
toilet 0 0 -10 56.79 341.26 478.60 441.00 0.0024496
night_stand 0 0 -10 359.69 416.88 543.92 440.88 0.0024365
bathtub 0 0 -10 341.61 343.77 591.00 437.64 0.0023863
desk 0 0 -10 0.00 373.47 320.86 441.00 0.0023733
desk 0 0 -10 67.97 398.42 293.95 439.93 0.0023137
chair 0 0 -10 368.14 308.67 580.84 439.92 0.0022753
table 0 0 -10 137.52 289.06 205.15 401.05 0.0022280
bookshelf 0 0 -10 2.34 351.48 124.99 438.23 0.0022265
sofa 0 0 -10 377.64 417.76 555.45 440.37 0.0021896
bed 0 0 -10 8.15 417.86 194.55 441.00 0.0021813
bookshelf 0 0 -10 99.55 408.38 391.29 439.95 0.0020315
table 0 0 -10 98.17 374.46 204.93 440.61 0.0019847
table 0 0 -10 411.03 434.47 543.01 441.00 0.0019762
toilet 0 0 -10 344.58 342.35 590.35 440.45 0.0019326
bathtub 0 0 -10 1.30 355.60 126.57 438.99 0.0019242
