bed 0 0 -10 1.56 120.17 224.78 441.00 0.9453087
chair 0 0 -10 397.71 136.44 590.37 380.46 0.8105075
bed 0 0 -10 3.25 47.37 366.17 441.00 0.1209060
table 0 0 -10 394.42 160.82 584.45 367.20 0.0601329
bed 0 0 -10 226.82 2.64 446.62 145.03 0.0431520
chair 0 0 -10 484.33 131.78 587.51 363.47 0.0259540
sofa 0 0 -10 6.47 94.22 289.03 436.21 0.0235736
chair 0 0 -10 13.37 124.09 224.26 441.00 0.0096197
table 0 0 -10 275.08 129.23 575.04 392.32 0.0092306
table 0 0 -10 83.26 124.14 545.27 428.12 0.0090067
chair 0 0 -10 550.52 161.67 590.12 385.86 0.0075179
table 0 0 -10 11.73 71.16 377.13 436.09 0.0064893
bed 0 0 -10 0.00 166.35 184.93 362.17 0.0053056
desk 0 0 -10 378.00 160.72 590.59 365.82 0.0046804
table 0 0 -10 129.50 4.53 469.31 133.58 0.0043530
chair 0 0 -10 530.97 121.09 590.51 344.87 0.0042695
sofa 0 0 -10 0.00 164.18 510.04 441.00 0.0033879
sofa 0 0 -10 390.02 155.61 591.00 382.09 0.0031969
table 0 0 -10 2.73 126.15 231.78 433.19 0.0026137
bookshelf 0 0 -10 130.42 0.00 461.66 128.23 0.0025361
bed 0 0 -10 92.31 0.69 501.33 156.08 0.0024716
chair 0 0 -10 546.67 244.44 589.68 330.39 0.0023232
table 0 0 -10 203.49 82.07 451.59 241.37 0.0022293
dresser 0 0 -10 128.81 3.75 466.15 127.77 0.0022260
bed 0 0 -10 0.27 137.25 85.06 435.90 0.0020365
bed 0 0 -10 3.72 288.93 256.95 441.00 0.0019344
dresser 0 0 -10 4.22 62.65 266.61 438.31 0.0017028
bookshelf 0 0 -10 188.25 1.37 284.50 90.54 0.0016954
chair 0 0 -10 562.22 192.43 589.95 327.42 0.0016341
table 0 0 -10 85.72 21.63 558.85 329.06 0.0015857
chair 0 0 -10 104.11 132.78 531.56 421.86 0.0015659
table 0 0 -10 268.17 111.27 406.78 256.33 0.0015479
toilet 0 0 -10 377.80 155.15 588.90 386.50 0.0014299
bed 0 0 -10 384.54 151.24 591.00 385.42 0.0013965
table 0 0 -10 242.54 128.47 466.36 281.90 0.0013948
bookshelf 0 0 -10 10.80 12.07 352.18 416.76 0.0013368
night_stand 0 0 -10 379.05 164.67 590.34 365.51 0.0012286
bathtub 0 0 -10 28.19 87.96 309.76 409.97 0.0012200
bed 0 0 -10 252.76 1.06 548.25 207.05 0.0012167
bed 0 0 -10 370.14 4.46 582.57 229.43 0.0011016
desk 0 0 -10 9.49 63.68 389.45 441.00 0.0010057
table 0 0 -10 0.34 57.20 272.07 228.51 0.0009630
desk 0 0 -10 275.13 125.40 583.98 397.07 0.0009434
chair 0 0 -10 223.62 0.61 433.87 137.61 0.0009047
chair 0 0 -10 474.70 247.97 589.50 326.18 0.0008876
bookshelf 0 0 -10 258.51 2.94 440.81 147.76 0.0008573
bed 0 0 -10 85.96 0.00 574.06 340.11 0.0008237
table 0 0 -10 48.23 60.97 424.12 239.08 0.0007431
bookshelf 0 0 -10 126.52 0.00 297.04 102.48 0.0007408
bed 0 0 -10 64.64 115.24 555.72 429.02 0.0007273
sofa 0 0 -10 128.35 8.18 469.41 124.32 0.0006914
bookshelf 0 0 -10 19.84 109.73 225.85 427.53 0.0006786
night_stand 0 0 -10 18.11 107.90 292.78 429.94 0.0006274
bed 0 0 -10 0.00 76.95 295.07 297.51 0.0006149
table 0 0 -10 172.85 70.29 261.84 159.63 0.0005906
desk 0 0 -10 125.26 5.04 478.84 130.01 0.0005857
bed 0 0 -10 0.00 157.71 43.87 438.93 0.0005843
table 0 0 -10 561.06 185.90 589.89 410.46 0.0005797
bathtub 0 0 -10 113.42 5.71 465.19 125.30 0.0005732
dresser 0 0 -10 400.53 161.45 589.67 386.84 0.0005664
bed 0 0 -10 0.00 23.17 170.30 327.39 0.0005573
table 0 0 -10 0.35 9.37 137.92 93.68 0.0005269
bathtub 0 0 -10 359.44 181.49 590.87 410.33 0.0005239
table 0 0 -10 32.96 92.37 290.78 307.68 0.0005207
table 0 0 -10 470.99 261.59 586.80 335.79 0.0005155
toilet 0 0 -10 15.66 119.19 231.62 441.00 0.0005107
table 0 0 -10 108.54 75.96 256.16 166.07 0.0005048
table 0 0 -10 382.63 80.04 453.90 192.92 0.0005007
table 0 0 -10 426.67 92.03 590.26 309.93 0.0004817
desk 0 0 -10 78.35 12.70 571.49 334.70 0.0004708
chair 0 0 -10 381.94 24.46 460.17 217.20 0.0004403
bookshelf 0 0 -10 404.06 154.19 589.28 388.14 0.0004184
sofa 0 0 -10 98.96 21.67 577.95 325.93 0.0004072
dresser 0 0 -10 390.89 78.26 466.64 182.73 0.0003874
dresser 0 0 -10 129.93 2.90 287.67 87.39 0.0003818
chair 0 0 -10 574.69 163.40 590.76 335.82 0.0003770
table 0 0 -10 118.38 1.96 270.53 82.55 0.0003758
desk 0 0 -10 1.86 123.42 231.46 441.00 0.0003730
chair 0 0 -10 433.02 79.28 585.30 318.07 0.0003246
chair 0 0 -10 507.66 199.45 585.48 418.59 0.0003159
bed 0 0 -10 122.36 1.13 292.40 91.87 0.0003059
bed 0 0 -10 30.78 356.21 500.57 440.87 0.0003008
chair 0 0 -10 580.53 194.91 591.00 354.51 0.0003008
dresser 0 0 -10 382.89 26.98 455.62 203.93 0.0002914
chair 0 0 -10 150.54 0.00 271.99 73.85 0.0002896
table 0 0 -10 261.59 3.08 431.73 133.30 0.0002844
chair 0 0 -10 561.94 258.78 590.13 320.29 0.0002841
sofa 0 0 -10 259.25 82.38 591.00 368.19 0.0002790
sofa 0 0 -10 130.34 5.57 289.15 87.02 0.0002691
table 0 0 -10 211.85 115.23 427.00 390.71 0.0002678
table 0 0 -10 396.86 180.85 461.99 262.70 0.0002607
dresser 0 0 -10 11.57 14.48 534.49 404.86 0.0002604
chair 0 0 -10 97.48 0.13 382.41 96.74 0.0002599
dresser 0 0 -10 257.68 5.37 440.42 144.62 0.0002535
bathtub 0 0 -10 2.95 66.40 295.83 268.95 0.0002535
bathtub 0 0 -10 10.39 73.79 543.58 421.85 0.0002519
night_stand 0 0 -10 199.95 83.29 260.84 155.29 0.0002515
bookshelf 0 0 -10 194.82 7.31 355.70 115.93 0.0002432
bed 0 0 -10 378.65 24.21 459.66 215.61 0.0002427
chair 0 0 -10 377.62 21.28 545.78 305.63 0.0002388
