toilet 0 0 -10 0.89 235.37 94.89 441.00 0.9866812
chair 0 0 -10 0.00 215.22 93.85 441.00 0.0228456
toilet 0 0 -10 0.91 216.31 44.78 419.97 0.0067835
table 0 0 -10 2.38 253.13 93.26 441.00 0.0066747
bathtub 0 0 -10 213.71 180.46 365.41 433.09 0.0060559
bathtub 0 0 -10 22.94 166.54 496.54 424.82 0.0045236
bathtub 0 0 -10 4.09 261.48 91.28 435.70 0.0041156
table 0 0 -10 0.58 357.77 81.45 441.00 0.0031507
bathtub 0 0 -10 6.75 223.54 326.54 427.34 0.0030411
dresser 0 0 -10 0.94 235.14 92.73 441.00 0.0027641
chair 0 0 -10 207.88 150.90 366.71 432.35 0.0026514
toilet 0 0 -10 0.00 350.80 87.91 440.11 0.0024127
toilet 0 0 -10 0.00 223.19 307.15 441.00 0.0020671
toilet 0 0 -10 0.00 168.01 65.32 395.02 0.0019269
bed 0 0 -10 0.40 232.55 91.64 441.00 0.0018503
sofa 0 0 -10 2.34 220.90 90.77 441.00 0.0018189
toilet 0 0 -10 210.71 166.59 362.45 437.35 0.0017533
bookshelf 0 0 -10 4.13 229.53 91.19 441.00 0.0016593
table 0 0 -10 0.86 229.43 50.51 434.15 0.0016350
bathtub 0 0 -10 244.48 247.70 365.41 395.95 0.0016043
night_stand 0 0 -10 3.81 248.05 95.21 441.00 0.0014780
desk 0 0 -10 0.00 244.34 94.47 441.00 0.0014391
bathtub 0 0 -10 288.52 222.77 358.19 384.18 0.0013614
dresser 0 0 -10 206.12 122.56 388.12 432.51 0.0012606
toilet 0 0 -10 287.41 225.02 357.96 392.58 0.0011546
table 0 0 -10 436.89 428.57 582.21 440.99 0.0010388
bathtub 0 0 -10 6.33 234.09 158.35 423.63 0.0010163
table 0 0 -10 323.25 413.78 576.88 440.92 0.0009748
bathtub 0 0 -10 325.28 236.35 396.64 437.06 0.0009528
bathtub 0 0 -10 70.33 295.03 586.89 438.75 0.0009156
bathtub 0 0 -10 320.87 221.74 363.64 389.30 0.0008333
chair 0 0 -10 161.71 278.03 414.69 438.55 0.0008099
table 0 0 -10 100.00 393.89 220.82 441.00 0.0007947
chair 0 0 -10 109.70 184.09 412.65 430.88 0.0007520
bathtub 0 0 -10 279.49 218.71 411.20 436.46 0.0007111
bathtub 0 0 -10 167.60 276.22 420.99 437.43 0.0006874
bathtub 0 0 -10 264.54 209.55 371.88 341.59 0.0006828
toilet 0 0 -10 320.49 223.82 362.69 395.68 0.0006740
bathtub 0 0 -10 311.19 266.48 360.95 335.83 0.0006692
table 0 0 -10 15.04 315.28 147.39 441.00 0.0006538
chair 0 0 -10 501.13 176.83 588.96 437.87 0.0006368
table 0 0 -10 472.42 417.59 582.48 441.00 0.0005760
chair 0 0 -10 296.35 211.18 361.44 398.17 0.0005727
toilet 0 0 -10 4.29 258.38 178.87 441.00 0.0005485
table 0 0 -10 508.26 170.21 587.13 441.00 0.0005436
toilet 0 0 -10 0.00 213.95 18.71 414.66 0.0005322
bookshelf 0 0 -10 214.30 120.39 382.30 438.22 0.0004859
table 0 0 -10 225.43 262.86 414.86 441.00 0.0004789
bookshelf 0 0 -10 149.34 37.91 425.62 432.69 0.0004789
bookshelf 0 0 -10 245.51 4.08 537.82 438.17 0.0004724
bathtub 0 0 -10 329.88 254.95 474.56 333.91 0.0004724
bathtub 0 0 -10 289.71 259.75 415.72 335.24 0.0004714
dresser 0 0 -10 233.87 8.05 546.00 437.27 0.0004713
table 0 0 -10 0.26 252.62 11.45 427.33 0.0004635
toilet 0 0 -10 7.40 158.85 473.81 439.89 0.0004549
toilet 0 0 -10 320.06 263.64 359.87 329.93 0.0004171
bathtub 0 0 -10 2.22 186.98 73.14 411.78 0.0004146
bathtub 0 0 -10 339.67 210.02 376.79 425.40 0.0004077
chair 0 0 -10 56.68 300.05 573.16 439.61 0.0004021
table 0 0 -10 3.38 248.58 8.47 426.62 0.0003987
sofa 0 0 -10 327.66 412.75 582.35 441.00 0.0003950
table 0 0 -10 155.42 353.02 553.66 440.07 0.0003942
bathtub 0 0 -10 11.67 25.36 434.38 389.60 0.0003926
chair 0 0 -10 0.00 231.48 307.83 434.35 0.0003890
table 0 0 -10 195.97 126.48 387.31 441.00 0.0003861
chair 0 0 -10 473.66 414.24 588.52 440.77 0.0003769
bed 0 0 -10 134.75 48.95 551.84 441.00 0.0003683
bathtub 0 0 -10 14.69 116.50 127.33 413.70 0.0003558
bathtub 0 0 -10 504.06 173.88 591.00 437.72 0.0003383
bathtub 0 0 -10 252.45 148.94 469.30 433.98 0.0003357
bathtub 0 0 -10 152.41 351.55 574.48 440.27 0.0003352
toilet 0 0 -10 5.80 232.84 23.68 428.98 0.0003346
toilet 0 0 -10 258.95 222.75 390.10 436.74 0.0003246
table 0 0 -10 70.94 287.46 553.45 441.00 0.0003235
bathtub 0 0 -10 6.33 127.31 270.90 353.75 0.0003102
bathtub 0 0 -10 65.25 386.52 222.50 441.00 0.0003040
chair 0 0 -10 340.44 149.73 577.26 438.53 0.0003039
sofa 0 0 -10 431.08 419.70 588.73 441.00 0.0003032
dresser 0 0 -10 6.20 20.55 437.07 419.83 0.0002967
toilet 0 0 -10 2.81 199.22 7.34 435.59 0.0002910
table 0 0 -10 492.78 431.68 583.33 440.71 0.0002783
chair 0 0 -10 315.27 109.90 435.40 432.66 0.0002737
chair 0 0 -10 324.29 198.98 374.25 423.07 0.0002617
bathtub 0 0 -10 199.69 299.36 366.40 405.16 0.0002605
table 0 0 -10 2.25 144.07 369.41 427.82 0.0002599
toilet 0 0 -10 4.56 211.61 14.25 434.62 0.0002580
chair 0 0 -10 276.98 197.87 406.62 429.45 0.0002545
table 0 0 -10 4.96 216.75 13.37 426.13 0.0002536
table 0 0 -10 44.74 376.89 207.81 441.00 0.0002518
chair 0 0 -10 405.16 274.38 584.85 437.54 0.0002501
table 0 0 -10 0.00 420.85 87.03 441.00 0.0002393
table 0 0 -10 0.00 5.24 318.41 151.93 0.0002344
chair 0 0 -10 331.27 411.19 585.05 440.99 0.0002283
table 0 0 -10 321.92 213.16 424.14 438.57 0.0002278
table 0 0 -10 157.49 250.22 286.11 439.69 0.0002226
chair 0 0 -10 179.65 335.35 359.46 441.00 0.0002209
bed 0 0 -10 324.84 414.01 588.78 441.00 0.0002200
desk 0 0 -10 203.13 0.00 559.93 430.37 0.0002178
bathtub 0 0 -10 127.74 136.42 375.16 385.52 0.0002175
chair 0 0 -10 515.22 419.45 590.18 439.54 0.0002158
