sofa 0 0 -10 29.56 191.12 333.01 432.36 0.8424962
sofa 0 0 -10 321.81 374.53 591.00 439.48 0.5168036
bed 0 0 -10 327.02 365.35 563.62 441.00 0.2974749
table 0 0 -10 315.25 278.13 487.44 348.05 0.0828747
chair 0 0 -10 286.26 352.68 591.00 441.00 0.0719239
chair 0 0 -10 24.00 183.23 327.49 441.00 0.0656120
table 0 0 -10 279.27 350.52 588.78 439.86 0.0572445
table 0 0 -10 277.75 230.69 485.99 344.60 0.0269192
sofa 0 0 -10 160.80 344.94 591.00 441.00 0.0235278
table 0 0 -10 244.06 276.26 489.96 398.79 0.0144968
bed 0 0 -10 162.54 346.08 583.26 441.00 0.0069843
table 0 0 -10 326.56 287.91 487.59 321.96 0.0069536
sofa 0 0 -10 254.46 286.27 580.22 436.46 0.0054186
table 0 0 -10 88.59 342.22 548.26 441.00 0.0052876
desk 0 0 -10 275.90 348.67 591.00 441.00 0.0047500
table 0 0 -10 13.92 258.47 354.37 438.81 0.0047413
night_stand 0 0 -10 1.06 291.72 42.38 409.89 0.0038199
bed 0 0 -10 20.33 191.52 337.11 441.00 0.0031591
chair 0 0 -10 315.46 277.70 591.00 436.58 0.0026933
table 0 0 -10 43.25 200.02 492.01 432.94 0.0026718
bed 0 0 -10 303.08 268.31 591.00 433.67 0.0022013
bookshelf 0 0 -10 397.88 4.54 581.50 327.38 0.0021431
table 0 0 -10 225.21 314.51 506.12 435.60 0.0018425
bathtub 0 0 -10 305.32 357.11 591.00 436.52 0.0016712
night_stand 0 0 -10 284.82 353.00 589.86 440.84 0.0016516
table 0 0 -10 564.44 155.06 588.99 395.41 0.0015946
table 0 0 -10 0.05 254.85 96.18 428.92 0.0014650
sofa 0 0 -10 4.63 94.62 502.56 417.92 0.0014185
dresser 0 0 -10 448.80 49.56 589.20 320.08 0.0013933
bookshelf 0 0 -10 314.97 349.53 590.06 435.33 0.0013254
dresser 0 0 -10 309.76 359.27 589.82 439.25 0.0012688
chair 0 0 -10 555.10 130.66 590.87 350.13 0.0011483
sofa 0 0 -10 314.03 275.39 510.48 396.67 0.0011450
night_stand 0 0 -10 5.08 293.93 82.36 415.92 0.0010659
sofa 0 0 -10 155.91 207.78 501.54 419.05 0.0010264
night_stand 0 0 -10 4.55 273.06 28.43 426.27 0.0009554
toilet 0 0 -10 268.42 348.20 590.53 440.11 0.0008538
table 0 0 -10 542.11 196.54 589.22 429.57 0.0008279
chair 0 0 -10 321.46 392.29 588.47 438.67 0.0008211
chair 0 0 -10 64.41 378.29 269.46 440.38 0.0007692
table 0 0 -10 324.28 230.33 446.80 316.55 0.0007682
chair 0 0 -10 119.00 393.78 236.63 440.31 0.0007476
table 0 0 -10 567.13 239.61 589.74 293.92 0.0007460
table 0 0 -10 189.53 222.58 566.94 416.12 0.0007366
chair 0 0 -10 208.73 217.36 575.13 427.56 0.0007342
bed 0 0 -10 184.92 210.21 584.06 421.82 0.0006847
table 0 0 -10 26.33 362.55 285.76 441.00 0.0006603
table 0 0 -10 571.35 191.19 589.87 351.97 0.0006155
table 0 0 -10 4.17 357.96 134.50 438.78 0.0005522
chair 0 0 -10 542.71 11.68 591.00 350.53 0.0005291
table 0 0 -10 1.36 240.50 30.68 433.88 0.0005114
sofa 0 0 -10 11.17 178.77 166.27 398.18 0.0004918
chair 0 0 -10 538.49 150.69 591.00 412.53 0.0004838
table 0 0 -10 323.48 393.49 584.66 440.01 0.0004746
bookshelf 0 0 -10 408.27 15.24 440.70 295.23 0.0004494
desk 0 0 -10 22.90 242.53 515.47 440.34 0.0004450
bed 0 0 -10 0.00 1.94 519.22 378.69 0.0004443
table 0 0 -10 225.60 161.96 476.87 360.08 0.0004252
bookshelf 0 0 -10 35.70 0.00 499.10 352.57 0.0004167
chair 0 0 -10 30.54 346.62 454.67 433.77 0.0003838
night_stand 0 0 -10 16.71 261.84 35.88 413.77 0.0003648
chair 0 0 -10 247.55 308.47 516.61 436.44 0.0003519
table 0 0 -10 410.21 273.97 586.87 429.94 0.0003420
chair 0 0 -10 244.67 0.00 331.31 46.47 0.0003245
table 0 0 -10 326.56 242.39 418.83 290.55 0.0003195
table 0 0 -10 1.19 156.34 45.55 421.41 0.0003194
night_stand 0 0 -10 2.18 273.43 17.79 430.34 0.0003096
table 0 0 -10 104.61 368.49 242.94 440.27 0.0002978
sofa 0 0 -10 264.12 238.87 486.01 383.93 0.0002945
desk 0 0 -10 226.91 276.68 563.95 430.41 0.0002929
table 0 0 -10 457.36 110.93 584.02 315.68 0.0002899
chair 0 0 -10 410.59 365.38 591.00 439.55 0.0002622
night_stand 0 0 -10 7.36 236.34 51.15 411.82 0.0002594
dresser 0 0 -10 0.81 128.89 45.50 417.27 0.0002587
sofa 0 0 -10 46.49 286.34 427.90 441.00 0.0002580
dresser 0 0 -10 285.14 100.47 329.96 253.49 0.0002551
table 0 0 -10 549.58 221.55 588.63 291.73 0.0002540
chair 0 0 -10 571.81 125.26 591.00 390.69 0.0002482
sofa 0 0 -10 383.67 406.51 591.00 441.00 0.0002434
table 0 0 -10 155.61 299.64 342.15 441.00 0.0002410
desk 0 0 -10 20.60 168.18 342.83 428.84 0.0002378
table 0 0 -10 507.53 320.12 588.38 437.37 0.0002357
table 0 0 -10 551.93 256.43 588.78 289.23 0.0002289
table 0 0 -10 232.22 253.39 399.20 440.29 0.0002285
sofa 0 0 -10 462.79 359.33 589.79 441.00 0.0002230
table 0 0 -10 556.98 278.89 589.87 437.84 0.0002214
table 0 0 -10 554.91 198.93 585.64 321.10 0.0002212
table 0 0 -10 580.00 160.94 590.28 404.19 0.0002088
table 0 0 -10 465.10 358.68 588.39 437.46 0.0002069
dresser 0 0 -10 0.57 163.09 24.04 438.69 0.0002065
table 0 0 -10 535.92 25.12 589.08 356.65 0.0001925
table 0 0 -10 574.93 86.47 590.42 360.95 0.0001889
desk 0 0 -10 423.01 1.58 591.00 326.43 0.0001870
table 0 0 -10 561.56 15.39 589.39 337.13 0.0001866
bookshelf 0 0 -10 34.14 63.00 326.97 395.77 0.0001823
table 0 0 -10 553.83 227.95 589.10 258.70 0.0001770
chair 0 0 -10 262.60 233.14 482.56 390.00 0.0001762
sofa 0 0 -10 561.42 179.59 589.73 427.28 0.0001746
dresser 0 0 -10 325.45 6.73 584.50 302.96 0.0001706
table 0 0 -10 5.60 228.93 17.69 439.53 0.0001689
