bathtub 0 0 -10 96.15 428.70 270.51 441.00 0.2938942
bed 0 0 -10 241.93 410.29 456.13 441.00 0.2695169
table 0 0 -10 232.13 409.83 452.81 439.73 0.2318796
bathtub 0 0 -10 180.87 421.93 239.23 440.78 0.1382380
bathtub 0 0 -10 117.45 433.30 241.24 441.00 0.1142479
bathtub 0 0 -10 128.38 436.67 247.91 441.00 0.0604957
sofa 0 0 -10 244.57 406.42 454.72 440.19 0.0551889
bathtub 0 0 -10 100.15 412.85 283.10 438.89 0.0540224
bed 0 0 -10 403.60 32.21 590.21 441.00 0.0506136
bathtub 0 0 -10 169.21 420.25 269.00 436.89 0.0430449
bathtub 0 0 -10 157.50 438.57 268.29 441.00 0.0404365
table 0 0 -10 256.73 401.81 440.90 427.71 0.0384696
bed 0 0 -10 272.16 400.86 583.06 441.00 0.0320456
bathtub 0 0 -10 174.06 436.31 282.90 441.00 0.0253758
chair 0 0 -10 215.29 299.56 504.33 439.25 0.0244850
toilet 0 0 -10 96.97 419.90 266.58 440.34 0.0211083
bathtub 0 0 -10 153.09 420.11 207.85 441.00 0.0182285
bed 0 0 -10 317.60 404.73 415.97 441.00 0.0177938
toilet 0 0 -10 146.71 427.12 243.39 440.93 0.0162277
bathtub 0 0 -10 185.88 418.62 217.40 440.63 0.0155878
bed 0 0 -10 161.55 391.04 479.08 441.00 0.0155848
table 0 0 -10 231.46 386.17 522.20 441.00 0.0130098
bathtub 0 0 -10 227.97 333.11 505.76 433.53 0.0124041
bathtub 0 0 -10 196.06 414.75 257.59 440.45 0.0111424
table 0 0 -10 238.83 410.80 349.08 440.30 0.0109965
toilet 0 0 -10 181.34 421.59 236.69 440.96 0.0109774
bed 0 0 -10 64.77 412.39 312.85 441.00 0.0108998
night_stand 0 0 -10 231.11 410.43 461.91 440.23 0.0098390
toilet 0 0 -10 62.30 411.22 302.80 441.00 0.0097861
bed 0 0 -10 225.65 331.82 507.78 438.20 0.0096252
table 0 0 -10 60.18 412.10 316.57 440.77 0.0094872
sofa 0 0 -10 228.44 305.21 501.65 437.44 0.0091689
bathtub 0 0 -10 71.84 381.98 275.49 436.79 0.0091515
toilet 0 0 -10 222.83 330.73 506.69 436.69 0.0086459
bathtub 0 0 -10 170.44 402.25 237.29 440.01 0.0080969
table 0 0 -10 97.60 419.98 272.45 440.43 0.0080760
bed 0 0 -10 162.62 407.29 384.28 441.00 0.0077055
bathtub 0 0 -10 137.00 389.43 474.80 439.81 0.0076417
chair 0 0 -10 238.31 399.06 470.31 437.52 0.0076313
sofa 0 0 -10 272.64 398.71 582.63 441.00 0.0076037
bathtub 0 0 -10 222.73 410.21 461.52 439.33 0.0075567
bed 0 0 -10 101.65 420.32 273.39 440.57 0.0074139
table 0 0 -10 318.48 405.40 412.54 440.80 0.0062841
table 0 0 -10 117.22 433.36 240.59 441.00 0.0059696
table 0 0 -10 144.96 427.23 244.92 440.86 0.0056136
bed 0 0 -10 74.81 16.30 573.95 441.00 0.0051867
desk 0 0 -10 261.30 403.18 417.61 440.52 0.0051810
chair 0 0 -10 145.73 404.70 347.90 441.00 0.0049234
toilet 0 0 -10 127.42 396.36 240.19 441.00 0.0048342
table 0 0 -10 349.41 386.98 582.52 440.64 0.0047405
table 0 0 -10 275.57 406.52 376.06 440.94 0.0046314
toilet 0 0 -10 85.29 430.89 274.63 441.00 0.0042972
bed 0 0 -10 148.11 427.56 245.61 441.00 0.0042381
toilet 0 0 -10 155.12 433.12 267.85 441.00 0.0041984
toilet 0 0 -10 180.09 405.43 229.22 441.00 0.0041907
table 0 0 -10 87.81 430.72 277.69 441.00 0.0041003
sofa 0 0 -10 345.24 34.48 584.97 437.65 0.0038153
bathtub 0 0 -10 115.44 438.96 213.16 441.00 0.0036942
table 0 0 -10 220.58 335.23 497.48 436.10 0.0036788
toilet 0 0 -10 169.74 420.25 264.79 437.29 0.0036673
dresser 0 0 -10 226.89 409.72 461.52 440.28 0.0035715
toilet 0 0 -10 226.41 409.08 458.10 440.13 0.0034716
sofa 0 0 -10 63.68 411.43 311.49 440.84 0.0034101
bed 0 0 -10 119.09 433.57 240.64 441.00 0.0033417
bathtub 0 0 -10 237.23 372.41 591.00 438.65 0.0033056
bathtub 0 0 -10 30.31 351.04 430.28 435.94 0.0032927
toilet 0 0 -10 143.01 388.12 459.82 441.00 0.0032169
table 0 0 -10 0.00 7.58 201.61 441.00 0.0032149
bed 0 0 -10 41.81 308.35 509.29 441.00 0.0032056
bathtub 0 0 -10 97.35 354.75 218.47 439.82 0.0031268
table 0 0 -10 179.71 422.12 240.37 440.92 0.0029539
chair 0 0 -10 281.54 403.35 407.16 440.50 0.0028776
toilet 0 0 -10 186.18 417.96 215.76 441.00 0.0028297
sofa 0 0 -10 160.27 389.77 482.26 441.00 0.0027935
bathtub 0 0 -10 227.63 378.68 450.91 425.04 0.0026934
bed 0 0 -10 257.99 400.85 423.88 428.96 0.0026906
bathtub 0 0 -10 153.27 370.71 251.81 439.59 0.0026626
dresser 0 0 -10 0.00 136.94 210.56 441.00 0.0026340
bed 0 0 -10 243.75 423.98 412.84 441.00 0.0026112
chair 0 0 -10 231.14 415.81 391.31 440.64 0.0025124
bed 0 0 -10 91.55 431.03 279.91 441.00 0.0024629
toilet 0 0 -10 70.83 381.72 271.98 439.42 0.0023828
dresser 0 0 -10 98.05 419.98 273.32 440.58 0.0023429
toilet 0 0 -10 160.94 412.06 217.43 441.00 0.0022934
table 0 0 -10 215.35 427.33 394.30 440.84 0.0022761
toilet 0 0 -10 169.98 404.90 276.71 441.00 0.0022647
table 0 0 -10 155.25 436.89 273.41 441.00 0.0022619
sofa 0 0 -10 268.05 399.67 445.25 421.28 0.0022136
bathtub 0 0 -10 0.00 422.48 221.89 441.00 0.0021974
bathtub 0 0 -10 66.08 331.56 260.06 438.53 0.0021893
toilet 0 0 -10 130.95 436.74 244.39 441.00 0.0020929
chair 0 0 -10 96.19 419.96 303.58 440.03 0.0020645
dresser 0 0 -10 163.35 429.51 264.18 440.00 0.0020590
bathtub 0 0 -10 6.81 371.18 221.18 440.38 0.0020440
toilet 0 0 -10 196.49 414.92 254.90 440.93 0.0020140
bathtub 0 0 -10 153.01 406.89 384.37 439.98 0.0019949
bathtub 0 0 -10 115.76 399.45 175.62 440.79 0.0019790
bed 0 0 -10 279.39 259.74 559.65 440.61 0.0019656
chair 0 0 -10 230.93 374.66 520.97 441.00 0.0019297
bathtub 0 0 -10 147.97 418.26 184.36 441.00 0.0018549
