bed 0 0 -10 25.92 125.81 505.58 441.00 0.8641673
table 0 0 -10 138.61 150.57 518.63 441.00 0.2506661
chair 0 0 -10 160.01 190.91 513.10 438.25 0.2267577
table 0 0 -10 323.04 164.17 485.69 302.48 0.1050642
table 0 0 -10 30.32 148.15 375.66 441.00 0.0519292
desk 0 0 -10 294.66 160.81 491.14 343.51 0.0506234
desk 0 0 -10 162.80 158.61 514.98 441.00 0.0453212
sofa 0 0 -10 159.71 170.46 526.86 441.00 0.0425241
chair 0 0 -10 337.83 179.88 480.11 312.70 0.0412315
bed 0 0 -10 245.52 160.66 514.94 441.00 0.0211342
chair 0 0 -10 31.92 195.42 361.08 441.00 0.0174884
bed 0 0 -10 0.00 154.69 260.80 441.00 0.0135087
table 0 0 -10 239.78 149.19 490.42 342.15 0.0131627
chair 0 0 -10 262.66 170.02 483.44 380.38 0.0111981
dresser 0 0 -10 170.04 168.43 506.77 441.00 0.0103291
night_stand 0 0 -10 179.21 177.17 501.27 428.73 0.0085765
chair 0 0 -10 0.00 38.78 48.37 218.08 0.0070203
desk 0 0 -10 0.00 117.24 405.91 441.00 0.0069790
table 0 0 -10 0.79 76.84 33.60 122.05 0.0069309
table 0 0 -10 0.00 118.95 42.24 218.73 0.0065208
chair 0 0 -10 354.68 148.92 465.96 267.61 0.0048917
desk 0 0 -10 347.41 168.79 481.77 302.05 0.0045557
sofa 0 0 -10 4.45 79.37 492.95 424.02 0.0041926
night_stand 0 0 -10 296.67 162.16 495.32 335.55 0.0035953
chair 0 0 -10 3.37 139.71 38.01 436.93 0.0028661
chair 0 0 -10 0.88 0.02 63.61 89.84 0.0026761
bookshelf 0 0 -10 164.11 170.77 500.23 435.71 0.0024110
bed 0 0 -10 35.51 134.94 349.31 365.72 0.0023133
chair 0 0 -10 127.44 282.59 316.45 439.04 0.0022915
chair 0 0 -10 196.03 141.86 451.75 323.97 0.0022765
table 0 0 -10 365.51 155.98 492.51 259.61 0.0022459
chair 0 0 -10 1.98 82.10 35.86 124.01 0.0022225
chair 0 0 -10 316.91 137.72 421.64 266.54 0.0021632
chair 0 0 -10 366.69 158.49 543.23 332.59 0.0021263
table 0 0 -10 4.74 106.36 210.07 234.24 0.0018606
night_stand 0 0 -10 0.55 72.47 37.50 130.19 0.0018455
dresser 0 0 -10 4.72 129.58 36.06 432.38 0.0017978
table 0 0 -10 4.03 130.94 37.60 434.52 0.0017856
bathtub 0 0 -10 179.25 172.06 524.76 427.70 0.0017623
toilet 0 0 -10 171.02 163.51 481.96 402.26 0.0017499
chair 0 0 -10 180.52 327.53 377.60 441.00 0.0017155
table 0 0 -10 542.91 251.44 588.90 436.95 0.0016705
sofa 0 0 -10 534.72 206.59 589.20 435.98 0.0015741
bed 0 0 -10 145.81 147.54 409.40 397.46 0.0015517
chair 0 0 -10 11.51 0.00 109.75 82.70 0.0015151
dresser 0 0 -10 297.92 161.46 491.70 337.58 0.0014830
table 0 0 -10 0.34 63.61 34.58 260.06 0.0014286
table 0 0 -10 573.81 238.37 590.47 418.98 0.0014026
chair 0 0 -10 25.45 71.20 451.03 413.68 0.0013894
chair 0 0 -10 0.13 6.43 95.24 158.02 0.0013763
dresser 0 0 -10 0.09 58.86 57.60 391.63 0.0012851
dresser 0 0 -10 8.01 143.75 409.74 441.00 0.0012643
chair 0 0 -10 157.17 129.02 397.55 403.40 0.0012527
sofa 0 0 -10 568.34 174.97 590.53 350.24 0.0011730
chair 0 0 -10 227.84 172.32 377.43 323.25 0.0011523
chair 0 0 -10 1.07 111.72 44.57 197.10 0.0010916
chair 0 0 -10 0.00 105.49 72.82 427.51 0.0010577
sofa 0 0 -10 562.50 206.61 589.62 438.98 0.0010515
chair 0 0 -10 2.85 270.65 257.10 438.93 0.0010283
bed 0 0 -10 1.18 152.07 103.10 437.64 0.0009905
table 0 0 -10 3.29 105.76 71.12 224.55 0.0009564
night_stand 0 0 -10 18.03 175.77 411.19 436.43 0.0009470
table 0 0 -10 21.41 116.41 385.85 306.54 0.0009300
table 0 0 -10 0.00 253.59 258.25 441.00 0.0009088
night_stand 0 0 -10 356.14 166.34 483.61 298.46 0.0009051
sofa 0 0 -10 0.75 80.12 40.24 191.48 0.0008604
bed 0 0 -10 0.00 90.84 388.61 295.74 0.0008452
sofa 0 0 -10 415.88 178.46 584.92 429.94 0.0008041
table 0 0 -10 473.52 207.85 583.94 423.37 0.0007886
table 0 0 -10 0.22 86.73 58.79 404.05 0.0007840
chair 0 0 -10 1.53 72.26 85.06 202.63 0.0007564
sofa 0 0 -10 0.96 70.57 38.15 133.88 0.0007293
chair 0 0 -10 367.82 150.49 455.86 224.59 0.0007210
desk 0 0 -10 1.21 82.44 40.54 231.95 0.0007190
chair 0 0 -10 239.47 107.74 425.67 282.01 0.0006775
chair 0 0 -10 367.57 101.71 513.21 290.61 0.0006595
bed 0 0 -10 0.00 53.53 61.24 400.27 0.0006582
bookshelf 0 0 -10 13.02 36.40 476.32 405.79 0.0006374
sofa 0 0 -10 530.40 224.77 590.77 311.92 0.0006348
sofa 0 0 -10 550.60 196.67 590.33 327.77 0.0006282
chair 0 0 -10 0.00 32.34 41.76 129.83 0.0006233
bed 0 0 -10 533.40 213.62 590.77 431.84 0.0006168
bed 0 0 -10 3.73 119.50 37.83 438.92 0.0006166
chair 0 0 -10 0.00 241.59 61.39 441.00 0.0006103
sofa 0 0 -10 557.27 224.73 590.31 281.90 0.0006100
chair 0 0 -10 2.58 67.61 47.50 356.75 0.0006059
sofa 0 0 -10 573.62 233.81 590.77 423.24 0.0006027
desk 0 0 -10 0.00 75.33 34.24 124.32 0.0005912
desk 0 0 -10 3.94 127.92 37.23 429.30 0.0005745
chair 0 0 -10 422.52 164.49 581.36 362.82 0.0005693
chair 0 0 -10 16.88 354.69 351.86 437.61 0.0005343
bed 0 0 -10 329.25 219.54 574.81 440.04 0.0005031
chair 0 0 -10 273.32 175.71 428.64 318.20 0.0004976
table 0 0 -10 0.00 62.04 40.71 165.61 0.0004888
table 0 0 -10 4.13 78.36 119.27 239.09 0.0004711
table 0 0 -10 377.59 167.35 561.21 386.07 0.0004693
dresser 0 0 -10 1.41 71.82 47.98 245.15 0.0004677
table 0 0 -10 3.38 164.36 105.08 440.18 0.0004676
chair 0 0 -10 0.00 0.21 170.73 104.03 0.0004654
bookshelf 0 0 -10 3.33 0.00 107.04 97.16 0.0004213
