chair 0 0 -10 266.35 307.27 532.64 440.56 0.9732490
chair 0 0 -10 120.63 175.14 277.76 441.00 0.9666371
table 0 0 -10 174.60 224.36 584.75 441.00 0.9428586
chair 0 0 -10 309.32 156.88 476.39 260.38 0.9252106
dresser 0 0 -10 1.27 198.94 73.71 393.86 0.8328148
chair 0 0 -10 303.08 159.77 474.67 373.99 0.6187541
chair 0 0 -10 436.88 202.41 590.18 403.01 0.5345840
sofa 0 0 -10 506.08 198.74 589.36 359.22 0.4404368
chair 0 0 -10 113.07 191.44 423.60 439.27 0.2577910
chair 0 0 -10 347.58 179.28 573.30 398.02 0.1646562
desk 0 0 -10 167.36 214.47 588.32 441.00 0.1484134
chair 0 0 -10 397.68 281.83 591.00 433.06 0.1453645
chair 0 0 -10 155.83 281.29 287.06 441.00 0.1134261
night_stand 0 0 -10 1.11 193.52 71.93 408.41 0.0949115
chair 0 0 -10 486.02 191.86 589.30 355.13 0.0909708
chair 0 0 -10 499.48 240.45 589.32 428.14 0.0697821
sofa 0 0 -10 538.16 235.73 588.67 431.77 0.0572834
table 0 0 -10 202.95 213.38 376.02 438.24 0.0545613
chair 0 0 -10 205.71 274.00 396.18 435.95 0.0439717
sofa 0 0 -10 152.99 184.30 585.77 436.99 0.0396316
table 0 0 -10 280.05 289.77 570.63 439.11 0.0368656
desk 0 0 -10 0.00 218.93 87.93 428.51 0.0310738
chair 0 0 -10 217.94 177.31 543.50 431.09 0.0305084
chair 0 0 -10 182.38 208.20 342.88 438.29 0.0281292
sofa 0 0 -10 293.61 150.70 477.00 257.42 0.0248433
chair 0 0 -10 540.18 272.71 589.76 437.86 0.0220827
table 0 0 -10 561.76 285.28 590.39 441.00 0.0213000
table 0 0 -10 2.46 226.41 86.96 429.57 0.0191717
table 0 0 -10 516.94 283.95 588.32 440.62 0.0178384
chair 0 0 -10 377.20 200.60 591.00 327.57 0.0171816
chair 0 0 -10 335.50 140.38 514.61 299.62 0.0154046
chair 0 0 -10 115.40 173.60 199.90 420.47 0.0125558
desk 0 0 -10 201.42 213.32 371.29 436.48 0.0113604
table 0 0 -10 122.28 214.13 274.85 441.00 0.0111880
table 0 0 -10 425.82 265.24 581.95 441.00 0.0081677
sofa 0 0 -10 555.49 237.36 590.50 361.99 0.0066561
sofa 0 0 -10 434.93 199.68 586.42 407.48 0.0060069
bookshelf 0 0 -10 0.00 214.29 79.65 397.84 0.0058125
chair 0 0 -10 559.34 288.05 591.00 405.76 0.0058101
table 0 0 -10 566.81 342.50 590.33 419.78 0.0057656
desk 0 0 -10 120.33 204.31 272.09 441.00 0.0053617
table 0 0 -10 561.74 282.14 590.03 350.22 0.0051689
bed 0 0 -10 0.00 191.26 89.57 432.50 0.0050848
chair 0 0 -10 268.93 195.36 449.37 328.93 0.0047911
table 0 0 -10 190.15 219.37 287.91 417.37 0.0047397
bed 0 0 -10 190.53 181.28 581.85 436.19 0.0043750
chair 0 0 -10 45.99 169.54 202.48 439.64 0.0043268
chair 0 0 -10 89.11 146.85 232.55 385.42 0.0039734
table 0 0 -10 224.77 199.14 523.62 295.19 0.0038089
chair 0 0 -10 160.71 155.63 376.72 322.00 0.0034510
table 0 0 -10 295.10 153.79 489.77 257.22 0.0032654
sofa 0 0 -10 561.09 286.20 590.58 409.89 0.0032563
dresser 0 0 -10 0.97 222.40 64.86 323.56 0.0030610
table 0 0 -10 571.98 274.19 590.61 391.04 0.0029336
chair 0 0 -10 560.22 281.10 591.00 350.00 0.0029233
sofa 0 0 -10 305.62 173.45 585.50 373.49 0.0027770
chair 0 0 -10 545.15 184.44 589.60 370.55 0.0027712
sofa 0 0 -10 526.01 197.46 589.84 298.08 0.0027630
table 0 0 -10 509.24 219.61 588.45 357.52 0.0026369
bed 0 0 -10 504.25 196.19 590.80 360.51 0.0025811
table 0 0 -10 263.32 195.40 508.52 392.86 0.0025710
chair 0 0 -10 0.00 211.41 89.53 424.51 0.0025306
sofa 0 0 -10 122.08 185.41 272.59 438.90 0.0023453
table 0 0 -10 545.12 275.41 590.60 366.06 0.0022980
desk 0 0 -10 351.53 252.86 582.96 440.77 0.0022766
table 0 0 -10 550.74 230.18 589.20 412.07 0.0020418
table 0 0 -10 362.70 208.17 580.00 420.75 0.0020304
desk 0 0 -10 74.63 201.72 396.98 438.75 0.0020171
dresser 0 0 -10 8.87 159.42 113.36 384.04 0.0019581
night_stand 0 0 -10 4.93 229.87 112.39 427.19 0.0017553
table 0 0 -10 434.81 216.20 586.93 369.14 0.0016717
desk 0 0 -10 0.00 183.53 165.14 429.29 0.0015800
night_stand 0 0 -10 6.98 267.79 87.48 382.80 0.0015154
chair 0 0 -10 97.14 341.26 445.32 438.10 0.0014891
table 0 0 -10 77.35 204.22 408.55 435.54 0.0014387
sofa 0 0 -10 574.69 221.49 590.64 375.83 0.0013428
chair 0 0 -10 216.55 187.67 389.01 394.86 0.0013415
desk 0 0 -10 229.71 196.65 514.09 296.20 0.0013326
night_stand 0 0 -10 174.40 270.62 590.43 441.00 0.0012885
table 0 0 -10 565.42 239.28 590.17 368.68 0.0012856
table 0 0 -10 572.20 349.34 590.19 370.24 0.0012445
dresser 0 0 -10 6.63 218.56 42.10 382.49 0.0012248
table 0 0 -10 579.72 311.22 590.38 440.41 0.0012018
chair 0 0 -10 574.40 281.62 590.71 439.49 0.0011570
desk 0 0 -10 272.56 169.56 486.25 274.17 0.0011172
chair 0 0 -10 563.54 226.60 590.71 365.54 0.0010983
table 0 0 -10 537.78 341.26 587.74 434.88 0.0010634
table 0 0 -10 119.61 182.75 205.79 426.40 0.0010569
chair 0 0 -10 528.09 120.30 591.00 396.02 0.0009974
table 0 0 -10 577.90 279.24 590.45 364.27 0.0009819
sofa 0 0 -10 265.88 313.59 559.60 441.00 0.0009782
table 0 0 -10 573.89 354.45 590.33 395.61 0.0009419
bed 0 0 -10 102.05 204.88 273.99 440.71 0.0008328
sofa 0 0 -10 530.95 123.25 589.36 399.03 0.0008308
toilet 0 0 -10 0.00 208.33 84.10 432.34 0.0008160
table 0 0 -10 557.15 347.44 589.91 396.57 0.0008008
night_stand 0 0 -10 105.51 220.30 273.90 439.97 0.0007757
desk 0 0 -10 543.64 285.07 589.22 440.50 0.0007731
chair 0 0 -10 35.64 269.58 263.11 441.00 0.0007653
dresser 0 0 -10 94.94 178.71 307.76 437.22 0.0007444
