bed 0 0 -10 303.00 247.60 586.96 441.00 0.7994971
sofa 0 0 -10 82.89 8.37 386.83 373.90 0.2876766
bed 0 0 -10 514.52 0.00 590.00 243.89 0.1354393
dresser 0 0 -10 512.60 11.91 589.04 242.98 0.1247929
chair 0 0 -10 0.00 0.00 138.71 355.49 0.1145951
chair 0 0 -10 0.12 120.64 59.83 372.23 0.0833438
table 0 0 -10 510.28 31.11 588.67 239.24 0.0752562
bed 0 0 -10 215.87 76.18 585.13 437.45 0.0564731
sofa 0 0 -10 180.28 148.20 591.00 441.00 0.0476902
desk 0 0 -10 519.29 23.61 590.62 245.52 0.0462788
chair 0 0 -10 85.21 2.77 384.83 380.20 0.0307176
chair 0 0 -10 507.83 4.46 589.79 232.37 0.0276015
table 0 0 -10 0.45 193.74 58.95 361.25 0.0266664
bed 0 0 -10 101.33 2.58 381.76 396.11 0.0265840
sofa 0 0 -10 517.18 12.37 589.76 257.18 0.0188969
sofa 0 0 -10 311.44 239.72 588.50 441.00 0.0188242
table 0 0 -10 68.79 16.16 389.89 370.52 0.0113863
table 0 0 -10 1.58 17.16 103.27 377.04 0.0106732
night_stand 0 0 -10 514.88 24.85 590.08 242.58 0.0106513
table 0 0 -10 0.17 95.91 68.23 385.71 0.0101133
bed 0 0 -10 222.81 333.04 587.69 438.06 0.0090368
chair 0 0 -10 2.41 187.76 42.99 364.93 0.0087842
table 0 0 -10 284.05 218.61 591.00 441.00 0.0080487
sofa 0 0 -10 4.31 1.60 194.28 364.47 0.0078178
bed 0 0 -10 410.63 30.32 591.00 382.16 0.0069197
bed 0 0 -10 513.58 3.57 591.00 125.88 0.0061321
bookshelf 0 0 -10 3.00 1.58 113.34 303.74 0.0061024
bookshelf 0 0 -10 514.08 0.00 588.81 246.37 0.0058030
table 0 0 -10 3.11 181.83 33.52 388.47 0.0055617
bed 0 0 -10 0.00 4.87 116.73 315.38 0.0052858
chair 0 0 -10 1.86 0.00 107.77 202.90 0.0045647
bed 0 0 -10 0.00 195.48 55.19 359.38 0.0041229
bathtub 0 0 -10 503.67 61.09 589.02 269.83 0.0037081
desk 0 0 -10 514.49 69.61 590.45 159.78 0.0037055
table 0 0 -10 513.87 71.30 588.24 159.48 0.0034341
sofa 0 0 -10 1.63 195.08 56.64 363.40 0.0033171
desk 0 0 -10 0.83 105.99 60.63 370.06 0.0026089
toilet 0 0 -10 512.95 19.58 587.43 255.70 0.0025548
table 0 0 -10 314.62 47.04 393.84 257.95 0.0021278
desk 0 0 -10 1.62 193.10 38.82 362.74 0.0019627
table 0 0 -10 1.14 203.40 21.89 363.25 0.0019476
sofa 0 0 -10 4.77 17.22 116.60 292.69 0.0017981
dresser 0 0 -10 1.36 8.09 102.04 367.97 0.0015911
dresser 0 0 -10 89.72 14.38 375.86 375.80 0.0015718
bed 0 0 -10 306.78 42.07 387.47 262.27 0.0015407
sofa 0 0 -10 394.61 181.40 591.00 397.46 0.0014715
desk 0 0 -10 1.25 17.09 103.54 368.62 0.0014679
table 0 0 -10 5.76 13.30 207.12 364.17 0.0013929
chair 0 0 -10 227.38 82.54 582.93 440.58 0.0013672
chair 0 0 -10 8.21 152.91 28.16 382.30 0.0012267
bed 0 0 -10 0.00 0.00 194.41 384.06 0.0012130
night_stand 0 0 -10 515.78 70.06 563.66 149.81 0.0011868
bookshelf 0 0 -10 96.20 0.00 372.64 375.63 0.0011847
desk 0 0 -10 498.06 77.05 589.92 208.73 0.0011621
bed 0 0 -10 439.98 0.00 585.58 186.50 0.0011234
chair 0 0 -10 513.74 67.70 588.17 154.13 0.0010619
dresser 0 0 -10 310.62 44.16 383.52 254.91 0.0010491
bookshelf 0 0 -10 1.27 29.61 67.22 372.29 0.0010450
night_stand 0 0 -10 314.78 49.02 395.79 244.92 0.0010301
table 0 0 -10 0.00 79.62 125.04 238.27 0.0009770
chair 0 0 -10 302.82 225.06 588.22 441.00 0.0009638
dresser 0 0 -10 438.75 14.72 581.14 200.32 0.0009201
dresser 0 0 -10 512.25 71.56 591.00 155.53 0.0009070
chair 0 0 -10 4.18 21.49 77.44 336.11 0.0008860
night_stand 0 0 -10 99.43 16.45 381.12 383.52 0.0008522
dresser 0 0 -10 392.22 58.49 588.97 352.07 0.0008310
desk 0 0 -10 469.43 54.26 586.92 257.70 0.0008246
dresser 0 0 -10 339.19 8.04 576.53 154.51 0.0008204
bathtub 0 0 -10 517.81 13.08 591.00 211.96 0.0008075
chair 0 0 -10 319.97 28.02 400.49 226.29 0.0008024
table 0 0 -10 532.67 97.37 588.38 250.15 0.0007990
bathtub 0 0 -10 390.42 57.65 590.71 347.72 0.0007806
bed 0 0 -10 0.50 102.98 93.06 392.17 0.0007360
sofa 0 0 -10 8.92 161.36 27.36 387.02 0.0006808
sofa 0 0 -10 1.99 108.20 92.28 389.98 0.0006759
bed 0 0 -10 307.57 0.00 585.57 205.11 0.0006295
chair 0 0 -10 379.51 138.33 591.00 379.44 0.0006082
bed 0 0 -10 405.94 209.14 591.00 410.77 0.0006060
desk 0 0 -10 62.33 5.51 398.19 375.32 0.0005918
table 0 0 -10 387.05 125.68 584.42 375.87 0.0005864
desk 0 0 -10 509.78 4.48 591.00 403.72 0.0005781
desk 0 0 -10 317.12 217.48 591.00 440.70 0.0005551
sofa 0 0 -10 518.28 2.76 590.20 118.02 0.0005268
dresser 0 0 -10 546.33 27.49 588.31 280.07 0.0005053
table 0 0 -10 9.21 142.41 23.96 341.31 0.0005051
bed 0 0 -10 474.40 2.19 574.04 136.68 0.0005017
table 0 0 -10 55.83 178.84 557.25 434.15 0.0004827
dresser 0 0 -10 265.70 192.56 585.87 441.00 0.0004426
chair 0 0 -10 1.39 195.05 24.29 362.58 0.0004339
dresser 0 0 -10 0.66 83.17 60.34 366.69 0.0004279
bed 0 0 -10 554.61 0.00 590.06 357.85 0.0004248
toilet 0 0 -10 90.64 15.78 375.95 391.94 0.0003906
bed 0 0 -10 43.75 3.11 476.42 83.79 0.0003784
chair 0 0 -10 5.49 0.00 112.49 98.09 0.0003694
table 0 0 -10 521.47 60.75 563.69 188.46 0.0003657
desk 0 0 -10 389.86 33.91 586.65 203.71 0.0003653
chair 0 0 -10 295.22 0.00 455.14 215.28 0.0003613
dresser 0 0 -10 0.88 195.67 52.59 353.09 0.0003610
chair 0 0 -10 0.00 0.00 56.85 179.28 0.0003523
chair 0 0 -10 0.00 38.77 255.07 393.06 0.0003517
