chair 0 0 -10 0.00 199.88 192.65 421.84 0.9863095
chair 0 0 -10 411.32 295.95 591.00 422.65 0.9216173
table 0 0 -10 0.17 307.06 591.00 441.00 0.8781601
chair 0 0 -10 298.86 255.05 456.45 373.90 0.8596200
chair 0 0 -10 0.00 193.20 361.70 431.98 0.3594405
chair 0 0 -10 274.51 295.28 575.68 432.96 0.2639253
chair 0 0 -10 0.31 187.71 120.83 354.89 0.1384244
desk 0 0 -10 12.00 269.13 591.00 441.00 0.1174215
chair 0 0 -10 342.29 128.38 493.81 373.65 0.0686376
chair 0 0 -10 275.13 280.87 495.82 396.14 0.0668589
chair 0 0 -10 0.00 182.90 77.05 430.29 0.0625805
chair 0 0 -10 153.31 260.49 504.93 417.25 0.0598376
chair 0 0 -10 13.56 324.06 405.63 434.98 0.0516986
chair 0 0 -10 320.12 266.74 424.71 354.06 0.0478237
chair 0 0 -10 329.94 293.37 563.81 383.38 0.0355865
chair 0 0 -10 42.45 190.43 175.71 352.24 0.0322831
table 0 0 -10 296.71 296.80 589.70 430.47 0.0316906
chair 0 0 -10 0.00 182.93 38.63 388.67 0.0290078
table 0 0 -10 223.49 266.29 542.56 401.91 0.0248864
bed 0 0 -10 246.49 26.31 589.28 401.74 0.0247337
sofa 0 0 -10 434.74 302.41 589.61 427.74 0.0237302
table 0 0 -10 215.83 50.10 587.42 378.62 0.0232861
chair 0 0 -10 280.57 79.11 535.03 389.72 0.0211562
dresser 0 0 -10 248.15 37.65 591.00 388.48 0.0189286
table 0 0 -10 16.88 229.56 437.13 436.44 0.0153609
table 0 0 -10 75.02 259.04 488.95 376.01 0.0132661
chair 0 0 -10 459.01 310.08 537.74 384.62 0.0131834
chair 0 0 -10 462.93 331.83 590.12 438.36 0.0130138
bookshelf 0 0 -10 365.58 142.44 476.89 343.10 0.0129310
table 0 0 -10 1.66 227.60 122.24 430.64 0.0115153
table 0 0 -10 432.60 309.37 588.34 429.20 0.0107286
bookshelf 0 0 -10 306.68 204.01 469.23 360.23 0.0099890
chair 0 0 -10 103.54 167.80 170.18 340.96 0.0098915
table 0 0 -10 305.72 273.19 470.49 364.22 0.0097652
chair 0 0 -10 104.76 345.14 523.85 431.79 0.0083229
chair 0 0 -10 0.00 308.90 71.06 440.63 0.0083144
sofa 0 0 -10 0.00 196.62 443.56 430.82 0.0081726
desk 0 0 -10 242.28 305.24 591.00 438.08 0.0081026
bed 0 0 -10 0.00 283.10 587.17 441.00 0.0078564
chair 0 0 -10 0.00 350.01 270.97 440.17 0.0077413
chair 0 0 -10 367.80 366.35 586.01 440.42 0.0069248
chair 0 0 -10 211.91 228.42 481.55 372.77 0.0069008
dresser 0 0 -10 330.22 114.70 501.90 363.16 0.0068372
chair 0 0 -10 365.17 253.58 480.27 386.21 0.0066603
table 0 0 -10 4.67 220.28 173.36 345.22 0.0065180
chair 0 0 -10 504.24 295.86 588.13 428.73 0.0063015
table 0 0 -10 0.00 277.20 72.95 441.00 0.0062482
bookshelf 0 0 -10 281.50 97.16 550.48 364.81 0.0061880
desk 0 0 -10 0.00 207.04 110.34 365.07 0.0056243
table 0 0 -10 0.00 236.26 29.80 437.66 0.0053677
chair 0 0 -10 0.00 209.36 22.34 381.20 0.0051102
chair 0 0 -10 28.09 128.95 534.08 413.96 0.0047041
desk 0 0 -10 200.26 182.72 562.78 401.19 0.0046101
sofa 0 0 -10 0.52 187.65 155.43 357.91 0.0040331
table 0 0 -10 3.23 198.38 103.89 358.66 0.0040299
bookshelf 0 0 -10 223.55 208.77 577.69 419.15 0.0039280
chair 0 0 -10 79.28 183.40 148.21 347.14 0.0037334
chair 0 0 -10 326.72 299.57 442.08 343.27 0.0035851
chair 0 0 -10 1.01 282.39 121.19 439.86 0.0029719
bed 0 0 -10 12.65 201.74 379.59 441.00 0.0029540
dresser 0 0 -10 302.39 225.08 476.07 360.61 0.0029401
desk 0 0 -10 230.36 33.99 591.00 368.61 0.0028170
chair 0 0 -10 47.95 221.25 418.08 366.42 0.0026835
chair 0 0 -10 344.10 160.58 586.40 419.77 0.0026756
table 0 0 -10 18.12 222.57 258.65 401.17 0.0025964
desk 0 0 -10 244.19 279.47 512.32 385.32 0.0025359
sofa 0 0 -10 0.00 285.16 591.00 441.00 0.0025182
dresser 0 0 -10 216.22 244.57 584.62 428.34 0.0025119
chair 0 0 -10 0.00 55.40 188.58 368.89 0.0024138
table 0 0 -10 1.13 227.70 17.48 421.31 0.0023769
desk 0 0 -10 42.71 305.93 406.23 439.05 0.0023215
chair 0 0 -10 61.68 260.55 264.22 430.62 0.0022790
chair 0 0 -10 1.58 187.81 14.06 419.56 0.0021081
table 0 0 -10 0.05 333.08 351.71 440.94 0.0019872
desk 0 0 -10 0.00 240.81 177.70 434.64 0.0018236
chair 0 0 -10 543.17 274.99 590.76 434.63 0.0018232
desk 0 0 -10 437.00 308.09 587.57 431.64 0.0018025
chair 0 0 -10 264.72 255.54 391.81 348.65 0.0017682
desk 0 0 -10 0.00 235.71 84.50 430.69 0.0015611
chair 0 0 -10 2.51 194.54 31.20 332.53 0.0015604
chair 0 0 -10 370.71 311.55 539.48 435.25 0.0014831
dresser 0 0 -10 2.89 200.29 98.76 340.10 0.0014829
table 0 0 -10 176.60 287.57 434.41 366.14 0.0014480
table 0 0 -10 128.57 298.14 442.41 434.48 0.0014087
chair 0 0 -10 2.90 228.66 10.17 386.87 0.0013955
desk 0 0 -10 320.18 254.32 478.34 373.29 0.0013382
chair 0 0 -10 77.49 105.33 227.42 373.05 0.0013260
desk 0 0 -10 74.98 258.83 482.42 376.76 0.0013100
chair 0 0 -10 258.81 369.14 519.36 434.19 0.0012990
table 0 0 -10 360.86 260.96 493.26 385.34 0.0012690
chair 0 0 -10 421.89 392.98 591.00 440.95 0.0012549
chair 0 0 -10 0.89 242.52 57.72 379.81 0.0012128
chair 0 0 -10 556.02 312.70 590.25 416.72 0.0011966
chair 0 0 -10 0.00 44.75 85.10 331.10 0.0011760
sofa 0 0 -10 318.57 255.34 438.65 367.56 0.0011630
sofa 0 0 -10 229.92 40.30 591.00 370.89 0.0011527
desk 0 0 -10 51.64 238.93 284.99 437.24 0.0011497
table 0 0 -10 362.72 283.60 459.84 328.40 0.0010727
chair 0 0 -10 86.20 122.83 137.22 323.79 0.0010471
dresser 0 0 -10 419.38 263.16 588.77 422.70 0.0010290
