chair 0 0 -10 337.70 372.56 471.54 441.00 0.9711179
table 0 0 -10 46.83 388.09 341.47 437.54 0.9645973
chair 0 0 -10 52.24 360.59 180.53 432.77 0.9128451
desk 0 0 -10 394.11 350.40 514.40 440.47 0.7030207
table 0 0 -10 388.57 348.30 517.08 435.55 0.2344519
chair 0 0 -10 387.23 364.36 502.31 441.00 0.2220144
chair 0 0 -10 36.94 397.20 207.32 440.64 0.1157530
chair 0 0 -10 174.88 376.31 455.45 440.49 0.0964858
table 0 0 -10 55.74 365.73 298.05 425.04 0.0850457
table 0 0 -10 27.99 402.08 259.02 441.00 0.0441672
table 0 0 -10 281.03 358.81 429.30 441.00 0.0368565
chair 0 0 -10 34.68 363.65 389.49 441.00 0.0356893
desk 0 0 -10 359.23 333.13 555.48 435.79 0.0311367
table 0 0 -10 37.44 391.97 162.38 441.00 0.0300419
bed 0 0 -10 44.51 390.24 334.72 440.27 0.0298456
chair 0 0 -10 442.84 354.03 539.07 441.00 0.0238909
table 0 0 -10 328.95 431.82 429.65 440.69 0.0232973
table 0 0 -10 38.54 340.07 475.41 438.19 0.0196597
desk 0 0 -10 25.65 361.18 403.75 441.00 0.0167489
table 0 0 -10 305.42 393.03 413.25 441.00 0.0167438
table 0 0 -10 331.26 436.46 428.49 441.00 0.0148533
table 0 0 -10 27.70 364.93 188.65 439.09 0.0141766
chair 0 0 -10 389.27 351.48 470.82 420.83 0.0141245
sofa 0 0 -10 339.00 359.39 484.53 441.00 0.0127490
bed 0 0 -10 34.61 343.43 352.57 438.64 0.0122794
desk 0 0 -10 444.23 362.87 517.91 437.80 0.0109064
table 0 0 -10 318.28 424.02 470.69 441.00 0.0105941
table 0 0 -10 41.68 415.06 187.82 440.82 0.0103240
desk 0 0 -10 405.93 316.10 479.40 396.72 0.0102708
table 0 0 -10 245.22 346.74 541.81 440.28 0.0099466
chair 0 0 -10 315.61 392.27 440.25 441.00 0.0098379
chair 0 0 -10 320.13 420.85 473.81 440.90 0.0097287
table 0 0 -10 47.58 440.84 148.47 441.00 0.0095398
chair 0 0 -10 243.22 350.32 533.73 441.00 0.0091779
sofa 0 0 -10 23.51 361.27 401.70 441.00 0.0090671
chair 0 0 -10 22.33 361.44 136.03 441.00 0.0088882
table 0 0 -10 391.27 346.34 474.83 404.27 0.0087755
chair 0 0 -10 335.22 296.52 473.39 441.00 0.0080429
table 0 0 -10 91.56 419.17 155.41 440.77 0.0067097
table 0 0 -10 50.77 440.56 152.53 441.00 0.0066385
chair 0 0 -10 335.94 427.12 428.87 440.10 0.0066290
table 0 0 -10 22.14 423.70 156.89 440.87 0.0065683
desk 0 0 -10 39.25 389.60 338.96 439.10 0.0064330
table 0 0 -10 47.09 433.26 155.07 440.65 0.0060151
chair 0 0 -10 93.34 418.50 157.48 441.00 0.0059251
table 0 0 -10 50.04 440.03 145.52 441.00 0.0059126
chair 0 0 -10 64.58 372.24 303.45 426.22 0.0058618
table 0 0 -10 49.89 352.35 156.64 421.21 0.0057939
table 0 0 -10 53.91 437.64 155.65 440.85 0.0054654
table 0 0 -10 81.47 428.81 156.57 440.53 0.0053936
chair 0 0 -10 455.32 370.29 515.96 437.90 0.0052650
bookshelf 0 0 -10 445.07 91.93 492.26 357.77 0.0047803
dresser 0 0 -10 352.42 361.51 532.20 441.00 0.0045961
chair 0 0 -10 342.96 432.54 437.57 441.00 0.0044712
chair 0 0 -10 41.70 414.32 171.64 441.00 0.0044556
chair 0 0 -10 128.53 390.34 329.32 440.02 0.0044239
table 0 0 -10 38.95 406.28 100.76 440.88 0.0042338
table 0 0 -10 397.76 341.49 519.43 395.54 0.0041669
chair 0 0 -10 39.70 388.62 125.08 441.00 0.0039247
table 0 0 -10 94.52 392.90 196.93 440.78 0.0038659
chair 0 0 -10 36.57 332.07 229.60 429.55 0.0037723
chair 0 0 -10 168.00 403.91 416.45 437.83 0.0036662
desk 0 0 -10 346.00 372.48 489.25 441.00 0.0035783
table 0 0 -10 366.83 357.25 467.08 441.00 0.0033509
table 0 0 -10 442.04 364.13 519.33 436.49 0.0033184
chair 0 0 -10 404.14 304.24 474.58 391.81 0.0032074
chair 0 0 -10 61.76 354.00 211.97 408.16 0.0031908
chair 0 0 -10 379.34 394.53 484.34 440.88 0.0031680
table 0 0 -10 404.43 316.76 479.92 395.96 0.0030846
table 0 0 -10 11.89 430.02 89.55 440.90 0.0029026
table 0 0 -10 51.52 385.83 182.85 424.14 0.0028528
chair 0 0 -10 305.65 340.76 462.86 419.34 0.0028187
table 0 0 -10 336.54 439.23 423.40 441.00 0.0027615
desk 0 0 -10 391.81 345.29 472.13 404.89 0.0024911
desk 0 0 -10 52.69 365.11 291.14 426.84 0.0023487
table 0 0 -10 42.50 334.15 242.35 433.59 0.0023190
table 0 0 -10 313.08 337.77 485.14 417.01 0.0023100
sofa 0 0 -10 84.85 387.41 337.08 441.00 0.0023093
chair 0 0 -10 75.06 388.31 161.90 440.95 0.0022991
sofa 0 0 -10 48.48 361.62 260.04 424.64 0.0021955
desk 0 0 -10 313.51 336.99 468.10 438.52 0.0021751
bookshelf 0 0 -10 465.04 74.46 500.33 412.34 0.0021597
table 0 0 -10 354.60 392.35 532.53 440.61 0.0019880
sofa 0 0 -10 190.20 353.66 480.91 440.71 0.0019119
chair 0 0 -10 411.78 326.97 497.72 430.89 0.0018406
desk 0 0 -10 389.22 260.93 581.25 433.12 0.0017940
bathtub 0 0 -10 491.63 426.94 591.00 441.00 0.0017294
bookshelf 0 0 -10 440.49 72.86 519.16 410.77 0.0017036
table 0 0 -10 455.13 426.90 590.74 441.00 0.0016814
table 0 0 -10 26.33 431.30 227.18 441.00 0.0015666
chair 0 0 -10 468.58 347.14 577.09 441.00 0.0015331
sofa 0 0 -10 21.26 299.38 435.94 436.18 0.0014982
bed 0 0 -10 28.79 265.59 517.78 441.00 0.0014878
desk 0 0 -10 326.75 431.73 431.47 440.56 0.0014191
table 0 0 -10 363.99 426.04 426.63 441.00 0.0013843
bed 0 0 -10 66.46 364.97 257.39 441.00 0.0013505
night_stand 0 0 -10 357.61 361.90 534.40 441.00 0.0013494
bookshelf 0 0 -10 351.09 360.03 527.94 441.00 0.0013480
table 0 0 -10 41.27 424.63 110.61 440.89 0.0012950
desk 0 0 -10 161.50 350.62 484.83 438.56 0.0012890
