bed 0 0 -10 0.75 251.38 285.58 441.00 0.9894465
bed 0 0 -10 2.35 366.85 269.90 439.28 0.2038040
chair 0 0 -10 445.25 402.93 558.28 440.51 0.0956017
table 0 0 -10 282.87 411.62 569.24 440.72 0.0303565
chair 0 0 -10 468.61 376.50 568.80 441.00 0.0286289
chair 0 0 -10 491.30 397.90 542.97 440.81 0.0283522
bed 0 0 -10 22.88 397.98 321.96 440.58 0.0256316
chair 0 0 -10 366.77 392.18 565.51 441.00 0.0234119
chair 0 0 -10 0.00 238.53 290.56 441.00 0.0201442
bed 0 0 -10 38.93 233.41 505.98 441.00 0.0172374
bed 0 0 -10 260.88 411.43 550.17 438.84 0.0133629
night_stand 0 0 -10 2.45 308.89 47.53 378.11 0.0112648
table 0 0 -10 331.03 392.26 555.27 439.87 0.0104336
chair 0 0 -10 408.44 343.88 570.17 440.67 0.0101983
sofa 0 0 -10 294.18 406.63 550.71 440.33 0.0086766
bed 0 0 -10 65.72 367.07 456.49 440.87 0.0086565
sofa 0 0 -10 3.78 248.87 295.59 441.00 0.0061589
table 0 0 -10 269.83 355.18 567.89 440.52 0.0049906
table 0 0 -10 392.30 431.15 533.68 440.91 0.0047881
table 0 0 -10 376.54 420.86 565.04 440.72 0.0044571
table 0 0 -10 3.75 241.11 295.15 441.00 0.0042392
chair 0 0 -10 360.60 417.18 555.49 440.31 0.0041259
chair 0 0 -10 543.93 391.06 589.47 441.00 0.0040761
bed 0 0 -10 220.54 261.89 583.76 441.00 0.0040274
chair 0 0 -10 503.14 386.98 581.11 441.00 0.0038606
chair 0 0 -10 470.20 312.37 563.05 439.86 0.0037554
dresser 0 0 -10 1.40 236.01 294.39 441.00 0.0036299
bathtub 0 0 -10 290.79 406.61 549.26 440.12 0.0036116
chair 0 0 -10 510.69 400.96 555.01 441.00 0.0036013
dresser 0 0 -10 352.98 0.45 582.76 437.20 0.0035254
bed 0 0 -10 0.00 5.14 541.49 441.00 0.0034360
chair 0 0 -10 268.96 368.81 586.03 441.00 0.0033574
bed 0 0 -10 274.79 335.19 583.96 437.85 0.0030185
chair 0 0 -10 260.24 410.29 547.45 438.60 0.0030058
table 0 0 -10 267.50 426.17 497.68 440.64 0.0027367
desk 0 0 -10 285.12 411.91 575.83 440.78 0.0025423
bathtub 0 0 -10 261.12 366.87 589.70 440.50 0.0024707
bookshelf 0 0 -10 356.92 6.44 577.69 433.96 0.0023071
bed 0 0 -10 391.23 431.23 538.26 441.00 0.0020874
dresser 0 0 -10 296.00 329.87 580.85 436.65 0.0019512
chair 0 0 -10 376.25 346.76 478.71 441.00 0.0017731
bed 0 0 -10 277.22 428.27 556.81 441.00 0.0017644
table 0 0 -10 449.30 394.93 554.64 441.00 0.0017413
table 0 0 -10 268.54 430.93 393.44 440.19 0.0017075
chair 0 0 -10 481.11 421.29 548.98 441.00 0.0016652
night_stand 0 0 -10 7.87 249.32 296.01 441.00 0.0016161
bed 0 0 -10 376.42 420.02 572.46 440.95 0.0015634
toilet 0 0 -10 260.78 366.46 589.66 441.00 0.0015200
toilet 0 0 -10 292.13 406.18 550.06 440.50 0.0014937
bookshelf 0 0 -10 298.83 404.88 550.12 440.12 0.0014052
sofa 0 0 -10 386.34 392.15 571.72 440.76 0.0013522
night_stand 0 0 -10 1.05 313.04 29.45 393.17 0.0013375
chair 0 0 -10 547.76 345.16 590.81 441.00 0.0013242
chair 0 0 -10 392.14 425.89 566.23 440.84 0.0013226
chair 0 0 -10 0.17 295.06 36.03 375.79 0.0012665
chair 0 0 -10 550.66 260.41 589.23 439.69 0.0012179
table 0 0 -10 412.07 436.60 546.85 440.99 0.0012141
bed 0 0 -10 0.14 308.29 32.37 387.73 0.0011941
bed 0 0 -10 345.92 0.00 587.38 441.00 0.0011907
bed 0 0 -10 346.43 392.26 561.41 440.22 0.0011614
toilet 0 0 -10 0.29 304.98 27.11 374.12 0.0011347
night_stand 0 0 -10 2.86 334.06 60.47 391.24 0.0011311
sofa 0 0 -10 343.09 429.57 551.41 440.98 0.0011028
chair 0 0 -10 289.75 290.70 582.33 440.44 0.0010775
bathtub 0 0 -10 390.98 430.91 538.66 441.00 0.0010577
dresser 0 0 -10 369.32 0.06 470.07 438.11 0.0010556
dresser 0 0 -10 259.54 410.83 551.53 438.76 0.0010412
table 0 0 -10 262.04 397.08 368.86 440.82 0.0010183
table 0 0 -10 416.80 360.10 558.23 439.12 0.0009939
table 0 0 -10 475.70 407.62 540.57 440.56 0.0009875
chair 0 0 -10 552.97 396.67 569.19 441.00 0.0009763
desk 0 0 -10 335.08 393.01 562.07 439.43 0.0009552
desk 0 0 -10 287.72 337.28 582.37 436.35 0.0009494
bookshelf 0 0 -10 309.85 324.92 574.62 435.45 0.0009438
chair 0 0 -10 542.14 399.90 554.03 441.00 0.0009320
table 0 0 -10 0.77 296.53 34.72 375.97 0.0009245
toilet 0 0 -10 0.00 235.53 295.87 441.00 0.0009192
chair 0 0 -10 280.05 420.16 475.27 438.64 0.0008807
desk 0 0 -10 388.35 431.13 539.82 440.67 0.0008690
bed 0 0 -10 161.34 286.05 451.10 441.00 0.0008589
dresser 0 0 -10 72.54 239.45 491.58 438.01 0.0008372
night_stand 0 0 -10 274.74 350.67 578.70 438.15 0.0008323
bathtub 0 0 -10 376.81 420.60 572.76 441.00 0.0008315
chair 0 0 -10 477.70 402.76 520.50 441.00 0.0008190
bathtub 0 0 -10 389.02 391.54 575.14 440.32 0.0008172
chair 0 0 -10 518.21 313.30 588.74 439.41 0.0007973
table 0 0 -10 244.00 419.07 404.73 440.51 0.0007965
table 0 0 -10 267.57 436.23 400.52 440.71 0.0007889
dresser 0 0 -10 0.83 297.79 35.27 375.30 0.0007775
bookshelf 0 0 -10 370.31 9.70 467.92 433.18 0.0007745
night_stand 0 0 -10 270.41 411.66 548.26 438.32 0.0007717
chair 0 0 -10 493.95 416.85 585.72 441.00 0.0007476
desk 0 0 -10 373.26 420.74 573.77 440.43 0.0007404
bathtub 0 0 -10 401.89 356.02 545.17 440.10 0.0007350
sofa 0 0 -10 380.15 419.52 570.76 440.76 0.0006845
sofa 0 0 -10 270.53 426.17 501.17 440.83 0.0006768
table 0 0 -10 339.91 336.70 470.99 440.70 0.0006734
night_stand 0 0 -10 5.04 342.46 56.96 371.61 0.0006721
bathtub 0 0 -10 263.25 425.65 504.98 440.68 0.0006719
bookshelf 0 0 -10 10.25 226.02 289.21 441.00 0.0006452
