table 0 0 -10 26.22 184.24 591.00 439.09 0.5881380
desk 0 0 -10 35.81 179.93 587.34 436.19 0.5173163
chair 0 0 -10 0.00 282.78 179.52 440.11 0.2615760
table 0 0 -10 2.98 282.96 169.75 441.00 0.1338357
chair 0 0 -10 24.63 213.56 356.56 434.58 0.1000126
chair 0 0 -10 3.15 23.16 329.20 287.32 0.0690097
table 0 0 -10 28.48 257.79 403.56 439.10 0.0482885
chair 0 0 -10 390.59 198.38 579.64 419.21 0.0419184
chair 0 0 -10 34.09 76.51 404.70 402.08 0.0346448
chair 0 0 -10 22.49 339.27 478.65 436.30 0.0271109
table 0 0 -10 260.53 206.51 574.05 433.25 0.0210363
table 0 0 -10 135.25 298.34 582.73 439.05 0.0166962
chair 0 0 -10 370.67 158.07 538.05 348.13 0.0095223
desk 0 0 -10 27.19 259.35 399.53 441.00 0.0093739
chair 0 0 -10 546.51 257.95 591.00 407.98 0.0091611
chair 0 0 -10 161.38 139.88 573.64 422.35 0.0083846
table 0 0 -10 380.08 163.44 421.79 224.68 0.0079427
chair 0 0 -10 115.28 253.88 512.84 436.70 0.0077455
dresser 0 0 -10 1.97 15.55 290.82 228.42 0.0076257
chair 0 0 -10 3.17 188.96 114.31 412.48 0.0075465
desk 0 0 -10 126.25 301.30 588.48 439.94 0.0066753
chair 0 0 -10 2.81 345.76 147.43 441.00 0.0065486
bed 0 0 -10 0.00 11.37 290.91 241.21 0.0065215
table 0 0 -10 5.83 41.31 426.84 284.13 0.0063647
chair 0 0 -10 11.22 50.65 226.48 402.15 0.0062838
desk 0 0 -10 3.68 274.09 157.86 441.00 0.0062397
chair 0 0 -10 164.41 352.12 562.92 431.15 0.0050158
desk 0 0 -10 299.96 193.17 591.00 429.49 0.0048808
chair 0 0 -10 382.62 129.83 415.73 195.89 0.0045929
chair 0 0 -10 470.77 257.57 591.00 388.22 0.0044553
desk 0 0 -10 167.22 176.80 374.31 283.92 0.0044448
desk 0 0 -10 3.30 41.21 424.04 288.31 0.0043942
bookshelf 0 0 -10 11.65 8.48 284.86 232.07 0.0037286
table 0 0 -10 0.00 89.35 380.46 402.75 0.0036241
table 0 0 -10 337.51 213.86 590.89 357.32 0.0033257
chair 0 0 -10 383.99 172.82 481.73 326.71 0.0029609
chair 0 0 -10 135.51 175.60 402.24 419.79 0.0028261
chair 0 0 -10 553.38 296.85 590.75 375.27 0.0027940
table 0 0 -10 5.09 26.70 286.39 224.41 0.0027870
chair 0 0 -10 309.42 278.81 575.47 436.52 0.0027676
table 0 0 -10 88.32 155.62 428.79 254.32 0.0027426
chair 0 0 -10 245.88 141.86 437.54 314.78 0.0025968
table 0 0 -10 127.37 185.70 429.41 398.18 0.0023742
bed 0 0 -10 219.54 172.79 591.00 440.55 0.0023712
table 0 0 -10 2.92 198.01 111.87 409.67 0.0023115
bed 0 0 -10 16.90 109.89 591.00 418.84 0.0021028
chair 0 0 -10 359.06 191.14 514.10 290.87 0.0020155
chair 0 0 -10 2.06 182.16 74.76 331.34 0.0019373
sofa 0 0 -10 8.34 22.16 288.28 231.99 0.0019142
table 0 0 -10 135.33 175.22 524.27 306.55 0.0018681
table 0 0 -10 374.65 129.54 423.10 203.30 0.0017836
chair 0 0 -10 413.55 162.58 514.48 314.10 0.0016505
chair 0 0 -10 2.73 199.70 61.24 422.20 0.0016445
chair 0 0 -10 518.15 217.84 588.85 426.60 0.0016431
table 0 0 -10 161.03 179.97 376.94 283.94 0.0016362
table 0 0 -10 382.63 179.99 420.16 204.11 0.0016312
table 0 0 -10 5.93 207.40 271.84 426.41 0.0015171
night_stand 0 0 -10 377.33 174.52 422.29 231.46 0.0014304
desk 0 0 -10 131.69 182.57 420.88 403.33 0.0014004
table 0 0 -10 376.18 170.03 568.61 327.62 0.0013931
chair 0 0 -10 305.83 204.60 514.15 414.56 0.0013826
table 0 0 -10 469.51 314.63 586.58 388.71 0.0013750
sofa 0 0 -10 20.59 101.93 591.00 414.12 0.0013698
desk 0 0 -10 376.40 200.21 560.68 284.68 0.0013587
chair 0 0 -10 350.06 168.40 436.53 297.41 0.0013472
chair 0 0 -10 0.55 45.63 133.21 300.95 0.0012575
bookshelf 0 0 -10 34.59 83.93 591.00 412.34 0.0011797
chair 0 0 -10 1.58 32.48 52.39 262.37 0.0011743
chair 0 0 -10 414.56 198.87 552.32 291.97 0.0011607
table 0 0 -10 529.24 306.83 587.95 409.56 0.0011604
chair 0 0 -10 396.38 125.13 411.03 185.44 0.0010870
chair 0 0 -10 2.70 201.63 60.42 276.41 0.0010372
table 0 0 -10 2.98 199.53 76.15 325.37 0.0010214
chair 0 0 -10 150.02 108.17 385.68 297.58 0.0010157
table 0 0 -10 18.64 10.61 255.31 141.36 0.0010097
table 0 0 -10 367.61 166.50 421.97 202.36 0.0009953
chair 0 0 -10 370.64 121.02 419.89 224.96 0.0009521
desk 0 0 -10 137.60 171.90 520.97 308.05 0.0009154
sofa 0 0 -10 228.28 188.99 591.00 437.28 0.0008511
dresser 0 0 -10 20.70 119.86 591.00 418.00 0.0008169
table 0 0 -10 553.43 247.54 590.10 404.63 0.0008168
night_stand 0 0 -10 84.82 215.62 576.36 436.71 0.0008008
desk 0 0 -10 13.97 16.89 289.29 238.95 0.0007968
bathtub 0 0 -10 130.70 208.10 575.03 429.93 0.0007837
table 0 0 -10 23.26 306.88 280.82 439.85 0.0007332
table 0 0 -10 550.04 303.13 589.48 385.16 0.0007215
table 0 0 -10 382.77 170.87 442.71 207.04 0.0006981
sofa 0 0 -10 18.77 17.48 432.27 295.27 0.0006635
bookshelf 0 0 -10 130.72 197.71 583.07 439.60 0.0006631
sofa 0 0 -10 16.63 259.37 591.00 441.00 0.0006620
chair 0 0 -10 388.98 121.94 421.88 180.12 0.0006535
table 0 0 -10 560.51 319.87 590.24 421.73 0.0006314
chair 0 0 -10 94.03 19.66 295.89 210.85 0.0006117
chair 0 0 -10 429.04 338.25 587.00 441.00 0.0006096
bathtub 0 0 -10 29.54 123.87 591.00 393.96 0.0006045
table 0 0 -10 369.45 202.92 563.81 284.45 0.0006040
chair 0 0 -10 442.84 170.25 557.21 367.85 0.0006013
bookshelf 0 0 -10 34.91 0.00 416.98 305.43 0.0006002
desk 0 0 -10 89.24 151.57 424.72 255.10 0.0005985
chair 0 0 -10 4.14 402.08 117.50 441.00 0.0005866
