table 0 0 -10 5.13 206.16 478.28 440.04 0.8555551
chair 0 0 -10 2.11 193.38 104.19 428.99 0.2116235
desk 0 0 -10 36.35 197.39 477.12 441.00 0.1851856
chair 0 0 -10 19.71 186.90 348.18 429.26 0.1733101
chair 0 0 -10 0.00 177.10 55.78 428.24 0.1476596
chair 0 0 -10 3.37 171.18 196.59 426.58 0.0831020
table 0 0 -10 90.69 155.97 259.55 233.23 0.0813790
chair 0 0 -10 183.33 0.00 256.45 53.03 0.0579131
bed 0 0 -10 0.00 191.13 484.67 440.76 0.0504213
table 0 0 -10 23.52 176.79 298.34 406.71 0.0490495
table 0 0 -10 239.20 185.19 474.44 405.75 0.0363945
sofa 0 0 -10 1.17 187.59 461.59 435.61 0.0358344
chair 0 0 -10 0.78 227.43 45.74 368.40 0.0338296
table 0 0 -10 0.32 252.12 101.90 432.70 0.0283527
table 0 0 -10 70.08 139.60 295.51 261.80 0.0283069
table 0 0 -10 0.00 197.68 58.61 441.00 0.0232568
dresser 0 0 -10 378.37 64.44 589.01 308.84 0.0218534
table 0 0 -10 1.14 235.27 33.58 428.74 0.0186721
chair 0 0 -10 2.70 203.90 30.06 413.07 0.0153310
chair 0 0 -10 177.99 0.00 278.80 77.47 0.0149668
table 0 0 -10 50.39 159.07 400.62 330.87 0.0138650
table 0 0 -10 76.73 123.42 236.20 219.65 0.0130873
chair 0 0 -10 164.69 1.29 306.53 146.94 0.0127957
chair 0 0 -10 315.22 171.40 483.33 373.87 0.0127315
chair 0 0 -10 2.53 167.08 36.51 321.55 0.0112397
desk 0 0 -10 279.31 185.39 470.85 384.99 0.0107626
desk 0 0 -10 1.06 190.59 57.14 441.00 0.0102081
dresser 0 0 -10 61.66 198.50 473.20 441.00 0.0099175
dresser 0 0 -10 423.17 2.27 516.34 81.11 0.0097820
table 0 0 -10 82.48 170.31 220.74 283.97 0.0087663
chair 0 0 -10 153.47 124.32 229.07 180.30 0.0084679
chair 0 0 -10 413.56 0.00 502.17 84.66 0.0083039
table 0 0 -10 0.00 247.89 53.27 379.25 0.0077519
table 0 0 -10 2.66 3.19 301.58 74.35 0.0075206
chair 0 0 -10 16.28 2.18 172.36 31.04 0.0069334
table 0 0 -10 3.00 160.96 135.90 405.91 0.0061816
table 0 0 -10 14.64 5.45 171.30 72.32 0.0060506
chair 0 0 -10 127.90 194.67 447.49 427.18 0.0059271
chair 0 0 -10 122.64 171.52 335.84 365.93 0.0059067
night_stand 0 0 -10 65.43 202.71 481.14 441.00 0.0056159
table 0 0 -10 6.92 222.19 196.31 441.00 0.0055573
desk 0 0 -10 0.00 244.78 98.66 435.28 0.0054034
chair 0 0 -10 291.00 262.66 536.79 436.97 0.0052432
sofa 0 0 -10 0.54 233.39 54.16 373.42 0.0049094
chair 0 0 -10 221.21 156.00 453.18 369.91 0.0047538
table 0 0 -10 5.17 82.82 503.84 385.06 0.0047430
chair 0 0 -10 266.29 115.75 491.16 304.16 0.0046202
table 0 0 -10 267.12 172.24 458.12 286.03 0.0045208
table 0 0 -10 0.00 282.63 41.90 359.84 0.0044751
table 0 0 -10 3.50 3.98 177.94 30.36 0.0044500
table 0 0 -10 102.78 150.22 200.47 222.21 0.0043752
sofa 0 0 -10 1.69 168.42 93.11 429.74 0.0043454
table 0 0 -10 59.92 22.72 428.80 239.10 0.0043257
chair 0 0 -10 75.58 126.22 254.79 272.57 0.0043028
table 0 0 -10 1.70 5.01 190.85 121.16 0.0039836
chair 0 0 -10 331.13 186.59 466.47 273.94 0.0037818
chair 0 0 -10 2.60 170.33 16.01 420.08 0.0036981
chair 0 0 -10 135.93 116.54 392.18 311.42 0.0036495
table 0 0 -10 0.00 208.81 21.19 391.42 0.0036136
chair 0 0 -10 1.73 336.49 93.90 441.00 0.0035670
chair 0 0 -10 1.13 152.23 127.49 340.10 0.0035228
sofa 0 0 -10 2.06 139.48 34.28 389.63 0.0034755
chair 0 0 -10 185.64 124.82 226.84 172.55 0.0034717
bookshelf 0 0 -10 420.95 0.25 517.47 81.11 0.0034353
chair 0 0 -10 48.76 160.56 271.76 341.87 0.0033876
bathtub 0 0 -10 70.88 202.54 478.85 435.44 0.0032854
table 0 0 -10 52.02 325.54 365.78 439.86 0.0032769
table 0 0 -10 553.01 256.50 588.12 406.04 0.0032077
desk 0 0 -10 314.48 62.06 584.20 337.86 0.0031768
chair 0 0 -10 349.40 82.35 573.48 413.20 0.0029286
desk 0 0 -10 13.64 72.20 509.25 394.47 0.0028530
chair 0 0 -10 8.80 130.73 22.13 371.87 0.0027627
chair 0 0 -10 153.26 0.00 241.85 68.13 0.0026384
sofa 0 0 -10 0.00 172.96 255.34 416.16 0.0025763
chair 0 0 -10 0.82 252.62 91.70 345.07 0.0025760
table 0 0 -10 3.30 191.31 14.92 430.32 0.0025675
chair 0 0 -10 32.99 0.00 190.34 58.68 0.0024513
table 0 0 -10 2.21 211.36 40.49 355.74 0.0024206
toilet 0 0 -10 18.09 199.05 478.92 440.97 0.0024049
table 0 0 -10 306.41 202.99 479.70 350.10 0.0023861
table 0 0 -10 2.40 251.52 9.65 379.84 0.0023789
desk 0 0 -10 413.79 1.15 572.01 90.75 0.0022576
chair 0 0 -10 238.53 69.19 418.90 221.12 0.0021875
table 0 0 -10 517.93 254.90 586.75 410.00 0.0021749
chair 0 0 -10 532.44 104.93 590.21 414.88 0.0021498
chair 0 0 -10 218.49 0.00 310.52 93.81 0.0021004
table 0 0 -10 233.10 57.60 569.97 330.22 0.0020891
chair 0 0 -10 264.30 222.96 450.53 426.72 0.0019400
table 0 0 -10 187.02 157.82 302.18 274.96 0.0019383
chair 0 0 -10 161.38 85.55 514.45 388.81 0.0018951
chair 0 0 -10 435.37 0.19 497.65 51.87 0.0018605
chair 0 0 -10 136.18 25.17 384.78 235.77 0.0018318
chair 0 0 -10 95.80 0.68 195.63 35.71 0.0018307
night_stand 0 0 -10 283.00 184.74 476.81 372.02 0.0017197
table 0 0 -10 415.31 2.32 568.82 89.79 0.0017151
chair 0 0 -10 103.42 136.29 224.46 222.05 0.0017050
night_stand 0 0 -10 422.84 0.15 516.03 81.26 0.0017005
chair 0 0 -10 3.67 207.47 10.38 378.86 0.0016964
desk 0 0 -10 5.19 205.77 282.30 423.46 0.0016845
chair 0 0 -10 0.87 268.20 34.16 349.64 0.0016837
