night_stand 0 0 -10 375.74 254.64 536.18 434.96 0.9598301
bed 0 0 -10 501.41 174.92 589.91 441.00 0.8691025
bed 0 0 -10 454.56 211.78 574.16 441.00 0.2781386
table 0 0 -10 382.30 259.76 536.00 441.00 0.2025099
sofa 0 0 -10 504.50 168.94 589.78 440.03 0.1520476
bookshelf 0 0 -10 81.67 1.73 221.28 208.01 0.1256328
desk 0 0 -10 376.30 258.28 531.41 439.90 0.1053613
chair 0 0 -10 10.97 327.12 173.33 439.48 0.0815493
bookshelf 0 0 -10 155.14 52.89 304.37 360.40 0.0591094
dresser 0 0 -10 367.77 251.78 538.82 438.64 0.0529284
sofa 0 0 -10 7.88 329.86 179.48 439.26 0.0525354
table 0 0 -10 44.12 295.78 249.14 422.12 0.0442835
bed 0 0 -10 375.36 242.16 549.26 441.00 0.0394942
night_stand 0 0 -10 195.48 254.95 272.65 363.11 0.0374722
night_stand 0 0 -10 457.12 237.45 571.24 441.00 0.0366674
chair 0 0 -10 500.37 180.72 587.37 441.00 0.0326651
dresser 0 0 -10 197.43 254.19 275.88 359.71 0.0325950
chair 0 0 -10 379.65 282.57 533.58 440.21 0.0302116
bookshelf 0 0 -10 135.40 20.98 229.88 138.01 0.0296928
bookshelf 0 0 -10 36.83 8.69 293.36 355.13 0.0254512
table 0 0 -10 194.96 255.73 270.89 363.52 0.0219673
dresser 0 0 -10 139.96 68.26 306.40 366.19 0.0207676
bookshelf 0 0 -10 63.87 0.95 268.60 132.79 0.0185909
chair 0 0 -10 107.73 52.20 208.10 219.12 0.0175676
chair 0 0 -10 71.86 47.63 172.65 229.99 0.0162221
bookshelf 0 0 -10 267.45 139.63 312.69 359.29 0.0153301
bookshelf 0 0 -10 114.41 28.72 255.09 277.34 0.0152523
chair 0 0 -10 150.60 58.35 230.40 173.97 0.0148332
table 0 0 -10 445.48 237.23 563.10 441.00 0.0128921
dresser 0 0 -10 43.25 98.91 259.91 361.85 0.0122094
sofa 0 0 -10 572.86 324.57 590.08 439.27 0.0118022
chair 0 0 -10 172.50 65.04 214.96 171.35 0.0116190
dresser 0 0 -10 454.66 218.71 571.87 439.48 0.0112750
chair 0 0 -10 2.76 304.08 42.79 418.85 0.0111331
bookshelf 0 0 -10 249.79 109.85 302.74 364.91 0.0109119
bookshelf 0 0 -10 270.08 49.69 359.61 389.37 0.0106868
bookshelf 0 0 -10 162.93 41.58 225.86 179.57 0.0104133
chair 0 0 -10 132.64 61.92 286.68 348.76 0.0093237
bed 0 0 -10 88.80 27.94 219.13 249.79 0.0088009
chair 0 0 -10 5.12 307.27 81.19 441.00 0.0087001
bookshelf 0 0 -10 188.65 81.41 377.63 371.56 0.0083611
chair 0 0 -10 190.20 253.25 276.94 357.15 0.0080768
sofa 0 0 -10 5.56 356.43 302.41 439.63 0.0078952
table 0 0 -10 1.67 328.75 41.29 430.81 0.0077726
bed 0 0 -10 129.34 123.02 585.63 439.04 0.0068507
bed 0 0 -10 14.45 11.53 286.31 398.39 0.0067577
sofa 0 0 -10 532.72 320.34 589.89 441.00 0.0067431
desk 0 0 -10 197.47 252.51 286.21 366.20 0.0063905
sofa 0 0 -10 367.24 243.07 584.58 441.00 0.0063641
chair 0 0 -10 134.19 74.81 201.19 159.05 0.0063508
bed 0 0 -10 0.00 136.66 59.63 424.30 0.0062196
bed 0 0 -10 6.78 309.89 177.64 441.00 0.0061733
bookshelf 0 0 -10 54.20 46.08 215.71 308.88 0.0059082
dresser 0 0 -10 52.73 47.74 365.46 408.10 0.0058425
bookshelf 0 0 -10 129.84 49.11 214.37 214.10 0.0054884
night_stand 0 0 -10 393.32 248.63 517.03 291.31 0.0054496
table 0 0 -10 495.99 244.35 586.41 441.00 0.0051956
bookshelf 0 0 -10 288.25 112.98 331.42 377.53 0.0051392
desk 0 0 -10 444.05 226.23 570.52 440.00 0.0051071
bed 0 0 -10 0.48 277.82 76.55 437.51 0.0049901
table 0 0 -10 19.72 331.77 192.39 437.24 0.0047551
bed 0 0 -10 47.14 20.20 171.01 241.51 0.0047124
chair 0 0 -10 572.85 324.90 590.51 434.68 0.0045896
bookshelf 0 0 -10 3.23 143.58 42.86 408.02 0.0045783
bookshelf 0 0 -10 172.83 39.17 261.24 159.30 0.0043434
night_stand 0 0 -10 503.17 215.58 589.25 441.00 0.0042794
table 0 0 -10 395.68 250.03 516.42 289.98 0.0039527
chair 0 0 -10 159.84 54.86 261.61 206.53 0.0037650
dresser 0 0 -10 500.78 187.37 588.37 438.73 0.0037532
table 0 0 -10 46.20 134.98 252.41 426.09 0.0036909
dresser 0 0 -10 47.92 63.76 190.76 304.52 0.0036884
bed 0 0 -10 357.85 128.30 582.02 441.00 0.0036807
dresser 0 0 -10 95.42 37.84 218.88 247.43 0.0036292
bookshelf 0 0 -10 50.59 6.03 166.94 228.61 0.0034976
toilet 0 0 -10 451.64 217.01 576.45 441.00 0.0034970
dresser 0 0 -10 249.08 120.82 303.66 366.69 0.0033360
bed 0 0 -10 99.73 48.27 176.26 235.46 0.0032846
bookshelf 0 0 -10 2.30 94.29 69.95 405.20 0.0032364
bed 0 0 -10 133.83 57.37 308.19 376.45 0.0031580
dresser 0 0 -10 184.64 89.27 380.64 374.34 0.0030829
toilet 0 0 -10 361.35 255.04 539.01 441.00 0.0030799
sofa 0 0 -10 97.50 49.89 179.63 215.19 0.0030657
table 0 0 -10 102.16 60.09 209.32 224.05 0.0030250
dresser 0 0 -10 140.01 67.82 219.97 226.63 0.0029794
bed 0 0 -10 531.42 317.25 589.92 441.00 0.0029125
bookshelf 0 0 -10 377.97 258.44 536.24 441.00 0.0029050
bookshelf 0 0 -10 101.50 39.18 195.74 184.00 0.0028325
bed 0 0 -10 0.37 286.84 33.77 419.83 0.0027498
table 0 0 -10 171.84 231.77 296.10 377.29 0.0025970
night_stand 0 0 -10 478.76 237.85 517.35 261.44 0.0024529
table 0 0 -10 3.62 291.16 61.75 440.57 0.0024378
table 0 0 -10 80.80 188.31 169.82 306.92 0.0024056
chair 0 0 -10 0.00 250.32 50.09 437.70 0.0023483
table 0 0 -10 570.48 327.38 589.87 441.00 0.0022791
sofa 0 0 -10 72.10 44.68 199.89 266.27 0.0021875
dresser 0 0 -10 253.40 128.37 356.10 375.48 0.0021843
sofa 0 0 -10 123.84 65.41 215.95 216.80 0.0021793
chair 0 0 -10 68.99 55.37 244.77 374.75 0.0021175
dresser 0 0 -10 0.32 138.87 58.46 419.77 0.0021088
bookshelf 0 0 -10 197.86 245.03 284.11 363.25 0.0021037
