toilet 0 0 -10 210.47 219.22 385.75 425.85 0.9934294
toilet 0 0 -10 77.22 219.17 374.11 439.89 0.3691982
bathtub 0 0 -10 9.32 231.61 368.86 428.60 0.2904812
toilet 0 0 -10 173.17 216.11 516.86 436.19 0.2876002
table 0 0 -10 334.11 396.90 513.37 437.97 0.0724608
bathtub 0 0 -10 11.30 225.94 304.84 346.32 0.0714599
bathtub 0 0 -10 250.50 206.20 532.36 384.69 0.0521534
toilet 0 0 -10 283.09 279.28 520.85 436.52 0.0373196
bookshelf 0 0 -10 99.65 89.02 161.37 154.20 0.0290867
dresser 0 0 -10 107.74 89.53 161.63 150.88 0.0209038
chair 0 0 -10 481.04 183.11 590.56 437.66 0.0193818
dresser 0 0 -10 77.32 80.45 144.82 151.23 0.0192453
table 0 0 -10 2.18 199.87 307.81 438.61 0.0162957
chair 0 0 -10 514.82 266.48 590.93 441.00 0.0144980
bathtub 0 0 -10 318.55 271.02 529.64 423.09 0.0128115
night_stand 0 0 -10 11.62 234.62 318.37 441.00 0.0116461
bookshelf 0 0 -10 69.25 84.13 141.60 154.09 0.0110972
table 0 0 -10 332.61 374.16 561.33 439.92 0.0104450
table 0 0 -10 523.08 340.78 587.69 439.95 0.0103106
toilet 0 0 -10 290.11 265.40 389.58 428.64 0.0098523
chair 0 0 -10 431.48 303.38 591.00 441.00 0.0098442
toilet 0 0 -10 204.97 216.24 283.71 317.57 0.0090147
chair 0 0 -10 528.25 333.39 588.88 440.89 0.0083935
toilet 0 0 -10 0.13 237.07 275.39 437.98 0.0078173
bathtub 0 0 -10 2.51 162.96 331.52 278.30 0.0068012
bathtub 0 0 -10 191.74 224.32 381.14 393.89 0.0059095
bathtub 0 0 -10 0.49 90.79 349.74 409.24 0.0056022
table 0 0 -10 397.92 322.70 582.08 440.84 0.0054343
dresser 0 0 -10 2.52 230.73 315.37 441.00 0.0048491
chair 0 0 -10 383.11 249.30 572.78 432.09 0.0040627
table 0 0 -10 479.64 232.40 587.37 440.70 0.0040390
desk 0 0 -10 3.63 203.06 312.53 441.00 0.0038535
table 0 0 -10 2.86 300.80 17.24 438.99 0.0038264
bathtub 0 0 -10 336.08 397.17 516.82 434.97 0.0037963
chair 0 0 -10 8.41 236.98 309.04 435.72 0.0036988
bathtub 0 0 -10 167.64 217.80 270.93 257.06 0.0036042
bathtub 0 0 -10 209.95 171.91 430.16 370.31 0.0034290
chair 0 0 -10 532.99 157.10 588.80 430.10 0.0033449
table 0 0 -10 0.06 302.63 37.21 439.71 0.0032779
toilet 0 0 -10 176.33 205.98 329.99 393.30 0.0032088
night_stand 0 0 -10 78.96 92.22 158.47 142.98 0.0028851
chair 0 0 -10 505.13 214.87 549.92 441.00 0.0025873
table 0 0 -10 459.01 354.68 582.99 441.00 0.0025798
dresser 0 0 -10 380.17 257.21 555.22 432.10 0.0025138
sofa 0 0 -10 528.74 334.93 588.95 441.00 0.0023436
desk 0 0 -10 330.16 396.23 518.65 439.10 0.0021290
night_stand 0 0 -10 116.82 88.77 163.55 144.82 0.0020277
chair 0 0 -10 169.28 209.56 507.01 428.07 0.0020028
table 0 0 -10 63.74 77.34 158.69 156.74 0.0019052
dresser 0 0 -10 508.21 96.63 584.82 429.25 0.0018487
toilet 0 0 -10 314.50 264.38 463.64 403.01 0.0017925
toilet 0 0 -10 199.88 208.63 302.82 272.16 0.0017343
toilet 0 0 -10 336.78 245.50 409.43 401.35 0.0017161
bookshelf 0 0 -10 509.77 66.64 582.33 426.09 0.0016711
bathtub 0 0 -10 84.48 220.63 285.17 308.65 0.0016474
chair 0 0 -10 379.70 387.10 565.19 441.00 0.0016068
desk 0 0 -10 77.80 82.73 182.92 150.02 0.0015037
table 0 0 -10 1.53 324.71 9.44 440.11 0.0014336
toilet 0 0 -10 285.95 390.22 497.33 441.00 0.0014187
bed 0 0 -10 2.40 196.88 312.04 441.00 0.0014087
bed 0 0 -10 531.58 9.59 590.21 441.00 0.0013888
bed 0 0 -10 480.39 204.68 589.66 441.00 0.0013552
bathtub 0 0 -10 327.52 344.26 538.61 437.13 0.0013106
chair 0 0 -10 335.12 397.02 520.02 436.57 0.0013053
bathtub 0 0 -10 183.13 92.16 568.25 396.99 0.0012998
bookshelf 0 0 -10 35.57 75.48 164.17 158.57 0.0012527
table 0 0 -10 163.61 213.92 501.14 431.57 0.0012441
table 0 0 -10 504.84 220.76 550.14 441.00 0.0012183
bathtub 0 0 -10 205.71 216.38 285.28 312.90 0.0011453
bookshelf 0 0 -10 104.31 79.07 134.59 157.33 0.0011409
toilet 0 0 -10 355.24 321.73 589.72 437.98 0.0011238
night_stand 0 0 -10 71.43 80.08 131.67 151.74 0.0010967
toilet 0 0 -10 185.72 217.67 272.03 252.99 0.0010298
table 0 0 -10 2.95 306.09 7.14 440.91 0.0009910
desk 0 0 -10 106.86 86.25 161.97 152.22 0.0009564
desk 0 0 -10 481.90 227.94 589.38 441.00 0.0009541
dresser 0 0 -10 56.37 217.02 501.09 436.35 0.0009501
table 0 0 -10 293.73 234.30 542.84 432.50 0.0009249
bed 0 0 -10 75.50 88.91 158.84 146.12 0.0009185
table 0 0 -10 42.25 150.19 160.68 173.66 0.0009106
chair 0 0 -10 348.31 147.40 591.00 426.90 0.0009080
chair 0 0 -10 541.75 264.96 590.35 356.02 0.0008775
toilet 0 0 -10 231.98 139.76 448.58 414.92 0.0008734
desk 0 0 -10 365.39 259.88 554.82 438.56 0.0008566
bathtub 0 0 -10 184.34 191.47 512.90 310.73 0.0008526
bed 0 0 -10 408.53 312.05 587.42 441.00 0.0008313
table 0 0 -10 37.19 113.99 162.36 167.47 0.0008055
dresser 0 0 -10 509.48 208.84 591.00 384.78 0.0007742
toilet 0 0 -10 468.36 259.41 562.54 441.00 0.0007694
bookshelf 0 0 -10 117.45 71.23 172.07 169.99 0.0007686
bookshelf 0 0 -10 110.86 88.49 116.38 155.71 0.0007622
table 0 0 -10 202.11 250.00 388.90 437.58 0.0007304
toilet 0 0 -10 86.42 221.01 303.25 341.63 0.0007239
table 0 0 -10 530.01 269.96 589.92 385.27 0.0007239
chair 0 0 -10 69.92 89.59 142.26 143.83 0.0007187
table 0 0 -10 544.74 298.21 588.50 431.54 0.0007181
dresser 0 0 -10 457.10 232.15 587.35 432.69 0.0006582
chair 0 0 -10 450.69 45.72 584.62 428.31 0.0006547
sofa 0 0 -10 485.57 213.42 588.30 438.93 0.0006501
bathtub 0 0 -10 143.07 159.59 538.09 273.97 0.0006434
