bed 0 0 -10 17.26 4.28 337.99 437.30 0.4327537
table 0 0 -10 371.80 282.42 574.82 441.00 0.2496451
table 0 0 -10 34.51 55.68 293.38 414.81 0.2323557
night_stand 0 0 -10 371.48 279.37 576.71 441.00 0.1986737
dresser 0 0 -10 320.74 59.31 591.00 419.55 0.1447661
desk 0 0 -10 324.35 57.65 591.00 414.29 0.1226647
desk 0 0 -10 354.24 276.21 591.00 441.00 0.1219939
dresser 0 0 -10 352.30 287.97 589.32 441.00 0.1029425
chair 0 0 -10 26.94 71.09 304.32 410.68 0.0626383
desk 0 0 -10 39.58 86.96 570.52 439.29 0.0505645
table 0 0 -10 326.97 71.55 587.48 402.04 0.0353092
dresser 0 0 -10 26.12 30.47 369.24 427.97 0.0331289
bookshelf 0 0 -10 336.26 86.46 591.00 433.25 0.0279633
bookshelf 0 0 -10 355.90 280.91 588.65 441.00 0.0258964
table 0 0 -10 9.99 377.40 581.14 438.35 0.0246496
bookshelf 0 0 -10 29.58 11.73 355.97 419.93 0.0234841
desk 0 0 -10 29.03 34.83 316.75 439.61 0.0231997
bed 0 0 -10 88.23 4.79 557.11 441.00 0.0209696
dresser 0 0 -10 478.25 66.99 588.20 414.85 0.0151881
chair 0 0 -10 529.70 405.37 590.91 441.00 0.0150290
table 0 0 -10 44.39 102.08 555.38 431.03 0.0141216
chair 0 0 -10 427.17 406.44 591.00 441.00 0.0140241
sofa 0 0 -10 21.99 12.06 332.05 422.51 0.0111904
bed 0 0 -10 316.71 32.61 591.00 441.00 0.0084023
night_stand 0 0 -10 326.02 46.08 591.00 419.25 0.0080749
bookshelf 0 0 -10 109.99 13.87 550.01 429.11 0.0080351
chair 0 0 -10 526.85 372.85 591.00 438.72 0.0073361
chair 0 0 -10 319.07 78.76 577.32 429.63 0.0069755
chair 0 0 -10 475.72 385.38 591.00 441.00 0.0067680
table 0 0 -10 52.27 257.88 573.34 438.93 0.0060264
night_stand 0 0 -10 37.51 50.36 365.02 422.46 0.0050783
desk 0 0 -10 1.67 377.88 591.00 438.81 0.0048285
bookshelf 0 0 -10 470.34 66.07 588.39 423.24 0.0042006
table 0 0 -10 271.40 357.67 573.18 434.02 0.0038642
table 0 0 -10 529.45 400.26 591.00 441.00 0.0037068
chair 0 0 -10 415.53 264.04 580.51 436.67 0.0035736
chair 0 0 -10 52.43 66.70 502.41 431.68 0.0035644
chair 0 0 -10 532.79 307.53 591.00 439.70 0.0033977
toilet 0 0 -10 21.38 20.92 323.08 433.93 0.0032347
chair 0 0 -10 544.72 343.51 589.05 417.58 0.0031900
dresser 0 0 -10 133.55 10.46 577.46 392.03 0.0030355
desk 0 0 -10 276.44 357.22 582.99 434.93 0.0028527
table 0 0 -10 334.35 405.41 575.21 440.37 0.0025196
night_stand 0 0 -10 29.68 154.30 265.91 429.73 0.0022519
sofa 0 0 -10 305.47 42.50 588.46 428.03 0.0019688
chair 0 0 -10 511.19 75.44 590.46 436.52 0.0019048
bathtub 0 0 -10 298.93 63.46 591.00 396.12 0.0018045
sofa 0 0 -10 49.88 71.87 544.11 428.21 0.0017414
chair 0 0 -10 464.52 325.32 589.87 440.74 0.0017294
bathtub 0 0 -10 17.34 58.56 387.25 419.37 0.0016923
desk 0 0 -10 282.18 5.48 591.00 97.67 0.0016570
bed 0 0 -10 12.57 381.22 556.95 441.00 0.0016559
chair 0 0 -10 401.13 59.01 590.06 288.34 0.0016403
desk 0 0 -10 320.86 51.68 590.60 238.59 0.0015727
desk 0 0 -10 339.00 405.49 584.20 439.99 0.0014968
chair 0 0 -10 370.27 360.95 586.84 439.86 0.0014756
toilet 0 0 -10 357.13 278.02 557.67 441.00 0.0014358
bed 0 0 -10 228.23 3.03 564.82 311.94 0.0014303
table 0 0 -10 471.22 64.45 589.80 341.90 0.0014297
table 0 0 -10 287.87 7.18 583.88 97.52 0.0013666
desk 0 0 -10 509.52 53.06 590.07 431.69 0.0012798
table 0 0 -10 256.33 15.42 574.38 309.63 0.0012634
desk 0 0 -10 529.68 371.45 591.00 439.60 0.0012202
chair 0 0 -10 556.23 267.22 590.45 435.77 0.0012015
toilet 0 0 -10 287.05 37.99 584.98 437.55 0.0011877
bed 0 0 -10 331.71 408.44 588.70 440.31 0.0011674
bathtub 0 0 -10 365.37 286.42 582.30 434.37 0.0011110
table 0 0 -10 365.09 417.04 543.83 439.99 0.0011031
bathtub 0 0 -10 26.81 374.28 582.23 438.34 0.0010593
sofa 0 0 -10 356.00 405.71 579.83 441.00 0.0010366
chair 0 0 -10 551.80 116.34 589.81 388.58 0.0010172
chair 0 0 -10 87.65 374.69 569.50 438.82 0.0010063
chair 0 0 -10 554.05 372.19 589.63 409.26 0.0009888
dresser 0 0 -10 29.44 150.82 261.98 426.35 0.0009784
night_stand 0 0 -10 475.76 57.97 590.91 328.14 0.0009723
bed 0 0 -10 358.75 266.97 588.94 441.00 0.0009659
desk 0 0 -10 246.00 1.68 581.64 308.35 0.0009422
sofa 0 0 -10 12.41 376.01 584.15 439.75 0.0008796
bed 0 0 -10 353.79 427.27 591.00 441.00 0.0008766
toilet 0 0 -10 39.91 82.45 535.72 438.81 0.0008627
table 0 0 -10 525.75 352.02 589.11 428.45 0.0008329
chair 0 0 -10 531.30 0.45 590.67 56.58 0.0007603
chair 0 0 -10 498.55 261.92 591.00 428.89 0.0007142
night_stand 0 0 -10 111.36 41.46 552.65 426.03 0.0007112
chair 0 0 -10 127.53 0.00 366.44 418.63 0.0006790
table 0 0 -10 464.78 403.36 591.00 441.00 0.0006557
chair 0 0 -10 486.74 116.22 589.16 290.19 0.0006223
chair 0 0 -10 487.72 409.37 550.75 440.83 0.0006087
dresser 0 0 -10 518.78 69.05 582.45 357.71 0.0005940
sofa 0 0 -10 369.13 272.41 578.36 441.00 0.0005785
chair 0 0 -10 570.74 288.87 590.94 424.83 0.0005719
table 0 0 -10 325.27 56.41 582.48 234.98 0.0005708
table 0 0 -10 13.48 178.23 217.20 440.86 0.0005684
dresser 0 0 -10 382.42 43.88 585.90 273.33 0.0005561
chair 0 0 -10 341.16 400.19 550.54 440.95 0.0005506
bed 0 0 -10 531.12 404.80 590.85 441.00 0.0005266
bathtub 0 0 -10 473.37 69.89 591.00 327.68 0.0005172
chair 0 0 -10 392.10 425.54 585.21 440.55 0.0004926
chair 0 0 -10 369.31 417.67 549.79 439.68 0.0004890
chair 0 0 -10 198.53 0.00 517.07 314.60 0.0004867
