chair 0 0 -10 168.03 140.20 456.42 440.18 0.9984373
table 0 0 -10 0.00 90.36 353.11 417.60 0.9853902
chair 0 0 -10 298.17 64.95 422.34 232.86 0.9501293
chair 0 0 -10 233.87 81.80 418.66 286.19 0.3720697
chair 0 0 -10 1.46 99.19 154.04 381.24 0.2867461
desk 0 0 -10 269.51 37.09 427.12 192.97 0.1031953
dresser 0 0 -10 489.26 100.18 591.00 379.61 0.0922833
table 0 0 -10 269.82 40.72 421.09 187.89 0.0729295
chair 0 0 -10 18.36 94.17 262.03 389.40 0.0623027
desk 0 0 -10 0.00 100.17 414.80 430.01 0.0482512
table 0 0 -10 313.67 60.38 422.32 243.81 0.0347117
chair 0 0 -10 1.49 64.94 39.92 326.26 0.0308865
chair 0 0 -10 172.23 83.65 371.53 361.07 0.0254903
chair 0 0 -10 1.19 197.98 112.60 371.23 0.0246959
chair 0 0 -10 96.32 135.57 339.90 422.23 0.0243768
desk 0 0 -10 502.61 106.29 590.45 424.78 0.0225803
chair 0 0 -10 0.42 56.93 84.34 350.62 0.0180069
table 0 0 -10 3.26 209.29 171.34 387.52 0.0170195
table 0 0 -10 195.21 81.59 461.39 360.71 0.0163774
chair 0 0 -10 330.93 63.33 401.61 186.19 0.0154907
desk 0 0 -10 253.00 90.74 574.81 441.00 0.0151825
dresser 0 0 -10 277.52 42.48 415.40 192.19 0.0111298
desk 0 0 -10 251.66 26.78 534.02 294.01 0.0109296
chair 0 0 -10 267.35 50.08 389.81 184.96 0.0108978
bed 0 0 -10 6.84 80.85 335.35 408.28 0.0095808
dresser 0 0 -10 549.37 162.27 591.00 436.65 0.0093595
chair 0 0 -10 335.73 128.96 570.17 441.00 0.0057865
table 0 0 -10 0.27 87.51 140.18 339.89 0.0057655
table 0 0 -10 260.38 39.73 474.99 256.97 0.0055952
desk 0 0 -10 261.65 34.48 499.92 141.30 0.0050645
dresser 0 0 -10 258.45 34.75 342.77 127.75 0.0042646
desk 0 0 -10 415.39 109.69 589.53 438.46 0.0040746
chair 0 0 -10 198.79 229.77 399.99 438.49 0.0040617
desk 0 0 -10 199.83 77.01 465.70 371.65 0.0039506
dresser 0 0 -10 263.40 30.32 504.45 292.28 0.0039447
table 0 0 -10 256.47 108.05 562.99 439.98 0.0036241
chair 0 0 -10 125.62 43.46 479.31 345.57 0.0034066
chair 0 0 -10 415.59 261.32 585.61 441.00 0.0032019
bookshelf 0 0 -10 288.87 46.18 422.42 197.04 0.0029599
dresser 0 0 -10 419.98 112.99 588.92 430.96 0.0029309
table 0 0 -10 501.90 115.81 589.86 429.29 0.0028980
chair 0 0 -10 546.05 262.04 590.04 437.52 0.0028644
table 0 0 -10 157.26 136.51 399.59 403.41 0.0028183
desk 0 0 -10 550.52 167.05 591.00 437.49 0.0027406
table 0 0 -10 0.00 262.13 33.34 368.49 0.0024990
table 0 0 -10 78.70 193.65 552.44 441.00 0.0023396
desk 0 0 -10 120.89 158.23 498.79 441.00 0.0021451
table 0 0 -10 550.01 284.65 589.30 441.00 0.0021117
table 0 0 -10 279.28 126.19 430.49 274.68 0.0020713
chair 0 0 -10 294.68 70.07 483.95 311.97 0.0020326
night_stand 0 0 -10 286.27 54.92 426.94 195.72 0.0019658
table 0 0 -10 264.42 97.59 421.06 217.64 0.0019150
table 0 0 -10 4.23 100.36 39.45 377.42 0.0019095
chair 0 0 -10 339.23 73.77 394.57 150.27 0.0017011
chair 0 0 -10 0.62 240.97 128.29 433.00 0.0017003
chair 0 0 -10 1.41 195.38 40.48 368.67 0.0016846
table 0 0 -10 265.47 36.50 492.45 142.57 0.0015945
chair 0 0 -10 493.41 230.73 584.14 436.77 0.0015930
dresser 0 0 -10 262.52 100.62 562.63 431.50 0.0015563
chair 0 0 -10 0.63 42.07 53.56 221.02 0.0015539
bed 0 0 -10 275.95 56.20 416.60 200.25 0.0015235
sofa 0 0 -10 280.93 64.31 418.11 197.79 0.0014859
chair 0 0 -10 282.20 1.07 363.73 75.79 0.0013771
chair 0 0 -10 333.12 37.78 424.84 156.24 0.0013738
table 0 0 -10 15.05 50.29 381.94 204.30 0.0013348
chair 0 0 -10 171.87 10.84 335.90 140.14 0.0012982
chair 0 0 -10 305.43 2.41 381.56 63.20 0.0012953
chair 0 0 -10 0.66 239.18 31.88 346.63 0.0012150
chair 0 0 -10 0.13 20.97 28.71 197.53 0.0011990
toilet 0 0 -10 286.16 57.00 423.74 200.95 0.0011618
chair 0 0 -10 0.00 0.41 48.60 126.35 0.0011262
chair 0 0 -10 186.11 144.44 291.69 392.53 0.0011101
bathtub 0 0 -10 282.93 52.57 428.68 192.76 0.0010855
sofa 0 0 -10 82.22 148.56 455.12 436.92 0.0010257
bathtub 0 0 -10 442.71 230.14 591.00 426.01 0.0010223
table 0 0 -10 167.34 65.44 412.59 232.18 0.0010167
chair 0 0 -10 452.95 115.85 585.94 418.97 0.0010110
desk 0 0 -10 313.65 57.02 421.41 252.71 0.0009958
night_stand 0 0 -10 486.85 94.80 590.36 327.07 0.0009836
sofa 0 0 -10 2.33 94.48 336.18 402.79 0.0008509
dresser 0 0 -10 274.00 36.28 320.47 119.72 0.0008502
table 0 0 -10 1.26 238.94 120.90 362.89 0.0008172
dresser 0 0 -10 241.26 21.27 316.32 100.64 0.0007541
dresser 0 0 -10 570.05 95.90 590.79 436.91 0.0007528
table 0 0 -10 0.35 73.66 73.69 383.72 0.0007454
table 0 0 -10 0.00 224.99 40.59 425.42 0.0007275
chair 0 0 -10 0.00 65.91 45.39 165.16 0.0007254
dresser 0 0 -10 262.76 37.36 499.25 139.07 0.0006972
chair 0 0 -10 166.06 49.48 407.70 227.57 0.0006939
table 0 0 -10 76.54 35.73 488.51 267.54 0.0006910
chair 0 0 -10 244.75 17.59 369.81 131.27 0.0006760
chair 0 0 -10 348.98 16.27 413.28 116.32 0.0006696
desk 0 0 -10 355.02 62.45 531.57 268.50 0.0006558
chair 0 0 -10 355.22 29.44 384.38 123.56 0.0006519
bed 0 0 -10 0.00 78.95 130.34 351.97 0.0006504
table 0 0 -10 415.17 121.05 585.70 439.16 0.0006501
table 0 0 -10 1.63 239.04 17.62 376.01 0.0006483
desk 0 0 -10 266.54 30.00 348.74 131.52 0.0006376
table 0 0 -10 516.12 84.42 585.72 149.66 0.0006194
table 0 0 -10 554.91 145.35 589.62 441.00 0.0005972
