chair 0 0 -10 157.61 129.42 389.75 433.26 0.9486730
desk 0 0 -10 115.24 32.36 487.71 250.20 0.7602112
desk 0 0 -10 149.99 54.80 566.60 421.57 0.7043996
table 0 0 -10 265.60 135.83 573.81 435.15 0.5810831
desk 0 0 -10 303.41 124.30 586.67 418.51 0.4393758
chair 0 0 -10 1.94 88.07 127.16 322.04 0.3569808
chair 0 0 -10 120.42 37.91 341.86 288.74 0.2948037
table 0 0 -10 106.09 30.89 504.37 331.90 0.2256114
table 0 0 -10 199.97 36.67 492.51 239.69 0.0876077
chair 0 0 -10 222.76 147.57 544.97 430.14 0.0675940
chair 0 0 -10 337.48 66.73 586.75 372.29 0.0458453
table 0 0 -10 3.42 90.41 98.96 367.68 0.0438049
dresser 0 0 -10 490.76 105.83 585.21 397.82 0.0383487
chair 0 0 -10 0.63 79.33 76.19 383.67 0.0313857
chair 0 0 -10 437.77 6.56 588.41 239.53 0.0307744
table 0 0 -10 269.92 105.83 455.47 234.61 0.0296032
chair 0 0 -10 164.65 156.92 309.50 330.24 0.0290973
chair 0 0 -10 372.92 15.26 520.65 197.13 0.0265263
table 0 0 -10 382.95 138.74 588.57 362.45 0.0264258
dresser 0 0 -10 309.34 112.84 575.00 426.51 0.0242513
desk 0 0 -10 255.48 79.77 523.69 347.87 0.0215479
desk 0 0 -10 3.72 87.12 96.62 360.67 0.0208680
chair 0 0 -10 219.52 203.89 369.90 436.22 0.0200894
desk 0 0 -10 271.47 103.28 453.62 236.36 0.0181501
chair 0 0 -10 137.37 135.86 260.70 408.20 0.0169143
desk 0 0 -10 482.62 119.42 585.80 404.66 0.0167962
chair 0 0 -10 262.19 117.68 363.95 231.08 0.0164435
table 0 0 -10 228.87 77.02 473.76 399.00 0.0153488
chair 0 0 -10 151.60 147.67 257.30 302.31 0.0137115
chair 0 0 -10 310.74 57.63 505.15 240.33 0.0127185
desk 0 0 -10 252.55 30.61 494.80 201.98 0.0104476
chair 0 0 -10 274.31 94.06 507.30 325.34 0.0102854
table 0 0 -10 458.16 150.30 584.00 424.47 0.0101432
chair 0 0 -10 492.84 74.79 590.29 385.97 0.0098271
chair 0 0 -10 38.53 39.32 228.50 296.80 0.0095162
table 0 0 -10 138.12 158.45 256.99 300.26 0.0089551
desk 0 0 -10 156.12 118.04 420.09 395.59 0.0085352
sofa 0 0 -10 252.82 126.81 579.30 436.00 0.0084620
chair 0 0 -10 1.14 14.89 90.43 265.40 0.0082142
chair 0 0 -10 380.20 11.79 583.31 141.59 0.0077150
table 0 0 -10 142.45 77.66 422.43 275.54 0.0070563
chair 0 0 -10 113.35 41.60 463.02 393.52 0.0070022
chair 0 0 -10 531.50 25.56 590.82 351.19 0.0069737
desk 0 0 -10 151.58 165.63 293.47 319.95 0.0069051
desk 0 0 -10 410.24 98.15 586.94 329.73 0.0067807
desk 0 0 -10 308.41 36.70 571.31 282.81 0.0067670
table 0 0 -10 305.43 80.59 541.81 299.41 0.0064716
table 0 0 -10 224.39 180.61 387.68 438.53 0.0056541
chair 0 0 -10 7.35 57.62 168.91 407.42 0.0054528
desk 0 0 -10 203.19 37.78 435.48 335.25 0.0053729
table 0 0 -10 0.00 108.15 55.79 414.62 0.0051221
chair 0 0 -10 185.97 281.43 441.91 436.78 0.0049990
dresser 0 0 -10 0.89 82.15 101.00 355.34 0.0049456
chair 0 0 -10 519.40 164.57 589.71 435.61 0.0048992
bed 0 0 -10 297.58 97.60 583.62 432.34 0.0046824
night_stand 0 0 -10 341.83 113.31 589.77 394.08 0.0046549
table 0 0 -10 519.96 144.31 588.00 431.75 0.0044909
table 0 0 -10 2.30 49.45 139.19 284.90 0.0044769
table 0 0 -10 165.99 120.33 394.73 373.05 0.0044739
chair 0 0 -10 497.90 71.17 589.18 241.79 0.0043269
table 0 0 -10 245.62 28.24 376.03 226.92 0.0042828
desk 0 0 -10 277.17 28.92 397.24 227.87 0.0042712
chair 0 0 -10 447.90 165.77 589.91 420.35 0.0042155
desk 0 0 -10 235.68 253.70 550.29 439.93 0.0036751
desk 0 0 -10 416.13 13.18 590.19 239.14 0.0033673
bed 0 0 -10 2.64 74.67 102.65 362.70 0.0032903
chair 0 0 -10 2.14 109.58 58.48 262.94 0.0031028
table 0 0 -10 260.00 117.83 373.10 232.59 0.0030835
chair 0 0 -10 2.16 215.08 89.20 440.72 0.0030014
dresser 0 0 -10 96.64 30.55 495.50 259.83 0.0029925
chair 0 0 -10 2.29 103.27 36.04 405.49 0.0029769
chair 0 0 -10 276.69 129.32 434.00 235.50 0.0029360
table 0 0 -10 233.43 290.98 552.91 438.26 0.0028914
chair 0 0 -10 331.07 45.31 492.18 173.51 0.0027209
dresser 0 0 -10 486.90 9.96 587.76 244.82 0.0027018
bookshelf 0 0 -10 258.14 78.45 580.84 408.93 0.0026737
night_stand 0 0 -10 2.44 97.21 94.56 325.73 0.0024905
chair 0 0 -10 243.65 5.59 383.22 150.12 0.0024577
dresser 0 0 -10 532.51 19.62 590.74 367.56 0.0023748
bookshelf 0 0 -10 501.72 14.47 586.75 367.71 0.0023591
table 0 0 -10 47.48 115.75 376.75 440.69 0.0022338
desk 0 0 -10 123.10 93.74 262.15 311.07 0.0022284
chair 0 0 -10 191.63 73.22 456.37 258.89 0.0021874
dresser 0 0 -10 411.74 138.56 580.92 394.84 0.0021578
table 0 0 -10 494.48 271.02 583.95 441.00 0.0021108
desk 0 0 -10 44.02 110.45 374.34 440.17 0.0020899
sofa 0 0 -10 151.95 137.12 399.62 407.79 0.0020230
bookshelf 0 0 -10 135.30 9.32 448.23 411.09 0.0019661
table 0 0 -10 4.86 1.84 333.57 68.55 0.0019417
bathtub 0 0 -10 0.00 90.47 126.07 409.33 0.0019044
table 0 0 -10 13.73 33.81 204.79 391.90 0.0018619
chair 0 0 -10 506.81 9.27 587.71 191.44 0.0018344
table 0 0 -10 83.44 180.50 240.52 288.74 0.0017099
table 0 0 -10 164.30 162.17 332.66 317.71 0.0016230
sofa 0 0 -10 3.82 87.80 104.41 353.66 0.0015751
table 0 0 -10 1.58 116.51 54.01 276.05 0.0015574
chair 0 0 -10 49.28 179.02 339.16 439.09 0.0015160
dresser 0 0 -10 204.18 36.94 523.07 363.62 0.0015074
desk 0 0 -10 531.15 38.17 591.00 374.79 0.0014288
desk 0 0 -10 13.44 33.15 210.09 345.42 0.0014119
