chair 0 0 -10 275.40 45.68 529.31 441.00 0.9912846
chair 0 0 -10 10.84 63.62 288.69 441.00 0.8516476
chair 0 0 -10 0.47 257.34 84.73 437.73 0.2575226
chair 0 0 -10 0.00 6.98 109.10 355.13 0.1717388
chair 0 0 -10 0.00 118.93 67.98 423.03 0.0916392
table 0 0 -10 0.34 272.30 75.03 441.00 0.0853484
bed 0 0 -10 29.51 53.35 285.43 437.12 0.0845804
chair 0 0 -10 2.38 168.40 161.47 438.45 0.0791862
table 0 0 -10 120.27 67.17 541.43 440.56 0.0730544
chair 0 0 -10 1.03 272.98 46.06 422.62 0.0718693
table 0 0 -10 36.67 23.32 380.45 413.25 0.0648318
table 0 0 -10 1.47 26.88 90.27 431.65 0.0489052
chair 0 0 -10 7.88 8.29 99.17 208.77 0.0369915
chair 0 0 -10 4.46 16.46 48.85 397.12 0.0343758
desk 0 0 -10 0.49 269.37 72.78 441.00 0.0338424
sofa 0 0 -10 25.09 72.87 281.17 435.59 0.0332043
desk 0 0 -10 4.22 15.90 71.27 435.75 0.0319866
chair 0 0 -10 43.21 18.32 259.68 325.40 0.0298353
sofa 0 0 -10 530.60 184.71 588.74 312.09 0.0250194
chair 0 0 -10 517.71 180.83 590.55 315.95 0.0214439
chair 0 0 -10 403.00 82.67 574.71 436.61 0.0187332
table 0 0 -10 9.75 65.47 181.77 441.00 0.0185363
chair 0 0 -10 5.71 265.15 246.85 439.42 0.0179714
desk 0 0 -10 9.05 72.19 281.97 440.73 0.0157408
chair 0 0 -10 468.86 153.04 587.47 430.18 0.0145102
desk 0 0 -10 109.81 51.16 555.38 441.00 0.0141870
dresser 0 0 -10 3.79 21.27 71.90 357.24 0.0136871
desk 0 0 -10 5.19 14.70 146.92 437.94 0.0114127
chair 0 0 -10 257.26 30.03 389.57 306.30 0.0088702
sofa 0 0 -10 144.50 57.49 561.71 437.41 0.0085930
bed 0 0 -10 1.30 0.00 80.83 378.98 0.0076351
sofa 0 0 -10 556.88 189.48 590.21 306.76 0.0074266
dresser 0 0 -10 27.45 75.15 277.48 437.52 0.0071055
table 0 0 -10 318.62 61.50 545.33 404.37 0.0068935
table 0 0 -10 49.51 71.78 275.80 359.20 0.0068478
chair 0 0 -10 7.78 324.03 174.15 441.00 0.0066541
bookshelf 0 0 -10 278.09 44.26 507.67 419.80 0.0065154
bookshelf 0 0 -10 34.48 68.05 273.37 431.54 0.0064378
bed 0 0 -10 139.78 33.74 547.31 441.00 0.0061169
table 0 0 -10 19.91 151.14 294.87 441.00 0.0058891
chair 0 0 -10 15.72 2.52 393.38 215.39 0.0057406
bed 0 0 -10 38.63 0.00 367.25 306.42 0.0051312
chair 0 0 -10 555.48 184.93 590.69 306.51 0.0050490
chair 0 0 -10 215.01 360.79 532.28 439.01 0.0047640
desk 0 0 -10 0.66 16.47 88.65 189.28 0.0047387
table 0 0 -10 1.76 19.35 88.25 191.41 0.0045926
table 0 0 -10 68.92 12.67 396.34 246.16 0.0038532
table 0 0 -10 4.81 35.87 47.64 416.65 0.0036986
bookshelf 0 0 -10 5.92 18.62 70.42 361.69 0.0036630
dresser 0 0 -10 3.99 9.13 144.99 434.28 0.0035331
chair 0 0 -10 2.61 219.09 29.64 430.79 0.0034625
dresser 0 0 -10 273.99 49.33 514.15 416.75 0.0034579
dresser 0 0 -10 2.24 13.53 87.20 183.08 0.0033050
bed 0 0 -10 0.60 11.64 89.19 194.84 0.0032591
desk 0 0 -10 1.72 199.37 104.12 437.34 0.0031359
chair 0 0 -10 3.65 85.78 108.09 191.54 0.0031345
chair 0 0 -10 35.87 0.04 223.76 215.63 0.0029563
chair 0 0 -10 37.87 372.78 467.66 436.43 0.0029557
desk 0 0 -10 265.98 63.15 510.55 416.91 0.0029043
night_stand 0 0 -10 30.80 86.13 277.86 438.64 0.0028976
chair 0 0 -10 324.72 11.18 584.64 328.29 0.0028355
chair 0 0 -10 234.47 5.85 479.24 315.40 0.0028146
bed 0 0 -10 544.53 183.40 590.86 323.66 0.0027230
sofa 0 0 -10 488.68 180.06 588.67 339.20 0.0024387
chair 0 0 -10 296.95 296.39 543.11 437.45 0.0022745
chair 0 0 -10 166.97 0.00 384.86 179.94 0.0021610
table 0 0 -10 17.34 314.61 284.58 441.00 0.0020554
chair 0 0 -10 414.40 38.60 480.21 321.72 0.0019078
chair 0 0 -10 2.34 167.22 70.09 323.44 0.0018292
bed 0 0 -10 4.64 0.00 153.43 441.00 0.0017442
table 0 0 -10 509.47 251.38 586.99 304.03 0.0017364
toilet 0 0 -10 35.97 76.62 273.64 441.00 0.0017284
chair 0 0 -10 9.05 245.34 19.01 433.20 0.0017215
table 0 0 -10 500.44 232.11 586.63 441.00 0.0016782
dresser 0 0 -10 456.69 113.97 570.46 267.85 0.0016343
bookshelf 0 0 -10 3.71 8.78 86.57 187.55 0.0016165
chair 0 0 -10 513.20 86.51 590.33 353.88 0.0015859
table 0 0 -10 504.41 238.92 586.26 345.00 0.0014632
night_stand 0 0 -10 1.81 19.87 88.77 177.67 0.0014624
chair 0 0 -10 12.09 153.37 21.55 432.09 0.0014524
chair 0 0 -10 451.73 64.23 575.50 339.39 0.0014478
chair 0 0 -10 536.86 184.51 590.79 265.66 0.0014377
desk 0 0 -10 1.08 4.69 114.00 292.71 0.0014027
bed 0 0 -10 49.81 1.20 401.76 161.15 0.0013871
table 0 0 -10 461.19 178.76 581.11 336.95 0.0012976
table 0 0 -10 0.90 94.13 108.57 198.09 0.0012753
chair 0 0 -10 119.38 223.27 505.84 439.83 0.0012271
dresser 0 0 -10 2.28 6.37 111.62 279.00 0.0012112
chair 0 0 -10 2.60 133.65 236.66 339.27 0.0012109
sofa 0 0 -10 546.65 185.58 590.17 254.55 0.0012068
toilet 0 0 -10 280.21 63.28 542.93 428.27 0.0011662
table 0 0 -10 14.30 407.47 281.28 439.70 0.0011647
table 0 0 -10 561.01 246.08 590.27 282.61 0.0011622
night_stand 0 0 -10 1.83 29.00 84.89 367.74 0.0011389
desk 0 0 -10 3.39 23.54 36.28 413.64 0.0010988
table 0 0 -10 1.67 281.80 172.73 441.00 0.0010980
chair 0 0 -10 1.68 34.84 44.32 162.79 0.0010847
chair 0 0 -10 6.64 45.66 202.13 278.34 0.0010809
bathtub 0 0 -10 41.41 95.68 271.43 429.58 0.0010661
chair 0 0 -10 1.11 0.00 77.35 134.63 0.0010408
