bed 0 0 -10 433.11 240.14 588.60 417.70 0.9763312
bed 0 0 -10 423.65 91.96 590.44 423.94 0.0472972
chair 0 0 -10 437.84 246.35 585.06 426.84 0.0306962
sofa 0 0 -10 437.19 235.48 588.95 427.32 0.0261891
table 0 0 -10 434.37 246.85 590.61 420.30 0.0249125
night_stand 0 0 -10 427.36 259.53 584.56 428.17 0.0182431
table 0 0 -10 565.45 342.88 590.05 427.87 0.0110982
bookshelf 0 0 -10 3.43 0.00 515.89 361.38 0.0107357
bed 0 0 -10 0.00 0.00 556.49 337.55 0.0094673
night_stand 0 0 -10 378.05 0.00 483.86 106.04 0.0087099
bookshelf 0 0 -10 410.74 2.99 585.97 408.67 0.0079671
dresser 0 0 -10 405.19 8.31 590.69 408.81 0.0079230
desk 0 0 -10 427.01 243.45 591.00 429.30 0.0077481
chair 0 0 -10 382.14 0.00 492.37 105.76 0.0061924
dresser 0 0 -10 424.20 252.32 583.84 427.67 0.0056463
table 0 0 -10 520.41 284.51 589.18 437.70 0.0053157
chair 0 0 -10 0.72 324.85 144.71 430.44 0.0049944
bed 0 0 -10 1.84 208.83 504.16 412.51 0.0041350
table 0 0 -10 376.78 0.22 484.32 107.07 0.0038225
bed 0 0 -10 446.63 229.63 591.00 329.70 0.0037233
dresser 0 0 -10 0.00 0.00 556.05 326.87 0.0034664
chair 0 0 -10 556.70 341.81 590.64 429.36 0.0032291
bed 0 0 -10 287.78 29.84 588.71 427.33 0.0032158
desk 0 0 -10 369.63 0.00 489.66 111.11 0.0029785
toilet 0 0 -10 422.86 237.32 590.21 423.09 0.0028830
table 0 0 -10 576.99 346.44 590.28 436.48 0.0027813
table 0 0 -10 544.30 339.34 589.15 422.10 0.0027116
table 0 0 -10 559.13 371.21 589.22 408.47 0.0026454
table 0 0 -10 484.66 301.68 589.20 378.29 0.0025412
table 0 0 -10 5.30 332.06 164.39 430.38 0.0023064
table 0 0 -10 0.00 3.65 564.32 324.59 0.0022655
chair 0 0 -10 536.53 316.17 591.00 438.00 0.0020762
sofa 0 0 -10 7.57 315.44 485.46 441.00 0.0018375
dresser 0 0 -10 381.31 3.83 486.30 106.90 0.0017973
table 0 0 -10 358.62 253.65 442.35 337.33 0.0017662
bed 0 0 -10 169.49 183.50 584.51 431.54 0.0017309
bookshelf 0 0 -10 433.87 229.26 591.00 415.76 0.0016512
bathtub 0 0 -10 9.77 57.13 401.82 370.70 0.0015811
table 0 0 -10 12.06 311.92 465.91 437.82 0.0015553
desk 0 0 -10 0.00 0.00 586.64 331.72 0.0015217
chair 0 0 -10 2.31 289.58 317.13 435.56 0.0012848
bathtub 0 0 -10 415.63 257.52 591.00 431.66 0.0012013
table 0 0 -10 503.13 326.79 586.14 413.05 0.0010845
desk 0 0 -10 0.00 216.96 521.02 409.80 0.0010835
table 0 0 -10 574.29 373.03 590.16 406.91 0.0009838
bathtub 0 0 -10 0.00 7.01 561.13 297.99 0.0009822
table 0 0 -10 554.68 278.40 590.45 434.56 0.0009624
table 0 0 -10 573.35 343.83 590.31 370.24 0.0009483
bathtub 0 0 -10 7.93 205.40 495.29 410.58 0.0009262
sofa 0 0 -10 1.78 334.98 155.20 439.58 0.0008255
bookshelf 0 0 -10 378.55 0.00 488.06 109.77 0.0008054
bed 0 0 -10 503.63 205.18 590.63 418.93 0.0008015
bed 0 0 -10 256.03 232.04 564.52 397.25 0.0007685
chair 0 0 -10 353.32 0.00 561.29 204.32 0.0007648
table 0 0 -10 0.00 217.82 502.33 408.39 0.0007103
chair 0 0 -10 492.71 309.86 588.59 434.93 0.0006902
table 0 0 -10 530.76 309.58 589.99 374.49 0.0006901
table 0 0 -10 397.94 30.95 587.56 396.78 0.0006571
chair 0 0 -10 389.91 0.00 546.11 134.51 0.0006200
chair 0 0 -10 551.72 364.79 589.88 413.10 0.0006175
desk 0 0 -10 396.88 16.03 591.00 412.82 0.0006140
chair 0 0 -10 456.86 0.00 588.91 224.16 0.0006111
table 0 0 -10 566.08 294.04 590.36 402.08 0.0006073
table 0 0 -10 385.26 2.60 548.54 133.20 0.0006044
chair 0 0 -10 573.83 343.92 590.99 436.87 0.0005928
bed 0 0 -10 6.41 315.45 488.84 440.86 0.0005797
desk 0 0 -10 353.28 0.00 552.36 153.99 0.0005615
chair 0 0 -10 496.86 6.00 591.00 154.59 0.0005439
table 0 0 -10 1.56 322.00 107.09 403.24 0.0004859
table 0 0 -10 42.84 318.58 299.08 388.72 0.0004707
bookshelf 0 0 -10 15.49 166.12 485.93 403.18 0.0004518
table 0 0 -10 572.38 383.27 590.04 417.29 0.0004488
sofa 0 0 -10 410.13 28.49 587.44 408.49 0.0004442
night_stand 0 0 -10 363.25 250.06 458.16 336.71 0.0004390
bed 0 0 -10 0.00 9.01 204.53 383.99 0.0004361
sofa 0 0 -10 10.37 213.26 502.29 409.46 0.0004289
table 0 0 -10 6.89 281.90 422.98 381.15 0.0004065
chair 0 0 -10 569.89 373.90 590.62 411.12 0.0004013
bed 0 0 -10 465.72 225.98 591.00 262.26 0.0003940
toilet 0 0 -10 0.17 45.86 383.08 374.92 0.0003907
table 0 0 -10 491.75 24.15 587.74 184.39 0.0003886
dresser 0 0 -10 345.18 12.51 549.11 313.72 0.0003815
table 0 0 -10 583.77 345.27 590.70 440.20 0.0003650
chair 0 0 -10 380.04 0.00 509.72 53.76 0.0003620
chair 0 0 -10 185.96 0.00 575.79 273.90 0.0003449
table 0 0 -10 0.08 353.41 28.23 438.61 0.0003439
chair 0 0 -10 485.93 165.77 589.32 414.07 0.0003399
dresser 0 0 -10 518.49 7.02 589.79 288.22 0.0003377
chair 0 0 -10 411.84 18.73 590.66 402.72 0.0003323
table 0 0 -10 1.28 331.29 62.75 400.06 0.0003291
chair 0 0 -10 2.32 18.43 432.32 376.45 0.0003278
chair 0 0 -10 257.27 0.48 512.71 135.59 0.0003194
chair 0 0 -10 2.10 279.71 121.72 398.56 0.0003164
bathtub 0 0 -10 377.31 0.00 489.44 107.91 0.0003147
sofa 0 0 -10 566.21 354.07 590.67 440.89 0.0003092
table 0 0 -10 36.92 321.00 361.38 358.40 0.0003068
bathtub 0 0 -10 408.98 24.52 591.00 377.62 0.0003023
desk 0 0 -10 565.93 354.80 590.42 441.00 0.0003016
chair 0 0 -10 520.21 224.77 589.24 398.30 0.0003004
sofa 0 0 -10 9.94 19.44 479.02 360.22 0.0002947
