toilet 0 0 -10 515.00 4.55 589.59 289.69 0.9684610
toilet 0 0 -10 547.55 3.20 590.77 245.17 0.1972034
toilet 0 0 -10 173.87 3.81 581.06 433.65 0.1829664
bathtub 0 0 -10 260.99 111.33 585.40 441.00 0.1296461
chair 0 0 -10 0.93 0.33 206.88 369.75 0.0379492
toilet 0 0 -10 418.94 6.18 586.56 353.65 0.0368095
bathtub 0 0 -10 540.62 5.34 589.37 212.21 0.0344611
dresser 0 0 -10 173.57 21.18 591.00 436.54 0.0296389
table 0 0 -10 203.88 0.00 591.00 431.40 0.0276012
desk 0 0 -10 183.73 34.05 591.00 433.00 0.0251225
chair 0 0 -10 59.03 0.00 480.18 416.38 0.0146653
bathtub 0 0 -10 219.85 248.25 533.19 441.00 0.0086848
chair 0 0 -10 532.01 0.00 590.89 307.85 0.0079275
bathtub 0 0 -10 507.74 10.61 591.00 250.80 0.0077453
table 0 0 -10 531.82 145.03 587.17 289.50 0.0074272
table 0 0 -10 561.32 129.36 590.18 313.80 0.0049916
toilet 0 0 -10 539.47 66.39 591.00 373.03 0.0049821
table 0 0 -10 6.49 71.23 208.41 385.24 0.0045988
dresser 0 0 -10 32.92 15.33 338.92 418.45 0.0042404
table 0 0 -10 553.99 20.76 588.99 288.05 0.0041063
bathtub 0 0 -10 403.12 4.48 589.36 351.58 0.0039751
dresser 0 0 -10 7.85 39.46 205.57 375.36 0.0037711
toilet 0 0 -10 570.20 0.00 591.00 300.76 0.0037152
bathtub 0 0 -10 82.15 30.37 584.24 421.97 0.0036025
desk 0 0 -10 4.26 67.05 210.30 385.22 0.0034007
bed 0 0 -10 172.77 1.62 588.85 438.22 0.0030682
bookshelf 0 0 -10 188.63 6.61 582.23 437.84 0.0030265
table 0 0 -10 581.17 117.14 590.60 324.71 0.0024760
night_stand 0 0 -10 189.30 0.00 591.00 416.42 0.0021368
bed 0 0 -10 3.92 29.28 207.70 376.16 0.0019883
bookshelf 0 0 -10 11.88 26.20 201.03 378.90 0.0018849
table 0 0 -10 538.46 70.32 589.40 349.79 0.0018544
bathtub 0 0 -10 213.60 0.00 591.00 285.26 0.0018150
toilet 0 0 -10 487.03 57.10 591.00 415.47 0.0018014
toilet 0 0 -10 3.39 47.10 203.46 400.04 0.0017891
toilet 0 0 -10 462.61 7.25 591.00 213.17 0.0017487
table 0 0 -10 35.14 238.40 267.94 433.58 0.0016567
sofa 0 0 -10 10.44 29.27 203.60 364.91 0.0016106
bathtub 0 0 -10 4.41 67.93 209.99 409.17 0.0015709
chair 0 0 -10 34.13 94.18 195.26 322.34 0.0014983
chair 0 0 -10 47.19 74.32 257.80 401.47 0.0014818
bathtub 0 0 -10 300.50 266.15 503.02 392.01 0.0014662
chair 0 0 -10 217.16 0.00 583.12 427.84 0.0013177
dresser 0 0 -10 0.37 90.57 53.64 404.01 0.0012642
toilet 0 0 -10 520.28 134.99 589.49 270.96 0.0012175
chair 0 0 -10 17.79 200.18 217.67 420.65 0.0010626
toilet 0 0 -10 13.89 18.75 326.39 437.78 0.0009881
desk 0 0 -10 29.14 19.49 393.05 433.76 0.0009781
toilet 0 0 -10 498.58 63.08 591.00 192.62 0.0009468
bed 0 0 -10 0.00 80.21 55.86 403.33 0.0008945
toilet 0 0 -10 285.15 3.28 584.21 294.44 0.0008698
bathtub 0 0 -10 570.88 0.00 591.00 282.36 0.0008094
bathtub 0 0 -10 18.60 35.52 371.85 415.27 0.0007988
sofa 0 0 -10 184.61 4.29 581.60 427.48 0.0007830
table 0 0 -10 582.61 0.00 590.51 298.61 0.0007542
table 0 0 -10 38.39 21.64 390.06 429.18 0.0007513
bathtub 0 0 -10 86.75 326.43 444.83 441.00 0.0007403
toilet 0 0 -10 582.48 0.00 590.96 300.34 0.0007308
bathtub 0 0 -10 482.48 1.25 591.00 156.34 0.0006577
table 0 0 -10 572.28 18.79 590.02 300.16 0.0006524
bathtub 0 0 -10 524.71 93.20 591.00 297.03 0.0006407
bookshelf 0 0 -10 536.22 0.00 589.37 318.74 0.0006133
chair 0 0 -10 0.00 78.27 56.33 400.60 0.0006130
dresser 0 0 -10 534.88 0.00 590.34 313.03 0.0006116
night_stand 0 0 -10 534.77 1.49 591.00 318.39 0.0005713
chair 0 0 -10 470.65 0.00 591.00 291.31 0.0005693
bookshelf 0 0 -10 34.74 13.28 327.60 418.87 0.0005482
chair 0 0 -10 153.61 251.96 312.24 429.84 0.0005480
chair 0 0 -10 569.08 0.00 590.75 285.72 0.0005455
table 0 0 -10 3.96 250.66 163.84 437.91 0.0005234
table 0 0 -10 348.01 0.00 577.68 305.45 0.0005123
toilet 0 0 -10 479.91 31.24 589.98 138.92 0.0005117
sofa 0 0 -10 535.23 0.00 589.47 321.30 0.0004753
dresser 0 0 -10 3.55 61.43 30.48 417.04 0.0004700
desk 0 0 -10 533.82 3.58 590.86 329.68 0.0004560
chair 0 0 -10 582.35 0.00 590.87 290.96 0.0004391
table 0 0 -10 0.99 112.75 54.87 411.24 0.0004381
table 0 0 -10 323.46 0.00 581.88 152.55 0.0004130
table 0 0 -10 127.70 208.94 565.40 441.00 0.0004099
table 0 0 -10 517.78 0.00 589.35 267.61 0.0004091
bed 0 0 -10 533.54 0.00 590.31 324.21 0.0003987
bed 0 0 -10 27.21 0.00 353.89 439.65 0.0003668
night_stand 0 0 -10 34.52 19.18 342.70 413.84 0.0003624
bathtub 0 0 -10 376.09 180.57 590.93 419.66 0.0003511
bathtub 0 0 -10 263.46 275.33 433.09 424.54 0.0003212
table 0 0 -10 34.56 308.13 396.18 441.00 0.0003183
bathtub 0 0 -10 488.96 68.75 591.00 406.18 0.0003149
chair 0 0 -10 354.32 0.00 589.19 321.65 0.0002996
night_stand 0 0 -10 12.95 21.18 205.25 344.38 0.0002991
table 0 0 -10 32.15 229.67 176.33 367.65 0.0002920
table 0 0 -10 586.13 122.01 590.73 288.12 0.0002920
desk 0 0 -10 18.59 223.34 221.37 426.11 0.0002901
chair 0 0 -10 157.84 48.70 343.58 426.73 0.0002846
bathtub 0 0 -10 0.45 114.74 55.47 423.66 0.0002819
bathtub 0 0 -10 564.70 2.25 589.23 181.46 0.0002806
table 0 0 -10 587.80 146.38 590.90 313.35 0.0002761
bed 0 0 -10 3.06 48.18 31.87 419.67 0.0002717
chair 0 0 -10 414.36 0.00 586.38 153.09 0.0002713
chair 0 0 -10 586.38 0.00 591.00 193.68 0.0002706
bathtub 0 0 -10 358.60 1.15 590.81 146.00 0.0002697
