bathtub 0 0 -10 130.67 326.91 425.31 439.24 0.8088821
table 0 0 -10 123.94 320.03 423.15 441.00 0.0716331
toilet 0 0 -10 135.98 323.74 396.30 441.00 0.0564332
table 0 0 -10 1.22 367.93 96.83 438.98 0.0514839
desk 0 0 -10 132.97 328.42 413.82 441.00 0.0154471
table 0 0 -10 437.38 422.73 561.73 436.34 0.0144938
table 0 0 -10 428.26 433.27 565.04 440.66 0.0115452
table 0 0 -10 406.33 411.89 584.23 441.00 0.0092282
table 0 0 -10 414.09 428.02 584.52 440.74 0.0080533
chair 0 0 -10 142.42 319.50 376.98 438.70 0.0079593
table 0 0 -10 429.51 437.21 560.32 440.93 0.0070515
bathtub 0 0 -10 5.79 368.31 106.26 438.23 0.0065817
table 0 0 -10 460.78 420.77 526.73 440.18 0.0065331
bed 0 0 -10 132.98 324.85 410.79 441.00 0.0061136
table 0 0 -10 0.00 317.88 131.21 438.99 0.0058516
chair 0 0 -10 0.96 367.92 97.02 440.51 0.0050582
bathtub 0 0 -10 271.76 370.81 425.26 441.00 0.0048884
bathtub 0 0 -10 63.14 258.15 470.31 434.60 0.0036873
bathtub 0 0 -10 403.49 410.64 591.00 440.89 0.0035810
bathtub 0 0 -10 4.27 313.95 237.31 436.28 0.0029052
bathtub 0 0 -10 7.10 286.88 109.00 429.00 0.0028383
bathtub 0 0 -10 415.97 431.95 565.57 440.10 0.0027265
table 0 0 -10 2.34 402.75 87.76 440.89 0.0026795
table 0 0 -10 0.00 387.86 162.35 439.45 0.0024830
toilet 0 0 -10 4.83 368.44 104.14 440.54 0.0023576
toilet 0 0 -10 0.00 311.07 220.57 441.00 0.0022774
chair 0 0 -10 439.55 421.72 562.78 437.06 0.0022061
chair 0 0 -10 462.38 419.49 526.21 440.79 0.0021534
chair 0 0 -10 429.67 403.10 565.07 440.81 0.0020680
table 0 0 -10 449.35 410.28 521.99 439.10 0.0020644
bathtub 0 0 -10 381.05 429.33 591.00 441.00 0.0020409
dresser 0 0 -10 123.08 324.93 419.53 441.00 0.0018934
chair 0 0 -10 1.35 292.39 143.69 437.83 0.0018715
sofa 0 0 -10 427.83 431.91 575.03 440.08 0.0018025
toilet 0 0 -10 389.54 417.80 571.78 438.71 0.0017138
table 0 0 -10 430.37 438.92 550.39 440.97 0.0016232
table 0 0 -10 436.70 417.45 547.96 431.85 0.0015813
bathtub 0 0 -10 197.80 297.32 546.63 437.27 0.0014438
sofa 0 0 -10 419.39 420.47 587.45 439.76 0.0014117
sofa 0 0 -10 130.39 329.82 417.21 441.00 0.0013284
bathtub 0 0 -10 400.42 383.15 575.98 437.91 0.0012309
night_stand 0 0 -10 128.51 317.79 432.27 438.69 0.0011271
toilet 0 0 -10 71.56 255.36 445.51 441.00 0.0010989
chair 0 0 -10 394.26 417.21 573.45 438.54 0.0010591
table 0 0 -10 417.86 385.68 547.96 439.87 0.0009749
bathtub 0 0 -10 429.22 427.70 550.18 438.59 0.0009556
table 0 0 -10 412.60 404.82 574.69 431.25 0.0009174
sofa 0 0 -10 2.02 373.95 98.20 440.34 0.0008999
toilet 0 0 -10 366.65 393.81 567.13 439.84 0.0008941
bathtub 0 0 -10 231.03 319.15 394.93 425.32 0.0008826
bed 0 0 -10 3.07 369.14 101.99 441.00 0.0008635
toilet 0 0 -10 2.54 283.56 106.84 434.72 0.0008618
desk 0 0 -10 0.00 373.49 98.15 441.00 0.0008538
bed 0 0 -10 413.64 427.69 591.00 440.93 0.0008168
sofa 0 0 -10 461.09 419.76 526.95 440.93 0.0008112
chair 0 0 -10 0.27 358.59 206.85 441.00 0.0007977
bathtub 0 0 -10 142.18 312.40 369.73 403.67 0.0007313
table 0 0 -10 90.30 203.50 429.93 438.67 0.0007219
bathtub 0 0 -10 5.52 224.71 255.18 418.59 0.0006883
sofa 0 0 -10 432.43 427.90 550.39 438.95 0.0006821
bookshelf 0 0 -10 135.01 318.80 414.47 439.86 0.0006755
bed 0 0 -10 426.91 433.11 568.73 440.87 0.0006392
table 0 0 -10 1.97 372.33 57.66 429.26 0.0006319
toilet 0 0 -10 382.63 429.24 591.00 441.00 0.0006313
desk 0 0 -10 145.61 272.38 506.25 434.90 0.0006199
chair 0 0 -10 28.77 329.63 271.60 440.29 0.0006173
bathtub 0 0 -10 272.18 402.84 495.65 441.00 0.0006147
chair 0 0 -10 430.57 427.60 549.92 438.87 0.0006101
bathtub 0 0 -10 376.96 363.20 511.24 437.68 0.0006098
toilet 0 0 -10 374.18 362.30 507.84 441.00 0.0005912
table 0 0 -10 326.44 423.88 555.47 440.78 0.0005903
chair 0 0 -10 418.48 432.00 563.53 440.27 0.0005876
table 0 0 -10 3.81 418.57 139.75 441.00 0.0005776
bathtub 0 0 -10 409.79 436.60 555.36 441.00 0.0005426
bed 0 0 -10 0.00 19.79 149.33 441.00 0.0005265
desk 0 0 -10 433.45 422.32 564.54 436.75 0.0005239
bathtub 0 0 -10 162.27 375.30 404.76 441.00 0.0005130
chair 0 0 -10 227.55 311.69 414.10 425.61 0.0005067
bathtub 0 0 -10 370.56 314.91 569.87 433.95 0.0005015
sofa 0 0 -10 440.16 402.59 573.86 441.00 0.0004937
chair 0 0 -10 2.90 404.15 91.10 441.00 0.0004728
chair 0 0 -10 437.40 416.47 551.95 432.22 0.0004302
bed 0 0 -10 0.99 263.57 102.08 438.87 0.0004085
desk 0 0 -10 424.29 433.03 568.70 440.73 0.0004047
bathtub 0 0 -10 9.59 330.21 157.36 419.43 0.0004036
toilet 0 0 -10 417.32 432.12 561.46 440.29 0.0003995
table 0 0 -10 47.85 324.23 165.00 439.25 0.0003840
bathtub 0 0 -10 316.34 424.00 561.02 440.64 0.0003822
table 0 0 -10 0.00 208.37 186.88 435.06 0.0003803
bathtub 0 0 -10 2.72 131.87 102.42 430.88 0.0003756
bed 0 0 -10 434.83 422.24 565.72 436.85 0.0003718
desk 0 0 -10 459.62 420.16 527.21 440.49 0.0003683
bathtub 0 0 -10 21.44 100.55 350.29 424.58 0.0003529
bathtub 0 0 -10 2.24 244.88 95.36 382.46 0.0003478
bathtub 0 0 -10 129.10 117.34 155.61 433.71 0.0003468
bathtub 0 0 -10 82.02 257.13 140.23 432.63 0.0003433
bed 0 0 -10 460.40 419.93 527.88 441.00 0.0003295
bathtub 0 0 -10 158.92 162.48 585.27 429.66 0.0003282
toilet 0 0 -10 272.87 402.52 488.49 441.00 0.0003213
chair 0 0 -10 114.01 160.25 418.71 425.01 0.0003191
