sofa 0 0 -10 16.52 90.64 537.87 419.55 0.9909346
table 0 0 -10 196.57 267.53 431.66 437.70 0.1631246
sofa 0 0 -10 72.57 164.01 403.18 440.72 0.0693092
night_stand 0 0 -10 200.20 269.89 445.95 441.00 0.0529341
sofa 0 0 -10 196.04 172.40 488.45 386.51 0.0490049
sofa 0 0 -10 306.10 229.59 461.95 360.99 0.0319185
chair 0 0 -10 3.95 351.50 128.23 441.00 0.0284853
table 0 0 -10 316.64 241.24 463.79 373.87 0.0240547
table 0 0 -10 2.95 335.51 112.49 441.00 0.0230353
bed 0 0 -10 18.14 94.72 451.19 431.75 0.0229958
sofa 0 0 -10 148.37 97.51 530.42 316.84 0.0170352
table 0 0 -10 90.32 205.21 392.72 438.52 0.0139634
chair 0 0 -10 251.92 246.51 453.56 411.89 0.0086552
dresser 0 0 -10 1.42 90.60 78.41 429.96 0.0071632
sofa 0 0 -10 238.34 244.81 451.35 418.13 0.0055337
table 0 0 -10 8.84 201.23 119.39 425.42 0.0048913
night_stand 0 0 -10 297.33 236.59 461.53 382.06 0.0048814
chair 0 0 -10 300.43 236.73 464.96 361.98 0.0048201
chair 0 0 -10 83.33 177.00 393.86 430.79 0.0045784
table 0 0 -10 7.45 157.53 70.83 418.30 0.0045120
bookshelf 0 0 -10 33.60 0.00 137.14 63.89 0.0044340
bookshelf 0 0 -10 154.99 0.19 226.04 63.71 0.0044109
table 0 0 -10 2.11 361.74 82.64 426.49 0.0043579
chair 0 0 -10 212.37 177.29 476.19 393.90 0.0040099
bed 0 0 -10 202.14 217.03 468.91 434.31 0.0036459
night_stand 0 0 -10 0.86 352.82 89.99 436.94 0.0035030
sofa 0 0 -10 8.81 108.41 250.75 422.78 0.0030787
bed 0 0 -10 0.00 82.80 81.82 439.68 0.0030158
chair 0 0 -10 224.14 303.76 441.55 435.05 0.0029705
desk 0 0 -10 192.44 261.53 441.78 439.68 0.0028083
sofa 0 0 -10 4.02 351.69 129.44 441.00 0.0026956
bookshelf 0 0 -10 6.58 0.00 249.07 65.64 0.0026916
table 0 0 -10 183.73 192.73 476.26 387.79 0.0026355
table 0 0 -10 41.21 138.65 507.62 434.69 0.0023114
chair 0 0 -10 222.71 4.73 257.83 65.61 0.0022214
desk 0 0 -10 0.19 83.16 69.48 435.48 0.0021272
dresser 0 0 -10 0.00 40.63 46.23 388.47 0.0021255
chair 0 0 -10 0.00 297.26 155.98 441.00 0.0019154
bed 0 0 -10 345.05 146.02 543.07 292.79 0.0018469
bookshelf 0 0 -10 3.01 50.49 77.03 421.26 0.0015850
chair 0 0 -10 1.30 61.41 76.04 435.11 0.0014775
chair 0 0 -10 9.06 275.10 310.19 435.96 0.0014594
desk 0 0 -10 313.87 235.21 464.77 376.94 0.0014564
bookshelf 0 0 -10 0.00 17.75 45.93 394.49 0.0014102
bed 0 0 -10 123.90 108.44 545.10 343.13 0.0013815
sofa 0 0 -10 13.92 170.27 156.24 408.25 0.0013488
bed 0 0 -10 311.12 229.72 469.56 371.45 0.0012935
chair 0 0 -10 7.13 199.37 107.52 435.94 0.0012691
sofa 0 0 -10 6.00 113.20 101.36 420.63 0.0012623
dresser 0 0 -10 202.47 228.41 462.64 434.54 0.0012329
desk 0 0 -10 24.47 126.96 452.20 438.70 0.0011404
chair 0 0 -10 3.13 363.33 88.86 413.88 0.0010839
sofa 0 0 -10 0.89 262.86 134.70 434.11 0.0010544
bookshelf 0 0 -10 73.55 0.00 128.44 59.58 0.0010505
chair 0 0 -10 164.41 89.78 504.57 427.07 0.0010163
chair 0 0 -10 35.45 1.83 138.63 61.21 0.0009969
bookshelf 0 0 -10 4.49 0.56 338.14 129.87 0.0009723
table 0 0 -10 26.39 267.72 142.39 413.53 0.0009522
chair 0 0 -10 38.64 342.53 373.46 439.67 0.0009299
bed 0 0 -10 1.87 354.02 93.47 441.00 0.0008018
desk 0 0 -10 0.00 349.19 87.67 438.02 0.0007357
bathtub 0 0 -10 0.00 0.00 552.00 137.07 0.0007198
dresser 0 0 -10 317.03 237.14 463.68 369.65 0.0006966
bed 0 0 -10 544.76 177.82 590.93 298.75 0.0006820
table 0 0 -10 360.93 260.49 475.38 404.59 0.0006027
table 0 0 -10 75.20 332.05 391.16 440.08 0.0005921
table 0 0 -10 16.01 297.56 209.84 434.20 0.0005741
night_stand 0 0 -10 99.08 211.15 395.38 441.00 0.0005605
table 0 0 -10 499.78 240.44 585.70 437.49 0.0005265
bookshelf 0 0 -10 110.45 0.00 209.27 65.51 0.0005127
chair 0 0 -10 146.35 3.70 231.67 63.30 0.0004928
bed 0 0 -10 558.57 178.37 591.00 376.41 0.0004674
bed 0 0 -10 0.00 36.33 48.29 400.20 0.0004662
chair 0 0 -10 187.63 0.23 273.66 68.82 0.0004403
sofa 0 0 -10 40.57 94.61 357.49 362.11 0.0004350
sofa 0 0 -10 3.33 34.76 537.07 242.42 0.0004256
table 0 0 -10 4.29 93.23 47.65 386.66 0.0004047
desk 0 0 -10 185.76 183.63 481.17 389.01 0.0004033
chair 0 0 -10 296.82 136.51 526.36 365.36 0.0003920
chair 0 0 -10 494.77 0.44 557.11 43.63 0.0003873
chair 0 0 -10 15.55 137.00 289.67 430.97 0.0003869
chair 0 0 -10 222.13 6.90 286.39 58.17 0.0003833
night_stand 0 0 -10 7.54 331.20 133.58 441.00 0.0003809
bed 0 0 -10 345.26 89.18 557.91 253.60 0.0003763
table 0 0 -10 560.28 264.43 590.13 437.89 0.0003722
table 0 0 -10 94.15 279.03 283.92 435.83 0.0003692
toilet 0 0 -10 205.45 223.39 461.79 436.59 0.0003501
bookshelf 0 0 -10 139.33 1.80 218.61 36.73 0.0003488
table 0 0 -10 3.88 0.07 253.79 64.90 0.0003449
table 0 0 -10 1.90 364.72 54.12 413.37 0.0003322
sofa 0 0 -10 6.49 79.83 54.57 386.86 0.0003270
chair 0 0 -10 480.11 0.00 538.31 55.14 0.0003233
table 0 0 -10 155.30 26.99 218.83 64.24 0.0003185
table 0 0 -10 0.00 0.14 544.08 104.58 0.0003171
dresser 0 0 -10 0.42 352.84 90.67 440.23 0.0003159
table 0 0 -10 144.19 4.91 249.65 64.38 0.0003158
night_stand 0 0 -10 514.46 173.75 558.02 254.70 0.0003143
dresser 0 0 -10 30.98 3.75 129.65 64.49 0.0003114
table 0 0 -10 0.00 315.19 43.89 437.16 0.0003070
table 0 0 -10 533.66 242.42 588.28 398.00 0.0003029
