chair 0 0 -10 266.39 124.97 390.69 346.95 0.9826127
chair 0 0 -10 454.51 148.63 541.89 300.10 0.9815876
chair 0 0 -10 503.73 188.52 590.36 339.65 0.9444547
sofa 0 0 -10 22.24 206.11 245.74 426.39 0.8759679
chair 0 0 -10 499.10 130.36 574.59 241.43 0.7744092
table 0 0 -10 483.60 172.42 591.00 309.72 0.7285271
chair 0 0 -10 503.67 154.09 585.45 280.65 0.6373902
desk 0 0 -10 461.99 151.02 589.96 314.24 0.2945735
chair 0 0 -10 18.26 220.07 252.02 435.94 0.2818562
chair 0 0 -10 507.05 133.05 580.24 185.49 0.1091593
chair 0 0 -10 458.37 146.67 527.58 234.14 0.0974117
chair 0 0 -10 482.19 130.20 550.70 219.05 0.0894876
table 0 0 -10 0.81 284.52 37.75 368.76 0.0765238
table 0 0 -10 551.29 247.75 590.34 437.62 0.0634268
desk 0 0 -10 487.02 162.98 586.57 255.55 0.0622185
chair 0 0 -10 526.62 125.06 587.54 257.14 0.0546530
table 0 0 -10 520.06 183.79 590.72 382.16 0.0534295
table 0 0 -10 524.78 162.87 591.00 274.10 0.0374544
chair 0 0 -10 1.23 277.38 41.94 361.10 0.0371943
chair 0 0 -10 546.61 195.31 590.78 402.40 0.0353858
table 0 0 -10 479.86 155.99 591.00 249.22 0.0314306
chair 0 0 -10 548.22 128.64 591.00 230.54 0.0234431
desk 0 0 -10 0.90 283.05 37.16 370.72 0.0225670
chair 0 0 -10 455.10 148.01 500.22 277.43 0.0194571
chair 0 0 -10 307.85 116.18 380.87 261.30 0.0185972
table 0 0 -10 0.40 295.54 55.41 347.73 0.0167683
chair 0 0 -10 489.57 133.23 553.11 177.55 0.0161097
chair 0 0 -10 565.67 146.50 590.47 247.77 0.0157534
chair 0 0 -10 454.97 141.90 509.35 203.42 0.0154002
table 0 0 -10 0.19 275.71 38.79 331.35 0.0151019
sofa 0 0 -10 9.79 193.95 575.22 441.00 0.0134665
table 0 0 -10 270.65 231.22 388.16 351.28 0.0133160
desk 0 0 -10 506.66 187.44 591.00 324.81 0.0130533
chair 0 0 -10 490.92 153.94 553.14 252.72 0.0124803
chair 0 0 -10 466.12 133.80 531.73 191.85 0.0122429
chair 0 0 -10 1.64 170.40 49.14 423.46 0.0121712
table 0 0 -10 548.05 154.21 591.00 362.85 0.0118182
chair 0 0 -10 58.11 210.95 247.02 324.95 0.0114565
table 0 0 -10 384.18 227.72 434.31 301.12 0.0111794
table 0 0 -10 529.50 287.49 588.68 422.78 0.0110230
bed 0 0 -10 18.31 199.71 242.23 426.62 0.0108042
chair 0 0 -10 537.71 179.58 589.22 261.33 0.0106860
sofa 0 0 -10 24.53 260.66 170.86 388.59 0.0102386
chair 0 0 -10 570.36 149.59 591.00 324.80 0.0090823
chair 0 0 -10 514.91 231.70 591.00 433.36 0.0083159
sofa 0 0 -10 2.37 282.23 44.55 343.42 0.0076364
sofa 0 0 -10 455.55 140.87 581.55 288.05 0.0071489
chair 0 0 -10 577.44 135.27 591.00 268.71 0.0070968
sofa 0 0 -10 261.36 128.86 381.51 320.80 0.0065682
table 0 0 -10 448.67 148.91 590.27 355.41 0.0063352
chair 0 0 -10 1.79 282.12 36.06 328.78 0.0061320
table 0 0 -10 569.70 166.02 590.88 372.95 0.0058747
chair 0 0 -10 253.34 123.60 340.34 317.46 0.0057792
table 0 0 -10 0.68 175.87 47.23 418.46 0.0054019
table 0 0 -10 10.75 173.23 241.73 415.15 0.0052137
table 0 0 -10 256.16 176.58 376.52 319.33 0.0051480
desk 0 0 -10 264.00 190.70 382.08 346.79 0.0050624
bed 0 0 -10 0.00 37.49 256.05 368.11 0.0044177
table 0 0 -10 18.46 283.94 243.40 434.78 0.0043403
table 0 0 -10 3.56 250.88 27.02 380.79 0.0039406
desk 0 0 -10 1.49 280.73 34.79 327.01 0.0037269
sofa 0 0 -10 485.23 168.17 591.00 341.75 0.0036707
chair 0 0 -10 471.45 142.99 508.38 180.13 0.0035523
table 0 0 -10 536.26 225.59 590.40 339.24 0.0035492
table 0 0 -10 566.50 283.98 590.12 416.51 0.0033730
chair 0 0 -10 342.67 90.27 381.55 257.59 0.0031627
table 0 0 -10 578.49 181.16 590.81 342.89 0.0030976
chair 0 0 -10 579.01 181.59 590.92 344.82 0.0030925
table 0 0 -10 546.56 192.22 591.00 272.03 0.0030765
chair 0 0 -10 5.44 251.41 28.64 385.55 0.0030141
chair 0 0 -10 264.26 212.32 376.62 329.41 0.0028964
table 0 0 -10 130.93 354.48 556.78 437.18 0.0028075
chair 0 0 -10 6.50 121.26 34.72 390.76 0.0027710
chair 0 0 -10 504.30 136.40 514.23 193.28 0.0027161
desk 0 0 -10 535.23 168.99 590.64 280.11 0.0025955
table 0 0 -10 69.25 209.85 574.60 435.71 0.0024402
table 0 0 -10 0.64 275.96 18.02 383.12 0.0024186
chair 0 0 -10 506.83 224.62 589.13 287.15 0.0023915
table 0 0 -10 3.27 277.17 76.36 368.08 0.0023896
chair 0 0 -10 471.12 159.47 591.00 406.74 0.0023659
sofa 0 0 -10 2.05 269.17 56.66 377.38 0.0022867
chair 0 0 -10 0.50 256.64 65.55 393.81 0.0022109
chair 0 0 -10 563.37 232.70 591.00 441.00 0.0021742
chair 0 0 -10 583.44 161.12 590.17 252.53 0.0021411
sofa 0 0 -10 38.37 238.41 235.92 343.43 0.0020831
chair 0 0 -10 457.35 196.53 508.44 295.99 0.0020737
night_stand 0 0 -10 384.13 227.55 437.62 301.57 0.0020284
table 0 0 -10 576.15 327.44 590.63 440.09 0.0019372
desk 0 0 -10 547.70 184.97 589.90 415.25 0.0018674
table 0 0 -10 441.20 175.39 548.78 316.13 0.0017680
desk 0 0 -10 0.79 290.26 48.99 338.51 0.0016718
chair 0 0 -10 498.16 138.66 508.99 197.59 0.0015955
table 0 0 -10 574.80 237.34 590.65 411.84 0.0015423
table 0 0 -10 1.25 152.30 26.27 384.47 0.0014535
chair 0 0 -10 581.00 147.48 590.33 227.84 0.0014221
desk 0 0 -10 515.19 223.14 589.48 402.93 0.0014102
table 0 0 -10 558.59 179.69 590.61 313.30 0.0013699
table 0 0 -10 492.71 142.84 589.84 202.94 0.0013663
chair 0 0 -10 585.75 155.79 591.00 327.96 0.0013438
desk 0 0 -10 3.47 245.22 26.51 380.66 0.0012960
