chair 0 0 -10 546.67 411.85 589.66 441.00 0.6139996
table 0 0 -10 333.87 359.64 419.24 439.99 0.1782292
table 0 0 -10 554.30 416.54 590.77 441.00 0.1420243
bookshelf 0 0 -10 423.37 208.37 531.87 440.76 0.1392418
dresser 0 0 -10 425.28 214.01 550.71 438.68 0.1360191
table 0 0 -10 552.09 432.05 590.48 440.95 0.1359536
chair 0 0 -10 502.65 410.70 591.00 441.00 0.1239137
bookshelf 0 0 -10 25.18 93.53 287.10 440.74 0.0803215
bookshelf 0 0 -10 349.29 191.09 565.39 441.00 0.0709260
table 0 0 -10 538.00 426.24 590.45 440.87 0.0703735
bookshelf 0 0 -10 320.03 94.56 449.53 435.01 0.0641198
chair 0 0 -10 534.59 413.24 564.85 441.00 0.0623337
chair 0 0 -10 388.32 409.58 591.00 441.00 0.0620289
table 0 0 -10 522.57 421.94 578.61 440.68 0.0584423
table 0 0 -10 539.74 436.31 590.07 441.00 0.0531421
chair 0 0 -10 557.50 409.95 572.43 439.32 0.0455868
dresser 0 0 -10 21.03 97.88 295.03 440.48 0.0433537
dresser 0 0 -10 313.60 152.38 583.47 437.87 0.0355177
table 0 0 -10 517.15 431.35 587.60 440.77 0.0342834
night_stand 0 0 -10 329.33 348.74 426.12 439.58 0.0313770
table 0 0 -10 495.75 416.12 558.07 439.71 0.0301401
chair 0 0 -10 564.91 415.79 590.64 438.44 0.0301363
chair 0 0 -10 544.08 421.02 569.07 441.00 0.0248021
bookshelf 0 0 -10 279.93 77.51 550.87 438.01 0.0225420
chair 0 0 -10 539.40 429.69 591.00 440.89 0.0193419
bookshelf 0 0 -10 129.95 112.52 270.24 436.37 0.0191351
table 0 0 -10 532.31 410.70 590.04 441.00 0.0182548
table 0 0 -10 545.74 428.64 571.22 440.72 0.0176375
chair 0 0 -10 509.06 412.44 551.97 441.00 0.0173904
table 0 0 -10 496.39 404.14 587.51 441.00 0.0159460
dresser 0 0 -10 319.83 94.74 453.42 435.96 0.0155352
desk 0 0 -10 303.63 86.96 548.23 427.20 0.0148279
table 0 0 -10 535.73 418.41 565.37 440.42 0.0139973
table 0 0 -10 325.97 322.11 423.09 419.64 0.0139956
dresser 0 0 -10 495.56 397.13 527.95 440.66 0.0131624
bookshelf 0 0 -10 487.12 221.37 535.00 440.27 0.0118291
table 0 0 -10 370.39 410.16 591.00 441.00 0.0118128
desk 0 0 -10 422.84 210.93 552.79 434.63 0.0112258
chair 0 0 -10 137.35 103.02 284.97 439.15 0.0111893
bed 0 0 -10 496.37 402.58 563.29 441.00 0.0105433
table 0 0 -10 29.71 92.16 288.78 441.00 0.0103950
desk 0 0 -10 0.00 78.46 321.05 436.04 0.0103311
table 0 0 -10 495.11 434.89 584.13 440.74 0.0101204
chair 0 0 -10 503.62 423.42 575.19 441.00 0.0100125
table 0 0 -10 318.85 347.66 491.58 441.00 0.0099552
table 0 0 -10 334.96 357.00 416.73 400.67 0.0094527
table 0 0 -10 365.41 426.97 591.00 440.92 0.0093228
bed 0 0 -10 429.49 426.53 581.89 441.00 0.0092871
chair 0 0 -10 556.84 432.38 590.78 440.89 0.0091891
dresser 0 0 -10 128.33 114.54 273.40 437.51 0.0087286
chair 0 0 -10 206.00 115.11 294.87 427.36 0.0082294
dresser 0 0 -10 496.23 402.61 560.85 440.18 0.0079752
bed 0 0 -10 375.92 409.34 591.00 441.00 0.0078502
chair 0 0 -10 559.20 416.21 580.23 441.00 0.0078317
bathtub 0 0 -10 495.36 393.85 553.46 439.27 0.0076712
bed 0 0 -10 17.10 76.86 294.21 441.00 0.0071553
table 0 0 -10 484.44 427.43 589.56 440.90 0.0069955
table 0 0 -10 514.78 411.56 545.63 441.00 0.0068928
table 0 0 -10 319.30 263.64 427.49 440.26 0.0063258
table 0 0 -10 554.36 419.46 569.13 440.72 0.0062263
dresser 0 0 -10 483.45 222.45 548.78 441.00 0.0060969
table 0 0 -10 557.66 422.98 576.44 440.74 0.0060782
table 0 0 -10 400.44 226.47 534.02 439.56 0.0058355
chair 0 0 -10 16.67 84.41 309.65 434.47 0.0058211
bookshelf 0 0 -10 38.42 97.06 133.99 441.00 0.0058026
toilet 0 0 -10 495.75 403.69 561.13 441.00 0.0057762
bathtub 0 0 -10 496.20 397.84 527.76 440.34 0.0057445
table 0 0 -10 488.55 436.91 560.25 440.93 0.0057392
chair 0 0 -10 492.96 398.22 559.42 441.00 0.0054957
bathtub 0 0 -10 430.28 217.95 579.91 425.16 0.0054435
desk 0 0 -10 495.21 415.80 558.74 439.92 0.0054308
sofa 0 0 -10 555.11 411.99 591.00 441.00 0.0054141
bed 0 0 -10 500.15 423.74 573.86 441.00 0.0053913
chair 0 0 -10 555.51 424.61 569.96 440.92 0.0053804
table 0 0 -10 535.43 413.38 552.82 440.80 0.0053729
bathtub 0 0 -10 395.63 414.39 562.91 440.86 0.0053604
sofa 0 0 -10 379.57 410.27 591.00 441.00 0.0053140
chair 0 0 -10 410.08 202.43 544.73 436.66 0.0050443
chair 0 0 -10 531.07 410.33 548.37 441.00 0.0050203
dresser 0 0 -10 156.26 87.53 563.27 441.00 0.0049972
bookshelf 0 0 -10 210.05 120.90 290.22 441.00 0.0049855
bookshelf 0 0 -10 85.23 44.02 529.14 441.00 0.0048226
dresser 0 0 -10 38.32 94.78 135.30 441.00 0.0046983
bathtub 0 0 -10 495.24 416.54 557.55 439.60 0.0046698
sofa 0 0 -10 496.31 404.29 563.89 441.00 0.0044398
table 0 0 -10 310.97 105.89 538.74 436.48 0.0044001
desk 0 0 -10 323.67 365.76 427.17 439.27 0.0043808
bathtub 0 0 -10 428.31 426.72 582.50 441.00 0.0042535
table 0 0 -10 495.72 438.80 576.87 440.96 0.0039290
bathtub 0 0 -10 441.86 400.01 528.50 440.30 0.0038435
bookshelf 0 0 -10 8.07 115.24 86.92 441.00 0.0036749
table 0 0 -10 496.13 397.19 527.31 440.75 0.0036575
dresser 0 0 -10 209.30 124.23 292.05 441.00 0.0036166
dresser 0 0 -10 7.64 113.82 87.17 438.99 0.0035952
chair 0 0 -10 549.82 159.87 591.00 213.32 0.0034442
chair 0 0 -10 434.06 425.90 580.24 441.00 0.0034214
desk 0 0 -10 496.09 396.71 528.23 441.00 0.0031771
dresser 0 0 -10 494.31 421.15 560.24 440.59 0.0031126
bathtub 0 0 -10 378.37 394.06 552.86 439.63 0.0031125
table 0 0 -10 144.71 347.84 412.39 441.00 0.0030404
