bed 0 0 -10 16.02 301.12 591.00 441.00 0.9723482
bed 0 0 -10 0.00 157.64 591.00 429.79 0.0505491
bed 0 0 -10 46.42 284.08 324.83 441.00 0.0123856
sofa 0 0 -10 79.06 297.38 589.02 440.54 0.0112426
table 0 0 -10 36.54 288.49 591.00 437.84 0.0097679
sofa 0 0 -10 0.00 188.42 591.00 429.58 0.0088350
bathtub 0 0 -10 163.32 11.67 498.69 103.15 0.0061312
bathtub 0 0 -10 213.32 35.00 455.73 91.69 0.0052106
bed 0 0 -10 258.84 324.18 591.00 441.00 0.0049608
chair 0 0 -10 121.60 303.08 581.49 441.00 0.0037517
bathtub 0 0 -10 9.35 64.78 562.20 404.90 0.0017017
bookshelf 0 0 -10 54.75 298.37 583.15 437.19 0.0014239
table 0 0 -10 3.58 167.26 591.00 421.23 0.0013972
chair 0 0 -10 1.04 135.96 162.40 362.21 0.0011899
bed 0 0 -10 207.13 250.16 486.84 441.00 0.0011557
chair 0 0 -10 36.91 293.77 374.39 441.00 0.0010091
bed 0 0 -10 6.37 209.62 155.64 430.67 0.0010006
desk 0 0 -10 17.86 306.78 591.00 437.78 0.0008898
bed 0 0 -10 2.79 2.32 123.70 441.00 0.0008042
dresser 0 0 -10 86.20 304.84 586.09 441.00 0.0007956
table 0 0 -10 98.51 2.71 483.30 117.77 0.0007877
chair 0 0 -10 1.46 209.01 591.00 439.42 0.0006908
chair 0 0 -10 2.65 31.51 186.27 441.00 0.0006316
bathtub 0 0 -10 272.31 11.44 422.70 104.38 0.0005804
dresser 0 0 -10 0.00 50.72 572.88 423.70 0.0005735
bed 0 0 -10 7.81 93.07 348.65 441.00 0.0005713
bathtub 0 0 -10 176.87 16.22 430.28 158.16 0.0005681
bookshelf 0 0 -10 0.00 26.69 591.00 417.24 0.0005629
desk 0 0 -10 0.00 53.82 591.00 428.79 0.0004790
bathtub 0 0 -10 105.63 309.44 591.00 437.47 0.0004638
chair 0 0 -10 12.21 99.81 364.20 440.69 0.0004275
bed 0 0 -10 1.12 131.85 168.07 362.27 0.0003710
desk 0 0 -10 96.44 4.77 496.52 117.53 0.0003439
bed 0 0 -10 10.66 236.93 259.20 394.17 0.0003405
chair 0 0 -10 1.51 48.95 76.77 441.00 0.0003166
bed 0 0 -10 100.23 321.20 428.18 441.00 0.0003066
night_stand 0 0 -10 106.26 309.44 585.39 438.10 0.0003056
sofa 0 0 -10 65.68 283.26 319.22 440.62 0.0002638
bathtub 0 0 -10 194.29 57.70 454.88 109.98 0.0002524
chair 0 0 -10 15.25 171.80 302.32 339.56 0.0002302
toilet 0 0 -10 113.29 305.30 587.54 441.00 0.0002266
table 0 0 -10 2.59 11.65 517.34 298.75 0.0002236
bathtub 0 0 -10 13.67 0.00 555.34 170.74 0.0002192
table 0 0 -10 281.37 320.87 582.36 437.37 0.0002034
table 0 0 -10 213.49 34.69 454.60 93.69 0.0001972
table 0 0 -10 6.83 323.94 132.48 440.45 0.0001879
chair 0 0 -10 312.47 4.59 349.26 76.57 0.0001839
bed 0 0 -10 11.52 314.03 190.17 441.00 0.0001741
table 0 0 -10 101.90 292.82 373.45 436.37 0.0001646
chair 0 0 -10 290.55 2.27 355.40 85.42 0.0001610
bed 0 0 -10 548.36 371.62 591.00 441.00 0.0001544
bathtub 0 0 -10 92.66 45.54 470.23 199.33 0.0001515
desk 0 0 -10 163.69 31.35 475.45 103.51 0.0001499
chair 0 0 -10 0.21 7.15 46.72 345.22 0.0001388
bed 0 0 -10 3.53 294.24 103.33 439.28 0.0001252
table 0 0 -10 5.13 26.48 124.79 431.91 0.0001181
table 0 0 -10 2.35 135.09 165.59 353.52 0.0001164
bed 0 0 -10 16.65 166.09 322.11 340.31 0.0001139
chair 0 0 -10 170.21 4.72 349.66 134.85 0.0001118
bed 0 0 -10 31.18 271.85 516.76 394.96 0.0001114
desk 0 0 -10 14.61 0.00 553.85 168.01 0.0001108
chair 0 0 -10 3.88 264.00 200.30 441.00 0.0001071
toilet 0 0 -10 0.42 64.07 540.45 424.70 0.0001067
dresser 0 0 -10 5.49 5.09 112.88 434.64 0.0001037
bed 0 0 -10 577.88 365.42 591.00 441.00 0.0001007
table 0 0 -10 0.29 314.03 38.38 437.05 0.0001005
table 0 0 -10 0.00 29.55 42.79 440.43 0.0000986
table 0 0 -10 3.13 334.15 76.25 440.80 0.0000984
chair 0 0 -10 158.12 0.88 247.72 70.82 0.0000976
chair 0 0 -10 2.69 283.89 98.42 438.38 0.0000926
sofa 0 0 -10 8.83 18.60 200.62 433.41 0.0000920
chair 0 0 -10 12.01 96.06 53.89 407.60 0.0000899
sofa 0 0 -10 6.54 138.72 162.99 360.55 0.0000827
chair 0 0 -10 4.95 163.35 116.02 318.40 0.0000805
bed 0 0 -10 128.27 417.91 308.35 441.00 0.0000801
bed 0 0 -10 15.60 408.14 151.42 441.00 0.0000768
bathtub 0 0 -10 193.12 26.21 444.76 268.57 0.0000764
dresser 0 0 -10 161.59 5.12 487.98 88.64 0.0000749
chair 0 0 -10 4.79 64.04 35.70 432.58 0.0000748
bed 0 0 -10 28.72 0.90 526.93 106.52 0.0000706
bed 0 0 -10 515.61 361.89 591.00 440.22 0.0000699
toilet 0 0 -10 215.42 9.96 434.58 100.33 0.0000684
table 0 0 -10 7.86 276.55 212.06 440.22 0.0000671
table 0 0 -10 14.80 408.53 139.95 441.00 0.0000668
chair 0 0 -10 221.09 247.71 472.86 431.66 0.0000668
bathtub 0 0 -10 2.89 290.50 390.98 434.36 0.0000631
chair 0 0 -10 14.89 407.56 145.33 441.00 0.0000629
bed 0 0 -10 227.05 393.59 580.71 441.00 0.0000620
table 0 0 -10 109.86 53.76 467.59 169.50 0.0000619
table 0 0 -10 211.58 254.18 484.39 429.13 0.0000604
dresser 0 0 -10 20.73 284.59 379.58 441.00 0.0000593
bed 0 0 -10 0.00 10.06 45.11 441.00 0.0000586
chair 0 0 -10 10.78 212.73 136.53 279.67 0.0000560
bed 0 0 -10 0.00 175.47 85.98 431.16 0.0000540
dresser 0 0 -10 5.24 130.81 160.53 357.34 0.0000540
bed 0 0 -10 105.37 23.05 587.10 376.92 0.0000527
table 0 0 -10 2.69 188.89 125.63 329.81 0.0000522
chair 0 0 -10 0.00 26.03 551.19 385.99 0.0000515
chair 0 0 -10 173.37 0.00 361.00 37.62 0.0000489
chair 0 0 -10 9.49 0.00 285.79 47.48 0.0000487
