toilet 0 0 -10 165.94 28.60 355.02 293.86 0.9747555
toilet 0 0 -10 447.35 108.06 542.43 215.15 0.9339271
bathtub 0 0 -10 3.47 87.64 267.90 327.84 0.3387850
toilet 0 0 -10 34.86 46.16 277.98 323.51 0.2493970
chair 0 0 -10 164.16 21.24 366.33 276.74 0.1728873
bed 0 0 -10 476.43 127.30 591.00 441.00 0.0648211
table 0 0 -10 4.04 52.58 266.03 390.55 0.0643610
chair 0 0 -10 18.55 50.22 259.70 334.81 0.0478656
bathtub 0 0 -10 459.21 118.78 542.43 195.29 0.0385974
table 0 0 -10 133.95 211.47 264.38 387.03 0.0272042
bed 0 0 -10 431.05 193.03 575.87 350.04 0.0238717
bathtub 0 0 -10 486.84 41.06 591.00 424.13 0.0156350
toilet 0 0 -10 434.13 97.59 553.00 293.05 0.0114411
table 0 0 -10 477.53 165.65 589.46 441.00 0.0097995
chair 0 0 -10 163.62 16.99 257.52 261.24 0.0093167
desk 0 0 -10 6.13 64.29 267.33 395.92 0.0091474
dresser 0 0 -10 483.75 21.87 591.00 441.00 0.0086962
bathtub 0 0 -10 68.45 52.24 315.88 285.41 0.0082547
bathtub 0 0 -10 0.00 155.73 50.89 441.00 0.0076515
table 0 0 -10 103.70 31.73 338.09 359.47 0.0075853
toilet 0 0 -10 34.53 23.68 424.23 402.72 0.0068363
bed 0 0 -10 382.77 148.36 565.78 432.00 0.0063206
toilet 0 0 -10 434.15 42.00 587.68 428.77 0.0049729
bathtub 0 0 -10 430.92 115.62 544.88 265.29 0.0049140
table 0 0 -10 451.87 109.50 541.61 211.70 0.0046295
toilet 0 0 -10 187.59 35.99 550.22 302.92 0.0043713
bathtub 0 0 -10 515.57 70.84 590.73 212.75 0.0043130
chair 0 0 -10 444.42 105.40 543.13 215.87 0.0040519
toilet 0 0 -10 479.77 82.07 584.65 211.61 0.0037633
toilet 0 0 -10 366.99 92.27 559.96 237.23 0.0035051
table 0 0 -10 49.34 193.40 263.86 429.18 0.0034868
chair 0 0 -10 464.22 200.72 590.45 441.00 0.0034336
bathtub 0 0 -10 423.00 59.75 582.01 347.28 0.0028146
bathtub 0 0 -10 29.59 33.16 463.99 385.07 0.0027943
bed 0 0 -10 6.92 54.78 265.58 390.69 0.0027915
desk 0 0 -10 478.77 156.33 591.00 441.00 0.0026410
toilet 0 0 -10 231.22 128.95 368.19 298.42 0.0023151
bathtub 0 0 -10 434.00 90.49 559.31 207.46 0.0020964
sofa 0 0 -10 482.12 136.74 590.93 441.00 0.0020828
bathtub 0 0 -10 141.33 38.60 402.60 264.36 0.0020243
desk 0 0 -10 105.21 29.21 338.93 356.70 0.0018196
toilet 0 0 -10 311.05 71.98 391.27 233.29 0.0017310
toilet 0 0 -10 313.52 115.99 427.76 252.02 0.0017103
toilet 0 0 -10 258.42 17.08 399.70 270.00 0.0015525
sofa 0 0 -10 4.80 57.48 264.68 382.44 0.0014727
bathtub 0 0 -10 0.00 105.46 136.38 317.04 0.0014426
table 0 0 -10 431.85 110.46 541.95 328.16 0.0013828
night_stand 0 0 -10 445.60 112.69 544.75 223.90 0.0012394
chair 0 0 -10 477.44 0.00 591.00 429.71 0.0012306
toilet 0 0 -10 75.48 19.93 502.96 230.55 0.0012130
chair 0 0 -10 401.85 272.00 578.10 441.00 0.0011232
table 0 0 -10 436.48 44.67 586.06 427.04 0.0010583
bookshelf 0 0 -10 170.90 26.41 347.04 292.48 0.0009992
sofa 0 0 -10 164.79 34.61 357.03 288.76 0.0009461
dresser 0 0 -10 163.75 31.49 353.80 287.89 0.0009092
toilet 0 0 -10 456.30 108.68 537.21 164.34 0.0008260
dresser 0 0 -10 544.92 34.71 591.00 421.65 0.0007906
night_stand 0 0 -10 481.84 180.71 591.00 432.50 0.0007809
bathtub 0 0 -10 351.23 73.37 568.91 198.42 0.0007798
dresser 0 0 -10 4.40 55.90 265.79 389.04 0.0007756
table 0 0 -10 39.01 212.72 437.35 441.00 0.0007691
bathtub 0 0 -10 340.07 129.09 422.66 242.33 0.0007451
night_stand 0 0 -10 0.93 54.83 269.31 389.90 0.0007381
bathtub 0 0 -10 77.29 18.49 528.71 203.05 0.0007217
toilet 0 0 -10 294.32 65.01 532.23 224.49 0.0007190
bed 0 0 -10 160.19 31.26 352.09 299.69 0.0007128
toilet 0 0 -10 3.50 98.52 228.33 391.59 0.0006942
desk 0 0 -10 435.96 43.34 589.38 422.34 0.0006931
chair 0 0 -10 282.54 329.96 564.68 439.65 0.0006900
bathtub 0 0 -10 459.09 108.59 538.59 159.46 0.0006645
chair 0 0 -10 164.47 27.31 530.43 370.61 0.0006513
chair 0 0 -10 141.19 15.26 242.82 161.83 0.0006290
chair 0 0 -10 352.46 167.73 571.58 441.00 0.0006261
chair 0 0 -10 39.05 13.88 227.60 240.22 0.0006209
table 0 0 -10 165.85 31.46 374.10 250.93 0.0006156
night_stand 0 0 -10 157.41 31.07 362.43 279.98 0.0006054
toilet 0 0 -10 516.94 51.74 589.65 264.58 0.0006016
table 0 0 -10 395.13 219.99 535.41 439.40 0.0005866
bathtub 0 0 -10 205.52 72.72 566.39 406.16 0.0005861
table 0 0 -10 154.03 149.84 534.61 440.33 0.0005757
bathtub 0 0 -10 174.99 22.90 349.04 205.89 0.0005657
toilet 0 0 -10 220.32 51.00 366.98 207.12 0.0005580
bathtub 0 0 -10 398.76 146.79 553.73 326.40 0.0005499
dresser 0 0 -10 565.74 58.03 590.69 439.55 0.0005397
chair 0 0 -10 149.83 20.59 441.84 162.60 0.0005345
bathtub 0 0 -10 12.75 7.07 250.00 129.46 0.0005343
bathtub 0 0 -10 0.00 74.08 192.84 258.70 0.0005060
bathtub 0 0 -10 531.17 100.00 562.90 213.01 0.0004805
bookshelf 0 0 -10 14.70 26.37 256.77 385.98 0.0004777
bathtub 0 0 -10 485.92 104.21 587.66 237.83 0.0004630
night_stand 0 0 -10 433.82 125.59 545.60 320.49 0.0004561
dresser 0 0 -10 446.55 114.99 542.24 225.57 0.0004549
toilet 0 0 -10 424.02 91.56 510.28 220.77 0.0004502
table 0 0 -10 432.80 197.76 572.21 348.50 0.0004378
toilet 0 0 -10 284.95 91.96 430.46 195.29 0.0004340
bookshelf 0 0 -10 458.20 115.13 540.02 203.10 0.0004194
sofa 0 0 -10 434.31 193.50 573.51 347.11 0.0003765
sofa 0 0 -10 388.08 154.84 565.81 431.87 0.0003705
desk 0 0 -10 155.45 20.50 369.37 251.50 0.0003650
table 0 0 -10 345.69 139.64 555.80 441.00 0.0003456
