bathtub 0 0 -10 168.36 279.60 465.73 432.47 0.1733684
table 0 0 -10 165.15 273.16 467.05 436.09 0.0232173
desk 0 0 -10 166.55 276.67 479.02 436.90 0.0223532
bed 0 0 -10 155.67 264.11 477.15 437.20 0.0122465
toilet 0 0 -10 171.59 275.09 461.05 435.48 0.0109707
dresser 0 0 -10 152.50 262.47 480.77 436.38 0.0106862
desk 0 0 -10 97.72 166.45 476.97 427.32 0.0042159
bathtub 0 0 -10 104.71 165.66 469.50 425.61 0.0027631
night_stand 0 0 -10 169.66 286.47 465.71 436.74 0.0018421
chair 0 0 -10 112.82 267.84 462.98 437.54 0.0016037
bed 0 0 -10 34.49 57.35 488.30 431.20 0.0013986
dresser 0 0 -10 35.11 0.90 562.41 434.03 0.0013855
bookshelf 0 0 -10 160.84 244.06 473.41 437.87 0.0013377
bookshelf 0 0 -10 117.39 113.23 461.08 425.04 0.0009489
table 0 0 -10 41.89 75.62 482.43 426.83 0.0007356
bookshelf 0 0 -10 49.77 0.00 549.75 434.60 0.0006330
desk 0 0 -10 14.22 0.00 576.12 431.80 0.0006005
bathtub 0 0 -10 448.10 230.11 583.96 439.25 0.0004886
bathtub 0 0 -10 38.49 13.86 575.97 419.46 0.0004722
chair 0 0 -10 0.45 7.96 369.09 437.52 0.0004649
sofa 0 0 -10 160.57 280.73 473.57 436.45 0.0004618
chair 0 0 -10 23.60 323.54 349.13 440.03 0.0004389
chair 0 0 -10 169.55 316.05 408.69 437.61 0.0003997
dresser 0 0 -10 63.28 7.54 214.80 434.42 0.0003487
bathtub 0 0 -10 457.16 316.17 563.96 440.48 0.0003257
chair 0 0 -10 206.85 355.63 465.54 439.10 0.0003105
toilet 0 0 -10 99.78 160.48 463.75 436.33 0.0002498
bathtub 0 0 -10 497.65 126.23 589.90 435.95 0.0002260
bathtub 0 0 -10 484.11 223.53 547.54 438.37 0.0002223
chair 0 0 -10 252.70 232.57 478.01 418.69 0.0002219
bathtub 0 0 -10 146.94 159.32 440.20 314.91 0.0002214
dresser 0 0 -10 452.01 11.04 589.15 437.29 0.0002178
table 0 0 -10 0.00 12.28 225.65 441.00 0.0002142
chair 0 0 -10 274.35 285.40 542.93 437.17 0.0002059
chair 0 0 -10 0.00 227.87 235.98 441.00 0.0001720
bathtub 0 0 -10 507.80 5.98 591.00 359.03 0.0001652
desk 0 0 -10 0.00 0.00 232.59 437.40 0.0001649
bathtub 0 0 -10 491.89 131.36 533.49 417.69 0.0001647
bathtub 0 0 -10 477.32 86.07 591.00 247.59 0.0001633
dresser 0 0 -10 474.33 262.15 542.51 437.42 0.0001510
table 0 0 -10 4.06 219.35 109.28 439.77 0.0001421
dresser 0 0 -10 40.45 153.96 176.23 436.43 0.0001405
bathtub 0 0 -10 510.20 106.53 554.22 419.98 0.0001385
bathtub 0 0 -10 463.29 378.34 586.06 440.10 0.0001277
night_stand 0 0 -10 121.01 174.34 473.63 417.57 0.0001260
bathtub 0 0 -10 319.89 261.18 517.17 431.35 0.0001256
bathtub 0 0 -10 201.21 345.26 471.35 441.00 0.0001245
chair 0 0 -10 1.94 210.25 115.61 436.15 0.0001238
bed 0 0 -10 0.00 0.00 242.54 441.00 0.0001237
dresser 0 0 -10 450.28 221.32 583.19 437.50 0.0001178
sofa 0 0 -10 110.97 166.25 465.70 426.78 0.0001137
dresser 0 0 -10 3.35 111.47 262.12 437.54 0.0001136
chair 0 0 -10 200.76 28.12 559.42 424.24 0.0001134
dresser 0 0 -10 149.76 158.15 407.18 422.82 0.0001104
table 0 0 -10 144.20 169.08 425.39 424.20 0.0001071
table 0 0 -10 174.30 337.51 452.54 419.58 0.0001065
table 0 0 -10 538.03 308.24 588.87 441.00 0.0001059
table 0 0 -10 453.25 253.48 583.44 441.00 0.0001026
desk 0 0 -10 93.97 0.00 288.44 426.49 0.0001014
bathtub 0 0 -10 373.02 312.63 591.00 441.00 0.0001006
bathtub 0 0 -10 497.27 288.65 587.73 441.00 0.0000982
table 0 0 -10 58.15 307.25 374.97 441.00 0.0000980
chair 0 0 -10 363.37 317.61 583.97 441.00 0.0000978
bathtub 0 0 -10 500.21 111.10 544.22 348.76 0.0000911
table 0 0 -10 10.70 273.14 173.49 441.00 0.0000910
chair 0 0 -10 446.97 251.47 587.88 438.52 0.0000856
chair 0 0 -10 183.12 385.40 398.06 441.00 0.0000785
chair 0 0 -10 97.23 149.23 359.49 431.59 0.0000781
bathtub 0 0 -10 464.21 129.30 558.06 224.95 0.0000778
dresser 0 0 -10 125.80 152.43 164.46 433.85 0.0000772
toilet 0 0 -10 15.12 285.32 410.99 441.00 0.0000762
dresser 0 0 -10 325.66 258.00 502.96 434.37 0.0000757
sofa 0 0 -10 19.41 6.00 384.06 433.85 0.0000738
chair 0 0 -10 54.56 36.14 232.63 436.14 0.0000737
dresser 0 0 -10 122.99 101.70 285.66 428.25 0.0000736
bathtub 0 0 -10 187.41 262.27 405.80 319.03 0.0000731
table 0 0 -10 0.00 9.47 94.75 441.00 0.0000704
bed 0 0 -10 197.72 341.58 473.36 440.35 0.0000698
chair 0 0 -10 505.99 0.00 588.09 116.04 0.0000658
desk 0 0 -10 52.41 309.20 394.68 439.41 0.0000646
bathtub 0 0 -10 2.99 220.05 113.61 438.07 0.0000642
dresser 0 0 -10 0.00 0.00 151.08 439.80 0.0000638
bathtub 0 0 -10 463.70 229.79 523.38 439.19 0.0000631
dresser 0 0 -10 366.36 162.35 519.90 426.23 0.0000621
bathtub 0 0 -10 571.38 40.77 591.00 423.65 0.0000616
chair 0 0 -10 0.00 44.42 161.88 441.00 0.0000603
toilet 0 0 -10 444.95 226.63 582.21 441.00 0.0000576
bookshelf 0 0 -10 67.08 5.62 214.22 440.41 0.0000572
desk 0 0 -10 1.13 210.07 224.90 438.55 0.0000568
table 0 0 -10 0.00 126.64 54.51 426.53 0.0000550
bathtub 0 0 -10 274.12 154.57 493.10 416.95 0.0000547
bathtub 0 0 -10 426.69 256.63 529.55 395.90 0.0000544
bathtub 0 0 -10 398.52 114.62 548.68 430.03 0.0000536
bathtub 0 0 -10 399.45 240.17 497.30 352.06 0.0000536
bathtub 0 0 -10 416.90 147.02 563.16 212.06 0.0000524
bookshelf 0 0 -10 456.57 7.34 587.48 437.68 0.0000507
bathtub 0 0 -10 451.12 25.52 591.00 431.82 0.0000503
bathtub 0 0 -10 44.12 315.63 384.15 441.00 0.0000493
toilet 0 0 -10 31.91 9.51 561.91 441.00 0.0000491
table 0 0 -10 163.40 272.42 309.69 436.11 0.0000490
