bed 0 0 -10 0.00 58.46 474.97 441.00 0.9896169
bed 0 0 -10 0.00 6.31 227.04 123.04 0.9560043
night_stand 0 0 -10 400.05 167.52 566.21 327.88 0.8832700
sofa 0 0 -10 437.97 163.97 587.65 439.80 0.6477776
bed 0 0 -10 403.59 135.81 587.20 436.77 0.2686347
night_stand 0 0 -10 408.97 184.16 584.04 438.69 0.2095610
night_stand 0 0 -10 126.47 74.35 240.64 138.36 0.1512202
bed 0 0 -10 3.00 9.94 418.65 180.43 0.1121025
sofa 0 0 -10 0.00 75.06 457.10 440.91 0.0652470
bed 0 0 -10 12.73 55.59 236.97 143.78 0.0608079
sofa 0 0 -10 7.74 3.77 228.69 111.38 0.0405107
table 0 0 -10 411.30 171.22 574.35 400.10 0.0324787
bed 0 0 -10 36.46 52.64 198.30 92.09 0.0269736
table 0 0 -10 415.47 173.47 541.41 316.01 0.0260082
dresser 0 0 -10 403.91 171.04 583.68 435.86 0.0253970
chair 0 0 -10 456.56 110.00 589.29 431.97 0.0154485
sofa 0 0 -10 509.70 148.70 587.82 430.68 0.0142495
sofa 0 0 -10 547.70 162.97 589.20 434.08 0.0121582
night_stand 0 0 -10 164.66 71.46 263.41 150.79 0.0103015
bed 0 0 -10 271.98 167.32 571.44 441.00 0.0085911
bed 0 0 -10 0.00 50.89 188.68 424.75 0.0085856
night_stand 0 0 -10 74.69 70.04 234.96 160.42 0.0077790
sofa 0 0 -10 331.57 117.20 577.25 441.00 0.0054641
bed 0 0 -10 390.82 81.78 588.26 316.76 0.0053033
bed 0 0 -10 60.47 77.10 384.32 325.48 0.0052282
desk 0 0 -10 405.41 166.38 583.01 413.00 0.0051716
bed 0 0 -10 16.97 67.48 216.76 96.25 0.0051361
bed 0 0 -10 4.18 67.41 266.11 286.82 0.0043267
bed 0 0 -10 99.08 71.68 240.04 139.23 0.0042755
night_stand 0 0 -10 20.42 40.55 222.39 152.07 0.0042315
bed 0 0 -10 508.31 141.37 589.14 431.27 0.0038453
dresser 0 0 -10 399.89 151.16 563.80 326.44 0.0037381
night_stand 0 0 -10 395.43 226.86 538.16 346.75 0.0034394
bed 0 0 -10 414.16 166.29 546.93 337.87 0.0034337
bed 0 0 -10 170.36 13.15 535.19 410.41 0.0033254
bed 0 0 -10 468.31 7.38 585.11 370.84 0.0029116
night_stand 0 0 -10 175.26 69.86 244.81 115.74 0.0027899
chair 0 0 -10 4.85 2.81 219.81 111.83 0.0026810
toilet 0 0 -10 399.95 137.16 588.66 439.98 0.0024558
dresser 0 0 -10 4.32 2.59 224.57 107.56 0.0022342
dresser 0 0 -10 127.49 73.82 239.62 138.03 0.0022096
dresser 0 0 -10 417.16 11.14 581.92 299.46 0.0020472
bed 0 0 -10 0.00 59.07 158.43 175.52 0.0019854
bed 0 0 -10 83.91 5.04 276.90 143.14 0.0019775
night_stand 0 0 -10 149.23 58.69 265.58 107.04 0.0019174
sofa 0 0 -10 565.54 90.35 589.54 419.75 0.0019023
chair 0 0 -10 164.12 153.15 550.86 440.24 0.0018645
sofa 0 0 -10 7.09 114.58 231.20 438.98 0.0018295
bathtub 0 0 -10 405.31 170.24 582.43 402.69 0.0017990
bed 0 0 -10 4.03 2.22 112.23 79.46 0.0016807
table 0 0 -10 99.06 74.49 232.39 137.07 0.0016637
sofa 0 0 -10 413.93 167.12 546.95 335.25 0.0016333
sofa 0 0 -10 7.21 40.39 238.65 158.37 0.0015420
table 0 0 -10 6.20 145.23 487.44 441.00 0.0015273
chair 0 0 -10 341.48 175.66 591.00 440.32 0.0014462
night_stand 0 0 -10 413.56 161.18 544.26 266.30 0.0014156
table 0 0 -10 397.85 225.44 545.68 351.22 0.0014016
night_stand 0 0 -10 346.88 170.53 528.42 410.81 0.0014000
table 0 0 -10 439.79 169.25 523.60 230.99 0.0013814
chair 0 0 -10 8.11 102.82 435.47 441.00 0.0013089
bed 0 0 -10 27.51 69.32 186.10 118.06 0.0012794
night_stand 0 0 -10 90.88 62.94 244.02 117.76 0.0012534
bed 0 0 -10 0.00 62.81 120.31 307.88 0.0012389
bookshelf 0 0 -10 409.52 163.66 582.32 405.01 0.0012250
table 0 0 -10 10.89 49.19 229.77 158.28 0.0010786
bed 0 0 -10 546.41 159.96 590.55 434.16 0.0010726
desk 0 0 -10 413.94 178.02 535.01 327.68 0.0010619
bed 0 0 -10 0.00 181.17 330.37 439.64 0.0010605
table 0 0 -10 281.29 165.73 558.82 441.00 0.0010351
bed 0 0 -10 527.20 26.49 588.99 305.14 0.0010162
chair 0 0 -10 105.22 68.74 245.67 141.78 0.0009915
sofa 0 0 -10 37.46 51.67 196.91 90.58 0.0009066
table 0 0 -10 4.82 7.56 224.69 105.65 0.0008899
bookshelf 0 0 -10 10.18 0.92 213.25 104.02 0.0008853
dresser 0 0 -10 9.00 46.23 228.33 158.99 0.0008501
night_stand 0 0 -10 190.27 67.55 256.57 100.39 0.0008327
bed 0 0 -10 0.00 62.00 126.55 118.20 0.0007998
sofa 0 0 -10 13.30 8.90 423.09 172.30 0.0007695
bed 0 0 -10 44.70 7.06 491.31 108.99 0.0007599
chair 0 0 -10 419.04 164.35 555.88 326.83 0.0006780
table 0 0 -10 484.29 188.50 585.96 435.09 0.0006471
night_stand 0 0 -10 102.33 79.09 192.70 131.08 0.0006445
chair 0 0 -10 505.18 120.01 590.62 289.09 0.0006308
sofa 0 0 -10 0.00 178.26 161.23 310.36 0.0006090
table 0 0 -10 75.23 65.55 254.85 174.06 0.0006056
night_stand 0 0 -10 111.86 166.28 496.45 441.00 0.0005658
chair 0 0 -10 81.42 45.00 270.80 176.29 0.0005587
toilet 0 0 -10 401.98 162.06 568.84 321.56 0.0005320
bed 0 0 -10 564.65 77.90 590.25 421.28 0.0005310
night_stand 0 0 -10 12.42 7.53 221.95 105.95 0.0005250
bed 0 0 -10 504.15 129.04 590.01 294.43 0.0005157
dresser 0 0 -10 3.01 98.23 449.49 441.00 0.0005106
bookshelf 0 0 -10 461.77 32.87 585.43 403.61 0.0005031
night_stand 0 0 -10 15.56 61.77 200.05 123.28 0.0004666
table 0 0 -10 416.51 136.28 533.19 248.85 0.0004586
desk 0 0 -10 0.00 105.40 462.66 438.01 0.0004513
bed 0 0 -10 75.37 242.50 520.33 440.86 0.0004454
desk 0 0 -10 98.31 72.66 234.82 136.76 0.0004430
sofa 0 0 -10 574.72 168.41 590.61 438.45 0.0004321
bed 0 0 -10 199.71 158.64 456.91 441.00 0.0004155
