table 0 0 -10 0.00 310.09 66.82 441.00 0.7672504
dresser 0 0 -10 214.44 137.78 373.95 434.41 0.1811391
desk 0 0 -10 0.00 308.35 64.16 441.00 0.1197653
chair 0 0 -10 210.14 124.77 365.10 432.44 0.1034017
desk 0 0 -10 218.48 137.95 367.41 441.00 0.0834215
dresser 0 0 -10 305.17 5.24 547.26 353.53 0.0809835
table 0 0 -10 225.56 201.03 360.62 441.00 0.0808608
bookshelf 0 0 -10 221.33 128.47 365.07 438.19 0.0521797
night_stand 0 0 -10 225.26 195.12 369.98 437.47 0.0412039
chair 0 0 -10 1.58 279.09 77.11 438.85 0.0221697
desk 0 0 -10 212.68 62.87 518.11 432.46 0.0182554
dresser 0 0 -10 222.61 50.54 503.38 425.34 0.0085418
chair 0 0 -10 218.65 37.48 491.02 427.52 0.0082362
bookshelf 0 0 -10 261.20 2.43 544.05 403.62 0.0076177
table 0 0 -10 3.45 299.64 123.21 441.00 0.0074281
table 0 0 -10 192.48 123.89 380.87 390.02 0.0071975
chair 0 0 -10 19.34 121.53 379.13 441.00 0.0066780
bed 0 0 -10 215.05 121.58 366.15 441.00 0.0050409
toilet 0 0 -10 212.96 149.47 366.90 436.72 0.0049573
bed 0 0 -10 0.00 308.62 65.23 441.00 0.0047070
sofa 0 0 -10 1.04 306.22 67.15 441.00 0.0033937
chair 0 0 -10 2.44 277.22 279.06 441.00 0.0030209
chair 0 0 -10 290.78 0.00 559.58 385.45 0.0029963
dresser 0 0 -10 413.10 6.41 574.90 422.13 0.0029595
desk 0 0 -10 105.19 104.46 381.00 441.00 0.0028462
table 0 0 -10 210.25 309.63 353.73 441.00 0.0027323
table 0 0 -10 1.43 313.64 55.03 392.54 0.0027069
dresser 0 0 -10 506.98 21.13 591.00 436.00 0.0026060
table 0 0 -10 25.57 291.91 339.96 441.00 0.0023736
desk 0 0 -10 314.37 24.20 540.70 343.30 0.0022771
desk 0 0 -10 218.97 291.49 361.75 441.00 0.0022055
chair 0 0 -10 3.18 248.51 126.47 439.73 0.0021978
dresser 0 0 -10 93.12 124.59 360.65 435.87 0.0020616
table 0 0 -10 0.19 379.19 65.57 421.86 0.0020116
dresser 0 0 -10 293.03 8.37 541.46 150.11 0.0019933
sofa 0 0 -10 218.99 134.15 363.67 415.50 0.0019463
table 0 0 -10 339.33 153.64 507.97 220.77 0.0019234
table 0 0 -10 215.93 86.94 500.03 436.41 0.0018868
bathtub 0 0 -10 509.18 239.62 590.69 433.82 0.0018100
chair 0 0 -10 171.09 295.59 354.00 441.00 0.0015676
table 0 0 -10 516.71 220.91 588.33 441.00 0.0015450
bed 0 0 -10 5.70 91.86 386.91 441.00 0.0015434
table 0 0 -10 6.28 106.14 370.10 441.00 0.0014915
chair 0 0 -10 17.35 349.24 365.42 438.41 0.0014251
desk 0 0 -10 16.51 287.54 356.36 441.00 0.0013502
night_stand 0 0 -10 0.44 316.09 71.97 441.00 0.0013006
bed 0 0 -10 118.45 0.00 544.43 431.95 0.0012630
bathtub 0 0 -10 187.27 141.86 381.17 429.67 0.0012164
bookshelf 0 0 -10 109.75 77.35 428.78 429.89 0.0011459
bathtub 0 0 -10 2.19 313.50 62.66 431.93 0.0011133
dresser 0 0 -10 0.14 309.62 62.53 440.11 0.0011011
chair 0 0 -10 295.63 1.97 558.69 83.51 0.0010670
chair 0 0 -10 313.21 0.00 556.65 185.18 0.0010158
table 0 0 -10 0.00 107.79 102.83 428.35 0.0009884
table 0 0 -10 345.55 183.00 509.14 245.22 0.0009665
table 0 0 -10 317.59 4.67 549.66 78.75 0.0008519
dresser 0 0 -10 226.77 278.34 362.22 440.82 0.0008483
chair 0 0 -10 122.90 99.87 322.20 408.22 0.0008420
table 0 0 -10 5.95 211.37 157.13 438.28 0.0008281
table 0 0 -10 0.49 338.21 36.12 441.00 0.0008199
chair 0 0 -10 0.00 137.81 80.41 434.17 0.0007895
table 0 0 -10 145.80 6.55 547.62 376.33 0.0007259
dresser 0 0 -10 345.70 130.86 505.28 238.23 0.0007160
bathtub 0 0 -10 11.11 115.17 369.34 429.73 0.0006972
desk 0 0 -10 0.48 270.57 127.39 441.00 0.0006816
table 0 0 -10 1.14 263.06 88.86 391.98 0.0006681
chair 0 0 -10 1.47 325.52 60.19 423.13 0.0006669
bathtub 0 0 -10 516.93 5.81 591.00 377.82 0.0006596
table 0 0 -10 0.00 26.14 183.86 441.00 0.0006501
dresser 0 0 -10 19.95 285.35 342.97 440.12 0.0006430
bookshelf 0 0 -10 309.94 8.48 539.27 237.20 0.0006309
table 0 0 -10 288.78 184.83 365.74 415.49 0.0006113
bed 0 0 -10 303.50 0.00 550.86 385.68 0.0006053
dresser 0 0 -10 40.39 27.90 412.08 392.65 0.0005892
bathtub 0 0 -10 305.32 11.79 552.40 344.49 0.0005593
desk 0 0 -10 24.43 25.36 434.83 396.76 0.0005585
chair 0 0 -10 499.19 0.00 589.10 37.07 0.0005499
table 0 0 -10 86.37 227.15 471.98 441.00 0.0005394
bathtub 0 0 -10 343.06 129.19 504.63 237.94 0.0005351
desk 0 0 -10 0.64 115.09 226.13 440.19 0.0005044
dresser 0 0 -10 514.37 214.25 590.59 441.00 0.0005026
table 0 0 -10 0.00 312.67 18.17 438.88 0.0004917
table 0 0 -10 329.91 101.40 535.21 376.81 0.0004842
desk 0 0 -10 516.75 218.85 591.00 441.00 0.0004746
desk 0 0 -10 69.11 212.93 500.51 441.00 0.0004719
table 0 0 -10 23.75 323.22 198.02 441.00 0.0004650
table 0 0 -10 185.15 381.98 347.25 440.94 0.0004638
chair 0 0 -10 45.08 157.77 243.35 438.49 0.0004635
chair 0 0 -10 227.97 347.03 370.41 439.94 0.0004533
chair 0 0 -10 196.21 382.22 355.75 441.00 0.0004509
table 0 0 -10 499.63 297.46 588.24 387.15 0.0004454
bathtub 0 0 -10 96.85 18.79 542.95 386.81 0.0004429
desk 0 0 -10 234.55 7.70 570.10 230.65 0.0004392
night_stand 0 0 -10 209.51 314.85 360.20 439.09 0.0004329
table 0 0 -10 336.88 88.70 526.59 166.96 0.0004227
table 0 0 -10 0.98 296.96 29.42 416.60 0.0004196
table 0 0 -10 86.81 352.40 402.28 439.63 0.0004163
sofa 0 0 -10 19.61 118.19 388.07 440.39 0.0004037
bed 0 0 -10 1.69 282.28 108.03 441.00 0.0003976
table 0 0 -10 116.62 411.85 375.45 440.74 0.0003905
