bed 0 0 -10 0.00 136.98 343.81 440.93 0.9272934
sofa 0 0 -10 7.58 122.11 328.92 441.00 0.2581956
table 0 0 -10 356.48 256.98 589.42 338.81 0.0770725
sofa 0 0 -10 503.45 348.79 590.54 441.00 0.0603741
table 0 0 -10 3.04 171.10 329.90 437.43 0.0390406
chair 0 0 -10 508.31 350.27 591.00 441.00 0.0310262
table 0 0 -10 249.71 326.23 431.46 441.00 0.0237516
bed 0 0 -10 75.78 113.51 556.06 441.00 0.0203664
table 0 0 -10 55.59 250.02 447.62 439.75 0.0111261
table 0 0 -10 290.25 236.59 579.68 436.38 0.0109164
bed 0 0 -10 51.21 254.66 480.11 436.23 0.0087642
night_stand 0 0 -10 20.05 87.72 94.93 104.49 0.0082111
desk 0 0 -10 0.00 162.54 337.57 439.78 0.0078285
table 0 0 -10 7.92 88.90 91.83 159.23 0.0069657
chair 0 0 -10 4.83 154.11 329.14 436.46 0.0066226
dresser 0 0 -10 2.45 120.23 354.28 433.01 0.0065336
chair 0 0 -10 443.52 264.01 591.00 440.89 0.0062430
desk 0 0 -10 340.42 251.46 591.00 401.46 0.0057126
night_stand 0 0 -10 30.22 95.56 87.42 105.82 0.0054882
table 0 0 -10 507.59 348.40 587.95 440.47 0.0053567
table 0 0 -10 36.94 91.96 83.18 146.86 0.0049460
bed 0 0 -10 340.59 169.53 591.00 405.05 0.0046206
chair 0 0 -10 263.26 335.47 522.40 439.02 0.0037191
sofa 0 0 -10 284.08 225.74 587.17 437.29 0.0035899
sofa 0 0 -10 79.19 120.35 561.59 441.00 0.0032791
sofa 0 0 -10 58.92 256.30 492.28 439.86 0.0032617
bed 0 0 -10 165.54 140.28 388.69 440.58 0.0032533
chair 0 0 -10 398.72 336.74 588.50 441.00 0.0031614
table 0 0 -10 9.84 97.18 117.81 134.64 0.0029749
bathtub 0 0 -10 8.51 177.05 327.10 432.51 0.0029506
chair 0 0 -10 169.13 309.07 441.32 441.00 0.0027076
night_stand 0 0 -10 20.51 91.54 85.62 133.98 0.0025153
chair 0 0 -10 51.87 276.02 503.92 439.71 0.0024715
night_stand 0 0 -10 12.96 86.19 87.11 175.69 0.0024547
chair 0 0 -10 491.23 185.40 591.00 432.45 0.0022866
table 0 0 -10 19.91 88.16 91.65 104.08 0.0022783
chair 0 0 -10 290.19 283.45 583.20 440.66 0.0020141
bed 0 0 -10 0.68 162.81 194.05 353.02 0.0020127
chair 0 0 -10 502.83 274.62 591.00 410.66 0.0020075
table 0 0 -10 30.92 96.75 91.09 104.96 0.0019522
bookshelf 0 0 -10 5.07 96.90 345.83 417.27 0.0017480
table 0 0 -10 133.00 311.08 516.84 439.90 0.0016341
night_stand 0 0 -10 23.14 138.60 363.75 433.15 0.0015164
sofa 0 0 -10 249.64 336.97 437.33 441.00 0.0015160
table 0 0 -10 350.27 156.06 587.97 344.33 0.0014674
table 0 0 -10 19.09 88.05 80.72 129.29 0.0014490
table 0 0 -10 355.33 246.02 588.83 292.75 0.0014286
bookshelf 0 0 -10 362.57 251.99 588.79 393.62 0.0013069
desk 0 0 -10 46.49 249.34 470.44 439.12 0.0012338
sofa 0 0 -10 163.54 171.79 338.28 435.67 0.0012051
desk 0 0 -10 350.83 252.61 591.00 329.64 0.0012021
table 0 0 -10 173.69 237.90 327.11 441.00 0.0011846
bed 0 0 -10 2.60 186.34 166.03 292.11 0.0011542
dresser 0 0 -10 279.61 225.54 587.26 433.62 0.0010618
sofa 0 0 -10 395.39 308.33 590.54 441.00 0.0010130
bed 0 0 -10 157.92 323.39 430.60 441.00 0.0010005
table 0 0 -10 370.65 274.06 549.13 431.54 0.0009885
desk 0 0 -10 187.25 307.99 438.70 441.00 0.0009393
toilet 0 0 -10 7.03 158.66 318.98 436.65 0.0008734
chair 0 0 -10 125.17 291.86 331.70 441.00 0.0008206
sofa 0 0 -10 4.07 149.84 190.98 348.88 0.0008062
bed 0 0 -10 2.74 23.55 436.47 343.99 0.0007932
night_stand 0 0 -10 24.97 99.11 98.91 107.64 0.0007782
table 0 0 -10 359.57 291.90 581.06 375.92 0.0007311
table 0 0 -10 25.15 99.31 95.96 107.29 0.0007048
bed 0 0 -10 281.93 125.04 527.72 343.11 0.0006972
chair 0 0 -10 360.33 153.86 591.00 428.78 0.0006903
table 0 0 -10 2.44 97.31 130.79 191.55 0.0006566
chair 0 0 -10 434.86 332.78 530.09 441.00 0.0006552
bed 0 0 -10 508.37 346.05 590.65 441.00 0.0006489
bed 0 0 -10 488.93 164.94 590.80 429.55 0.0006458
bathtub 0 0 -10 333.35 229.00 591.00 426.11 0.0006287
bed 0 0 -10 277.39 260.01 587.18 438.51 0.0006068
chair 0 0 -10 381.85 308.55 580.69 398.83 0.0005921
table 0 0 -10 12.78 99.19 182.07 147.09 0.0005784
table 0 0 -10 16.65 90.86 114.99 112.88 0.0005520
bathtub 0 0 -10 246.97 333.01 437.20 439.04 0.0005508
table 0 0 -10 517.96 266.67 590.27 399.34 0.0005276
chair 0 0 -10 125.30 119.93 543.65 441.00 0.0005271
chair 0 0 -10 148.74 205.86 424.38 438.34 0.0005119
bathtub 0 0 -10 363.19 252.85 591.00 355.90 0.0004459
table 0 0 -10 4.77 181.68 191.79 328.30 0.0004404
desk 0 0 -10 508.43 342.10 590.02 441.00 0.0004277
bed 0 0 -10 192.72 4.75 565.19 331.34 0.0004271
desk 0 0 -10 256.07 193.93 569.90 434.34 0.0004201
table 0 0 -10 384.00 337.51 577.20 441.00 0.0004176
night_stand 0 0 -10 250.48 328.05 442.20 438.77 0.0004158
table 0 0 -10 321.98 221.25 348.37 308.97 0.0003945
chair 0 0 -10 390.48 245.88 589.63 386.47 0.0003880
table 0 0 -10 89.42 136.16 546.91 441.00 0.0003799
night_stand 0 0 -10 294.08 243.05 587.76 433.15 0.0003760
bed 0 0 -10 0.00 101.17 345.88 228.84 0.0003745
bookshelf 0 0 -10 285.76 204.63 587.90 431.41 0.0003722
table 0 0 -10 496.86 234.70 588.74 438.55 0.0003659
dresser 0 0 -10 355.16 258.26 591.00 390.36 0.0003657
bed 0 0 -10 0.00 10.02 375.49 172.97 0.0003650
dresser 0 0 -10 251.24 336.01 436.62 439.90 0.0003639
bookshelf 0 0 -10 330.96 6.44 587.54 397.08 0.0003619
chair 0 0 -10 27.71 337.37 405.76 437.71 0.0003603
desk 0 0 -10 75.02 119.58 567.38 441.00 0.0003536
