desk 0 0 -10 404.75 134.32 591.00 344.28 0.6529631
chair 0 0 -10 406.26 156.44 504.37 296.94 0.5134404
table 0 0 -10 401.02 133.06 587.26 292.90 0.2908880
dresser 0 0 -10 406.28 161.71 583.40 438.23 0.2386264
desk 0 0 -10 411.62 149.93 545.38 293.79 0.0925279
table 0 0 -10 424.08 269.84 583.75 441.00 0.0666298
dresser 0 0 -10 406.69 148.18 500.88 305.88 0.0580861
dresser 0 0 -10 400.46 129.83 591.00 294.46 0.0484119
desk 0 0 -10 402.83 126.45 587.67 244.87 0.0453764
table 0 0 -10 405.11 150.51 590.38 431.05 0.0408873
bookshelf 0 0 -10 403.97 127.54 584.41 441.00 0.0268259
chair 0 0 -10 400.62 159.41 554.53 415.37 0.0265001
chair 0 0 -10 300.43 327.21 386.55 439.48 0.0253290
desk 0 0 -10 411.03 170.35 500.22 341.32 0.0238076
desk 0 0 -10 399.93 183.89 523.36 438.98 0.0169603
table 0 0 -10 410.15 165.56 521.37 304.44 0.0152874
chair 0 0 -10 469.76 109.98 587.77 288.87 0.0147822
table 0 0 -10 404.25 121.81 584.15 204.09 0.0137466
chair 0 0 -10 517.20 104.91 591.00 254.30 0.0133065
table 0 0 -10 475.26 150.45 588.78 323.45 0.0115151
night_stand 0 0 -10 400.25 127.80 591.00 379.44 0.0094052
chair 0 0 -10 287.48 255.66 379.21 441.00 0.0092864
night_stand 0 0 -10 414.43 156.77 557.29 290.84 0.0089240
dresser 0 0 -10 410.62 170.63 482.70 382.71 0.0074234
chair 0 0 -10 418.94 129.64 559.49 290.18 0.0070388
bed 0 0 -10 405.61 116.56 588.41 423.51 0.0066981
bathtub 0 0 -10 6.33 217.03 387.53 436.32 0.0063585
chair 0 0 -10 450.10 179.99 588.06 432.20 0.0058252
table 0 0 -10 536.05 144.05 589.46 398.44 0.0054204
chair 0 0 -10 295.55 290.31 475.55 441.00 0.0052348
desk 0 0 -10 408.51 248.05 587.51 430.43 0.0052000
bookshelf 0 0 -10 407.71 161.03 511.89 328.34 0.0048975
desk 0 0 -10 424.04 169.91 488.72 287.93 0.0043825
chair 0 0 -10 310.99 124.71 584.80 441.00 0.0042269
bathtub 0 0 -10 33.03 210.24 383.38 330.09 0.0040605
night_stand 0 0 -10 412.61 166.76 500.88 332.79 0.0036070
table 0 0 -10 418.34 282.87 569.80 361.53 0.0035890
table 0 0 -10 416.92 114.52 585.64 160.80 0.0035042
table 0 0 -10 411.65 184.45 492.18 373.64 0.0029713
dresser 0 0 -10 411.41 164.62 541.49 350.44 0.0029227
desk 0 0 -10 474.00 143.05 591.00 309.04 0.0029179
bathtub 0 0 -10 368.40 141.97 591.00 429.88 0.0028950
chair 0 0 -10 492.69 160.32 589.40 332.10 0.0028117
toilet 0 0 -10 398.54 173.26 520.75 434.74 0.0027977
chair 0 0 -10 551.14 93.80 590.99 271.98 0.0026641
desk 0 0 -10 404.54 119.56 587.54 169.70 0.0026316
night_stand 0 0 -10 402.75 184.02 524.85 426.13 0.0023621
chair 0 0 -10 522.45 99.71 591.00 391.47 0.0021224
bookshelf 0 0 -10 413.68 113.13 590.24 303.23 0.0020835
bathtub 0 0 -10 12.53 140.67 534.37 419.50 0.0020745
bathtub 0 0 -10 399.24 191.57 522.76 428.69 0.0019447
chair 0 0 -10 440.06 150.56 494.72 280.60 0.0019201
chair 0 0 -10 556.96 98.72 591.00 197.35 0.0019122
chair 0 0 -10 545.96 99.99 591.00 157.80 0.0018902
chair 0 0 -10 349.71 319.06 557.12 441.00 0.0018690
table 0 0 -10 309.96 315.01 500.57 441.00 0.0017717
desk 0 0 -10 295.18 113.70 591.00 437.83 0.0017705
bed 0 0 -10 411.30 147.77 558.75 294.22 0.0015239
dresser 0 0 -10 406.24 234.89 518.92 437.22 0.0014410
chair 0 0 -10 455.64 0.00 578.77 82.23 0.0014080
bathtub 0 0 -10 412.43 112.98 589.08 275.89 0.0013982
chair 0 0 -10 191.49 308.52 388.11 440.41 0.0013836
table 0 0 -10 409.49 265.11 516.30 372.90 0.0013230
bathtub 0 0 -10 406.71 247.18 590.09 413.45 0.0012135
table 0 0 -10 425.55 174.35 489.23 286.27 0.0011857
chair 0 0 -10 241.80 249.50 570.15 437.83 0.0011733
table 0 0 -10 408.40 251.74 493.12 436.75 0.0011679
table 0 0 -10 525.71 126.02 590.30 272.95 0.0011343
sofa 0 0 -10 406.26 136.99 587.35 435.31 0.0011256
chair 0 0 -10 410.18 223.50 518.86 365.95 0.0010865
desk 0 0 -10 401.33 210.34 535.51 302.85 0.0010424
desk 0 0 -10 382.81 8.96 591.00 299.36 0.0010197
bed 0 0 -10 414.37 239.97 566.24 441.00 0.0010114
chair 0 0 -10 506.81 94.21 591.00 182.11 0.0009582
dresser 0 0 -10 426.16 162.16 477.34 284.32 0.0009572
toilet 0 0 -10 398.88 136.95 519.76 313.90 0.0009280
desk 0 0 -10 408.12 262.32 565.90 345.00 0.0009015
dresser 0 0 -10 313.93 145.74 523.63 436.04 0.0008956
chair 0 0 -10 569.90 87.96 591.00 179.15 0.0008926
table 0 0 -10 444.52 0.00 565.65 84.40 0.0008917
chair 0 0 -10 557.14 116.87 590.43 394.35 0.0008767
bathtub 0 0 -10 404.87 169.05 513.85 337.07 0.0008697
dresser 0 0 -10 385.99 86.97 504.85 426.88 0.0008340
night_stand 0 0 -10 417.98 264.12 561.18 433.38 0.0007871
bed 0 0 -10 2.29 135.85 556.92 441.00 0.0007746
chair 0 0 -10 339.43 296.30 421.87 440.86 0.0007570
sofa 0 0 -10 407.43 164.97 510.18 320.25 0.0007486
desk 0 0 -10 488.14 159.25 591.00 441.00 0.0006968
toilet 0 0 -10 298.12 121.69 587.68 441.00 0.0006642
sofa 0 0 -10 411.01 116.76 590.79 278.20 0.0006529
bathtub 0 0 -10 363.35 265.57 485.96 438.06 0.0006302
bathtub 0 0 -10 25.40 212.23 253.47 380.99 0.0006197
bathtub 0 0 -10 363.74 313.99 428.76 438.58 0.0006137
bed 0 0 -10 410.29 158.00 500.64 338.93 0.0006125
chair 0 0 -10 415.42 258.83 555.49 346.48 0.0005889
bed 0 0 -10 487.03 152.07 590.68 440.89 0.0005743
chair 0 0 -10 304.81 315.90 447.34 404.34 0.0005653
bookshelf 0 0 -10 424.87 164.52 489.76 286.65 0.0005473
chair 0 0 -10 383.62 67.45 586.55 345.15 0.0004942
toilet 0 0 -10 414.49 172.71 498.78 352.15 0.0004862
