table 0 0 -10 41.05 362.56 223.74 440.28 0.6888125
chair 0 0 -10 244.50 379.34 447.86 440.87 0.4977319
table 0 0 -10 417.59 370.83 499.23 441.00 0.4345226
table 0 0 -10 489.54 413.05 589.90 439.58 0.4118831
chair 0 0 -10 489.68 392.19 589.98 440.78 0.3296486
table 0 0 -10 491.57 431.45 589.42 440.37 0.2364721
desk 0 0 -10 414.76 370.08 498.88 438.89 0.2062469
chair 0 0 -10 325.03 386.74 433.93 441.00 0.1919532
table 0 0 -10 492.56 424.01 578.86 439.37 0.1375101
table 0 0 -10 491.30 437.10 588.57 440.76 0.1273750
table 0 0 -10 449.88 427.52 585.62 440.89 0.1218064
table 0 0 -10 490.93 383.42 587.18 441.00 0.1162331
chair 0 0 -10 377.50 383.01 433.55 441.00 0.1021150
table 0 0 -10 261.62 371.70 562.02 440.66 0.0985186
chair 0 0 -10 103.78 358.45 229.80 439.58 0.0839809
desk 0 0 -10 1.34 346.54 226.11 441.00 0.0754502
chair 0 0 -10 387.68 381.60 469.31 440.42 0.0747570
chair 0 0 -10 251.40 378.16 320.94 441.00 0.0604555
night_stand 0 0 -10 410.57 375.94 502.26 440.30 0.0481471
sofa 0 0 -10 253.07 385.84 432.79 439.17 0.0474743
table 0 0 -10 248.38 431.09 446.96 440.66 0.0449631
table 0 0 -10 248.74 379.43 415.58 439.01 0.0413015
chair 0 0 -10 573.66 398.61 589.03 441.00 0.0348759
table 0 0 -10 411.66 355.58 575.20 440.76 0.0348349
table 0 0 -10 420.43 404.76 582.71 440.99 0.0334689
table 0 0 -10 0.00 315.88 209.25 437.79 0.0320608
table 0 0 -10 24.33 356.24 493.73 440.17 0.0300841
chair 0 0 -10 565.02 391.38 591.00 439.97 0.0284995
chair 0 0 -10 269.58 392.91 397.35 441.00 0.0284056
chair 0 0 -10 136.44 362.82 530.67 441.00 0.0277671
chair 0 0 -10 408.68 384.48 552.97 441.00 0.0233807
table 0 0 -10 246.77 400.12 497.58 436.71 0.0228363
sofa 0 0 -10 230.67 371.59 561.49 441.00 0.0226402
table 0 0 -10 250.33 416.19 403.50 439.33 0.0200621
desk 0 0 -10 19.18 355.84 501.40 441.00 0.0187316
chair 0 0 -10 502.92 412.54 577.20 440.01 0.0184383
table 0 0 -10 307.80 433.44 390.68 440.81 0.0165837
chair 0 0 -10 535.20 398.79 587.21 441.00 0.0162969
table 0 0 -10 574.24 399.09 587.88 440.75 0.0147990
chair 0 0 -10 252.51 423.22 454.75 440.30 0.0139389
sofa 0 0 -10 486.41 397.32 584.28 441.00 0.0133429
table 0 0 -10 517.85 419.69 559.74 438.97 0.0133294
table 0 0 -10 181.09 408.57 413.85 440.69 0.0127386
chair 0 0 -10 9.12 332.10 231.05 440.43 0.0126487
desk 0 0 -10 408.49 350.64 578.84 441.00 0.0124467
chair 0 0 -10 407.17 367.40 493.06 439.00 0.0123881
chair 0 0 -10 229.89 317.35 449.78 435.60 0.0123489
desk 0 0 -10 251.41 370.40 572.20 441.00 0.0119983
desk 0 0 -10 490.73 411.28 590.04 439.75 0.0115902
sofa 0 0 -10 409.79 381.75 555.62 441.00 0.0112945
table 0 0 -10 307.31 425.62 386.80 440.75 0.0109953
sofa 0 0 -10 451.28 426.06 589.37 440.89 0.0109359
table 0 0 -10 5.72 340.08 138.13 441.00 0.0107051
bed 0 0 -10 449.25 426.15 588.99 440.88 0.0086866
chair 0 0 -10 349.30 355.08 452.17 441.00 0.0082988
sofa 0 0 -10 374.50 382.30 484.35 440.24 0.0082603
dresser 0 0 -10 413.18 372.85 500.31 441.00 0.0081182
table 0 0 -10 263.44 424.38 474.87 440.92 0.0078941
chair 0 0 -10 490.08 427.78 591.00 439.15 0.0074900
chair 0 0 -10 179.34 405.89 418.87 440.84 0.0072911
sofa 0 0 -10 268.55 426.34 435.38 440.94 0.0071731
table 0 0 -10 254.29 377.69 321.10 440.30 0.0069743
sofa 0 0 -10 54.28 367.42 226.19 441.00 0.0066277
chair 0 0 -10 421.19 419.81 591.00 439.89 0.0061499
table 0 0 -10 429.40 425.47 495.04 440.40 0.0061004
sofa 0 0 -10 453.46 366.85 587.04 441.00 0.0054353
sofa 0 0 -10 490.45 431.02 591.00 440.55 0.0053762
desk 0 0 -10 490.00 381.80 588.43 441.00 0.0052870
desk 0 0 -10 292.46 391.32 467.96 438.42 0.0049351
table 0 0 -10 314.90 388.22 431.77 441.00 0.0047116
desk 0 0 -10 1.99 0.00 228.03 441.00 0.0047077
desk 0 0 -10 0.00 260.87 226.62 433.91 0.0046126
desk 0 0 -10 0.00 33.99 485.49 435.51 0.0045882
sofa 0 0 -10 492.33 422.88 580.06 439.30 0.0045712
chair 0 0 -10 209.60 365.47 329.76 441.00 0.0044189
night_stand 0 0 -10 429.13 425.54 498.51 440.44 0.0042579
desk 0 0 -10 447.58 427.02 587.88 440.83 0.0041957
table 0 0 -10 397.86 382.61 463.42 441.00 0.0041580
table 0 0 -10 523.48 401.81 587.51 441.00 0.0041401
table 0 0 -10 404.08 423.48 527.67 441.00 0.0041329
chair 0 0 -10 521.31 412.22 560.98 437.54 0.0039973
table 0 0 -10 422.70 436.11 490.15 441.00 0.0039964
chair 0 0 -10 475.10 424.43 563.64 441.00 0.0039900
chair 0 0 -10 426.87 425.45 497.94 440.65 0.0038468
bathtub 0 0 -10 1.77 323.81 233.73 431.93 0.0037486
chair 0 0 -10 322.40 400.94 383.51 441.00 0.0037451
table 0 0 -10 0.00 84.47 216.67 426.83 0.0036583
chair 0 0 -10 448.35 430.54 575.66 441.00 0.0036494
chair 0 0 -10 579.92 403.45 590.70 441.00 0.0035949
table 0 0 -10 0.00 272.55 105.36 437.93 0.0035469
chair 0 0 -10 103.02 401.50 295.10 440.63 0.0033699
desk 0 0 -10 492.17 423.30 577.51 439.47 0.0033587
chair 0 0 -10 569.70 386.67 582.73 439.98 0.0033382
bed 0 0 -10 3.45 338.14 228.62 440.17 0.0033304
bed 0 0 -10 307.36 424.99 389.08 441.00 0.0032394
table 0 0 -10 20.13 401.37 244.57 438.28 0.0031892
bathtub 0 0 -10 34.77 365.77 226.42 438.25 0.0030899
chair 0 0 -10 29.48 393.62 233.75 437.72 0.0030031
table 0 0 -10 294.01 361.38 447.00 440.08 0.0029943
table 0 0 -10 113.53 363.30 213.15 431.66 0.0029865
