bed 0 0 -10 0.00 391.35 356.80 441.00 0.9920764
night_stand 0 0 -10 0.63 363.47 59.43 402.96 0.8348297
bed 0 0 -10 0.00 348.78 383.42 439.43 0.4640015
night_stand 0 0 -10 0.81 349.46 60.06 427.62 0.3726459
chair 0 0 -10 466.71 341.61 591.00 441.00 0.1635451
desk 0 0 -10 473.55 365.31 589.43 439.32 0.1264625
sofa 0 0 -10 470.54 337.85 591.00 440.49 0.1028999
table 0 0 -10 479.46 381.00 588.72 441.00 0.0842502
night_stand 0 0 -10 0.60 316.89 57.21 404.17 0.0745113
bed 0 0 -10 109.40 345.75 553.98 440.27 0.0567372
night_stand 0 0 -10 1.31 374.59 88.81 434.94 0.0545753
table 0 0 -10 0.62 297.42 51.53 407.55 0.0528301
bed 0 0 -10 0.00 381.12 143.22 441.00 0.0399487
chair 0 0 -10 483.06 393.92 586.75 440.78 0.0356911
dresser 0 0 -10 0.96 305.11 59.34 408.37 0.0203910
bed 0 0 -10 0.00 175.99 423.31 432.94 0.0169326
desk 0 0 -10 486.77 400.70 586.39 440.56 0.0163634
desk 0 0 -10 0.00 315.25 57.43 406.24 0.0158351
bed 0 0 -10 0.00 288.00 58.54 431.80 0.0129545
table 0 0 -10 0.58 352.72 60.05 426.51 0.0127788
chair 0 0 -10 1.82 291.99 52.86 404.66 0.0126956
table 0 0 -10 0.90 360.93 55.18 400.32 0.0122501
bed 0 0 -10 38.99 396.29 231.64 441.00 0.0114949
sofa 0 0 -10 0.00 390.51 364.58 441.00 0.0099830
table 0 0 -10 449.59 350.88 590.13 437.38 0.0094942
bed 0 0 -10 0.00 367.20 68.46 435.03 0.0088395
night_stand 0 0 -10 0.94 271.17 64.27 429.87 0.0079084
chair 0 0 -10 550.78 323.77 590.63 431.57 0.0071621
bed 0 0 -10 296.08 406.82 484.65 441.00 0.0070035
table 0 0 -10 0.50 298.60 34.01 367.25 0.0067971
bed 0 0 -10 21.21 412.34 318.16 441.00 0.0062872
sofa 0 0 -10 6.25 346.46 522.04 439.23 0.0060753
bed 0 0 -10 62.29 86.60 566.93 441.00 0.0052202
bed 0 0 -10 484.38 340.77 591.00 441.00 0.0050708
night_stand 0 0 -10 2.79 368.34 50.13 392.26 0.0050432
dresser 0 0 -10 0.28 377.43 70.22 435.29 0.0047994
night_stand 0 0 -10 1.12 360.71 98.03 410.07 0.0047495
desk 0 0 -10 375.35 356.67 584.93 440.47 0.0046234
table 0 0 -10 322.53 359.62 465.75 440.29 0.0043858
desk 0 0 -10 387.53 83.36 542.66 400.38 0.0040915
table 0 0 -10 334.19 412.73 484.05 440.42 0.0040572
bed 0 0 -10 25.45 428.42 298.88 441.00 0.0039294
bed 0 0 -10 105.11 397.38 289.34 441.00 0.0034369
bed 0 0 -10 0.00 280.19 346.66 420.52 0.0034264
dresser 0 0 -10 0.60 362.76 63.29 404.52 0.0034059
bookshelf 0 0 -10 491.94 341.50 590.83 438.72 0.0033474
bookshelf 0 0 -10 356.61 67.13 573.07 432.47 0.0027498
chair 0 0 -10 0.30 257.38 67.44 433.64 0.0026589
night_stand 0 0 -10 37.23 368.05 57.58 399.71 0.0025964
table 0 0 -10 327.38 394.45 540.79 440.93 0.0025053
bed 0 0 -10 292.42 351.61 506.87 441.00 0.0025049
table 0 0 -10 0.00 391.76 367.47 441.00 0.0024473
sofa 0 0 -10 0.87 287.12 58.15 426.81 0.0024290
dresser 0 0 -10 392.64 103.26 530.59 401.01 0.0023779
dresser 0 0 -10 490.23 345.22 591.00 439.56 0.0022575
desk 0 0 -10 0.00 349.56 60.02 426.86 0.0020472
dresser 0 0 -10 1.74 382.41 127.39 440.49 0.0019828
bed 0 0 -10 157.88 383.18 331.87 441.00 0.0018018
bed 0 0 -10 1.58 299.17 161.09 425.73 0.0017681
table 0 0 -10 2.54 378.13 71.20 436.22 0.0016939
bookshelf 0 0 -10 137.38 77.03 538.46 431.00 0.0016791
bookshelf 0 0 -10 1.20 288.26 51.32 408.33 0.0016549
night_stand 0 0 -10 0.78 358.49 39.62 388.96 0.0016177
dresser 0 0 -10 280.89 103.17 397.31 428.92 0.0016064
table 0 0 -10 342.30 345.69 541.82 440.24 0.0015656
bookshelf 0 0 -10 281.48 103.35 395.44 429.67 0.0015637
table 0 0 -10 392.70 99.56 536.60 404.19 0.0015479
bed 0 0 -10 0.58 371.82 306.43 421.87 0.0015131
dresser 0 0 -10 311.57 87.49 563.94 437.19 0.0014852
chair 0 0 -10 0.19 336.08 64.14 423.04 0.0014507
night_stand 0 0 -10 331.35 414.78 477.61 440.88 0.0013347
desk 0 0 -10 323.73 392.49 545.52 441.00 0.0012760
table 0 0 -10 354.52 424.26 457.83 440.15 0.0012610
bed 0 0 -10 125.15 406.88 410.40 441.00 0.0012400
sofa 0 0 -10 311.05 348.18 516.17 441.00 0.0011975
chair 0 0 -10 152.47 341.69 547.79 440.12 0.0011519
chair 0 0 -10 359.22 341.61 553.64 441.00 0.0010826
bed 0 0 -10 186.16 83.35 370.73 433.19 0.0010437
table 0 0 -10 527.44 339.49 589.58 431.43 0.0010341
table 0 0 -10 4.86 384.46 137.47 441.00 0.0010306
chair 0 0 -10 500.74 222.50 591.00 437.86 0.0010083
desk 0 0 -10 0.00 267.15 65.27 434.41 0.0010067
table 0 0 -10 447.14 396.16 498.80 441.00 0.0009797
table 0 0 -10 387.61 357.26 495.52 439.92 0.0009793
table 0 0 -10 1.76 361.34 96.12 410.13 0.0009758
bathtub 0 0 -10 494.61 348.41 590.20 437.94 0.0009594
bed 0 0 -10 1.38 247.20 100.88 437.68 0.0009057
table 0 0 -10 484.46 409.75 589.97 441.00 0.0008959
night_stand 0 0 -10 0.00 388.88 173.04 438.88 0.0008932
chair 0 0 -10 320.23 409.56 564.40 441.00 0.0008861
toilet 0 0 -10 0.07 293.72 51.64 405.41 0.0008790
table 0 0 -10 438.89 410.38 552.62 439.83 0.0008526
chair 0 0 -10 319.20 356.43 466.92 440.58 0.0008293
bed 0 0 -10 0.00 332.15 60.30 403.63 0.0007957
table 0 0 -10 0.00 336.44 13.79 358.38 0.0007744
chair 0 0 -10 461.36 349.43 540.85 434.01 0.0007644
night_stand 0 0 -10 0.00 379.58 36.47 437.51 0.0007403
bed 0 0 -10 201.76 276.08 469.27 438.88 0.0007316
night_stand 0 0 -10 467.38 339.61 591.00 441.00 0.0007278
table 0 0 -10 193.76 91.27 407.50 423.83 0.0007261
