bed 0 0 -10 214.67 244.35 591.00 441.00 0.9740087
night_stand 0 0 -10 88.39 355.44 254.27 441.00 0.9300236
bed 0 0 -10 190.36 66.94 591.00 441.00 0.4362069
sofa 0 0 -10 234.86 237.79 587.63 440.64 0.1047821
bed 0 0 -10 222.34 352.92 574.59 441.00 0.0682130
table 0 0 -10 92.84 357.03 251.46 441.00 0.0639691
bookshelf 0 0 -10 0.94 53.56 57.80 441.00 0.0203174
chair 0 0 -10 240.62 226.82 591.00 441.00 0.0177820
bookshelf 0 0 -10 2.09 58.03 29.67 419.91 0.0176402
bed 0 0 -10 79.37 345.63 426.79 441.00 0.0161282
dresser 0 0 -10 205.42 24.22 591.00 408.32 0.0146882
table 0 0 -10 174.03 5.45 582.12 414.71 0.0113550
sofa 0 0 -10 227.28 71.79 591.00 414.77 0.0093921
dresser 0 0 -10 229.44 236.56 582.30 429.14 0.0082589
table 0 0 -10 245.95 217.66 590.01 435.82 0.0070938
bookshelf 0 0 -10 215.46 11.31 585.41 405.57 0.0068557
bed 0 0 -10 238.18 47.30 589.62 284.46 0.0055481
table 0 0 -10 0.32 68.99 58.55 441.00 0.0054399
dresser 0 0 -10 87.79 359.56 252.42 441.00 0.0053290
table 0 0 -10 117.31 354.18 232.34 388.45 0.0049280
desk 0 0 -10 87.80 357.09 257.44 441.00 0.0049278
night_stand 0 0 -10 223.88 222.85 588.48 434.01 0.0046671
table 0 0 -10 117.59 361.80 172.27 383.79 0.0037191
chair 0 0 -10 72.94 359.63 242.06 441.00 0.0035288
bookshelf 0 0 -10 241.78 233.16 578.26 423.24 0.0032820
bookshelf 0 0 -10 14.49 47.70 23.43 419.14 0.0030296
bathtub 0 0 -10 251.14 217.62 591.00 435.41 0.0029954
bathtub 0 0 -10 239.45 58.81 591.00 398.80 0.0029743
toilet 0 0 -10 235.48 235.35 576.31 428.32 0.0029702
desk 0 0 -10 234.88 236.42 588.28 429.41 0.0028444
chair 0 0 -10 217.46 51.23 589.03 414.88 0.0025756
bed 0 0 -10 89.37 353.21 262.82 441.00 0.0025657
dresser 0 0 -10 0.38 56.89 58.67 441.00 0.0025290
desk 0 0 -10 190.08 19.85 591.00 410.70 0.0024779
bed 0 0 -10 280.57 396.85 586.61 441.00 0.0022677
bed 0 0 -10 29.45 8.76 502.76 441.00 0.0020877
desk 0 0 -10 0.00 59.71 59.67 433.12 0.0020746
night_stand 0 0 -10 216.51 45.67 587.58 397.75 0.0018841
bed 0 0 -10 0.43 45.30 74.30 441.00 0.0018315
table 0 0 -10 110.75 363.75 242.04 411.76 0.0017578
table 0 0 -10 0.00 303.05 43.52 410.05 0.0017364
table 0 0 -10 121.80 351.12 184.17 385.99 0.0017271
toilet 0 0 -10 76.62 358.03 245.86 441.00 0.0014938
table 0 0 -10 80.84 345.32 425.40 441.00 0.0014874
night_stand 0 0 -10 117.29 361.11 174.46 384.25 0.0014813
bed 0 0 -10 228.31 336.58 591.00 370.02 0.0013489
table 0 0 -10 0.00 4.45 321.10 318.81 0.0013420
sofa 0 0 -10 89.27 357.18 251.13 441.00 0.0013215
night_stand 0 0 -10 116.41 354.13 232.88 389.20 0.0012653
chair 0 0 -10 2.06 52.21 72.68 441.00 0.0012340
bathtub 0 0 -10 1.74 126.20 86.24 431.32 0.0011760
table 0 0 -10 153.33 3.70 583.18 98.80 0.0011718
chair 0 0 -10 1.17 295.79 37.53 413.52 0.0011467
table 0 0 -10 239.57 39.86 588.32 274.49 0.0008357
bed 0 0 -10 456.59 144.31 588.47 410.49 0.0008310
toilet 0 0 -10 217.27 41.78 583.36 413.10 0.0007434
chair 0 0 -10 449.51 88.71 590.15 359.86 0.0007305
table 0 0 -10 538.17 229.85 588.48 374.54 0.0006906
desk 0 0 -10 0.00 24.24 146.87 435.23 0.0006694
table 0 0 -10 136.08 347.83 236.07 377.24 0.0006205
dresser 0 0 -10 1.94 65.84 30.11 419.60 0.0006204
bed 0 0 -10 348.76 320.02 587.80 439.68 0.0006165
table 0 0 -10 1.67 71.34 30.30 415.73 0.0006084
chair 0 0 -10 262.40 75.25 510.04 340.31 0.0006038
bed 0 0 -10 45.96 291.76 264.32 434.20 0.0006022
bookshelf 0 0 -10 0.43 281.91 39.48 397.81 0.0005953
night_stand 0 0 -10 90.43 290.94 264.95 421.38 0.0005634
table 0 0 -10 0.00 36.31 142.80 437.96 0.0005612
table 0 0 -10 159.43 333.62 249.01 375.68 0.0005431
table 0 0 -10 14.36 55.60 23.26 415.29 0.0005393
dresser 0 0 -10 23.37 5.38 383.62 441.00 0.0005195
table 0 0 -10 1.20 323.87 65.30 438.31 0.0005164
night_stand 0 0 -10 107.50 362.49 243.05 412.22 0.0005030
chair 0 0 -10 7.19 63.70 132.11 347.03 0.0004733
bed 0 0 -10 0.00 291.71 39.61 401.54 0.0004694
bookshelf 0 0 -10 2.01 15.77 126.10 439.89 0.0004449
chair 0 0 -10 539.33 130.28 588.68 328.90 0.0004341
table 0 0 -10 0.00 63.27 73.15 280.31 0.0004033
bed 0 0 -10 7.27 34.08 44.52 441.00 0.0004030
chair 0 0 -10 1.27 292.22 83.18 418.83 0.0003981
sofa 0 0 -10 1.28 293.45 38.86 399.43 0.0003878
night_stand 0 0 -10 188.31 369.40 265.26 436.46 0.0003869
bookshelf 0 0 -10 9.54 65.43 18.99 434.77 0.0003827
bookshelf 0 0 -10 7.59 195.70 48.81 425.97 0.0003810
bookshelf 0 0 -10 85.25 356.54 254.20 441.00 0.0003800
dresser 0 0 -10 1.99 27.40 184.77 435.43 0.0003711
bed 0 0 -10 192.26 82.08 377.55 432.47 0.0003508
table 0 0 -10 418.64 220.03 586.03 365.15 0.0003497
chair 0 0 -10 1.94 75.47 32.06 424.51 0.0003440
chair 0 0 -10 0.00 6.33 270.71 313.54 0.0003414
chair 0 0 -10 8.48 364.74 175.95 441.00 0.0003305
bookshelf 0 0 -10 25.32 2.55 380.20 437.66 0.0003181
night_stand 0 0 -10 87.64 349.17 415.12 441.00 0.0003150
toilet 0 0 -10 0.00 106.79 83.17 439.22 0.0003133
table 0 0 -10 563.79 220.22 589.75 340.87 0.0003061
bookshelf 0 0 -10 2.84 219.31 81.65 433.25 0.0002962
dresser 0 0 -10 208.69 52.02 394.86 424.74 0.0002944
night_stand 0 0 -10 141.27 335.80 247.80 408.01 0.0002881
bathtub 0 0 -10 7.19 64.99 56.60 408.91 0.0002860
desk 0 0 -10 0.17 303.54 45.64 410.05 0.0002735
