toilet 0 0 -10 279.14 175.46 507.53 437.58 0.9952252
toilet 0 0 -10 70.02 315.16 242.00 436.56 0.9515881
bathtub 0 0 -10 73.62 321.05 249.86 430.42 0.2488969
toilet 0 0 -10 40.64 298.99 376.52 441.00 0.0301135
toilet 0 0 -10 112.35 194.70 458.09 441.00 0.0133733
bathtub 0 0 -10 244.59 194.12 527.33 424.65 0.0117278
chair 0 0 -10 278.41 160.08 512.88 435.86 0.0112682
chair 0 0 -10 1.38 229.12 77.36 436.78 0.0112614
bathtub 0 0 -10 57.62 233.92 265.33 429.43 0.0104860
toilet 0 0 -10 49.87 215.19 259.02 441.00 0.0076549
chair 0 0 -10 3.91 176.03 46.58 429.26 0.0059248
chair 0 0 -10 61.62 314.40 246.06 441.00 0.0058270
bathtub 0 0 -10 0.00 136.15 323.92 402.67 0.0050382
bathtub 0 0 -10 373.27 178.44 569.96 409.54 0.0050190
toilet 0 0 -10 0.00 301.53 93.58 441.00 0.0034897
bathtub 0 0 -10 67.63 182.12 460.77 418.71 0.0032026
toilet 0 0 -10 397.00 202.12 573.84 435.70 0.0026392
toilet 0 0 -10 327.70 94.51 564.77 435.46 0.0021017
bathtub 0 0 -10 0.00 203.04 193.44 426.46 0.0019904
table 0 0 -10 61.70 321.30 247.93 441.00 0.0018652
bathtub 0 0 -10 117.93 258.41 290.18 342.24 0.0017315
bathtub 0 0 -10 55.89 304.97 396.10 427.04 0.0014820
bathtub 0 0 -10 2.65 319.32 78.28 436.69 0.0013093
table 0 0 -10 293.58 203.96 509.30 441.00 0.0012789
chair 0 0 -10 1.33 300.00 50.58 439.59 0.0012053
chair 0 0 -10 529.28 71.65 588.49 228.37 0.0011808
table 0 0 -10 1.94 290.83 38.59 441.00 0.0011312
bathtub 0 0 -10 1.77 230.93 110.33 433.42 0.0011193
table 0 0 -10 0.38 286.60 21.17 441.00 0.0010760
dresser 0 0 -10 292.57 186.81 505.30 441.00 0.0010723
bathtub 0 0 -10 0.00 0.88 580.08 317.39 0.0010550
toilet 0 0 -10 0.00 260.58 78.14 396.85 0.0010244
toilet 0 0 -10 1.36 241.48 185.57 441.00 0.0010042
toilet 0 0 -10 0.00 100.48 281.36 441.00 0.0009942
night_stand 0 0 -10 300.44 195.51 511.35 441.00 0.0008614
bed 0 0 -10 49.15 325.47 251.45 441.00 0.0008587
toilet 0 0 -10 2.14 256.38 46.91 440.88 0.0007990
bed 0 0 -10 290.32 185.38 504.47 441.00 0.0007937
chair 0 0 -10 0.51 219.21 27.27 441.00 0.0007727
bathtub 0 0 -10 2.69 257.71 82.49 388.38 0.0007627
sofa 0 0 -10 294.32 170.56 501.29 439.52 0.0007510
bathtub 0 0 -10 464.46 267.82 591.00 432.26 0.0007506
chair 0 0 -10 0.00 45.18 73.20 424.80 0.0007326
bookshelf 0 0 -10 300.25 179.34 499.22 441.00 0.0007311
toilet 0 0 -10 185.55 259.65 344.39 438.65 0.0006976
table 0 0 -10 1.01 203.43 57.36 436.57 0.0006859
table 0 0 -10 214.44 312.75 336.50 440.46 0.0006770
toilet 0 0 -10 336.03 256.34 526.81 438.94 0.0006455
dresser 0 0 -10 73.34 320.43 251.40 438.74 0.0006334
toilet 0 0 -10 298.43 109.75 479.08 345.87 0.0005815
desk 0 0 -10 287.52 196.48 510.76 441.00 0.0005592
chair 0 0 -10 547.90 0.00 589.82 281.35 0.0005031
bathtub 0 0 -10 291.59 153.66 474.57 371.28 0.0004479
night_stand 0 0 -10 76.85 321.20 259.23 437.90 0.0004465
bathtub 0 0 -10 98.82 208.46 340.74 386.55 0.0004240
table 0 0 -10 0.15 310.47 12.91 438.88 0.0004202
bathtub 0 0 -10 405.23 14.40 571.54 387.57 0.0004194
bathtub 0 0 -10 112.48 72.19 480.68 223.90 0.0004165
bathtub 0 0 -10 186.82 261.71 343.87 430.70 0.0003942
sofa 0 0 -10 3.95 228.89 71.35 436.40 0.0003757
bookshelf 0 0 -10 76.84 320.90 243.27 439.64 0.0003713
sofa 0 0 -10 3.30 287.91 42.71 441.00 0.0003618
toilet 0 0 -10 0.00 134.34 99.53 441.00 0.0003571
chair 0 0 -10 1.02 304.24 18.83 438.85 0.0003571
toilet 0 0 -10 25.88 28.76 517.04 441.00 0.0003487
bathtub 0 0 -10 2.26 388.85 208.50 441.00 0.0003381
bathtub 0 0 -10 533.14 276.70 591.00 437.57 0.0003349
sofa 0 0 -10 42.15 324.22 251.71 440.63 0.0003335
table 0 0 -10 0.83 311.32 6.05 434.09 0.0003133
bathtub 0 0 -10 527.73 220.81 591.00 389.86 0.0002993
toilet 0 0 -10 211.94 302.89 519.56 441.00 0.0002973
chair 0 0 -10 5.42 312.13 29.63 440.00 0.0002961
bathtub 0 0 -10 464.35 14.87 591.00 253.61 0.0002929
desk 0 0 -10 76.80 315.70 262.18 441.00 0.0002904
bathtub 0 0 -10 321.30 121.39 555.21 354.23 0.0002793
table 0 0 -10 2.04 167.51 30.28 434.69 0.0002713
chair 0 0 -10 1.91 230.22 13.03 439.78 0.0002697
toilet 0 0 -10 1.30 160.30 30.69 436.47 0.0002664
toilet 0 0 -10 230.70 11.18 566.34 372.20 0.0002654
table 0 0 -10 3.49 259.26 6.78 441.00 0.0002530
chair 0 0 -10 7.30 314.90 86.92 439.48 0.0002433
bathtub 0 0 -10 0.18 339.31 137.79 440.28 0.0002413
table 0 0 -10 2.72 308.29 8.18 438.42 0.0002411
bathtub 0 0 -10 172.46 244.47 297.09 381.61 0.0002392
table 0 0 -10 6.13 314.30 26.52 441.00 0.0002391
table 0 0 -10 516.53 336.65 587.47 441.00 0.0002387
sofa 0 0 -10 1.32 285.97 22.54 441.00 0.0002329
chair 0 0 -10 507.90 0.00 589.07 288.54 0.0002322
table 0 0 -10 0.04 283.51 27.15 347.76 0.0002315
table 0 0 -10 7.94 235.32 19.92 438.15 0.0002294
table 0 0 -10 0.00 317.69 19.97 338.56 0.0002204
bathtub 0 0 -10 3.37 257.53 46.80 433.41 0.0002192
toilet 0 0 -10 403.67 128.70 473.59 296.24 0.0002175
table 0 0 -10 530.50 76.03 588.83 230.60 0.0002167
table 0 0 -10 1.93 310.26 70.86 441.00 0.0002165
toilet 0 0 -10 0.00 304.19 23.41 438.65 0.0002138
chair 0 0 -10 412.95 0.74 586.54 290.65 0.0002125
bathtub 0 0 -10 546.67 10.92 589.08 291.06 0.0002105
toilet 0 0 -10 445.81 262.79 591.00 438.47 0.0002017
bathtub 0 0 -10 530.21 79.13 591.00 218.57 0.0001932
