bed 0 0 -10 0.00 301.21 456.37 441.00 0.9867715
bookshelf 0 0 -10 496.95 159.96 590.83 421.16 0.0828129
table 0 0 -10 6.91 265.28 422.53 375.93 0.0637621
table 0 0 -10 557.71 293.71 590.24 379.27 0.0528113
table 0 0 -10 501.91 189.47 589.20 412.69 0.0501161
sofa 0 0 -10 5.15 291.70 480.83 440.17 0.0484621
bed 0 0 -10 0.00 265.29 437.30 382.95 0.0476472
table 0 0 -10 552.39 214.69 590.61 413.77 0.0436205
bed 0 0 -10 0.00 156.67 466.90 422.01 0.0396409
desk 0 0 -10 503.01 190.11 590.25 418.11 0.0376040
table 0 0 -10 324.07 329.74 559.91 441.00 0.0260160
bed 0 0 -10 229.03 312.61 530.42 441.00 0.0247433
bookshelf 0 0 -10 441.45 34.75 581.75 407.96 0.0246397
table 0 0 -10 4.54 294.83 475.97 441.00 0.0149604
dresser 0 0 -10 360.72 9.48 591.00 391.37 0.0141283
desk 0 0 -10 0.00 254.25 412.30 352.11 0.0125819
chair 0 0 -10 553.02 229.12 591.00 433.12 0.0118244
bookshelf 0 0 -10 356.66 137.16 584.71 395.05 0.0113263
chair 0 0 -10 331.09 352.84 591.00 441.00 0.0110821
chair 0 0 -10 501.05 165.26 587.88 403.46 0.0103859
chair 0 0 -10 11.86 272.63 437.26 386.47 0.0102296
dresser 0 0 -10 488.55 97.38 590.32 392.16 0.0081766
bed 0 0 -10 30.23 359.26 426.75 437.59 0.0081413
table 0 0 -10 225.08 309.42 476.71 440.86 0.0079648
sofa 0 0 -10 9.48 269.65 437.56 383.93 0.0072571
table 0 0 -10 10.02 244.00 392.35 323.03 0.0071432
chair 0 0 -10 297.61 291.40 565.50 436.07 0.0062942
table 0 0 -10 292.86 275.98 383.24 363.24 0.0061580
table 0 0 -10 543.24 292.26 589.46 423.16 0.0056614
desk 0 0 -10 553.12 214.92 591.00 417.16 0.0055806
desk 0 0 -10 0.00 290.98 479.82 441.00 0.0050051
desk 0 0 -10 344.56 9.63 591.00 391.98 0.0043883
bookshelf 0 0 -10 554.00 206.32 591.00 417.82 0.0043221
desk 0 0 -10 326.45 328.01 560.88 439.80 0.0043053
bathtub 0 0 -10 12.41 246.43 406.81 345.78 0.0041494
dresser 0 0 -10 406.44 6.94 576.12 253.65 0.0040534
table 0 0 -10 517.96 291.85 588.37 382.26 0.0038710
chair 0 0 -10 139.83 283.70 400.38 435.17 0.0037902
desk 0 0 -10 414.91 163.29 591.00 365.11 0.0035689
dresser 0 0 -10 9.76 263.83 427.05 379.51 0.0034802
table 0 0 -10 414.90 162.93 589.30 364.16 0.0031932
sofa 0 0 -10 330.73 329.19 573.87 441.00 0.0030044
chair 0 0 -10 279.69 268.39 385.23 360.13 0.0028749
bookshelf 0 0 -10 521.08 201.96 590.27 374.30 0.0027487
chair 0 0 -10 558.11 298.84 590.74 404.95 0.0026709
chair 0 0 -10 380.82 383.60 579.69 440.89 0.0024462
dresser 0 0 -10 527.25 197.98 591.00 420.76 0.0023548
bed 0 0 -10 327.57 17.82 591.00 426.28 0.0023518
chair 0 0 -10 16.40 330.52 438.21 433.58 0.0022040
chair 0 0 -10 175.67 267.27 385.23 353.65 0.0021872
dresser 0 0 -10 0.00 287.99 474.05 441.00 0.0021260
bookshelf 0 0 -10 10.44 258.82 430.76 378.06 0.0020287
bathtub 0 0 -10 0.00 247.70 474.43 425.66 0.0020075
bed 0 0 -10 486.32 152.17 591.00 382.52 0.0020015
bed 0 0 -10 30.84 402.98 398.72 440.71 0.0019472
sofa 0 0 -10 2.26 157.24 466.64 416.71 0.0019452
table 0 0 -10 344.86 17.13 587.46 390.44 0.0019389
table 0 0 -10 482.50 281.00 584.78 436.74 0.0018104
chair 0 0 -10 514.69 309.10 589.61 440.45 0.0016850
bed 0 0 -10 349.58 333.59 591.00 440.59 0.0016374
chair 0 0 -10 39.93 224.94 517.30 441.00 0.0015129
bookshelf 0 0 -10 14.38 10.23 533.36 406.03 0.0014748
desk 0 0 -10 226.14 306.25 473.67 438.63 0.0014426
night_stand 0 0 -10 8.97 268.64 462.97 428.74 0.0014356
bathtub 0 0 -10 482.02 162.53 591.00 364.75 0.0014180
table 0 0 -10 571.38 235.71 590.54 432.87 0.0013408
desk 0 0 -10 558.17 293.50 591.00 381.00 0.0013312
chair 0 0 -10 438.71 80.80 586.56 410.53 0.0012613
dresser 0 0 -10 420.07 161.55 591.00 359.11 0.0012082
table 0 0 -10 569.05 293.20 587.15 370.17 0.0011734
chair 0 0 -10 522.18 155.66 589.74 279.99 0.0011463
toilet 0 0 -10 503.91 173.88 588.71 422.06 0.0011082
table 0 0 -10 560.31 349.52 589.35 411.58 0.0010801
table 0 0 -10 561.20 149.49 590.21 368.74 0.0010497
toilet 0 0 -10 553.69 219.40 591.00 420.15 0.0010237
chair 0 0 -10 437.53 333.47 583.38 439.86 0.0010155
chair 0 0 -10 323.63 33.38 591.00 415.98 0.0010109
chair 0 0 -10 533.28 169.98 588.12 355.36 0.0009933
desk 0 0 -10 323.06 180.48 591.00 416.78 0.0009872
bathtub 0 0 -10 553.75 216.00 591.00 414.00 0.0009761
bed 0 0 -10 75.86 183.49 339.28 434.45 0.0009487
bookshelf 0 0 -10 489.28 116.01 550.73 384.57 0.0009447
table 0 0 -10 522.96 321.15 587.72 440.37 0.0009326
table 0 0 -10 572.64 363.09 590.33 441.00 0.0009076
table 0 0 -10 205.38 296.74 379.49 371.04 0.0008373
toilet 0 0 -10 0.00 251.53 464.37 434.75 0.0008369
table 0 0 -10 13.87 195.69 423.00 424.01 0.0008362
chair 0 0 -10 7.10 281.52 310.29 441.00 0.0008249
sofa 0 0 -10 498.86 177.17 589.05 415.30 0.0008233
chair 0 0 -10 572.72 364.58 591.00 440.28 0.0008194
chair 0 0 -10 354.01 200.86 586.19 425.56 0.0007886
bookshelf 0 0 -10 519.39 22.45 589.48 381.74 0.0007840
chair 0 0 -10 562.16 144.19 590.82 364.21 0.0007811
night_stand 0 0 -10 333.77 338.31 569.49 439.79 0.0007562
table 0 0 -10 266.60 313.31 393.94 417.08 0.0007523
table 0 0 -10 576.37 299.92 590.43 434.44 0.0007502
table 0 0 -10 430.01 328.05 581.73 439.95 0.0007376
dresser 0 0 -10 0.00 44.67 548.96 413.90 0.0007218
chair 0 0 -10 572.99 231.38 591.00 433.68 0.0007147
table 0 0 -10 328.63 366.76 493.91 441.00 0.0007088
