bed 0 0 -10 20.62 239.53 589.90 439.52 0.9916118
chair 0 0 -10 174.59 182.43 259.51 283.14 0.9661646
desk 0 0 -10 235.76 183.53 345.50 271.77 0.8015791
table 0 0 -10 238.96 179.51 343.22 268.80 0.2537034
chair 0 0 -10 164.50 177.47 292.90 337.66 0.1217561
dresser 0 0 -10 239.39 180.79 348.66 274.43 0.0996033
chair 0 0 -10 202.98 182.92 308.05 283.35 0.0550579
chair 0 0 -10 187.66 176.86 226.50 285.85 0.0229931
bed 0 0 -10 369.56 258.28 591.00 440.19 0.0207776
bed 0 0 -10 293.60 188.69 587.05 289.39 0.0182253
night_stand 0 0 -10 234.11 179.88 349.68 270.69 0.0169441
table 0 0 -10 329.16 197.41 583.35 284.22 0.0165313
desk 0 0 -10 248.03 181.64 584.64 281.25 0.0153274
table 0 0 -10 203.90 182.03 352.83 326.55 0.0133211
desk 0 0 -10 201.29 178.96 352.04 329.63 0.0104843
bed 0 0 -10 276.23 204.75 591.00 421.39 0.0070926
table 0 0 -10 552.75 290.50 589.87 430.00 0.0063521
bed 0 0 -10 25.51 292.46 350.58 441.00 0.0059508
bed 0 0 -10 16.55 99.57 591.00 409.76 0.0058519
chair 0 0 -10 243.72 179.46 331.09 268.49 0.0058297
table 0 0 -10 558.60 314.16 589.88 349.08 0.0056212
desk 0 0 -10 269.74 180.83 328.48 264.20 0.0052937
chair 0 0 -10 178.04 180.88 243.02 241.93 0.0048557
bed 0 0 -10 525.12 244.04 591.00 428.90 0.0044332
table 0 0 -10 17.87 232.70 591.00 431.51 0.0043579
table 0 0 -10 576.78 298.76 590.67 432.53 0.0043192
desk 0 0 -10 185.31 197.60 332.42 287.19 0.0037587
bed 0 0 -10 247.51 173.45 346.75 270.73 0.0036558
table 0 0 -10 555.68 310.17 589.65 384.55 0.0036258
chair 0 0 -10 202.68 171.41 241.06 293.89 0.0031590
bed 0 0 -10 5.48 214.07 256.46 423.91 0.0029717
chair 0 0 -10 176.52 216.25 317.76 309.21 0.0024071
sofa 0 0 -10 16.02 214.97 591.00 435.49 0.0020996
bookshelf 0 0 -10 242.12 176.87 347.60 274.17 0.0020472
dresser 0 0 -10 203.42 184.15 325.57 292.94 0.0019882
table 0 0 -10 575.35 295.28 586.97 392.76 0.0019542
dresser 0 0 -10 300.63 190.96 582.53 289.75 0.0018923
bathtub 0 0 -10 252.22 182.28 346.78 266.78 0.0018830
dresser 0 0 -10 226.87 179.08 370.10 327.02 0.0018757
table 0 0 -10 10.75 246.00 239.65 361.81 0.0018589
desk 0 0 -10 250.22 182.48 443.25 266.20 0.0018363
table 0 0 -10 247.53 178.30 348.01 211.97 0.0017624
table 0 0 -10 0.99 322.45 43.53 435.47 0.0017573
table 0 0 -10 547.75 284.33 589.37 365.22 0.0017518
table 0 0 -10 569.41 296.73 590.28 354.92 0.0016669
chair 0 0 -10 237.54 191.66 342.16 332.11 0.0016257
night_stand 0 0 -10 224.56 177.54 373.09 324.59 0.0015960
table 0 0 -10 544.97 198.88 588.51 350.41 0.0015529
bathtub 0 0 -10 296.34 188.06 588.77 289.29 0.0015399
table 0 0 -10 570.94 315.98 590.18 381.38 0.0014632
chair 0 0 -10 201.40 160.79 295.30 250.97 0.0013813
table 0 0 -10 527.11 256.49 590.10 431.23 0.0013655
bed 0 0 -10 87.53 191.14 417.52 425.23 0.0013456
table 0 0 -10 561.35 325.70 589.80 361.50 0.0013310
table 0 0 -10 166.26 238.90 283.11 347.21 0.0013062
chair 0 0 -10 142.78 250.93 564.27 441.00 0.0012465
chair 0 0 -10 167.97 149.05 255.20 252.17 0.0012374
desk 0 0 -10 11.66 225.96 591.00 433.17 0.0011966
table 0 0 -10 576.53 322.74 590.23 342.72 0.0011851
dresser 0 0 -10 23.31 221.04 585.23 434.95 0.0011299
chair 0 0 -10 522.90 229.66 590.78 423.24 0.0010909
chair 0 0 -10 179.38 241.89 348.55 336.69 0.0010832
chair 0 0 -10 30.36 302.46 289.43 438.70 0.0010392
table 0 0 -10 173.62 252.61 345.85 333.40 0.0009736
table 0 0 -10 176.23 219.29 322.81 299.55 0.0009712
night_stand 0 0 -10 24.83 236.98 585.80 431.35 0.0009656
chair 0 0 -10 201.24 189.19 468.49 304.43 0.0009649
chair 0 0 -10 295.96 193.95 567.02 308.40 0.0009222
table 0 0 -10 255.67 184.17 438.72 263.79 0.0009034
chair 0 0 -10 275.41 181.43 337.37 253.00 0.0009009
sofa 0 0 -10 219.36 182.64 336.27 279.82 0.0008919
dresser 0 0 -10 288.12 181.44 343.45 266.96 0.0008792
table 0 0 -10 572.93 212.40 590.51 435.57 0.0008776
bed 0 0 -10 457.57 214.31 591.00 428.11 0.0008622
chair 0 0 -10 160.99 171.95 221.16 291.80 0.0008456
sofa 0 0 -10 174.83 180.41 255.06 288.11 0.0008411
desk 0 0 -10 194.55 160.59 382.24 268.29 0.0008012
table 0 0 -10 182.38 186.05 248.72 279.92 0.0007857
table 0 0 -10 576.63 305.75 590.18 367.30 0.0007719
table 0 0 -10 243.44 145.43 340.62 237.16 0.0007532
sofa 0 0 -10 1.04 286.03 43.97 435.65 0.0007223
table 0 0 -10 25.57 287.69 224.88 435.25 0.0007145
chair 0 0 -10 382.53 249.51 584.59 434.68 0.0006951
table 0 0 -10 0.96 294.47 19.16 436.85 0.0006900
chair 0 0 -10 266.71 151.47 326.00 242.14 0.0006857
table 0 0 -10 188.80 181.98 310.01 279.01 0.0006839
table 0 0 -10 326.64 185.49 572.32 232.24 0.0006726
chair 0 0 -10 24.62 217.47 361.35 424.62 0.0006667
table 0 0 -10 535.88 321.98 588.42 376.81 0.0006598
table 0 0 -10 580.94 293.46 589.26 403.71 0.0006561
night_stand 0 0 -10 171.30 233.84 282.47 346.16 0.0006349
table 0 0 -10 114.15 260.26 301.55 319.36 0.0006293
bookshelf 0 0 -10 203.12 180.24 324.54 293.37 0.0006257
table 0 0 -10 209.21 255.53 283.66 327.99 0.0006087
bookshelf 0 0 -10 301.34 183.79 584.18 288.56 0.0006069
night_stand 0 0 -10 204.98 186.31 326.24 294.17 0.0005987
table 0 0 -10 576.81 333.18 590.24 351.53 0.0005866
table 0 0 -10 3.78 307.98 85.71 420.73 0.0005796
sofa 0 0 -10 3.21 281.58 19.48 431.75 0.0005778
table 0 0 -10 248.61 156.47 349.50 205.90 0.0005658
