chair 0 0 -10 24.22 302.60 208.25 440.90 0.9966080
chair 0 0 -10 250.18 292.56 384.33 436.23 0.9599319
table 0 0 -10 163.95 287.59 393.66 417.65 0.6489905
table 0 0 -10 342.26 279.39 551.58 375.42 0.6204365
desk 0 0 -10 156.69 284.26 559.22 422.88 0.4565175
table 0 0 -10 147.07 286.58 562.16 431.28 0.3898227
table 0 0 -10 172.80 291.03 464.34 367.71 0.2776333
desk 0 0 -10 292.47 286.75 557.24 386.18 0.2363485
desk 0 0 -10 164.95 291.26 385.71 414.12 0.0828818
table 0 0 -10 247.88 4.02 449.27 147.97 0.0419216
table 0 0 -10 341.28 295.52 579.35 435.72 0.0332485
chair 0 0 -10 282.39 284.08 370.76 399.33 0.0281910
chair 0 0 -10 59.50 288.50 147.39 437.26 0.0259859
desk 0 0 -10 173.68 288.71 467.80 372.57 0.0222353
table 0 0 -10 61.85 296.27 286.31 434.30 0.0176071
chair 0 0 -10 20.62 399.43 157.79 440.53 0.0157521
table 0 0 -10 171.31 281.80 371.86 351.55 0.0154671
table 0 0 -10 128.39 273.33 561.32 350.93 0.0146475
chair 0 0 -10 268.73 286.58 504.34 420.73 0.0114224
table 0 0 -10 557.32 303.31 589.45 419.22 0.0083338
chair 0 0 -10 249.40 277.20 348.97 368.89 0.0083015
desk 0 0 -10 173.26 286.81 365.64 351.92 0.0066197
table 0 0 -10 535.44 304.05 587.42 433.34 0.0060017
chair 0 0 -10 24.41 372.18 181.24 438.17 0.0057020
chair 0 0 -10 178.97 238.96 399.44 432.75 0.0055929
chair 0 0 -10 77.09 279.48 315.66 441.00 0.0051244
table 0 0 -10 11.07 308.15 169.95 438.59 0.0051059
chair 0 0 -10 266.42 0.68 462.81 138.80 0.0046519
chair 0 0 -10 221.04 288.10 340.81 411.48 0.0043351
sofa 0 0 -10 16.50 285.97 202.42 438.99 0.0041812
chair 0 0 -10 138.01 337.85 441.49 440.15 0.0038757
table 0 0 -10 255.81 298.69 487.74 397.00 0.0034201
table 0 0 -10 574.60 302.14 590.08 438.10 0.0032261
desk 0 0 -10 55.38 294.65 284.46 441.00 0.0030717
table 0 0 -10 19.34 401.71 156.26 441.00 0.0028512
desk 0 0 -10 243.81 2.30 456.56 151.35 0.0028450
chair 0 0 -10 312.30 269.13 359.04 345.85 0.0028270
table 0 0 -10 259.54 279.89 371.00 387.94 0.0027125
chair 0 0 -10 98.41 342.63 246.54 441.00 0.0027058
desk 0 0 -10 108.50 177.34 583.73 419.89 0.0026391
chair 0 0 -10 347.53 319.64 583.30 440.02 0.0026091
dresser 0 0 -10 250.92 5.43 467.57 146.69 0.0025667
bed 0 0 -10 246.12 2.48 459.92 153.17 0.0024851
chair 0 0 -10 46.97 244.91 99.09 440.57 0.0023772
table 0 0 -10 548.76 296.83 588.39 358.75 0.0023245
table 0 0 -10 108.72 186.60 573.88 417.33 0.0022918
chair 0 0 -10 71.52 406.50 186.28 441.00 0.0021508
sofa 0 0 -10 251.14 4.79 460.75 152.49 0.0018290
table 0 0 -10 576.83 324.46 589.96 342.92 0.0017724
chair 0 0 -10 15.34 330.74 136.42 441.00 0.0017246
table 0 0 -10 167.34 278.81 406.82 310.03 0.0016412
sofa 0 0 -10 151.87 261.12 580.53 433.64 0.0015442
desk 0 0 -10 337.24 293.11 588.87 439.08 0.0015338
table 0 0 -10 173.13 275.02 266.43 348.75 0.0015212
chair 0 0 -10 299.29 271.70 345.10 353.46 0.0014084
chair 0 0 -10 281.63 256.37 365.78 350.84 0.0013866
desk 0 0 -10 133.61 228.60 442.34 435.33 0.0013606
chair 0 0 -10 204.09 281.62 336.96 346.46 0.0013514
chair 0 0 -10 9.64 357.74 94.16 441.00 0.0013034
chair 0 0 -10 202.40 347.40 369.64 440.86 0.0012887
sofa 0 0 -10 186.52 288.82 405.38 427.86 0.0012783
chair 0 0 -10 58.51 394.88 228.97 440.66 0.0012728
bathtub 0 0 -10 152.20 246.08 577.14 427.66 0.0012344
sofa 0 0 -10 340.16 302.29 589.99 441.00 0.0012159
chair 0 0 -10 13.68 419.14 139.20 440.76 0.0011524
table 0 0 -10 118.75 339.47 480.27 438.30 0.0011236
table 0 0 -10 495.33 247.51 552.72 313.49 0.0011004
bathtub 0 0 -10 351.36 278.67 553.91 371.59 0.0010851
night_stand 0 0 -10 499.77 251.39 545.60 310.70 0.0010716
table 0 0 -10 292.37 230.99 562.17 359.03 0.0010391
desk 0 0 -10 132.14 273.70 568.60 353.01 0.0010224
table 0 0 -10 576.29 332.93 589.77 353.07 0.0009894
chair 0 0 -10 191.57 215.05 351.95 355.22 0.0009673
night_stand 0 0 -10 263.12 2.91 460.62 141.66 0.0009637
table 0 0 -10 580.70 322.85 590.02 356.43 0.0009458
table 0 0 -10 6.02 377.32 119.37 441.00 0.0009450
bookshelf 0 0 -10 147.16 288.19 541.92 439.21 0.0009206
chair 0 0 -10 12.60 91.17 203.96 433.33 0.0008852
dresser 0 0 -10 145.21 289.90 548.31 440.47 0.0008742
bed 0 0 -10 148.95 256.75 576.61 435.55 0.0008665
table 0 0 -10 568.17 267.59 589.03 387.19 0.0008559
chair 0 0 -10 0.00 291.99 44.82 438.90 0.0008265
chair 0 0 -10 0.00 359.80 35.15 441.00 0.0008232
bookshelf 0 0 -10 256.28 2.32 469.04 159.01 0.0008196
table 0 0 -10 547.51 267.26 587.64 334.71 0.0007892
bed 0 0 -10 182.58 280.04 373.57 433.59 0.0007703
table 0 0 -10 170.84 277.45 285.72 300.44 0.0007155
chair 0 0 -10 13.29 408.76 96.78 439.95 0.0007150
chair 0 0 -10 90.46 378.11 323.74 441.00 0.0007095
chair 0 0 -10 533.44 303.60 591.00 435.03 0.0007058
table 0 0 -10 135.07 297.84 249.78 441.00 0.0006970
chair 0 0 -10 70.71 242.27 198.44 394.73 0.0006753
table 0 0 -10 229.00 284.37 372.08 304.40 0.0006412
desk 0 0 -10 12.01 305.86 173.49 434.63 0.0006406
chair 0 0 -10 110.42 288.05 199.30 416.39 0.0006372
bathtub 0 0 -10 165.69 282.82 402.31 426.22 0.0006356
chair 0 0 -10 356.10 283.72 558.36 395.08 0.0006318
chair 0 0 -10 284.49 268.60 327.19 349.47 0.0006037
table 0 0 -10 157.96 234.62 386.36 359.95 0.0006015
table 0 0 -10 346.24 273.75 513.85 321.64 0.0005936
