bed 0 0 -10 186.73 111.34 567.24 437.36 0.9959121
night_stand 0 0 -10 323.58 165.38 437.42 234.17 0.8657200
table 0 0 -10 0.00 166.31 62.86 439.77 0.6495523
chair 0 0 -10 1.07 118.23 61.47 234.44 0.5663295
night_stand 0 0 -10 328.18 161.45 426.52 189.90 0.5449725
table 0 0 -10 132.61 157.65 173.09 217.54 0.4333043
chair 0 0 -10 0.00 115.41 68.08 381.38 0.3372658
sofa 0 0 -10 181.58 132.08 306.05 198.50 0.2353916
sofa 0 0 -10 182.60 135.79 260.92 229.35 0.1580743
table 0 0 -10 188.57 169.64 273.51 240.10 0.1468657
table 0 0 -10 129.13 157.27 210.28 217.69 0.1060808
table 0 0 -10 0.00 138.90 59.87 230.90 0.0875932
chair 0 0 -10 28.06 113.15 60.48 228.63 0.0859115
desk 0 0 -10 0.45 153.28 61.77 441.00 0.0763040
table 0 0 -10 177.12 139.57 241.02 192.11 0.0585412
table 0 0 -10 328.62 161.83 432.01 234.77 0.0398011
sofa 0 0 -10 177.20 125.35 308.78 257.47 0.0388159
sofa 0 0 -10 198.54 131.82 267.80 184.54 0.0377280
table 0 0 -10 332.38 161.90 427.08 188.96 0.0345122
sofa 0 0 -10 187.04 176.39 560.32 435.11 0.0320806
table 0 0 -10 194.91 169.42 321.67 256.90 0.0215887
night_stand 0 0 -10 223.47 170.14 429.29 251.13 0.0211508
chair 0 0 -10 2.24 117.69 60.08 178.07 0.0195402
desk 0 0 -10 0.00 138.09 59.65 231.44 0.0193595
chair 0 0 -10 181.81 131.70 253.74 205.63 0.0174421
night_stand 0 0 -10 185.30 161.31 243.07 243.22 0.0162914
chair 0 0 -10 27.28 107.96 86.51 271.38 0.0156789
night_stand 0 0 -10 329.39 152.52 433.77 207.66 0.0155059
chair 0 0 -10 171.57 129.67 306.46 237.44 0.0152663
table 0 0 -10 180.82 150.63 243.49 229.14 0.0141242
dresser 0 0 -10 0.00 141.81 57.66 441.00 0.0138939
chair 0 0 -10 181.84 157.67 273.74 241.32 0.0136375
table 0 0 -10 223.40 169.19 442.20 246.87 0.0123330
night_stand 0 0 -10 338.62 176.17 426.01 189.78 0.0122168
chair 0 0 -10 8.73 108.97 82.00 207.71 0.0121729
sofa 0 0 -10 194.35 152.11 303.60 189.52 0.0120384
chair 0 0 -10 34.46 123.27 47.87 205.60 0.0115091
table 0 0 -10 107.68 150.78 168.18 232.12 0.0115004
table 0 0 -10 186.41 181.21 240.33 236.95 0.0113689
bed 0 0 -10 193.71 151.43 414.38 265.50 0.0111947
sofa 0 0 -10 177.09 139.15 245.83 197.21 0.0102847
table 0 0 -10 80.92 158.78 182.63 217.00 0.0101454
chair 0 0 -10 359.15 270.13 513.40 441.00 0.0099833
bed 0 0 -10 0.00 127.98 58.89 441.00 0.0092587
sofa 0 0 -10 140.96 109.52 317.13 215.72 0.0077432
night_stand 0 0 -10 363.77 165.15 462.49 248.83 0.0077293
table 0 0 -10 0.97 186.47 94.35 365.48 0.0075777
night_stand 0 0 -10 343.34 163.49 423.52 179.53 0.0068768
table 0 0 -10 125.25 138.24 243.44 210.10 0.0066301
table 0 0 -10 183.24 179.92 235.01 281.71 0.0065709
table 0 0 -10 186.34 182.78 559.33 438.72 0.0063742
table 0 0 -10 183.63 187.72 216.35 243.72 0.0062882
night_stand 0 0 -10 192.78 173.20 320.65 254.55 0.0057636
sofa 0 0 -10 182.74 177.52 271.24 239.42 0.0055934
sofa 0 0 -10 0.58 124.54 60.41 246.57 0.0053352
table 0 0 -10 0.00 144.56 67.63 319.88 0.0048941
table 0 0 -10 0.00 111.18 40.97 263.39 0.0048609
sofa 0 0 -10 196.41 130.95 374.13 187.62 0.0048503
table 0 0 -10 0.00 132.72 25.58 247.25 0.0048265
table 0 0 -10 179.79 172.80 203.69 194.06 0.0047715
table 0 0 -10 228.33 160.05 323.93 187.04 0.0044678
table 0 0 -10 186.81 192.01 212.35 278.59 0.0043910
chair 0 0 -10 0.00 135.96 110.40 438.13 0.0042641
chair 0 0 -10 4.22 115.61 113.78 238.47 0.0042626
chair 0 0 -10 127.57 104.18 176.93 216.83 0.0041819
table 0 0 -10 188.56 148.19 231.94 178.64 0.0041765
chair 0 0 -10 202.51 189.76 513.94 437.32 0.0041554
chair 0 0 -10 129.04 153.75 170.98 219.64 0.0041509
chair 0 0 -10 27.24 117.18 58.56 167.73 0.0039801
table 0 0 -10 202.18 156.14 238.68 179.24 0.0033203
table 0 0 -10 248.07 156.95 340.38 261.61 0.0032348
table 0 0 -10 158.44 141.65 310.69 234.54 0.0030610
sofa 0 0 -10 131.08 129.71 256.81 200.99 0.0030508
table 0 0 -10 186.13 134.48 263.34 179.82 0.0029151
table 0 0 -10 3.80 140.42 25.11 326.81 0.0028927
chair 0 0 -10 0.00 110.97 43.49 307.47 0.0028864
table 0 0 -10 172.33 157.54 218.51 207.57 0.0028305
bed 0 0 -10 201.32 239.98 415.92 437.90 0.0027973
chair 0 0 -10 201.93 131.78 261.07 182.95 0.0027200
table 0 0 -10 126.64 174.96 187.15 221.81 0.0027166
sofa 0 0 -10 171.13 140.75 433.60 233.84 0.0025592
night_stand 0 0 -10 184.15 189.36 212.19 243.77 0.0024663
sofa 0 0 -10 233.80 137.97 308.60 180.45 0.0023828
bed 0 0 -10 177.94 129.63 314.66 236.01 0.0023031
desk 0 0 -10 181.75 179.52 562.78 432.66 0.0022071
table 0 0 -10 289.57 167.77 380.85 252.04 0.0022012
chair 0 0 -10 190.66 165.45 339.34 260.14 0.0021763
dresser 0 0 -10 330.80 159.57 430.75 265.79 0.0021305
bed 0 0 -10 182.24 135.81 318.40 188.58 0.0019818
desk 0 0 -10 131.11 159.27 172.63 221.08 0.0019265
night_stand 0 0 -10 132.91 156.73 173.37 222.50 0.0018758
bed 0 0 -10 305.99 72.87 577.92 326.23 0.0018266
sofa 0 0 -10 188.31 167.70 356.43 261.97 0.0018234
table 0 0 -10 3.12 140.04 119.88 436.53 0.0018195
table 0 0 -10 188.36 160.91 249.61 205.33 0.0017687
bed 0 0 -10 178.38 164.46 278.36 241.32 0.0016248
table 0 0 -10 127.07 119.10 177.01 216.95 0.0016197
night_stand 0 0 -10 182.81 183.56 235.40 284.63 0.0016045
table 0 0 -10 3.86 136.48 16.57 204.01 0.0015990
dresser 0 0 -10 181.04 153.46 554.62 438.25 0.0015227
