table 0 0 -10 0.00 13.99 114.47 295.52 0.1128924
desk 0 0 -10 0.00 10.10 115.15 297.44 0.1052974
dresser 0 0 -10 0.00 0.00 104.95 441.00 0.0103561
table 0 0 -10 126.89 167.24 224.28 263.92 0.0088004
table 0 0 -10 1.09 0.00 76.13 441.00 0.0049401
table 0 0 -10 432.94 0.83 589.82 319.64 0.0039685
bathtub 0 0 -10 0.00 0.00 117.30 298.58 0.0028839
bookshelf 0 0 -10 0.12 0.00 102.38 441.00 0.0021460
table 0 0 -10 338.52 0.00 580.08 390.47 0.0021360
table 0 0 -10 14.86 0.95 239.01 301.67 0.0021321
desk 0 0 -10 0.82 0.00 76.03 434.24 0.0018559
chair 0 0 -10 0.00 48.62 88.65 434.51 0.0016477
table 0 0 -10 0.00 1.70 115.60 145.54 0.0015018
dresser 0 0 -10 436.09 0.00 591.00 353.49 0.0013578
table 0 0 -10 97.58 0.00 584.42 405.18 0.0013015
table 0 0 -10 107.72 58.48 235.00 266.50 0.0012228
dresser 0 0 -10 5.98 1.77 121.59 219.60 0.0011744
chair 0 0 -10 25.44 0.00 121.09 195.18 0.0011595
desk 0 0 -10 431.69 0.00 591.00 359.00 0.0010477
chair 0 0 -10 540.29 200.42 591.00 405.98 0.0009449
table 0 0 -10 542.07 196.35 589.64 406.01 0.0009186
bathtub 0 0 -10 1.32 41.75 85.55 433.07 0.0008951
bathtub 0 0 -10 435.75 2.65 591.00 337.75 0.0008738
bed 0 0 -10 0.00 0.00 88.31 441.00 0.0008208
bed 0 0 -10 328.54 0.00 586.28 390.15 0.0007798
desk 0 0 -10 13.33 0.00 249.68 310.81 0.0007751
table 0 0 -10 4.73 147.65 53.34 433.96 0.0006884
sofa 0 0 -10 2.39 17.11 84.64 436.31 0.0005283
table 0 0 -10 411.75 64.59 588.39 171.28 0.0005082
chair 0 0 -10 3.78 136.81 56.27 428.53 0.0005008
desk 0 0 -10 116.57 0.00 577.94 373.88 0.0004880
bathtub 0 0 -10 540.59 194.18 591.00 422.81 0.0004740
table 0 0 -10 561.31 274.50 589.80 402.98 0.0004111
table 0 0 -10 11.89 17.77 319.36 441.00 0.0004103
bed 0 0 -10 5.24 0.00 121.77 225.98 0.0004023
table 0 0 -10 242.73 2.46 458.64 54.11 0.0003919
chair 0 0 -10 454.13 9.22 591.00 307.21 0.0003694
dresser 0 0 -10 0.00 52.88 57.92 439.24 0.0003609
chair 0 0 -10 28.76 0.00 194.43 272.95 0.0003515
table 0 0 -10 561.80 208.57 590.26 345.21 0.0003391
chair 0 0 -10 332.80 4.46 583.80 383.71 0.0003344
sofa 0 0 -10 336.51 6.17 582.15 385.23 0.0003304
table 0 0 -10 0.06 134.64 125.18 441.00 0.0003156
table 0 0 -10 106.66 134.84 293.09 289.61 0.0002957
bathtub 0 0 -10 93.04 113.82 591.00 429.34 0.0002935
bookshelf 0 0 -10 441.01 0.00 588.18 357.72 0.0002867
bed 0 0 -10 442.14 0.00 591.00 334.34 0.0002867
bathtub 0 0 -10 141.03 1.94 591.00 289.35 0.0002818
table 0 0 -10 572.00 294.39 590.27 388.78 0.0002760
chair 0 0 -10 10.48 2.65 130.35 328.31 0.0002720
chair 0 0 -10 560.15 287.46 590.89 348.63 0.0002611
table 0 0 -10 69.86 5.12 420.10 279.03 0.0002527
table 0 0 -10 442.22 0.00 583.52 150.13 0.0002513
chair 0 0 -10 528.63 18.20 590.01 345.16 0.0002458
table 0 0 -10 28.92 0.00 176.06 182.85 0.0002405
toilet 0 0 -10 0.00 35.56 82.83 441.00 0.0002387
table 0 0 -10 559.79 290.00 589.49 347.18 0.0002359
bed 0 0 -10 94.49 99.45 591.00 430.09 0.0002324
bathtub 0 0 -10 440.62 103.42 591.00 177.76 0.0002266
desk 0 0 -10 2.09 35.95 42.18 432.66 0.0002235
table 0 0 -10 574.13 210.14 590.54 417.35 0.0002138
bathtub 0 0 -10 4.75 0.00 205.67 250.90 0.0002033
bathtub 0 0 -10 412.60 65.64 591.00 159.24 0.0002014
bookshelf 0 0 -10 9.41 0.00 120.95 224.67 0.0001966
chair 0 0 -10 555.77 248.67 590.31 356.99 0.0001861
chair 0 0 -10 146.85 0.00 565.29 324.07 0.0001807
table 0 0 -10 136.32 200.17 208.90 257.92 0.0001764
toilet 0 0 -10 541.33 202.36 591.00 419.20 0.0001723
bed 0 0 -10 542.34 201.17 591.00 404.62 0.0001716
chair 0 0 -10 0.05 13.24 82.82 259.51 0.0001674
table 0 0 -10 569.66 269.80 590.35 353.53 0.0001674
table 0 0 -10 580.22 252.67 590.58 402.92 0.0001673
bathtub 0 0 -10 7.07 35.87 334.50 438.15 0.0001665
dresser 0 0 -10 557.74 202.40 589.28 379.85 0.0001662
table 0 0 -10 0.08 248.52 95.67 441.00 0.0001641
table 0 0 -10 561.78 314.76 589.42 375.16 0.0001606
chair 0 0 -10 488.30 266.98 588.02 440.81 0.0001580
table 0 0 -10 548.99 252.24 588.02 356.26 0.0001578
bathtub 0 0 -10 562.29 206.36 591.00 340.70 0.0001573
chair 0 0 -10 69.06 0.00 371.97 360.82 0.0001553
dresser 0 0 -10 281.57 0.00 578.59 373.58 0.0001546
bathtub 0 0 -10 46.36 316.15 326.25 441.00 0.0001523
sofa 0 0 -10 105.66 100.26 591.00 429.40 0.0001453
table 0 0 -10 421.33 129.35 575.48 407.03 0.0001414
table 0 0 -10 352.92 125.69 545.46 368.64 0.0001353
sofa 0 0 -10 541.97 272.07 590.54 434.62 0.0001344
table 0 0 -10 50.14 0.00 294.89 149.46 0.0001341
bathtub 0 0 -10 262.54 110.20 521.61 356.08 0.0001294
desk 0 0 -10 4.29 17.59 331.33 441.00 0.0001291
table 0 0 -10 0.00 4.85 52.37 203.87 0.0001249
table 0 0 -10 1.68 91.00 28.95 434.32 0.0001240
toilet 0 0 -10 105.30 136.37 312.89 298.77 0.0001232
table 0 0 -10 569.92 315.54 589.87 349.01 0.0001224
bookshelf 0 0 -10 9.29 72.22 58.03 426.46 0.0001209
chair 0 0 -10 71.78 3.44 254.10 201.62 0.0001194
bathtub 0 0 -10 366.89 128.44 556.87 383.93 0.0001176
sofa 0 0 -10 9.10 82.10 57.49 425.95 0.0001171
bathtub 0 0 -10 555.44 262.81 591.00 383.47 0.0001147
chair 0 0 -10 42.60 0.00 309.62 104.01 0.0001147
chair 0 0 -10 418.88 1.40 469.17 47.66 0.0001112
