sofa 0 0 -10 391.02 293.68 591.00 441.00 0.7584849
table 0 0 -10 73.27 130.37 348.87 441.00 0.3017979
chair 0 0 -10 386.99 291.02 591.00 441.00 0.2927588
chair 0 0 -10 166.97 330.28 371.23 441.00 0.1720760
bed 0 0 -10 400.81 288.95 591.00 441.00 0.1065093
chair 0 0 -10 84.48 84.84 364.16 423.76 0.1058673
table 0 0 -10 74.70 325.25 346.66 441.00 0.0534664
chair 0 0 -10 116.93 288.58 455.59 441.00 0.0422181
chair 0 0 -10 148.22 198.59 380.67 440.85 0.0212114
table 0 0 -10 59.51 316.80 188.86 441.00 0.0208857
table 0 0 -10 454.43 295.84 587.77 440.36 0.0204210
table 0 0 -10 85.23 91.75 320.38 303.04 0.0190591
table 0 0 -10 190.13 309.57 369.59 441.00 0.0138949
table 0 0 -10 111.69 282.21 459.57 440.14 0.0103613
toilet 0 0 -10 67.06 107.14 337.29 441.00 0.0097090
desk 0 0 -10 62.94 147.59 373.17 441.00 0.0076409
table 0 0 -10 1.20 411.64 75.40 440.46 0.0075757
dresser 0 0 -10 389.19 273.98 590.63 433.86 0.0069729
table 0 0 -10 466.01 377.37 585.59 441.00 0.0053762
table 0 0 -10 4.75 438.05 71.56 440.91 0.0051434
table 0 0 -10 6.55 419.50 79.57 434.60 0.0049978
table 0 0 -10 45.04 57.55 470.14 416.75 0.0047781
desk 0 0 -10 98.69 276.06 480.48 441.00 0.0043822
sofa 0 0 -10 437.12 371.12 589.17 439.88 0.0043728
sofa 0 0 -10 110.48 284.53 474.06 440.79 0.0038687
night_stand 0 0 -10 395.33 286.67 591.00 439.43 0.0038275
table 0 0 -10 26.42 340.76 144.59 441.00 0.0036959
desk 0 0 -10 389.73 277.96 591.00 438.63 0.0035586
table 0 0 -10 386.58 350.50 584.81 440.87 0.0033675
table 0 0 -10 7.45 381.79 93.83 441.00 0.0033623
table 0 0 -10 3.06 427.05 82.48 440.76 0.0027374
chair 0 0 -10 204.20 253.49 560.62 441.00 0.0025927
sofa 0 0 -10 191.07 312.96 372.44 441.00 0.0025245
chair 0 0 -10 51.56 266.19 331.12 435.22 0.0019442
bookshelf 0 0 -10 404.70 292.87 583.45 433.29 0.0018518
table 0 0 -10 288.32 276.25 568.55 441.00 0.0017996
night_stand 0 0 -10 98.91 326.86 373.53 441.00 0.0017836
desk 0 0 -10 192.56 307.14 371.45 441.00 0.0017744
toilet 0 0 -10 95.99 326.82 370.57 441.00 0.0016905
chair 0 0 -10 66.62 347.01 291.99 441.00 0.0015763
chair 0 0 -10 55.20 321.57 196.97 441.00 0.0014859
bathtub 0 0 -10 51.41 110.99 348.15 433.08 0.0013594
bed 0 0 -10 105.45 277.85 467.55 441.00 0.0013420
toilet 0 0 -10 45.17 307.73 200.44 441.00 0.0013136
table 0 0 -10 259.91 312.72 409.71 441.00 0.0012764
bathtub 0 0 -10 44.13 310.24 368.43 439.42 0.0011101
table 0 0 -10 8.65 433.66 86.72 440.75 0.0010511
table 0 0 -10 58.03 384.18 198.24 440.30 0.0010279
bathtub 0 0 -10 389.86 266.76 591.00 433.67 0.0010115
toilet 0 0 -10 401.43 293.88 579.87 434.98 0.0009958
bed 0 0 -10 454.35 375.46 590.31 441.00 0.0009941
night_stand 0 0 -10 73.31 100.30 369.72 434.41 0.0009708
bathtub 0 0 -10 45.04 309.24 202.72 439.32 0.0009651
table 0 0 -10 30.54 410.78 148.69 440.70 0.0009057
dresser 0 0 -10 76.03 154.42 422.60 441.00 0.0008778
desk 0 0 -10 73.38 335.86 380.13 437.25 0.0008301
chair 0 0 -10 15.04 346.53 148.35 441.00 0.0008123
bookshelf 0 0 -10 86.09 53.44 354.70 441.00 0.0007977
bed 0 0 -10 320.00 154.83 589.74 438.49 0.0007479
chair 0 0 -10 501.45 295.21 591.00 433.21 0.0007430
table 0 0 -10 530.12 294.20 589.13 437.40 0.0007370
table 0 0 -10 9.45 417.43 116.51 439.78 0.0007205
table 0 0 -10 29.01 251.40 225.61 441.00 0.0007157
table 0 0 -10 30.22 400.47 87.34 439.94 0.0006538
bed 0 0 -10 79.81 102.73 363.47 441.00 0.0006375
dresser 0 0 -10 110.05 283.92 465.15 438.99 0.0006323
bed 0 0 -10 440.27 110.60 591.00 424.93 0.0006273
chair 0 0 -10 441.86 370.77 587.54 440.07 0.0006254
table 0 0 -10 309.49 316.89 492.14 441.00 0.0005975
table 0 0 -10 528.72 388.30 588.33 439.62 0.0005881
chair 0 0 -10 58.62 387.21 209.94 440.22 0.0005531
bed 0 0 -10 446.57 253.54 591.00 392.28 0.0005530
sofa 0 0 -10 328.78 174.43 591.00 439.86 0.0005483
table 0 0 -10 7.23 385.62 104.47 416.29 0.0005341
table 0 0 -10 388.40 393.18 444.57 440.39 0.0005215
sofa 0 0 -10 78.66 148.59 424.96 437.34 0.0005209
bed 0 0 -10 191.60 311.46 371.53 441.00 0.0005137
table 0 0 -10 1.19 351.68 71.39 440.68 0.0004907
table 0 0 -10 9.70 427.96 158.72 441.00 0.0004893
chair 0 0 -10 251.43 311.42 430.42 441.00 0.0004843
table 0 0 -10 556.67 381.70 590.12 439.19 0.0004625
chair 0 0 -10 188.78 112.06 447.64 424.16 0.0004552
sofa 0 0 -10 51.21 335.42 379.12 441.00 0.0004548
chair 0 0 -10 3.60 371.80 105.91 441.00 0.0004462
chair 0 0 -10 7.98 278.35 164.07 438.55 0.0004303
bed 0 0 -10 477.79 304.70 590.18 428.10 0.0004234
table 0 0 -10 362.35 385.59 474.08 441.00 0.0004204
desk 0 0 -10 43.23 42.41 491.36 425.60 0.0003969
chair 0 0 -10 1.24 409.85 101.41 441.00 0.0003964
table 0 0 -10 289.11 403.81 503.95 440.61 0.0003870
bookshelf 0 0 -10 199.96 298.32 371.71 440.36 0.0003534
dresser 0 0 -10 196.89 311.77 372.76 441.00 0.0003502
table 0 0 -10 57.57 397.25 319.44 437.41 0.0003470
table 0 0 -10 29.18 423.25 75.60 440.03 0.0003412
table 0 0 -10 491.60 331.99 588.08 417.87 0.0003381
table 0 0 -10 31.31 83.03 232.88 281.43 0.0003255
table 0 0 -10 20.90 17.72 382.26 290.70 0.0003150
chair 0 0 -10 476.95 231.11 589.42 417.84 0.0003054
desk 0 0 -10 66.74 314.34 229.38 441.00 0.0002999
desk 0 0 -10 484.52 306.23 588.89 427.67 0.0002987
