table 0 0 -10 121.14 132.20 403.69 415.64 0.9768752
chair 0 0 -10 0.03 233.71 73.89 435.81 0.6695028
chair 0 0 -10 4.94 234.28 250.08 439.19 0.4950287
chair 0 0 -10 10.81 278.59 151.41 441.00 0.1847777
chair 0 0 -10 0.29 238.97 42.53 413.35 0.1009687
desk 0 0 -10 95.73 138.80 413.46 433.53 0.0886782
table 0 0 -10 0.76 294.40 69.57 441.00 0.0747622
chair 0 0 -10 559.69 323.73 591.00 439.61 0.0664929
table 0 0 -10 0.00 303.83 32.42 441.00 0.0568930
chair 0 0 -10 554.74 220.73 589.82 436.94 0.0495242
chair 0 0 -10 135.64 120.33 378.58 405.93 0.0444949
chair 0 0 -10 447.67 324.06 586.38 441.00 0.0424470
chair 0 0 -10 93.98 203.33 308.94 426.16 0.0400823
chair 0 0 -10 0.67 173.88 53.70 383.27 0.0372203
chair 0 0 -10 3.09 230.12 93.83 357.08 0.0360621
table 0 0 -10 9.92 220.40 357.07 439.75 0.0346578
table 0 0 -10 7.50 299.53 148.53 441.00 0.0321783
chair 0 0 -10 518.29 313.54 589.12 440.77 0.0229573
chair 0 0 -10 2.09 97.77 87.59 441.00 0.0172600
table 0 0 -10 210.38 116.07 366.22 165.06 0.0163109
chair 0 0 -10 497.15 244.28 587.24 434.15 0.0132232
table 0 0 -10 120.85 118.65 403.17 262.22 0.0119663
chair 0 0 -10 2.32 222.52 37.31 343.57 0.0113009
desk 0 0 -10 0.73 290.84 68.48 441.00 0.0104249
desk 0 0 -10 12.80 221.86 359.17 441.00 0.0103813
chair 0 0 -10 532.58 157.26 590.06 430.90 0.0088705
table 0 0 -10 109.45 45.69 410.29 322.01 0.0079284
table 0 0 -10 277.36 107.01 358.76 160.04 0.0077260
table 0 0 -10 28.29 309.45 258.46 440.96 0.0074407
sofa 0 0 -10 0.46 238.12 29.84 425.64 0.0071977
chair 0 0 -10 287.87 173.89 587.85 439.77 0.0070740
table 0 0 -10 1.30 243.99 38.91 422.44 0.0055716
desk 0 0 -10 7.12 296.04 147.75 441.00 0.0055250
chair 0 0 -10 0.96 262.25 65.43 364.30 0.0053166
table 0 0 -10 560.83 225.29 589.89 441.00 0.0052938
table 0 0 -10 175.99 119.81 387.60 199.21 0.0047248
desk 0 0 -10 0.00 245.31 37.43 441.00 0.0046642
table 0 0 -10 0.49 337.76 55.29 403.09 0.0042424
chair 0 0 -10 335.78 278.01 581.32 440.54 0.0041494
sofa 0 0 -10 1.13 215.09 58.83 441.00 0.0040970
chair 0 0 -10 0.00 190.23 153.65 388.84 0.0039892
chair 0 0 -10 183.94 78.50 357.06 322.54 0.0034216
chair 0 0 -10 5.86 180.38 24.77 441.00 0.0031742
bed 0 0 -10 15.03 290.52 259.90 441.00 0.0029320
chair 0 0 -10 211.91 202.59 391.97 428.61 0.0027509
table 0 0 -10 1.53 234.92 106.24 433.30 0.0024287
chair 0 0 -10 2.33 103.65 33.42 376.21 0.0023505
table 0 0 -10 560.45 332.89 589.53 440.62 0.0021865
chair 0 0 -10 269.89 18.73 361.20 204.70 0.0021402
sofa 0 0 -10 6.37 176.73 23.52 441.00 0.0019341
dresser 0 0 -10 0.45 235.45 56.99 435.77 0.0018204
table 0 0 -10 0.00 322.55 17.59 441.00 0.0016986
chair 0 0 -10 302.47 105.27 362.54 165.02 0.0016692
chair 0 0 -10 407.21 372.69 587.88 438.48 0.0016404
sofa 0 0 -10 3.44 235.03 10.84 438.34 0.0016133
chair 0 0 -10 289.22 7.57 340.38 167.96 0.0015933
night_stand 0 0 -10 107.77 127.92 412.16 422.80 0.0015132
sofa 0 0 -10 0.00 237.85 344.43 441.00 0.0014954
bed 0 0 -10 122.99 123.21 408.76 425.83 0.0014236
chair 0 0 -10 2.68 189.91 89.11 311.39 0.0014040
sofa 0 0 -10 5.20 209.48 16.74 440.53 0.0013902
chair 0 0 -10 0.53 306.91 48.24 441.00 0.0013661
chair 0 0 -10 3.61 225.93 7.96 400.44 0.0013445
chair 0 0 -10 0.65 249.31 19.31 428.23 0.0013373
table 0 0 -10 3.42 262.33 11.64 441.00 0.0013207
sofa 0 0 -10 3.76 226.83 7.74 398.99 0.0013089
desk 0 0 -10 17.18 301.49 265.17 441.00 0.0012652
table 0 0 -10 1.59 307.44 7.31 441.00 0.0012205
table 0 0 -10 0.00 121.38 58.07 433.61 0.0011788
chair 0 0 -10 0.00 245.71 179.66 346.27 0.0011752
chair 0 0 -10 431.32 201.28 591.00 433.85 0.0011356
table 0 0 -10 0.00 339.51 12.04 386.49 0.0011299
sofa 0 0 -10 560.20 220.45 590.56 441.00 0.0011121
chair 0 0 -10 251.67 133.95 466.07 409.88 0.0009571
table 0 0 -10 0.06 155.72 51.13 304.84 0.0009547
bed 0 0 -10 560.08 258.68 589.22 440.01 0.0009529
dresser 0 0 -10 109.58 129.36 410.55 429.84 0.0009389
table 0 0 -10 0.01 317.98 29.27 392.91 0.0009169
chair 0 0 -10 1.56 203.18 50.65 285.96 0.0009040
sofa 0 0 -10 0.42 238.57 40.09 346.39 0.0009005
chair 0 0 -10 18.95 362.51 165.32 441.00 0.0008903
sofa 0 0 -10 76.93 125.52 399.33 419.79 0.0008870
bookshelf 0 0 -10 2.81 215.84 45.99 422.07 0.0008350
chair 0 0 -10 302.93 112.72 492.16 338.56 0.0008168
night_stand 0 0 -10 30.26 327.45 162.76 441.00 0.0008139
table 0 0 -10 28.58 359.11 188.44 441.00 0.0008131
chair 0 0 -10 284.10 23.01 409.24 249.01 0.0008086
chair 0 0 -10 0.65 302.60 39.17 390.85 0.0007921
toilet 0 0 -10 560.40 263.85 589.49 434.07 0.0007901
chair 0 0 -10 1.24 33.69 217.06 411.58 0.0007519
chair 0 0 -10 573.16 225.66 590.84 439.69 0.0007513
bathtub 0 0 -10 561.42 262.73 589.09 424.81 0.0007445
chair 0 0 -10 266.14 108.53 352.48 169.95 0.0007386
table 0 0 -10 538.20 274.49 588.44 438.04 0.0007200
chair 0 0 -10 3.11 233.27 11.17 435.33 0.0007101
bathtub 0 0 -10 558.69 151.74 591.00 436.55 0.0007087
bed 0 0 -10 2.31 226.04 47.67 429.70 0.0006960
chair 0 0 -10 0.34 222.40 9.10 381.07 0.0006931
table 0 0 -10 0.70 242.26 20.41 441.00 0.0006825
night_stand 0 0 -10 0.00 210.19 58.75 433.75 0.0006805
