bed 0 0 -10 0.00 317.40 366.54 441.00 0.9393611
night_stand 0 0 -10 67.25 291.80 231.32 385.20 0.8662539
dresser 0 0 -10 1.67 125.16 60.45 351.17 0.1852053
table 0 0 -10 67.56 288.54 227.89 380.74 0.1499013
sofa 0 0 -10 0.00 328.98 360.61 440.19 0.1479990
bed 0 0 -10 0.12 170.77 372.28 438.45 0.1062751
bed 0 0 -10 11.11 292.02 253.56 415.13 0.0712197
table 0 0 -10 0.30 131.02 64.65 354.47 0.0369644
bed 0 0 -10 3.27 395.45 369.22 439.31 0.0317883
night_stand 0 0 -10 63.88 293.90 199.65 343.68 0.0239544
desk 0 0 -10 71.37 286.69 230.80 377.05 0.0192368
sofa 0 0 -10 27.23 265.34 437.02 441.00 0.0176462
bookshelf 0 0 -10 2.08 126.11 60.16 356.34 0.0171640
bed 0 0 -10 93.74 342.91 456.24 436.97 0.0167098
dresser 0 0 -10 66.02 286.56 232.50 380.59 0.0147566
table 0 0 -10 35.70 283.39 302.22 427.30 0.0143004
night_stand 0 0 -10 64.09 296.63 130.06 337.01 0.0137356
sofa 0 0 -10 12.88 295.47 252.38 415.83 0.0134382
table 0 0 -10 13.77 344.79 376.07 441.00 0.0121856
night_stand 0 0 -10 2.35 128.56 60.96 341.07 0.0121561
night_stand 0 0 -10 27.80 286.26 301.80 426.79 0.0111021
bed 0 0 -10 0.00 118.20 69.23 394.18 0.0105418
bookshelf 0 0 -10 255.51 35.94 476.37 255.30 0.0082284
bed 0 0 -10 328.60 409.97 591.00 440.18 0.0067675
bed 0 0 -10 70.10 285.72 231.99 384.75 0.0065558
chair 0 0 -10 18.85 293.25 192.13 388.16 0.0064760
table 0 0 -10 67.41 293.58 210.79 343.23 0.0063373
chair 0 0 -10 1.91 292.59 390.12 441.00 0.0060603
table 0 0 -10 325.21 410.27 582.51 439.88 0.0056989
sofa 0 0 -10 20.51 373.75 293.79 439.03 0.0055653
bed 0 0 -10 14.71 34.86 527.54 441.00 0.0053413
table 0 0 -10 253.52 47.10 472.43 244.79 0.0051843
desk 0 0 -10 0.00 124.92 67.43 356.17 0.0050283
dresser 0 0 -10 21.31 281.50 300.67 428.31 0.0049863
desk 0 0 -10 13.98 292.09 252.58 414.32 0.0047349
bed 0 0 -10 50.18 224.47 252.04 391.93 0.0041128
sofa 0 0 -10 329.77 409.54 587.99 440.40 0.0040690
table 0 0 -10 273.87 396.44 476.18 438.23 0.0037922
chair 0 0 -10 284.98 402.51 528.34 440.47 0.0037249
dresser 0 0 -10 0.00 137.35 111.96 362.35 0.0034225
bathtub 0 0 -10 2.20 133.39 60.47 350.14 0.0031907
table 0 0 -10 259.24 376.34 567.01 440.78 0.0031858
bed 0 0 -10 0.00 289.92 146.19 390.93 0.0030740
chair 0 0 -10 313.13 370.66 459.86 440.94 0.0028817
toilet 0 0 -10 1.13 135.47 60.41 359.43 0.0027921
table 0 0 -10 311.83 372.15 451.84 439.84 0.0026876
table 0 0 -10 319.95 398.45 390.52 436.86 0.0026617
bed 0 0 -10 0.40 316.22 165.76 431.20 0.0025608
dresser 0 0 -10 251.11 41.79 480.24 253.69 0.0024857
table 0 0 -10 64.45 296.87 126.38 336.69 0.0023774
chair 0 0 -10 0.00 95.81 63.68 367.08 0.0021592
bed 0 0 -10 128.33 297.17 591.00 440.55 0.0021298
desk 0 0 -10 3.21 273.75 374.16 439.78 0.0019745
table 0 0 -10 240.93 343.75 441.03 438.33 0.0019658
table 0 0 -10 259.28 374.11 403.52 437.66 0.0018950
table 0 0 -10 345.43 405.69 404.38 438.43 0.0017742
chair 0 0 -10 336.04 406.42 406.01 439.94 0.0016805
sofa 0 0 -10 2.71 407.90 374.34 440.97 0.0016679
table 0 0 -10 214.03 387.39 373.84 438.48 0.0016650
chair 0 0 -10 0.56 284.53 135.33 364.75 0.0016541
bed 0 0 -10 0.00 169.81 198.88 379.88 0.0015754
bookshelf 0 0 -10 15.74 291.02 244.52 411.14 0.0015189
sofa 0 0 -10 2.51 125.44 67.56 381.02 0.0014494
chair 0 0 -10 182.28 348.31 578.68 438.91 0.0014481
table 0 0 -10 28.04 284.87 196.51 358.86 0.0014407
bed 0 0 -10 1.37 302.85 64.17 431.24 0.0014352
desk 0 0 -10 244.62 41.42 483.79 243.80 0.0014084
chair 0 0 -10 66.42 290.81 203.71 352.43 0.0014001
night_stand 0 0 -10 23.05 286.71 167.51 360.33 0.0013652
dresser 0 0 -10 212.12 32.80 501.92 394.10 0.0013055
night_stand 0 0 -10 145.69 303.24 229.74 375.51 0.0012919
chair 0 0 -10 293.17 377.21 579.60 441.00 0.0011818
bookshelf 0 0 -10 214.89 19.95 499.19 390.96 0.0011711
sofa 0 0 -10 6.73 74.91 454.07 424.95 0.0011677
night_stand 0 0 -10 72.69 294.90 126.47 319.89 0.0011432
sofa 0 0 -10 50.98 287.58 218.94 370.41 0.0011403
table 0 0 -10 0.14 331.09 28.76 440.06 0.0011044
table 0 0 -10 153.24 327.82 570.77 438.99 0.0010059
table 0 0 -10 199.20 373.81 323.37 406.56 0.0009761
table 0 0 -10 0.41 407.70 370.27 440.59 0.0009435
bathtub 0 0 -10 6.97 296.46 244.93 417.28 0.0008904
night_stand 0 0 -10 87.65 322.94 250.54 400.52 0.0008820
bathtub 0 0 -10 327.84 409.11 591.00 439.76 0.0008477
table 0 0 -10 1.04 319.82 44.30 377.84 0.0007978
table 0 0 -10 82.71 318.79 251.48 398.79 0.0007941
table 0 0 -10 74.59 343.18 302.40 409.72 0.0007635
toilet 0 0 -10 21.34 282.34 311.10 428.90 0.0007560
bed 0 0 -10 251.30 30.40 477.37 260.16 0.0007517
chair 0 0 -10 89.78 297.98 233.83 393.63 0.0007441
bathtub 0 0 -10 0.00 267.88 374.95 435.44 0.0007368
table 0 0 -10 210.08 369.33 290.64 399.97 0.0007116
bookshelf 0 0 -10 3.07 314.83 364.99 438.08 0.0007110
desk 0 0 -10 61.72 293.21 214.15 343.87 0.0007016
sofa 0 0 -10 270.33 376.52 581.49 441.00 0.0006990
chair 0 0 -10 0.38 131.76 117.90 393.80 0.0006907
bed 0 0 -10 147.83 268.57 393.46 437.68 0.0006856
chair 0 0 -10 4.81 309.26 210.24 430.59 0.0006815
chair 0 0 -10 167.56 297.87 439.99 436.08 0.0006699
toilet 0 0 -10 35.50 290.49 212.43 385.62 0.0006697
bed 0 0 -10 275.79 396.79 492.55 439.18 0.0006398
