toilet 0 0 -10 36.78 0.00 276.18 419.81 0.9704186
bathtub 0 0 -10 417.82 133.79 588.32 441.00 0.8750492
bathtub 0 0 -10 314.44 53.13 591.00 427.05 0.1202289
chair 0 0 -10 13.34 0.00 279.05 422.86 0.0416873
toilet 0 0 -10 1.09 205.88 92.92 365.58 0.0403293
table 0 0 -10 415.03 138.72 591.00 441.00 0.0347857
bathtub 0 0 -10 502.13 133.98 591.00 435.14 0.0272270
bathtub 0 0 -10 347.65 63.85 475.44 432.09 0.0204798
bathtub 0 0 -10 25.89 29.30 350.58 403.06 0.0157222
toilet 0 0 -10 418.04 139.94 579.70 441.00 0.0150382
table 0 0 -10 1.64 160.03 95.03 426.64 0.0145587
chair 0 0 -10 3.11 139.74 102.65 424.82 0.0131301
bathtub 0 0 -10 562.89 126.18 591.00 430.86 0.0118107
table 0 0 -10 27.74 111.84 272.85 441.00 0.0108045
toilet 0 0 -10 15.92 6.33 171.47 395.63 0.0096028
toilet 0 0 -10 0.83 114.94 108.09 425.98 0.0092658
desk 0 0 -10 416.94 140.58 591.00 441.00 0.0068775
bathtub 0 0 -10 334.51 55.18 582.91 250.59 0.0058767
chair 0 0 -10 0.14 175.86 54.29 433.84 0.0057984
chair 0 0 -10 420.08 139.04 589.41 441.00 0.0054053
dresser 0 0 -10 28.83 5.55 280.72 418.04 0.0049355
bookshelf 0 0 -10 42.67 2.78 266.41 417.37 0.0043564
bathtub 0 0 -10 394.58 113.29 591.00 293.52 0.0043519
table 0 0 -10 0.73 194.79 51.28 440.24 0.0042359
toilet 0 0 -10 3.80 205.20 50.90 436.96 0.0037228
desk 0 0 -10 8.16 0.00 295.75 385.28 0.0037026
bathtub 0 0 -10 2.94 195.90 78.67 427.20 0.0036506
desk 0 0 -10 4.88 169.49 78.43 439.32 0.0034709
dresser 0 0 -10 4.34 166.06 74.90 434.05 0.0034329
dresser 0 0 -10 408.09 153.19 591.00 435.56 0.0029632
chair 0 0 -10 1.62 215.25 128.40 351.16 0.0027795
bathtub 0 0 -10 362.71 5.24 591.00 130.49 0.0024556
bathtub 0 0 -10 21.29 162.32 259.74 432.26 0.0022935
toilet 0 0 -10 173.44 99.12 579.71 441.00 0.0022920
dresser 0 0 -10 3.94 190.04 41.87 435.57 0.0022251
bathtub 0 0 -10 98.03 14.61 533.86 369.36 0.0020574
bathtub 0 0 -10 356.24 274.15 555.13 440.71 0.0020376
bed 0 0 -10 24.95 3.50 278.29 430.96 0.0018456
sofa 0 0 -10 29.72 1.19 275.54 424.31 0.0016426
table 0 0 -10 0.00 223.44 123.25 356.33 0.0016201
bathtub 0 0 -10 327.78 121.71 433.34 261.27 0.0015698
table 0 0 -10 1.03 265.89 37.60 415.16 0.0015602
bed 0 0 -10 420.47 130.88 589.86 441.00 0.0014848
night_stand 0 0 -10 25.75 11.20 287.22 415.55 0.0014217
chair 0 0 -10 0.00 52.07 73.14 386.16 0.0013391
bathtub 0 0 -10 1.32 255.23 42.49 380.33 0.0013233
bookshelf 0 0 -10 4.18 166.71 74.99 437.70 0.0012740
bathtub 0 0 -10 359.43 341.29 521.98 441.00 0.0012116
table 0 0 -10 17.94 0.03 298.21 351.65 0.0012092
toilet 0 0 -10 0.00 259.88 42.33 387.89 0.0011635
bathtub 0 0 -10 323.77 184.76 454.19 440.04 0.0011486
toilet 0 0 -10 11.30 220.59 305.97 441.00 0.0011368
desk 0 0 -10 2.07 184.54 43.55 439.32 0.0011227
bathtub 0 0 -10 373.52 111.21 424.93 378.15 0.0011081
bathtub 0 0 -10 203.77 9.82 591.00 214.29 0.0011066
bathtub 0 0 -10 356.54 242.03 430.65 436.33 0.0011026
bathtub 0 0 -10 521.50 122.47 591.00 323.80 0.0010397
bathtub 0 0 -10 17.14 0.00 289.14 264.23 0.0009602
bathtub 0 0 -10 339.58 292.34 460.47 438.94 0.0009363
bed 0 0 -10 3.49 163.38 78.76 441.00 0.0009138
night_stand 0 0 -10 4.42 186.60 78.48 426.14 0.0009040
chair 0 0 -10 0.00 0.00 143.39 408.39 0.0009031
chair 0 0 -10 2.54 99.70 32.91 421.81 0.0008805
toilet 0 0 -10 0.59 9.01 129.51 224.53 0.0008712
toilet 0 0 -10 506.24 132.00 588.45 434.90 0.0008161
bathtub 0 0 -10 414.90 118.56 490.48 392.21 0.0007934
toilet 0 0 -10 562.79 124.75 590.73 433.74 0.0007567
bathtub 0 0 -10 2.31 129.21 136.64 374.93 0.0007540
bathtub 0 0 -10 283.45 64.16 486.62 303.06 0.0007118
toilet 0 0 -10 75.58 0.00 510.73 399.29 0.0007005
bathtub 0 0 -10 89.03 212.02 575.70 441.00 0.0006684
bathtub 0 0 -10 560.29 124.07 591.00 270.32 0.0006671
bathtub 0 0 -10 3.66 231.11 129.14 340.88 0.0006085
bathtub 0 0 -10 400.51 258.88 473.12 438.58 0.0006028
chair 0 0 -10 0.74 262.97 38.85 411.88 0.0005576
chair 0 0 -10 5.10 10.92 41.57 375.07 0.0005562
bathtub 0 0 -10 350.12 84.96 404.63 354.18 0.0005425
bathtub 0 0 -10 336.98 104.10 376.58 404.31 0.0005331
bookshelf 0 0 -10 412.76 150.37 588.48 434.66 0.0005247
table 0 0 -10 0.87 292.62 33.38 373.39 0.0004978
bathtub 0 0 -10 227.22 120.77 536.16 372.34 0.0004800
table 0 0 -10 11.24 203.21 30.82 436.14 0.0004753
chair 0 0 -10 9.28 135.37 25.49 441.00 0.0004741
table 0 0 -10 185.45 85.75 580.34 441.00 0.0004725
bathtub 0 0 -10 204.85 333.45 511.49 440.80 0.0004691
night_stand 0 0 -10 1.70 250.00 45.35 424.91 0.0004528
table 0 0 -10 42.21 0.00 272.96 126.92 0.0004506
bathtub 0 0 -10 386.43 136.00 439.71 415.00 0.0004354
table 0 0 -10 515.36 136.12 588.04 415.27 0.0004341
bathtub 0 0 -10 282.98 70.43 411.27 406.51 0.0004151
table 0 0 -10 15.18 26.03 175.71 435.75 0.0004134
bathtub 0 0 -10 498.44 2.35 591.00 133.69 0.0004103
bathtub 0 0 -10 533.23 209.37 591.00 420.20 0.0004075
sofa 0 0 -10 7.93 161.78 77.56 431.60 0.0004036
bathtub 0 0 -10 18.98 20.90 172.86 357.22 0.0003978
table 0 0 -10 0.32 305.64 46.04 355.03 0.0003764
sofa 0 0 -10 422.77 143.38 587.33 441.00 0.0003750
chair 0 0 -10 93.57 203.69 553.31 439.20 0.0003738
toilet 0 0 -10 0.00 289.18 63.58 366.33 0.0003652
chair 0 0 -10 501.96 116.92 588.31 420.55 0.0003504
