chair 0 0 -10 7.14 326.96 97.10 438.71 0.0152179
table 0 0 -10 1.46 437.39 91.56 441.00 0.0113923
table 0 0 -10 2.48 428.52 94.55 441.00 0.0105874
table 0 0 -10 245.64 411.37 469.53 440.86 0.0078080
table 0 0 -10 3.99 435.14 125.74 440.91 0.0068534
table 0 0 -10 0.96 438.80 63.71 441.00 0.0065318
table 0 0 -10 4.39 419.87 140.96 441.00 0.0058609
table 0 0 -10 1.50 422.04 60.73 441.00 0.0040524
table 0 0 -10 27.46 418.67 83.82 441.00 0.0040351
bed 0 0 -10 255.63 412.48 550.03 440.39 0.0038317
table 0 0 -10 247.43 431.98 383.14 440.81 0.0036771
table 0 0 -10 1.71 439.18 116.97 441.00 0.0034415
chair 0 0 -10 19.16 323.78 228.47 441.00 0.0030531
table 0 0 -10 246.85 436.87 378.17 440.94 0.0027963
table 0 0 -10 233.85 429.12 479.62 441.00 0.0026962
table 0 0 -10 374.19 407.69 568.49 440.94 0.0024603
table 0 0 -10 8.36 343.34 86.79 441.00 0.0024503
bathtub 0 0 -10 0.00 427.41 169.08 441.00 0.0024042
bathtub 0 0 -10 0.15 427.41 65.70 441.00 0.0023333
table 0 0 -10 255.28 403.33 380.81 440.70 0.0022717
table 0 0 -10 0.00 429.27 223.88 441.00 0.0021590
table 0 0 -10 25.74 433.13 158.28 440.69 0.0020308
table 0 0 -10 146.32 427.73 410.49 441.00 0.0020231
table 0 0 -10 40.74 427.93 145.71 439.65 0.0020164
chair 0 0 -10 19.24 337.79 518.28 441.00 0.0019553
sofa 0 0 -10 255.36 412.22 550.17 440.33 0.0019318
chair 0 0 -10 271.52 341.33 557.52 439.07 0.0019130
bed 0 0 -10 241.77 345.34 576.46 437.91 0.0019111
bathtub 0 0 -10 1.09 415.42 179.97 441.00 0.0018038
table 0 0 -10 181.50 418.80 388.08 439.48 0.0017976
chair 0 0 -10 223.82 408.98 418.68 441.00 0.0017702
bathtub 0 0 -10 235.23 424.11 477.57 440.40 0.0015871
bathtub 0 0 -10 361.84 425.02 442.25 441.00 0.0015553
toilet 0 0 -10 8.85 341.84 88.66 441.00 0.0015467
table 0 0 -10 27.30 437.30 160.10 441.00 0.0015444
table 0 0 -10 262.64 422.23 372.97 437.74 0.0015213
chair 0 0 -10 269.46 398.66 507.68 440.53 0.0015170
bathtub 0 0 -10 52.35 323.90 188.06 438.86 0.0015120
chair 0 0 -10 0.00 293.52 139.40 433.89 0.0014851
bathtub 0 0 -10 9.37 342.92 89.69 440.81 0.0014174
bathtub 0 0 -10 0.50 421.25 92.87 440.87 0.0013757
table 0 0 -10 304.46 398.69 539.39 439.62 0.0013565
table 0 0 -10 57.28 421.44 100.85 441.00 0.0012929
table 0 0 -10 73.87 411.93 337.41 439.17 0.0011918
table 0 0 -10 0.83 435.74 49.37 441.00 0.0011570
table 0 0 -10 241.60 365.92 568.19 441.00 0.0011501
night_stand 0 0 -10 299.99 138.04 354.60 186.33 0.0011145
bathtub 0 0 -10 238.86 344.28 574.87 435.68 0.0011107
chair 0 0 -10 383.47 405.75 573.53 441.00 0.0010810
table 0 0 -10 56.24 417.00 216.16 440.92 0.0010162
table 0 0 -10 361.69 425.38 440.03 441.00 0.0010063
bed 0 0 -10 1.95 427.81 65.93 441.00 0.0010019
bathtub 0 0 -10 253.40 411.81 550.10 439.51 0.0009799
table 0 0 -10 347.96 428.28 591.00 441.00 0.0009716
table 0 0 -10 56.94 423.71 66.38 440.98 0.0009642
table 0 0 -10 49.88 321.52 181.68 441.00 0.0009502
night_stand 0 0 -10 12.17 428.55 101.27 440.76 0.0009454
bed 0 0 -10 237.32 424.03 480.04 440.76 0.0008772
bed 0 0 -10 35.24 332.46 534.76 441.00 0.0008201
bathtub 0 0 -10 399.80 400.01 576.41 439.62 0.0008074
bed 0 0 -10 3.10 427.87 168.21 441.00 0.0008022
chair 0 0 -10 139.31 407.61 367.53 441.00 0.0007717
table 0 0 -10 250.43 438.90 359.80 440.97 0.0007627
chair 0 0 -10 3.00 409.68 132.22 441.00 0.0007570
bathtub 0 0 -10 23.24 333.83 532.33 438.21 0.0007250
bed 0 0 -10 131.81 218.78 589.47 441.00 0.0007032
table 0 0 -10 344.11 359.49 453.84 439.26 0.0007026
bed 0 0 -10 378.13 408.24 573.40 441.00 0.0006919
chair 0 0 -10 366.09 404.59 419.55 441.00 0.0006734
toilet 0 0 -10 15.89 421.78 89.72 440.50 0.0006601
bathtub 0 0 -10 343.69 427.79 591.00 441.00 0.0006596
chair 0 0 -10 263.64 421.57 372.54 438.17 0.0006519
chair 0 0 -10 239.30 423.85 469.92 440.77 0.0006390
bathtub 0 0 -10 14.01 316.10 287.46 430.94 0.0006273
table 0 0 -10 414.63 434.42 552.24 440.97 0.0006089
table 0 0 -10 338.36 393.64 438.07 441.00 0.0005934
bed 0 0 -10 4.02 421.40 92.89 441.00 0.0005832
chair 0 0 -10 0.74 274.74 62.37 436.57 0.0005805
bathtub 0 0 -10 139.48 427.36 418.91 440.97 0.0005694
table 0 0 -10 3.88 293.80 138.04 440.46 0.0005666
bathtub 0 0 -10 233.82 402.61 438.53 439.15 0.0005582
bathtub 0 0 -10 389.42 326.72 584.18 437.67 0.0005484
bed 0 0 -10 239.91 403.55 439.04 440.11 0.0005416
chair 0 0 -10 338.59 393.49 444.47 441.00 0.0005317
table 0 0 -10 247.04 380.25 450.70 438.68 0.0005239
desk 0 0 -10 252.99 412.37 551.71 440.20 0.0005204
chair 0 0 -10 0.73 163.10 86.03 439.95 0.0005168
bathtub 0 0 -10 7.23 365.64 250.83 441.00 0.0005123
table 0 0 -10 86.17 374.30 454.02 441.00 0.0005120
chair 0 0 -10 2.18 420.24 91.63 441.00 0.0004897
table 0 0 -10 421.59 389.39 551.65 441.00 0.0004890
table 0 0 -10 171.75 432.76 285.60 440.99 0.0004882
sofa 0 0 -10 380.01 407.35 572.19 441.00 0.0004866
toilet 0 0 -10 0.00 427.23 64.89 441.00 0.0004848
chair 0 0 -10 85.18 305.48 154.82 438.08 0.0004805
bathtub 0 0 -10 27.82 381.92 186.68 438.59 0.0004802
chair 0 0 -10 390.54 403.87 437.61 441.00 0.0004788
chair 0 0 -10 167.99 378.78 580.67 441.00 0.0004721
table 0 0 -10 41.40 330.81 509.14 440.81 0.0004708
table 0 0 -10 160.19 394.81 268.32 441.00 0.0004695
