sofa 0 0 -10 156.14 222.46 588.26 440.63 0.9966545
table 0 0 -10 74.86 251.00 242.65 415.39 0.5056879
table 0 0 -10 9.93 290.30 135.31 439.48 0.1435665
night_stand 0 0 -10 8.41 283.98 129.56 437.64 0.1429237
dresser 0 0 -10 0.00 236.15 25.36 438.31 0.0758981
sofa 0 0 -10 133.55 219.81 384.52 438.90 0.0582354
desk 0 0 -10 75.16 244.00 242.26 424.57 0.0512610
night_stand 0 0 -10 77.63 249.24 245.86 424.93 0.0478278
night_stand 0 0 -10 46.83 273.31 196.88 441.00 0.0464410
bookshelf 0 0 -10 0.00 235.61 33.37 439.38 0.0391983
night_stand 0 0 -10 22.34 271.37 87.60 324.86 0.0315759
desk 0 0 -10 9.02 281.38 127.51 438.28 0.0211184
bookshelf 0 0 -10 1.55 231.33 18.17 438.88 0.0206960
dresser 0 0 -10 13.30 287.53 121.27 441.00 0.0170454
table 0 0 -10 119.37 225.59 326.27 437.04 0.0110919
dresser 0 0 -10 13.75 265.81 19.60 424.83 0.0094049
dresser 0 0 -10 2.63 230.04 14.99 440.13 0.0086124
table 0 0 -10 0.31 252.51 25.42 441.00 0.0085758
table 0 0 -10 81.43 246.98 241.26 320.19 0.0077095
bed 0 0 -10 22.55 414.37 313.25 441.00 0.0074810
bookshelf 0 0 -10 9.59 235.87 15.81 424.37 0.0073298
sofa 0 0 -10 366.03 251.63 589.36 440.17 0.0072629
dresser 0 0 -10 6.88 218.93 18.72 441.00 0.0072029
desk 0 0 -10 0.00 246.38 26.13 439.24 0.0069900
chair 0 0 -10 173.12 223.39 563.05 439.96 0.0063199
table 0 0 -10 161.03 414.12 363.55 439.71 0.0055712
bookshelf 0 0 -10 13.79 257.92 19.62 424.70 0.0051392
table 0 0 -10 136.92 331.38 338.23 441.00 0.0051204
table 0 0 -10 24.05 272.79 86.13 322.43 0.0050470
bookshelf 0 0 -10 6.62 242.35 13.24 437.16 0.0049626
dresser 0 0 -10 9.46 243.10 15.89 424.47 0.0049118
table 0 0 -10 74.67 197.43 256.11 350.17 0.0049040
bed 0 0 -10 21.26 77.39 314.88 435.40 0.0047751
chair 0 0 -10 0.00 230.15 28.53 436.03 0.0045129
table 0 0 -10 24.77 307.93 270.60 440.30 0.0043163
bed 0 0 -10 1.33 226.38 27.69 441.00 0.0041879
night_stand 0 0 -10 26.93 266.04 83.44 301.41 0.0041237
dresser 0 0 -10 6.50 256.70 77.41 438.63 0.0039587
bookshelf 0 0 -10 4.11 231.97 10.65 430.64 0.0038958
table 0 0 -10 22.44 415.17 313.14 440.23 0.0033779
bed 0 0 -10 128.69 204.23 589.48 441.00 0.0032692
chair 0 0 -10 9.58 282.79 131.54 438.53 0.0030823
desk 0 0 -10 72.09 191.33 257.67 354.55 0.0028972
night_stand 0 0 -10 2.94 240.85 83.43 330.98 0.0028909
dresser 0 0 -10 72.82 220.41 239.31 432.95 0.0027035
chair 0 0 -10 79.90 232.02 347.96 441.00 0.0025587
dresser 0 0 -10 5.73 252.56 12.39 427.29 0.0025387
table 0 0 -10 108.88 250.34 222.34 283.19 0.0025056
desk 0 0 -10 38.70 204.96 312.99 434.41 0.0024839
dresser 0 0 -10 1.98 233.92 8.72 436.70 0.0024652
night_stand 0 0 -10 0.34 250.22 26.03 430.54 0.0023397
table 0 0 -10 154.33 246.13 246.18 334.53 0.0023331
dresser 0 0 -10 0.00 266.45 50.12 384.53 0.0022567
dresser 0 0 -10 12.53 282.63 17.57 417.76 0.0021289
chair 0 0 -10 70.37 346.76 384.84 440.36 0.0020571
dresser 0 0 -10 44.14 264.58 194.76 441.00 0.0020054
bed 0 0 -10 71.05 209.57 242.32 435.33 0.0019099
sofa 0 0 -10 132.10 328.61 361.51 441.00 0.0018915
dresser 0 0 -10 0.33 239.62 4.93 436.03 0.0018774
chair 0 0 -10 29.65 302.87 258.37 439.45 0.0017716
table 0 0 -10 42.72 270.39 65.83 289.07 0.0016525
night_stand 0 0 -10 42.95 270.20 66.74 289.68 0.0016487
bed 0 0 -10 124.19 221.04 374.79 438.71 0.0015938
bed 0 0 -10 6.66 214.83 18.95 441.00 0.0015202
chair 0 0 -10 25.69 413.14 306.39 441.00 0.0014695
table 0 0 -10 16.79 244.29 195.05 386.81 0.0014115
sofa 0 0 -10 23.52 414.17 310.28 441.00 0.0013695
chair 0 0 -10 370.63 259.29 585.48 439.53 0.0013467
sofa 0 0 -10 2.07 237.39 27.23 431.13 0.0013434
table 0 0 -10 114.27 231.38 591.00 439.71 0.0013143
table 0 0 -10 576.98 377.63 590.66 441.00 0.0012942
table 0 0 -10 27.84 266.62 81.94 301.35 0.0012622
table 0 0 -10 25.85 400.08 229.06 440.29 0.0012308
bookshelf 0 0 -10 0.00 258.53 51.13 386.87 0.0012195
bookshelf 0 0 -10 12.54 275.94 17.63 418.67 0.0012026
desk 0 0 -10 6.76 215.54 18.92 437.66 0.0011950
table 0 0 -10 7.22 224.05 18.55 441.00 0.0011695
night_stand 0 0 -10 29.17 269.18 67.56 293.50 0.0010889
table 0 0 -10 556.15 381.39 589.65 441.00 0.0010657
chair 0 0 -10 0.00 256.61 52.06 385.67 0.0010628
table 0 0 -10 8.74 254.17 85.36 335.56 0.0010189
bookshelf 0 0 -10 0.41 234.28 4.90 437.31 0.0009615
sofa 0 0 -10 12.49 277.25 132.37 441.00 0.0009505
table 0 0 -10 11.68 307.67 16.91 440.22 0.0009492
chair 0 0 -10 6.32 218.66 19.48 436.45 0.0009233
sofa 0 0 -10 166.20 406.77 558.41 441.00 0.0009198
desk 0 0 -10 13.67 275.02 19.64 425.63 0.0009126
table 0 0 -10 106.32 335.53 169.49 440.99 0.0008762
sofa 0 0 -10 58.59 243.43 266.20 433.49 0.0008582
table 0 0 -10 9.58 265.27 40.30 432.98 0.0008496
bed 0 0 -10 12.20 272.54 134.03 441.00 0.0008067
table 0 0 -10 52.73 298.12 432.76 439.50 0.0007578
dresser 0 0 -10 2.33 241.09 83.99 331.15 0.0007544
night_stand 0 0 -10 6.72 223.69 19.01 431.43 0.0006737
bed 0 0 -10 0.00 42.67 516.42 408.78 0.0006700
bookshelf 0 0 -10 1.80 226.48 8.62 432.86 0.0006685
table 0 0 -10 109.32 401.62 339.68 441.00 0.0006656
night_stand 0 0 -10 90.27 247.11 253.06 341.70 0.0006629
chair 0 0 -10 129.25 195.18 206.61 299.97 0.0006558
bookshelf 0 0 -10 8.62 251.43 126.07 436.87 0.0006390
