bed 0 0 -10 4.07 275.09 412.64 440.67 0.9568545
bed 0 0 -10 0.00 61.80 550.52 287.35 0.3115486
sofa 0 0 -10 2.91 23.53 534.85 279.39 0.2843415
bed 0 0 -10 4.57 172.29 500.87 428.78 0.2710268
table 0 0 -10 2.25 286.18 409.12 439.46 0.2501528
table 0 0 -10 9.96 174.52 557.77 302.08 0.1069791
bed 0 0 -10 156.98 41.90 552.98 436.40 0.1059693
table 0 0 -10 23.36 150.18 546.17 426.90 0.0845958
night_stand 0 0 -10 292.79 131.79 525.28 301.70 0.0761567
desk 0 0 -10 18.27 131.32 559.39 429.76 0.0556131
sofa 0 0 -10 2.46 275.23 420.95 441.00 0.0448164
night_stand 0 0 -10 84.31 88.63 208.98 202.36 0.0446447
table 0 0 -10 98.37 89.27 202.65 180.72 0.0431883
bed 0 0 -10 4.21 165.05 539.40 304.12 0.0427321
night_stand 0 0 -10 381.01 124.61 528.03 217.40 0.0417111
desk 0 0 -10 5.05 175.34 591.00 294.00 0.0397779
sofa 0 0 -10 14.17 75.33 549.76 416.71 0.0376551
chair 0 0 -10 219.70 85.21 578.77 431.81 0.0322149
chair 0 0 -10 28.29 278.88 398.06 441.00 0.0319396
dresser 0 0 -10 141.96 121.65 559.22 433.34 0.0269872
sofa 0 0 -10 29.34 10.67 508.11 161.86 0.0206225
night_stand 0 0 -10 317.74 116.13 565.01 432.29 0.0196531
night_stand 0 0 -10 22.76 173.72 510.76 303.69 0.0169299
bed 0 0 -10 305.01 198.87 581.44 436.82 0.0135867
dresser 0 0 -10 358.35 45.09 582.66 429.12 0.0135095
dresser 0 0 -10 287.81 122.89 524.77 298.22 0.0129026
dresser 0 0 -10 11.48 172.07 514.33 304.11 0.0115425
table 0 0 -10 22.78 157.89 264.70 289.35 0.0104798
chair 0 0 -10 348.96 42.16 533.53 308.52 0.0100550
dresser 0 0 -10 0.00 75.15 544.38 286.40 0.0097850
bed 0 0 -10 0.00 7.91 552.85 189.54 0.0094998
desk 0 0 -10 0.00 266.55 446.63 441.00 0.0092272
sofa 0 0 -10 4.44 138.88 459.43 297.64 0.0077731
night_stand 0 0 -10 28.82 148.77 560.65 392.10 0.0070042
table 0 0 -10 75.86 166.11 370.81 235.13 0.0063864
sofa 0 0 -10 24.34 21.94 307.51 195.97 0.0062914
night_stand 0 0 -10 28.19 154.69 244.79 287.09 0.0058786
bed 0 0 -10 178.83 257.79 484.91 441.00 0.0055235
night_stand 0 0 -10 104.51 89.90 201.24 161.73 0.0050210
chair 0 0 -10 156.70 250.98 473.17 438.94 0.0049877
chair 0 0 -10 80.88 83.00 207.36 201.19 0.0049616
dresser 0 0 -10 486.01 22.26 584.08 425.74 0.0048485
table 0 0 -10 84.56 98.14 215.32 233.39 0.0048324
bed 0 0 -10 229.88 88.58 535.87 317.41 0.0045401
table 0 0 -10 55.21 145.45 429.49 280.45 0.0045165
chair 0 0 -10 18.06 183.26 371.92 289.32 0.0044537
table 0 0 -10 304.93 137.06 523.51 311.72 0.0043605
night_stand 0 0 -10 365.61 87.03 543.64 287.72 0.0043341
table 0 0 -10 29.78 185.31 404.03 355.74 0.0043321
sofa 0 0 -10 96.69 82.78 205.03 182.59 0.0042591
dresser 0 0 -10 19.58 276.23 398.55 441.00 0.0042053
bed 0 0 -10 384.56 281.53 580.45 441.00 0.0041640
table 0 0 -10 386.04 291.32 576.49 439.67 0.0041252
chair 0 0 -10 511.74 13.85 591.00 401.48 0.0040985
chair 0 0 -10 2.84 180.11 447.33 433.21 0.0038309
bed 0 0 -10 452.60 0.00 588.10 441.00 0.0036681
bed 0 0 -10 38.50 114.02 389.81 285.42 0.0036407
table 0 0 -10 381.88 133.72 524.14 219.54 0.0036246
night_stand 0 0 -10 20.69 280.01 401.42 441.00 0.0034220
bathtub 0 0 -10 0.00 177.32 556.77 286.94 0.0033327
night_stand 0 0 -10 71.55 109.24 217.54 271.23 0.0032954
table 0 0 -10 12.90 63.17 456.55 299.33 0.0031927
desk 0 0 -10 276.60 103.05 569.37 441.00 0.0029434
chair 0 0 -10 224.45 358.27 584.56 441.00 0.0029348
bathtub 0 0 -10 26.18 280.00 393.48 435.51 0.0027925
table 0 0 -10 505.14 73.06 587.76 427.67 0.0027849
bed 0 0 -10 17.00 144.45 260.20 291.37 0.0026851
table 0 0 -10 8.47 205.82 409.86 286.39 0.0026714
toilet 0 0 -10 29.59 272.21 385.09 441.00 0.0025448
sofa 0 0 -10 54.78 54.21 224.86 197.38 0.0024391
bookshelf 0 0 -10 25.83 270.82 398.01 438.03 0.0024288
table 0 0 -10 231.86 189.07 556.57 417.29 0.0023060
chair 0 0 -10 30.92 32.47 305.12 286.73 0.0022899
bookshelf 0 0 -10 149.48 101.99 558.18 424.48 0.0022654
dresser 0 0 -10 366.01 74.61 541.31 284.10 0.0022504
desk 0 0 -10 261.29 135.37 527.87 306.65 0.0022461
night_stand 0 0 -10 462.49 131.88 530.06 188.98 0.0021903
dresser 0 0 -10 372.87 256.71 577.35 437.35 0.0021761
bathtub 0 0 -10 4.42 144.21 580.86 385.66 0.0020991
chair 0 0 -10 19.99 137.11 231.10 283.38 0.0019819
desk 0 0 -10 182.84 157.26 548.44 376.02 0.0016949
chair 0 0 -10 363.70 139.66 584.18 436.99 0.0016368
bed 0 0 -10 21.57 18.61 285.09 250.99 0.0016229
dresser 0 0 -10 84.68 90.83 207.85 200.37 0.0015576
bookshelf 0 0 -10 11.40 0.00 529.78 277.05 0.0015537
night_stand 0 0 -10 452.42 114.73 533.51 223.19 0.0015488
bed 0 0 -10 2.54 257.84 213.07 441.00 0.0015201
chair 0 0 -10 446.23 23.86 584.89 395.93 0.0015020
bed 0 0 -10 50.31 3.38 518.86 113.65 0.0014970
bookshelf 0 0 -10 517.81 4.53 589.36 205.87 0.0014604
table 0 0 -10 126.86 214.51 468.04 392.62 0.0014464
dresser 0 0 -10 25.12 148.87 244.18 287.53 0.0013912
sofa 0 0 -10 51.95 73.22 292.45 265.68 0.0013890
bed 0 0 -10 235.15 120.91 451.51 414.73 0.0013769
night_stand 0 0 -10 477.27 70.44 586.51 426.76 0.0013118
table 0 0 -10 81.69 165.47 201.73 215.68 0.0012946
chair 0 0 -10 26.81 30.57 543.69 333.51 0.0012879
night_stand 0 0 -10 403.44 136.10 575.98 365.34 0.0012727
dresser 0 0 -10 377.95 113.92 527.14 221.58 0.0012307
toilet 0 0 -10 168.63 122.49 564.02 437.16 0.0012306
