bed 0 0 -10 8.06 0.00 501.36 440.20 0.9947731
night_stand 0 0 -10 53.53 58.47 186.07 160.21 0.9755788
night_stand 0 0 -10 474.11 65.43 591.00 243.58 0.8922189
table 0 0 -10 477.50 71.13 591.00 241.76 0.3811885
desk 0 0 -10 476.94 67.43 591.00 242.98 0.3774848
bed 0 0 -10 6.79 2.39 320.07 222.87 0.1324707
bed 0 0 -10 0.00 256.40 433.36 435.80 0.0722731
dresser 0 0 -10 475.53 69.76 591.00 243.95 0.0425831
table 0 0 -10 55.27 57.94 172.78 157.03 0.0395346
table 0 0 -10 1.46 205.39 19.78 377.30 0.0294013
night_stand 0 0 -10 18.39 72.86 168.05 208.80 0.0275192
bed 0 0 -10 0.00 98.56 144.06 305.81 0.0272040
chair 0 0 -10 1.27 144.44 44.89 396.28 0.0240519
bed 0 0 -10 458.18 66.59 591.00 241.24 0.0222465
bed 0 0 -10 0.00 44.05 288.13 404.61 0.0195202
chair 0 0 -10 1.76 68.66 49.34 214.22 0.0188139
bed 0 0 -10 241.16 60.13 499.39 436.68 0.0151310
sofa 0 0 -10 2.58 73.82 45.20 216.04 0.0149733
bed 0 0 -10 0.00 133.68 82.01 358.31 0.0142326
sofa 0 0 -10 2.26 71.74 58.57 325.35 0.0141303
sofa 0 0 -10 4.88 175.07 484.42 441.00 0.0137402
table 0 0 -10 0.57 158.95 58.92 416.81 0.0135674
bed 0 0 -10 9.03 54.49 431.92 271.12 0.0096293
bed 0 0 -10 22.42 17.72 214.05 192.84 0.0096138
night_stand 0 0 -10 123.67 53.96 199.17 134.20 0.0096054
sofa 0 0 -10 0.54 143.89 45.16 357.72 0.0094688
table 0 0 -10 488.94 64.78 584.17 123.73 0.0093213
desk 0 0 -10 53.07 57.03 175.20 155.22 0.0084620
bed 0 0 -10 389.19 3.02 585.76 281.17 0.0079393
table 0 0 -10 0.42 245.95 25.14 318.97 0.0078906
bed 0 0 -10 1.15 149.03 45.19 398.91 0.0072697
dresser 0 0 -10 53.32 74.82 182.83 162.49 0.0072118
table 0 0 -10 0.01 208.80 32.32 429.07 0.0067451
bed 0 0 -10 396.16 61.49 588.93 430.40 0.0065492
chair 0 0 -10 0.90 68.92 59.79 331.10 0.0064998
chair 0 0 -10 1.29 189.24 28.07 376.86 0.0060534
table 0 0 -10 0.67 83.23 32.69 206.99 0.0059908
night_stand 0 0 -10 134.10 62.31 184.75 109.17 0.0059414
chair 0 0 -10 37.08 93.32 491.24 431.74 0.0058101
bed 0 0 -10 13.49 86.22 203.70 247.01 0.0057917
chair 0 0 -10 490.02 78.34 588.18 243.18 0.0056414
chair 0 0 -10 0.00 78.50 147.45 228.77 0.0055649
table 0 0 -10 509.28 71.82 590.46 348.80 0.0054595
table 0 0 -10 1.41 219.97 9.85 351.80 0.0054354
bed 0 0 -10 0.00 71.27 34.13 212.11 0.0049393
chair 0 0 -10 3.00 147.83 111.95 237.05 0.0046809
table 0 0 -10 26.43 62.15 178.13 208.85 0.0045316
dresser 0 0 -10 1.49 67.98 58.14 215.53 0.0042888
bed 0 0 -10 335.23 9.29 549.93 390.38 0.0042213
night_stand 0 0 -10 2.73 157.66 77.67 356.03 0.0041304
table 0 0 -10 9.16 39.27 487.53 440.77 0.0040038
night_stand 0 0 -10 2.13 171.01 44.13 396.61 0.0039402
night_stand 0 0 -10 127.07 38.66 200.92 83.21 0.0038717
table 0 0 -10 0.00 191.56 42.28 327.18 0.0038522
dresser 0 0 -10 21.52 59.53 184.02 218.25 0.0034402
table 0 0 -10 538.18 72.69 590.23 261.98 0.0032731
chair 0 0 -10 0.73 115.46 80.75 407.85 0.0031624
sofa 0 0 -10 0.00 101.99 140.34 303.34 0.0031567
sofa 0 0 -10 0.83 67.22 28.68 260.22 0.0029286
bed 0 0 -10 52.62 56.19 173.32 159.61 0.0028062
night_stand 0 0 -10 90.01 60.88 184.06 118.01 0.0026341
chair 0 0 -10 2.54 284.07 401.04 434.59 0.0026325
night_stand 0 0 -10 27.67 53.40 476.87 441.00 0.0025627
dresser 0 0 -10 1.12 27.47 485.90 441.00 0.0025525
table 0 0 -10 4.16 157.17 92.13 353.41 0.0025099
table 0 0 -10 1.67 211.60 6.68 387.99 0.0024674
sofa 0 0 -10 2.89 96.67 73.01 238.65 0.0024645
table 0 0 -10 1.68 73.33 58.07 218.01 0.0024577
chair 0 0 -10 551.17 112.42 591.00 308.10 0.0024564
desk 0 0 -10 482.15 63.12 588.72 137.96 0.0023969
chair 0 0 -10 0.66 178.96 14.25 387.15 0.0023269
desk 0 0 -10 510.69 73.39 590.83 353.37 0.0022910
dresser 0 0 -10 2.09 156.68 43.00 399.37 0.0022646
bed 0 0 -10 70.75 129.72 386.18 440.22 0.0022074
night_stand 0 0 -10 2.41 119.84 136.60 300.66 0.0021713
chair 0 0 -10 529.27 104.98 591.00 380.53 0.0021609
night_stand 0 0 -10 124.37 50.45 186.42 94.57 0.0021533
sofa 0 0 -10 0.83 152.67 36.80 221.23 0.0020527
bed 0 0 -10 180.10 1.83 415.18 75.84 0.0020360
table 0 0 -10 0.21 259.83 431.45 439.12 0.0020188
sofa 0 0 -10 1.43 173.56 20.01 347.44 0.0020129
bed 0 0 -10 0.00 147.15 169.64 402.29 0.0018649
table 0 0 -10 6.46 156.99 114.44 235.98 0.0017964
bed 0 0 -10 0.36 84.30 72.36 214.13 0.0017897
chair 0 0 -10 1.42 145.80 78.73 294.17 0.0017874
sofa 0 0 -10 2.05 151.08 68.44 269.66 0.0017640
chair 0 0 -10 1.07 90.74 87.08 215.48 0.0017515
night_stand 0 0 -10 481.74 63.50 589.44 135.73 0.0017513
desk 0 0 -10 1.44 164.70 44.23 400.50 0.0017195
sofa 0 0 -10 2.60 4.67 489.93 346.45 0.0016724
dresser 0 0 -10 1.23 143.71 76.68 358.18 0.0016399
table 0 0 -10 0.00 114.38 138.81 303.04 0.0016391
sofa 0 0 -10 3.37 74.03 153.05 224.32 0.0016210
desk 0 0 -10 0.76 25.68 498.48 435.69 0.0015772
sofa 0 0 -10 1.00 113.06 35.24 185.26 0.0015723
dresser 0 0 -10 58.19 17.02 202.82 136.92 0.0015623
chair 0 0 -10 122.12 361.06 378.69 441.00 0.0014882
table 0 0 -10 423.91 236.51 569.80 439.82 0.0014581
toilet 0 0 -10 0.33 71.50 44.99 223.10 0.0014490
night_stand 0 0 -10 2.15 83.16 46.92 207.64 0.0013899
