chair 0 0 -10 128.26 226.15 430.86 438.79 0.9902833
table 0 0 -10 404.79 195.93 590.33 281.98 0.8734984
desk 0 0 -10 406.52 198.84 588.17 280.70 0.1881836
chair 0 0 -10 346.35 297.86 579.96 441.00 0.1257391
chair 0 0 -10 189.20 302.28 444.22 441.00 0.0844845
table 0 0 -10 377.69 224.56 589.53 423.61 0.0826986
table 0 0 -10 541.11 203.83 590.31 408.79 0.0315649
chair 0 0 -10 146.69 332.50 360.64 441.00 0.0272400
chair 0 0 -10 493.54 135.40 590.48 264.50 0.0252718
table 0 0 -10 464.44 184.91 588.16 259.88 0.0207084
table 0 0 -10 524.49 268.26 588.23 397.16 0.0154826
desk 0 0 -10 376.74 221.20 591.00 430.93 0.0138025
table 0 0 -10 486.75 225.33 590.05 402.44 0.0133901
chair 0 0 -10 317.45 290.40 468.30 441.00 0.0121605
chair 0 0 -10 523.07 26.31 589.93 281.81 0.0118161
chair 0 0 -10 435.59 98.69 589.46 278.28 0.0111050
table 0 0 -10 148.58 264.79 375.67 441.00 0.0110022
chair 0 0 -10 460.43 176.93 580.73 272.48 0.0103124
sofa 0 0 -10 380.36 273.87 586.71 441.00 0.0101613
table 0 0 -10 561.17 276.37 590.08 410.58 0.0098257
table 0 0 -10 509.37 171.31 589.68 281.82 0.0089635
chair 0 0 -10 401.39 284.17 519.75 431.72 0.0074057
table 0 0 -10 394.78 115.60 591.00 358.82 0.0072447
table 0 0 -10 572.34 189.15 590.57 428.07 0.0063210
table 0 0 -10 162.21 223.98 494.00 432.24 0.0058486
table 0 0 -10 454.42 135.09 589.61 285.93 0.0058396
chair 0 0 -10 530.96 211.89 591.00 409.61 0.0055381
chair 0 0 -10 549.94 92.03 589.97 283.82 0.0049031
chair 0 0 -10 178.61 394.56 405.90 440.90 0.0038029
table 0 0 -10 526.90 128.13 589.06 335.74 0.0037321
table 0 0 -10 577.30 277.97 590.56 433.36 0.0033855
bathtub 0 0 -10 406.30 197.40 578.23 276.46 0.0032504
table 0 0 -10 565.02 201.39 589.60 282.66 0.0032330
table 0 0 -10 395.33 177.19 590.81 236.04 0.0031886
chair 0 0 -10 139.50 222.81 215.37 441.00 0.0031513
chair 0 0 -10 435.81 269.27 590.64 430.77 0.0028661
chair 0 0 -10 139.25 160.03 353.63 371.95 0.0027901
chair 0 0 -10 560.74 255.73 590.63 386.45 0.0026903
table 0 0 -10 428.18 288.49 584.17 434.87 0.0025531
chair 0 0 -10 512.96 174.91 591.00 302.77 0.0025280
chair 0 0 -10 91.95 232.42 197.04 440.23 0.0023369
table 0 0 -10 183.58 432.32 405.99 441.00 0.0022017
chair 0 0 -10 484.33 195.72 591.00 391.19 0.0021611
desk 0 0 -10 144.84 257.90 376.51 441.00 0.0020815
table 0 0 -10 561.61 168.41 589.86 356.21 0.0020369
sofa 0 0 -10 145.40 217.56 404.08 438.33 0.0020108
chair 0 0 -10 420.13 195.07 552.33 276.53 0.0018329
table 0 0 -10 448.44 394.74 583.66 439.90 0.0017332
table 0 0 -10 487.19 152.23 588.33 226.37 0.0016525
desk 0 0 -10 399.60 112.67 591.00 369.42 0.0016022
chair 0 0 -10 3.99 298.60 187.44 441.00 0.0015439
chair 0 0 -10 73.74 227.98 294.37 441.00 0.0014398
chair 0 0 -10 289.06 212.06 568.43 441.00 0.0014085
chair 0 0 -10 565.56 119.65 590.78 301.73 0.0014027
table 0 0 -10 380.27 410.77 591.00 441.00 0.0013320
table 0 0 -10 413.64 211.20 585.39 257.12 0.0012952
table 0 0 -10 425.18 423.25 585.05 441.00 0.0012390
chair 0 0 -10 18.48 184.31 211.64 441.00 0.0012370
table 0 0 -10 574.37 191.27 590.50 297.94 0.0012124
table 0 0 -10 500.48 109.88 589.93 255.11 0.0012029
chair 0 0 -10 30.75 43.93 345.08 441.00 0.0011971
bed 0 0 -10 410.74 190.80 582.54 278.38 0.0011160
table 0 0 -10 0.00 39.46 151.53 441.00 0.0010893
chair 0 0 -10 562.78 264.61 590.53 328.70 0.0010596
toilet 0 0 -10 415.49 190.43 567.51 275.86 0.0010528
chair 0 0 -10 190.66 418.53 414.78 440.62 0.0009900
desk 0 0 -10 457.00 169.29 589.74 301.98 0.0009738
table 0 0 -10 186.40 419.94 403.01 441.00 0.0009723
table 0 0 -10 532.44 197.86 588.04 273.79 0.0009248
table 0 0 -10 224.27 300.15 440.69 440.26 0.0009032
chair 0 0 -10 396.74 153.38 590.80 384.88 0.0008036
sofa 0 0 -10 410.72 194.30 584.80 277.75 0.0007987
table 0 0 -10 0.00 269.09 172.63 441.00 0.0007359
chair 0 0 -10 412.23 195.22 493.03 259.07 0.0007351
desk 0 0 -10 399.69 177.10 591.00 236.74 0.0007051
bathtub 0 0 -10 414.69 165.37 591.00 312.75 0.0007019
table 0 0 -10 224.25 151.67 575.33 424.92 0.0006900
table 0 0 -10 497.39 185.29 587.73 215.64 0.0006801
table 0 0 -10 169.41 399.44 404.11 441.00 0.0006789
chair 0 0 -10 572.25 0.00 591.00 292.89 0.0006375
chair 0 0 -10 566.34 192.02 590.76 283.47 0.0006280
table 0 0 -10 439.07 199.04 523.07 275.32 0.0006198
chair 0 0 -10 188.93 191.68 345.38 299.87 0.0005974
chair 0 0 -10 576.15 145.16 590.86 288.82 0.0005962
bed 0 0 -10 381.72 275.61 590.22 441.00 0.0005791
bed 0 0 -10 146.62 244.79 380.13 441.00 0.0005779
table 0 0 -10 580.31 165.43 590.53 328.85 0.0005714
night_stand 0 0 -10 150.28 257.42 382.37 441.00 0.0005687
night_stand 0 0 -10 411.67 194.52 582.53 278.06 0.0005681
table 0 0 -10 3.33 191.29 114.74 441.00 0.0005558
dresser 0 0 -10 412.46 193.93 581.14 278.00 0.0005467
table 0 0 -10 580.67 266.17 588.69 388.91 0.0005101
table 0 0 -10 569.35 96.33 590.57 299.93 0.0004922
table 0 0 -10 120.33 206.89 368.42 396.20 0.0004775
dresser 0 0 -10 156.60 215.94 388.77 437.26 0.0004765
chair 0 0 -10 456.97 153.01 586.16 226.26 0.0004726
table 0 0 -10 376.40 346.10 591.00 441.00 0.0004716
table 0 0 -10 184.55 197.06 347.38 296.13 0.0004631
chair 0 0 -10 572.60 190.97 591.00 434.46 0.0004507
toilet 0 0 -10 149.76 247.47 376.05 441.00 0.0004452
