chair 0 0 -10 365.06 92.30 579.87 436.03 0.9871105
table 0 0 -10 3.70 119.00 255.15 348.31 0.9721480
chair 0 0 -10 103.79 8.82 234.56 222.64 0.4262093
chair 0 0 -10 122.33 64.31 212.51 211.86 0.1121301
table 0 0 -10 12.55 115.16 247.05 236.53 0.1048220
chair 0 0 -10 112.83 1.00 226.99 134.61 0.0559926
chair 0 0 -10 516.31 56.73 587.11 400.25 0.0351301
chair 0 0 -10 431.75 71.15 585.27 345.74 0.0252435
desk 0 0 -10 5.99 117.29 244.64 366.09 0.0235714
bed 0 0 -10 2.46 264.30 170.63 436.50 0.0210304
chair 0 0 -10 91.20 45.91 196.67 192.24 0.0176391
chair 0 0 -10 0.50 229.75 187.85 419.86 0.0157197
table 0 0 -10 0.15 98.12 29.88 280.98 0.0149193
table 0 0 -10 0.15 138.69 18.33 290.18 0.0131303
table 0 0 -10 0.00 260.68 187.12 441.00 0.0127642
table 0 0 -10 4.29 188.00 129.79 422.48 0.0127566
chair 0 0 -10 45.46 40.19 238.68 318.79 0.0125682
chair 0 0 -10 553.25 67.53 585.11 381.79 0.0101813
table 0 0 -10 70.89 100.70 249.66 190.29 0.0099845
sofa 0 0 -10 338.01 72.18 590.10 410.52 0.0087061
table 0 0 -10 0.46 202.90 22.18 277.18 0.0086129
sofa 0 0 -10 0.41 250.21 194.46 439.40 0.0065758
table 0 0 -10 16.94 85.69 417.90 366.07 0.0060838
chair 0 0 -10 137.74 87.66 206.79 179.02 0.0053768
table 0 0 -10 1.71 145.60 66.48 384.18 0.0050850
table 0 0 -10 2.27 140.63 10.62 288.92 0.0050527
chair 0 0 -10 356.23 276.60 569.21 439.68 0.0050408
table 0 0 -10 0.85 230.87 18.19 258.56 0.0045970
chair 0 0 -10 123.80 47.32 190.61 122.06 0.0045336
table 0 0 -10 524.15 61.01 589.21 404.79 0.0041543
table 0 0 -10 347.84 102.12 584.64 400.02 0.0039421
table 0 0 -10 2.57 118.36 50.89 284.43 0.0038414
table 0 0 -10 5.49 138.63 12.44 280.70 0.0037090
bed 0 0 -10 0.00 159.53 242.83 436.30 0.0036440
desk 0 0 -10 328.68 103.65 582.34 367.30 0.0035590
chair 0 0 -10 139.36 69.19 256.52 196.33 0.0032458
chair 0 0 -10 92.33 67.80 202.40 140.98 0.0032323
chair 0 0 -10 99.21 0.69 174.65 137.26 0.0031405
table 0 0 -10 154.45 109.59 254.36 202.32 0.0030477
chair 0 0 -10 2.40 233.63 107.82 401.63 0.0029317
chair 0 0 -10 6.29 292.00 247.63 437.40 0.0029014
desk 0 0 -10 2.68 280.07 165.00 439.63 0.0028361
table 0 0 -10 2.47 294.44 119.44 434.80 0.0027161
table 0 0 -10 1.53 209.37 333.62 438.22 0.0027104
chair 0 0 -10 3.09 170.09 191.56 354.55 0.0026309
table 0 0 -10 0.00 104.52 41.08 213.25 0.0024503
table 0 0 -10 8.79 146.53 16.70 273.60 0.0023225
chair 0 0 -10 118.73 44.73 251.13 150.24 0.0023193
chair 0 0 -10 141.17 84.89 207.25 132.56 0.0021962
chair 0 0 -10 116.83 90.55 292.92 295.80 0.0019498
chair 0 0 -10 397.13 98.10 559.96 252.32 0.0019149
chair 0 0 -10 0.00 102.60 145.65 301.52 0.0018982
chair 0 0 -10 325.08 81.66 520.81 315.26 0.0017915
table 0 0 -10 78.14 80.96 203.43 139.27 0.0016763
chair 0 0 -10 535.54 111.04 586.09 313.13 0.0016669
table 0 0 -10 64.36 27.27 230.86 196.64 0.0015386
table 0 0 -10 114.08 113.50 211.64 186.25 0.0014676
chair 0 0 -10 1.24 42.35 49.24 327.12 0.0014658
chair 0 0 -10 62.99 348.62 279.59 441.00 0.0014475
table 0 0 -10 0.56 149.79 7.40 275.33 0.0013334
table 0 0 -10 1.29 200.00 202.34 364.17 0.0012766
chair 0 0 -10 25.80 209.65 311.60 440.35 0.0011443
chair 0 0 -10 54.28 14.32 175.39 214.06 0.0010597
chair 0 0 -10 0.85 109.02 33.08 283.31 0.0010524
table 0 0 -10 47.03 339.39 252.25 440.71 0.0009933
chair 0 0 -10 144.98 196.72 545.60 438.57 0.0008914
night_stand 0 0 -10 1.45 112.70 258.61 393.04 0.0008785
chair 0 0 -10 83.88 99.83 189.84 224.00 0.0008767
chair 0 0 -10 34.70 4.76 318.25 208.20 0.0008639
chair 0 0 -10 567.97 55.89 588.68 385.88 0.0008512
desk 0 0 -10 11.17 75.58 429.40 371.40 0.0008481
bed 0 0 -10 28.27 348.76 328.92 440.15 0.0008186
table 0 0 -10 3.65 94.06 15.21 335.49 0.0007608
sofa 0 0 -10 0.84 100.03 31.12 284.89 0.0007571
bed 0 0 -10 0.10 285.40 69.85 386.80 0.0007159
table 0 0 -10 553.95 65.52 584.74 386.72 0.0007129
chair 0 0 -10 576.67 76.26 586.01 384.22 0.0007044
toilet 0 0 -10 0.18 59.79 29.30 294.38 0.0006929
table 0 0 -10 0.41 247.31 93.95 391.06 0.0006886
table 0 0 -10 88.74 83.01 199.81 211.76 0.0006876
bed 0 0 -10 0.53 32.61 47.63 342.31 0.0006820
bed 0 0 -10 17.07 74.82 255.79 358.55 0.0006601
table 0 0 -10 53.35 294.79 548.78 441.00 0.0006339
sofa 0 0 -10 21.85 319.68 343.52 437.94 0.0006299
chair 0 0 -10 162.90 347.05 317.92 440.35 0.0006270
table 0 0 -10 400.69 89.27 575.11 296.59 0.0006216
dresser 0 0 -10 0.00 254.84 193.55 440.69 0.0006150
table 0 0 -10 193.15 99.79 275.70 202.81 0.0005999
desk 0 0 -10 524.59 54.97 589.54 407.11 0.0005926
table 0 0 -10 110.47 91.48 190.77 127.20 0.0005851
toilet 0 0 -10 346.45 88.14 561.66 438.38 0.0005743
chair 0 0 -10 370.75 97.33 437.11 304.24 0.0005689
table 0 0 -10 113.34 66.07 262.51 215.29 0.0005442
table 0 0 -10 128.27 8.53 250.94 175.64 0.0005337
night_stand 0 0 -10 0.19 102.90 31.66 278.31 0.0005326
bookshelf 0 0 -10 108.22 0.00 235.17 170.22 0.0005166
chair 0 0 -10 134.07 57.78 362.64 214.26 0.0005047
chair 0 0 -10 171.83 90.74 400.70 257.74 0.0005042
chair 0 0 -10 120.90 346.15 456.06 436.72 0.0005024
bookshelf 0 0 -10 342.87 90.16 572.97 375.24 0.0004876
