chair 0 0 -10 406.74 151.61 588.02 434.96 0.9836122
table 0 0 -10 206.64 194.56 530.93 441.00 0.8656447
sofa 0 0 -10 297.99 113.08 589.98 395.21 0.6446887
sofa 0 0 -10 4.71 175.89 117.98 432.90 0.3928589
chair 0 0 -10 540.15 159.69 589.06 409.78 0.1958965
desk 0 0 -10 202.81 194.28 536.12 441.00 0.1704621
sofa 0 0 -10 308.14 115.02 514.15 291.56 0.0732647
sofa 0 0 -10 3.41 338.91 87.96 441.00 0.0443863
table 0 0 -10 243.82 225.67 453.51 351.39 0.0399057
chair 0 0 -10 270.03 127.05 501.14 423.28 0.0347408
sofa 0 0 -10 545.06 99.95 589.81 391.73 0.0335874
chair 0 0 -10 557.18 161.77 590.24 350.80 0.0300806
table 0 0 -10 390.36 159.38 584.32 377.04 0.0283821
sofa 0 0 -10 5.11 229.38 239.19 438.14 0.0247812
chair 0 0 -10 11.82 323.29 289.99 440.85 0.0240076
sofa 0 0 -10 326.23 113.97 483.26 199.26 0.0237239
chair 0 0 -10 476.39 95.07 589.99 361.27 0.0199443
sofa 0 0 -10 9.25 335.20 182.81 441.00 0.0187841
chair 0 0 -10 387.39 304.42 587.21 440.45 0.0147051
sofa 0 0 -10 3.84 166.93 87.52 351.84 0.0132913
sofa 0 0 -10 452.07 91.11 587.93 317.62 0.0120797
table 0 0 -10 557.90 169.79 587.23 437.86 0.0109316
sofa 0 0 -10 558.34 162.31 590.45 338.44 0.0084670
table 0 0 -10 321.31 220.79 435.72 261.22 0.0080276
chair 0 0 -10 4.87 192.06 296.86 436.98 0.0074259
chair 0 0 -10 555.24 242.55 590.16 403.02 0.0069609
chair 0 0 -10 2.79 337.40 94.90 441.00 0.0067576
bed 0 0 -10 219.42 104.35 591.00 433.91 0.0057876
table 0 0 -10 538.41 154.54 589.62 402.37 0.0057063
chair 0 0 -10 572.75 163.55 588.62 368.42 0.0052885
sofa 0 0 -10 482.56 99.51 591.00 178.08 0.0050522
sofa 0 0 -10 26.54 168.12 426.86 441.00 0.0046699
chair 0 0 -10 358.16 121.98 501.71 309.68 0.0046080
table 0 0 -10 553.81 290.88 590.45 366.89 0.0045778
desk 0 0 -10 395.46 158.07 588.42 380.38 0.0044829
chair 0 0 -10 430.00 139.32 539.55 361.26 0.0042977
chair 0 0 -10 263.24 187.20 415.19 321.87 0.0041951
chair 0 0 -10 1.28 175.04 93.76 429.71 0.0035028
chair 0 0 -10 461.44 244.91 586.12 440.79 0.0035018
chair 0 0 -10 497.63 185.40 588.62 396.41 0.0033875
chair 0 0 -10 171.87 250.98 404.86 441.00 0.0032614
sofa 0 0 -10 369.25 140.40 577.28 278.19 0.0032365
table 0 0 -10 317.59 208.83 483.97 342.32 0.0030920
table 0 0 -10 1.47 193.31 89.68 416.96 0.0029252
desk 0 0 -10 245.22 225.29 450.87 351.29 0.0028381
table 0 0 -10 21.41 267.83 240.38 441.00 0.0027634
desk 0 0 -10 558.66 164.40 587.14 436.60 0.0027246
table 0 0 -10 484.81 148.37 587.00 361.48 0.0026658
chair 0 0 -10 542.38 211.05 589.59 334.18 0.0026601
chair 0 0 -10 349.39 176.30 578.08 284.00 0.0026035
chair 0 0 -10 524.19 250.49 591.00 431.77 0.0025579
bed 0 0 -10 1.54 179.26 109.45 426.71 0.0025143
table 0 0 -10 320.99 186.89 572.00 263.64 0.0025076
bathtub 0 0 -10 105.78 210.74 158.54 226.53 0.0024794
chair 0 0 -10 469.93 0.04 526.13 41.95 0.0024033
night_stand 0 0 -10 208.12 226.51 487.85 441.00 0.0022820
sofa 0 0 -10 3.66 173.49 182.22 347.05 0.0021247
chair 0 0 -10 441.72 85.86 572.67 290.70 0.0021210
chair 0 0 -10 564.62 302.10 590.72 438.44 0.0020562
table 0 0 -10 265.82 211.10 426.27 313.13 0.0019679
chair 0 0 -10 568.60 192.74 590.87 431.94 0.0018547
desk 0 0 -10 535.29 201.11 590.33 432.21 0.0018423
sofa 0 0 -10 266.62 46.88 586.25 299.81 0.0018332
table 0 0 -10 546.31 193.08 589.19 328.06 0.0018069
table 0 0 -10 144.50 275.17 444.48 438.07 0.0017654
table 0 0 -10 332.46 214.13 437.04 240.59 0.0016503
table 0 0 -10 101.02 210.28 156.71 237.17 0.0016408
sofa 0 0 -10 567.06 144.87 589.66 284.82 0.0016171
table 0 0 -10 61.39 215.97 363.13 437.24 0.0016038
table 0 0 -10 371.08 218.23 553.93 441.00 0.0015816
bed 0 0 -10 399.40 120.15 588.51 403.48 0.0015748
table 0 0 -10 488.41 213.43 590.31 441.00 0.0015559
table 0 0 -10 555.56 250.37 589.63 317.20 0.0015507
chair 0 0 -10 555.92 281.38 589.49 358.85 0.0015096
chair 0 0 -10 2.55 165.48 95.24 296.17 0.0014353
sofa 0 0 -10 2.19 250.97 84.97 436.62 0.0014250
bathtub 0 0 -10 101.85 202.55 160.02 233.66 0.0013791
table 0 0 -10 431.64 135.81 565.48 320.37 0.0013581
chair 0 0 -10 315.04 168.89 468.95 319.72 0.0013140
chair 0 0 -10 2.19 171.55 183.13 344.87 0.0012961
sofa 0 0 -10 213.20 142.13 512.71 429.88 0.0012397
sofa 0 0 -10 573.40 97.75 590.57 340.26 0.0012268
bathtub 0 0 -10 105.02 215.15 157.57 236.26 0.0012256
chair 0 0 -10 267.48 180.68 332.54 301.30 0.0012182
chair 0 0 -10 461.25 0.00 551.57 74.51 0.0012149
dresser 0 0 -10 558.20 160.48 587.31 435.33 0.0012026
chair 0 0 -10 482.29 99.19 591.00 181.96 0.0010980
chair 0 0 -10 579.32 170.86 590.57 401.49 0.0010784
chair 0 0 -10 4.06 285.03 159.47 437.69 0.0010203
table 0 0 -10 562.17 169.47 582.09 355.11 0.0010201
bed 0 0 -10 1.37 179.85 212.77 440.12 0.0010146
bed 0 0 -10 557.48 152.67 587.73 436.30 0.0009765
chair 0 0 -10 251.78 175.76 352.04 347.07 0.0009710
table 0 0 -10 563.43 254.74 590.59 412.91 0.0009349
night_stand 0 0 -10 557.82 170.79 587.68 432.51 0.0009299
desk 0 0 -10 273.94 151.40 574.78 346.48 0.0009055
table 0 0 -10 190.25 177.31 474.68 316.14 0.0008570
table 0 0 -10 314.86 213.94 447.68 284.06 0.0008490
chair 0 0 -10 200.80 129.34 434.67 315.40 0.0008452
bookshelf 0 0 -10 411.26 108.34 583.02 387.49 0.0008161
