night_stand 0 0 -10 336.48 170.11 489.83 298.16 0.9545491
table 0 0 -10 191.58 366.98 403.40 437.81 0.7234494
bed 0 0 -10 455.42 39.59 590.12 410.54 0.6661512
sofa 0 0 -10 149.74 120.60 438.91 436.34 0.5077303
chair 0 0 -10 139.48 141.60 442.23 429.15 0.3188831
sofa 0 0 -10 458.50 128.56 589.28 431.36 0.2802026
table 0 0 -10 339.56 170.55 490.68 294.65 0.2295597
chair 0 0 -10 0.00 181.38 95.99 441.00 0.1585884
bed 0 0 -10 440.43 157.18 583.69 338.18 0.1446799
table 0 0 -10 131.75 216.34 450.55 437.84 0.0832563
desk 0 0 -10 337.34 171.04 490.66 292.17 0.0762358
table 0 0 -10 546.59 310.53 589.72 439.75 0.0713475
sofa 0 0 -10 2.73 199.04 76.25 436.82 0.0518808
chair 0 0 -10 390.64 255.66 558.00 440.41 0.0368875
table 0 0 -10 451.93 199.10 587.88 438.11 0.0256830
sofa 0 0 -10 0.45 199.45 35.78 429.83 0.0244423
dresser 0 0 -10 345.60 170.84 493.26 298.48 0.0234906
sofa 0 0 -10 394.15 206.45 572.82 439.42 0.0214086
chair 0 0 -10 194.15 367.77 414.16 441.00 0.0206922
chair 0 0 -10 271.15 145.30 534.96 436.51 0.0200760
sofa 0 0 -10 549.42 293.84 590.20 434.31 0.0192762
bed 0 0 -10 155.96 124.27 486.94 436.21 0.0189383
chair 0 0 -10 3.10 199.26 46.32 438.98 0.0182462
sofa 0 0 -10 517.28 214.99 587.32 441.00 0.0166343
bed 0 0 -10 372.41 37.43 590.40 302.69 0.0154414
dresser 0 0 -10 446.96 35.68 590.62 298.16 0.0152155
bed 0 0 -10 464.67 89.78 589.48 289.29 0.0132098
table 0 0 -10 498.98 265.56 586.92 441.00 0.0127163
bed 0 0 -10 365.84 158.27 498.15 306.93 0.0126944
sofa 0 0 -10 192.53 71.18 577.13 427.66 0.0126067
table 0 0 -10 394.65 273.26 551.14 437.26 0.0124538
chair 0 0 -10 430.13 193.06 591.00 433.07 0.0123305
bed 0 0 -10 1.15 184.76 82.95 435.57 0.0122532
table 0 0 -10 441.70 168.06 576.12 337.07 0.0113833
night_stand 0 0 -10 335.88 177.71 518.57 375.27 0.0113547
table 0 0 -10 3.74 199.68 75.70 440.78 0.0109197
table 0 0 -10 253.60 155.25 524.81 441.00 0.0098703
chair 0 0 -10 486.85 244.22 588.08 439.52 0.0094319
bed 0 0 -10 191.36 18.81 591.00 378.28 0.0094128
table 0 0 -10 123.34 332.82 393.29 441.00 0.0079995
sofa 0 0 -10 446.27 40.84 589.09 331.49 0.0073238
bookshelf 0 0 -10 2.64 175.05 82.46 429.54 0.0071749
sofa 0 0 -10 0.19 234.91 60.91 385.44 0.0070648
chair 0 0 -10 2.87 159.79 205.78 439.50 0.0067841
chair 0 0 -10 238.45 348.19 540.32 440.96 0.0063606
dresser 0 0 -10 0.35 187.20 84.76 433.75 0.0063122
night_stand 0 0 -10 446.16 172.63 580.49 337.18 0.0057244
bookshelf 0 0 -10 452.26 27.36 587.95 302.86 0.0049489
chair 0 0 -10 441.57 317.22 582.80 441.00 0.0047668
chair 0 0 -10 234.20 149.17 479.05 329.40 0.0043741
sofa 0 0 -10 192.51 361.53 418.01 441.00 0.0043692
chair 0 0 -10 545.67 279.99 588.62 428.42 0.0041795
night_stand 0 0 -10 432.45 211.79 580.55 437.09 0.0041313
chair 0 0 -10 326.05 161.31 482.91 305.38 0.0040780
bed 0 0 -10 548.43 296.14 591.00 434.79 0.0039195
night_stand 0 0 -10 366.27 159.52 468.92 192.68 0.0037952
table 0 0 -10 349.38 180.66 518.52 358.80 0.0034149
sofa 0 0 -10 164.48 280.18 455.44 432.76 0.0030600
bed 0 0 -10 329.59 166.78 528.31 379.60 0.0030458
sofa 0 0 -10 345.52 161.38 486.25 302.18 0.0029181
desk 0 0 -10 549.90 309.17 590.11 437.11 0.0028871
sofa 0 0 -10 340.22 184.81 528.87 405.87 0.0028587
table 0 0 -10 364.07 160.30 465.27 192.40 0.0028144
table 0 0 -10 274.61 336.18 495.26 441.00 0.0027758
bed 0 0 -10 398.23 177.58 571.85 417.23 0.0026878
sofa 0 0 -10 0.14 255.90 91.13 349.94 0.0026757
desk 0 0 -10 15.02 197.19 80.03 441.00 0.0025878
desk 0 0 -10 134.34 151.72 440.29 436.46 0.0024418
sofa 0 0 -10 556.53 165.16 589.05 438.30 0.0022303
chair 0 0 -10 440.17 154.83 583.94 346.44 0.0020240
night_stand 0 0 -10 158.11 121.41 441.07 439.53 0.0020212
dresser 0 0 -10 456.25 110.11 589.12 422.57 0.0020098
toilet 0 0 -10 160.99 107.42 438.62 437.69 0.0019791
bathtub 0 0 -10 2.54 187.25 86.12 417.25 0.0019374
chair 0 0 -10 19.42 100.50 369.52 429.97 0.0019094
dresser 0 0 -10 154.36 116.98 441.60 428.67 0.0018560
sofa 0 0 -10 248.33 156.13 489.80 325.92 0.0018069
table 0 0 -10 8.75 188.67 327.78 441.00 0.0017799
table 0 0 -10 18.75 289.45 78.41 441.00 0.0017001
desk 0 0 -10 437.45 162.70 581.67 335.55 0.0016965
chair 0 0 -10 13.50 267.81 83.80 441.00 0.0016887
toilet 0 0 -10 333.36 171.79 493.40 302.01 0.0016332
desk 0 0 -10 174.79 367.38 422.99 441.00 0.0016110
dresser 0 0 -10 441.40 161.80 581.08 336.25 0.0016077
bed 0 0 -10 1.18 132.66 27.41 441.00 0.0015411
sofa 0 0 -10 0.51 217.25 18.43 412.94 0.0015393
bed 0 0 -10 0.00 232.04 61.69 390.36 0.0015150
night_stand 0 0 -10 348.01 108.00 516.50 286.38 0.0014226
dresser 0 0 -10 340.43 178.82 516.75 399.11 0.0013758
desk 0 0 -10 459.04 121.91 588.83 422.38 0.0013499
table 0 0 -10 123.59 102.64 483.09 387.87 0.0012621
toilet 0 0 -10 0.27 190.78 83.17 428.99 0.0012580
bookshelf 0 0 -10 161.78 99.34 436.39 422.50 0.0012229
chair 0 0 -10 1.00 144.10 29.08 434.89 0.0011922
chair 0 0 -10 353.54 199.49 545.33 395.29 0.0011785
table 0 0 -10 0.25 68.56 113.00 425.04 0.0011721
night_stand 0 0 -10 394.68 189.67 518.69 304.89 0.0011469
sofa 0 0 -10 5.42 199.22 23.02 434.99 0.0011045
table 0 0 -10 0.00 5.74 360.59 399.52 0.0010947
dresser 0 0 -10 237.84 144.06 530.47 434.35 0.0010596
