table 0 0 -10 276.82 44.56 590.00 421.22 0.6643360
bed 0 0 -10 282.58 23.85 590.12 441.00 0.4994327
sofa 0 0 -10 228.36 21.09 591.00 426.08 0.2628927
chair 0 0 -10 287.10 89.73 549.65 410.20 0.2340894
sofa 0 0 -10 6.54 4.62 202.22 188.19 0.1156453
desk 0 0 -10 286.71 37.14 591.00 431.89 0.1028001
sofa 0 0 -10 47.64 7.96 378.20 258.30 0.0981274
chair 0 0 -10 184.29 26.90 375.63 270.16 0.0799063
chair 0 0 -10 1.85 28.36 55.46 247.96 0.0319896
table 0 0 -10 0.88 56.87 52.34 252.02 0.0313245
table 0 0 -10 169.92 67.02 346.27 274.89 0.0278079
chair 0 0 -10 10.05 0.77 210.04 195.92 0.0264203
sofa 0 0 -10 130.66 11.27 519.00 332.68 0.0182183
chair 0 0 -10 253.71 45.07 447.14 359.80 0.0169668
chair 0 0 -10 44.95 0.85 317.41 270.85 0.0168083
sofa 0 0 -10 180.03 36.85 368.16 263.60 0.0144941
night_stand 0 0 -10 1.69 60.56 53.93 249.06 0.0143688
bed 0 0 -10 0.91 1.75 56.67 231.29 0.0135521
table 0 0 -10 0.04 70.33 28.28 286.50 0.0126812
sofa 0 0 -10 1.64 21.02 52.81 252.24 0.0119991
bed 0 0 -10 0.00 5.12 208.77 188.09 0.0117152
chair 0 0 -10 1.43 98.25 41.29 252.84 0.0112913
table 0 0 -10 214.89 111.96 398.21 259.92 0.0080186
table 0 0 -10 0.00 17.42 71.06 190.19 0.0079973
sofa 0 0 -10 4.41 3.92 99.47 213.50 0.0076458
chair 0 0 -10 425.48 2.77 591.00 297.66 0.0075282
dresser 0 0 -10 290.98 39.99 591.00 426.52 0.0073083
bed 0 0 -10 197.40 26.18 508.36 320.97 0.0072728
table 0 0 -10 0.40 144.42 38.52 277.34 0.0068330
night_stand 0 0 -10 268.91 49.56 577.75 441.00 0.0060724
desk 0 0 -10 0.99 49.96 52.05 254.42 0.0059621
bookshelf 0 0 -10 285.78 34.26 590.67 430.66 0.0056191
night_stand 0 0 -10 0.35 114.25 41.08 288.81 0.0055586
table 0 0 -10 1.60 170.90 55.24 214.57 0.0051097
sofa 0 0 -10 0.69 109.92 30.18 334.26 0.0050926
table 0 0 -10 3.12 128.07 54.92 232.50 0.0050506
chair 0 0 -10 120.14 32.24 492.85 407.57 0.0047130
dresser 0 0 -10 0.93 44.10 52.49 248.55 0.0043837
table 0 0 -10 0.00 195.83 21.41 257.39 0.0042782
table 0 0 -10 201.14 41.27 531.65 315.40 0.0040995
table 0 0 -10 0.00 220.05 19.45 234.90 0.0039126
table 0 0 -10 23.30 69.50 326.47 273.56 0.0037865
table 0 0 -10 2.80 186.43 12.97 251.13 0.0033349
table 0 0 -10 93.79 57.69 415.09 411.87 0.0032470
table 0 0 -10 0.00 71.40 44.98 394.43 0.0032326
table 0 0 -10 0.00 201.78 19.58 218.15 0.0031555
table 0 0 -10 0.00 210.60 19.25 227.30 0.0030490
table 0 0 -10 2.06 188.29 40.79 208.71 0.0029553
chair 0 0 -10 1.35 157.55 50.41 200.95 0.0027797
table 0 0 -10 0.66 200.44 40.86 242.34 0.0027766
sofa 0 0 -10 1.78 98.45 40.48 258.04 0.0025723
chair 0 0 -10 2.51 0.00 106.72 223.83 0.0025064
table 0 0 -10 547.32 211.38 590.55 430.14 0.0024887
dresser 0 0 -10 1.06 8.48 206.44 178.55 0.0024496
table 0 0 -10 0.11 195.95 20.51 211.29 0.0024337
table 0 0 -10 0.41 171.16 28.73 242.34 0.0024322
toilet 0 0 -10 263.23 43.58 559.93 432.98 0.0023685
chair 0 0 -10 492.54 85.26 590.48 234.27 0.0023103
table 0 0 -10 0.79 125.03 32.97 215.02 0.0021739
bathtub 0 0 -10 292.29 97.53 576.80 427.08 0.0021584
table 0 0 -10 337.96 286.99 551.69 441.00 0.0021520
bed 0 0 -10 109.96 22.27 373.46 265.96 0.0021376
table 0 0 -10 0.40 189.52 24.48 206.55 0.0021330
table 0 0 -10 243.17 236.03 579.14 441.00 0.0021065
table 0 0 -10 6.68 192.84 15.17 261.42 0.0020673
table 0 0 -10 1.91 74.60 14.52 259.22 0.0019700
bed 0 0 -10 0.00 109.80 31.18 338.03 0.0019061
table 0 0 -10 1.95 114.30 19.50 305.81 0.0019014
table 0 0 -10 432.39 174.24 589.31 426.99 0.0019006
table 0 0 -10 0.00 215.01 15.10 230.81 0.0018472
desk 0 0 -10 172.33 55.99 392.47 276.26 0.0017172
night_stand 0 0 -10 185.46 60.05 394.13 276.30 0.0016785
chair 0 0 -10 295.07 111.65 445.09 262.47 0.0015963
chair 0 0 -10 0.49 119.03 68.11 288.82 0.0015728
table 0 0 -10 0.38 183.54 26.05 201.20 0.0015058
bed 0 0 -10 2.03 80.07 43.62 264.32 0.0015046
bed 0 0 -10 247.40 225.43 587.65 437.92 0.0015003
table 0 0 -10 0.00 205.68 14.49 222.75 0.0014820
table 0 0 -10 1.31 56.13 21.36 214.44 0.0013274
bed 0 0 -10 388.38 158.62 588.14 409.76 0.0012756
toilet 0 0 -10 1.29 51.27 53.52 251.84 0.0012640
table 0 0 -10 0.00 223.55 14.47 238.83 0.0012431
desk 0 0 -10 437.12 171.11 590.51 424.03 0.0011977
table 0 0 -10 0.00 28.63 36.92 187.88 0.0011774
sofa 0 0 -10 1.86 6.09 62.64 148.64 0.0011749
chair 0 0 -10 0.79 80.68 22.59 242.19 0.0011639
chair 0 0 -10 3.50 0.00 143.74 375.41 0.0011488
table 0 0 -10 1.35 187.02 55.39 232.93 0.0011415
table 0 0 -10 0.00 7.66 194.59 177.82 0.0011135
sofa 0 0 -10 5.42 25.20 137.40 371.96 0.0010950
chair 0 0 -10 495.56 115.17 586.81 411.16 0.0010890
desk 0 0 -10 549.26 208.54 590.91 429.02 0.0010636
dresser 0 0 -10 0.06 115.00 30.33 337.20 0.0010317
table 0 0 -10 1.40 79.31 88.20 361.45 0.0010280
bookshelf 0 0 -10 1.77 30.34 52.97 246.91 0.0010054
bed 0 0 -10 0.00 44.67 46.65 385.07 0.0009892
chair 0 0 -10 545.40 206.31 590.38 425.82 0.0009416
chair 0 0 -10 5.75 82.88 53.18 355.59 0.0009384
sofa 0 0 -10 1.16 0.00 234.74 395.27 0.0009169
bed 0 0 -10 0.00 63.34 99.97 433.54 0.0009048
