bed 0 0 -10 1.29 162.86 586.14 441.00 0.9838644
bed 0 0 -10 0.54 187.37 149.66 377.33 0.2044151
bed 0 0 -10 0.00 188.38 250.96 437.24 0.1040995
chair 0 0 -10 329.24 58.57 492.07 207.47 0.0838212
table 0 0 -10 293.50 99.21 512.71 220.28 0.0769806
desk 0 0 -10 330.27 104.12 483.48 213.93 0.0529325
chair 0 0 -10 301.09 120.50 457.92 213.30 0.0336010
desk 0 0 -10 299.73 88.33 514.66 255.88 0.0195688
sofa 0 0 -10 144.58 123.77 576.01 433.76 0.0185194
bed 0 0 -10 334.40 203.75 587.29 438.53 0.0152342
table 0 0 -10 147.52 130.12 591.00 436.77 0.0132219
chair 0 0 -10 235.33 138.22 541.65 434.97 0.0123125
bed 0 0 -10 237.91 103.71 550.62 401.31 0.0114332
table 0 0 -10 280.69 100.66 558.05 299.36 0.0077831
chair 0 0 -10 301.76 34.42 544.59 243.09 0.0070771
dresser 0 0 -10 248.77 108.73 538.21 388.18 0.0054364
chair 0 0 -10 266.71 100.43 477.98 242.84 0.0046226
bed 0 0 -10 447.23 216.74 590.25 427.62 0.0041125
night_stand 0 0 -10 249.95 111.96 535.38 382.39 0.0032578
desk 0 0 -10 241.54 105.43 549.14 395.93 0.0031432
chair 0 0 -10 355.38 131.77 468.75 268.39 0.0026781
bed 0 0 -10 157.93 297.96 579.35 439.26 0.0021424
sofa 0 0 -10 7.03 140.14 409.31 441.00 0.0018423
bed 0 0 -10 16.99 192.99 239.39 287.87 0.0017366
bed 0 0 -10 405.90 123.98 591.00 384.62 0.0016565
bed 0 0 -10 56.41 247.44 411.03 441.00 0.0016462
table 0 0 -10 339.69 81.30 500.78 188.22 0.0014321
chair 0 0 -10 394.74 49.10 505.19 196.73 0.0014151
chair 0 0 -10 353.18 108.62 527.43 242.75 0.0013837
chair 0 0 -10 403.36 133.15 590.01 322.27 0.0013406
dresser 0 0 -10 323.83 69.68 491.66 221.68 0.0011787
chair 0 0 -10 226.55 113.47 500.39 315.18 0.0011437
dresser 0 0 -10 294.15 93.37 571.18 291.06 0.0011180
chair 0 0 -10 125.19 125.78 422.60 413.04 0.0010879
bed 0 0 -10 0.00 180.38 107.91 309.33 0.0010523
bed 0 0 -10 47.63 173.64 264.14 336.50 0.0010302
night_stand 0 0 -10 179.70 171.00 579.88 436.97 0.0010195
bookshelf 0 0 -10 249.67 100.47 538.39 383.52 0.0010022
dresser 0 0 -10 113.89 140.13 568.77 441.00 0.0009927
night_stand 0 0 -10 316.61 65.38 502.73 236.08 0.0008751
toilet 0 0 -10 231.92 145.44 530.85 439.03 0.0008363
bed 0 0 -10 546.21 233.43 590.70 438.10 0.0008063
chair 0 0 -10 10.73 199.22 359.63 441.00 0.0007239
desk 0 0 -10 21.05 98.33 591.00 439.52 0.0007077
table 0 0 -10 255.19 130.38 457.29 227.21 0.0005911
bathtub 0 0 -10 242.75 105.41 544.66 370.96 0.0005689
chair 0 0 -10 356.21 121.52 447.37 201.07 0.0005626
chair 0 0 -10 4.64 193.10 179.24 438.24 0.0005445
table 0 0 -10 7.00 152.24 417.75 441.00 0.0005297
bookshelf 0 0 -10 57.07 38.52 580.03 413.93 0.0005263
chair 0 0 -10 404.04 101.25 486.71 186.58 0.0005117
chair 0 0 -10 397.94 93.09 551.58 215.24 0.0004985
bed 0 0 -10 562.62 293.20 591.00 441.00 0.0004968
chair 0 0 -10 393.73 99.38 438.78 201.19 0.0004967
bed 0 0 -10 71.37 146.47 317.23 394.15 0.0004701
chair 0 0 -10 183.00 29.48 460.17 212.28 0.0004628
table 0 0 -10 404.68 122.33 585.48 293.63 0.0004574
chair 0 0 -10 23.53 54.81 539.35 406.84 0.0004536
bed 0 0 -10 14.71 7.15 510.72 224.38 0.0004361
sofa 0 0 -10 4.40 180.72 150.54 366.81 0.0004296
bathtub 0 0 -10 176.18 168.80 590.26 433.22 0.0004215
table 0 0 -10 580.44 319.67 590.97 438.32 0.0004119
bed 0 0 -10 0.31 191.71 76.10 431.48 0.0003640
bed 0 0 -10 11.63 315.27 319.03 440.98 0.0003611
chair 0 0 -10 354.92 252.46 586.05 437.95 0.0003444
bed 0 0 -10 496.11 112.40 591.00 409.61 0.0003443
bed 0 0 -10 281.24 39.38 570.31 260.46 0.0003322
desk 0 0 -10 365.17 60.24 492.76 202.00 0.0003261
chair 0 0 -10 302.72 150.89 472.92 298.31 0.0003218
sofa 0 0 -10 2.42 182.53 254.49 427.23 0.0002980
night_stand 0 0 -10 305.03 133.97 510.78 304.24 0.0002948
night_stand 0 0 -10 299.49 114.23 464.32 214.80 0.0002653
night_stand 0 0 -10 369.04 147.78 581.16 295.16 0.0002638
chair 0 0 -10 20.47 305.19 283.06 439.76 0.0002455
chair 0 0 -10 483.64 88.97 590.54 298.90 0.0002390
bed 0 0 -10 578.71 286.45 591.00 441.00 0.0002380
bed 0 0 -10 478.10 162.75 589.16 301.69 0.0002288
table 0 0 -10 17.93 299.14 315.72 441.00 0.0002271
bed 0 0 -10 0.00 47.36 195.36 328.67 0.0002250
dresser 0 0 -10 402.87 123.70 582.72 296.91 0.0002196
dresser 0 0 -10 464.61 160.61 586.15 294.22 0.0002142
chair 0 0 -10 220.53 308.93 570.35 437.78 0.0002135
table 0 0 -10 563.76 295.99 590.93 438.20 0.0002101
bed 0 0 -10 15.18 135.02 455.65 307.08 0.0002063
chair 0 0 -10 1.43 166.49 104.46 412.99 0.0001980
desk 0 0 -10 364.59 139.47 581.59 299.99 0.0001903
chair 0 0 -10 447.40 0.41 579.19 118.49 0.0001881
desk 0 0 -10 368.44 98.28 540.72 232.98 0.0001880
table 0 0 -10 340.68 214.82 588.24 434.82 0.0001809
bed 0 0 -10 554.96 113.67 590.96 413.52 0.0001802
bed 0 0 -10 298.08 106.24 466.25 216.08 0.0001759
chair 0 0 -10 498.47 0.00 589.49 100.87 0.0001734
table 0 0 -10 3.75 180.29 197.49 420.05 0.0001685
table 0 0 -10 572.26 416.59 590.64 440.77 0.0001669
table 0 0 -10 185.44 114.66 505.95 250.02 0.0001669
sofa 0 0 -10 15.55 297.36 311.02 441.00 0.0001654
table 0 0 -10 477.99 91.48 584.48 341.03 0.0001649
chair 0 0 -10 435.12 4.07 530.93 94.82 0.0001627
chair 0 0 -10 29.06 369.74 288.05 441.00 0.0001620
bed 0 0 -10 167.39 156.20 463.25 361.10 0.0001619
