chair 0 0 -10 214.02 179.36 342.02 399.19 0.9815624
chair 0 0 -10 318.34 179.56 454.04 394.30 0.9632089
table 0 0 -10 218.94 125.85 469.49 367.61 0.1867778
desk 0 0 -10 213.75 122.45 476.61 380.91 0.1860038
sofa 0 0 -10 3.22 317.02 207.27 441.00 0.0293427
table 0 0 -10 323.08 225.43 453.49 388.53 0.0243563
table 0 0 -10 209.34 217.88 342.86 405.62 0.0224504
chair 0 0 -10 268.50 189.80 402.98 410.16 0.0157604
chair 0 0 -10 5.98 318.86 290.66 441.00 0.0090277
chair 0 0 -10 325.62 161.81 454.47 291.88 0.0084868
table 0 0 -10 225.63 218.17 446.00 410.25 0.0071149
desk 0 0 -10 213.02 218.01 339.01 390.04 0.0053108
table 0 0 -10 73.69 150.63 484.25 418.95 0.0046064
table 0 0 -10 28.87 316.53 229.11 437.95 0.0040308
table 0 0 -10 291.87 163.54 458.90 305.72 0.0038761
chair 0 0 -10 221.88 173.58 340.74 281.10 0.0038351
chair 0 0 -10 233.25 141.96 429.53 369.02 0.0036846
desk 0 0 -10 323.36 217.62 452.20 388.06 0.0035966
desk 0 0 -10 208.75 78.73 484.00 276.75 0.0033743
chair 0 0 -10 292.17 84.07 468.13 356.82 0.0029307
desk 0 0 -10 65.74 145.64 496.65 426.58 0.0027569
chair 0 0 -10 133.69 188.63 387.84 431.10 0.0024132
chair 0 0 -10 182.68 159.51 348.80 315.68 0.0016084
bookshelf 0 0 -10 218.68 29.68 481.06 393.56 0.0015367
table 0 0 -10 23.48 301.45 373.88 426.42 0.0014191
chair 0 0 -10 216.71 170.23 259.18 394.84 0.0011756
table 0 0 -10 221.42 66.90 477.12 229.06 0.0010456
desk 0 0 -10 162.96 28.61 529.88 355.33 0.0010308
chair 0 0 -10 225.87 257.15 461.68 423.78 0.0008118
table 0 0 -10 531.83 322.04 588.52 427.35 0.0008037
desk 0 0 -10 298.82 161.69 459.34 314.92 0.0007794
table 0 0 -10 212.07 184.21 337.82 327.53 0.0007603
chair 0 0 -10 556.02 389.76 590.08 441.00 0.0006727
sofa 0 0 -10 324.12 195.09 452.53 381.86 0.0006548
dresser 0 0 -10 243.98 134.21 471.26 412.11 0.0005668
sofa 0 0 -10 80.21 150.11 489.92 425.09 0.0005331
sofa 0 0 -10 213.49 193.46 338.36 384.89 0.0005330
chair 0 0 -10 0.88 207.89 236.99 429.38 0.0005321
bookshelf 0 0 -10 0.59 0.00 39.35 333.05 0.0005055
desk 0 0 -10 212.37 140.16 486.36 235.09 0.0005032
chair 0 0 -10 314.98 269.85 440.05 406.45 0.0005028
chair 0 0 -10 574.13 385.63 590.56 441.00 0.0004824
table 0 0 -10 141.44 248.98 349.65 431.88 0.0004739
chair 0 0 -10 203.69 277.00 356.82 427.90 0.0004678
chair 0 0 -10 264.58 130.40 386.61 277.96 0.0004387
chair 0 0 -10 19.43 284.72 468.12 441.00 0.0004165
sofa 0 0 -10 4.08 283.75 503.48 439.89 0.0004104
chair 0 0 -10 322.74 72.20 503.54 261.21 0.0003868
chair 0 0 -10 369.72 182.56 458.87 352.47 0.0003853
bed 0 0 -10 4.39 315.86 208.27 441.00 0.0003780
table 0 0 -10 568.88 371.01 589.67 440.30 0.0003773
table 0 0 -10 43.20 244.45 224.13 338.90 0.0003750
table 0 0 -10 222.45 137.87 475.75 208.12 0.0003750
table 0 0 -10 566.01 253.80 590.26 441.00 0.0003746
chair 0 0 -10 28.17 68.67 323.81 420.60 0.0003612
bookshelf 0 0 -10 224.43 116.37 471.17 289.17 0.0003612
table 0 0 -10 41.38 203.21 281.69 348.91 0.0003491
chair 0 0 -10 270.49 40.73 531.04 415.65 0.0003355
bookshelf 0 0 -10 322.57 133.21 464.76 381.82 0.0003330
table 0 0 -10 555.66 389.80 588.21 440.68 0.0003201
chair 0 0 -10 557.21 314.47 590.25 438.30 0.0003030
table 0 0 -10 544.89 360.64 587.40 427.57 0.0002842
bookshelf 0 0 -10 217.02 196.65 336.06 389.70 0.0002802
toilet 0 0 -10 323.82 205.53 446.94 387.24 0.0002733
table 0 0 -10 0.00 261.96 116.69 412.21 0.0002683
toilet 0 0 -10 199.78 201.73 344.88 416.94 0.0002672
desk 0 0 -10 218.75 183.04 395.81 414.60 0.0002618
chair 0 0 -10 0.20 312.76 61.03 437.34 0.0002541
dresser 0 0 -10 215.17 205.18 336.99 390.15 0.0002534
bathtub 0 0 -10 566.62 248.14 591.00 439.27 0.0002467
table 0 0 -10 577.81 397.60 589.72 428.37 0.0002403
night_stand 0 0 -10 323.43 212.94 453.29 387.01 0.0002369
night_stand 0 0 -10 213.09 211.69 339.91 390.36 0.0002359
table 0 0 -10 498.81 367.50 587.30 440.05 0.0002321
bed 0 0 -10 78.98 136.00 485.70 428.38 0.0002260
bed 0 0 -10 323.97 201.09 451.73 388.34 0.0002244
desk 0 0 -10 12.11 281.69 501.80 438.34 0.0002231
table 0 0 -10 574.15 320.53 590.19 440.66 0.0002231
table 0 0 -10 562.15 304.73 582.60 438.81 0.0002206
bathtub 0 0 -10 237.55 136.26 476.88 418.69 0.0002202
chair 0 0 -10 223.22 227.72 323.94 259.61 0.0002114
bed 0 0 -10 214.45 199.07 337.71 392.95 0.0002088
dresser 0 0 -10 325.66 203.14 460.49 418.46 0.0001970
table 0 0 -10 0.01 211.01 29.90 425.90 0.0001924
desk 0 0 -10 199.50 251.35 474.49 418.66 0.0001914
chair 0 0 -10 215.10 186.16 228.03 382.23 0.0001861
sofa 0 0 -10 239.09 146.96 471.52 382.36 0.0001859
sofa 0 0 -10 5.75 197.07 248.65 422.53 0.0001842
bathtub 0 0 -10 575.00 114.58 591.00 440.05 0.0001828
bed 0 0 -10 6.51 100.53 233.22 393.92 0.0001818
chair 0 0 -10 121.55 102.85 323.88 308.97 0.0001804
bathtub 0 0 -10 532.28 319.89 591.00 424.61 0.0001804
sofa 0 0 -10 0.00 343.31 367.80 441.00 0.0001775
night_stand 0 0 -10 247.10 134.00 470.20 404.95 0.0001762
chair 0 0 -10 73.02 167.98 296.49 350.54 0.0001716
table 0 0 -10 579.56 390.08 590.14 416.76 0.0001715
dresser 0 0 -10 225.57 82.46 470.85 288.44 0.0001707
chair 0 0 -10 326.54 298.36 498.48 433.84 0.0001699
table 0 0 -10 334.34 209.20 458.18 312.53 0.0001673
toilet 0 0 -10 250.55 144.89 468.76 428.71 0.0001649
