table 0 0 -10 500.54 0.19 591.00 68.37 0.3185733
bed 0 0 -10 116.44 48.19 301.94 281.63 0.2590322
sofa 0 0 -10 327.53 6.40 510.81 128.06 0.2147954
chair 0 0 -10 548.88 66.94 588.88 308.50 0.1162710
night_stand 0 0 -10 498.25 1.10 591.00 73.93 0.0995048
sofa 0 0 -10 113.77 50.75 305.20 278.21 0.0801777
chair 0 0 -10 110.42 48.72 301.97 296.07 0.0615610
desk 0 0 -10 502.46 1.35 590.27 69.12 0.0578841
dresser 0 0 -10 112.03 50.19 305.95 280.78 0.0507942
chair 0 0 -10 350.30 2.41 524.69 168.21 0.0488396
chair 0 0 -10 500.64 1.49 591.00 66.32 0.0318250
table 0 0 -10 556.56 72.64 589.32 324.78 0.0271442
chair 0 0 -10 529.20 87.84 589.90 413.08 0.0265751
night_stand 0 0 -10 125.03 35.64 304.37 294.52 0.0217706
table 0 0 -10 362.67 33.68 515.49 170.51 0.0197492
bed 0 0 -10 0.00 0.00 266.34 424.26 0.0149620
bed 0 0 -10 324.46 1.50 514.86 146.10 0.0121686
sofa 0 0 -10 359.77 24.95 521.32 176.76 0.0121395
night_stand 0 0 -10 132.67 197.16 288.52 295.73 0.0112815
table 0 0 -10 124.99 63.69 311.54 275.43 0.0108253
bookshelf 0 0 -10 212.39 0.00 297.65 85.04 0.0099235
table 0 0 -10 531.71 33.38 590.00 371.61 0.0088436
chair 0 0 -10 169.70 60.54 305.17 236.27 0.0086959
bed 0 0 -10 101.09 6.72 353.67 350.86 0.0083128
bookshelf 0 0 -10 114.54 38.48 303.93 276.15 0.0081600
table 0 0 -10 322.15 8.63 506.27 125.63 0.0081417
night_stand 0 0 -10 364.20 28.31 520.02 176.73 0.0075572
chair 0 0 -10 481.32 189.52 588.71 431.80 0.0075231
chair 0 0 -10 544.25 199.96 590.39 435.90 0.0074558
chair 0 0 -10 528.77 146.40 588.77 304.12 0.0071345
chair 0 0 -10 202.78 3.07 291.83 89.08 0.0066522
table 0 0 -10 145.94 2.40 292.33 86.57 0.0065527
night_stand 0 0 -10 215.93 8.29 299.10 85.44 0.0064522
table 0 0 -10 210.96 2.54 297.50 80.67 0.0062361
bookshelf 0 0 -10 131.10 4.54 287.87 88.88 0.0062052
dresser 0 0 -10 151.58 3.15 292.58 85.70 0.0058850
dresser 0 0 -10 348.50 6.11 510.70 166.15 0.0058829
table 0 0 -10 163.88 52.84 302.96 185.04 0.0058676
dresser 0 0 -10 0.00 0.00 143.00 436.10 0.0053195
sofa 0 0 -10 67.50 12.45 371.34 332.32 0.0050578
desk 0 0 -10 118.13 51.39 312.50 277.03 0.0048030
toilet 0 0 -10 536.53 77.46 590.05 316.79 0.0046819
dresser 0 0 -10 176.53 66.01 302.17 224.49 0.0045510
bed 0 0 -10 58.38 0.00 472.57 439.78 0.0040890
bed 0 0 -10 168.75 51.37 305.27 204.62 0.0040095
table 0 0 -10 489.92 8.07 588.85 187.44 0.0038595
chair 0 0 -10 216.26 0.17 283.06 54.37 0.0037726
night_stand 0 0 -10 151.86 0.86 294.20 84.35 0.0035756
table 0 0 -10 0.20 184.74 118.02 441.00 0.0035250
night_stand 0 0 -10 168.07 53.74 301.43 185.49 0.0034087
dresser 0 0 -10 500.06 0.37 590.48 73.31 0.0033667
sofa 0 0 -10 89.47 7.77 550.36 428.65 0.0031759
table 0 0 -10 107.59 35.31 543.04 434.17 0.0031489
chair 0 0 -10 55.49 31.25 333.36 434.23 0.0028175
table 0 0 -10 530.94 234.29 587.77 441.00 0.0026749
bathtub 0 0 -10 112.13 54.23 306.93 277.50 0.0025522
dresser 0 0 -10 220.50 6.69 297.81 89.70 0.0025069
sofa 0 0 -10 260.88 9.98 542.67 199.22 0.0022934
table 0 0 -10 433.80 0.00 579.76 80.15 0.0022605
table 0 0 -10 382.73 3.21 551.87 104.61 0.0022595
bathtub 0 0 -10 535.76 77.92 591.00 320.00 0.0022555
toilet 0 0 -10 126.41 58.17 311.74 279.03 0.0022186
night_stand 0 0 -10 332.86 10.00 502.36 116.76 0.0022182
table 0 0 -10 572.18 79.09 590.33 357.89 0.0021982
table 0 0 -10 111.75 27.82 370.80 344.80 0.0020683
sofa 0 0 -10 556.87 72.93 589.21 327.26 0.0019896
table 0 0 -10 7.67 24.37 255.03 422.60 0.0019639
table 0 0 -10 549.95 133.31 589.38 411.78 0.0018966
chair 0 0 -10 312.42 0.52 518.10 98.73 0.0018746
sofa 0 0 -10 326.92 5.60 507.46 67.09 0.0018249
desk 0 0 -10 548.47 55.18 588.14 340.59 0.0017956
chair 0 0 -10 568.01 32.96 590.59 331.89 0.0017664
chair 0 0 -10 515.73 205.80 587.96 342.59 0.0017272
desk 0 0 -10 176.36 65.51 305.82 223.33 0.0016918
table 0 0 -10 558.83 245.03 589.16 415.69 0.0016753
table 0 0 -10 131.98 175.60 300.73 297.21 0.0016658
desk 0 0 -10 142.33 0.60 299.51 87.09 0.0016616
dresser 0 0 -10 104.36 5.87 176.74 249.60 0.0016525
bed 0 0 -10 499.16 0.00 590.40 74.54 0.0016147
sofa 0 0 -10 171.46 65.73 302.68 221.60 0.0015917
desk 0 0 -10 94.45 24.60 557.00 434.79 0.0015879
sofa 0 0 -10 494.85 0.88 591.00 74.55 0.0015830
dresser 0 0 -10 301.81 1.84 512.58 98.78 0.0015778
table 0 0 -10 82.34 241.06 563.51 441.00 0.0015556
bookshelf 0 0 -10 330.10 0.02 509.79 125.90 0.0015227
chair 0 0 -10 155.69 6.96 290.69 127.93 0.0014301
bed 0 0 -10 110.31 1.75 284.58 103.26 0.0013906
bed 0 0 -10 0.00 168.24 124.44 439.00 0.0013518
desk 0 0 -10 214.45 3.49 297.04 83.38 0.0012698
sofa 0 0 -10 422.15 0.49 572.95 79.39 0.0012330
chair 0 0 -10 0.40 181.50 126.91 436.42 0.0011649
chair 0 0 -10 473.12 0.00 590.74 109.72 0.0011494
dresser 0 0 -10 134.05 0.55 393.46 110.08 0.0011417
table 0 0 -10 129.98 0.00 222.63 89.22 0.0011179
sofa 0 0 -10 117.14 6.97 281.94 99.12 0.0010856
bookshelf 0 0 -10 179.39 55.98 301.98 222.28 0.0010436
sofa 0 0 -10 548.49 217.31 589.18 440.44 0.0010319
chair 0 0 -10 153.85 1.99 262.33 66.84 0.0010132
dresser 0 0 -10 10.44 4.10 242.49 312.44 0.0010021
bed 0 0 -10 557.13 55.72 590.42 309.40 0.0009990
