toilet 0 0 -10 0.00 0.00 350.05 370.87 0.9629338
chair 0 0 -10 0.00 0.00 333.29 368.07 0.2075252
chair 0 0 -10 2.20 16.78 96.86 324.43 0.0702824
bathtub 0 0 -10 8.48 20.79 337.00 403.65 0.0241412
chair 0 0 -10 0.36 57.34 55.37 392.40 0.0142110
toilet 0 0 -10 149.45 13.81 382.08 380.08 0.0132291
table 0 0 -10 0.00 9.89 338.28 362.43 0.0102034
table 0 0 -10 2.75 98.91 61.82 335.86 0.0093171
chair 0 0 -10 0.00 231.55 46.74 435.16 0.0060651
desk 0 0 -10 0.00 9.67 341.12 365.94 0.0053799
sofa 0 0 -10 6.87 8.39 342.07 398.31 0.0045845
chair 0 0 -10 2.51 82.18 69.72 238.48 0.0038456
chair 0 0 -10 0.00 0.00 145.11 241.06 0.0038214
bookshelf 0 0 -10 12.02 4.58 336.40 398.32 0.0034119
table 0 0 -10 0.00 181.12 47.92 439.44 0.0031924
dresser 0 0 -10 5.65 7.11 342.07 360.98 0.0031433
table 0 0 -10 0.00 271.24 41.55 395.94 0.0030594
bed 0 0 -10 7.69 8.31 351.12 413.31 0.0030460
night_stand 0 0 -10 2.71 10.72 353.94 387.30 0.0029929
chair 0 0 -10 0.52 120.88 80.88 291.18 0.0029467
chair 0 0 -10 0.00 5.70 73.28 196.72 0.0018000
table 0 0 -10 3.93 28.46 124.70 361.26 0.0017073
table 0 0 -10 0.03 295.59 22.86 364.50 0.0016388
chair 0 0 -10 535.41 3.59 589.52 160.16 0.0015886
table 0 0 -10 0.19 306.41 41.34 349.29 0.0015087
chair 0 0 -10 0.00 163.82 73.03 440.38 0.0014302
desk 0 0 -10 0.00 68.12 59.71 384.11 0.0014213
sofa 0 0 -10 2.59 87.61 46.90 349.79 0.0012892
chair 0 0 -10 0.57 13.92 170.41 414.13 0.0012499
table 0 0 -10 2.81 216.20 29.91 412.40 0.0011641
bathtub 0 0 -10 101.76 4.74 566.76 360.45 0.0010853
bathtub 0 0 -10 502.36 158.86 591.00 419.25 0.0008328
table 0 0 -10 0.76 122.97 107.28 441.00 0.0007874
table 0 0 -10 231.27 32.89 579.38 440.13 0.0007610
chair 0 0 -10 0.16 18.00 34.23 311.92 0.0007538
bathtub 0 0 -10 0.00 67.35 62.96 400.84 0.0007397
table 0 0 -10 550.26 6.26 588.19 149.45 0.0007043
bathtub 0 0 -10 510.19 196.19 591.00 326.98 0.0006917
toilet 0 0 -10 91.76 0.00 559.14 392.31 0.0006515
chair 0 0 -10 0.00 0.00 281.89 209.68 0.0006202
table 0 0 -10 53.41 0.00 499.24 421.02 0.0005936
bathtub 0 0 -10 152.94 123.28 587.31 428.13 0.0005801
table 0 0 -10 0.63 92.29 33.85 409.61 0.0005507
table 0 0 -10 2.81 240.23 76.80 441.00 0.0005308
table 0 0 -10 0.06 291.89 36.92 329.45 0.0005092
table 0 0 -10 6.33 135.11 20.43 406.86 0.0005072
chair 0 0 -10 565.15 0.00 590.37 156.52 0.0004633
table 0 0 -10 0.63 36.22 76.33 255.83 0.0004325
bathtub 0 0 -10 152.28 21.93 353.33 322.08 0.0004298
table 0 0 -10 542.48 31.14 588.21 102.96 0.0004280
chair 0 0 -10 486.80 0.00 588.10 159.06 0.0004169
table 0 0 -10 0.32 121.95 58.51 211.45 0.0003859
chair 0 0 -10 0.00 124.18 47.31 257.52 0.0003801
bookshelf 0 0 -10 0.82 49.54 60.02 380.40 0.0003670
dresser 0 0 -10 0.02 63.02 60.20 377.09 0.0003660
desk 0 0 -10 0.00 177.50 47.11 437.59 0.0003306
bed 0 0 -10 236.82 37.49 588.27 441.00 0.0003305
table 0 0 -10 7.42 0.00 227.33 144.59 0.0003206
bathtub 0 0 -10 187.06 0.00 591.00 181.85 0.0003039
bed 0 0 -10 0.00 55.36 61.18 376.29 0.0003021
table 0 0 -10 1.45 227.81 16.73 435.17 0.0003000
toilet 0 0 -10 0.00 67.80 60.17 394.25 0.0002941
sofa 0 0 -10 0.88 170.36 47.48 433.17 0.0002888
bathtub 0 0 -10 426.62 151.69 591.00 384.22 0.0002844
table 0 0 -10 6.49 0.00 207.06 73.34 0.0002778
chair 0 0 -10 0.00 0.00 127.06 124.10 0.0002773
table 0 0 -10 7.99 250.77 21.82 430.49 0.0002773
chair 0 0 -10 0.00 277.11 187.56 441.00 0.0002691
chair 0 0 -10 577.66 0.00 591.00 157.92 0.0002571
table 0 0 -10 0.37 147.64 98.92 301.02 0.0002497
table 0 0 -10 3.57 130.07 40.45 271.52 0.0002492
chair 0 0 -10 5.43 57.63 99.99 212.45 0.0002470
chair 0 0 -10 0.00 0.00 44.51 147.62 0.0002469
bathtub 0 0 -10 0.00 177.93 49.42 433.01 0.0002462
bathtub 0 0 -10 254.63 54.43 591.00 302.29 0.0002405
chair 0 0 -10 6.49 238.08 29.67 427.23 0.0002336
table 0 0 -10 0.00 320.29 44.05 363.93 0.0002283
toilet 0 0 -10 182.72 164.88 424.25 416.82 0.0002275
table 0 0 -10 8.97 6.09 59.95 166.83 0.0002229
chair 0 0 -10 6.13 33.63 36.85 220.08 0.0002193
chair 0 0 -10 542.98 26.77 590.80 102.85 0.0002120
desk 0 0 -10 3.21 24.01 123.83 360.02 0.0001965
desk 0 0 -10 0.23 113.16 90.11 293.16 0.0001960
chair 0 0 -10 7.57 55.18 18.72 436.76 0.0001922
chair 0 0 -10 0.75 103.30 52.13 186.62 0.0001774
table 0 0 -10 3.56 200.80 7.93 395.02 0.0001666
table 0 0 -10 533.45 183.53 588.98 414.74 0.0001642
chair 0 0 -10 11.72 359.50 328.97 441.00 0.0001632
table 0 0 -10 229.49 0.86 574.69 83.57 0.0001538
table 0 0 -10 5.17 1.46 132.02 127.73 0.0001532
table 0 0 -10 0.00 267.24 165.85 441.00 0.0001505
chair 0 0 -10 0.28 284.55 36.20 369.85 0.0001487
desk 0 0 -10 227.05 33.06 591.00 438.75 0.0001467
table 0 0 -10 159.84 10.61 372.09 368.66 0.0001418
table 0 0 -10 572.75 20.98 589.84 145.26 0.0001392
toilet 0 0 -10 0.00 39.52 174.59 435.51 0.0001390
bathtub 0 0 -10 543.73 156.30 591.00 399.06 0.0001390
sofa 0 0 -10 1.08 110.03 56.05 209.41 0.0001381
table 0 0 -10 519.39 228.98 587.85 302.93 0.0001378
table 0 0 -10 1.40 47.42 194.24 435.38 0.0001329
