sofa 0 0 -10 1.82 208.42 105.50 403.94 0.9033204
dresser 0 0 -10 265.10 156.51 567.39 441.00 0.6387014
desk 0 0 -10 307.76 151.09 583.27 435.24 0.3387860
night_stand 0 0 -10 280.38 144.46 571.80 439.38 0.0570375
table 0 0 -10 292.98 174.37 564.34 439.87 0.0490267
chair 0 0 -10 2.97 217.20 114.01 409.67 0.0406196
dresser 0 0 -10 413.67 166.91 573.16 434.57 0.0162119
table 0 0 -10 352.08 403.91 562.58 439.90 0.0156581
dresser 0 0 -10 503.74 137.79 589.12 433.57 0.0119112
chair 0 0 -10 424.89 399.83 587.53 441.00 0.0074258
dresser 0 0 -10 554.32 154.45 589.65 439.58 0.0073649
sofa 0 0 -10 1.06 189.05 49.64 346.33 0.0063797
table 0 0 -10 4.56 262.15 117.73 428.08 0.0060077
bookshelf 0 0 -10 100.77 0.00 255.23 317.68 0.0055313
table 0 0 -10 500.09 359.68 587.86 441.00 0.0051264
dresser 0 0 -10 94.32 2.65 259.69 309.84 0.0043435
bed 0 0 -10 2.95 242.12 119.27 426.06 0.0041323
bookshelf 0 0 -10 308.67 149.13 575.77 441.00 0.0039725
desk 0 0 -10 285.29 298.67 591.00 437.64 0.0038843
table 0 0 -10 314.70 349.96 580.53 441.00 0.0037627
sofa 0 0 -10 1.80 253.45 81.88 330.59 0.0032997
chair 0 0 -10 504.76 339.43 588.31 441.00 0.0032180
dresser 0 0 -10 300.76 295.93 591.00 435.83 0.0030655
chair 0 0 -10 434.05 352.81 590.47 441.00 0.0029452
chair 0 0 -10 488.96 138.95 591.00 418.99 0.0025012
desk 0 0 -10 352.20 403.58 570.72 440.44 0.0021604
bed 0 0 -10 298.23 128.07 573.87 441.00 0.0019600
table 0 0 -10 509.06 131.24 588.43 441.00 0.0018059
table 0 0 -10 0.00 186.13 98.29 382.97 0.0018024
chair 0 0 -10 1.57 195.85 42.37 245.24 0.0017522
bathtub 0 0 -10 555.50 166.10 590.26 437.60 0.0016679
bathtub 0 0 -10 522.16 138.42 591.00 391.32 0.0016617
desk 0 0 -10 511.24 127.42 591.00 441.00 0.0015842
table 0 0 -10 549.22 339.33 589.97 441.00 0.0015102
bookshelf 0 0 -10 554.75 154.26 589.71 438.90 0.0013840
sofa 0 0 -10 552.72 343.53 590.01 441.00 0.0013456
sofa 0 0 -10 0.82 198.21 35.22 247.93 0.0013010
night_stand 0 0 -10 416.42 181.66 577.21 429.53 0.0012528
dresser 0 0 -10 111.89 3.62 445.62 377.81 0.0011146
bed 0 0 -10 561.54 136.52 590.54 441.00 0.0011134
night_stand 0 0 -10 314.62 305.26 591.00 435.22 0.0010705
table 0 0 -10 53.77 302.21 590.69 440.29 0.0010214
bed 0 0 -10 31.43 136.66 563.79 441.00 0.0010143
table 0 0 -10 552.16 386.08 589.58 439.50 0.0010077
sofa 0 0 -10 366.78 403.01 573.34 441.00 0.0010046
table 0 0 -10 444.90 381.81 580.54 440.18 0.0009534
bed 0 0 -10 500.47 356.78 591.00 441.00 0.0009412
sofa 0 0 -10 1.73 80.46 58.65 376.85 0.0009367
chair 0 0 -10 548.60 336.56 591.00 439.98 0.0009267
sofa 0 0 -10 0.45 191.67 77.00 294.04 0.0008303
bed 0 0 -10 549.88 343.66 591.00 440.95 0.0008169
table 0 0 -10 553.64 160.67 589.48 441.00 0.0008165
sofa 0 0 -10 2.33 192.74 23.35 371.88 0.0007867
chair 0 0 -10 321.30 316.33 591.00 438.74 0.0007717
chair 0 0 -10 522.01 244.72 588.91 438.57 0.0007673
sofa 0 0 -10 0.88 296.27 128.46 438.98 0.0007669
chair 0 0 -10 337.32 167.12 575.99 429.31 0.0007577
bookshelf 0 0 -10 523.03 148.43 586.77 441.00 0.0007441
table 0 0 -10 288.80 151.84 336.26 377.82 0.0007056
desk 0 0 -10 2.49 253.24 117.62 428.26 0.0007010
sofa 0 0 -10 1.24 273.99 57.46 429.50 0.0006447
chair 0 0 -10 464.72 280.19 591.00 441.00 0.0006215
bookshelf 0 0 -10 115.92 0.00 442.59 380.91 0.0005886
desk 0 0 -10 554.24 158.09 590.57 437.17 0.0005833
sofa 0 0 -10 12.86 185.92 391.89 436.93 0.0005667
table 0 0 -10 489.03 294.39 585.06 441.00 0.0005457
dresser 0 0 -10 527.10 233.44 588.94 438.90 0.0005221
chair 0 0 -10 552.16 175.81 590.39 441.00 0.0005218
bed 0 0 -10 363.11 403.98 574.09 441.00 0.0004920
chair 0 0 -10 552.06 384.85 590.92 440.18 0.0004848
chair 0 0 -10 369.89 126.95 439.11 224.82 0.0004848
desk 0 0 -10 59.81 15.21 546.59 420.48 0.0004810
chair 0 0 -10 215.12 351.42 546.33 439.60 0.0004747
chair 0 0 -10 0.28 188.17 79.88 291.72 0.0004653
bathtub 0 0 -10 501.98 360.52 591.00 440.58 0.0004582
sofa 0 0 -10 0.77 193.96 42.61 283.20 0.0004538
table 0 0 -10 38.57 229.78 111.28 394.73 0.0004305
table 0 0 -10 490.71 404.86 586.33 440.48 0.0004270
chair 0 0 -10 0.42 295.71 128.89 436.97 0.0004181
desk 0 0 -10 501.17 358.85 591.00 441.00 0.0004011
dresser 0 0 -10 286.69 139.08 417.39 402.38 0.0003858
bathtub 0 0 -10 254.46 164.59 581.34 429.59 0.0003858
sofa 0 0 -10 557.11 226.19 590.25 441.00 0.0003793
table 0 0 -10 0.24 301.78 53.16 431.62 0.0003773
chair 0 0 -10 341.62 390.09 556.70 440.79 0.0003770
sofa 0 0 -10 504.32 358.21 590.47 441.00 0.0003702
bathtub 0 0 -10 498.97 200.60 591.00 441.00 0.0003698
night_stand 0 0 -10 7.66 251.70 120.40 429.97 0.0003504
chair 0 0 -10 0.41 184.22 62.61 255.74 0.0003462
dresser 0 0 -10 508.12 340.08 588.20 439.80 0.0003443
toilet 0 0 -10 2.04 238.74 120.18 432.37 0.0003412
chair 0 0 -10 7.57 194.63 313.76 439.53 0.0003411
sofa 0 0 -10 1.18 190.02 11.33 377.68 0.0003400
night_stand 0 0 -10 368.40 404.80 573.28 441.00 0.0003303
bookshelf 0 0 -10 497.65 341.96 587.90 439.48 0.0003211
sofa 0 0 -10 7.42 210.46 200.97 405.81 0.0003154
night_stand 0 0 -10 494.63 183.79 591.00 429.04 0.0003098
dresser 0 0 -10 3.72 243.03 117.20 424.43 0.0003050
chair 0 0 -10 464.60 419.74 580.44 440.17 0.0003020
table 0 0 -10 0.00 367.14 31.16 441.00 0.0003003
