bed 0 0 -10 366.39 299.93 591.00 441.00 0.9777309
chair 0 0 -10 145.77 80.71 328.99 349.92 0.9611980
table 0 0 -10 125.77 44.59 348.64 211.60 0.8166322
chair 0 0 -10 513.69 0.00 591.00 90.75 0.6236388
table 0 0 -10 365.34 0.00 584.28 155.17 0.4484391
table 0 0 -10 469.67 12.22 577.94 151.47 0.2456675
desk 0 0 -10 126.57 49.29 351.29 260.46 0.2269488
desk 0 0 -10 365.01 0.94 584.85 162.34 0.2145790
chair 0 0 -10 550.95 0.31 590.78 99.93 0.1946643
chair 0 0 -10 471.93 0.00 591.00 118.73 0.0805221
table 0 0 -10 411.48 0.00 582.59 92.95 0.0586193
table 0 0 -10 364.41 0.00 481.89 135.12 0.0581390
table 0 0 -10 220.19 8.10 574.94 192.49 0.0487697
desk 0 0 -10 469.01 4.02 585.41 174.36 0.0460536
sofa 0 0 -10 362.74 288.11 591.00 441.00 0.0394112
table 0 0 -10 137.35 62.82 333.97 329.48 0.0385327
dresser 0 0 -10 355.69 3.59 576.64 164.65 0.0370819
chair 0 0 -10 487.01 0.00 589.02 51.48 0.0338170
bed 0 0 -10 347.42 116.52 591.00 435.09 0.0325231
chair 0 0 -10 374.53 0.00 505.53 150.78 0.0301909
chair 0 0 -10 163.43 68.04 283.18 228.83 0.0297692
chair 0 0 -10 226.28 17.16 341.68 179.89 0.0281990
desk 0 0 -10 361.05 0.00 489.42 143.84 0.0281148
chair 0 0 -10 569.73 1.60 590.50 106.25 0.0243373
desk 0 0 -10 106.89 7.62 492.09 186.35 0.0207113
dresser 0 0 -10 2.07 159.31 54.75 441.00 0.0185178
chair 0 0 -10 519.88 0.00 589.37 180.71 0.0182405
night_stand 0 0 -10 472.33 11.89 581.20 161.41 0.0181417
chair 0 0 -10 546.34 0.53 577.95 71.60 0.0174774
bed 0 0 -10 165.62 282.18 580.51 441.00 0.0161063
bathtub 0 0 -10 1.61 152.35 71.51 440.42 0.0158949
table 0 0 -10 469.17 5.20 589.60 69.34 0.0158255
chair 0 0 -10 559.38 0.00 590.96 173.69 0.0135808
chair 0 0 -10 185.12 37.08 306.99 170.49 0.0131136
table 0 0 -10 481.20 87.01 585.48 129.91 0.0126683
chair 0 0 -10 504.71 0.39 581.37 34.44 0.0121051
chair 0 0 -10 349.32 291.36 583.72 441.00 0.0114088
chair 0 0 -10 64.56 78.03 272.14 441.00 0.0099401
table 0 0 -10 512.15 0.64 589.07 112.19 0.0097072
table 0 0 -10 554.12 92.01 589.02 158.71 0.0094901
chair 0 0 -10 0.00 135.45 71.92 438.16 0.0094699
dresser 0 0 -10 359.03 1.24 481.16 127.74 0.0094425
bookshelf 0 0 -10 2.50 159.66 53.78 441.00 0.0093639
chair 0 0 -10 442.63 1.23 548.31 131.92 0.0093364
night_stand 0 0 -10 355.82 0.00 484.09 123.82 0.0084636
table 0 0 -10 520.60 86.53 589.23 155.20 0.0084229
chair 0 0 -10 555.95 0.22 590.70 50.45 0.0082547
table 0 0 -10 479.48 67.65 580.52 108.13 0.0082510
toilet 0 0 -10 0.05 147.58 68.02 441.00 0.0079149
table 0 0 -10 349.72 294.48 589.23 441.00 0.0078478
night_stand 0 0 -10 353.28 0.44 576.90 159.80 0.0078212
table 0 0 -10 2.08 171.67 62.84 441.00 0.0072594
chair 0 0 -10 284.95 4.70 521.25 173.87 0.0066974
chair 0 0 -10 569.66 0.92 581.61 74.64 0.0066681
desk 0 0 -10 486.53 15.35 584.40 107.32 0.0063388
table 0 0 -10 492.62 75.81 561.52 140.67 0.0056560
desk 0 0 -10 1.99 121.28 89.54 441.00 0.0047482
chair 0 0 -10 471.76 1.68 567.12 30.06 0.0046200
desk 0 0 -10 90.15 22.99 394.74 376.25 0.0045809
chair 0 0 -10 550.14 21.71 589.32 72.38 0.0044406
desk 0 0 -10 130.45 41.20 341.10 139.27 0.0042377
table 0 0 -10 239.57 44.91 341.59 211.19 0.0041844
table 0 0 -10 428.48 3.85 539.62 136.17 0.0041082
bed 0 0 -10 539.51 296.85 590.50 432.64 0.0039288
chair 0 0 -10 579.22 1.97 590.91 96.09 0.0039119
table 0 0 -10 394.69 53.22 580.08 210.92 0.0037740
dresser 0 0 -10 457.09 13.49 572.69 165.16 0.0036879
desk 0 0 -10 416.35 0.00 585.62 95.01 0.0036472
chair 0 0 -10 481.34 6.26 570.58 76.43 0.0035221
desk 0 0 -10 6.04 182.30 57.21 437.68 0.0035067
sofa 0 0 -10 352.09 130.95 591.00 436.12 0.0034785
chair 0 0 -10 144.76 54.82 272.08 159.62 0.0032881
table 0 0 -10 95.45 21.54 442.59 361.30 0.0032766
chair 0 0 -10 545.78 0.82 584.57 28.08 0.0031612
chair 0 0 -10 430.01 13.96 580.89 179.78 0.0030580
chair 0 0 -10 471.98 0.01 529.72 46.92 0.0029821
table 0 0 -10 263.65 19.98 577.52 352.22 0.0029141
chair 0 0 -10 496.92 3.86 520.32 27.08 0.0028752
table 0 0 -10 567.77 0.16 590.39 120.46 0.0028286
table 0 0 -10 549.21 0.53 589.96 138.54 0.0027085
table 0 0 -10 509.28 46.30 585.25 167.78 0.0027006
table 0 0 -10 53.63 37.80 324.38 424.60 0.0026455
sofa 0 0 -10 536.29 26.48 589.81 373.30 0.0026284
bed 0 0 -10 123.80 36.38 335.39 342.18 0.0025959
bookshelf 0 0 -10 356.44 0.00 574.54 163.72 0.0024847
dresser 0 0 -10 129.20 54.46 340.87 349.66 0.0024710
bookshelf 0 0 -10 131.04 44.03 333.00 345.45 0.0024301
bed 0 0 -10 0.76 153.76 63.06 441.00 0.0023686
sofa 0 0 -10 130.22 69.09 341.47 323.65 0.0022733
toilet 0 0 -10 126.14 58.47 337.20 378.94 0.0022623
chair 0 0 -10 537.49 0.00 580.99 44.34 0.0021555
table 0 0 -10 369.13 43.56 520.10 173.21 0.0021229
night_stand 0 0 -10 131.48 46.01 343.72 345.02 0.0019864
chair 0 0 -10 572.68 1.53 591.00 61.04 0.0018607
chair 0 0 -10 0.28 220.05 49.78 440.46 0.0018149
bed 0 0 -10 354.59 0.00 565.70 161.72 0.0017981
chair 0 0 -10 585.56 1.31 590.93 95.58 0.0017919
desk 0 0 -10 0.00 24.08 156.06 440.64 0.0017833
chair 0 0 -10 277.73 25.03 353.28 175.76 0.0017651
table 0 0 -10 335.45 96.38 591.00 429.38 0.0017420
