desk 0 0 -10 10.48 36.95 452.32 434.63 0.8149678
table 0 0 -10 16.65 37.94 440.70 424.96 0.1331158
chair 0 0 -10 10.20 3.91 215.68 143.48 0.0699403
desk 0 0 -10 1.12 89.63 102.48 441.00 0.0671263
bathtub 0 0 -10 51.43 88.21 442.05 436.49 0.0522374
chair 0 0 -10 0.00 88.80 112.16 419.44 0.0504194
chair 0 0 -10 0.00 73.15 206.83 435.90 0.0407290
desk 0 0 -10 13.55 51.19 181.75 437.03 0.0364910
dresser 0 0 -10 17.34 121.49 468.54 441.00 0.0311788
chair 0 0 -10 30.29 0.00 249.64 246.55 0.0244476
table 0 0 -10 5.17 123.72 86.94 441.00 0.0243085
dresser 0 0 -10 0.45 125.16 105.82 439.89 0.0223271
chair 0 0 -10 0.00 7.44 107.16 261.18 0.0169818
chair 0 0 -10 135.79 0.32 279.37 224.56 0.0156259
chair 0 0 -10 25.41 23.63 433.20 400.81 0.0146616
chair 0 0 -10 18.31 0.49 128.74 171.63 0.0143042
chair 0 0 -10 0.00 1.53 141.79 99.07 0.0103755
chair 0 0 -10 110.29 7.54 237.21 185.49 0.0062215
desk 0 0 -10 0.22 227.70 73.22 401.21 0.0061058
desk 0 0 -10 3.50 117.81 58.41 426.91 0.0059691
chair 0 0 -10 59.51 1.76 161.60 151.88 0.0056620
night_stand 0 0 -10 0.28 131.89 109.19 432.52 0.0052079
chair 0 0 -10 97.74 171.23 443.55 433.46 0.0049997
chair 0 0 -10 2.05 154.89 58.81 407.69 0.0049925
table 0 0 -10 10.42 11.04 448.15 172.74 0.0049488
toilet 0 0 -10 65.26 75.22 430.22 440.57 0.0049394
dresser 0 0 -10 0.92 222.51 72.21 398.72 0.0045526
bookshelf 0 0 -10 29.28 111.27 459.30 441.00 0.0043906
chair 0 0 -10 17.80 7.99 280.73 91.86 0.0039309
chair 0 0 -10 304.66 279.39 591.00 441.00 0.0037916
table 0 0 -10 0.56 229.02 73.47 403.12 0.0034231
chair 0 0 -10 3.42 12.35 53.67 277.48 0.0029636
dresser 0 0 -10 4.42 75.48 51.91 408.55 0.0029601
table 0 0 -10 10.32 53.21 244.67 441.00 0.0026870
chair 0 0 -10 98.17 2.17 189.78 136.80 0.0025690
bed 0 0 -10 47.08 52.52 441.05 441.00 0.0025515
chair 0 0 -10 3.47 124.28 76.95 267.98 0.0025492
chair 0 0 -10 102.24 0.00 342.37 274.86 0.0018908
table 0 0 -10 2.53 167.41 32.33 425.79 0.0018796
night_stand 0 0 -10 37.06 128.58 465.88 441.00 0.0018648
table 0 0 -10 9.94 10.72 354.00 87.80 0.0018551
chair 0 0 -10 22.01 279.63 401.37 438.17 0.0018192
chair 0 0 -10 5.61 47.18 42.04 387.78 0.0017408
desk 0 0 -10 53.89 237.99 434.09 439.48 0.0017238
chair 0 0 -10 132.35 12.10 204.17 123.66 0.0017104
chair 0 0 -10 165.91 31.34 245.49 195.13 0.0017081
chair 0 0 -10 335.64 390.23 541.25 441.00 0.0016515
desk 0 0 -10 29.18 24.75 439.12 191.87 0.0015426
table 0 0 -10 45.91 227.46 427.10 441.00 0.0015378
chair 0 0 -10 198.18 28.62 534.26 423.93 0.0015028
chair 0 0 -10 202.05 0.95 302.27 87.87 0.0014318
chair 0 0 -10 172.80 253.46 496.00 435.56 0.0013890
chair 0 0 -10 190.33 24.70 279.43 183.76 0.0013378
desk 0 0 -10 5.66 24.97 273.99 342.64 0.0013256
chair 0 0 -10 107.64 363.51 492.56 437.11 0.0012825
bed 0 0 -10 0.34 154.57 88.96 425.47 0.0012312
chair 0 0 -10 302.68 134.84 560.32 439.95 0.0012183
chair 0 0 -10 32.17 9.77 402.89 167.31 0.0011638
night_stand 0 0 -10 2.21 223.11 71.31 409.05 0.0011611
chair 0 0 -10 149.31 2.39 285.29 66.07 0.0010953
desk 0 0 -10 11.61 18.00 372.11 121.18 0.0010559
chair 0 0 -10 222.81 8.97 335.73 103.22 0.0010299
chair 0 0 -10 65.64 39.00 228.19 109.95 0.0009776
sofa 0 0 -10 35.28 121.74 451.12 440.19 0.0009473
chair 0 0 -10 180.07 0.00 347.63 171.59 0.0009239
chair 0 0 -10 0.00 247.64 42.14 376.97 0.0008655
chair 0 0 -10 346.52 340.70 560.77 440.78 0.0008558
table 0 0 -10 315.48 406.38 557.44 439.05 0.0008416
bathtub 0 0 -10 3.83 134.99 82.80 431.89 0.0008034
chair 0 0 -10 130.00 50.27 217.67 212.52 0.0007916
chair 0 0 -10 143.42 9.92 232.69 96.15 0.0007889
table 0 0 -10 103.17 359.26 454.83 438.76 0.0007715
table 0 0 -10 0.00 249.74 42.16 387.78 0.0007299
desk 0 0 -10 2.20 160.78 32.17 426.30 0.0007255
chair 0 0 -10 104.56 390.42 359.13 440.77 0.0007128
chair 0 0 -10 2.72 35.97 177.68 219.43 0.0007100
dresser 0 0 -10 12.43 12.98 403.26 295.28 0.0007015
chair 0 0 -10 174.03 13.71 289.53 115.92 0.0006993
table 0 0 -10 6.95 64.51 50.68 410.70 0.0006891
bookshelf 0 0 -10 4.37 120.18 84.65 436.22 0.0006535
chair 0 0 -10 19.38 35.29 185.46 120.86 0.0006470
table 0 0 -10 98.77 6.92 427.77 119.27 0.0006032
chair 0 0 -10 0.00 0.00 47.39 36.70 0.0005956
toilet 0 0 -10 4.44 133.40 81.48 436.51 0.0005838
desk 0 0 -10 1.00 51.26 96.85 289.78 0.0005549
table 0 0 -10 115.17 402.76 400.73 440.28 0.0004978
chair 0 0 -10 46.13 5.70 207.45 76.36 0.0004937
table 0 0 -10 7.66 202.08 19.15 425.42 0.0004908
chair 0 0 -10 5.76 205.08 27.90 392.43 0.0004817
table 0 0 -10 6.18 232.47 182.27 441.00 0.0004660
table 0 0 -10 1.70 1.46 137.27 76.08 0.0004486
chair 0 0 -10 5.21 245.27 199.81 441.00 0.0004405
table 0 0 -10 253.97 402.56 463.16 437.84 0.0004282
sofa 0 0 -10 6.28 127.55 86.66 437.78 0.0004244
table 0 0 -10 122.73 4.76 294.06 84.15 0.0004240
chair 0 0 -10 135.22 40.46 252.99 142.66 0.0004122
chair 0 0 -10 0.00 0.00 62.69 138.00 0.0004118
chair 0 0 -10 53.40 63.17 246.21 169.91 0.0004043
table 0 0 -10 0.00 264.50 38.01 332.70 0.0004005
desk 0 0 -10 97.28 360.27 472.60 437.10 0.0003923
