table 0 0 -10 4.47 309.52 136.90 439.37 0.7325225
chair 0 0 -10 280.90 402.21 319.05 441.00 0.4342027
chair 0 0 -10 226.46 403.29 318.86 441.00 0.2188247
desk 0 0 -10 4.63 297.14 136.52 441.00 0.0492125
chair 0 0 -10 206.73 421.14 321.36 440.97 0.0362006
chair 0 0 -10 12.77 325.02 142.12 441.00 0.0340783
chair 0 0 -10 138.78 401.16 325.05 441.00 0.0340280
night_stand 0 0 -10 7.16 300.58 145.04 440.12 0.0207752
table 0 0 -10 3.06 394.64 112.48 441.00 0.0204632
table 0 0 -10 0.00 264.41 150.00 401.12 0.0182401
table 0 0 -10 27.44 326.95 251.83 441.00 0.0158883
chair 0 0 -10 36.59 379.69 354.39 441.00 0.0152124
chair 0 0 -10 7.15 232.06 144.33 431.88 0.0145332
table 0 0 -10 20.75 374.84 310.04 441.00 0.0117947
desk 0 0 -10 484.13 135.92 591.00 437.77 0.0113884
chair 0 0 -10 2.69 377.08 121.76 441.00 0.0113779
chair 0 0 -10 297.67 406.22 321.99 441.00 0.0108971
table 0 0 -10 168.10 428.90 313.66 441.00 0.0079965
dresser 0 0 -10 484.15 142.05 591.00 440.84 0.0079586
chair 0 0 -10 186.95 374.78 321.00 441.00 0.0066495
desk 0 0 -10 5.18 267.94 264.11 439.06 0.0065718
table 0 0 -10 487.49 142.16 589.33 437.84 0.0062330
table 0 0 -10 87.89 398.69 298.42 440.45 0.0060965
chair 0 0 -10 259.12 402.64 295.50 441.00 0.0052943
bookshelf 0 0 -10 475.81 132.96 587.64 441.00 0.0048964
table 0 0 -10 92.42 424.05 318.95 441.00 0.0043808
chair 0 0 -10 65.24 305.79 338.84 441.00 0.0042482
table 0 0 -10 2.33 433.62 103.79 441.00 0.0040129
chair 0 0 -10 3.73 280.78 98.83 399.94 0.0039782
bed 0 0 -10 5.05 276.62 136.73 436.81 0.0034572
chair 0 0 -10 239.98 429.65 319.06 440.87 0.0032204
table 0 0 -10 3.01 206.19 342.21 431.95 0.0031353
table 0 0 -10 8.00 432.64 274.25 440.93 0.0030444
chair 0 0 -10 70.00 333.60 547.61 441.00 0.0029317
sofa 0 0 -10 124.92 390.46 319.21 441.00 0.0028887
table 0 0 -10 105.11 326.26 320.01 441.00 0.0026678
chair 0 0 -10 247.48 381.01 331.41 441.00 0.0026435
sofa 0 0 -10 289.89 399.42 520.64 441.00 0.0025622
table 0 0 -10 179.65 413.80 310.99 440.92 0.0023133
table 0 0 -10 231.85 430.68 315.13 441.00 0.0023115
chair 0 0 -10 283.95 423.52 319.55 440.65 0.0022263
chair 0 0 -10 276.99 401.54 300.48 441.00 0.0021539
table 0 0 -10 0.00 424.44 146.12 441.00 0.0020654
table 0 0 -10 274.39 146.06 558.53 401.94 0.0020647
table 0 0 -10 26.09 300.62 130.38 330.31 0.0020487
bed 0 0 -10 0.00 1.42 591.00 69.40 0.0019648
desk 0 0 -10 0.00 114.81 591.00 441.00 0.0019481
bookshelf 0 0 -10 258.05 129.68 574.56 441.00 0.0019309
table 0 0 -10 163.96 376.36 297.66 440.73 0.0019123
chair 0 0 -10 250.38 402.74 367.22 441.00 0.0018907
bed 0 0 -10 0.26 193.86 342.37 440.81 0.0018272
desk 0 0 -10 188.16 423.36 319.19 441.00 0.0017904
table 0 0 -10 1.96 167.27 132.23 431.86 0.0017718
table 0 0 -10 0.00 289.46 101.96 387.84 0.0016800
desk 0 0 -10 282.56 406.97 316.83 440.68 0.0015444
toilet 0 0 -10 4.03 291.25 145.10 440.37 0.0015299
chair 0 0 -10 272.53 402.02 286.41 441.00 0.0015258
table 0 0 -10 1.17 303.35 75.06 430.11 0.0014812
dresser 0 0 -10 6.65 294.82 142.03 441.00 0.0014502
bathtub 0 0 -10 490.75 136.87 589.91 426.34 0.0014290
sofa 0 0 -10 161.64 423.23 316.83 441.00 0.0013510
bed 0 0 -10 45.90 135.87 565.01 441.00 0.0013371
table 0 0 -10 0.00 122.91 523.84 434.55 0.0013005
chair 0 0 -10 461.26 134.24 587.73 439.37 0.0012460
sofa 0 0 -10 8.66 290.73 144.98 439.62 0.0012387
table 0 0 -10 282.65 404.00 310.87 441.00 0.0012339
chair 0 0 -10 2.42 238.76 57.63 415.89 0.0011981
chair 0 0 -10 48.92 269.73 220.17 439.92 0.0011405
desk 0 0 -10 0.00 193.71 361.92 438.41 0.0010946
sofa 0 0 -10 283.18 403.76 317.34 440.73 0.0010767
bookshelf 0 0 -10 2.67 9.32 589.85 424.70 0.0010726
chair 0 0 -10 99.71 423.61 335.73 440.86 0.0010611
table 0 0 -10 466.85 379.40 589.10 441.00 0.0010364
table 0 0 -10 215.76 397.99 318.00 441.00 0.0010276
chair 0 0 -10 291.07 432.07 312.08 440.63 0.0010183
dresser 0 0 -10 283.38 405.36 316.27 440.01 0.0010151
chair 0 0 -10 303.55 423.66 322.27 441.00 0.0010111
bathtub 0 0 -10 173.59 375.05 301.19 439.09 0.0009494
chair 0 0 -10 309.05 411.06 328.50 440.76 0.0009424
desk 0 0 -10 272.84 135.60 571.57 409.53 0.0008903
chair 0 0 -10 64.10 167.02 330.55 440.35 0.0008507
desk 0 0 -10 231.86 430.57 316.95 440.96 0.0008301
bed 0 0 -10 2.09 221.45 163.63 393.10 0.0008292
chair 0 0 -10 40.72 343.03 253.34 441.00 0.0007896
table 0 0 -10 285.16 373.70 574.67 441.00 0.0007875
chair 0 0 -10 187.23 318.64 337.10 438.89 0.0007670
table 0 0 -10 4.48 17.59 584.54 184.74 0.0007478
table 0 0 -10 298.08 399.18 516.44 440.29 0.0007194
bed 0 0 -10 193.67 422.36 320.00 441.00 0.0007149
table 0 0 -10 480.61 135.71 589.06 256.70 0.0006869
bed 0 0 -10 108.10 281.28 316.23 439.16 0.0006775
chair 0 0 -10 280.74 374.90 383.77 441.00 0.0006690
table 0 0 -10 261.44 440.42 309.95 441.00 0.0006511
bathtub 0 0 -10 0.00 32.99 589.60 385.83 0.0006101
dresser 0 0 -10 330.56 139.81 579.85 438.96 0.0005998
bathtub 0 0 -10 196.43 423.05 320.77 440.84 0.0005962
bookshelf 0 0 -10 123.69 259.91 309.08 431.60 0.0005950
bathtub 0 0 -10 6.67 313.26 140.89 438.50 0.0005941
table 0 0 -10 217.50 435.84 304.14 441.00 0.0005941
chair 0 0 -10 283.02 398.29 436.34 441.00 0.0005862
