toilet 0 0 -10 227.78 8.94 559.17 428.49 0.9912612
toilet 0 0 -10 215.04 184.84 428.81 435.97 0.0383247
bathtub 0 0 -10 249.33 79.65 558.60 417.92 0.0210519
toilet 0 0 -10 350.08 9.53 579.31 235.70 0.0163925
chair 0 0 -10 238.38 0.00 557.94 420.37 0.0095017
toilet 0 0 -10 224.09 198.84 329.59 413.46 0.0058409
table 0 0 -10 534.07 39.55 585.60 173.97 0.0026176
table 0 0 -10 564.79 40.84 589.83 206.14 0.0023301
sofa 0 0 -10 536.42 6.40 586.76 118.58 0.0019681
bathtub 0 0 -10 5.86 14.07 398.72 363.84 0.0017688
table 0 0 -10 292.18 13.99 580.12 441.00 0.0016504
table 0 0 -10 524.82 1.78 588.99 441.00 0.0015479
table 0 0 -10 555.32 43.75 588.73 124.34 0.0013564
table 0 0 -10 572.08 47.02 590.01 147.74 0.0013381
table 0 0 -10 567.10 111.37 589.87 183.06 0.0013047
table 0 0 -10 576.82 46.60 590.39 207.93 0.0013005
table 0 0 -10 545.80 87.34 588.84 141.02 0.0012270
bathtub 0 0 -10 425.56 107.31 591.00 441.00 0.0011140
chair 0 0 -10 503.90 50.84 588.18 440.87 0.0010458
table 0 0 -10 566.48 88.44 589.78 158.20 0.0008165
toilet 0 0 -10 410.57 35.48 591.00 427.25 0.0007815
bathtub 0 0 -10 299.70 13.11 576.51 306.57 0.0007623
sofa 0 0 -10 522.99 2.14 589.70 63.65 0.0007593
bathtub 0 0 -10 60.12 101.14 339.10 317.84 0.0007319
table 0 0 -10 515.81 10.67 583.86 137.71 0.0007135
table 0 0 -10 540.95 12.77 588.27 297.27 0.0006864
bed 0 0 -10 235.13 37.20 562.19 441.00 0.0006824
table 0 0 -10 518.03 0.55 588.80 62.93 0.0006632
table 0 0 -10 343.07 2.42 571.22 223.71 0.0006327
bathtub 0 0 -10 509.22 44.27 589.30 441.00 0.0006304
chair 0 0 -10 536.88 4.42 591.00 405.16 0.0006225
dresser 0 0 -10 218.37 22.94 576.35 436.69 0.0006217
toilet 0 0 -10 40.13 21.04 462.25 426.85 0.0005706
table 0 0 -10 578.13 115.79 590.17 134.55 0.0005545
sofa 0 0 -10 560.52 6.29 589.70 178.87 0.0005199
table 0 0 -10 460.91 27.75 587.67 441.00 0.0004985
bookshelf 0 0 -10 244.80 31.23 550.12 441.00 0.0004908
chair 0 0 -10 548.43 3.33 591.00 126.36 0.0004839
table 0 0 -10 554.44 110.22 588.42 149.59 0.0004710
toilet 0 0 -10 93.71 144.20 361.52 366.16 0.0004412
desk 0 0 -10 242.83 1.74 585.60 441.00 0.0004209
table 0 0 -10 577.27 97.43 590.40 116.89 0.0004168
bathtub 0 0 -10 19.92 226.07 280.99 427.82 0.0004146
night_stand 0 0 -10 339.91 0.66 578.12 221.53 0.0003995
sofa 0 0 -10 540.35 16.41 589.34 428.73 0.0003963
table 0 0 -10 550.56 57.13 579.33 147.14 0.0003879
bathtub 0 0 -10 139.06 170.85 306.90 232.86 0.0003804
chair 0 0 -10 519.26 0.00 591.00 62.96 0.0003259
table 0 0 -10 577.87 46.68 587.77 134.03 0.0003083
bathtub 0 0 -10 147.84 151.22 301.21 271.94 0.0003051
sofa 0 0 -10 237.14 23.50 555.57 435.95 0.0002888
bathtub 0 0 -10 33.97 116.75 128.74 260.16 0.0002780
sofa 0 0 -10 572.26 35.97 590.39 207.97 0.0002776
bathtub 0 0 -10 227.43 141.58 455.34 409.47 0.0002762
chair 0 0 -10 564.95 36.73 590.81 206.52 0.0002728
table 0 0 -10 576.31 66.68 590.13 85.05 0.0002700
table 0 0 -10 579.10 104.66 590.17 122.69 0.0002658
chair 0 0 -10 493.36 0.00 587.65 105.02 0.0002638
night_stand 0 0 -10 200.86 30.88 580.22 427.76 0.0002571
table 0 0 -10 356.25 1.58 568.35 95.06 0.0002538
chair 0 0 -10 0.00 2.48 88.55 252.50 0.0002506
dresser 0 0 -10 347.50 14.29 572.80 219.09 0.0002436
bed 0 0 -10 538.35 13.68 591.00 432.16 0.0002413
bathtub 0 0 -10 0.34 26.53 92.27 253.82 0.0002390
sofa 0 0 -10 557.65 4.24 588.87 66.66 0.0002376
table 0 0 -10 576.86 87.77 590.09 109.13 0.0002339
table 0 0 -10 542.14 100.11 588.57 187.20 0.0002241
table 0 0 -10 229.14 137.81 487.56 441.00 0.0002100
toilet 0 0 -10 492.53 21.66 591.00 330.97 0.0002093
table 0 0 -10 560.18 69.24 587.88 111.78 0.0002076
bathtub 0 0 -10 537.58 78.82 591.00 354.08 0.0002057
chair 0 0 -10 354.25 0.00 583.31 208.10 0.0001844
bathtub 0 0 -10 153.53 252.71 260.58 360.25 0.0001761
table 0 0 -10 490.01 5.21 581.47 208.11 0.0001709
table 0 0 -10 502.10 74.05 587.36 154.71 0.0001673
table 0 0 -10 578.79 132.39 590.37 159.87 0.0001653
table 0 0 -10 578.97 83.08 590.21 102.66 0.0001638
chair 0 0 -10 566.98 113.22 591.00 183.29 0.0001537
table 0 0 -10 554.56 2.81 589.15 105.63 0.0001524
chair 0 0 -10 524.96 1.00 590.94 194.98 0.0001521
table 0 0 -10 577.62 124.31 590.15 143.23 0.0001492
chair 0 0 -10 414.58 16.17 591.00 395.61 0.0001439
sofa 0 0 -10 567.20 16.37 589.83 121.32 0.0001335
table 0 0 -10 578.93 74.05 589.98 93.96 0.0001303
toilet 0 0 -10 331.32 6.53 580.85 114.72 0.0001237
chair 0 0 -10 571.91 38.68 590.78 141.13 0.0001149
chair 0 0 -10 526.42 188.43 589.85 433.08 0.0001096
bathtub 0 0 -10 4.63 83.37 193.39 335.75 0.0001089
chair 0 0 -10 561.81 23.05 590.32 104.49 0.0001073
table 0 0 -10 572.62 18.19 590.58 358.48 0.0001031
chair 0 0 -10 467.17 201.85 585.55 434.58 0.0001017
desk 0 0 -10 525.88 30.87 590.94 441.00 0.0000989
bathtub 0 0 -10 565.52 57.86 591.00 418.53 0.0000979
bathtub 0 0 -10 0.00 146.20 113.59 301.59 0.0000972
dresser 0 0 -10 539.73 11.77 590.51 424.27 0.0000971
toilet 0 0 -10 344.40 64.02 566.23 184.05 0.0000956
bathtub 0 0 -10 261.43 2.42 399.38 71.18 0.0000814
bathtub 0 0 -10 573.24 127.23 591.00 190.48 0.0000778
table 0 0 -10 583.23 51.04 590.46 197.97 0.0000778
bathtub 0 0 -10 576.96 42.24 591.00 205.12 0.0000754
