bed 0 0 -10 1.30 201.28 340.22 441.00 0.9890660
night_stand 0 0 -10 336.80 234.66 525.09 435.56 0.9474144
table 0 0 -10 514.56 381.06 588.57 440.02 0.2978214
desk 0 0 -10 336.46 240.01 525.25 433.46 0.1978806
bed 0 0 -10 0.00 107.95 373.89 355.94 0.1742424
table 0 0 -10 344.02 245.53 523.52 433.17 0.1105914
dresser 0 0 -10 336.36 237.94 523.88 432.38 0.0911489
chair 0 0 -10 514.21 364.35 591.00 438.47 0.0517197
table 0 0 -10 491.94 403.97 590.76 441.00 0.0498840
bed 0 0 -10 3.49 314.40 256.02 439.41 0.0324282
table 0 0 -10 468.81 366.07 589.39 441.00 0.0280420
desk 0 0 -10 518.20 379.49 588.50 441.00 0.0260980
table 0 0 -10 541.63 361.09 588.80 421.12 0.0252596
bed 0 0 -10 149.67 229.73 342.39 438.30 0.0147529
bed 0 0 -10 333.12 223.52 531.37 436.87 0.0145404
dresser 0 0 -10 12.58 110.18 375.58 329.33 0.0142533
sofa 0 0 -10 0.00 214.07 337.48 441.00 0.0139164
table 0 0 -10 501.65 309.00 589.43 438.18 0.0124627
chair 0 0 -10 502.94 391.72 582.87 441.00 0.0103277
bed 0 0 -10 0.00 207.22 132.54 438.27 0.0101207
table 0 0 -10 494.76 433.01 591.00 441.00 0.0092372
bed 0 0 -10 116.77 219.50 491.05 441.00 0.0090543
table 0 0 -10 518.17 413.07 580.47 441.00 0.0085851
night_stand 0 0 -10 326.51 277.61 351.01 386.33 0.0061887
desk 0 0 -10 497.70 410.57 590.85 441.00 0.0057921
bed 0 0 -10 0.00 25.84 385.07 261.47 0.0050391
night_stand 0 0 -10 357.22 227.75 394.13 257.07 0.0050019
table 0 0 -10 311.76 311.22 570.73 439.26 0.0047761
table 0 0 -10 492.59 437.29 581.10 441.00 0.0046599
bed 0 0 -10 11.94 50.34 554.25 436.05 0.0043543
bookshelf 0 0 -10 21.30 101.27 375.40 331.51 0.0036260
table 0 0 -10 481.18 423.98 590.68 441.00 0.0035396
night_stand 0 0 -10 341.59 227.62 398.21 267.03 0.0032891
chair 0 0 -10 542.10 363.58 590.34 421.00 0.0032366
night_stand 0 0 -10 18.45 226.43 356.32 439.38 0.0029435
night_stand 0 0 -10 322.21 280.76 338.95 390.21 0.0028364
chair 0 0 -10 334.47 249.91 531.89 440.29 0.0027214
table 0 0 -10 433.69 392.80 577.27 441.00 0.0026695
table 0 0 -10 539.20 400.43 586.83 440.99 0.0026352
night_stand 0 0 -10 331.86 264.36 345.87 403.12 0.0024383
table 0 0 -10 9.89 106.72 369.61 425.01 0.0024298
chair 0 0 -10 7.34 229.59 306.53 441.00 0.0021291
desk 0 0 -10 502.20 304.04 591.00 438.36 0.0020866
night_stand 0 0 -10 254.61 279.06 344.92 429.04 0.0020506
bed 0 0 -10 0.00 204.07 55.87 380.31 0.0020211
dresser 0 0 -10 1.54 216.97 349.69 441.00 0.0019701
table 0 0 -10 509.38 400.73 556.94 441.00 0.0019546
table 0 0 -10 494.22 204.48 586.08 434.32 0.0019032
bookshelf 0 0 -10 338.62 235.92 524.94 432.54 0.0018255
table 0 0 -10 3.71 230.08 318.00 440.62 0.0017342
table 0 0 -10 505.64 431.36 552.77 441.00 0.0017331
night_stand 0 0 -10 348.72 229.50 517.32 321.85 0.0016043
night_stand 0 0 -10 503.53 374.22 590.49 440.84 0.0015581
bed 0 0 -10 0.00 188.45 125.08 337.95 0.0015200
table 0 0 -10 44.00 112.13 378.07 285.41 0.0013439
sofa 0 0 -10 334.61 235.87 529.02 435.86 0.0013344
night_stand 0 0 -10 28.53 100.27 376.86 280.11 0.0013302
bed 0 0 -10 0.00 195.81 81.58 307.89 0.0013263
chair 0 0 -10 153.27 220.23 330.85 439.24 0.0012800
desk 0 0 -10 494.71 195.23 590.46 434.52 0.0012637
desk 0 0 -10 494.55 432.95 590.35 441.00 0.0012528
toilet 0 0 -10 340.06 237.83 526.80 440.74 0.0011765
table 0 0 -10 568.84 397.84 590.42 441.00 0.0011299
bed 0 0 -10 15.00 389.70 293.15 440.55 0.0010814
table 0 0 -10 516.96 433.22 542.38 440.99 0.0010506
sofa 0 0 -10 514.36 362.89 590.98 439.08 0.0010045
chair 0 0 -10 535.29 396.63 590.63 440.08 0.0009670
desk 0 0 -10 10.88 108.80 385.21 332.06 0.0009468
desk 0 0 -10 515.91 422.26 589.97 441.00 0.0009439
bed 0 0 -10 0.23 95.47 213.01 415.66 0.0008816
table 0 0 -10 560.90 195.90 589.68 429.83 0.0008672
table 0 0 -10 349.63 227.59 400.07 257.56 0.0008237
bathtub 0 0 -10 19.57 106.75 375.62 312.24 0.0007976
bed 0 0 -10 0.00 196.00 43.87 296.79 0.0007963
night_stand 0 0 -10 352.09 228.62 429.87 260.61 0.0007872
bed 0 0 -10 240.94 258.15 345.83 434.73 0.0007834
desk 0 0 -10 0.00 222.29 366.03 438.65 0.0007609
table 0 0 -10 512.75 423.06 559.99 441.00 0.0007483
sofa 0 0 -10 5.16 109.79 378.13 345.01 0.0007112
table 0 0 -10 567.27 355.88 590.12 435.77 0.0006958
table 0 0 -10 495.55 383.06 559.88 439.35 0.0006946
table 0 0 -10 489.06 253.80 554.89 441.00 0.0006469
chair 0 0 -10 437.90 356.67 587.83 441.00 0.0006443
chair 0 0 -10 497.76 405.84 549.11 441.00 0.0006350
toilet 0 0 -10 515.49 359.01 590.53 436.75 0.0006196
desk 0 0 -10 466.37 364.72 590.99 441.00 0.0006077
bathtub 0 0 -10 337.03 245.87 516.64 428.40 0.0005999
chair 0 0 -10 509.60 413.98 574.45 441.00 0.0005966
night_stand 0 0 -10 306.72 268.76 351.80 407.83 0.0005585
dresser 0 0 -10 3.69 108.55 67.97 211.84 0.0005573
table 0 0 -10 138.84 231.89 506.13 441.00 0.0005444
desk 0 0 -10 112.39 223.39 516.76 441.00 0.0005292
night_stand 0 0 -10 327.36 225.30 402.76 308.51 0.0005242
table 0 0 -10 372.99 379.61 557.72 441.00 0.0005133
night_stand 0 0 -10 181.27 256.05 348.50 430.46 0.0004964
bed 0 0 -10 0.00 187.34 28.49 357.18 0.0004783
bed 0 0 -10 0.00 275.72 118.27 386.32 0.0004780
desk 0 0 -10 532.97 367.34 591.00 423.06 0.0004733
chair 0 0 -10 475.25 213.57 591.00 425.63 0.0004548
table 0 0 -10 553.33 375.40 589.60 433.19 0.0004536
