table 0 0 -10 13.39 214.04 202.32 411.69 0.7634349
chair 0 0 -10 346.84 331.63 550.12 439.00 0.6836677
dresser 0 0 -10 266.11 15.06 591.00 360.87 0.4310617
dresser 0 0 -10 272.35 175.95 576.11 364.82 0.4266991
bookshelf 0 0 -10 283.47 4.12 582.29 376.69 0.2441035
chair 0 0 -10 37.19 236.74 192.88 422.75 0.1312932
night_stand 0 0 -10 349.16 326.22 557.14 435.20 0.0645041
table 0 0 -10 0.50 204.03 29.44 438.41 0.0606737
desk 0 0 -10 252.87 20.53 591.00 376.77 0.0590977
table 0 0 -10 352.42 321.14 553.16 435.09 0.0578406
chair 0 0 -10 549.23 217.26 589.32 343.02 0.0391967
desk 0 0 -10 14.92 218.19 208.47 416.39 0.0224158
night_stand 0 0 -10 11.29 229.43 203.73 409.00 0.0183769
chair 0 0 -10 542.75 4.58 591.00 363.25 0.0176218
dresser 0 0 -10 330.30 227.03 578.11 412.65 0.0157421
chair 0 0 -10 1.70 283.67 59.70 439.86 0.0143985
chair 0 0 -10 1.56 201.18 36.02 435.44 0.0136285
table 0 0 -10 0.83 333.04 39.05 439.96 0.0135460
chair 0 0 -10 338.25 260.70 584.77 435.83 0.0119384
sofa 0 0 -10 346.95 329.03 557.97 439.03 0.0118440
chair 0 0 -10 535.44 167.90 589.19 358.55 0.0112074
chair 0 0 -10 1.69 387.61 42.67 441.00 0.0110990
night_stand 0 0 -10 289.19 205.97 572.38 380.24 0.0110228
table 0 0 -10 22.57 217.87 199.01 311.22 0.0105369
dresser 0 0 -10 346.07 318.49 556.74 429.88 0.0103092
desk 0 0 -10 346.20 319.16 557.65 434.85 0.0098510
desk 0 0 -10 263.36 200.28 582.77 381.20 0.0094984
night_stand 0 0 -10 1.67 210.21 34.03 425.37 0.0094983
dresser 0 0 -10 0.68 149.87 30.95 430.08 0.0080127
bookshelf 0 0 -10 408.59 20.32 582.21 325.53 0.0079685
table 0 0 -10 2.06 245.22 62.71 433.66 0.0071844
bed 0 0 -10 251.64 0.00 585.54 397.61 0.0070333
dresser 0 0 -10 474.18 84.12 591.00 398.31 0.0067810
chair 0 0 -10 1.27 332.55 42.10 440.56 0.0064662
bed 0 0 -10 261.02 186.76 581.16 388.03 0.0056133
toilet 0 0 -10 1.01 203.28 34.31 439.37 0.0055788
table 0 0 -10 556.07 221.96 588.92 343.99 0.0055249
chair 0 0 -10 283.87 27.53 590.74 389.02 0.0055143
chair 0 0 -10 556.61 82.60 588.58 385.26 0.0052681
table 0 0 -10 2.07 248.61 18.26 432.29 0.0051981
table 0 0 -10 0.90 386.52 35.18 440.49 0.0048882
chair 0 0 -10 48.85 153.26 131.87 311.80 0.0048212
chair 0 0 -10 501.43 52.31 591.00 396.76 0.0047131
chair 0 0 -10 20.91 119.92 201.89 399.50 0.0046159
table 0 0 -10 262.39 42.73 584.82 381.58 0.0046097
bed 0 0 -10 1.54 194.31 34.34 440.69 0.0044638
bed 0 0 -10 349.04 324.11 558.37 436.30 0.0041953
chair 0 0 -10 0.00 358.43 94.85 441.00 0.0041920
table 0 0 -10 36.68 210.99 564.96 419.67 0.0041181
table 0 0 -10 54.99 188.44 190.02 283.10 0.0039744
chair 0 0 -10 564.15 183.91 590.10 370.97 0.0037651
table 0 0 -10 279.31 258.24 567.44 430.81 0.0037259
chair 0 0 -10 292.05 188.79 574.83 405.08 0.0037164
table 0 0 -10 551.31 56.41 590.19 365.72 0.0034684
toilet 0 0 -10 345.37 320.00 558.64 436.25 0.0031831
bookshelf 0 0 -10 546.00 0.00 589.31 363.99 0.0030871
dresser 0 0 -10 404.03 30.41 586.24 322.30 0.0030698
desk 0 0 -10 17.73 188.71 549.75 436.30 0.0029706
chair 0 0 -10 1.94 404.46 29.24 441.00 0.0029543
bookshelf 0 0 -10 505.68 39.65 589.16 395.74 0.0029168
dresser 0 0 -10 435.90 206.69 582.94 394.97 0.0029158
chair 0 0 -10 315.64 3.63 461.84 143.06 0.0028319
sofa 0 0 -10 290.37 171.52 573.85 382.57 0.0028114
table 0 0 -10 6.44 163.10 20.29 441.00 0.0027910
chair 0 0 -10 1.19 281.51 27.58 441.00 0.0026174
sofa 0 0 -10 2.26 198.35 33.74 434.70 0.0024627
sofa 0 0 -10 224.02 25.04 584.39 371.74 0.0024155
sofa 0 0 -10 297.94 263.86 579.32 435.10 0.0023984
bookshelf 0 0 -10 0.83 139.22 30.90 428.84 0.0023305
table 0 0 -10 0.37 264.45 44.34 401.67 0.0021715
chair 0 0 -10 558.55 241.97 589.48 323.86 0.0020895
table 0 0 -10 543.23 190.50 589.40 369.83 0.0020645
night_stand 0 0 -10 302.83 269.73 573.67 431.08 0.0019269
dresser 0 0 -10 544.86 0.00 590.31 362.37 0.0018248
bookshelf 0 0 -10 277.86 191.09 575.41 383.12 0.0017661
bookshelf 0 0 -10 22.93 0.00 551.07 331.47 0.0017416
table 0 0 -10 13.60 149.89 204.61 326.76 0.0017153
desk 0 0 -10 0.00 156.29 31.74 432.31 0.0016966
night_stand 0 0 -10 2.69 231.93 61.67 426.92 0.0016554
bathtub 0 0 -10 344.23 315.64 558.60 432.58 0.0016548
dresser 0 0 -10 298.26 21.71 502.52 174.23 0.0016398
night_stand 0 0 -10 285.83 19.67 585.01 341.21 0.0015715
chair 0 0 -10 126.32 241.30 563.07 434.07 0.0014583
chair 0 0 -10 0.03 158.03 103.87 410.11 0.0014224
bookshelf 0 0 -10 294.99 16.40 503.12 182.38 0.0014181
table 0 0 -10 527.40 227.58 586.77 439.64 0.0013612
table 0 0 -10 2.80 253.58 9.52 422.53 0.0013531
table 0 0 -10 0.23 409.27 30.82 441.00 0.0013223
night_stand 0 0 -10 541.65 211.77 590.38 355.03 0.0013045
chair 0 0 -10 437.61 208.46 591.00 407.83 0.0012748
night_stand 0 0 -10 27.56 214.04 200.53 310.10 0.0012589
table 0 0 -10 5.74 233.87 122.67 436.29 0.0011440
chair 0 0 -10 45.86 183.66 161.99 374.29 0.0011117
table 0 0 -10 16.80 105.14 300.78 412.41 0.0010414
sofa 0 0 -10 13.22 220.57 203.61 428.67 0.0010252
bed 0 0 -10 12.91 215.57 210.88 424.35 0.0010140
bookshelf 0 0 -10 349.39 292.68 554.49 427.68 0.0009833
chair 0 0 -10 509.23 189.28 589.33 436.74 0.0009118
bed 0 0 -10 30.51 201.84 579.92 426.32 0.0009114
bathtub 0 0 -10 270.87 204.37 578.00 393.73 0.0008693
