desk 0 0 -10 189.91 193.75 575.91 438.40 0.6692501
table 0 0 -10 50.74 232.15 376.08 435.81 0.5474097
table 0 0 -10 175.62 201.15 586.20 436.07 0.3752761
desk 0 0 -10 4.18 211.43 394.37 436.76 0.1829591
chair 0 0 -10 80.84 312.35 399.68 438.78 0.1269421
chair 0 0 -10 8.27 115.43 130.25 304.63 0.1120934
table 0 0 -10 12.73 164.51 127.02 314.47 0.1050844
chair 0 0 -10 203.67 251.22 550.29 436.69 0.0244927
desk 0 0 -10 6.44 40.00 591.00 393.74 0.0175869
chair 0 0 -10 18.36 241.51 367.68 433.71 0.0136467
table 0 0 -10 86.30 10.37 506.55 140.59 0.0116611
table 0 0 -10 93.69 3.49 514.88 71.31 0.0114085
desk 0 0 -10 6.57 146.99 126.10 325.99 0.0106530
chair 0 0 -10 369.11 222.22 589.96 427.54 0.0095465
table 0 0 -10 92.53 331.41 444.37 437.79 0.0070530
night_stand 0 0 -10 10.38 120.33 127.23 303.46 0.0069049
toilet 0 0 -10 7.77 128.57 130.20 336.88 0.0063739
table 0 0 -10 6.65 45.26 583.34 388.16 0.0057471
desk 0 0 -10 77.19 10.58 521.39 142.94 0.0056299
bed 0 0 -10 16.65 245.83 357.63 441.00 0.0034681
desk 0 0 -10 101.67 332.44 446.21 439.52 0.0033573
chair 0 0 -10 314.39 209.17 509.45 429.32 0.0033179
table 0 0 -10 36.13 181.84 325.63 352.81 0.0029522
desk 0 0 -10 357.03 198.46 591.00 395.86 0.0028840
chair 0 0 -10 41.05 363.40 360.02 441.00 0.0027959
chair 0 0 -10 102.96 199.88 468.46 436.98 0.0024762
table 0 0 -10 6.93 122.38 119.80 259.00 0.0024735
desk 0 0 -10 124.47 183.99 562.35 317.74 0.0024304
chair 0 0 -10 180.17 346.83 427.16 441.00 0.0023922
desk 0 0 -10 86.67 3.57 528.67 72.39 0.0019273
night_stand 0 0 -10 193.89 225.36 589.39 439.91 0.0018645
desk 0 0 -10 92.58 254.24 330.23 433.67 0.0018400
table 0 0 -10 118.33 185.38 570.91 315.96 0.0017997
dresser 0 0 -10 9.05 120.12 125.72 295.09 0.0017681
sofa 0 0 -10 32.01 228.14 447.12 441.00 0.0016831
table 0 0 -10 27.39 205.54 185.10 316.63 0.0015982
table 0 0 -10 49.58 5.78 539.41 237.56 0.0015173
dresser 0 0 -10 193.70 225.68 586.17 441.00 0.0015147
bed 0 0 -10 192.42 209.30 581.80 441.00 0.0014117
bookshelf 0 0 -10 11.05 118.35 127.23 317.80 0.0013526
chair 0 0 -10 368.38 154.81 573.73 351.36 0.0013376
table 0 0 -10 28.58 211.30 116.47 297.00 0.0013216
chair 0 0 -10 441.99 184.05 591.00 382.14 0.0011881
table 0 0 -10 330.90 224.29 589.85 390.58 0.0011230
chair 0 0 -10 258.63 147.29 461.14 306.48 0.0010902
table 0 0 -10 138.14 179.61 230.17 291.81 0.0010757
desk 0 0 -10 41.55 2.61 557.22 241.98 0.0010598
bookshelf 0 0 -10 77.97 7.94 536.46 328.59 0.0010069
bathtub 0 0 -10 208.09 228.95 589.63 441.00 0.0009905
chair 0 0 -10 328.75 315.69 561.50 438.46 0.0009018
bathtub 0 0 -10 21.09 255.32 347.74 436.08 0.0008861
chair 0 0 -10 149.31 382.72 363.96 440.24 0.0008750
desk 0 0 -10 28.97 181.56 383.15 338.78 0.0007804
bookshelf 0 0 -10 164.75 63.79 578.85 423.24 0.0007614
night_stand 0 0 -10 42.38 231.00 456.11 440.21 0.0006967
sofa 0 0 -10 196.18 226.68 584.81 440.63 0.0006474
chair 0 0 -10 264.23 341.31 497.98 440.70 0.0006369
table 0 0 -10 140.33 228.94 233.21 272.38 0.0006115
dresser 0 0 -10 3.48 216.50 390.23 441.00 0.0005866
dresser 0 0 -10 59.28 110.58 586.01 431.58 0.0005669
table 0 0 -10 0.00 177.83 87.86 347.04 0.0005358
chair 0 0 -10 1.05 66.35 105.03 261.84 0.0005192
bookshelf 0 0 -10 196.75 220.23 584.48 441.00 0.0005074
bed 0 0 -10 6.85 129.55 125.73 326.80 0.0005000
chair 0 0 -10 18.37 107.48 347.47 401.56 0.0004893
toilet 0 0 -10 192.34 230.39 562.91 440.79 0.0004876
bathtub 0 0 -10 57.98 106.88 572.04 414.64 0.0004757
desk 0 0 -10 6.12 127.59 123.41 238.07 0.0004682
bathtub 0 0 -10 7.09 127.60 133.12 345.59 0.0004678
sofa 0 0 -10 8.30 121.15 129.03 313.99 0.0004609
chair 0 0 -10 15.39 200.46 128.74 318.59 0.0004520
chair 0 0 -10 176.41 55.70 516.67 403.19 0.0004389
bookshelf 0 0 -10 38.97 217.56 445.96 439.71 0.0004282
toilet 0 0 -10 39.37 230.26 435.21 441.00 0.0004276
chair 0 0 -10 4.97 172.45 213.81 410.55 0.0004246
desk 0 0 -10 260.94 319.27 588.17 440.61 0.0004195
table 0 0 -10 199.17 236.32 397.16 437.50 0.0004162
table 0 0 -10 0.33 183.38 53.47 425.69 0.0004076
table 0 0 -10 121.03 240.94 328.27 395.58 0.0003949
night_stand 0 0 -10 23.02 204.55 138.49 315.58 0.0003519
chair 0 0 -10 183.31 141.56 380.72 318.52 0.0003472
table 0 0 -10 253.95 320.22 577.46 440.54 0.0003399
desk 0 0 -10 245.10 209.01 482.70 286.84 0.0003246
table 0 0 -10 1.86 113.43 152.19 343.93 0.0003066
table 0 0 -10 50.58 360.93 340.97 441.00 0.0003051
dresser 0 0 -10 71.83 20.43 549.25 322.77 0.0002947
chair 0 0 -10 359.64 128.51 446.91 364.39 0.0002911
table 0 0 -10 133.14 127.66 491.35 407.92 0.0002868
night_stand 0 0 -10 97.18 341.18 448.34 441.00 0.0002822
chair 0 0 -10 500.05 110.56 588.87 382.43 0.0002681
bed 0 0 -10 55.62 103.02 576.56 433.77 0.0002669
table 0 0 -10 17.71 202.29 118.68 239.38 0.0002492
table 0 0 -10 135.78 201.34 320.16 298.77 0.0002418
sofa 0 0 -10 93.21 340.79 441.48 441.00 0.0002320
chair 0 0 -10 271.32 145.21 374.35 272.66 0.0002234
table 0 0 -10 94.83 208.10 239.51 306.17 0.0002190
chair 0 0 -10 0.26 175.63 86.44 352.31 0.0002171
chair 0 0 -10 521.35 221.19 589.17 347.12 0.0002105
chair 0 0 -10 271.52 217.87 376.08 278.22 0.0002082
chair 0 0 -10 8.92 153.31 142.99 247.85 0.0002038
