bed 0 0 -10 0.00 29.32 586.13 441.00 0.9900761
bed 0 0 -10 15.27 8.71 539.46 188.62 0.1912420
bed 0 0 -10 10.74 3.85 361.08 91.67 0.0747671
table 0 0 -10 408.84 5.77 587.39 168.04 0.0707403
bed 0 0 -10 2.07 85.09 165.78 374.09 0.0447121
bed 0 0 -10 277.36 2.07 584.10 206.69 0.0433408
bed 0 0 -10 5.04 40.62 256.43 429.39 0.0368452
table 0 0 -10 496.93 8.01 589.50 160.20 0.0329005
dresser 0 0 -10 406.83 5.49 589.32 178.83 0.0239518
chair 0 0 -10 490.89 0.00 591.00 198.53 0.0208639
bed 0 0 -10 32.66 16.94 432.36 329.65 0.0207593
bed 0 0 -10 45.60 15.12 436.66 126.66 0.0196667
dresser 0 0 -10 293.79 2.93 465.21 95.31 0.0141417
bed 0 0 -10 198.03 12.55 591.00 315.39 0.0139085
table 0 0 -10 0.27 51.68 557.44 441.00 0.0137820
bed 0 0 -10 3.92 61.14 178.89 235.40 0.0107365
chair 0 0 -10 402.82 8.57 588.14 191.74 0.0105047
table 0 0 -10 419.87 3.31 547.82 104.63 0.0081208
bed 0 0 -10 11.23 9.04 242.05 163.47 0.0072575
dresser 0 0 -10 284.11 4.87 393.47 82.33 0.0072271
dresser 0 0 -10 492.41 0.00 587.94 206.32 0.0067566
dresser 0 0 -10 321.64 4.59 570.91 129.41 0.0066798
desk 0 0 -10 419.86 7.43 588.01 188.59 0.0066274
bed 0 0 -10 426.48 0.00 589.31 185.78 0.0065533
dresser 0 0 -10 344.46 3.86 413.77 107.42 0.0056912
chair 0 0 -10 412.18 0.00 556.90 124.23 0.0055857
chair 0 0 -10 438.48 0.80 495.25 49.55 0.0052807
night_stand 0 0 -10 404.85 6.92 591.00 162.08 0.0044762
bed 0 0 -10 230.92 97.10 535.86 441.00 0.0043161
chair 0 0 -10 373.37 0.00 516.91 148.58 0.0042843
bed 0 0 -10 238.84 3.08 515.08 120.41 0.0041122
night_stand 0 0 -10 296.17 29.08 389.87 110.62 0.0038333
desk 0 0 -10 501.79 11.13 590.39 178.33 0.0036320
chair 0 0 -10 411.44 0.00 517.76 63.31 0.0034169
chair 0 0 -10 129.72 56.94 574.65 441.00 0.0033452
bed 0 0 -10 146.57 24.02 418.98 224.01 0.0029879
desk 0 0 -10 0.00 49.72 567.22 435.42 0.0029313
table 0 0 -10 486.42 0.21 590.13 93.41 0.0026853
bed 0 0 -10 8.26 54.28 335.24 233.63 0.0026553
night_stand 0 0 -10 488.73 0.65 591.00 203.23 0.0025993
dresser 0 0 -10 372.42 4.12 460.32 116.71 0.0024925
bed 0 0 -10 94.57 219.68 585.45 441.00 0.0024567
night_stand 0 0 -10 284.54 4.52 394.71 79.43 0.0024215
sofa 0 0 -10 70.34 33.53 591.00 439.77 0.0023990
table 0 0 -10 512.33 0.00 589.29 301.88 0.0023949
bookshelf 0 0 -10 411.26 0.00 589.63 191.25 0.0023687
bed 0 0 -10 511.58 0.00 591.00 232.69 0.0023157
chair 0 0 -10 256.50 124.30 521.82 440.71 0.0021096
table 0 0 -10 294.40 11.78 585.15 205.17 0.0019035
sofa 0 0 -10 411.34 10.46 589.60 190.54 0.0018756
night_stand 0 0 -10 337.36 5.71 404.33 104.71 0.0018720
chair 0 0 -10 402.76 0.00 488.68 98.19 0.0018092
table 0 0 -10 536.59 23.07 589.51 229.36 0.0016778
sofa 0 0 -10 493.43 0.00 587.78 208.03 0.0016687
chair 0 0 -10 538.91 9.51 590.12 218.60 0.0016642
bathtub 0 0 -10 490.30 3.58 589.14 218.44 0.0016616
table 0 0 -10 514.55 86.31 588.16 119.91 0.0016405
bed 0 0 -10 405.83 61.13 591.00 248.94 0.0015120
bathtub 0 0 -10 405.88 8.12 591.00 176.41 0.0015070
night_stand 0 0 -10 280.10 4.87 458.57 104.29 0.0014821
chair 0 0 -10 251.85 6.03 573.05 282.07 0.0014701
bookshelf 0 0 -10 343.77 0.99 414.91 108.99 0.0013837
chair 0 0 -10 488.15 0.00 591.00 88.88 0.0013143
dresser 0 0 -10 26.66 11.18 575.60 381.97 0.0012862
chair 0 0 -10 257.17 0.00 530.48 89.57 0.0012463
night_stand 0 0 -10 11.84 60.85 533.31 433.64 0.0011283
bed 0 0 -10 0.00 4.37 143.21 129.35 0.0011073
chair 0 0 -10 95.57 55.19 352.45 332.96 0.0010889
toilet 0 0 -10 493.68 3.04 587.30 216.72 0.0010561
bed 0 0 -10 271.47 0.96 381.02 80.95 0.0010451
dresser 0 0 -10 404.14 7.96 485.27 117.01 0.0010176
chair 0 0 -10 416.22 1.93 504.42 32.29 0.0009545
bed 0 0 -10 163.74 4.03 380.01 102.77 0.0009538
night_stand 0 0 -10 329.71 3.91 583.52 90.62 0.0009309
bookshelf 0 0 -10 267.08 0.00 423.96 93.64 0.0008996
bed 0 0 -10 394.04 164.79 586.28 436.22 0.0008954
chair 0 0 -10 40.95 26.65 460.21 373.81 0.0008612
bed 0 0 -10 173.06 1.62 502.20 49.08 0.0008442
dresser 0 0 -10 189.46 1.72 490.18 46.71 0.0008440
sofa 0 0 -10 5.48 3.19 478.72 71.13 0.0008357
table 0 0 -10 489.86 61.25 587.40 141.93 0.0008309
bookshelf 0 0 -10 51.41 9.54 531.86 391.04 0.0008072
dresser 0 0 -10 538.25 16.18 589.63 224.17 0.0007990
chair 0 0 -10 431.46 2.20 472.96 41.14 0.0007931
dresser 0 0 -10 152.79 8.88 572.43 216.99 0.0007784
chair 0 0 -10 450.22 0.00 574.60 64.20 0.0007778
table 0 0 -10 414.73 65.75 591.00 250.42 0.0007663
table 0 0 -10 529.44 80.17 588.66 140.43 0.0007660
chair 0 0 -10 445.79 9.87 465.24 30.00 0.0007286
dresser 0 0 -10 371.49 6.09 533.51 93.82 0.0007208
bed 0 0 -10 314.76 0.49 590.76 96.58 0.0006740
table 0 0 -10 556.64 93.32 589.60 118.71 0.0006639
night_stand 0 0 -10 353.70 8.78 433.20 115.70 0.0006606
bookshelf 0 0 -10 310.81 1.07 493.14 97.64 0.0006505
chair 0 0 -10 454.96 0.00 509.47 40.71 0.0006477
bed 0 0 -10 25.27 73.06 269.99 172.27 0.0006435
table 0 0 -10 254.58 3.37 532.70 88.17 0.0006150
bed 0 0 -10 475.76 42.01 590.97 353.95 0.0005899
table 0 0 -10 0.53 101.04 119.40 431.98 0.0005898
table 0 0 -10 547.96 99.53 589.16 125.08 0.0005813
