bed 0 0 -10 0.00 86.62 545.55 431.84 0.9860628
night_stand 0 0 -10 258.41 111.25 426.00 268.95 0.9837798
bed 0 0 -10 0.00 248.21 504.30 441.00 0.2362464
bed 0 0 -10 2.93 7.08 266.67 204.07 0.0382902
chair 0 0 -10 13.32 2.55 261.75 181.67 0.0314681
dresser 0 0 -10 257.77 116.00 426.40 262.81 0.0195328
bed 0 0 -10 0.00 213.20 137.33 383.22 0.0174889
bed 0 0 -10 309.60 182.82 566.90 435.59 0.0167851
bed 0 0 -10 55.12 126.93 425.35 300.13 0.0145856
night_stand 0 0 -10 259.61 120.83 409.39 203.42 0.0137262
bed 0 0 -10 9.00 184.36 411.57 382.97 0.0137117
table 0 0 -10 270.07 120.19 424.48 265.23 0.0136753
bed 0 0 -10 0.00 9.70 353.52 361.01 0.0128201
desk 0 0 -10 265.04 117.09 424.51 262.91 0.0120524
bed 0 0 -10 232.32 117.82 439.18 273.32 0.0112145
bed 0 0 -10 1.21 271.36 263.34 441.00 0.0078513
sofa 0 0 -10 7.93 10.27 317.48 212.88 0.0063044
bed 0 0 -10 0.00 199.63 87.30 346.94 0.0053938
night_stand 0 0 -10 271.84 118.94 322.82 150.10 0.0043779
dresser 0 0 -10 226.27 73.71 570.77 404.94 0.0037491
bed 0 0 -10 210.13 58.73 507.14 376.01 0.0036321
night_stand 0 0 -10 257.15 129.81 362.67 181.78 0.0033746
bed 0 0 -10 0.00 84.82 247.37 253.40 0.0033239
dresser 0 0 -10 359.27 142.77 585.19 426.15 0.0032448
night_stand 0 0 -10 222.95 134.59 264.80 166.20 0.0030162
night_stand 0 0 -10 237.78 138.36 259.90 160.95 0.0029346
sofa 0 0 -10 6.41 24.00 469.15 417.71 0.0027123
night_stand 0 0 -10 82.76 131.49 411.99 294.38 0.0026163
chair 0 0 -10 11.43 18.99 449.82 406.56 0.0025908
night_stand 0 0 -10 223.99 57.02 457.69 255.08 0.0025032
dresser 0 0 -10 0.00 45.46 511.50 437.34 0.0024064
table 0 0 -10 12.06 7.80 247.56 173.88 0.0023096
bed 0 0 -10 0.63 62.11 142.45 365.81 0.0022031
table 0 0 -10 262.42 117.21 417.84 198.09 0.0021986
table 0 0 -10 270.98 119.67 399.13 167.82 0.0018655
night_stand 0 0 -10 200.55 148.37 312.90 223.88 0.0017569
desk 0 0 -10 322.13 109.60 577.22 280.66 0.0016454
table 0 0 -10 18.96 1.74 225.32 96.80 0.0016314
night_stand 0 0 -10 239.59 93.27 566.64 388.95 0.0016235
dresser 0 0 -10 20.80 8.82 256.35 195.46 0.0016037
night_stand 0 0 -10 29.06 9.40 254.32 192.28 0.0015229
night_stand 0 0 -10 214.62 138.35 294.40 186.77 0.0012723
night_stand 0 0 -10 51.68 145.33 528.42 425.97 0.0012404
bed 0 0 -10 89.26 0.00 452.04 261.24 0.0012316
night_stand 0 0 -10 237.67 136.25 466.01 334.74 0.0012009
bathtub 0 0 -10 391.08 151.46 590.76 433.09 0.0011522
table 0 0 -10 243.21 139.53 567.42 433.69 0.0011333
night_stand 0 0 -10 244.66 134.45 329.92 191.57 0.0011236
bed 0 0 -10 384.49 254.83 584.30 437.18 0.0010843
sofa 0 0 -10 16.72 5.73 217.81 76.36 0.0010002
bookshelf 0 0 -10 12.85 0.00 462.34 402.78 0.0009863
table 0 0 -10 6.99 47.01 489.09 415.01 0.0008862
bed 0 0 -10 0.00 124.05 92.61 430.55 0.0008346
table 0 0 -10 0.00 237.47 557.17 441.00 0.0008214
dresser 0 0 -10 217.61 36.49 456.34 256.27 0.0007832
night_stand 0 0 -10 344.21 137.59 431.49 270.70 0.0007762
night_stand 0 0 -10 211.14 1.86 267.54 190.26 0.0007679
bed 0 0 -10 51.78 336.32 527.46 436.16 0.0007617
night_stand 0 0 -10 140.38 115.61 351.74 240.36 0.0007137
chair 0 0 -10 210.93 164.21 545.94 436.04 0.0007051
chair 0 0 -10 226.66 103.53 429.75 282.72 0.0006911
sofa 0 0 -10 22.33 7.20 243.12 146.63 0.0006760
table 0 0 -10 329.30 110.30 573.45 278.70 0.0006578
bathtub 0 0 -10 370.32 117.64 591.00 305.43 0.0006370
chair 0 0 -10 38.62 3.36 228.41 108.88 0.0006340
chair 0 0 -10 15.60 236.40 443.55 441.00 0.0006321
night_stand 0 0 -10 2.49 240.27 81.59 335.49 0.0005703
toilet 0 0 -10 257.39 113.16 432.32 265.99 0.0005535
desk 0 0 -10 236.66 132.49 576.19 431.80 0.0005214
night_stand 0 0 -10 166.79 141.75 274.30 223.97 0.0005193
table 0 0 -10 436.53 181.75 585.55 441.00 0.0005136
desk 0 0 -10 47.98 12.93 587.09 428.20 0.0004910
night_stand 0 0 -10 269.43 121.19 351.97 162.43 0.0004692
bookshelf 0 0 -10 15.04 0.00 258.38 193.20 0.0004569
bed 0 0 -10 246.64 279.85 538.38 440.15 0.0004467
desk 0 0 -10 250.83 118.45 478.50 327.11 0.0004450
table 0 0 -10 0.73 230.14 66.69 332.95 0.0004244
chair 0 0 -10 5.60 249.74 186.18 438.68 0.0004121
dresser 0 0 -10 0.00 240.70 533.68 441.00 0.0003624
bathtub 0 0 -10 265.06 124.89 493.78 280.50 0.0003570
dresser 0 0 -10 72.99 129.84 412.76 298.31 0.0003309
bookshelf 0 0 -10 232.54 54.05 568.76 393.49 0.0003243
chair 0 0 -10 1.13 194.90 129.59 382.68 0.0003177
bed 0 0 -10 1.03 219.78 50.82 402.66 0.0003157
bookshelf 0 0 -10 239.49 116.57 441.02 272.33 0.0003118
sofa 0 0 -10 1.89 211.35 493.82 439.79 0.0003074
bed 0 0 -10 3.66 277.53 134.70 354.11 0.0003007
night_stand 0 0 -10 15.55 94.76 396.86 363.74 0.0002926
chair 0 0 -10 0.83 226.43 83.85 340.48 0.0002917
table 0 0 -10 1.24 251.85 70.51 425.29 0.0002853
sofa 0 0 -10 216.46 149.02 561.45 437.46 0.0002846
table 0 0 -10 221.14 55.83 462.95 259.13 0.0002759
chair 0 0 -10 0.82 278.88 79.40 432.73 0.0002744
bed 0 0 -10 222.17 23.30 453.83 204.56 0.0002730
bathtub 0 0 -10 218.83 84.27 585.88 388.65 0.0002729
table 0 0 -10 72.20 137.60 429.43 300.77 0.0002718
table 0 0 -10 272.40 119.00 323.59 148.78 0.0002701
night_stand 0 0 -10 2.02 213.03 127.24 373.87 0.0002695
bed 0 0 -10 0.63 149.03 239.93 364.84 0.0002668
desk 0 0 -10 251.16 43.41 450.34 247.19 0.0002659
