desk 0 0 -10 179.15 140.08 591.00 429.31 0.5823002
chair 0 0 -10 550.03 284.06 589.82 433.38 0.4527143
chair 0 0 -10 532.91 160.79 591.00 426.59 0.0832700
dresser 0 0 -10 194.21 124.24 589.25 438.82 0.0799858
chair 0 0 -10 556.32 335.56 589.97 418.51 0.0494987
table 0 0 -10 553.71 303.14 589.83 430.06 0.0321408
dresser 0 0 -10 82.74 150.62 205.29 415.27 0.0292920
desk 0 0 -10 550.59 280.00 588.73 433.42 0.0258305
chair 0 0 -10 522.09 273.76 589.39 395.17 0.0241468
desk 0 0 -10 413.69 134.74 585.16 386.48 0.0210407
bookshelf 0 0 -10 84.08 143.63 202.74 420.36 0.0140167
table 0 0 -10 198.06 152.66 591.00 428.34 0.0124742
chair 0 0 -10 563.80 143.60 590.39 420.13 0.0096339
chair 0 0 -10 96.12 165.70 188.22 370.11 0.0088477
desk 0 0 -10 75.57 206.79 192.03 378.47 0.0084730
chair 0 0 -10 44.03 145.15 200.52 389.52 0.0083941
chair 0 0 -10 565.17 253.09 590.92 379.98 0.0081657
chair 0 0 -10 550.60 371.06 589.71 425.07 0.0080021
table 0 0 -10 541.51 227.71 590.55 423.23 0.0073947
chair 0 0 -10 481.04 280.91 591.00 417.91 0.0070464
chair 0 0 -10 538.36 343.26 589.83 438.16 0.0068705
bookshelf 0 0 -10 189.77 55.46 591.00 441.00 0.0067918
table 0 0 -10 497.66 288.82 590.81 377.29 0.0063772
desk 0 0 -10 529.22 143.78 589.49 412.64 0.0063267
chair 0 0 -10 516.68 17.80 590.63 387.85 0.0058264
table 0 0 -10 48.56 167.73 201.08 393.59 0.0057742
desk 0 0 -10 514.84 279.11 586.23 389.36 0.0053147
chair 0 0 -10 542.17 266.66 590.72 355.36 0.0053114
table 0 0 -10 90.65 196.70 179.11 390.42 0.0051759
desk 0 0 -10 426.30 264.48 587.00 417.52 0.0049458
bed 0 0 -10 0.00 2.34 114.74 370.30 0.0049446
chair 0 0 -10 4.05 216.10 113.73 387.34 0.0048868
dresser 0 0 -10 21.10 0.00 460.67 391.73 0.0048359
table 0 0 -10 5.78 267.22 101.59 379.22 0.0043377
dresser 0 0 -10 32.28 39.11 228.57 406.31 0.0042973
chair 0 0 -10 571.92 279.98 590.87 412.93 0.0032255
desk 0 0 -10 249.11 262.52 589.82 433.39 0.0032242
chair 0 0 -10 479.03 137.26 591.00 391.58 0.0031571
chair 0 0 -10 545.86 9.98 590.68 232.77 0.0031433
table 0 0 -10 12.93 218.10 162.57 392.31 0.0030632
sofa 0 0 -10 557.01 323.06 590.19 424.75 0.0029079
bathtub 0 0 -10 185.47 0.59 591.00 242.04 0.0026280
dresser 0 0 -10 56.76 143.56 314.57 429.10 0.0026159
desk 0 0 -10 29.94 129.49 303.21 424.51 0.0021039
bed 0 0 -10 147.10 23.17 591.00 441.00 0.0019170
chair 0 0 -10 579.77 245.96 590.82 409.94 0.0017930
table 0 0 -10 535.65 296.67 588.47 391.67 0.0017906
table 0 0 -10 517.78 147.06 591.00 371.80 0.0017892
table 0 0 -10 0.29 306.28 61.90 362.76 0.0017544
night_stand 0 0 -10 202.33 131.83 585.36 430.74 0.0016684
chair 0 0 -10 1.43 87.11 119.72 370.52 0.0016103
chair 0 0 -10 522.06 64.61 589.03 246.48 0.0015665
chair 0 0 -10 3.15 0.05 237.39 422.29 0.0015520
chair 0 0 -10 549.80 52.38 589.66 390.54 0.0015376
dresser 0 0 -10 549.60 284.73 589.86 433.18 0.0015005
desk 0 0 -10 557.82 175.70 590.42 418.51 0.0014874
chair 0 0 -10 517.02 191.24 588.93 343.27 0.0014591
night_stand 0 0 -10 549.75 289.26 590.40 431.74 0.0014423
night_stand 0 0 -10 60.10 168.78 211.23 381.70 0.0013862
bookshelf 0 0 -10 36.65 16.57 223.40 410.86 0.0013749
desk 0 0 -10 12.50 211.37 163.27 388.94 0.0013090
bookshelf 0 0 -10 25.67 0.00 454.80 391.97 0.0013041
chair 0 0 -10 6.86 293.14 102.30 388.65 0.0012862
desk 0 0 -10 119.68 0.00 591.00 356.11 0.0012820
dresser 0 0 -10 158.03 145.20 408.75 434.12 0.0012182
desk 0 0 -10 482.26 75.52 589.10 374.65 0.0011751
desk 0 0 -10 556.36 342.93 589.98 418.97 0.0011734
bed 0 0 -10 553.36 298.67 590.59 431.71 0.0011323
table 0 0 -10 0.19 138.95 119.52 382.31 0.0009739
toilet 0 0 -10 553.30 303.97 590.56 433.17 0.0009561
chair 0 0 -10 583.45 159.66 591.00 409.17 0.0009528
bed 0 0 -10 47.72 153.31 202.67 392.60 0.0009462
dresser 0 0 -10 95.21 183.45 187.53 358.32 0.0009074
bookshelf 0 0 -10 550.26 273.95 589.43 431.89 0.0009040
dresser 0 0 -10 174.23 160.02 211.03 438.99 0.0008728
table 0 0 -10 548.86 365.79 588.58 416.86 0.0008257
table 0 0 -10 183.11 5.36 590.51 258.07 0.0007640
chair 0 0 -10 9.27 270.81 172.76 423.82 0.0007606
bathtub 0 0 -10 550.73 254.16 591.00 420.72 0.0007547
bathtub 0 0 -10 58.30 188.44 205.73 406.32 0.0007509
bookshelf 0 0 -10 111.37 208.22 179.38 299.11 0.0007407
chair 0 0 -10 71.10 247.58 205.19 430.71 0.0007387
dresser 0 0 -10 393.90 53.20 587.91 390.53 0.0007313
dresser 0 0 -10 191.00 152.49 234.55 436.57 0.0007313
bathtub 0 0 -10 186.97 125.32 589.60 422.25 0.0007269
table 0 0 -10 405.93 141.10 584.34 383.51 0.0007222
dresser 0 0 -10 146.36 155.21 203.88 436.66 0.0006734
sofa 0 0 -10 539.22 295.58 589.35 407.07 0.0006456
dresser 0 0 -10 188.12 8.31 591.00 250.66 0.0006235
chair 0 0 -10 558.05 268.78 590.00 308.90 0.0005959
table 0 0 -10 537.55 346.54 587.47 438.81 0.0005714
chair 0 0 -10 434.85 9.94 591.00 368.21 0.0005576
desk 0 0 -10 523.21 69.10 589.67 314.98 0.0005533
bed 0 0 -10 1.78 1.50 232.70 300.29 0.0005346
bed 0 0 -10 7.38 5.15 164.89 165.05 0.0005258
toilet 0 0 -10 89.04 183.43 198.30 423.46 0.0005089
desk 0 0 -10 80.54 109.55 221.27 432.15 0.0005016
chair 0 0 -10 0.25 0.00 124.53 273.99 0.0004974
table 0 0 -10 563.55 135.97 590.37 421.37 0.0004968
chair 0 0 -10 586.37 187.69 591.00 360.84 0.0004863
