desk 0 0 -10 411.18 283.71 587.08 432.66 0.7497614
desk 0 0 -10 362.59 152.23 540.56 296.86 0.6390852
desk 0 0 -10 20.57 164.73 424.56 438.14 0.5350198
table 0 0 -10 347.74 152.66 539.63 302.16 0.4514985
table 0 0 -10 0.00 185.31 427.86 435.00 0.4329869
desk 0 0 -10 356.18 146.02 585.68 371.85 0.3918495
table 0 0 -10 393.52 279.11 585.16 426.96 0.2712161
bed 0 0 -10 0.00 114.78 67.85 439.41 0.2205141
desk 0 0 -10 36.84 210.02 210.69 439.26 0.1269844
chair 0 0 -10 431.68 192.21 591.00 421.71 0.1269002
table 0 0 -10 330.50 157.18 587.36 410.87 0.1187989
desk 0 0 -10 355.66 354.07 581.22 426.42 0.0858218
table 0 0 -10 308.06 344.55 591.00 436.62 0.0784883
table 0 0 -10 31.37 205.05 260.62 437.82 0.0681493
chair 0 0 -10 11.28 241.20 187.99 441.00 0.0632139
desk 0 0 -10 439.40 144.40 533.09 269.20 0.0601542
chair 0 0 -10 343.51 284.93 586.88 438.77 0.0565145
chair 0 0 -10 426.00 156.99 584.69 322.18 0.0518057
desk 0 0 -10 377.99 155.27 530.38 237.31 0.0449918
desk 0 0 -10 209.96 236.96 423.62 435.66 0.0440675
chair 0 0 -10 32.15 330.19 190.08 441.00 0.0418896
chair 0 0 -10 426.25 218.92 553.26 321.43 0.0403086
chair 0 0 -10 483.39 132.55 586.07 242.05 0.0396920
chair 0 0 -10 480.21 292.93 587.63 424.80 0.0392433
chair 0 0 -10 0.00 235.26 75.35 441.00 0.0349255
table 0 0 -10 208.21 248.09 428.42 434.65 0.0313548
desk 0 0 -10 235.93 324.33 578.21 433.23 0.0312302
dresser 0 0 -10 3.99 102.39 63.30 287.65 0.0287144
bed 0 0 -10 16.72 192.85 201.46 440.85 0.0250911
desk 0 0 -10 45.28 299.40 429.52 437.73 0.0239747
table 0 0 -10 1.99 256.00 64.91 437.31 0.0222165
chair 0 0 -10 190.01 182.69 414.58 425.37 0.0203743
table 0 0 -10 119.20 189.40 425.78 342.59 0.0201988
table 0 0 -10 111.82 289.87 557.26 434.65 0.0188966
desk 0 0 -10 266.77 191.18 549.85 403.23 0.0185854
desk 0 0 -10 47.23 190.58 412.72 341.47 0.0181664
desk 0 0 -10 48.79 209.39 216.37 310.59 0.0176931
desk 0 0 -10 422.36 275.57 578.77 342.33 0.0168609
chair 0 0 -10 519.46 149.59 590.14 426.95 0.0156671
table 0 0 -10 253.54 168.81 505.13 295.07 0.0143747
chair 0 0 -10 538.60 281.98 589.87 440.45 0.0139279
chair 0 0 -10 437.89 169.96 541.08 290.60 0.0125309
chair 0 0 -10 241.50 218.87 489.40 436.33 0.0123348
desk 0 0 -10 63.24 133.68 402.01 285.09 0.0117403
bed 0 0 -10 11.83 114.68 431.19 435.69 0.0117283
dresser 0 0 -10 0.32 117.69 65.28 436.00 0.0114689
chair 0 0 -10 404.84 270.70 551.14 407.71 0.0114659
chair 0 0 -10 249.63 354.70 560.27 437.65 0.0113858
desk 0 0 -10 402.99 191.72 546.99 314.99 0.0109328
table 0 0 -10 444.74 146.26 571.57 271.30 0.0106608
desk 0 0 -10 412.84 128.12 526.33 217.86 0.0104623
desk 0 0 -10 59.24 71.12 295.69 409.21 0.0097858
table 0 0 -10 373.23 156.14 535.25 238.64 0.0097438
desk 0 0 -10 487.96 264.81 586.08 425.39 0.0095969
table 0 0 -10 398.40 192.93 549.39 312.37 0.0086090
sofa 0 0 -10 2.67 218.59 63.51 440.20 0.0083841
table 0 0 -10 41.61 311.84 396.81 436.57 0.0077141
table 0 0 -10 45.84 210.31 218.49 312.61 0.0076830
chair 0 0 -10 372.22 178.37 540.16 343.36 0.0070179
chair 0 0 -10 418.32 190.91 518.13 307.82 0.0068110
desk 0 0 -10 447.95 169.76 584.96 429.07 0.0064869
chair 0 0 -10 439.73 141.06 510.74 255.53 0.0064146
chair 0 0 -10 337.69 218.95 539.05 391.01 0.0062478
chair 0 0 -10 70.64 181.05 243.26 428.36 0.0061423
sofa 0 0 -10 399.20 279.22 591.00 431.78 0.0059876
desk 0 0 -10 470.25 136.36 583.87 245.07 0.0059506
chair 0 0 -10 236.70 172.19 432.26 298.94 0.0059357
table 0 0 -10 288.53 279.73 503.31 432.32 0.0058185
table 0 0 -10 43.13 305.13 202.61 439.21 0.0057843
table 0 0 -10 3.71 119.86 61.12 371.06 0.0055711
desk 0 0 -10 115.56 71.78 528.92 428.58 0.0055226
table 0 0 -10 319.42 412.14 531.24 441.00 0.0054015
desk 0 0 -10 158.32 175.99 423.12 289.39 0.0053545
chair 0 0 -10 154.88 138.53 277.96 420.25 0.0052946
night_stand 0 0 -10 397.31 277.42 591.00 439.78 0.0052869
table 0 0 -10 58.01 137.02 406.09 285.92 0.0052843
desk 0 0 -10 370.98 90.30 574.35 150.64 0.0051483
chair 0 0 -10 404.66 145.08 498.76 230.84 0.0051109
desk 0 0 -10 49.95 88.92 292.73 236.76 0.0050999
table 0 0 -10 416.65 276.60 586.09 342.98 0.0050246
desk 0 0 -10 258.27 169.11 499.28 295.67 0.0049680
bookshelf 0 0 -10 24.95 49.74 412.87 404.89 0.0048622
desk 0 0 -10 19.87 169.91 228.82 360.19 0.0047763
desk 0 0 -10 294.09 269.20 499.61 430.08 0.0046336
dresser 0 0 -10 378.57 288.46 591.00 429.55 0.0046108
night_stand 0 0 -10 346.21 152.48 540.03 300.53 0.0042624
table 0 0 -10 485.33 135.35 589.27 242.87 0.0042271
chair 0 0 -10 462.04 126.69 540.08 250.17 0.0041489
table 0 0 -10 131.67 103.20 348.98 426.14 0.0041264
table 0 0 -10 428.34 150.06 522.41 260.22 0.0041003
desk 0 0 -10 406.92 89.61 534.97 187.83 0.0040798
table 0 0 -10 79.25 424.48 197.42 441.00 0.0040550
chair 0 0 -10 329.64 388.63 588.07 436.35 0.0036758
chair 0 0 -10 24.35 272.22 326.62 434.17 0.0036601
bed 0 0 -10 346.42 148.46 537.13 301.04 0.0036534
desk 0 0 -10 364.21 95.10 552.09 247.81 0.0035877
chair 0 0 -10 445.59 155.39 496.68 232.19 0.0034245
table 0 0 -10 215.97 109.86 526.53 386.24 0.0033992
chair 0 0 -10 312.75 208.47 421.39 314.96 0.0033555
bed 0 0 -10 2.86 96.04 64.30 298.58 0.0032679
