chair 0 0 -10 273.97 88.42 415.35 345.31 0.9500814
desk 0 0 -10 31.93 49.24 393.39 441.00 0.7059189
table 0 0 -10 0.02 145.32 318.20 441.00 0.5612063
desk 0 0 -10 163.78 16.97 424.73 389.65 0.3892203
chair 0 0 -10 289.29 75.97 411.33 240.16 0.2721126
table 0 0 -10 121.76 107.09 385.54 408.88 0.1549376
chair 0 0 -10 307.43 77.31 417.53 173.62 0.1037327
table 0 0 -10 61.88 10.25 424.13 342.81 0.1000696
chair 0 0 -10 188.33 129.21 397.32 394.36 0.0840010
desk 0 0 -10 80.34 158.23 316.72 440.10 0.0820442
dresser 0 0 -10 535.79 1.32 587.87 169.43 0.0679186
chair 0 0 -10 94.09 200.72 320.69 438.55 0.0413314
desk 0 0 -10 234.92 109.49 411.30 368.93 0.0380130
desk 0 0 -10 43.55 7.17 433.79 241.66 0.0344844
sofa 0 0 -10 492.35 243.30 588.68 397.95 0.0331249
chair 0 0 -10 211.69 13.54 443.81 367.36 0.0320587
bed 0 0 -10 539.80 323.20 591.00 441.00 0.0314685
table 0 0 -10 276.35 137.44 410.12 348.02 0.0309537
desk 0 0 -10 0.00 120.02 250.72 374.01 0.0239580
bed 0 0 -10 489.75 240.53 587.70 391.99 0.0236917
bed 0 0 -10 1.03 130.99 307.73 441.00 0.0230553
sofa 0 0 -10 541.47 324.46 590.79 440.74 0.0206078
chair 0 0 -10 290.72 148.08 415.65 280.15 0.0162630
desk 0 0 -10 265.28 27.10 423.22 300.83 0.0152131
chair 0 0 -10 6.22 10.37 216.67 306.82 0.0132721
table 0 0 -10 258.19 24.81 422.65 302.12 0.0122241
chair 0 0 -10 347.33 58.84 424.17 284.25 0.0090797
bookshelf 0 0 -10 536.20 0.00 587.76 176.20 0.0089340
table 0 0 -10 335.75 78.37 408.20 140.67 0.0088228
dresser 0 0 -10 3.78 90.13 387.14 440.24 0.0083493
table 0 0 -10 540.09 330.78 590.82 441.00 0.0081754
chair 0 0 -10 72.66 59.11 407.23 427.17 0.0074572
table 0 0 -10 295.78 45.40 419.27 188.28 0.0072909
table 0 0 -10 18.61 157.08 252.46 319.82 0.0066547
chair 0 0 -10 489.60 233.62 590.89 406.88 0.0064286
dresser 0 0 -10 53.44 3.11 209.59 168.12 0.0064241
dresser 0 0 -10 484.29 60.69 529.03 138.75 0.0061110
chair 0 0 -10 1.59 145.19 153.04 327.40 0.0059789
desk 0 0 -10 299.21 44.64 419.89 183.13 0.0056783
chair 0 0 -10 530.22 337.24 591.00 441.00 0.0055120
dresser 0 0 -10 181.14 35.04 427.30 375.16 0.0054593
table 0 0 -10 489.68 217.99 588.37 390.44 0.0054256
chair 0 0 -10 332.09 76.89 408.36 141.75 0.0053598
chair 0 0 -10 43.15 0.00 222.71 166.31 0.0051835
table 0 0 -10 3.07 212.78 140.79 436.59 0.0051060
dresser 0 0 -10 486.37 18.86 566.94 155.17 0.0046682
dresser 0 0 -10 37.11 7.80 406.12 227.69 0.0046120
chair 0 0 -10 0.00 200.93 42.01 314.27 0.0045987
bookshelf 0 0 -10 481.96 54.54 526.87 146.53 0.0044913
chair 0 0 -10 372.34 3.14 564.08 128.24 0.0040249
bed 0 0 -10 16.81 12.04 423.00 436.66 0.0037859
bookshelf 0 0 -10 493.54 229.23 590.15 390.79 0.0036584
table 0 0 -10 261.22 126.69 341.32 355.02 0.0035646
dresser 0 0 -10 78.60 167.93 319.51 441.00 0.0034870
table 0 0 -10 239.01 157.45 321.20 390.88 0.0031414
bed 0 0 -10 483.19 116.50 591.00 416.78 0.0031377
desk 0 0 -10 48.60 189.84 208.03 290.68 0.0028948
table 0 0 -10 573.16 350.81 590.40 382.60 0.0028856
table 0 0 -10 482.03 59.58 524.85 147.91 0.0027938
chair 0 0 -10 56.61 92.89 282.15 370.74 0.0027646
dresser 0 0 -10 540.24 24.02 590.01 116.18 0.0027519
chair 0 0 -10 0.00 178.83 170.09 424.11 0.0027371
bookshelf 0 0 -10 56.04 0.00 209.26 173.81 0.0026030
chair 0 0 -10 322.97 107.99 407.46 189.47 0.0025665
chair 0 0 -10 1.15 15.90 117.61 273.29 0.0023679
chair 0 0 -10 278.04 115.22 353.31 360.41 0.0021596
bathtub 0 0 -10 20.13 173.43 325.13 440.96 0.0021226
desk 0 0 -10 337.14 76.26 409.18 141.58 0.0021028
bookshelf 0 0 -10 219.60 22.96 415.84 354.45 0.0020991
table 0 0 -10 0.00 154.68 51.28 425.90 0.0020725
desk 0 0 -10 242.00 153.93 320.08 392.28 0.0020709
night_stand 0 0 -10 26.75 162.05 331.94 439.60 0.0020626
chair 0 0 -10 0.00 207.41 80.17 323.24 0.0020318
table 0 0 -10 0.04 111.71 165.28 311.69 0.0019966
chair 0 0 -10 28.36 140.68 214.33 293.66 0.0019944
table 0 0 -10 513.86 288.32 589.61 421.96 0.0019853
dresser 0 0 -10 491.61 243.29 587.44 387.99 0.0019124
chair 0 0 -10 10.92 0.00 140.79 169.57 0.0018984
sofa 0 0 -10 1.16 143.72 311.67 440.63 0.0018637
table 0 0 -10 0.00 215.15 41.43 315.76 0.0018467
bookshelf 0 0 -10 37.83 2.11 411.70 430.35 0.0018331
table 0 0 -10 238.56 78.85 395.57 224.95 0.0018324
chair 0 0 -10 420.37 65.22 474.31 125.76 0.0018111
chair 0 0 -10 0.00 179.02 105.02 374.87 0.0018058
chair 0 0 -10 0.00 140.90 67.10 424.12 0.0017739
table 0 0 -10 43.73 192.61 211.45 290.89 0.0017180
bookshelf 0 0 -10 0.00 17.94 117.31 272.92 0.0017158
bookshelf 0 0 -10 460.74 3.60 578.19 155.04 0.0016853
dresser 0 0 -10 416.66 5.06 561.59 130.02 0.0016526
bed 0 0 -10 549.20 373.60 591.00 441.00 0.0015992
chair 0 0 -10 298.98 63.08 502.00 243.89 0.0015630
table 0 0 -10 0.05 185.81 27.77 409.37 0.0015159
chair 0 0 -10 330.82 6.87 527.74 190.42 0.0014671
table 0 0 -10 91.68 264.85 316.42 441.00 0.0014639
chair 0 0 -10 329.20 47.25 428.62 197.76 0.0014181
chair 0 0 -10 306.85 215.59 410.85 366.62 0.0013905
bed 0 0 -10 1.37 204.83 132.13 437.64 0.0013882
chair 0 0 -10 9.32 0.00 110.11 107.43 0.0013540
bathtub 0 0 -10 24.85 3.06 426.91 210.31 0.0013376
chair 0 0 -10 410.89 22.22 477.30 126.91 0.0013045
