chair 0 0 -10 377.29 13.51 544.25 215.23 0.9865739
chair 0 0 -10 481.92 23.08 590.84 285.51 0.8584522
desk 0 0 -10 24.71 18.93 374.02 410.60 0.8192949
chair 0 0 -10 533.03 98.69 590.83 288.56 0.7548465
table 0 0 -10 490.57 259.51 591.00 440.77 0.6415011
chair 0 0 -10 488.40 3.31 589.70 172.74 0.5881864
chair 0 0 -10 532.37 5.95 589.13 244.24 0.2901308
desk 0 0 -10 493.17 259.19 591.00 441.00 0.2728913
desk 0 0 -10 17.84 15.43 252.91 313.24 0.2724023
chair 0 0 -10 496.00 89.12 591.00 379.91 0.2201322
table 0 0 -10 494.61 86.95 590.06 419.66 0.2127949
table 0 0 -10 4.16 9.61 386.16 348.27 0.2090274
desk 0 0 -10 497.87 87.17 590.45 421.44 0.0862532
chair 0 0 -10 448.24 7.16 563.58 157.11 0.0756971
chair 0 0 -10 479.38 264.62 587.96 441.00 0.0680953
table 0 0 -10 531.77 96.41 590.54 288.48 0.0528353
chair 0 0 -10 563.04 5.33 591.00 175.47 0.0525876
table 0 0 -10 8.79 28.48 228.04 308.55 0.0467437
table 0 0 -10 95.60 76.10 374.77 439.63 0.0377338
table 0 0 -10 478.92 62.57 588.01 285.26 0.0289599
desk 0 0 -10 510.90 90.07 587.59 277.38 0.0275530
chair 0 0 -10 372.79 258.66 577.33 439.83 0.0234113
desk 0 0 -10 0.00 13.41 495.29 211.09 0.0209811
desk 0 0 -10 197.43 8.75 368.08 352.31 0.0204499
chair 0 0 -10 575.62 0.00 591.00 210.03 0.0158932
chair 0 0 -10 0.00 180.86 38.85 437.75 0.0157174
dresser 0 0 -10 99.85 73.43 385.47 441.00 0.0152427
desk 0 0 -10 547.20 101.40 589.42 287.87 0.0148281
chair 0 0 -10 332.34 67.70 586.53 424.69 0.0134777
chair 0 0 -10 345.46 0.00 466.80 147.30 0.0132630
chair 0 0 -10 361.06 5.03 427.78 136.41 0.0125130
bathtub 0 0 -10 93.31 152.62 369.32 428.79 0.0116860
desk 0 0 -10 137.30 38.41 436.38 255.45 0.0107384
desk 0 0 -10 1.86 74.86 76.92 417.25 0.0106440
desk 0 0 -10 1.05 62.48 140.21 309.82 0.0097100
table 0 0 -10 0.52 86.06 65.09 434.63 0.0092750
chair 0 0 -10 400.51 4.90 522.73 131.51 0.0089595
chair 0 0 -10 233.54 22.85 366.16 344.23 0.0084006
table 0 0 -10 391.40 58.83 572.06 229.91 0.0082535
desk 0 0 -10 531.45 168.11 589.37 420.53 0.0080746
chair 0 0 -10 569.90 49.97 591.00 274.20 0.0079301
chair 0 0 -10 352.18 2.75 424.82 68.80 0.0076959
chair 0 0 -10 496.64 126.13 589.15 245.21 0.0069882
night_stand 0 0 -10 483.65 256.49 591.00 440.63 0.0068814
sofa 0 0 -10 497.10 87.24 591.00 405.75 0.0068100
chair 0 0 -10 38.61 16.86 237.18 296.13 0.0065524
desk 0 0 -10 109.71 136.98 368.23 433.28 0.0063281
chair 0 0 -10 193.69 53.35 530.52 432.71 0.0060975
desk 0 0 -10 238.11 14.04 567.47 342.68 0.0052994
desk 0 0 -10 336.61 40.89 555.65 226.74 0.0052210
desk 0 0 -10 435.38 64.58 579.23 268.84 0.0050920
chair 0 0 -10 585.02 18.47 591.00 191.64 0.0049503
table 0 0 -10 121.94 43.75 433.12 256.06 0.0048797
chair 0 0 -10 0.00 102.77 70.34 424.30 0.0046037
table 0 0 -10 527.54 175.92 590.00 424.33 0.0045505
chair 0 0 -10 106.14 40.96 402.58 421.27 0.0044926
table 0 0 -10 558.76 97.35 589.94 276.93 0.0042391
dresser 0 0 -10 496.03 90.33 591.00 409.63 0.0041409
table 0 0 -10 231.91 12.38 562.11 337.12 0.0040629
table 0 0 -10 462.53 12.77 585.62 165.80 0.0039118
table 0 0 -10 153.70 120.05 565.16 441.00 0.0035553
table 0 0 -10 376.92 250.37 582.13 441.00 0.0035434
sofa 0 0 -10 530.51 97.21 591.00 311.92 0.0033780
chair 0 0 -10 588.02 13.33 591.00 194.02 0.0033591
chair 0 0 -10 244.21 16.38 469.35 335.00 0.0033125
chair 0 0 -10 582.37 5.27 590.94 248.90 0.0032628
bookshelf 0 0 -10 107.29 65.08 380.84 441.00 0.0030958
chair 0 0 -10 397.72 38.80 580.83 304.94 0.0029195
bookshelf 0 0 -10 497.12 81.09 591.00 409.15 0.0029045
dresser 0 0 -10 483.78 252.74 589.46 441.00 0.0028011
table 0 0 -10 308.24 11.51 560.01 213.99 0.0026067
chair 0 0 -10 513.54 181.13 587.17 274.48 0.0026029
table 0 0 -10 0.98 166.36 38.30 440.51 0.0025987
bed 0 0 -10 494.34 74.56 591.00 413.95 0.0024261
chair 0 0 -10 417.08 339.63 574.03 441.00 0.0023279
chair 0 0 -10 213.89 232.86 582.13 439.93 0.0019974
table 0 0 -10 186.25 18.39 369.71 346.03 0.0019653
desk 0 0 -10 152.50 120.04 575.96 441.00 0.0019103
table 0 0 -10 40.00 13.07 432.15 176.26 0.0018591
bed 0 0 -10 487.50 250.20 590.95 441.00 0.0018276
night_stand 0 0 -10 494.57 95.89 591.00 407.58 0.0017867
table 0 0 -10 505.12 149.70 587.51 335.28 0.0016361
chair 0 0 -10 5.32 56.30 198.91 426.48 0.0015912
chair 0 0 -10 387.97 1.37 472.27 96.48 0.0015064
chair 0 0 -10 498.63 71.73 588.30 163.21 0.0014516
chair 0 0 -10 255.74 178.87 352.04 325.16 0.0014317
bookshelf 0 0 -10 491.01 242.47 590.00 436.75 0.0013696
bathtub 0 0 -10 496.36 91.83 591.00 414.76 0.0013363
table 0 0 -10 402.96 73.32 582.12 382.76 0.0013163
chair 0 0 -10 87.73 7.74 339.01 242.71 0.0012976
chair 0 0 -10 313.69 197.63 338.90 320.36 0.0012031
chair 0 0 -10 0.01 322.81 30.97 440.78 0.0011798
dresser 0 0 -10 530.25 106.37 591.00 311.19 0.0011002
chair 0 0 -10 370.47 0.25 426.24 48.70 0.0010881
table 0 0 -10 15.51 6.44 382.40 104.88 0.0010433
table 0 0 -10 572.94 63.68 590.65 277.13 0.0010394
chair 0 0 -10 0.00 256.46 64.42 438.32 0.0010349
desk 0 0 -10 464.70 11.60 586.03 162.00 0.0010213
desk 0 0 -10 498.37 25.50 588.54 231.60 0.0010148
table 0 0 -10 381.01 18.60 518.79 196.74 0.0010122
