desk 0 0 -10 134.71 129.29 539.42 437.07 0.7276815
desk 0 0 -10 149.92 135.36 355.76 439.75 0.6976346
chair 0 0 -10 1.23 271.53 57.46 441.00 0.2709796
desk 0 0 -10 313.25 151.38 566.67 437.19 0.1909942
table 0 0 -10 1.53 295.28 54.94 438.53 0.1158196
desk 0 0 -10 454.25 173.83 587.45 431.00 0.0804630
table 0 0 -10 148.52 151.12 356.45 437.39 0.0755184
table 0 0 -10 145.68 164.72 556.46 435.94 0.0748622
dresser 0 0 -10 150.60 188.37 347.35 441.00 0.0691519
chair 0 0 -10 164.46 112.80 347.81 435.81 0.0432918
table 0 0 -10 356.40 153.78 585.55 423.39 0.0422578
desk 0 0 -10 474.46 97.38 581.50 233.02 0.0370560
desk 0 0 -10 484.22 81.08 588.98 374.46 0.0294245
desk 0 0 -10 0.64 291.47 56.28 439.50 0.0290860
table 0 0 -10 449.52 111.85 586.22 401.17 0.0265852
table 0 0 -10 468.16 100.77 585.15 236.34 0.0259601
sofa 0 0 -10 1.25 272.12 54.83 434.26 0.0242972
night_stand 0 0 -10 151.76 190.66 353.07 441.00 0.0222935
table 0 0 -10 8.71 230.35 168.96 441.00 0.0207516
desk 0 0 -10 265.43 128.10 484.63 336.31 0.0189238
table 0 0 -10 329.90 173.24 481.97 425.81 0.0153415
desk 0 0 -10 18.51 121.44 291.12 439.96 0.0148014
desk 0 0 -10 515.79 225.93 588.54 410.68 0.0147028
table 0 0 -10 407.78 255.00 588.32 440.30 0.0139294
desk 0 0 -10 123.00 124.09 452.86 317.30 0.0125840
night_stand 0 0 -10 0.47 274.44 65.43 441.00 0.0116281
table 0 0 -10 146.57 285.67 341.85 441.00 0.0102340
table 0 0 -10 22.27 137.46 285.59 440.20 0.0100847
desk 0 0 -10 497.13 194.08 588.21 354.92 0.0099734
chair 0 0 -10 417.72 137.67 522.72 217.20 0.0086740
desk 0 0 -10 403.13 119.24 581.13 356.20 0.0085647
chair 0 0 -10 0.00 237.57 170.78 440.18 0.0081137
bookshelf 0 0 -10 141.34 52.45 385.06 435.32 0.0078303
table 0 0 -10 472.35 133.16 539.68 406.20 0.0074536
chair 0 0 -10 509.14 150.60 589.14 246.12 0.0074499
chair 0 0 -10 540.23 156.74 590.28 220.29 0.0073940
chair 0 0 -10 559.40 119.28 590.83 238.56 0.0068628
dresser 0 0 -10 0.54 284.53 56.04 439.36 0.0068209
desk 0 0 -10 336.69 191.19 474.81 417.79 0.0066945
desk 0 0 -10 475.36 130.96 537.21 402.26 0.0066597
table 0 0 -10 494.02 73.68 590.67 340.19 0.0064669
table 0 0 -10 490.79 200.12 589.85 426.49 0.0063101
chair 0 0 -10 449.71 118.30 515.99 252.16 0.0056968
desk 0 0 -10 521.10 129.67 588.94 336.50 0.0052284
chair 0 0 -10 452.84 120.83 501.29 209.03 0.0051971
chair 0 0 -10 439.95 56.75 521.47 185.79 0.0050242
desk 0 0 -10 481.17 146.14 588.03 274.82 0.0048852
dresser 0 0 -10 167.65 131.77 454.33 441.00 0.0046597
bathtub 0 0 -10 441.38 293.76 588.30 440.40 0.0045841
desk 0 0 -10 414.37 160.33 519.53 307.11 0.0045486
table 0 0 -10 366.97 97.23 578.59 235.40 0.0044868
chair 0 0 -10 504.30 132.68 588.16 393.32 0.0044431
chair 0 0 -10 571.65 76.06 591.00 306.38 0.0044058
bookshelf 0 0 -10 0.82 277.58 56.41 439.76 0.0043480
chair 0 0 -10 557.09 111.67 590.57 181.51 0.0043035
chair 0 0 -10 529.61 155.25 572.62 242.82 0.0042906
chair 0 0 -10 560.18 165.53 591.00 217.00 0.0041860
chair 0 0 -10 420.86 138.54 500.23 279.40 0.0040590
chair 0 0 -10 537.84 138.28 591.00 333.73 0.0040489
table 0 0 -10 410.41 115.99 584.25 202.43 0.0039873
table 0 0 -10 362.64 120.25 502.90 194.43 0.0039378
bathtub 0 0 -10 511.72 284.77 590.20 441.00 0.0038361
table 0 0 -10 382.94 334.04 578.52 439.60 0.0036220
chair 0 0 -10 550.83 135.50 590.87 200.11 0.0035503
desk 0 0 -10 454.38 140.76 523.86 343.80 0.0034612
chair 0 0 -10 396.86 208.80 567.33 423.66 0.0033136
chair 0 0 -10 233.45 151.46 463.35 416.63 0.0032910
desk 0 0 -10 178.99 313.62 579.50 434.29 0.0032346
chair 0 0 -10 578.31 129.37 591.00 302.24 0.0031885
table 0 0 -10 261.44 130.27 488.16 338.59 0.0031050
chair 0 0 -10 450.71 144.00 522.95 325.14 0.0030145
table 0 0 -10 375.26 137.03 479.52 178.27 0.0030045
desk 0 0 -10 4.62 227.59 174.04 441.00 0.0028726
table 0 0 -10 14.34 124.86 178.33 397.10 0.0028594
chair 0 0 -10 79.31 174.71 266.90 434.18 0.0028187
chair 0 0 -10 402.77 149.38 493.53 234.86 0.0028125
desk 0 0 -10 519.71 161.40 590.96 254.47 0.0028078
chair 0 0 -10 6.29 207.05 38.10 437.50 0.0027777
dresser 0 0 -10 308.85 145.48 480.56 431.17 0.0027550
desk 0 0 -10 483.56 93.36 535.64 241.12 0.0027494
chair 0 0 -10 412.04 72.52 518.80 227.65 0.0027334
desk 0 0 -10 416.46 113.76 582.20 201.87 0.0026724
desk 0 0 -10 471.36 104.62 519.31 231.87 0.0026375
desk 0 0 -10 502.01 122.36 589.19 201.46 0.0026046
dresser 0 0 -10 14.14 110.87 176.69 441.00 0.0025873
chair 0 0 -10 431.10 124.85 574.05 247.30 0.0025480
bed 0 0 -10 0.36 274.71 56.26 440.50 0.0024162
chair 0 0 -10 436.98 84.83 493.17 150.98 0.0023712
desk 0 0 -10 396.63 306.42 586.53 437.71 0.0023673
table 0 0 -10 117.46 132.24 459.53 316.19 0.0023000
desk 0 0 -10 302.20 98.15 558.48 259.23 0.0022955
table 0 0 -10 171.22 64.86 318.70 190.50 0.0022828
chair 0 0 -10 538.01 101.18 590.93 200.97 0.0022710
desk 0 0 -10 142.00 283.75 349.94 441.00 0.0022453
chair 0 0 -10 530.44 181.52 589.52 254.63 0.0022446
chair 0 0 -10 453.17 100.47 505.85 167.88 0.0022320
chair 0 0 -10 557.21 163.16 589.60 281.58 0.0021970
table 0 0 -10 163.28 335.90 523.80 438.94 0.0021841
chair 0 0 -10 253.10 85.40 441.05 229.64 0.0021480
table 0 0 -10 499.14 122.77 589.94 202.78 0.0021307
