chair 0 0 -10 10.21 238.69 232.57 439.32 0.9871426
chair 0 0 -10 154.58 172.38 251.60 257.54 0.9863272
chair 0 0 -10 292.07 151.80 385.64 242.34 0.9830040
chair 0 0 -10 23.11 172.05 135.33 275.82 0.9827189
table 0 0 -10 330.37 289.45 591.00 441.00 0.6453471
desk 0 0 -10 326.30 282.77 591.00 439.69 0.4726126
chair 0 0 -10 10.50 195.26 145.32 355.65 0.3355314
chair 0 0 -10 0.15 145.78 34.70 318.24 0.2621659
chair 0 0 -10 0.12 188.95 51.40 296.80 0.0942069
chair 0 0 -10 0.58 195.88 35.37 270.06 0.0778280
sofa 0 0 -10 327.77 287.94 591.00 441.00 0.0634024
chair 0 0 -10 1.05 162.87 102.07 329.15 0.0563214
bed 0 0 -10 327.36 278.97 591.00 436.63 0.0517492
table 0 0 -10 1.87 168.63 24.27 316.96 0.0365789
chair 0 0 -10 363.68 295.85 583.21 434.94 0.0362350
chair 0 0 -10 5.49 141.23 22.65 333.56 0.0358657
chair 0 0 -10 143.60 168.00 268.66 339.81 0.0283910
chair 0 0 -10 1.95 235.69 114.53 431.93 0.0184949
chair 0 0 -10 275.52 147.34 395.77 289.72 0.0150995
dresser 0 0 -10 324.02 285.76 588.38 439.06 0.0144143
table 0 0 -10 0.58 229.29 21.55 300.88 0.0135684
chair 0 0 -10 191.11 168.97 284.64 281.60 0.0135365
chair 0 0 -10 1.55 197.82 93.17 276.94 0.0131619
desk 0 0 -10 1.44 162.43 29.10 314.21 0.0127090
table 0 0 -10 90.50 248.50 544.34 441.00 0.0110760
table 0 0 -10 1.11 204.65 32.44 285.27 0.0092970
table 0 0 -10 2.22 197.29 40.94 326.47 0.0092758
chair 0 0 -10 455.50 268.31 588.37 403.25 0.0092484
night_stand 0 0 -10 325.05 289.95 590.35 441.00 0.0089149
chair 0 0 -10 70.79 187.38 233.14 341.89 0.0085806
table 0 0 -10 226.54 173.35 366.63 280.81 0.0077256
desk 0 0 -10 446.69 275.86 588.62 410.06 0.0068042
desk 0 0 -10 79.62 244.10 557.42 441.00 0.0067492
table 0 0 -10 24.46 250.34 232.07 436.78 0.0066258
table 0 0 -10 24.03 178.17 207.62 282.20 0.0066247
table 0 0 -10 126.74 178.50 265.07 265.80 0.0064324
table 0 0 -10 236.28 180.21 290.63 258.70 0.0056176
chair 0 0 -10 0.35 226.65 66.54 337.98 0.0056039
table 0 0 -10 443.97 276.57 590.09 409.76 0.0047974
desk 0 0 -10 130.23 178.42 262.75 267.90 0.0046004
chair 0 0 -10 1.79 246.99 49.70 300.73 0.0043727
chair 0 0 -10 28.30 176.30 122.72 232.97 0.0043213
chair 0 0 -10 294.18 147.77 358.76 213.52 0.0040997
table 0 0 -10 3.57 199.58 8.73 318.91 0.0040728
bookshelf 0 0 -10 1.83 147.52 28.82 312.27 0.0040439
table 0 0 -10 0.00 196.42 157.64 344.98 0.0038773
chair 0 0 -10 0.40 158.37 72.87 252.14 0.0033215
table 0 0 -10 262.25 159.08 388.09 250.28 0.0033022
table 0 0 -10 3.39 214.43 13.36 310.47 0.0032336
table 0 0 -10 317.24 164.05 588.23 428.10 0.0032253
table 0 0 -10 27.70 216.41 387.01 430.91 0.0031032
table 0 0 -10 5.53 142.74 19.19 345.73 0.0028776
chair 0 0 -10 232.99 172.27 287.31 253.55 0.0028704
sofa 0 0 -10 1.87 158.92 29.26 310.69 0.0028552
desk 0 0 -10 17.20 175.35 210.22 286.73 0.0027426
chair 0 0 -10 70.22 253.22 441.16 441.00 0.0027142
bathtub 0 0 -10 337.43 306.66 577.67 435.18 0.0026816
chair 0 0 -10 4.28 174.21 9.73 302.36 0.0025725
table 0 0 -10 523.25 278.09 590.17 429.22 0.0025206
chair 0 0 -10 3.34 196.39 16.18 273.39 0.0024255
chair 0 0 -10 1.18 180.87 48.01 249.63 0.0023738
dresser 0 0 -10 2.57 146.89 24.59 306.43 0.0023660
chair 0 0 -10 1.56 223.18 32.04 302.57 0.0022555
chair 0 0 -10 243.29 355.06 529.70 439.70 0.0022543
chair 0 0 -10 155.41 168.58 221.21 236.24 0.0022044
chair 0 0 -10 0.72 213.20 22.61 248.82 0.0021287
desk 0 0 -10 248.35 164.04 385.24 264.91 0.0019645
table 0 0 -10 0.83 229.14 18.69 263.06 0.0019243
desk 0 0 -10 16.62 253.50 232.17 433.58 0.0018565
desk 0 0 -10 0.90 150.42 16.45 326.83 0.0018441
chair 0 0 -10 325.94 224.98 583.20 410.43 0.0018120
desk 0 0 -10 0.40 195.99 35.13 267.15 0.0017556
table 0 0 -10 159.25 173.47 250.03 242.60 0.0017448
bookshelf 0 0 -10 337.72 272.91 590.11 435.83 0.0017292
table 0 0 -10 28.25 174.85 146.79 260.18 0.0015366
desk 0 0 -10 516.59 293.30 590.34 427.53 0.0015311
desk 0 0 -10 0.00 190.47 51.57 296.85 0.0014282
table 0 0 -10 296.53 154.10 379.88 227.44 0.0014085
table 0 0 -10 0.37 233.78 12.50 272.61 0.0013775
toilet 0 0 -10 340.52 276.23 585.70 437.14 0.0013341
table 0 0 -10 0.81 258.94 22.53 284.57 0.0012983
table 0 0 -10 0.62 241.21 44.63 299.20 0.0012402
table 0 0 -10 243.14 270.01 474.11 439.57 0.0012007
bed 0 0 -10 1.36 151.69 29.37 316.84 0.0011844
chair 0 0 -10 2.71 203.28 27.93 354.73 0.0011542
chair 0 0 -10 45.65 172.34 182.41 258.42 0.0010861
table 0 0 -10 0.00 169.69 51.74 285.00 0.0010752
table 0 0 -10 4.94 218.79 19.62 276.03 0.0010384
chair 0 0 -10 19.68 183.13 27.21 242.56 0.0010096
chair 0 0 -10 2.41 180.82 7.99 313.10 0.0009842
sofa 0 0 -10 0.65 195.31 34.98 266.24 0.0009816
table 0 0 -10 0.30 222.06 7.13 333.31 0.0009521
bookshelf 0 0 -10 6.27 121.27 21.68 327.00 0.0009481
chair 0 0 -10 305.94 276.88 496.33 434.87 0.0009412
chair 0 0 -10 36.14 214.31 130.17 282.08 0.0009287
sofa 0 0 -10 154.12 174.94 249.73 257.55 0.0009050
desk 0 0 -10 0.00 193.99 152.81 346.57 0.0008946
sofa 0 0 -10 5.44 135.85 19.48 343.54 0.0008707
chair 0 0 -10 82.28 169.34 236.79 267.12 0.0008393
table 0 0 -10 0.43 254.84 17.89 277.10 0.0008380
