chair 0 0 -10 31.90 269.32 229.33 441.00 0.9875026
chair 0 0 -10 242.29 279.20 420.13 440.33 0.9809506
chair 0 0 -10 332.34 252.65 418.52 381.90 0.9627347
chair 0 0 -10 44.89 228.49 123.19 343.12 0.8932371
chair 0 0 -10 0.00 252.90 60.31 429.47 0.8737788
chair 0 0 -10 210.82 249.25 294.05 393.34 0.8380919
chair 0 0 -10 94.88 239.63 182.74 347.21 0.7252093
chair 0 0 -10 258.18 234.05 326.49 333.80 0.6604374
chair 0 0 -10 16.67 227.14 124.94 412.18 0.6579719
chair 0 0 -10 167.96 233.27 231.52 338.44 0.5558740
chair 0 0 -10 41.19 243.21 178.25 379.77 0.4983969
chair 0 0 -10 259.23 238.80 324.03 290.50 0.4633507
chair 0 0 -10 131.42 224.41 190.22 284.79 0.3935541
table 0 0 -10 0.00 330.66 53.89 440.34 0.3914428
chair 0 0 -10 49.39 225.26 105.86 292.24 0.3667651
chair 0 0 -10 2.33 227.72 52.56 313.26 0.3646966
chair 0 0 -10 166.74 232.04 249.86 294.24 0.3348382
chair 0 0 -10 111.96 229.15 183.72 304.57 0.3283960
chair 0 0 -10 203.22 230.66 251.90 275.90 0.3096069
table 0 0 -10 0.00 290.59 110.18 441.00 0.2947806
chair 0 0 -10 204.50 230.67 277.97 319.23 0.2689022
chair 0 0 -10 182.70 231.51 263.60 345.98 0.2656744
chair 0 0 -10 231.56 237.18 308.20 342.45 0.2656187
chair 0 0 -10 135.33 227.24 181.24 256.28 0.1952019
chair 0 0 -10 64.30 236.94 153.37 331.89 0.1810177
chair 0 0 -10 166.56 235.00 225.45 277.60 0.1724202
chair 0 0 -10 335.75 245.43 417.83 317.40 0.1671849
chair 0 0 -10 146.48 223.91 215.66 322.10 0.1444244
chair 0 0 -10 3.22 231.22 79.54 355.93 0.1435057
table 0 0 -10 8.71 272.54 309.66 436.56 0.1199389
chair 0 0 -10 103.93 215.35 153.24 281.50 0.1132972
chair 0 0 -10 176.88 243.97 276.02 423.51 0.1006667
chair 0 0 -10 20.90 224.33 212.43 312.92 0.0961683
chair 0 0 -10 215.22 251.02 290.23 306.35 0.0955517
chair 0 0 -10 240.59 234.26 350.15 371.02 0.0841714
chair 0 0 -10 129.04 233.51 235.60 363.21 0.0674753
chair 0 0 -10 97.49 241.88 169.42 293.93 0.0663216
chair 0 0 -10 325.26 226.42 395.92 285.99 0.0613725
chair 0 0 -10 0.00 226.13 51.27 268.31 0.0528676
chair 0 0 -10 333.65 233.41 382.93 275.11 0.0520350
chair 0 0 -10 76.45 226.72 142.80 290.31 0.0514202
chair 0 0 -10 160.00 271.74 295.53 374.15 0.0466125
chair 0 0 -10 92.60 214.24 185.92 272.40 0.0410781
table 0 0 -10 131.32 263.78 281.81 410.49 0.0344512
table 0 0 -10 230.36 296.47 411.13 428.00 0.0337804
chair 0 0 -10 270.17 260.55 401.68 376.75 0.0333948
chair 0 0 -10 101.40 267.72 296.75 434.84 0.0318185
chair 0 0 -10 8.99 227.36 88.95 293.79 0.0303361
chair 0 0 -10 18.49 222.38 68.31 321.04 0.0299685
chair 0 0 -10 343.75 242.58 408.53 282.74 0.0255298
chair 0 0 -10 137.71 234.35 176.97 269.62 0.0217569
chair 0 0 -10 1.83 294.40 97.87 441.00 0.0206917
desk 0 0 -10 10.63 272.55 303.01 441.00 0.0195545
chair 0 0 -10 205.66 230.63 246.72 253.52 0.0187938
chair 0 0 -10 271.32 230.27 364.81 322.94 0.0165745
table 0 0 -10 87.06 237.98 390.49 433.58 0.0154379
table 0 0 -10 4.38 256.81 170.64 417.42 0.0147633
table 0 0 -10 0.44 257.95 53.64 419.21 0.0137948
table 0 0 -10 0.00 329.26 21.78 441.00 0.0136027
chair 0 0 -10 55.52 221.63 105.89 260.18 0.0133957
chair 0 0 -10 0.83 224.21 26.10 346.99 0.0128069
chair 0 0 -10 94.26 203.85 241.04 327.70 0.0125996
desk 0 0 -10 3.74 280.22 147.09 441.00 0.0115891
chair 0 0 -10 0.74 254.12 31.70 414.61 0.0103335
chair 0 0 -10 104.03 211.53 145.17 241.37 0.0101878
table 0 0 -10 206.66 279.64 322.90 440.60 0.0097840
desk 0 0 -10 112.82 262.76 340.12 420.47 0.0094642
desk 0 0 -10 1.65 292.05 59.74 441.00 0.0089296
desk 0 0 -10 234.02 294.39 410.99 428.08 0.0083361
chair 0 0 -10 191.39 257.06 338.52 413.15 0.0076711
table 0 0 -10 1.24 338.72 12.04 440.08 0.0071999
table 0 0 -10 93.51 266.49 230.69 400.94 0.0065552
chair 0 0 -10 338.79 227.09 372.91 264.70 0.0064990
chair 0 0 -10 349.33 239.27 387.36 271.83 0.0054612
chair 0 0 -10 189.21 229.26 392.27 347.46 0.0052107
chair 0 0 -10 351.97 235.63 382.46 258.74 0.0049399
sofa 0 0 -10 0.00 249.68 51.65 397.83 0.0049363
sofa 0 0 -10 6.53 243.80 225.08 437.95 0.0048435
chair 0 0 -10 245.28 240.27 299.49 308.95 0.0043256
dresser 0 0 -10 509.55 10.83 585.10 426.99 0.0042410
sofa 0 0 -10 334.80 246.18 421.64 360.42 0.0041864
table 0 0 -10 220.82 249.08 294.45 355.94 0.0041644
chair 0 0 -10 1.70 232.99 15.48 427.67 0.0040658
table 0 0 -10 0.34 236.20 59.40 355.19 0.0039713
table 0 0 -10 33.07 222.86 364.17 303.91 0.0038307
chair 0 0 -10 46.73 232.60 58.21 291.62 0.0038008
chair 0 0 -10 98.83 236.55 319.11 342.44 0.0037709
table 0 0 -10 242.22 267.82 382.89 367.71 0.0035700
chair 0 0 -10 213.49 243.35 260.28 279.22 0.0035543
table 0 0 -10 161.55 253.26 361.89 383.00 0.0035326
chair 0 0 -10 137.88 218.01 184.59 239.37 0.0030656
table 0 0 -10 32.47 232.87 274.34 345.70 0.0030020
table 0 0 -10 173.24 236.66 217.00 268.45 0.0029964
table 0 0 -10 92.70 238.90 176.31 310.90 0.0026695
table 0 0 -10 0.56 294.25 32.10 431.86 0.0023119
table 0 0 -10 131.53 230.88 244.53 288.96 0.0021291
table 0 0 -10 49.55 226.26 120.94 293.66 0.0021227
chair 0 0 -10 1.17 251.32 8.89 420.98 0.0020463
chair 0 0 -10 150.30 202.11 303.91 327.75 0.0020240
chair 0 0 -10 0.71 217.61 8.67 349.46 0.0019664
