chair 0 0 -10 276.47 237.04 370.83 347.33 0.9631805
chair 0 0 -10 476.15 238.89 582.80 362.49 0.9615363
chair 0 0 -10 377.05 240.15 469.85 345.56 0.9531012
table 0 0 -10 0.00 252.90 70.78 417.24 0.4928709
desk 0 0 -10 242.90 253.61 586.64 436.83 0.4795006
table 0 0 -10 240.84 259.03 584.51 431.61 0.4293707
desk 0 0 -10 253.70 193.05 581.83 278.87 0.3012296
chair 0 0 -10 241.99 187.04 377.78 381.43 0.2420875
table 0 0 -10 267.22 205.73 585.26 269.40 0.2152841
chair 0 0 -10 177.93 154.96 256.83 283.28 0.2109478
chair 0 0 -10 546.78 223.91 591.00 364.52 0.1779687
bed 0 0 -10 194.66 409.29 580.59 439.53 0.1381981
sofa 0 0 -10 238.79 271.05 589.65 434.25 0.1368805
desk 0 0 -10 245.31 162.04 584.20 350.30 0.1337505
chair 0 0 -10 141.40 156.38 247.53 345.95 0.1224015
chair 0 0 -10 482.20 201.94 584.44 298.59 0.1199825
chair 0 0 -10 364.24 177.27 484.85 397.28 0.1048893
chair 0 0 -10 468.01 211.77 591.00 426.80 0.1025399
table 0 0 -10 247.82 191.47 587.45 345.39 0.0945691
chair 0 0 -10 379.03 205.55 469.24 307.03 0.0857071
chair 0 0 -10 261.42 207.97 380.87 270.66 0.0541713
dresser 0 0 -10 245.90 162.72 589.76 436.72 0.0486879
chair 0 0 -10 309.44 231.31 478.90 416.40 0.0433894
chair 0 0 -10 413.31 235.72 531.29 349.60 0.0409685
chair 0 0 -10 406.03 193.68 488.74 269.57 0.0383928
table 0 0 -10 255.26 163.20 575.91 284.80 0.0321091
chair 0 0 -10 524.98 234.74 591.00 412.87 0.0301220
chair 0 0 -10 350.21 202.41 511.95 269.26 0.0287691
chair 0 0 -10 352.07 200.65 415.08 268.68 0.0264240
chair 0 0 -10 266.16 149.75 453.27 368.88 0.0263533
chair 0 0 -10 250.17 145.25 365.94 265.07 0.0243220
chair 0 0 -10 265.02 271.60 546.89 429.50 0.0239678
bed 0 0 -10 248.50 234.00 584.33 436.40 0.0225389
table 0 0 -10 472.62 266.29 585.85 411.26 0.0186454
chair 0 0 -10 347.48 195.61 566.42 426.32 0.0184890
chair 0 0 -10 318.86 194.76 415.73 296.75 0.0162036
bookshelf 0 0 -10 252.56 130.88 581.61 436.00 0.0157919
chair 0 0 -10 563.27 212.23 589.73 333.55 0.0140008
chair 0 0 -10 547.02 205.64 589.77 269.13 0.0135630
chair 0 0 -10 263.58 147.78 328.92 215.12 0.0131265
chair 0 0 -10 550.92 234.18 589.27 267.32 0.0127640
dresser 0 0 -10 481.54 256.64 586.62 407.65 0.0124855
chair 0 0 -10 271.08 244.52 361.98 303.13 0.0119884
chair 0 0 -10 283.39 224.20 369.41 267.42 0.0118803
chair 0 0 -10 576.42 214.78 589.53 357.37 0.0117224
chair 0 0 -10 389.44 243.64 460.57 263.95 0.0110815
desk 0 0 -10 481.90 273.62 588.99 406.55 0.0091498
chair 0 0 -10 379.33 244.20 461.77 279.71 0.0087301
table 0 0 -10 371.26 83.84 443.72 142.26 0.0086266
chair 0 0 -10 286.58 189.48 363.41 301.88 0.0085714
table 0 0 -10 4.64 215.44 130.86 387.47 0.0084871
chair 0 0 -10 496.14 199.47 580.56 259.27 0.0084055
table 0 0 -10 188.05 368.13 580.40 437.50 0.0078853
desk 0 0 -10 0.00 251.78 71.00 425.93 0.0076098
bed 0 0 -10 191.73 366.34 585.24 438.78 0.0064609
chair 0 0 -10 334.00 214.88 424.97 333.33 0.0062602
chair 0 0 -10 193.67 152.13 252.96 235.92 0.0061912
chair 0 0 -10 423.89 202.10 507.58 246.32 0.0061122
table 0 0 -10 417.70 251.27 581.22 355.39 0.0059926
chair 0 0 -10 415.84 177.97 556.93 329.12 0.0059654
bathtub 0 0 -10 250.16 151.70 583.67 417.36 0.0057787
chair 0 0 -10 358.76 170.41 421.45 286.87 0.0056660
chair 0 0 -10 427.95 196.12 499.84 330.98 0.0054954
sofa 0 0 -10 194.32 363.25 585.14 438.50 0.0054599
table 0 0 -10 114.72 318.67 579.49 439.20 0.0053559
table 0 0 -10 130.56 176.75 241.22 335.89 0.0052925
table 0 0 -10 265.01 254.04 451.66 337.99 0.0050579
sofa 0 0 -10 175.37 408.17 575.37 440.25 0.0049367
chair 0 0 -10 487.58 226.61 579.77 268.77 0.0049266
bathtub 0 0 -10 227.84 273.24 580.20 427.49 0.0048137
desk 0 0 -10 262.05 208.53 463.29 266.95 0.0047723
chair 0 0 -10 247.43 132.99 400.80 322.72 0.0046603
table 0 0 -10 201.56 405.74 573.07 434.14 0.0042896
chair 0 0 -10 391.54 146.84 460.46 271.95 0.0041634
desk 0 0 -10 2.11 212.57 135.75 389.84 0.0039840
table 0 0 -10 260.67 209.67 368.76 264.17 0.0036512
bed 0 0 -10 266.92 420.52 591.00 441.00 0.0036410
table 0 0 -10 278.02 156.07 563.65 215.38 0.0036352
dresser 0 0 -10 137.77 167.08 243.86 334.64 0.0036096
chair 0 0 -10 451.67 198.09 525.14 333.92 0.0035358
sofa 0 0 -10 468.34 247.70 587.18 431.51 0.0033236
desk 0 0 -10 40.51 179.48 241.54 360.67 0.0033052
chair 0 0 -10 312.75 189.12 391.14 262.64 0.0032784
bed 0 0 -10 119.08 314.77 591.00 440.44 0.0032503
table 0 0 -10 248.48 257.53 382.39 401.01 0.0032063
bookshelf 0 0 -10 268.48 136.65 583.42 287.36 0.0031965
dresser 0 0 -10 174.44 166.06 255.82 292.43 0.0031572
chair 0 0 -10 551.79 225.89 586.83 255.48 0.0031052
bookshelf 0 0 -10 481.71 252.86 586.99 406.53 0.0030974
desk 0 0 -10 255.08 201.77 479.39 409.93 0.0030688
chair 0 0 -10 373.51 228.15 422.66 327.55 0.0030236
chair 0 0 -10 484.57 241.93 573.37 281.07 0.0029376
chair 0 0 -10 267.10 141.56 492.26 271.24 0.0028722
dresser 0 0 -10 279.63 254.98 549.19 429.72 0.0028163
chair 0 0 -10 232.06 255.51 426.03 410.63 0.0028151
chair 0 0 -10 378.57 184.97 426.86 263.84 0.0026926
table 0 0 -10 355.77 237.82 550.46 345.47 0.0026471
desk 0 0 -10 131.96 171.04 243.00 337.44 0.0025970
night_stand 0 0 -10 254.49 267.43 575.13 432.51 0.0025366
chair 0 0 -10 185.44 165.04 228.21 267.94 0.0025073
