desk 0 0 -10 27.72 254.64 222.75 436.05 0.5957274
desk 0 0 -10 6.29 170.68 144.53 337.48 0.5557735
table 0 0 -10 16.74 273.05 283.60 440.17 0.4681612
desk 0 0 -10 46.90 226.32 471.27 441.00 0.4389655
chair 0 0 -10 461.22 182.79 589.16 434.47 0.4157535
table 0 0 -10 214.74 227.45 540.31 440.27 0.3083730
desk 0 0 -10 228.92 215.17 547.43 441.00 0.2829542
chair 0 0 -10 0.00 302.52 112.93 441.00 0.1940848
desk 0 0 -10 14.98 168.54 253.30 382.66 0.1937874
table 0 0 -10 0.00 179.00 144.25 337.63 0.1723251
table 0 0 -10 66.30 246.72 440.45 435.65 0.1523323
table 0 0 -10 1.27 181.57 242.55 419.83 0.1302370
chair 0 0 -10 187.28 169.43 532.89 436.63 0.1274641
desk 0 0 -10 7.13 207.63 160.93 424.25 0.1155396
desk 0 0 -10 38.66 282.76 212.16 382.18 0.1141086
chair 0 0 -10 0.79 278.27 48.43 437.10 0.0921279
chair 0 0 -10 235.14 121.28 322.14 270.92 0.0797167
chair 0 0 -10 74.89 325.75 279.82 441.00 0.0788671
chair 0 0 -10 98.99 146.96 360.20 421.43 0.0722166
chair 0 0 -10 128.38 112.74 319.47 280.63 0.0660003
desk 0 0 -10 80.45 280.54 317.09 439.22 0.0659477
desk 0 0 -10 67.81 315.52 256.55 425.91 0.0580933
table 0 0 -10 0.99 301.98 42.66 441.00 0.0476524
desk 0 0 -10 14.96 124.22 148.44 283.80 0.0399763
table 0 0 -10 505.12 206.37 587.13 441.00 0.0395904
desk 0 0 -10 23.96 151.27 129.78 240.49 0.0333661
table 0 0 -10 63.88 317.81 260.45 424.84 0.0314714
table 0 0 -10 17.96 294.83 167.79 439.17 0.0305386
desk 0 0 -10 13.45 294.54 177.79 413.47 0.0250245
table 0 0 -10 31.53 283.52 221.30 383.65 0.0240276
chair 0 0 -10 1.46 208.80 30.79 439.67 0.0223087
desk 0 0 -10 364.99 153.97 589.69 421.23 0.0211415
chair 0 0 -10 327.36 192.08 583.11 435.78 0.0201032
chair 0 0 -10 0.00 241.08 80.03 392.98 0.0200754
chair 0 0 -10 163.37 49.18 247.30 232.45 0.0183203
chair 0 0 -10 3.85 218.23 124.88 367.02 0.0181295
desk 0 0 -10 1.22 300.64 36.23 441.00 0.0179499
chair 0 0 -10 116.01 275.61 397.56 434.49 0.0179482
desk 0 0 -10 24.34 107.43 354.89 420.29 0.0173100
chair 0 0 -10 24.48 252.49 129.93 425.73 0.0155460
chair 0 0 -10 47.63 253.42 198.43 400.82 0.0132798
desk 0 0 -10 11.76 111.31 304.37 287.29 0.0131600
table 0 0 -10 2.31 301.10 85.32 436.99 0.0121506
table 0 0 -10 3.25 132.14 293.76 312.50 0.0119537
desk 0 0 -10 1.89 204.08 96.25 370.82 0.0119439
table 0 0 -10 41.43 152.27 566.47 435.40 0.0117581
table 0 0 -10 1.54 203.76 89.43 374.70 0.0116603
dresser 0 0 -10 177.73 49.94 241.83 258.87 0.0114547
chair 0 0 -10 0.00 248.40 63.41 314.03 0.0113171
sofa 0 0 -10 503.02 182.39 588.10 441.00 0.0109417
desk 0 0 -10 465.19 177.13 591.00 418.61 0.0106237
chair 0 0 -10 116.65 32.71 252.81 264.27 0.0105063
table 0 0 -10 0.95 195.14 29.89 436.56 0.0101745
chair 0 0 -10 24.72 302.17 211.49 438.16 0.0096849
chair 0 0 -10 251.29 126.73 450.04 413.85 0.0092861
desk 0 0 -10 36.16 230.69 145.36 371.90 0.0081790
desk 0 0 -10 1.36 190.89 29.40 441.00 0.0080240
chair 0 0 -10 18.76 344.57 375.47 435.53 0.0077224
bookshelf 0 0 -10 364.19 51.54 591.00 241.75 0.0074475
desk 0 0 -10 228.70 69.33 591.00 385.44 0.0070046
chair 0 0 -10 50.55 68.12 461.54 414.77 0.0063474
chair 0 0 -10 15.42 157.46 103.41 303.86 0.0060928
chair 0 0 -10 0.09 358.07 45.75 440.55 0.0060803
table 0 0 -10 360.40 157.30 584.45 421.92 0.0058439
desk 0 0 -10 2.58 239.58 77.73 432.63 0.0057951
desk 0 0 -10 15.69 94.22 149.25 207.32 0.0054784
chair 0 0 -10 541.18 181.88 589.10 435.29 0.0052602
sofa 0 0 -10 1.18 302.94 46.06 441.00 0.0052142
table 0 0 -10 543.73 182.68 588.90 441.00 0.0050716
dresser 0 0 -10 391.29 159.24 590.30 425.31 0.0049164
chair 0 0 -10 3.82 266.61 23.52 435.85 0.0048586
desk 0 0 -10 344.16 79.96 590.66 272.36 0.0047128
dresser 0 0 -10 0.17 300.12 45.08 441.00 0.0044782
table 0 0 -10 31.23 232.41 150.73 371.42 0.0043644
chair 0 0 -10 32.98 258.12 155.82 358.27 0.0043451
table 0 0 -10 18.36 166.30 127.85 289.00 0.0043385
chair 0 0 -10 59.63 145.71 230.38 377.14 0.0042164
bed 0 0 -10 0.61 294.18 44.17 441.00 0.0035767
chair 0 0 -10 77.47 37.51 344.22 288.47 0.0034134
chair 0 0 -10 1.03 320.35 38.56 411.33 0.0034037
desk 0 0 -10 96.41 185.92 307.36 374.80 0.0032286
night_stand 0 0 -10 1.26 307.43 37.60 437.58 0.0031167
bookshelf 0 0 -10 397.31 103.88 584.48 419.14 0.0030081
desk 0 0 -10 99.33 63.30 480.49 413.50 0.0029679
table 0 0 -10 337.19 83.90 582.35 278.32 0.0028980
chair 0 0 -10 149.27 36.73 211.89 170.37 0.0027547
desk 0 0 -10 56.97 103.92 145.70 249.71 0.0027355
chair 0 0 -10 1.04 134.76 86.50 371.91 0.0026944
chair 0 0 -10 2.49 227.58 89.47 327.49 0.0025017
chair 0 0 -10 1.71 244.84 37.02 348.03 0.0024102
table 0 0 -10 19.58 173.83 118.28 235.87 0.0023598
table 0 0 -10 3.10 289.83 20.09 441.00 0.0022208
chair 0 0 -10 241.28 255.31 486.31 433.68 0.0021889
bookshelf 0 0 -10 180.51 7.63 557.25 373.14 0.0021153
chair 0 0 -10 49.60 60.20 208.30 312.01 0.0021122
table 0 0 -10 0.00 244.68 66.17 314.51 0.0019941
bookshelf 0 0 -10 2.51 7.55 138.93 171.53 0.0019933
bed 0 0 -10 18.91 93.21 438.10 423.27 0.0019531
desk 0 0 -10 0.73 244.42 64.66 313.74 0.0018064
table 0 0 -10 103.03 95.53 297.89 280.52 0.0017769
