chair 0 0 -10 0.06 113.33 91.09 369.94 0.9580480
chair 0 0 -10 378.52 77.78 512.00 268.72 0.9289564
chair 0 0 -10 92.42 78.79 179.16 197.14 0.9150889
chair 0 0 -10 52.95 86.42 147.47 248.67 0.9086898
chair 0 0 -10 413.10 105.82 587.79 397.65 0.8784516
chair 0 0 -10 364.04 72.02 451.34 208.42 0.7855516
chair 0 0 -10 0.00 96.68 53.57 283.73 0.7376118
chair 0 0 -10 120.32 67.65 192.80 171.48 0.7302089
chair 0 0 -10 502.01 69.57 591.00 211.27 0.6993400
chair 0 0 -10 441.09 49.42 517.53 122.81 0.5655178
chair 0 0 -10 0.55 89.53 67.62 197.40 0.5246361
chair 0 0 -10 11.18 64.53 87.93 135.71 0.5187161
chair 0 0 -10 540.49 45.39 591.00 142.35 0.4937656
chair 0 0 -10 536.67 170.60 590.07 441.00 0.4800642
chair 0 0 -10 512.89 54.88 587.34 122.48 0.4632806
table 0 0 -10 3.95 123.17 130.59 394.23 0.4606602
chair 0 0 -10 14.84 85.03 113.82 232.57 0.4326212
chair 0 0 -10 128.93 62.91 213.31 133.11 0.4145137
chair 0 0 -10 354.65 63.27 408.97 136.56 0.4118167
chair 0 0 -10 460.65 55.59 534.03 107.53 0.4106142
chair 0 0 -10 429.88 75.56 519.47 218.70 0.3848563
chair 0 0 -10 413.93 43.76 496.56 125.14 0.3810680
chair 0 0 -10 89.03 61.58 140.46 138.81 0.3806653
chair 0 0 -10 175.93 65.44 212.14 154.09 0.3777842
table 0 0 -10 343.45 51.05 575.03 190.27 0.3729726
table 0 0 -10 559.34 301.83 590.82 441.00 0.3389788
chair 0 0 -10 28.56 71.47 110.33 154.72 0.3363887
chair 0 0 -10 555.65 47.16 591.00 202.89 0.3318692
chair 0 0 -10 353.54 65.39 424.81 183.24 0.3153148
table 0 0 -10 370.37 54.51 546.35 127.03 0.2731840
chair 0 0 -10 78.43 73.07 149.68 174.31 0.2717927
table 0 0 -10 394.16 119.57 590.84 342.37 0.2712031
chair 0 0 -10 562.62 192.43 591.00 441.00 0.2493198
chair 0 0 -10 420.15 51.16 480.00 106.59 0.2464717
chair 0 0 -10 536.28 70.10 588.98 274.69 0.2454965
chair 0 0 -10 56.01 63.65 134.08 147.67 0.2177204
chair 0 0 -10 153.15 65.80 201.55 162.61 0.2151998
chair 0 0 -10 365.58 57.90 435.99 130.84 0.2032753
table 0 0 -10 9.44 83.96 172.80 252.74 0.1982835
chair 0 0 -10 41.79 59.15 104.38 126.62 0.1851944
chair 0 0 -10 434.61 53.71 501.80 97.70 0.1792449
chair 0 0 -10 392.29 44.78 466.48 125.31 0.1762713
chair 0 0 -10 0.36 88.99 44.91 136.82 0.1735224
chair 0 0 -10 4.57 76.61 66.76 125.67 0.1692629
chair 0 0 -10 186.57 81.73 205.07 157.27 0.1553445
chair 0 0 -10 18.30 89.34 147.89 359.34 0.1519164
chair 0 0 -10 424.73 59.25 508.51 149.05 0.1513836
chair 0 0 -10 485.07 44.27 549.58 104.47 0.1513822
chair 0 0 -10 422.79 57.48 464.66 91.80 0.1507335
chair 0 0 -10 468.90 63.04 558.27 121.92 0.1452048
chair 0 0 -10 2.89 134.34 45.64 386.98 0.1443655
chair 0 0 -10 407.21 42.87 545.38 168.29 0.1441359
desk 0 0 -10 380.23 113.04 586.09 379.23 0.1315989
chair 0 0 -10 525.78 48.19 585.91 94.63 0.1268413
chair 0 0 -10 181.30 56.68 225.59 129.62 0.1257750
table 0 0 -10 6.24 68.35 213.30 179.99 0.1231886
chair 0 0 -10 457.27 74.38 546.49 205.19 0.1196279
table 0 0 -10 556.29 95.13 588.36 441.00 0.1190274
chair 0 0 -10 405.23 60.34 485.70 186.89 0.1164980
chair 0 0 -10 553.84 310.22 590.15 440.18 0.1161134
chair 0 0 -10 112.57 59.81 175.08 128.48 0.1150126
chair 0 0 -10 129.14 60.90 192.95 107.35 0.1042539
chair 0 0 -10 570.20 50.55 590.18 186.49 0.0979960
chair 0 0 -10 557.84 42.46 590.61 120.46 0.0968828
chair 0 0 -10 193.63 68.23 210.18 144.43 0.0874951
table 0 0 -10 566.98 201.85 590.22 441.00 0.0848130
chair 0 0 -10 91.77 64.64 153.99 111.37 0.0809009
chair 0 0 -10 159.86 80.89 191.43 194.14 0.0783799
chair 0 0 -10 339.06 67.19 466.00 260.97 0.0742900
chair 0 0 -10 452.94 50.42 495.24 90.12 0.0732724
chair 0 0 -10 358.29 85.85 410.29 245.27 0.0727268
desk 0 0 -10 351.25 31.85 587.48 248.58 0.0718626
chair 0 0 -10 28.60 61.03 90.04 108.62 0.0642054
desk 0 0 -10 6.09 122.80 127.74 403.31 0.0562265
chair 0 0 -10 81.42 33.33 216.80 173.96 0.0559884
chair 0 0 -10 0.28 58.06 49.24 115.23 0.0535943
table 0 0 -10 56.92 271.44 435.94 399.73 0.0535201
chair 0 0 -10 1.53 85.57 9.09 266.02 0.0472474
chair 0 0 -10 551.56 53.90 589.65 92.24 0.0471772
chair 0 0 -10 458.72 61.27 510.41 90.46 0.0418140
chair 0 0 -10 181.30 82.10 198.28 156.87 0.0405831
table 0 0 -10 354.05 41.06 551.31 100.06 0.0404974
chair 0 0 -10 202.62 69.82 214.92 140.82 0.0373481
desk 0 0 -10 4.35 100.30 155.09 297.69 0.0366282
table 0 0 -10 17.28 132.13 475.71 406.27 0.0343826
table 0 0 -10 423.34 94.98 589.35 225.08 0.0328158
chair 0 0 -10 0.00 80.32 25.41 193.82 0.0325880
chair 0 0 -10 0.62 81.19 19.46 304.26 0.0302492
table 0 0 -10 519.43 91.70 588.43 368.04 0.0294271
chair 0 0 -10 577.74 54.95 589.42 161.51 0.0270097
chair 0 0 -10 90.06 65.30 135.69 94.25 0.0269815
table 0 0 -10 351.09 67.22 482.31 200.58 0.0267162
table 0 0 -10 1.96 124.81 46.86 389.16 0.0238193
chair 0 0 -10 337.28 81.67 388.86 206.19 0.0215477
desk 0 0 -10 374.42 52.78 545.27 130.32 0.0211620
desk 0 0 -10 363.24 73.64 517.80 269.22 0.0197035
table 0 0 -10 31.33 64.31 174.19 128.24 0.0196894
desk 0 0 -10 354.30 68.79 431.94 192.58 0.0193154
chair 0 0 -10 0.00 65.37 31.25 139.56 0.0190880
table 0 0 -10 361.25 72.96 523.67 265.35 0.0190317
