chair 0 0 -10 439.63 132.85 591.00 403.39 0.9829123
table 0 0 -10 44.89 126.13 208.92 271.55 0.9292956
desk 0 0 -10 41.99 124.67 209.00 280.51 0.1135449
chair 0 0 -10 470.56 97.90 591.00 313.89 0.0688870
chair 0 0 -10 462.33 233.11 589.75 437.44 0.0606365
desk 0 0 -10 159.03 130.27 584.59 284.98 0.0599044
table 0 0 -10 459.05 280.81 584.91 441.00 0.0472201
table 0 0 -10 72.99 118.60 583.20 325.01 0.0431338
desk 0 0 -10 429.78 154.88 589.65 344.97 0.0306264
table 0 0 -10 428.06 154.57 589.75 343.43 0.0305324
chair 0 0 -10 427.87 203.51 589.01 323.68 0.0290620
chair 0 0 -10 543.46 193.14 589.54 433.46 0.0223341
chair 0 0 -10 487.40 94.17 586.45 211.17 0.0208544
chair 0 0 -10 527.04 103.50 588.22 317.21 0.0206064
chair 0 0 -10 390.63 116.14 579.43 302.13 0.0194292
table 0 0 -10 21.17 131.92 200.95 419.39 0.0185866
desk 0 0 -10 29.67 94.22 578.59 428.90 0.0181816
table 0 0 -10 526.70 306.81 588.89 441.00 0.0160738
chair 0 0 -10 558.16 87.06 587.96 382.13 0.0158376
table 0 0 -10 158.74 116.12 576.90 239.47 0.0133311
night_stand 0 0 -10 42.52 131.30 218.62 276.62 0.0119932
chair 0 0 -10 40.82 124.88 203.08 271.41 0.0114432
table 0 0 -10 0.00 76.15 118.48 436.83 0.0099629
chair 0 0 -10 545.43 77.08 588.91 260.27 0.0096082
table 0 0 -10 563.39 310.75 590.12 441.00 0.0086974
chair 0 0 -10 504.52 183.17 590.71 330.20 0.0083115
desk 0 0 -10 450.62 189.07 589.10 441.00 0.0081314
table 0 0 -10 495.93 160.18 589.58 440.34 0.0067554
table 0 0 -10 491.03 110.82 588.11 304.74 0.0065077
table 0 0 -10 340.49 105.20 580.85 362.40 0.0061531
chair 0 0 -10 549.20 152.51 591.00 288.06 0.0060419
chair 0 0 -10 436.78 151.87 577.99 258.98 0.0060061
table 0 0 -10 42.44 111.88 334.91 293.87 0.0056612
chair 0 0 -10 521.03 262.81 590.49 419.17 0.0053574
table 0 0 -10 407.00 186.78 583.31 437.38 0.0052348
desk 0 0 -10 307.40 115.87 586.32 417.74 0.0051601
chair 0 0 -10 432.24 130.96 531.05 361.58 0.0042042
chair 0 0 -10 561.57 300.84 590.94 439.30 0.0041464
bed 0 0 -10 38.13 123.47 211.57 278.02 0.0037587
table 0 0 -10 46.97 44.12 588.51 263.32 0.0037541
table 0 0 -10 547.93 209.66 589.17 441.00 0.0033296
chair 0 0 -10 13.95 138.96 185.52 423.98 0.0032830
sofa 0 0 -10 41.37 124.40 210.71 277.50 0.0032584
desk 0 0 -10 42.37 40.62 591.00 267.00 0.0025724
desk 0 0 -10 19.00 121.98 204.15 426.86 0.0025353
sofa 0 0 -10 428.95 141.74 591.00 349.77 0.0025326
desk 0 0 -10 491.09 109.41 588.84 307.75 0.0025013
table 0 0 -10 579.33 310.44 590.53 441.00 0.0024021
table 0 0 -10 36.09 74.72 491.06 436.57 0.0023183
table 0 0 -10 528.56 167.86 591.00 378.15 0.0022277
toilet 0 0 -10 29.48 130.40 221.33 299.31 0.0021315
dresser 0 0 -10 42.57 125.57 209.79 280.05 0.0020116
chair 0 0 -10 0.00 97.76 116.76 431.95 0.0019463
chair 0 0 -10 312.83 128.41 580.27 397.14 0.0019407
desk 0 0 -10 39.78 107.25 344.19 305.39 0.0018048
desk 0 0 -10 0.48 122.16 99.55 441.00 0.0014995
table 0 0 -10 559.59 92.39 587.67 371.69 0.0014459
chair 0 0 -10 422.18 113.02 574.16 231.33 0.0014139
table 0 0 -10 398.97 161.56 573.81 247.59 0.0014049
table 0 0 -10 300.87 263.20 371.70 318.65 0.0013902
chair 0 0 -10 560.89 103.11 589.81 220.75 0.0013183
bed 0 0 -10 431.83 158.97 591.00 392.04 0.0013087
bathtub 0 0 -10 26.90 131.35 210.32 274.71 0.0012623
desk 0 0 -10 148.37 99.72 589.28 211.58 0.0012384
table 0 0 -10 195.16 142.30 473.21 354.84 0.0012124
desk 0 0 -10 403.63 162.72 575.07 249.44 0.0012043
desk 0 0 -10 488.72 280.64 588.29 441.00 0.0011616
table 0 0 -10 29.30 152.84 157.10 281.40 0.0011304
chair 0 0 -10 578.91 301.07 590.82 440.60 0.0010962
chair 0 0 -10 23.30 56.98 306.57 434.33 0.0010433
chair 0 0 -10 572.38 232.54 590.90 440.31 0.0009787
table 0 0 -10 360.17 0.97 585.18 63.51 0.0009763
chair 0 0 -10 29.35 11.13 206.19 226.18 0.0009573
bookshelf 0 0 -10 42.67 125.07 211.78 278.60 0.0009192
dresser 0 0 -10 431.37 147.81 589.84 348.50 0.0009186
chair 0 0 -10 573.75 92.93 590.96 317.86 0.0008964
toilet 0 0 -10 464.43 123.39 589.48 413.64 0.0008935
desk 0 0 -10 459.78 178.34 589.67 293.60 0.0008357
table 0 0 -10 433.37 117.26 579.53 274.42 0.0008238
chair 0 0 -10 564.87 168.30 590.33 323.17 0.0007957
table 0 0 -10 568.50 201.67 590.65 441.00 0.0007891
desk 0 0 -10 530.27 167.45 590.95 374.70 0.0007780
chair 0 0 -10 556.69 162.50 591.00 235.18 0.0007640
table 0 0 -10 1.70 147.23 120.58 323.83 0.0007535
night_stand 0 0 -10 475.04 284.82 590.33 441.00 0.0007432
bookshelf 0 0 -10 433.96 142.81 588.88 348.34 0.0007346
chair 0 0 -10 556.03 405.17 590.60 441.00 0.0006615
chair 0 0 -10 524.80 193.37 591.00 285.86 0.0006190
table 0 0 -10 553.41 322.01 589.02 399.60 0.0005955
desk 0 0 -10 548.97 204.06 589.11 441.00 0.0005928
table 0 0 -10 408.03 164.03 542.25 308.63 0.0005303
chair 0 0 -10 21.02 98.20 237.53 335.98 0.0005137
bed 0 0 -10 464.58 263.63 591.00 441.00 0.0005058
sofa 0 0 -10 466.56 259.87 590.77 441.00 0.0005021
table 0 0 -10 485.99 98.73 587.04 208.83 0.0004999
night_stand 0 0 -10 464.80 157.49 590.09 438.75 0.0004950
bed 0 0 -10 465.12 114.02 588.46 315.94 0.0004946
table 0 0 -10 114.47 120.06 210.81 232.33 0.0004889
chair 0 0 -10 112.89 124.83 528.92 432.94 0.0004586
table 0 0 -10 498.04 308.86 586.77 399.30 0.0004522
