chair 0 0 -10 381.93 0.09 591.00 412.83 0.9491705
desk 0 0 -10 2.16 144.27 497.95 441.00 0.6763544
table 0 0 -10 21.15 117.16 515.15 439.59 0.4653424
table 0 0 -10 230.78 169.18 511.84 441.00 0.3575601
desk 0 0 -10 224.14 165.26 525.83 440.73 0.3165343
chair 0 0 -10 340.89 201.78 563.88 433.52 0.1659640
table 0 0 -10 23.25 334.48 285.92 440.63 0.0772623
desk 0 0 -10 22.98 323.34 258.64 440.89 0.0512023
sofa 0 0 -10 410.21 156.99 588.09 418.50 0.0294046
table 0 0 -10 358.08 212.46 570.43 434.46 0.0253282
chair 0 0 -10 230.43 19.25 572.67 379.33 0.0245987
table 0 0 -10 452.25 236.34 587.15 441.00 0.0171241
chair 0 0 -10 274.44 262.69 511.81 434.09 0.0168072
table 0 0 -10 17.74 282.52 432.37 440.49 0.0164416
desk 0 0 -10 316.87 113.03 577.86 416.11 0.0154670
desk 0 0 -10 7.70 257.83 117.26 427.56 0.0141091
desk 0 0 -10 5.04 127.41 132.94 428.12 0.0131481
chair 0 0 -10 449.46 286.28 591.00 437.85 0.0126571
table 0 0 -10 3.95 130.15 135.58 429.72 0.0113107
desk 0 0 -10 251.43 133.53 480.95 360.74 0.0108940
desk 0 0 -10 15.51 284.55 443.75 441.00 0.0102554
sofa 0 0 -10 303.58 174.69 551.69 434.74 0.0082722
sofa 0 0 -10 313.01 12.64 588.43 389.98 0.0079311
table 0 0 -10 6.44 263.65 117.89 426.91 0.0071027
chair 0 0 -10 233.74 159.24 504.39 416.79 0.0064723
desk 0 0 -10 137.52 178.96 428.16 425.64 0.0064235
chair 0 0 -10 14.71 149.74 270.92 419.63 0.0060095
table 0 0 -10 11.21 132.07 300.10 394.76 0.0043504
table 0 0 -10 286.67 126.62 461.67 282.05 0.0041975
chair 0 0 -10 276.80 34.52 456.36 276.99 0.0041463
chair 0 0 -10 536.09 128.36 588.63 427.20 0.0039911
chair 0 0 -10 13.51 366.55 253.79 441.00 0.0039390
table 0 0 -10 284.57 272.51 514.55 440.14 0.0038997
desk 0 0 -10 365.01 207.65 556.29 436.22 0.0037794
bookshelf 0 0 -10 413.71 0.00 587.50 433.11 0.0035433
chair 0 0 -10 11.37 229.76 116.88 438.32 0.0034006
chair 0 0 -10 522.74 0.00 589.93 393.79 0.0033152
chair 0 0 -10 254.34 95.46 469.27 351.39 0.0032829
chair 0 0 -10 490.88 99.21 588.14 428.92 0.0031085
chair 0 0 -10 25.78 312.10 216.78 439.53 0.0031036
desk 0 0 -10 10.40 125.33 293.17 397.66 0.0028189
desk 0 0 -10 422.59 7.54 588.95 433.94 0.0027240
bed 0 0 -10 296.54 178.11 546.36 435.23 0.0026959
table 0 0 -10 336.53 18.52 591.00 343.55 0.0026804
dresser 0 0 -10 414.20 9.13 591.00 423.44 0.0026483
chair 0 0 -10 421.02 75.63 590.78 174.93 0.0025042
chair 0 0 -10 412.62 39.08 589.37 264.19 0.0022318
sofa 0 0 -10 28.08 120.15 514.83 439.35 0.0022264
desk 0 0 -10 289.20 124.80 453.19 288.86 0.0021249
chair 0 0 -10 319.58 7.56 554.19 272.67 0.0020678
dresser 0 0 -10 254.02 121.85 547.47 435.29 0.0019065
table 0 0 -10 16.11 375.81 221.69 441.00 0.0018411
table 0 0 -10 534.11 262.54 588.00 440.82 0.0016408
chair 0 0 -10 0.55 87.05 120.48 330.95 0.0015737
toilet 0 0 -10 269.00 114.13 549.73 438.32 0.0015064
bed 0 0 -10 22.92 314.22 253.34 441.00 0.0014466
night_stand 0 0 -10 136.81 190.38 521.23 440.70 0.0014056
bed 0 0 -10 402.31 160.61 591.00 418.90 0.0013943
chair 0 0 -10 560.41 136.04 590.59 420.25 0.0013114
sofa 0 0 -10 6.20 233.05 140.75 422.48 0.0012963
desk 0 0 -10 10.96 105.45 65.71 432.08 0.0012823
table 0 0 -10 495.11 299.40 585.04 441.00 0.0012817
desk 0 0 -10 5.29 122.29 33.10 414.51 0.0012562
bed 0 0 -10 116.31 167.63 517.73 439.32 0.0012007
chair 0 0 -10 51.15 236.34 429.20 433.20 0.0011300
chair 0 0 -10 154.56 185.28 389.82 418.52 0.0011035
bookshelf 0 0 -10 262.78 71.81 543.50 427.45 0.0011010
night_stand 0 0 -10 304.63 229.18 548.13 439.26 0.0010810
bookshelf 0 0 -10 139.47 175.32 516.33 437.96 0.0010131
sofa 0 0 -10 25.48 316.95 255.05 441.00 0.0010088
chair 0 0 -10 0.00 80.10 67.19 419.56 0.0009422
table 0 0 -10 412.73 93.76 587.32 441.00 0.0009224
chair 0 0 -10 303.30 333.34 534.47 440.89 0.0009172
desk 0 0 -10 26.73 141.60 156.38 290.68 0.0009119
table 0 0 -10 1.37 115.05 72.63 433.39 0.0008844
bookshelf 0 0 -10 35.20 128.86 340.34 436.43 0.0008243
table 0 0 -10 0.39 120.01 27.27 402.96 0.0008204
table 0 0 -10 27.92 306.05 101.39 385.35 0.0008088
chair 0 0 -10 80.47 109.34 438.24 393.89 0.0008028
bathtub 0 0 -10 126.96 198.57 513.08 431.82 0.0007992
bed 0 0 -10 293.00 7.77 580.66 405.33 0.0007814
chair 0 0 -10 4.75 85.67 33.36 406.79 0.0007759
desk 0 0 -10 15.98 375.01 222.16 439.81 0.0007581
desk 0 0 -10 171.48 63.43 521.15 375.73 0.0007562
toilet 0 0 -10 406.23 0.00 589.56 430.76 0.0007494
dresser 0 0 -10 36.19 116.35 497.36 431.37 0.0007348
table 0 0 -10 5.42 328.82 141.61 437.08 0.0007316
desk 0 0 -10 8.71 198.41 116.13 287.84 0.0006936
table 0 0 -10 467.30 159.71 588.54 384.33 0.0006843
chair 0 0 -10 545.46 0.00 590.41 256.24 0.0006797
desk 0 0 -10 15.24 114.56 456.62 305.62 0.0006702
bookshelf 0 0 -10 23.31 327.25 278.38 441.00 0.0006675
table 0 0 -10 4.77 200.13 118.18 288.92 0.0006464
night_stand 0 0 -10 9.50 324.09 314.08 440.95 0.0006269
desk 0 0 -10 454.70 220.30 586.39 441.00 0.0006225
table 0 0 -10 417.23 88.29 587.78 167.76 0.0006019
chair 0 0 -10 7.24 143.78 150.00 386.42 0.0005965
chair 0 0 -10 95.52 386.59 263.38 441.00 0.0005902
bed 0 0 -10 32.11 119.03 344.78 440.01 0.0005892
table 0 0 -10 1.77 294.04 77.94 379.11 0.0005884
