chair 0 0 -10 347.11 153.26 514.87 412.22 0.9695069
chair 0 0 -10 429.22 58.98 538.44 229.90 0.9538768
table 0 0 -10 423.31 79.06 591.00 437.71 0.8668373
chair 0 0 -10 314.48 148.96 474.86 337.89 0.6950735
chair 0 0 -10 306.00 31.24 393.08 160.30 0.6499662
chair 0 0 -10 444.89 54.64 537.63 161.67 0.5695496
chair 0 0 -10 452.96 29.69 533.15 118.12 0.4459844
chair 0 0 -10 319.55 7.55 419.66 130.62 0.4106028
chair 0 0 -10 459.95 26.35 504.87 105.09 0.3913490
chair 0 0 -10 411.44 85.90 555.17 357.20 0.2754179
chair 0 0 -10 460.12 25.88 489.17 86.67 0.2139930
desk 0 0 -10 423.07 72.46 591.00 441.00 0.2139523
chair 0 0 -10 354.06 3.03 433.00 106.31 0.1972701
chair 0 0 -10 435.56 53.36 488.11 188.17 0.1802396
chair 0 0 -10 456.90 49.31 511.00 137.81 0.1699288
chair 0 0 -10 329.98 29.41 405.27 109.61 0.1646845
table 0 0 -10 457.34 81.06 590.65 254.05 0.1479580
table 0 0 -10 0.00 53.99 340.11 441.00 0.1216529
chair 0 0 -10 312.05 145.72 391.32 320.35 0.1202898
chair 0 0 -10 447.51 59.27 484.71 136.06 0.1136311
chair 0 0 -10 385.21 149.53 506.94 332.55 0.0940963
chair 0 0 -10 424.47 102.57 506.41 283.21 0.0914573
desk 0 0 -10 0.50 53.91 342.67 441.00 0.0905231
chair 0 0 -10 335.14 234.55 502.31 357.00 0.0805129
chair 0 0 -10 294.49 226.29 543.35 434.12 0.0803115
chair 0 0 -10 349.98 297.40 559.26 441.00 0.0751946
table 0 0 -10 321.13 187.36 586.57 441.00 0.0504715
table 0 0 -10 467.61 56.86 580.46 179.86 0.0459284
chair 0 0 -10 433.97 94.70 471.22 199.05 0.0446078
desk 0 0 -10 293.39 38.71 376.41 161.49 0.0432906
chair 0 0 -10 336.80 126.38 531.81 284.53 0.0428124
chair 0 0 -10 462.24 30.32 476.90 88.71 0.0388963
table 0 0 -10 329.57 176.64 446.76 360.14 0.0327387
chair 0 0 -10 459.44 27.27 527.50 78.65 0.0324072
desk 0 0 -10 446.50 83.29 587.80 291.55 0.0290247
chair 0 0 -10 416.12 113.16 474.71 267.97 0.0282845
chair 0 0 -10 332.90 143.45 437.71 295.29 0.0264886
table 0 0 -10 381.15 275.23 573.27 441.00 0.0260830
chair 0 0 -10 436.92 63.75 472.53 152.64 0.0252334
chair 0 0 -10 455.25 50.97 583.28 220.74 0.0224731
desk 0 0 -10 325.15 184.54 585.72 441.00 0.0224478
desk 0 0 -10 331.30 173.32 444.93 358.87 0.0223101
table 0 0 -10 442.68 18.15 591.00 136.85 0.0212467
chair 0 0 -10 430.00 21.20 566.39 132.54 0.0199555
chair 0 0 -10 455.07 52.35 486.22 103.86 0.0189214
chair 0 0 -10 463.71 32.80 501.06 74.63 0.0188408
table 0 0 -10 415.25 159.83 544.72 358.89 0.0170980
chair 0 0 -10 338.68 142.02 379.15 267.43 0.0148059
chair 0 0 -10 436.64 118.14 469.12 166.87 0.0136501
bathtub 0 0 -10 7.79 41.89 341.66 421.66 0.0135604
table 0 0 -10 290.88 38.18 377.45 159.77 0.0134422
chair 0 0 -10 319.85 213.34 459.59 395.97 0.0127650
chair 0 0 -10 411.26 167.90 584.76 431.64 0.0127125
chair 0 0 -10 446.15 73.71 464.81 141.84 0.0120706
chair 0 0 -10 287.49 1.80 467.82 107.20 0.0119492
chair 0 0 -10 250.53 355.26 556.87 438.04 0.0119124
desk 0 0 -10 468.35 84.65 585.29 184.12 0.0117024
table 0 0 -10 162.76 75.31 553.96 435.62 0.0105651
bed 0 0 -10 438.84 70.27 591.00 441.00 0.0101551
table 0 0 -10 437.24 10.72 591.00 80.12 0.0091280
chair 0 0 -10 244.57 69.68 550.49 405.97 0.0091126
chair 0 0 -10 417.72 80.59 484.23 212.12 0.0088252
chair 0 0 -10 428.68 30.52 485.67 118.44 0.0085638
desk 0 0 -10 279.62 27.59 435.25 190.03 0.0084686
chair 0 0 -10 517.14 79.16 591.00 243.37 0.0083634
chair 0 0 -10 442.88 20.10 546.15 87.90 0.0080711
desk 0 0 -10 166.95 74.04 564.60 441.00 0.0079655
chair 0 0 -10 452.37 63.02 473.69 127.05 0.0078225
chair 0 0 -10 152.46 132.06 489.33 441.00 0.0075161
table 0 0 -10 318.93 284.12 506.48 437.06 0.0072967
table 0 0 -10 387.65 228.83 538.41 403.38 0.0072827
chair 0 0 -10 508.09 64.43 591.00 169.29 0.0069517
chair 0 0 -10 293.86 75.37 421.56 282.93 0.0067507
desk 0 0 -10 421.96 3.94 591.00 98.67 0.0066031
chair 0 0 -10 254.30 168.09 446.38 391.07 0.0065001
chair 0 0 -10 387.13 17.30 436.10 102.45 0.0064476
table 0 0 -10 468.33 37.74 582.25 102.20 0.0062289
chair 0 0 -10 326.36 59.29 525.11 213.09 0.0062182
chair 0 0 -10 17.04 90.37 362.00 438.83 0.0059999
desk 0 0 -10 359.25 33.56 427.19 107.36 0.0051460
table 0 0 -10 435.23 47.89 547.82 197.47 0.0049131
table 0 0 -10 427.26 119.16 568.96 299.97 0.0047044
table 0 0 -10 333.21 249.51 514.41 359.04 0.0046905
chair 0 0 -10 365.46 119.63 463.65 233.70 0.0045409
chair 0 0 -10 467.12 47.88 491.57 98.75 0.0042682
chair 0 0 -10 292.35 148.23 359.13 323.95 0.0042034
table 0 0 -10 363.28 165.00 491.61 339.99 0.0041370
chair 0 0 -10 412.95 49.14 485.12 144.11 0.0039123
table 0 0 -10 321.07 217.50 507.62 318.21 0.0037323
desk 0 0 -10 317.46 31.55 424.61 134.28 0.0036680
desk 0 0 -10 346.61 213.75 491.67 381.24 0.0036523
chair 0 0 -10 395.81 46.11 500.19 202.39 0.0035441
desk 0 0 -10 416.51 163.90 536.82 362.99 0.0034712
table 0 0 -10 254.08 32.68 439.44 172.38 0.0033798
desk 0 0 -10 458.82 63.61 561.51 229.81 0.0033300
chair 0 0 -10 373.29 1.92 435.74 68.16 0.0032484
table 0 0 -10 358.53 36.32 428.79 107.37 0.0031464
chair 0 0 -10 314.73 56.86 393.58 118.63 0.0031298
desk 0 0 -10 437.44 29.01 589.42 201.08 0.0030939
chair 0 0 -10 510.63 108.21 591.00 399.75 0.0030450
