chair 0 0 -10 343.89 68.57 507.69 341.90 0.9954886
chair 0 0 -10 85.57 85.62 246.61 378.20 0.9731131
table 0 0 -10 331.96 1.75 489.53 127.61 0.9612916
chair 0 0 -10 107.64 0.74 198.13 107.28 0.9365817
table 0 0 -10 0.00 54.81 108.65 346.67 0.8950145
table 0 0 -10 3.22 5.33 151.14 139.17 0.7835147
chair 0 0 -10 309.26 0.58 392.91 96.47 0.6420019
table 0 0 -10 399.26 72.63 590.18 435.80 0.6272492
desk 0 0 -10 411.27 76.97 588.90 438.74 0.5102994
table 0 0 -10 45.07 2.72 177.60 111.71 0.2858343
chair 0 0 -10 365.08 41.24 486.30 191.54 0.2554992
table 0 0 -10 15.84 25.86 127.38 193.75 0.2118452
desk 0 0 -10 0.00 41.18 113.90 321.00 0.2040907
table 0 0 -10 1.96 38.68 194.85 375.85 0.1621231
chair 0 0 -10 121.10 1.57 193.48 65.60 0.1593219
chair 0 0 -10 316.40 2.00 368.43 78.10 0.1470244
chair 0 0 -10 426.29 202.69 582.92 436.00 0.1315187
chair 0 0 -10 2.41 53.98 108.70 285.85 0.1296700
desk 0 0 -10 324.92 0.00 484.34 124.11 0.1202657
table 0 0 -10 361.23 16.93 562.07 183.95 0.1026250
chair 0 0 -10 30.97 46.09 131.43 199.44 0.1017493
table 0 0 -10 467.27 207.29 591.00 441.00 0.0998572
chair 0 0 -10 407.42 0.64 517.32 110.09 0.0887796
desk 0 0 -10 16.71 3.10 150.66 128.81 0.0842385
table 0 0 -10 244.33 0.60 510.80 90.76 0.0814843
chair 0 0 -10 22.02 6.42 112.48 163.61 0.0748064
chair 0 0 -10 0.00 42.29 36.59 175.74 0.0570001
table 0 0 -10 332.83 0.00 430.75 100.65 0.0559494
table 0 0 -10 330.97 38.56 578.90 321.99 0.0552704
table 0 0 -10 17.96 2.13 139.68 62.65 0.0444903
desk 0 0 -10 4.40 43.90 196.21 383.65 0.0430262
chair 0 0 -10 10.18 66.69 146.99 368.58 0.0391003
table 0 0 -10 101.24 5.57 192.30 123.68 0.0379693
desk 0 0 -10 352.30 0.00 491.56 213.35 0.0354799
chair 0 0 -10 376.62 7.06 485.86 127.62 0.0343012
desk 0 0 -10 22.07 26.93 124.88 200.70 0.0299471
table 0 0 -10 308.83 0.00 395.82 90.17 0.0293549
chair 0 0 -10 385.30 56.25 545.47 291.78 0.0292627
desk 0 0 -10 94.46 2.99 180.34 108.58 0.0268764
chair 0 0 -10 40.68 69.15 208.45 328.04 0.0265494
table 0 0 -10 218.35 65.29 581.16 418.73 0.0261433
chair 0 0 -10 0.00 10.53 76.37 163.97 0.0246415
desk 0 0 -10 330.43 36.17 576.98 337.55 0.0244118
table 0 0 -10 0.00 55.35 38.24 196.01 0.0230101
chair 0 0 -10 38.55 2.94 130.22 90.43 0.0226874
chair 0 0 -10 319.79 95.84 571.23 435.12 0.0214248
chair 0 0 -10 49.81 18.61 141.91 151.24 0.0208805
chair 0 0 -10 334.09 3.09 435.81 127.59 0.0197750
desk 0 0 -10 311.94 3.91 412.75 107.51 0.0197200
chair 0 0 -10 149.80 2.21 196.63 98.90 0.0196717
chair 0 0 -10 90.82 21.52 225.63 187.28 0.0167208
chair 0 0 -10 476.13 98.73 588.91 419.91 0.0155241
chair 0 0 -10 388.72 33.87 441.85 172.37 0.0152539
chair 0 0 -10 518.91 105.28 591.00 330.99 0.0147208
chair 0 0 -10 244.32 2.67 414.15 99.79 0.0133142
chair 0 0 -10 0.00 66.00 46.11 136.38 0.0129292
desk 0 0 -10 470.26 207.41 591.00 441.00 0.0129112
desk 0 0 -10 215.38 66.35 582.45 427.93 0.0127026
desk 0 0 -10 453.65 119.96 589.01 356.59 0.0123267
chair 0 0 -10 350.74 278.82 576.11 440.52 0.0116376
table 0 0 -10 340.29 0.36 482.52 56.42 0.0114302
table 0 0 -10 390.83 36.15 491.01 169.33 0.0108180
table 0 0 -10 447.23 123.24 591.00 361.84 0.0105370
chair 0 0 -10 80.01 11.00 178.55 140.60 0.0105006
desk 0 0 -10 19.64 1.02 136.99 62.55 0.0104762
chair 0 0 -10 0.30 73.53 85.84 408.74 0.0101883
table 0 0 -10 0.00 68.95 45.68 359.86 0.0098342
desk 0 0 -10 238.76 0.00 505.66 93.12 0.0097493
chair 0 0 -10 498.10 287.75 587.66 441.00 0.0089887
chair 0 0 -10 405.49 29.53 563.00 187.89 0.0079862
chair 0 0 -10 400.43 31.29 491.06 82.92 0.0079807
chair 0 0 -10 76.10 1.02 304.26 87.03 0.0077497
desk 0 0 -10 0.00 12.66 178.54 218.98 0.0074877
desk 0 0 -10 0.59 51.61 50.39 175.29 0.0073347
table 0 0 -10 0.00 72.45 52.55 141.91 0.0072724
chair 0 0 -10 311.68 56.31 444.74 333.95 0.0071151
chair 0 0 -10 136.50 0.00 146.50 52.06 0.0063802
chair 0 0 -10 27.41 93.30 311.18 412.95 0.0063078
table 0 0 -10 37.51 78.84 296.50 395.40 0.0061561
desk 0 0 -10 41.98 0.46 225.07 111.15 0.0061443
chair 0 0 -10 530.56 157.86 591.00 422.36 0.0058672
chair 0 0 -10 130.59 0.00 136.85 52.57 0.0057508
desk 0 0 -10 401.31 57.64 562.90 212.71 0.0054200
chair 0 0 -10 311.57 15.40 448.40 181.47 0.0048892
chair 0 0 -10 133.72 0.00 143.03 55.49 0.0048418
table 0 0 -10 411.68 61.43 591.00 247.21 0.0047204
chair 0 0 -10 131.07 0.00 139.09 73.30 0.0045604
table 0 0 -10 99.26 4.54 507.83 127.46 0.0043993
chair 0 0 -10 322.64 0.00 394.87 48.01 0.0043972
table 0 0 -10 0.00 54.98 94.46 185.06 0.0043501
chair 0 0 -10 58.12 54.64 169.34 192.57 0.0043474
chair 0 0 -10 25.01 25.32 188.31 215.60 0.0042200
table 0 0 -10 386.20 48.19 491.21 86.72 0.0040928
chair 0 0 -10 459.42 53.39 587.43 255.14 0.0040555
chair 0 0 -10 128.13 0.00 134.69 51.43 0.0039968
chair 0 0 -10 100.33 0.00 156.27 86.91 0.0039610
chair 0 0 -10 48.71 0.41 125.74 52.29 0.0039150
sofa 0 0 -10 329.15 59.70 580.45 384.48 0.0038361
chair 0 0 -10 561.90 144.08 591.00 429.04 0.0036848
desk 0 0 -10 276.96 1.82 555.28 168.86 0.0036051
