desk 0 0 -10 192.70 209.33 591.00 441.00 0.7492572
table 0 0 -10 195.71 204.00 591.00 441.00 0.4165551
dresser 0 0 -10 226.04 16.36 468.56 265.13 0.1533491
dresser 0 0 -10 211.98 10.82 550.73 387.13 0.0946918
dresser 0 0 -10 196.91 180.61 591.00 438.81 0.0613276
table 0 0 -10 1.61 420.75 223.79 441.00 0.0450772
bed 0 0 -10 197.88 180.02 587.55 441.00 0.0352388
chair 0 0 -10 278.61 237.28 560.03 433.91 0.0345493
chair 0 0 -10 199.42 116.67 590.10 422.54 0.0341968
desk 0 0 -10 203.22 20.76 554.02 396.83 0.0324828
table 0 0 -10 182.92 375.06 317.38 440.93 0.0226585
table 0 0 -10 40.30 403.53 226.45 439.78 0.0204088
desk 0 0 -10 222.42 7.69 482.01 278.31 0.0155365
bookshelf 0 0 -10 215.94 8.92 575.14 431.83 0.0138721
bathtub 0 0 -10 174.85 206.21 591.00 434.71 0.0129746
night_stand 0 0 -10 227.83 0.00 467.58 267.97 0.0120113
chair 0 0 -10 188.15 338.18 374.30 441.00 0.0114396
table 0 0 -10 190.23 312.98 392.07 441.00 0.0096251
table 0 0 -10 35.79 432.34 214.20 440.68 0.0095320
chair 0 0 -10 179.88 383.43 325.92 439.98 0.0092716
chair 0 0 -10 2.21 411.94 246.70 440.98 0.0092705
sofa 0 0 -10 197.79 204.80 591.00 441.00 0.0071071
desk 0 0 -10 516.08 225.10 588.77 436.75 0.0068975
toilet 0 0 -10 177.68 195.75 583.92 441.00 0.0062825
night_stand 0 0 -10 195.43 211.09 591.00 441.00 0.0062146
bathtub 0 0 -10 214.00 42.29 582.13 409.14 0.0058517
desk 0 0 -10 378.89 214.99 583.76 432.33 0.0051441
chair 0 0 -10 561.07 212.73 590.56 271.33 0.0046634
table 0 0 -10 209.64 30.48 555.90 392.41 0.0046068
bookshelf 0 0 -10 225.82 5.55 480.26 291.35 0.0043232
chair 0 0 -10 112.33 246.00 471.45 436.69 0.0042232
table 0 0 -10 40.43 436.95 205.34 441.00 0.0041347
table 0 0 -10 93.95 417.22 147.30 440.57 0.0039880
chair 0 0 -10 31.34 336.37 324.04 441.00 0.0039848
table 0 0 -10 68.24 424.31 193.31 437.01 0.0038755
table 0 0 -10 228.11 15.12 475.45 277.80 0.0036621
table 0 0 -10 133.37 398.23 291.47 439.86 0.0035578
table 0 0 -10 109.10 419.12 167.34 440.65 0.0034348
table 0 0 -10 529.82 227.50 589.19 436.30 0.0034307
sofa 0 0 -10 0.00 419.60 231.28 441.00 0.0029762
table 0 0 -10 93.73 428.53 216.12 440.03 0.0027175
chair 0 0 -10 453.83 228.64 586.05 428.30 0.0025816
chair 0 0 -10 79.60 378.37 350.06 441.00 0.0025638
chair 0 0 -10 512.63 266.52 590.61 436.97 0.0021663
table 0 0 -10 27.27 358.40 242.42 440.74 0.0021649
table 0 0 -10 113.87 417.63 251.68 441.00 0.0021036
bookshelf 0 0 -10 197.16 206.84 591.00 441.00 0.0018712
bathtub 0 0 -10 515.58 263.74 591.00 441.00 0.0017993
chair 0 0 -10 535.99 206.15 589.58 275.94 0.0017407
bed 0 0 -10 198.62 0.00 563.73 406.13 0.0017308
chair 0 0 -10 94.49 414.93 146.05 440.77 0.0017047
table 0 0 -10 53.94 439.10 182.16 441.00 0.0015849
table 0 0 -10 452.61 218.05 586.01 441.00 0.0015279
chair 0 0 -10 368.29 177.06 584.74 413.20 0.0014572
toilet 0 0 -10 209.92 20.62 538.91 412.92 0.0014342
chair 0 0 -10 4.91 425.30 230.13 440.88 0.0013703
table 0 0 -10 186.70 334.30 286.72 435.08 0.0013553
desk 0 0 -10 194.72 258.74 419.13 436.65 0.0013225
table 0 0 -10 507.85 358.63 588.49 441.00 0.0012546
table 0 0 -10 156.63 358.46 248.73 441.00 0.0012288
chair 0 0 -10 294.37 317.13 526.35 440.82 0.0012060
chair 0 0 -10 29.80 398.81 169.63 441.00 0.0011632
chair 0 0 -10 179.16 0.00 479.11 323.54 0.0009979
desk 0 0 -10 0.00 420.08 232.09 441.00 0.0009765
bathtub 0 0 -10 223.99 7.40 499.84 268.39 0.0009375
table 0 0 -10 131.13 303.90 256.91 438.54 0.0009349
sofa 0 0 -10 16.45 400.95 218.46 441.00 0.0009263
table 0 0 -10 178.11 412.33 293.76 440.20 0.0009254
chair 0 0 -10 528.86 178.20 591.00 408.38 0.0008746
chair 0 0 -10 554.91 200.80 589.19 234.08 0.0008582
table 0 0 -10 544.11 374.59 588.51 412.36 0.0008462
night_stand 0 0 -10 211.61 17.70 551.62 377.81 0.0008422
table 0 0 -10 142.70 413.30 215.63 440.56 0.0008419
chair 0 0 -10 20.90 380.42 240.61 441.00 0.0008258
table 0 0 -10 134.33 265.99 360.97 440.12 0.0007748
bathtub 0 0 -10 495.44 348.77 591.00 441.00 0.0007496
desk 0 0 -10 180.97 374.08 320.42 440.82 0.0007398
chair 0 0 -10 576.91 215.78 590.88 269.24 0.0007330
bathtub 0 0 -10 534.52 232.05 591.00 378.89 0.0007326
dresser 0 0 -10 518.84 239.00 590.98 437.59 0.0007162
chair 0 0 -10 521.28 177.42 590.12 286.29 0.0006868
bathtub 0 0 -10 453.31 233.26 591.00 438.19 0.0006868
bed 0 0 -10 0.00 420.04 234.36 441.00 0.0006614
chair 0 0 -10 366.93 182.89 480.97 321.04 0.0006587
dresser 0 0 -10 394.75 226.20 584.48 431.24 0.0006505
bathtub 0 0 -10 566.49 216.65 591.00 381.59 0.0006431
chair 0 0 -10 545.27 188.73 589.31 323.46 0.0006193
chair 0 0 -10 222.19 309.78 429.86 434.82 0.0005792
chair 0 0 -10 468.53 155.89 591.00 339.54 0.0005680
desk 0 0 -10 3.56 57.94 483.22 429.58 0.0005624
table 0 0 -10 98.97 356.01 327.08 440.77 0.0005297
chair 0 0 -10 112.01 417.32 166.00 441.00 0.0005189
chair 0 0 -10 99.14 288.59 271.38 437.03 0.0005089
table 0 0 -10 563.05 237.46 590.45 436.34 0.0005078
chair 0 0 -10 567.21 201.56 590.84 404.52 0.0004712
chair 0 0 -10 571.09 201.48 583.82 266.02 0.0004649
chair 0 0 -10 178.48 412.34 307.77 439.73 0.0004577
chair 0 0 -10 579.72 195.86 591.00 374.01 0.0004518
chair 0 0 -10 241.61 188.93 493.62 399.51 0.0004443
desk 0 0 -10 36.71 402.72 231.84 440.44 0.0004345
