chair 0 0 -10 393.02 102.63 527.77 253.36 0.9930922
chair 0 0 -10 189.29 206.04 360.88 385.99 0.9920245
chair 0 0 -10 113.04 307.90 348.53 439.56 0.9882843
chair 0 0 -10 250.99 109.88 366.92 215.89 0.9776149
chair 0 0 -10 226.41 153.47 360.50 272.63 0.9008507
chair 0 0 -10 208.37 144.21 300.99 287.72 0.1611323
chair 0 0 -10 558.74 139.77 590.43 313.41 0.0965527
table 0 0 -10 553.73 179.73 589.37 334.19 0.0725762
chair 0 0 -10 556.33 184.79 589.49 266.64 0.0426216
chair 0 0 -10 250.33 113.23 379.72 300.01 0.0420089
chair 0 0 -10 112.97 206.85 304.31 394.56 0.0414546
chair 0 0 -10 166.41 176.15 316.75 356.06 0.0404016
chair 0 0 -10 261.75 199.02 362.72 272.00 0.0362277
table 0 0 -10 559.80 204.96 589.88 294.86 0.0329693
chair 0 0 -10 551.55 178.66 591.00 395.54 0.0297136
table 0 0 -10 396.54 186.86 508.15 247.19 0.0230365
table 0 0 -10 555.65 225.09 589.86 430.59 0.0223927
table 0 0 -10 571.90 179.93 590.36 411.34 0.0214547
chair 0 0 -10 76.58 298.09 238.17 441.00 0.0213761
chair 0 0 -10 223.45 147.96 281.95 225.66 0.0198358
chair 0 0 -10 406.68 119.78 568.78 306.16 0.0197929
chair 0 0 -10 573.96 130.45 590.77 329.89 0.0168797
chair 0 0 -10 228.92 112.86 311.68 237.07 0.0166568
table 0 0 -10 562.75 235.82 590.10 358.83 0.0162266
table 0 0 -10 560.21 229.54 589.99 271.13 0.0161355
chair 0 0 -10 245.82 139.77 300.93 265.92 0.0111863
table 0 0 -10 362.88 188.28 585.82 308.51 0.0109193
chair 0 0 -10 555.40 243.70 589.98 320.57 0.0108506
table 0 0 -10 547.27 198.25 588.15 268.55 0.0105315
table 0 0 -10 551.30 242.17 588.97 320.81 0.0091698
chair 0 0 -10 560.95 205.70 590.57 295.36 0.0076808
table 0 0 -10 267.59 189.02 363.41 269.33 0.0076565
table 0 0 -10 545.20 232.27 589.42 286.52 0.0073027
table 0 0 -10 556.50 215.85 589.55 260.15 0.0071750
table 0 0 -10 391.95 140.25 524.15 256.92 0.0070120
chair 0 0 -10 539.09 186.98 591.00 312.72 0.0070089
chair 0 0 -10 20.15 249.10 311.65 440.81 0.0069131
table 0 0 -10 526.29 227.84 589.33 264.02 0.0064774
table 0 0 -10 229.80 204.38 364.10 377.71 0.0064085
table 0 0 -10 531.68 194.79 588.44 310.65 0.0063084
chair 0 0 -10 556.17 266.26 590.50 349.57 0.0058258
chair 0 0 -10 578.07 182.17 590.62 312.67 0.0054000
table 0 0 -10 260.06 141.94 372.74 215.62 0.0050284
chair 0 0 -10 179.95 119.84 290.32 224.40 0.0044734
chair 0 0 -10 250.58 161.94 363.61 217.60 0.0044010
table 0 0 -10 578.30 186.48 590.48 319.55 0.0043341
desk 0 0 -10 560.74 178.40 589.43 317.32 0.0042058
chair 0 0 -10 193.59 165.13 269.85 343.70 0.0039992
table 0 0 -10 248.57 161.85 376.27 328.67 0.0039375
sofa 0 0 -10 118.68 300.47 329.85 440.64 0.0038427
table 0 0 -10 8.47 411.12 225.82 441.00 0.0038261
table 0 0 -10 118.83 297.86 304.55 436.97 0.0037125
chair 0 0 -10 514.60 197.08 591.00 426.11 0.0035752
chair 0 0 -10 393.64 164.79 513.09 249.26 0.0035114
chair 0 0 -10 7.51 293.81 182.10 441.00 0.0031874
chair 0 0 -10 576.20 197.21 590.64 261.91 0.0031758
chair 0 0 -10 191.20 88.46 339.27 293.05 0.0030873
chair 0 0 -10 522.62 138.55 591.00 331.08 0.0030315
table 0 0 -10 560.97 247.53 589.06 290.32 0.0030104
table 0 0 -10 457.10 213.84 585.64 302.32 0.0028973
sofa 0 0 -10 556.69 213.94 590.39 432.54 0.0027408
table 0 0 -10 173.42 267.18 367.13 434.55 0.0026285
chair 0 0 -10 165.33 217.82 460.13 436.82 0.0025932
table 0 0 -10 574.58 201.35 590.16 261.92 0.0025867
chair 0 0 -10 561.19 244.67 589.65 288.56 0.0025785
chair 0 0 -10 554.69 232.05 590.02 275.28 0.0024607
chair 0 0 -10 205.27 104.17 404.05 349.46 0.0023599
chair 0 0 -10 531.94 191.47 590.24 255.83 0.0022441
chair 0 0 -10 580.40 117.05 590.72 289.59 0.0022410
chair 0 0 -10 556.50 280.64 589.93 318.60 0.0021711
table 0 0 -10 556.17 282.20 589.15 319.04 0.0021148
chair 0 0 -10 165.02 200.24 253.63 367.85 0.0019976
chair 0 0 -10 585.16 168.98 590.66 289.22 0.0018976
table 0 0 -10 571.45 223.46 589.91 288.70 0.0018693
table 0 0 -10 567.52 299.14 590.17 317.28 0.0018344
table 0 0 -10 578.77 230.15 590.55 409.20 0.0018258
table 0 0 -10 510.50 204.88 587.60 414.37 0.0017932
table 0 0 -10 365.40 161.78 536.78 407.29 0.0017024
chair 0 0 -10 236.66 84.91 475.91 274.67 0.0016489
desk 0 0 -10 561.19 195.37 590.06 266.00 0.0015340
desk 0 0 -10 392.36 135.14 522.64 255.35 0.0014908
chair 0 0 -10 312.34 93.90 509.17 242.25 0.0014121
desk 0 0 -10 556.62 217.90 590.14 433.75 0.0013666
table 0 0 -10 583.04 190.52 590.51 297.98 0.0013155
desk 0 0 -10 226.87 204.40 361.42 377.95 0.0012866
chair 0 0 -10 571.75 227.76 590.97 381.52 0.0012661
table 0 0 -10 130.12 262.81 524.69 437.21 0.0012374
chair 0 0 -10 474.55 211.24 591.00 305.70 0.0011976
chair 0 0 -10 570.23 40.13 590.89 281.92 0.0011899
desk 0 0 -10 572.25 175.41 590.54 417.69 0.0011620
desk 0 0 -10 117.67 297.21 301.64 436.00 0.0011298
chair 0 0 -10 567.58 298.74 590.35 317.13 0.0011204
chair 0 0 -10 375.02 121.89 530.17 390.60 0.0011169
table 0 0 -10 557.60 200.00 589.06 246.55 0.0011048
chair 0 0 -10 541.72 114.25 588.98 276.91 0.0011048
desk 0 0 -10 560.92 229.83 590.01 271.49 0.0010864
sofa 0 0 -10 196.42 191.22 361.17 360.24 0.0010252
table 0 0 -10 565.98 253.85 589.84 319.32 0.0010203
desk 0 0 -10 243.91 171.15 364.10 271.91 0.0010021
desk 0 0 -10 562.58 270.30 590.23 339.45 0.0009794
