table 0 0 -10 24.38 27.41 340.40 412.38 0.9702449
chair 0 0 -10 17.59 57.95 287.43 430.19 0.8252774
table 0 0 -10 75.97 10.84 569.59 436.29 0.1532608
table 0 0 -10 53.72 155.98 265.96 436.68 0.1071976
desk 0 0 -10 23.38 14.94 420.39 441.00 0.0810799
chair 0 0 -10 148.26 0.00 290.23 191.76 0.0486668
chair 0 0 -10 79.59 24.37 292.55 260.34 0.0303163
chair 0 0 -10 26.88 25.71 202.38 287.22 0.0291657
table 0 0 -10 148.08 120.41 366.19 416.07 0.0291042
chair 0 0 -10 118.51 16.41 348.59 359.46 0.0263536
chair 0 0 -10 58.96 170.64 249.32 437.26 0.0230050
desk 0 0 -10 40.64 126.77 304.35 437.79 0.0189986
desk 0 0 -10 246.77 1.76 591.00 441.00 0.0184537
table 0 0 -10 6.39 30.41 159.41 265.83 0.0138483
table 0 0 -10 22.51 16.75 329.30 214.46 0.0122339
chair 0 0 -10 10.83 117.83 159.74 428.14 0.0062892
table 0 0 -10 201.29 1.13 587.87 199.91 0.0059917
sofa 0 0 -10 249.13 15.08 591.00 437.14 0.0038530
chair 0 0 -10 256.48 50.75 581.33 432.82 0.0038095
table 0 0 -10 17.90 224.65 204.93 441.00 0.0037966
table 0 0 -10 13.11 70.51 142.95 433.82 0.0031876
table 0 0 -10 314.65 2.15 576.43 147.42 0.0030274
table 0 0 -10 186.47 38.11 354.20 343.35 0.0025938
chair 0 0 -10 179.70 30.23 265.74 249.06 0.0024184
chair 0 0 -10 204.61 67.40 383.68 381.86 0.0017286
bed 0 0 -10 241.93 0.00 591.00 441.00 0.0017188
table 0 0 -10 167.52 18.08 345.17 187.56 0.0016849
chair 0 0 -10 112.16 152.97 515.73 435.51 0.0013627
chair 0 0 -10 137.76 27.14 230.07 185.00 0.0013490
bathtub 0 0 -10 320.29 0.00 591.00 148.60 0.0013451
bed 0 0 -10 362.99 125.61 591.00 441.00 0.0013387
table 0 0 -10 1.59 89.01 61.30 441.00 0.0013208
chair 0 0 -10 14.85 254.95 202.31 440.63 0.0012562
desk 0 0 -10 254.72 2.06 586.99 172.50 0.0012027
table 0 0 -10 212.84 161.17 357.45 377.72 0.0011805
table 0 0 -10 132.16 1.52 535.34 110.55 0.0010787
table 0 0 -10 183.89 174.55 263.34 409.08 0.0010350
table 0 0 -10 59.74 5.25 334.39 114.16 0.0010149
desk 0 0 -10 42.45 234.03 229.55 438.81 0.0009693
table 0 0 -10 237.58 58.87 558.61 369.18 0.0009419
chair 0 0 -10 155.80 171.82 356.38 424.06 0.0008605
table 0 0 -10 45.62 254.77 196.20 372.59 0.0008102
chair 0 0 -10 18.87 80.57 172.96 205.66 0.0007819
bathtub 0 0 -10 248.59 0.00 591.00 380.15 0.0007664
table 0 0 -10 46.08 202.79 451.41 441.00 0.0007547
desk 0 0 -10 186.97 131.79 357.18 414.17 0.0007366
table 0 0 -10 0.00 4.42 131.37 136.19 0.0007351
night_stand 0 0 -10 11.56 36.80 362.64 434.46 0.0006938
dresser 0 0 -10 255.44 11.95 591.00 437.34 0.0006854
chair 0 0 -10 64.41 34.11 200.65 183.94 0.0006799
dresser 0 0 -10 479.72 69.93 588.58 433.79 0.0006067
chair 0 0 -10 519.84 149.47 590.36 435.40 0.0005936
table 0 0 -10 70.74 212.98 166.74 430.55 0.0005400
table 0 0 -10 351.85 37.27 583.55 441.00 0.0005378
chair 0 0 -10 482.64 2.93 587.85 145.03 0.0005285
bed 0 0 -10 22.42 6.42 308.44 426.42 0.0005059
chair 0 0 -10 65.49 225.38 177.83 383.72 0.0004914
bed 0 0 -10 346.64 2.37 588.76 111.14 0.0004875
table 0 0 -10 3.74 4.19 205.70 93.76 0.0004670
table 0 0 -10 119.85 244.96 346.90 434.12 0.0004667
table 0 0 -10 0.80 0.01 152.93 40.51 0.0004468
table 0 0 -10 167.75 202.95 319.01 396.76 0.0004274
desk 0 0 -10 13.16 21.89 234.17 417.60 0.0004241
desk 0 0 -10 0.00 134.79 119.22 436.99 0.0004168
chair 0 0 -10 1.71 6.15 125.67 265.99 0.0003987
sofa 0 0 -10 18.47 23.98 313.67 415.72 0.0003933
chair 0 0 -10 205.83 16.15 563.72 291.84 0.0003921
table 0 0 -10 519.25 156.42 587.48 441.00 0.0003848
table 0 0 -10 28.36 37.62 206.48 200.25 0.0003841
bathtub 0 0 -10 440.09 3.84 591.00 236.67 0.0003612
desk 0 0 -10 47.11 254.81 195.91 370.80 0.0003159
bed 0 0 -10 189.11 0.63 590.44 141.75 0.0003057
table 0 0 -10 153.64 3.22 310.52 36.65 0.0002773
chair 0 0 -10 1.42 0.00 129.03 137.40 0.0002729
bed 0 0 -10 519.98 135.80 590.92 439.70 0.0002641
sofa 0 0 -10 371.32 136.56 585.96 441.00 0.0002577
bathtub 0 0 -10 1.17 153.58 54.74 436.51 0.0002546
sofa 0 0 -10 3.66 1.24 159.77 40.98 0.0002517
table 0 0 -10 421.89 4.78 586.00 227.43 0.0002476
chair 0 0 -10 1.58 185.14 107.95 378.05 0.0002388
table 0 0 -10 134.83 0.00 459.48 68.42 0.0002380
sofa 0 0 -10 348.27 8.05 583.51 142.99 0.0002316
chair 0 0 -10 0.34 23.33 75.47 348.89 0.0002308
table 0 0 -10 1.70 2.88 29.36 92.50 0.0002246
table 0 0 -10 52.91 169.85 135.54 421.01 0.0002238
table 0 0 -10 30.46 152.41 97.15 414.42 0.0002206
toilet 0 0 -10 24.15 16.53 281.71 419.05 0.0002156
bed 0 0 -10 455.30 22.34 590.75 438.81 0.0001983
bookshelf 0 0 -10 28.92 9.22 299.80 412.59 0.0001953
dresser 0 0 -10 25.60 23.83 304.64 422.63 0.0001901
bathtub 0 0 -10 0.22 158.09 118.11 435.51 0.0001878
table 0 0 -10 0.00 1.59 64.20 106.31 0.0001833
bathtub 0 0 -10 82.10 0.00 591.00 89.83 0.0001816
chair 0 0 -10 122.97 0.00 441.54 120.59 0.0001801
chair 0 0 -10 0.00 0.00 46.16 92.52 0.0001797
sofa 0 0 -10 524.41 141.68 587.77 438.73 0.0001753
dresser 0 0 -10 335.61 4.01 589.95 155.31 0.0001715
table 0 0 -10 122.47 205.22 259.35 379.46 0.0001710
desk 0 0 -10 29.57 149.72 95.81 415.09 0.0001674
table 0 0 -10 473.51 82.26 587.95 441.00 0.0001655
