table 0 0 -10 154.39 321.63 305.34 441.00 0.5485129
chair 0 0 -10 390.14 350.85 585.02 441.00 0.5196782
desk 0 0 -10 155.38 322.04 301.78 436.70 0.3532988
table 0 0 -10 16.40 337.43 303.25 439.36 0.2380296
table 0 0 -10 411.07 346.36 587.15 439.10 0.1909142
table 0 0 -10 106.67 285.74 188.68 377.91 0.1872393
desk 0 0 -10 102.21 277.39 179.36 378.78 0.1527183
night_stand 0 0 -10 159.60 317.48 302.67 441.00 0.1055448
table 0 0 -10 355.15 424.94 452.61 440.84 0.0734266
table 0 0 -10 287.09 427.23 441.46 440.85 0.0599890
table 0 0 -10 98.85 307.43 203.43 402.92 0.0569509
table 0 0 -10 1.78 360.08 104.47 439.16 0.0546392
table 0 0 -10 96.15 248.13 184.80 419.63 0.0497471
table 0 0 -10 346.35 412.37 561.36 440.55 0.0490469
sofa 0 0 -10 380.93 347.08 586.30 441.00 0.0417705
table 0 0 -10 208.81 424.13 346.94 439.76 0.0417385
chair 0 0 -10 111.41 270.06 168.73 363.69 0.0405575
table 0 0 -10 8.12 348.11 168.84 441.00 0.0405014
desk 0 0 -10 99.93 201.19 183.03 395.74 0.0353173
table 0 0 -10 131.11 193.05 179.78 310.40 0.0335526
table 0 0 -10 267.77 414.96 461.43 440.63 0.0311072
desk 0 0 -10 109.74 315.37 188.71 373.64 0.0308499
chair 0 0 -10 209.45 409.82 266.63 440.33 0.0250647
table 0 0 -10 102.99 335.11 225.25 439.27 0.0220027
bed 0 0 -10 376.50 334.06 585.26 437.84 0.0214273
desk 0 0 -10 102.65 303.76 197.29 411.23 0.0208979
chair 0 0 -10 111.41 138.05 184.19 341.17 0.0199256
table 0 0 -10 102.92 265.74 172.85 307.94 0.0170763
desk 0 0 -10 410.54 346.79 589.95 441.00 0.0163420
table 0 0 -10 105.76 275.33 174.75 331.63 0.0158912
chair 0 0 -10 105.61 219.60 180.42 358.92 0.0156721
chair 0 0 -10 131.82 265.45 180.74 331.76 0.0154082
night_stand 0 0 -10 124.86 195.61 181.36 269.99 0.0152565
dresser 0 0 -10 143.78 322.14 303.05 441.00 0.0148222
desk 0 0 -10 7.82 334.25 316.63 441.00 0.0136838
chair 0 0 -10 109.81 264.41 173.24 315.83 0.0133272
desk 0 0 -10 126.06 196.02 181.52 273.46 0.0120427
table 0 0 -10 360.99 391.76 578.68 437.73 0.0119339
table 0 0 -10 277.11 422.84 344.65 440.81 0.0118082
desk 0 0 -10 101.27 282.73 174.09 335.72 0.0117496
table 0 0 -10 203.25 411.14 262.00 441.00 0.0117161
table 0 0 -10 191.96 328.22 538.50 439.29 0.0116097
table 0 0 -10 95.29 318.94 164.63 440.55 0.0115215
desk 0 0 -10 104.36 232.80 181.39 324.08 0.0115087
table 0 0 -10 109.60 149.21 185.14 349.60 0.0114406
table 0 0 -10 31.90 410.48 275.70 440.52 0.0113281
chair 0 0 -10 350.02 410.84 562.03 441.00 0.0111177
chair 0 0 -10 356.06 424.34 460.86 441.00 0.0108684
table 0 0 -10 123.47 193.48 187.98 257.89 0.0108283
chair 0 0 -10 125.18 195.71 181.22 271.10 0.0106251
desk 0 0 -10 204.34 423.46 353.32 440.01 0.0106135
table 0 0 -10 119.63 314.10 174.17 391.59 0.0101952
table 0 0 -10 103.41 280.26 268.89 415.18 0.0097778
desk 0 0 -10 103.32 266.01 172.99 307.02 0.0094277
desk 0 0 -10 177.27 324.74 553.04 439.43 0.0093034
table 0 0 -10 52.47 391.43 208.26 440.64 0.0091176
chair 0 0 -10 252.89 331.93 583.12 441.00 0.0090913
night_stand 0 0 -10 110.08 315.72 190.45 372.56 0.0090499
table 0 0 -10 358.44 431.43 436.12 440.41 0.0083991
table 0 0 -10 99.21 376.55 190.38 441.00 0.0073877
bed 0 0 -10 332.27 423.32 428.10 441.00 0.0073584
table 0 0 -10 379.81 419.69 582.13 434.26 0.0073116
table 0 0 -10 0.32 333.02 129.42 411.49 0.0072417
table 0 0 -10 132.72 379.00 462.79 440.43 0.0070359
bookshelf 0 0 -10 126.48 134.84 183.73 318.12 0.0067866
table 0 0 -10 354.85 429.18 576.47 440.97 0.0064613
desk 0 0 -10 120.00 166.73 179.95 311.62 0.0062050
table 0 0 -10 181.44 404.48 341.57 440.71 0.0061453
bed 0 0 -10 359.89 423.45 503.87 441.00 0.0058437
chair 0 0 -10 274.70 409.67 340.80 440.18 0.0057262
table 0 0 -10 219.79 431.00 327.56 440.88 0.0056554
chair 0 0 -10 92.15 282.26 203.10 413.30 0.0056224
chair 0 0 -10 194.56 407.58 347.30 440.09 0.0055160
chair 0 0 -10 276.48 414.04 472.54 441.00 0.0054396
table 0 0 -10 7.91 393.75 135.63 441.00 0.0054100
chair 0 0 -10 102.80 300.05 193.91 374.50 0.0053250
table 0 0 -10 207.02 429.40 259.53 440.51 0.0052298
table 0 0 -10 261.22 417.27 320.02 440.42 0.0052207
table 0 0 -10 130.12 375.86 302.27 438.88 0.0050907
sofa 0 0 -10 343.93 401.38 556.88 440.23 0.0050457
chair 0 0 -10 6.82 355.51 254.26 441.00 0.0050243
dresser 0 0 -10 98.77 279.07 186.44 370.28 0.0046897
table 0 0 -10 223.00 419.37 306.63 440.66 0.0046198
chair 0 0 -10 120.19 251.73 197.48 387.19 0.0046039
night_stand 0 0 -10 119.87 169.21 179.90 307.02 0.0045535
chair 0 0 -10 123.12 322.49 266.76 438.54 0.0045335
chair 0 0 -10 100.47 279.14 161.10 338.53 0.0044257
chair 0 0 -10 86.63 349.04 212.19 440.61 0.0043868
dresser 0 0 -10 126.08 142.05 184.14 316.43 0.0043771
bed 0 0 -10 362.26 387.17 583.76 438.17 0.0043572
table 0 0 -10 119.19 269.86 164.58 354.44 0.0043565
table 0 0 -10 102.29 227.70 183.80 311.96 0.0041871
chair 0 0 -10 202.73 380.71 282.77 441.00 0.0041585
desk 0 0 -10 294.54 418.72 433.29 439.83 0.0039836
dresser 0 0 -10 98.21 191.66 184.92 396.08 0.0039726
table 0 0 -10 0.13 292.82 144.64 433.50 0.0038801
dresser 0 0 -10 126.20 198.21 181.10 270.34 0.0038215
table 0 0 -10 196.68 437.54 263.25 441.00 0.0037826
chair 0 0 -10 404.73 268.38 591.00 440.03 0.0037746
desk 0 0 -10 275.35 421.74 345.81 440.77 0.0036688
