chair 0 0 -10 56.70 34.90 149.88 161.55 0.9502533
table 0 0 -10 418.64 142.60 590.63 337.93 0.9220837
chair 0 0 -10 509.48 258.76 591.00 439.34 0.9183156
chair 0 0 -10 10.93 138.04 205.15 441.00 0.8838664
chair 0 0 -10 0.00 76.89 76.50 256.38 0.8625689
table 0 0 -10 526.36 184.04 591.00 331.53 0.8527461
table 0 0 -10 0.30 144.09 107.35 441.00 0.8490955
chair 0 0 -10 0.67 43.69 52.84 157.88 0.6634882
chair 0 0 -10 10.85 137.68 126.80 339.78 0.6210275
chair 0 0 -10 0.00 43.48 38.96 283.23 0.4945038
table 0 0 -10 499.09 159.74 591.00 401.89 0.4114084
chair 0 0 -10 525.23 199.35 590.71 334.12 0.1748124
sofa 0 0 -10 508.44 271.46 591.00 441.00 0.1263326
chair 0 0 -10 14.14 43.38 123.66 230.78 0.1104453
desk 0 0 -10 533.03 182.27 591.00 320.43 0.1019848
table 0 0 -10 0.00 165.08 204.08 425.00 0.0888329
desk 0 0 -10 0.99 157.51 172.73 441.00 0.0886136
table 0 0 -10 0.00 215.36 121.00 366.41 0.0825188
desk 0 0 -10 421.64 145.67 587.33 347.62 0.0777048
chair 0 0 -10 3.06 203.11 124.44 438.79 0.0566915
desk 0 0 -10 1.23 160.38 93.36 403.02 0.0439414
chair 0 0 -10 2.28 111.54 87.46 396.93 0.0421338
table 0 0 -10 0.00 164.38 63.16 393.96 0.0372975
desk 0 0 -10 522.47 164.20 590.74 410.85 0.0356333
table 0 0 -10 3.88 115.40 128.13 314.86 0.0303022
table 0 0 -10 0.00 115.97 27.67 374.42 0.0286394
chair 0 0 -10 0.41 101.49 46.80 353.89 0.0272472
chair 0 0 -10 460.70 217.64 587.74 391.92 0.0259714
chair 0 0 -10 104.06 153.08 216.95 423.01 0.0253274
chair 0 0 -10 9.38 136.77 98.24 254.49 0.0238078
chair 0 0 -10 416.65 257.09 591.00 441.00 0.0182135
table 0 0 -10 10.17 138.69 570.12 427.58 0.0169339
table 0 0 -10 552.11 165.70 591.00 376.28 0.0166190
table 0 0 -10 522.54 256.30 589.70 439.12 0.0163378
sofa 0 0 -10 552.79 288.66 590.26 435.67 0.0149792
table 0 0 -10 2.72 283.16 144.00 441.00 0.0125096
table 0 0 -10 521.93 146.18 589.95 280.49 0.0121965
chair 0 0 -10 2.20 45.75 101.75 154.88 0.0114193
chair 0 0 -10 2.77 55.88 21.33 329.88 0.0112812
night_stand 0 0 -10 523.70 174.30 591.00 328.07 0.0107406
chair 0 0 -10 561.32 240.80 590.58 430.50 0.0102699
table 0 0 -10 430.08 128.89 587.38 247.63 0.0100464
chair 0 0 -10 419.15 164.37 582.85 345.32 0.0100167
chair 0 0 -10 0.36 61.49 30.90 178.62 0.0094367
chair 0 0 -10 1.56 54.63 42.76 126.69 0.0089724
table 0 0 -10 2.23 163.00 91.46 273.12 0.0087171
chair 0 0 -10 60.53 68.76 144.28 130.13 0.0084973
chair 0 0 -10 536.52 180.26 590.07 289.11 0.0071294
table 0 0 -10 556.89 295.10 589.86 434.87 0.0070925
sofa 0 0 -10 0.00 100.82 47.11 231.16 0.0067996
table 0 0 -10 389.44 116.59 528.73 270.04 0.0066188
sofa 0 0 -10 525.40 173.86 591.00 329.66 0.0063726
table 0 0 -10 308.28 119.05 565.65 339.32 0.0061300
chair 0 0 -10 553.66 190.17 590.87 383.03 0.0059763
table 0 0 -10 1.90 73.40 39.41 221.91 0.0058093
chair 0 0 -10 39.03 72.37 166.70 274.89 0.0055845
chair 0 0 -10 2.35 288.05 210.04 439.01 0.0053664
sofa 0 0 -10 0.45 45.59 49.07 151.49 0.0049992
desk 0 0 -10 1.32 72.98 38.65 219.70 0.0049639
chair 0 0 -10 20.38 39.95 62.64 151.04 0.0049437
table 0 0 -10 392.09 181.55 582.92 421.27 0.0045036
table 0 0 -10 555.82 144.07 591.00 257.85 0.0042954
sofa 0 0 -10 440.08 210.80 591.00 435.58 0.0042135
chair 0 0 -10 549.36 255.89 589.33 338.56 0.0041972
table 0 0 -10 11.78 208.00 78.55 304.93 0.0041652
table 0 0 -10 60.91 85.30 158.20 157.67 0.0038942
table 0 0 -10 4.23 73.67 20.22 344.31 0.0038146
bed 0 0 -10 524.79 173.21 590.44 330.68 0.0037683
table 0 0 -10 1.73 48.66 46.01 153.34 0.0036742
chair 0 0 -10 7.35 183.89 82.71 326.14 0.0036677
chair 0 0 -10 500.64 115.94 585.73 310.21 0.0035990
table 0 0 -10 463.25 234.59 584.55 431.50 0.0033423
desk 0 0 -10 0.00 111.25 26.31 371.25 0.0033075
chair 0 0 -10 0.73 283.24 61.65 441.00 0.0031568
chair 0 0 -10 551.97 157.78 591.00 265.50 0.0031001
table 0 0 -10 1.27 80.96 82.98 250.81 0.0030758
toilet 0 0 -10 524.11 171.31 589.88 328.09 0.0029187
chair 0 0 -10 2.25 229.44 77.16 381.05 0.0028732
table 0 0 -10 299.76 109.59 499.00 268.19 0.0028354
desk 0 0 -10 4.11 136.00 580.00 433.54 0.0026313
chair 0 0 -10 25.09 226.45 557.22 441.00 0.0025898
table 0 0 -10 23.04 56.73 138.56 231.49 0.0024431
bookshelf 0 0 -10 525.70 158.99 590.06 327.53 0.0023997
dresser 0 0 -10 524.59 172.80 590.83 328.39 0.0023949
table 0 0 -10 555.67 300.26 590.68 334.85 0.0023116
bathtub 0 0 -10 523.78 171.00 590.99 322.60 0.0022490
desk 0 0 -10 4.75 114.98 123.51 315.20 0.0020619
chair 0 0 -10 105.07 251.72 248.40 441.00 0.0020054
desk 0 0 -10 492.75 280.93 589.03 441.00 0.0019899
sofa 0 0 -10 4.00 64.89 25.92 291.78 0.0017754
table 0 0 -10 2.15 140.65 14.35 385.33 0.0017327
bed 0 0 -10 517.19 252.79 590.47 441.00 0.0016613
table 0 0 -10 538.95 230.63 591.00 320.04 0.0016274
chair 0 0 -10 1.78 150.99 74.25 233.31 0.0016148
chair 0 0 -10 0.34 65.50 15.80 240.10 0.0016135
chair 0 0 -10 2.70 38.42 51.54 100.60 0.0015594
dresser 0 0 -10 0.00 154.19 178.34 441.00 0.0015325
table 0 0 -10 116.85 157.59 225.90 403.28 0.0015202
desk 0 0 -10 547.28 215.23 590.69 432.10 0.0015159
sofa 0 0 -10 2.58 132.94 196.93 436.87 0.0014154
