chair 0 0 -10 196.49 38.46 381.95 264.72 0.9812711
table 0 0 -10 0.00 2.45 264.96 247.10 0.9471282
chair 0 0 -10 0.00 154.51 163.59 437.71 0.9328619
chair 0 0 -10 237.91 2.14 365.50 81.43 0.9143414
chair 0 0 -10 540.31 63.72 590.36 225.12 0.8268732
chair 0 0 -10 225.01 8.17 369.14 174.96 0.7232568
chair 0 0 -10 0.00 147.53 100.33 384.90 0.3611969
desk 0 0 -10 0.00 0.00 256.46 266.71 0.3020962
chair 0 0 -10 332.07 0.00 415.48 76.12 0.2326431
chair 0 0 -10 294.02 0.00 387.21 85.05 0.1643806
chair 0 0 -10 0.00 82.99 181.58 316.97 0.1479698
chair 0 0 -10 133.28 31.25 354.78 193.20 0.1133482
chair 0 0 -10 170.80 0.00 404.54 70.67 0.1096341
table 0 0 -10 382.95 2.82 589.99 118.30 0.1011333
chair 0 0 -10 267.59 0.00 378.74 126.97 0.0984092
table 0 0 -10 400.06 1.03 591.00 63.03 0.0912552
table 0 0 -10 13.68 31.41 382.59 379.61 0.0832549
table 0 0 -10 0.00 165.14 159.06 392.19 0.0827780
table 0 0 -10 115.26 4.88 321.33 155.86 0.0749139
chair 0 0 -10 235.54 1.29 332.71 53.85 0.0633120
chair 0 0 -10 272.60 29.43 377.75 226.32 0.0608483
chair 0 0 -10 0.72 137.45 107.32 276.59 0.0577773
chair 0 0 -10 209.13 0.00 318.60 78.92 0.0570215
chair 0 0 -10 67.09 33.15 355.91 277.56 0.0562172
chair 0 0 -10 529.12 51.00 591.00 330.02 0.0480015
chair 0 0 -10 15.17 21.47 247.40 254.88 0.0477010
table 0 0 -10 20.53 1.51 261.09 125.10 0.0472373
chair 0 0 -10 10.50 87.31 266.58 392.85 0.0455321
desk 0 0 -10 16.13 32.44 383.51 393.28 0.0394426
table 0 0 -10 100.67 0.73 287.13 99.08 0.0357701
table 0 0 -10 8.57 90.42 226.56 355.10 0.0337272
table 0 0 -10 0.00 133.11 87.71 364.84 0.0316255
table 0 0 -10 0.00 62.27 128.20 278.23 0.0261782
chair 0 0 -10 360.72 0.77 397.47 69.26 0.0201020
chair 0 0 -10 118.08 15.92 264.09 172.42 0.0195963
desk 0 0 -10 11.18 92.26 225.12 371.21 0.0186774
desk 0 0 -10 0.00 163.69 158.72 399.37 0.0185583
desk 0 0 -10 78.68 17.26 355.75 277.94 0.0180934
table 0 0 -10 543.18 79.86 588.41 230.58 0.0173506
desk 0 0 -10 369.73 0.00 591.00 134.42 0.0172882
chair 0 0 -10 0.00 43.95 98.38 247.71 0.0169415
chair 0 0 -10 161.91 2.18 304.46 116.74 0.0158436
desk 0 0 -10 0.00 132.41 86.50 368.27 0.0151921
chair 0 0 -10 569.25 53.84 590.72 189.85 0.0140258
table 0 0 -10 177.36 0.00 297.19 77.63 0.0138406
table 0 0 -10 186.03 7.75 339.63 118.48 0.0133250
chair 0 0 -10 199.27 0.77 269.54 63.37 0.0132416
table 0 0 -10 1.12 189.81 123.97 308.37 0.0127716
chair 0 0 -10 10.13 127.31 162.87 254.77 0.0121546
table 0 0 -10 247.15 0.00 562.69 101.00 0.0121379
chair 0 0 -10 1.36 386.30 57.27 440.37 0.0118987
chair 0 0 -10 0.37 303.57 168.36 437.18 0.0112040
chair 0 0 -10 552.20 73.08 589.43 153.27 0.0099417
table 0 0 -10 94.71 42.33 359.16 265.27 0.0095464
chair 0 0 -10 15.54 12.61 187.37 174.37 0.0094997
chair 0 0 -10 306.51 0.00 315.88 71.36 0.0083478
chair 0 0 -10 473.59 32.42 591.00 227.25 0.0073018
table 0 0 -10 244.17 0.00 585.40 203.72 0.0070223
table 0 0 -10 235.60 3.79 360.52 81.71 0.0067956
chair 0 0 -10 3.21 352.12 110.76 441.00 0.0067061
chair 0 0 -10 292.71 0.00 347.30 61.05 0.0065594
chair 0 0 -10 562.70 61.12 590.14 133.71 0.0065101
desk 0 0 -10 82.42 6.49 272.06 190.96 0.0064709
chair 0 0 -10 342.77 0.00 374.42 68.70 0.0059210
desk 0 0 -10 0.33 65.08 124.59 286.60 0.0058791
desk 0 0 -10 242.84 0.00 591.00 208.01 0.0058117
desk 0 0 -10 543.96 77.26 588.97 231.59 0.0057373
sofa 0 0 -10 0.00 152.88 161.42 403.60 0.0055315
table 0 0 -10 7.50 213.70 219.16 433.12 0.0053676
chair 0 0 -10 0.68 162.08 50.42 431.49 0.0052586
table 0 0 -10 189.93 34.94 365.58 163.43 0.0052551
table 0 0 -10 522.65 40.84 589.77 197.15 0.0051309
chair 0 0 -10 1.15 103.12 60.51 296.10 0.0051142
chair 0 0 -10 2.91 409.51 76.22 440.47 0.0050127
chair 0 0 -10 372.59 3.24 385.99 64.54 0.0044295
chair 0 0 -10 184.27 2.12 478.81 146.15 0.0042721
chair 0 0 -10 577.50 55.99 590.02 141.76 0.0042017
table 0 0 -10 135.19 0.00 379.12 66.55 0.0039030
chair 0 0 -10 541.46 123.27 591.00 397.40 0.0039002
table 0 0 -10 0.33 215.05 82.55 434.97 0.0036018
chair 0 0 -10 314.56 0.00 382.29 56.37 0.0035372
bed 0 0 -10 0.00 154.57 161.50 405.24 0.0032982
table 0 0 -10 439.71 0.00 591.00 210.53 0.0028489
chair 0 0 -10 0.47 355.07 33.38 440.22 0.0027811
chair 0 0 -10 516.72 69.34 591.00 148.91 0.0027567
desk 0 0 -10 167.48 15.89 318.17 186.28 0.0027562
chair 0 0 -10 0.00 301.44 49.95 438.22 0.0026062
chair 0 0 -10 509.49 159.57 591.00 426.80 0.0023436
desk 0 0 -10 215.80 11.35 367.10 170.81 0.0022455
table 0 0 -10 331.65 0.28 413.78 80.56 0.0020946
chair 0 0 -10 21.01 0.44 223.70 112.21 0.0020668
chair 0 0 -10 367.83 0.28 377.87 52.52 0.0020473
chair 0 0 -10 0.44 398.05 139.91 441.00 0.0018308
table 0 0 -10 246.66 5.53 379.07 205.17 0.0018045
table 0 0 -10 2.50 387.21 57.27 441.00 0.0017896
chair 0 0 -10 136.14 0.00 261.66 76.29 0.0017345
chair 0 0 -10 249.18 0.00 305.33 43.93 0.0017116
table 0 0 -10 0.00 148.43 51.93 413.00 0.0016919
desk 0 0 -10 105.31 0.00 287.05 103.12 0.0016904
sofa 0 0 -10 539.34 66.80 591.00 233.02 0.0016871
