chair 0 0 -10 421.04 213.30 544.54 340.88 0.9772003
chair 0 0 -10 531.65 219.78 590.44 396.07 0.9015746
table 0 0 -10 430.74 373.00 591.00 441.00 0.8385929
table 0 0 -10 418.24 314.18 591.00 441.00 0.7388054
chair 0 0 -10 453.68 213.23 585.72 372.30 0.4140850
table 0 0 -10 144.96 301.45 581.70 441.00 0.2977092
table 0 0 -10 470.82 261.36 587.19 434.10 0.2180325
table 0 0 -10 275.40 360.91 591.00 441.00 0.1850343
chair 0 0 -10 385.15 215.07 589.70 421.43 0.1454386
chair 0 0 -10 555.49 227.04 590.55 374.84 0.0905912
desk 0 0 -10 439.91 375.39 591.00 441.00 0.0890699
chair 0 0 -10 7.90 306.09 227.00 441.00 0.0764259
night_stand 0 0 -10 3.24 313.87 75.64 436.73 0.0499810
desk 0 0 -10 444.38 248.86 584.52 441.00 0.0429736
chair 0 0 -10 365.40 340.81 586.19 437.92 0.0348714
table 0 0 -10 439.72 238.49 575.75 350.60 0.0300041
table 0 0 -10 2.42 311.75 77.33 441.00 0.0279368
chair 0 0 -10 543.72 101.76 591.00 386.64 0.0273582
table 0 0 -10 498.06 232.96 588.78 387.77 0.0246954
table 0 0 -10 541.00 248.28 589.80 385.68 0.0244254
dresser 0 0 -10 2.91 312.82 73.92 441.00 0.0236523
table 0 0 -10 375.67 262.21 560.65 430.81 0.0224366
chair 0 0 -10 220.82 244.90 586.77 431.61 0.0210928
chair 0 0 -10 409.45 209.03 495.35 359.20 0.0202000
chair 0 0 -10 158.34 345.36 571.74 440.47 0.0201006
desk 0 0 -10 20.50 287.35 591.00 441.00 0.0198012
desk 0 0 -10 328.12 336.59 582.14 441.00 0.0137758
bed 0 0 -10 48.47 312.19 591.00 440.35 0.0135414
chair 0 0 -10 488.84 155.43 591.00 415.12 0.0134966
chair 0 0 -10 1.40 298.22 89.11 438.05 0.0118657
desk 0 0 -10 289.33 248.26 581.82 441.00 0.0105670
desk 0 0 -10 541.63 245.62 589.86 386.00 0.0100378
desk 0 0 -10 1.67 311.00 72.25 437.49 0.0098440
chair 0 0 -10 448.28 207.39 507.26 336.42 0.0096413
table 0 0 -10 11.25 215.97 576.40 436.03 0.0082992
chair 0 0 -10 421.71 375.79 588.41 441.00 0.0080724
table 0 0 -10 1.37 304.94 29.66 441.00 0.0076710
chair 0 0 -10 452.46 269.43 589.92 431.41 0.0075626
desk 0 0 -10 410.25 255.75 562.78 367.83 0.0073736
desk 0 0 -10 444.37 232.80 575.50 338.58 0.0073226
chair 0 0 -10 35.72 329.81 445.16 438.68 0.0072310
chair 0 0 -10 314.75 272.50 534.81 427.52 0.0070748
chair 0 0 -10 256.02 388.55 548.85 441.00 0.0067164
night_stand 0 0 -10 2.82 313.61 27.30 434.49 0.0064816
bed 0 0 -10 430.78 374.06 591.00 441.00 0.0054740
table 0 0 -10 341.99 395.07 578.47 441.00 0.0051212
bookshelf 0 0 -10 0.44 311.16 73.76 440.55 0.0048877
chair 0 0 -10 509.63 242.93 591.00 349.43 0.0041679
desk 0 0 -10 213.36 311.07 532.87 441.00 0.0038235
table 0 0 -10 289.91 317.78 480.09 431.61 0.0038038
bed 0 0 -10 55.25 185.19 585.61 441.00 0.0037891
chair 0 0 -10 483.69 209.43 584.92 313.84 0.0036129
desk 0 0 -10 513.79 221.22 590.88 410.99 0.0034772
dresser 0 0 -10 1.25 311.54 32.85 433.19 0.0033493
bed 0 0 -10 340.25 336.74 582.16 440.92 0.0031782
table 0 0 -10 201.81 334.32 451.43 440.20 0.0030578
table 0 0 -10 431.12 164.77 591.00 428.57 0.0029737
table 0 0 -10 15.32 307.19 133.63 441.00 0.0028836
chair 0 0 -10 50.08 378.65 313.01 441.00 0.0027401
table 0 0 -10 557.50 253.19 589.94 349.68 0.0026708
chair 0 0 -10 1.44 307.43 45.02 439.11 0.0026489
table 0 0 -10 9.63 283.83 222.64 439.72 0.0026101
desk 0 0 -10 7.71 309.34 126.72 440.82 0.0024924
desk 0 0 -10 0.00 124.27 591.00 431.30 0.0024176
sofa 0 0 -10 545.44 216.32 591.00 385.60 0.0023298
chair 0 0 -10 397.74 267.22 551.40 397.09 0.0022836
chair 0 0 -10 522.71 194.27 587.75 301.93 0.0022693
table 0 0 -10 410.73 408.24 588.76 441.00 0.0022578
chair 0 0 -10 1.85 255.05 142.79 441.00 0.0022093
chair 0 0 -10 575.51 204.65 591.00 392.71 0.0021162
table 0 0 -10 0.42 310.51 14.43 441.00 0.0020017
sofa 0 0 -10 436.43 232.90 591.00 396.63 0.0019996
bathtub 0 0 -10 48.32 319.93 492.55 435.61 0.0019696
bathtub 0 0 -10 14.12 210.49 560.26 429.18 0.0018688
dresser 0 0 -10 14.91 306.83 136.96 438.33 0.0018283
desk 0 0 -10 0.88 309.85 33.18 434.12 0.0018161
bed 0 0 -10 3.09 307.50 75.24 441.00 0.0017638
bed 0 0 -10 1.27 308.14 34.38 436.41 0.0017501
night_stand 0 0 -10 6.98 316.19 17.85 434.07 0.0017321
chair 0 0 -10 493.09 361.53 591.00 438.46 0.0017013
table 0 0 -10 7.33 314.02 17.21 441.00 0.0015947
desk 0 0 -10 279.19 383.73 584.22 441.00 0.0015877
bathtub 0 0 -10 2.14 314.16 74.48 441.00 0.0015455
sofa 0 0 -10 55.07 192.99 590.34 441.00 0.0014785
chair 0 0 -10 3.10 307.55 23.21 441.00 0.0013930
bookshelf 0 0 -10 0.71 308.72 33.25 433.13 0.0013359
table 0 0 -10 377.70 308.27 546.75 391.05 0.0013129
chair 0 0 -10 17.75 210.11 547.46 435.41 0.0012353
sofa 0 0 -10 47.92 316.77 591.00 441.00 0.0012053
bed 0 0 -10 10.34 302.85 242.14 441.00 0.0011305
chair 0 0 -10 378.31 118.59 561.07 387.58 0.0011063
bed 0 0 -10 371.32 260.11 591.00 435.81 0.0010881
chair 0 0 -10 0.00 237.04 287.83 437.70 0.0010351
table 0 0 -10 513.64 367.99 591.00 437.64 0.0010095
sofa 0 0 -10 325.24 221.42 591.00 434.69 0.0009783
chair 0 0 -10 47.72 405.82 270.28 440.03 0.0009783
sofa 0 0 -10 404.28 368.08 591.00 441.00 0.0009577
desk 0 0 -10 484.16 264.21 586.06 386.41 0.0009256
table 0 0 -10 62.39 385.84 268.65 439.56 0.0008690
table 0 0 -10 4.88 0.46 582.42 394.57 0.0008658
