chair 0 0 -10 108.67 61.95 220.69 215.59 0.9695254
chair 0 0 -10 382.58 309.22 585.47 440.72 0.9561386
chair 0 0 -10 313.26 187.37 498.82 424.64 0.9547463
chair 0 0 -10 419.21 94.15 582.39 191.31 0.9527481
table 0 0 -10 344.48 176.06 591.00 441.00 0.9063842
table 0 0 -10 0.33 135.28 184.86 440.64 0.7896981
chair 0 0 -10 411.24 83.27 585.47 270.18 0.6702098
desk 0 0 -10 0.00 128.81 177.11 432.34 0.3473973
chair 0 0 -10 325.48 176.07 453.75 363.91 0.2265619
chair 0 0 -10 395.43 109.28 582.78 391.08 0.1095660
desk 0 0 -10 347.60 190.78 591.00 437.94 0.0901547
chair 0 0 -10 132.96 63.38 216.66 157.09 0.0852133
chair 0 0 -10 354.56 114.86 537.43 303.55 0.0741749
table 0 0 -10 406.68 121.93 591.00 202.35 0.0644402
chair 0 0 -10 247.69 282.00 545.36 440.80 0.0643519
table 0 0 -10 79.31 119.47 209.06 230.92 0.0640114
chair 0 0 -10 143.74 108.63 224.67 225.80 0.0432708
chair 0 0 -10 3.47 150.09 170.88 436.21 0.0418147
table 0 0 -10 1.54 273.31 133.29 441.00 0.0334627
chair 0 0 -10 472.73 110.16 589.24 303.77 0.0334611
table 0 0 -10 37.01 119.50 191.88 328.91 0.0314851
chair 0 0 -10 289.58 176.12 392.38 390.63 0.0307211
table 0 0 -10 424.37 149.31 590.09 293.92 0.0264273
chair 0 0 -10 104.09 58.91 177.89 188.76 0.0260820
table 0 0 -10 102.75 154.42 586.25 438.68 0.0240391
desk 0 0 -10 39.67 122.46 192.60 326.61 0.0233389
table 0 0 -10 152.56 146.73 213.83 221.74 0.0228625
chair 0 0 -10 368.46 269.90 504.19 440.80 0.0173605
desk 0 0 -10 92.34 111.44 216.27 263.26 0.0165477
table 0 0 -10 512.68 152.27 590.63 306.40 0.0158391
table 0 0 -10 468.01 167.89 590.53 431.12 0.0156605
table 0 0 -10 228.59 127.74 286.59 184.38 0.0156031
desk 0 0 -10 408.76 121.61 587.50 202.66 0.0145952
chair 0 0 -10 513.66 135.86 591.00 259.97 0.0113088
chair 0 0 -10 436.33 219.94 588.22 433.98 0.0102896
chair 0 0 -10 111.81 177.15 524.79 441.00 0.0096935
table 0 0 -10 320.41 269.54 529.72 441.00 0.0074666
table 0 0 -10 353.18 171.98 481.57 367.52 0.0065967
chair 0 0 -10 317.46 163.13 406.13 326.83 0.0057755
table 0 0 -10 133.82 161.70 204.74 247.03 0.0057384
chair 0 0 -10 154.54 142.90 218.51 200.72 0.0057305
table 0 0 -10 329.00 151.89 585.49 252.49 0.0051978
chair 0 0 -10 115.39 134.14 222.22 248.44 0.0051395
table 0 0 -10 381.42 298.14 583.85 441.00 0.0051280
chair 0 0 -10 293.18 228.25 427.27 435.53 0.0048668
chair 0 0 -10 38.06 63.03 178.45 205.33 0.0047355
chair 0 0 -10 10.23 295.64 141.94 441.00 0.0045314
bed 0 0 -10 372.71 137.54 591.00 436.33 0.0044103
table 0 0 -10 433.51 151.19 581.46 181.75 0.0041868
chair 0 0 -10 534.19 22.02 591.00 228.24 0.0041311
table 0 0 -10 123.48 176.64 215.46 224.19 0.0037353
chair 0 0 -10 445.29 125.18 587.66 229.40 0.0036867
chair 0 0 -10 367.51 27.92 567.75 180.64 0.0036710
chair 0 0 -10 433.89 123.68 581.52 173.04 0.0036613
sofa 0 0 -10 299.39 189.78 591.00 441.00 0.0031592
table 0 0 -10 391.35 84.76 585.51 183.97 0.0030941
chair 0 0 -10 82.44 96.27 210.79 283.17 0.0030666
table 0 0 -10 515.07 139.70 590.21 237.06 0.0030459
chair 0 0 -10 134.15 108.87 218.51 155.08 0.0028871
chair 0 0 -10 424.71 115.64 537.32 157.99 0.0028351
chair 0 0 -10 0.00 243.55 90.02 434.54 0.0027937
desk 0 0 -10 322.41 272.83 523.94 439.79 0.0027692
desk 0 0 -10 354.11 138.15 589.90 268.62 0.0027202
table 0 0 -10 549.35 165.90 590.47 423.47 0.0026225
table 0 0 -10 134.65 104.95 227.08 218.20 0.0026211
chair 0 0 -10 297.95 75.38 578.91 194.78 0.0026027
chair 0 0 -10 36.54 272.39 202.78 441.00 0.0025881
bookshelf 0 0 -10 415.35 37.65 569.80 175.89 0.0025270
desk 0 0 -10 6.29 140.16 499.06 441.00 0.0023737
table 0 0 -10 16.50 124.91 405.55 436.88 0.0023492
table 0 0 -10 432.37 134.42 583.47 174.44 0.0022619
chair 0 0 -10 521.19 75.92 591.00 329.43 0.0022146
bed 0 0 -10 6.27 125.58 184.29 441.00 0.0021212
sofa 0 0 -10 421.65 93.19 583.43 186.06 0.0020917
chair 0 0 -10 201.68 144.85 459.05 307.07 0.0020435
table 0 0 -10 281.28 191.33 495.08 430.31 0.0020351
desk 0 0 -10 391.15 83.68 588.47 185.90 0.0020234
table 0 0 -10 119.47 134.92 224.26 264.58 0.0019867
chair 0 0 -10 94.28 43.57 279.61 185.20 0.0019326
chair 0 0 -10 412.94 148.42 573.54 180.18 0.0017938
chair 0 0 -10 89.86 131.82 223.36 364.96 0.0017751
table 0 0 -10 218.14 147.11 285.22 194.93 0.0017422
table 0 0 -10 298.95 113.04 586.34 328.71 0.0017235
dresser 0 0 -10 5.41 139.74 182.51 441.00 0.0016064
chair 0 0 -10 229.37 120.32 291.63 189.10 0.0015882
table 0 0 -10 0.26 322.82 65.25 441.00 0.0015486
desk 0 0 -10 154.04 146.18 213.79 222.61 0.0015141
desk 0 0 -10 2.67 270.74 137.74 441.00 0.0014785
desk 0 0 -10 301.67 200.84 456.56 389.89 0.0014587
table 0 0 -10 376.58 61.24 586.46 277.73 0.0014245
table 0 0 -10 534.34 157.57 590.33 171.76 0.0014117
chair 0 0 -10 145.06 160.41 218.61 224.51 0.0013460
sofa 0 0 -10 7.03 139.68 185.97 438.41 0.0012906
desk 0 0 -10 388.41 314.20 550.60 439.41 0.0012391
chair 0 0 -10 506.06 83.34 585.67 180.86 0.0012278
night_stand 0 0 -10 2.66 133.56 191.14 441.00 0.0012205
table 0 0 -10 496.53 105.09 589.19 200.21 0.0011164
desk 0 0 -10 58.76 146.18 192.84 247.35 0.0011016
chair 0 0 -10 167.14 117.29 222.08 194.28 0.0010548
desk 0 0 -10 116.10 79.29 221.80 221.00 0.0010398
