chair 0 0 -10 12.70 190.78 304.74 433.58 0.9824698
chair 0 0 -10 0.38 46.94 140.83 200.68 0.9531981
table 0 0 -10 240.96 39.03 591.00 291.58 0.9467688
chair 0 0 -10 62.82 62.53 269.26 285.21 0.9036108
table 0 0 -10 0.00 76.30 307.29 431.19 0.8318617
chair 0 0 -10 60.01 64.62 255.97 169.04 0.6578082
chair 0 0 -10 1.15 54.25 124.93 130.45 0.4173090
chair 0 0 -10 8.54 73.52 134.20 356.81 0.2712345
chair 0 0 -10 32.35 29.44 192.98 231.46 0.2575911
table 0 0 -10 2.96 47.64 265.01 296.78 0.2288572
desk 0 0 -10 238.97 41.01 589.93 293.75 0.1929554
table 0 0 -10 0.00 35.33 191.86 202.38 0.1500526
chair 0 0 -10 135.98 150.35 306.12 338.70 0.1290299
table 0 0 -10 4.76 22.47 263.63 148.46 0.1159448
desk 0 0 -10 0.00 96.60 286.46 433.41 0.1051396
table 0 0 -10 538.01 92.33 589.73 349.52 0.0559545
table 0 0 -10 0.00 55.58 113.78 355.49 0.0524438
chair 0 0 -10 3.91 243.14 204.08 438.94 0.0487925
chair 0 0 -10 109.53 178.94 392.24 441.00 0.0461352
table 0 0 -10 1.05 4.57 216.01 107.30 0.0362808
table 0 0 -10 0.00 44.59 94.29 201.04 0.0348022
chair 0 0 -10 565.25 250.68 590.70 345.71 0.0329600
chair 0 0 -10 21.87 318.08 261.53 438.34 0.0232947
chair 0 0 -10 1.40 172.10 165.71 397.58 0.0226032
table 0 0 -10 3.19 213.23 203.07 441.00 0.0215825
table 0 0 -10 82.85 67.41 513.76 405.30 0.0215200
desk 0 0 -10 2.86 50.48 263.07 300.01 0.0212009
chair 0 0 -10 0.00 34.29 82.99 162.46 0.0193857
chair 0 0 -10 170.11 136.60 497.53 434.51 0.0168286
desk 0 0 -10 3.62 23.37 267.99 154.53 0.0147015
chair 0 0 -10 4.11 328.89 147.32 441.00 0.0129048
chair 0 0 -10 0.00 33.17 76.08 373.43 0.0123642
table 0 0 -10 0.00 51.66 175.17 137.24 0.0120559
chair 0 0 -10 134.31 29.83 321.93 319.32 0.0117152
desk 0 0 -10 0.00 36.78 191.97 211.26 0.0111023
chair 0 0 -10 111.56 50.91 221.58 159.83 0.0105044
chair 0 0 -10 19.71 17.03 174.81 127.31 0.0100935
table 0 0 -10 0.00 19.24 111.72 112.81 0.0084596
chair 0 0 -10 260.03 69.23 578.99 333.77 0.0084382
chair 0 0 -10 549.23 245.38 591.00 420.58 0.0083191
table 0 0 -10 0.30 59.70 107.04 129.06 0.0078781
chair 0 0 -10 570.49 270.56 591.00 381.62 0.0071463
table 0 0 -10 40.49 54.55 235.56 171.87 0.0070787
chair 0 0 -10 146.60 7.45 281.36 129.57 0.0070518
table 0 0 -10 6.03 307.27 279.99 440.67 0.0068523
table 0 0 -10 39.28 153.09 294.81 361.04 0.0066139
table 0 0 -10 562.65 102.40 589.50 356.96 0.0060623
chair 0 0 -10 45.50 52.79 235.00 129.63 0.0060386
chair 0 0 -10 562.70 290.12 590.60 355.36 0.0058904
table 0 0 -10 0.84 50.55 49.52 325.18 0.0055409
chair 0 0 -10 0.06 36.04 52.11 234.87 0.0051943
chair 0 0 -10 1.05 24.07 120.87 101.55 0.0051178
chair 0 0 -10 563.82 101.37 590.25 360.97 0.0051147
desk 0 0 -10 2.56 3.10 218.35 109.86 0.0050335
table 0 0 -10 547.67 244.51 589.67 416.30 0.0049635
table 0 0 -10 561.60 258.59 589.95 370.04 0.0047319
table 0 0 -10 98.17 18.03 515.37 243.22 0.0046922
desk 0 0 -10 78.18 56.03 530.88 420.17 0.0046372
desk 0 0 -10 539.22 87.35 589.99 356.64 0.0045900
table 0 0 -10 458.81 88.17 585.97 313.09 0.0045326
chair 0 0 -10 198.37 157.98 347.32 333.34 0.0040909
chair 0 0 -10 42.87 2.57 312.68 140.55 0.0038394
chair 0 0 -10 570.19 300.67 590.31 333.73 0.0038017
desk 0 0 -10 1.69 217.11 203.35 437.15 0.0037126
chair 0 0 -10 540.45 90.06 590.87 363.58 0.0035761
chair 0 0 -10 23.81 285.80 497.32 441.00 0.0034613
table 0 0 -10 569.19 300.59 590.18 355.55 0.0032480
table 0 0 -10 130.68 126.25 314.05 313.75 0.0032394
sofa 0 0 -10 2.62 48.87 295.08 309.38 0.0031614
chair 0 0 -10 547.84 265.26 590.58 353.48 0.0030727
chair 0 0 -10 2.69 53.67 105.32 98.81 0.0030447
sofa 0 0 -10 0.00 54.80 126.25 199.14 0.0028632
desk 0 0 -10 85.81 78.84 299.77 343.93 0.0027584
chair 0 0 -10 264.47 0.00 278.04 62.16 0.0026759
chair 0 0 -10 7.41 72.08 113.26 113.40 0.0025159
sofa 0 0 -10 0.00 161.93 308.61 441.00 0.0024728
bed 0 0 -10 0.00 51.68 301.71 407.08 0.0024561
table 0 0 -10 2.02 260.27 152.53 412.77 0.0024531
bed 0 0 -10 238.19 18.67 588.50 293.99 0.0024489
desk 0 0 -10 0.17 44.59 112.10 179.08 0.0023937
table 0 0 -10 545.56 202.00 589.00 355.78 0.0022439
chair 0 0 -10 524.65 216.47 590.01 345.58 0.0022403
desk 0 0 -10 63.28 38.79 256.87 218.03 0.0022355
bed 0 0 -10 0.74 45.12 120.36 225.89 0.0022062
chair 0 0 -10 0.00 22.58 55.25 123.70 0.0021558
chair 0 0 -10 562.41 275.81 589.52 328.10 0.0021403
chair 0 0 -10 68.85 38.34 189.14 149.56 0.0020669
table 0 0 -10 566.41 303.26 590.06 426.44 0.0019898
chair 0 0 -10 570.17 182.79 591.00 353.36 0.0019468
table 0 0 -10 571.01 314.80 589.90 345.14 0.0019071
table 0 0 -10 0.00 31.03 60.42 128.96 0.0018370
chair 0 0 -10 516.38 237.10 590.33 434.75 0.0018171
chair 0 0 -10 175.19 0.56 288.24 89.74 0.0017105
sofa 0 0 -10 21.29 55.49 256.46 179.35 0.0017103
chair 0 0 -10 28.86 2.71 243.85 93.55 0.0016720
chair 0 0 -10 1.81 371.69 201.89 439.47 0.0016426
table 0 0 -10 245.87 58.07 431.80 305.37 0.0015155
table 0 0 -10 0.00 1.28 290.96 66.27 0.0014910
table 0 0 -10 72.04 44.91 304.82 202.08 0.0014775
table 0 0 -10 254.55 18.67 569.62 158.28 0.0014743
