sofa 0 0 -10 1.12 143.37 369.08 441.00 0.9071409
chair 0 0 -10 198.30 247.62 401.64 439.62 0.2890166
table 0 0 -10 193.60 267.25 398.14 440.64 0.2448265
chair 0 0 -10 7.57 159.22 367.11 434.60 0.2373641
sofa 0 0 -10 3.44 130.36 190.95 440.76 0.1896484
chair 0 0 -10 89.92 340.94 381.23 441.00 0.0377128
table 0 0 -10 62.57 208.29 389.50 441.00 0.0345669
table 0 0 -10 517.84 156.19 590.01 389.50 0.0209492
sofa 0 0 -10 0.00 339.17 363.09 437.10 0.0180239
table 0 0 -10 92.92 320.38 374.43 438.71 0.0157266
sofa 0 0 -10 4.91 212.11 144.83 370.78 0.0137904
chair 0 0 -10 519.22 150.71 590.83 400.04 0.0119660
chair 0 0 -10 221.80 329.54 396.47 440.17 0.0118125
chair 0 0 -10 26.67 272.42 331.44 437.22 0.0116230
desk 0 0 -10 194.31 261.97 401.56 439.98 0.0108362
sofa 0 0 -10 129.91 247.01 400.19 441.00 0.0083578
chair 0 0 -10 217.21 199.65 504.05 439.56 0.0078147
sofa 0 0 -10 521.25 151.00 590.18 401.45 0.0071536
chair 0 0 -10 37.27 375.58 323.88 437.88 0.0055087
desk 0 0 -10 84.38 320.97 374.12 436.43 0.0044967
desk 0 0 -10 44.15 200.70 391.88 439.69 0.0040044
bed 0 0 -10 518.61 148.94 591.00 399.48 0.0035946
chair 0 0 -10 2.09 131.26 200.60 437.27 0.0033030
table 0 0 -10 28.31 372.67 294.96 440.08 0.0031242
table 0 0 -10 30.09 108.78 540.68 429.44 0.0030333
sofa 0 0 -10 1.96 87.93 142.53 347.08 0.0027295
sofa 0 0 -10 2.31 131.02 72.71 440.60 0.0021806
sofa 0 0 -10 51.94 374.01 321.90 441.00 0.0021527
table 0 0 -10 0.63 227.95 86.19 440.77 0.0020385
bed 0 0 -10 17.94 188.98 395.44 436.19 0.0019215
sofa 0 0 -10 470.70 146.58 587.64 439.47 0.0017006
chair 0 0 -10 179.92 187.39 409.28 384.57 0.0014236
table 0 0 -10 261.85 144.98 581.03 412.05 0.0013870
chair 0 0 -10 276.92 285.47 430.22 441.00 0.0011861
desk 0 0 -10 519.95 148.82 591.00 400.19 0.0010489
desk 0 0 -10 46.06 100.23 587.47 439.20 0.0009340
night_stand 0 0 -10 190.03 303.43 403.21 436.81 0.0009089
table 0 0 -10 510.66 208.58 586.77 336.50 0.0008444
sofa 0 0 -10 270.64 150.16 591.00 416.57 0.0007266
sofa 0 0 -10 566.07 153.53 590.13 439.56 0.0007097
table 0 0 -10 0.00 273.30 48.29 437.32 0.0007069
table 0 0 -10 454.90 141.20 582.63 415.49 0.0005694
toilet 0 0 -10 187.55 263.38 405.03 441.00 0.0005353
chair 0 0 -10 433.18 150.58 588.42 437.10 0.0005204
chair 0 0 -10 264.38 313.41 556.41 440.70 0.0005196
sofa 0 0 -10 0.00 11.39 591.00 389.08 0.0004957
sofa 0 0 -10 1.03 153.43 35.43 415.78 0.0004894
bed 0 0 -10 197.65 259.63 397.29 438.59 0.0004869
chair 0 0 -10 286.20 153.66 585.55 410.47 0.0004754
bed 0 0 -10 0.00 4.42 591.00 393.39 0.0004269
toilet 0 0 -10 32.51 188.06 380.37 441.00 0.0003936
table 0 0 -10 295.87 282.26 419.12 441.00 0.0003630
bookshelf 0 0 -10 37.88 174.54 378.70 435.44 0.0003545
table 0 0 -10 36.53 136.16 383.77 366.42 0.0003424
chair 0 0 -10 1.67 141.28 107.22 395.55 0.0003410
table 0 0 -10 13.78 296.85 304.89 435.84 0.0003380
bed 0 0 -10 0.00 341.50 364.74 436.04 0.0003276
dresser 0 0 -10 190.94 266.99 404.97 439.72 0.0003261
table 0 0 -10 3.33 241.83 139.45 367.65 0.0003141
bathtub 0 0 -10 185.93 265.12 408.70 439.05 0.0002976
sofa 0 0 -10 0.67 153.24 92.58 323.88 0.0002737
dresser 0 0 -10 519.14 147.26 590.49 389.51 0.0002628
night_stand 0 0 -10 43.22 276.59 350.60 439.25 0.0002593
bookshelf 0 0 -10 193.69 254.06 403.10 440.89 0.0002403
dresser 0 0 -10 30.44 188.42 379.72 437.81 0.0002363
desk 0 0 -10 22.46 372.02 300.27 439.32 0.0002344
chair 0 0 -10 152.12 100.78 562.13 435.92 0.0002335
table 0 0 -10 180.96 152.97 463.03 393.95 0.0002175
chair 0 0 -10 2.20 148.78 47.23 432.65 0.0001922
bathtub 0 0 -10 520.79 149.18 591.00 365.45 0.0001808
night_stand 0 0 -10 102.63 343.34 364.50 440.90 0.0001789
table 0 0 -10 546.91 187.80 588.49 437.93 0.0001745
bed 0 0 -10 23.20 374.35 305.98 441.00 0.0001720
sofa 0 0 -10 538.36 232.86 589.76 292.62 0.0001669
table 0 0 -10 1.65 328.28 74.96 438.21 0.0001637
sofa 0 0 -10 2.08 159.89 57.25 287.47 0.0001557
table 0 0 -10 241.12 261.57 554.73 438.95 0.0001542
table 0 0 -10 6.97 151.26 259.93 413.48 0.0001490
bathtub 0 0 -10 42.19 196.84 380.35 432.34 0.0001477
sofa 0 0 -10 523.34 242.07 589.26 326.97 0.0001433
table 0 0 -10 149.62 254.07 286.88 395.97 0.0001351
chair 0 0 -10 141.40 397.10 367.36 440.61 0.0001298
chair 0 0 -10 0.00 23.21 591.00 379.73 0.0001286
sofa 0 0 -10 578.44 152.94 590.66 441.00 0.0001282
chair 0 0 -10 98.33 390.97 324.51 428.47 0.0001258
table 0 0 -10 0.00 13.31 134.19 288.63 0.0001226
sofa 0 0 -10 208.40 305.00 402.01 439.30 0.0001111
dresser 0 0 -10 81.34 322.51 388.27 438.62 0.0001109
table 0 0 -10 277.19 210.12 450.91 436.88 0.0001056
table 0 0 -10 0.00 202.71 27.57 439.72 0.0001040
table 0 0 -10 0.00 144.57 127.81 388.88 0.0001031
chair 0 0 -10 0.55 272.10 54.24 441.00 0.0000987
toilet 0 0 -10 41.95 284.94 322.64 440.56 0.0000981
bookshelf 0 0 -10 17.74 17.28 440.74 403.30 0.0000899
table 0 0 -10 5.08 214.45 178.87 439.42 0.0000876
bathtub 0 0 -10 0.70 345.01 359.23 435.31 0.0000874
desk 0 0 -10 233.03 186.04 539.71 441.00 0.0000873
bed 0 0 -10 192.66 81.43 591.00 440.56 0.0000869
chair 0 0 -10 0.00 49.46 138.21 322.43 0.0000828
table 0 0 -10 256.47 315.37 391.18 441.00 0.0000823
