chair 0 0 -10 0.00 148.37 109.40 441.00 0.6091918
table 0 0 -10 297.41 78.66 580.21 422.16 0.4997737
desk 0 0 -10 264.51 40.21 589.81 395.36 0.4890973
table 0 0 -10 0.00 205.29 110.87 440.90 0.4604436
table 0 0 -10 412.37 222.65 541.61 436.76 0.3769949
table 0 0 -10 452.25 274.69 568.74 441.00 0.2800563
table 0 0 -10 48.58 44.17 233.22 258.91 0.2112705
table 0 0 -10 375.94 191.77 487.38 363.49 0.1750038
desk 0 0 -10 0.52 186.12 100.16 441.00 0.1377797
table 0 0 -10 363.63 146.02 541.91 405.87 0.1144836
chair 0 0 -10 38.01 3.14 242.64 255.92 0.0640363
chair 0 0 -10 355.62 176.82 436.08 338.09 0.0442056
desk 0 0 -10 46.62 39.97 238.05 257.72 0.0416281
table 0 0 -10 360.83 181.52 445.41 330.10 0.0409938
table 0 0 -10 0.00 199.05 47.68 439.43 0.0343695
chair 0 0 -10 440.33 210.47 584.11 435.19 0.0328116
bookshelf 0 0 -10 53.52 0.00 258.12 254.37 0.0293330
desk 0 0 -10 348.02 115.56 537.57 393.27 0.0293156
chair 0 0 -10 2.18 141.84 60.83 406.93 0.0264726
chair 0 0 -10 383.59 158.12 510.71 382.75 0.0255355
table 0 0 -10 228.72 17.71 591.00 274.82 0.0250293
desk 0 0 -10 20.25 14.81 363.45 261.99 0.0238127
table 0 0 -10 75.52 36.18 581.26 363.01 0.0207959
chair 0 0 -10 342.04 91.96 479.20 358.67 0.0170656
table 0 0 -10 419.01 123.27 589.64 428.35 0.0169210
desk 0 0 -10 66.82 13.59 546.41 306.59 0.0166834
table 0 0 -10 35.26 18.12 353.38 302.29 0.0139153
chair 0 0 -10 390.58 215.33 451.33 375.63 0.0125864
table 0 0 -10 10.82 104.35 197.63 406.44 0.0112554
chair 0 0 -10 2.91 16.54 175.34 291.32 0.0100684
chair 0 0 -10 138.89 139.64 211.13 260.83 0.0099219
table 0 0 -10 282.87 18.53 591.00 130.10 0.0095559
dresser 0 0 -10 53.28 0.47 263.08 249.05 0.0094455
chair 0 0 -10 413.71 223.93 530.08 423.85 0.0090844
sofa 0 0 -10 0.93 116.89 90.00 430.54 0.0085174
chair 0 0 -10 409.88 233.89 480.85 405.98 0.0081069
table 0 0 -10 543.55 146.85 588.80 340.00 0.0076830
table 0 0 -10 2.88 108.67 109.07 374.79 0.0075539
table 0 0 -10 4.92 203.56 16.49 441.00 0.0071441
night_stand 0 0 -10 43.62 42.30 246.37 255.92 0.0065285
table 0 0 -10 337.11 121.67 504.60 339.81 0.0061308
chair 0 0 -10 373.33 113.73 562.68 426.80 0.0058453
desk 0 0 -10 284.35 27.10 591.00 234.25 0.0056131
desk 0 0 -10 380.37 185.37 440.67 352.63 0.0052875
desk 0 0 -10 10.90 57.64 229.50 383.89 0.0050139
desk 0 0 -10 413.94 215.01 539.31 439.42 0.0048286
table 0 0 -10 0.56 246.88 26.15 434.88 0.0047391
desk 0 0 -10 236.56 25.82 395.30 306.63 0.0043506
chair 0 0 -10 261.38 33.27 427.97 335.76 0.0042112
desk 0 0 -10 427.36 110.33 590.78 436.82 0.0042038
table 0 0 -10 388.89 38.76 591.00 328.44 0.0041744
table 0 0 -10 314.89 251.80 580.48 440.79 0.0041368
chair 0 0 -10 4.71 116.12 95.35 328.44 0.0036071
chair 0 0 -10 508.41 36.72 591.00 129.09 0.0035993
table 0 0 -10 238.20 32.21 398.04 306.49 0.0034989
night_stand 0 0 -10 0.00 162.22 108.03 439.65 0.0034311
table 0 0 -10 385.47 195.86 429.63 343.41 0.0033247
desk 0 0 -10 380.57 181.74 483.02 379.08 0.0032962
desk 0 0 -10 446.07 268.47 583.81 441.00 0.0032599
chair 0 0 -10 104.95 0.00 241.89 107.05 0.0032026
desk 0 0 -10 284.67 17.18 591.00 131.86 0.0031989
chair 0 0 -10 405.34 37.85 446.89 99.44 0.0030857
bed 0 0 -10 49.11 0.00 264.75 258.73 0.0030322
chair 0 0 -10 377.94 199.49 425.13 341.23 0.0030070
chair 0 0 -10 61.06 100.35 206.51 257.11 0.0029964
chair 0 0 -10 167.80 29.63 495.84 408.67 0.0029329
table 0 0 -10 145.74 204.89 568.99 437.50 0.0029004
dresser 0 0 -10 0.00 177.62 107.59 441.00 0.0027991
table 0 0 -10 259.32 7.56 585.24 77.85 0.0027727
table 0 0 -10 475.67 83.80 590.29 326.84 0.0027670
chair 0 0 -10 351.22 114.06 404.75 316.10 0.0027548
table 0 0 -10 41.69 2.17 236.57 146.90 0.0027018
chair 0 0 -10 422.71 16.86 574.86 132.34 0.0026950
table 0 0 -10 301.35 33.28 578.57 72.88 0.0026238
bed 0 0 -10 0.45 162.55 102.65 441.00 0.0025806
chair 0 0 -10 356.54 219.99 415.38 322.00 0.0024070
table 0 0 -10 10.97 110.84 142.07 246.15 0.0024056
chair 0 0 -10 393.45 10.03 453.30 102.51 0.0023915
table 0 0 -10 240.17 179.58 524.09 373.45 0.0023040
chair 0 0 -10 0.00 64.04 217.53 433.61 0.0022687
bookshelf 0 0 -10 16.68 2.72 169.64 244.81 0.0022033
desk 0 0 -10 0.40 194.40 46.15 436.85 0.0019771
chair 0 0 -10 485.57 118.38 589.09 416.65 0.0019695
chair 0 0 -10 63.42 1.07 344.55 202.87 0.0019007
table 0 0 -10 4.41 252.15 8.14 433.09 0.0018407
chair 0 0 -10 456.11 323.14 587.13 440.79 0.0017716
toilet 0 0 -10 0.53 172.54 105.10 440.19 0.0017001
desk 0 0 -10 394.82 36.81 591.00 335.41 0.0016831
bookshelf 0 0 -10 0.32 164.05 106.20 441.00 0.0016366
sofa 0 0 -10 36.90 8.74 238.01 251.60 0.0015458
night_stand 0 0 -10 28.61 107.07 183.45 251.89 0.0015402
chair 0 0 -10 0.09 201.80 32.48 431.24 0.0015370
table 0 0 -10 301.72 44.45 539.04 90.50 0.0014990
desk 0 0 -10 297.56 31.62 584.58 74.22 0.0014937
bed 0 0 -10 237.43 16.33 576.78 422.04 0.0014170
chair 0 0 -10 107.94 0.00 417.22 105.95 0.0013153
table 0 0 -10 480.65 340.80 585.15 441.00 0.0013035
chair 0 0 -10 137.23 77.75 363.21 255.99 0.0012974
bed 0 0 -10 5.43 114.61 95.34 316.67 0.0012788
table 0 0 -10 180.39 35.30 362.59 251.96 0.0012677
