chair 0 0 -10 131.38 149.89 276.11 337.32 0.9881855
table 0 0 -10 448.55 224.24 591.00 412.84 0.9498713
table 0 0 -10 120.88 127.08 402.61 332.55 0.9302617
chair 0 0 -10 552.19 319.82 591.00 441.00 0.9055613
desk 0 0 -10 107.39 123.55 401.55 334.60 0.3472088
table 0 0 -10 0.53 170.22 143.57 393.61 0.3240733
chair 0 0 -10 527.35 290.58 591.00 441.00 0.2387780
chair 0 0 -10 471.25 282.55 589.83 441.00 0.1778764
desk 0 0 -10 0.00 177.73 138.35 409.38 0.1758765
bookshelf 0 0 -10 1.05 169.16 139.32 382.53 0.0983220
table 0 0 -10 512.53 220.96 589.40 437.39 0.0568851
desk 0 0 -10 446.65 220.28 590.51 427.70 0.0539098
table 0 0 -10 103.88 122.46 389.05 235.00 0.0406529
table 0 0 -10 23.22 151.22 257.17 416.64 0.0341888
chair 0 0 -10 556.12 188.61 589.35 441.00 0.0281222
chair 0 0 -10 443.15 206.43 587.73 389.94 0.0274644
table 0 0 -10 554.56 327.21 589.97 441.00 0.0248495
chair 0 0 -10 4.48 172.29 145.31 431.33 0.0199027
chair 0 0 -10 153.54 142.31 286.75 265.66 0.0198798
table 0 0 -10 323.51 184.84 460.65 330.12 0.0134755
chair 0 0 -10 571.94 312.31 590.90 439.75 0.0121709
bed 0 0 -10 1.02 173.01 140.72 408.44 0.0113364
table 0 0 -10 528.18 312.22 589.48 441.00 0.0111393
desk 0 0 -10 19.87 150.62 259.03 430.47 0.0100947
night_stand 0 0 -10 345.20 192.81 451.13 341.56 0.0099944
dresser 0 0 -10 4.82 173.35 145.09 409.40 0.0097793
bathtub 0 0 -10 9.91 174.10 140.67 398.17 0.0096702
table 0 0 -10 555.31 186.47 588.40 441.00 0.0090858
chair 0 0 -10 520.64 362.44 590.68 441.00 0.0085525
table 0 0 -10 22.54 169.53 487.14 430.27 0.0083809
chair 0 0 -10 552.91 228.35 590.91 360.82 0.0072712
chair 0 0 -10 520.33 215.36 588.59 333.16 0.0068953
chair 0 0 -10 90.36 91.16 386.12 327.60 0.0061783
chair 0 0 -10 531.75 145.28 590.77 431.62 0.0060336
desk 0 0 -10 8.45 168.44 500.08 433.47 0.0058682
sofa 0 0 -10 1.97 167.76 142.17 414.37 0.0056819
table 0 0 -10 497.96 221.92 589.10 341.03 0.0055331
sofa 0 0 -10 550.04 312.81 590.93 440.87 0.0054426
sofa 0 0 -10 455.42 246.97 591.00 441.00 0.0047815
table 0 0 -10 286.30 130.99 450.66 309.15 0.0040827
chair 0 0 -10 37.36 157.70 259.85 427.45 0.0038597
desk 0 0 -10 554.94 324.38 590.05 440.59 0.0038043
table 0 0 -10 40.92 168.47 157.06 318.71 0.0036669
table 0 0 -10 351.15 195.58 580.69 424.68 0.0033170
chair 0 0 -10 474.38 391.72 590.76 440.58 0.0032500
table 0 0 -10 120.33 141.49 288.77 312.78 0.0031889
night_stand 0 0 -10 1.63 169.32 144.98 403.33 0.0031862
chair 0 0 -10 76.45 128.32 240.81 284.57 0.0027469
toilet 0 0 -10 7.45 171.26 137.89 405.50 0.0023893
table 0 0 -10 490.11 300.77 579.55 435.80 0.0023239
sofa 0 0 -10 512.18 307.02 591.00 441.00 0.0022339
bed 0 0 -10 452.16 230.71 589.00 441.00 0.0021549
desk 0 0 -10 122.38 143.01 282.95 319.18 0.0020542
chair 0 0 -10 376.96 308.53 591.00 441.00 0.0020450
chair 0 0 -10 399.09 0.00 487.33 107.29 0.0019822
night_stand 0 0 -10 451.75 226.97 590.21 397.46 0.0019222
chair 0 0 -10 551.74 419.58 590.56 441.00 0.0019052
sofa 0 0 -10 111.23 142.39 364.47 338.64 0.0018865
desk 0 0 -10 497.37 282.00 588.57 440.26 0.0018170
desk 0 0 -10 548.13 235.88 590.06 439.19 0.0017653
table 0 0 -10 558.12 429.17 589.89 441.00 0.0017125
table 0 0 -10 552.07 420.55 590.02 441.00 0.0016812
chair 0 0 -10 40.34 82.56 193.98 244.19 0.0015884
bed 0 0 -10 86.04 99.53 401.52 336.28 0.0014924
table 0 0 -10 192.55 113.69 501.59 309.79 0.0014801
chair 0 0 -10 81.47 121.27 188.00 230.10 0.0014689
chair 0 0 -10 10.40 159.03 134.45 323.12 0.0014676
chair 0 0 -10 557.64 428.66 590.34 441.00 0.0012825
chair 0 0 -10 559.39 399.11 590.44 440.97 0.0012502
chair 0 0 -10 573.68 199.83 589.47 367.70 0.0012470
table 0 0 -10 87.74 132.34 141.46 178.39 0.0012420
chair 0 0 -10 362.35 0.06 456.23 52.55 0.0011191
night_stand 0 0 -10 119.11 139.74 361.28 344.30 0.0011104
chair 0 0 -10 162.16 126.43 321.80 228.88 0.0010792
chair 0 0 -10 354.91 0.00 462.17 105.34 0.0010779
chair 0 0 -10 577.21 244.95 590.13 421.90 0.0010499
chair 0 0 -10 563.12 201.55 587.94 334.36 0.0010027
table 0 0 -10 563.51 224.43 589.63 377.54 0.0009650
chair 0 0 -10 537.36 254.53 591.00 330.74 0.0009423
chair 0 0 -10 540.35 389.38 588.36 441.00 0.0008999
chair 0 0 -10 586.55 305.61 591.00 441.00 0.0008900
chair 0 0 -10 420.73 1.48 483.10 71.07 0.0008609
table 0 0 -10 5.93 174.97 127.36 297.53 0.0008581
table 0 0 -10 64.66 155.46 247.62 285.70 0.0008472
table 0 0 -10 110.18 132.49 161.19 177.62 0.0008285
bookshelf 0 0 -10 119.73 142.36 357.77 340.02 0.0008250
table 0 0 -10 463.53 136.81 589.80 369.34 0.0007891
chair 0 0 -10 4.58 277.91 185.86 436.99 0.0007641
bookshelf 0 0 -10 456.11 238.67 590.13 438.16 0.0007514
toilet 0 0 -10 547.09 285.46 588.74 441.00 0.0007421
dresser 0 0 -10 119.30 146.08 358.74 344.02 0.0007366
table 0 0 -10 277.97 95.07 539.39 271.25 0.0007293
table 0 0 -10 565.16 433.62 590.07 440.91 0.0007119
table 0 0 -10 312.43 155.87 545.22 329.63 0.0006958
table 0 0 -10 572.01 195.36 590.91 432.96 0.0006790
desk 0 0 -10 529.06 159.63 589.79 441.00 0.0006667
desk 0 0 -10 42.09 167.65 156.78 321.71 0.0006634
dresser 0 0 -10 453.87 244.51 591.00 441.00 0.0006621
bathtub 0 0 -10 454.46 255.78 589.48 439.21 0.0006596
table 0 0 -10 543.85 435.19 589.24 441.00 0.0006401
