bed 0 0 -10 192.17 214.62 591.00 439.99 0.9918745
night_stand 0 0 -10 251.24 267.74 316.02 319.20 0.9417230
sofa 0 0 -10 14.76 307.03 209.84 441.00 0.2862492
night_stand 0 0 -10 249.42 266.99 327.92 352.48 0.2242721
sofa 0 0 -10 2.78 261.11 54.47 400.50 0.1368149
bed 0 0 -10 99.21 74.21 591.00 441.00 0.1213145
bed 0 0 -10 0.79 250.99 55.26 405.15 0.0875632
chair 0 0 -10 149.90 264.94 208.23 331.11 0.0497691
sofa 0 0 -10 7.03 262.20 151.27 419.64 0.0394124
night_stand 0 0 -10 256.11 286.13 311.87 315.18 0.0345136
table 0 0 -10 1.87 267.51 53.25 425.08 0.0323847
bed 0 0 -10 267.59 22.28 588.54 325.22 0.0282822
sofa 0 0 -10 6.92 204.76 212.96 427.34 0.0229400
dresser 0 0 -10 249.73 251.03 316.06 319.29 0.0206208
sofa 0 0 -10 3.22 232.57 89.75 399.50 0.0159900
bed 0 0 -10 26.64 276.11 296.11 441.00 0.0147364
bed 0 0 -10 0.00 35.09 203.33 397.36 0.0143639
bed 0 0 -10 0.00 225.17 120.02 397.00 0.0140066
sofa 0 0 -10 186.29 171.08 591.00 429.41 0.0130148
bed 0 0 -10 288.22 9.56 589.25 151.63 0.0128592
bed 0 0 -10 143.34 318.63 569.85 439.13 0.0120515
chair 0 0 -10 15.35 302.68 209.12 439.07 0.0092347
table 0 0 -10 129.37 267.04 201.57 331.86 0.0087731
night_stand 0 0 -10 255.55 255.38 317.80 293.02 0.0082392
chair 0 0 -10 104.29 261.21 204.30 330.86 0.0081684
bed 0 0 -10 2.58 99.07 100.76 416.82 0.0073508
chair 0 0 -10 1.88 259.96 56.03 400.79 0.0056866
night_stand 0 0 -10 279.92 258.32 306.01 279.94 0.0056106
bed 0 0 -10 2.18 104.23 50.86 405.41 0.0052747
dresser 0 0 -10 248.99 268.82 327.75 352.80 0.0044203
bed 0 0 -10 41.76 259.68 514.07 441.00 0.0039971
bed 0 0 -10 213.59 198.71 413.37 360.30 0.0039886
sofa 0 0 -10 57.49 292.34 202.18 400.94 0.0039814
table 0 0 -10 256.85 259.56 318.90 345.27 0.0038660
sofa 0 0 -10 108.01 264.08 205.10 328.91 0.0037074
bed 0 0 -10 403.17 238.56 588.09 433.51 0.0036851
table 0 0 -10 93.93 275.47 198.74 317.51 0.0036459
table 0 0 -10 3.41 268.12 86.55 379.99 0.0034930
night_stand 0 0 -10 2.35 283.29 57.48 405.71 0.0034342
table 0 0 -10 0.85 307.44 38.26 438.40 0.0033837
night_stand 0 0 -10 260.90 271.80 306.59 305.25 0.0032653
night_stand 0 0 -10 156.92 258.68 350.83 340.20 0.0030615
bed 0 0 -10 272.06 241.35 585.84 316.86 0.0029814
sofa 0 0 -10 24.36 273.50 344.23 441.00 0.0027837
sofa 0 0 -10 1.30 231.32 43.98 274.59 0.0027193
table 0 0 -10 9.27 285.66 153.39 437.70 0.0027139
bed 0 0 -10 540.64 252.84 589.39 423.88 0.0025086
night_stand 0 0 -10 208.34 256.05 313.67 325.08 0.0022117
dresser 0 0 -10 0.78 271.39 56.28 392.16 0.0022025
bed 0 0 -10 83.24 98.38 198.88 345.70 0.0020751
bed 0 0 -10 4.86 284.69 159.42 436.99 0.0020698
chair 0 0 -10 2.53 216.83 118.88 393.41 0.0020261
bookshelf 0 0 -10 6.68 81.58 180.60 364.84 0.0019580
chair 0 0 -10 62.39 254.76 205.93 357.16 0.0019055
desk 0 0 -10 0.00 272.57 56.90 395.40 0.0018511
sofa 0 0 -10 53.44 255.07 201.24 363.31 0.0018148
sofa 0 0 -10 8.12 306.59 115.22 438.41 0.0018034
bed 0 0 -10 16.41 158.48 428.37 418.84 0.0017589
night_stand 0 0 -10 149.68 272.72 207.12 329.01 0.0017000
table 0 0 -10 0.26 276.47 17.28 427.45 0.0016009
table 0 0 -10 92.65 302.88 199.16 347.71 0.0015361
bookshelf 0 0 -10 0.82 134.81 54.64 401.61 0.0015279
table 0 0 -10 59.60 276.10 199.98 365.74 0.0014365
dresser 0 0 -10 147.89 257.35 293.27 327.79 0.0013957
bed 0 0 -10 249.44 263.98 319.16 323.81 0.0013949
table 0 0 -10 256.49 255.45 315.58 294.64 0.0013812
bed 0 0 -10 2.12 253.25 171.86 338.82 0.0013661
bed 0 0 -10 476.54 253.62 590.23 405.95 0.0013472
table 0 0 -10 0.46 39.64 202.75 382.80 0.0013342
night_stand 0 0 -10 257.47 247.04 327.47 277.06 0.0013259
sofa 0 0 -10 0.78 226.13 38.12 434.66 0.0012471
night_stand 0 0 -10 272.54 282.23 356.38 351.92 0.0012276
sofa 0 0 -10 151.31 261.25 213.45 335.71 0.0011600
table 0 0 -10 252.68 272.16 313.93 319.03 0.0011575
table 0 0 -10 3.24 277.78 57.97 359.16 0.0011489
dresser 0 0 -10 2.51 85.34 186.49 367.06 0.0011244
table 0 0 -10 32.55 319.16 218.64 439.14 0.0010402
bed 0 0 -10 85.54 234.28 330.07 338.51 0.0009128
chair 0 0 -10 53.18 285.14 204.73 395.81 0.0009067
dresser 0 0 -10 148.14 272.43 206.30 327.94 0.0009021
table 0 0 -10 189.50 273.86 591.00 441.00 0.0008972
bed 0 0 -10 18.68 194.83 249.18 361.51 0.0008788
bed 0 0 -10 63.72 2.10 580.26 100.94 0.0008744
bookshelf 0 0 -10 137.77 114.25 188.85 329.86 0.0008559
bed 0 0 -10 115.78 262.45 207.16 331.89 0.0008281
sofa 0 0 -10 5.82 239.86 118.97 342.57 0.0008275
bed 0 0 -10 206.96 240.03 370.76 343.08 0.0008267
night_stand 0 0 -10 246.17 239.51 370.28 360.57 0.0008119
chair 0 0 -10 0.17 159.45 54.53 440.17 0.0008107
dresser 0 0 -10 136.72 119.25 190.18 328.04 0.0008096
table 0 0 -10 259.02 247.74 323.13 277.27 0.0008093
night_stand 0 0 -10 253.15 223.62 319.71 313.72 0.0007788
table 0 0 -10 578.21 301.01 590.31 439.09 0.0007784
chair 0 0 -10 190.82 184.86 574.87 441.00 0.0007734
sofa 0 0 -10 11.48 272.50 117.43 373.39 0.0007439
toilet 0 0 -10 245.46 263.76 318.74 324.58 0.0007234
table 0 0 -10 0.46 358.19 31.26 439.89 0.0007149
chair 0 0 -10 245.41 227.49 384.85 370.35 0.0006956
chair 0 0 -10 22.06 224.45 195.78 404.03 0.0006586
table 0 0 -10 2.98 290.20 10.01 433.26 0.0006391
