chair 0 0 -10 47.42 180.93 101.39 251.99 0.6280161
table 0 0 -10 16.62 245.22 484.73 441.00 0.2144225
bed 0 0 -10 10.80 246.87 511.33 441.00 0.2007719
dresser 0 0 -10 139.26 136.66 266.27 255.09 0.1931946
desk 0 0 -10 136.66 147.37 262.39 261.58 0.1493635
desk 0 0 -10 9.34 252.82 468.67 437.21 0.0747934
table 0 0 -10 131.02 173.66 258.84 256.15 0.0741866
night_stand 0 0 -10 139.33 137.73 265.68 255.10 0.0348433
bed 0 0 -10 134.14 244.27 382.67 441.00 0.0307627
chair 0 0 -10 63.26 184.57 99.39 237.17 0.0288284
chair 0 0 -10 64.81 178.87 134.62 252.53 0.0242860
dresser 0 0 -10 103.33 16.16 341.51 256.59 0.0143300
sofa 0 0 -10 7.48 233.34 477.35 439.12 0.0131457
chair 0 0 -10 137.61 131.85 258.20 258.50 0.0116800
chair 0 0 -10 101.71 183.63 147.93 250.16 0.0111139
chair 0 0 -10 16.38 170.35 109.60 261.75 0.0094515
dresser 0 0 -10 21.13 249.51 434.91 438.45 0.0082065
bathtub 0 0 -10 8.80 257.14 448.30 432.92 0.0075273
dresser 0 0 -10 56.91 54.01 117.77 240.10 0.0072229
chair 0 0 -10 29.41 263.28 329.69 432.28 0.0066615
dresser 0 0 -10 194.43 82.70 369.65 262.87 0.0051874
chair 0 0 -10 150.69 263.24 387.82 432.49 0.0051721
chair 0 0 -10 277.14 2.67 374.44 59.36 0.0050747
table 0 0 -10 139.94 190.67 260.35 234.48 0.0041004
desk 0 0 -10 122.01 131.93 379.52 261.18 0.0037359
desk 0 0 -10 121.28 50.00 274.86 255.62 0.0034332
bed 0 0 -10 233.83 244.37 449.49 441.00 0.0033817
bed 0 0 -10 137.89 129.82 265.83 258.80 0.0033767
chair 0 0 -10 19.76 209.29 98.11 255.19 0.0033415
chair 0 0 -10 218.46 234.84 364.66 337.72 0.0032580
desk 0 0 -10 16.69 47.84 456.16 362.43 0.0031348
desk 0 0 -10 73.18 170.70 300.01 259.49 0.0031011
desk 0 0 -10 73.32 3.78 379.40 261.98 0.0030640
dresser 0 0 -10 273.21 3.42 365.59 65.91 0.0028861
dresser 0 0 -10 54.82 40.40 172.47 243.66 0.0026748
chair 0 0 -10 72.90 178.64 115.56 235.18 0.0026148
table 0 0 -10 15.93 214.26 72.61 254.23 0.0026036
bookshelf 0 0 -10 141.13 127.58 265.08 263.91 0.0025588
chair 0 0 -10 51.58 288.70 539.40 439.52 0.0022711
chair 0 0 -10 17.64 109.19 128.95 285.14 0.0022471
table 0 0 -10 387.91 213.24 583.92 279.07 0.0021783
bookshelf 0 0 -10 14.25 251.55 449.61 434.51 0.0021477
table 0 0 -10 148.06 141.38 259.24 235.34 0.0020755
chair 0 0 -10 70.52 181.46 94.68 221.86 0.0020122
chair 0 0 -10 39.66 191.93 123.24 327.06 0.0019980
night_stand 0 0 -10 272.42 1.34 367.79 66.55 0.0019851
night_stand 0 0 -10 15.83 238.55 471.55 433.52 0.0018348
chair 0 0 -10 103.86 158.53 203.24 250.99 0.0018288
table 0 0 -10 51.13 203.98 94.00 251.78 0.0017999
chair 0 0 -10 275.54 226.53 389.82 336.82 0.0017113
chair 0 0 -10 50.19 161.98 427.65 416.39 0.0016111
chair 0 0 -10 117.73 187.80 241.51 255.99 0.0015855
chair 0 0 -10 67.22 227.74 369.52 356.35 0.0015563
table 0 0 -10 277.04 4.36 366.47 60.15 0.0013872
desk 0 0 -10 138.63 189.46 263.72 234.55 0.0013758
chair 0 0 -10 49.76 110.60 108.58 257.61 0.0013531
table 0 0 -10 5.40 244.51 215.27 423.74 0.0013517
table 0 0 -10 20.35 192.35 96.20 258.40 0.0013403
table 0 0 -10 228.87 242.69 442.13 441.00 0.0012782
chair 0 0 -10 82.94 181.69 101.96 241.71 0.0012134
dresser 0 0 -10 139.53 125.65 343.14 279.25 0.0011928
bookshelf 0 0 -10 57.02 8.20 404.51 333.50 0.0011881
chair 0 0 -10 83.36 185.00 157.17 276.99 0.0011578
dresser 0 0 -10 57.04 23.57 254.80 222.67 0.0011530
chair 0 0 -10 21.40 171.01 160.99 311.08 0.0011490
dresser 0 0 -10 36.37 20.69 420.78 353.40 0.0011369
bookshelf 0 0 -10 126.81 25.18 271.45 260.40 0.0010940
chair 0 0 -10 107.23 214.50 220.58 324.46 0.0010781
chair 0 0 -10 52.16 197.18 179.20 258.14 0.0010765
bed 0 0 -10 11.39 104.24 472.09 401.67 0.0010525
chair 0 0 -10 52.78 117.19 186.80 280.87 0.0010463
chair 0 0 -10 166.13 174.94 392.52 341.08 0.0010311
dresser 0 0 -10 5.93 89.90 95.62 235.71 0.0010099
chair 0 0 -10 115.83 174.00 156.72 241.47 0.0009711
chair 0 0 -10 249.23 279.47 453.17 437.06 0.0009643
chair 0 0 -10 192.91 234.15 306.45 334.67 0.0009422
toilet 0 0 -10 29.91 248.63 419.98 437.50 0.0009395
table 0 0 -10 101.53 187.47 154.77 251.64 0.0009173
desk 0 0 -10 143.10 249.18 344.83 325.61 0.0008829
table 0 0 -10 141.50 252.85 342.66 323.97 0.0008697
chair 0 0 -10 79.61 149.01 157.91 248.95 0.0008692
chair 0 0 -10 71.40 194.38 181.62 307.12 0.0008230
table 0 0 -10 439.51 197.96 586.67 255.04 0.0007940
chair 0 0 -10 93.12 174.73 138.51 225.80 0.0007820
chair 0 0 -10 124.23 237.02 270.83 334.17 0.0007666
table 0 0 -10 49.54 196.43 211.91 254.08 0.0007638
table 0 0 -10 43.23 237.11 384.21 354.69 0.0007504
dresser 0 0 -10 262.34 40.01 380.47 269.92 0.0007493
chair 0 0 -10 56.46 190.75 87.65 225.70 0.0007410
chair 0 0 -10 358.47 0.00 478.65 61.24 0.0007402
chair 0 0 -10 1.28 106.46 79.10 287.93 0.0007265
sofa 0 0 -10 134.65 250.99 383.66 438.20 0.0007119
table 0 0 -10 1.77 220.69 58.35 270.44 0.0007092
chair 0 0 -10 336.68 1.13 384.29 46.50 0.0006918
sofa 0 0 -10 140.68 138.15 264.84 255.63 0.0006814
chair 0 0 -10 427.08 0.86 506.15 36.86 0.0006645
chair 0 0 -10 75.69 182.44 247.72 331.21 0.0006635
desk 0 0 -10 150.19 138.38 266.98 208.91 0.0006346
bookshelf 0 0 -10 56.26 52.90 119.40 246.99 0.0006272
table 0 0 -10 150.38 187.47 269.48 216.12 0.0006154
