bed 0 0 -10 0.00 0.00 327.31 430.81 0.9497643
chair 0 0 -10 24.73 59.69 346.06 441.00 0.3378618
chair 0 0 -10 370.47 62.91 576.01 403.20 0.2695057
sofa 0 0 -10 7.90 16.34 328.79 426.40 0.1146772
table 0 0 -10 0.99 100.51 342.05 441.00 0.0766285
table 0 0 -10 364.28 66.51 549.33 375.71 0.0187892
table 0 0 -10 0.00 295.85 372.70 441.00 0.0154087
chair 0 0 -10 360.12 224.51 588.21 433.48 0.0139290
chair 0 0 -10 24.18 281.47 443.44 438.01 0.0091816
chair 0 0 -10 206.38 282.44 585.89 439.86 0.0086663
desk 0 0 -10 0.00 84.65 342.57 441.00 0.0082226
bed 0 0 -10 0.00 213.72 309.23 440.69 0.0076669
chair 0 0 -10 157.15 20.35 321.84 439.65 0.0069274
chair 0 0 -10 173.60 30.39 509.45 435.81 0.0067623
bed 0 0 -10 0.00 9.43 298.71 226.70 0.0067601
chair 0 0 -10 510.34 142.92 590.29 439.62 0.0056165
toilet 0 0 -10 369.02 72.16 552.61 395.91 0.0052998
chair 0 0 -10 303.24 1.46 441.74 147.51 0.0050365
table 0 0 -10 223.07 53.75 556.09 414.48 0.0047143
dresser 0 0 -10 0.22 25.67 328.13 436.61 0.0046370
table 0 0 -10 523.49 155.61 590.02 438.73 0.0046324
sofa 0 0 -10 290.13 56.64 580.29 404.90 0.0040182
chair 0 0 -10 466.02 253.02 586.26 441.00 0.0039989
bookshelf 0 0 -10 4.47 10.93 322.33 422.37 0.0035515
chair 0 0 -10 98.88 360.66 512.95 439.61 0.0029499
bed 0 0 -10 364.65 66.09 548.98 380.20 0.0026411
dresser 0 0 -10 369.08 67.28 546.61 372.05 0.0025602
table 0 0 -10 369.38 266.95 582.08 437.71 0.0024721
table 0 0 -10 535.23 306.61 589.12 441.00 0.0024659
bed 0 0 -10 155.47 22.59 317.95 426.39 0.0023521
night_stand 0 0 -10 8.51 40.86 327.67 436.24 0.0023201
bed 0 0 -10 0.00 3.33 336.62 85.03 0.0019921
bed 0 0 -10 237.19 10.32 553.81 418.39 0.0019790
night_stand 0 0 -10 366.44 68.58 555.90 380.09 0.0018984
chair 0 0 -10 235.55 24.41 371.82 414.72 0.0018833
bed 0 0 -10 0.00 181.08 155.18 438.77 0.0015691
bookshelf 0 0 -10 373.30 58.03 547.84 390.44 0.0014637
table 0 0 -10 375.37 61.13 532.19 216.05 0.0013834
chair 0 0 -10 372.22 59.95 521.96 280.47 0.0012662
chair 0 0 -10 4.40 203.55 270.20 435.41 0.0012334
chair 0 0 -10 307.23 14.59 451.69 287.40 0.0012155
table 0 0 -10 485.70 257.49 587.22 441.00 0.0011895
bed 0 0 -10 3.23 14.06 155.28 336.66 0.0011211
bookshelf 0 0 -10 292.86 3.86 420.45 128.96 0.0010115
chair 0 0 -10 532.87 243.66 590.35 438.13 0.0009935
bathtub 0 0 -10 369.34 75.84 552.01 380.49 0.0009689
chair 0 0 -10 371.70 56.72 425.70 344.28 0.0009646
chair 0 0 -10 295.61 64.85 409.11 391.75 0.0009643
toilet 0 0 -10 0.00 78.87 342.30 441.00 0.0009146
bookshelf 0 0 -10 305.08 74.76 380.65 364.90 0.0008291
bed 0 0 -10 0.20 11.79 55.89 404.54 0.0007863
table 0 0 -10 276.58 158.70 389.79 410.09 0.0007116
desk 0 0 -10 367.62 64.87 554.32 388.29 0.0007018
bathtub 0 0 -10 0.00 107.52 369.82 436.85 0.0006781
chair 0 0 -10 19.66 352.15 363.42 438.38 0.0006699
bed 0 0 -10 247.62 0.81 456.93 117.60 0.0006478
desk 0 0 -10 0.00 272.29 309.25 441.00 0.0006466
chair 0 0 -10 442.18 8.92 591.00 166.02 0.0006451
bed 0 0 -10 133.52 2.11 491.52 332.05 0.0006406
dresser 0 0 -10 297.08 15.77 452.14 115.89 0.0006365
chair 0 0 -10 260.92 56.85 314.51 411.49 0.0006330
sofa 0 0 -10 525.49 135.11 589.96 438.12 0.0006265
chair 0 0 -10 345.30 4.11 499.49 173.98 0.0006239
table 0 0 -10 394.84 63.04 507.08 116.59 0.0006234
table 0 0 -10 418.85 127.27 583.63 439.87 0.0006163
chair 0 0 -10 377.31 219.52 563.80 319.68 0.0006077
table 0 0 -10 245.77 218.33 570.11 440.60 0.0005815
chair 0 0 -10 291.50 0.00 401.47 108.01 0.0005600
table 0 0 -10 2.28 353.05 301.47 441.00 0.0005519
night_stand 0 0 -10 406.42 44.19 469.49 76.88 0.0005280
table 0 0 -10 416.84 56.64 476.72 111.75 0.0005255
sofa 0 0 -10 1.37 207.53 314.34 437.31 0.0005226
dresser 0 0 -10 303.62 111.81 380.96 363.84 0.0005029
table 0 0 -10 372.99 63.32 421.83 355.74 0.0005001
table 0 0 -10 111.20 23.20 419.84 436.74 0.0004930
table 0 0 -10 384.02 220.05 558.55 358.43 0.0004790
chair 0 0 -10 16.36 32.58 244.35 336.30 0.0004756
table 0 0 -10 197.54 115.85 410.27 403.45 0.0004103
night_stand 0 0 -10 390.91 44.59 453.96 93.10 0.0004090
desk 0 0 -10 525.68 145.50 591.00 441.00 0.0003859
table 0 0 -10 561.50 245.71 590.23 384.00 0.0003827
chair 0 0 -10 391.37 38.36 526.98 185.60 0.0003707
sofa 0 0 -10 372.74 253.44 588.91 437.70 0.0003701
desk 0 0 -10 74.39 79.60 578.82 440.11 0.0003656
table 0 0 -10 547.99 211.96 589.11 293.97 0.0003529
table 0 0 -10 376.99 101.51 533.91 176.76 0.0003438
sofa 0 0 -10 159.97 29.77 317.34 407.34 0.0003411
sofa 0 0 -10 411.06 101.22 582.12 433.84 0.0003408
table 0 0 -10 553.65 184.60 583.76 350.73 0.0003242
table 0 0 -10 16.41 46.39 289.38 338.25 0.0003159
table 0 0 -10 0.00 256.15 194.33 441.00 0.0003022
table 0 0 -10 370.54 23.49 551.49 166.57 0.0002951
chair 0 0 -10 538.62 101.45 589.09 396.20 0.0002851
table 0 0 -10 298.28 100.83 360.52 407.59 0.0002846
bed 0 0 -10 0.00 181.66 71.37 437.84 0.0002839
bookshelf 0 0 -10 343.07 0.00 409.25 108.51 0.0002829
chair 0 0 -10 247.11 363.65 396.51 440.98 0.0002812
bed 0 0 -10 522.68 131.81 591.00 437.27 0.0002661
bed 0 0 -10 532.48 293.51 591.00 441.00 0.0002646
table 0 0 -10 545.74 76.76 588.35 389.30 0.0002504
