table 0 0 -10 5.97 270.13 158.36 439.02 0.0382313
bed 0 0 -10 2.16 251.06 160.68 440.90 0.0178774
chair 0 0 -10 1.17 233.25 171.73 437.06 0.0167623
chair 0 0 -10 0.52 216.66 85.40 381.10 0.0126330
table 0 0 -10 45.94 184.78 302.22 409.81 0.0116113
table 0 0 -10 0.00 106.97 149.71 416.40 0.0114099
sofa 0 0 -10 5.03 252.32 159.67 441.00 0.0101759
chair 0 0 -10 72.70 120.57 376.97 377.23 0.0094093
chair 0 0 -10 2.25 0.00 118.69 178.19 0.0060634
table 0 0 -10 15.45 32.74 403.78 378.62 0.0058747
table 0 0 -10 1.28 231.92 80.25 431.59 0.0047907
desk 0 0 -10 50.56 133.45 431.26 408.74 0.0036629
desk 0 0 -10 2.22 266.19 160.70 440.57 0.0034782
table 0 0 -10 0.00 208.99 134.38 369.98 0.0033440
chair 0 0 -10 25.28 187.75 327.34 422.14 0.0032488
bed 0 0 -10 0.37 216.60 81.60 431.03 0.0031737
table 0 0 -10 56.46 167.67 571.02 414.88 0.0028489
table 0 0 -10 0.00 5.42 128.87 171.99 0.0026234
table 0 0 -10 0.00 12.25 130.42 323.00 0.0025290
bed 0 0 -10 44.87 119.30 428.07 403.77 0.0024138
chair 0 0 -10 60.21 156.82 553.72 413.65 0.0022214
table 0 0 -10 1.95 272.34 85.22 366.79 0.0020705
sofa 0 0 -10 50.90 134.81 418.58 402.47 0.0020630
sofa 0 0 -10 1.05 225.39 70.11 392.01 0.0019122
sofa 0 0 -10 13.42 217.95 265.30 439.52 0.0017850
table 0 0 -10 149.62 0.00 582.93 375.03 0.0015007
table 0 0 -10 12.98 237.81 452.48 441.00 0.0014996
table 0 0 -10 1.80 209.18 62.42 373.17 0.0014282
desk 0 0 -10 79.55 0.00 583.22 381.74 0.0014074
bathtub 0 0 -10 8.57 249.09 159.87 434.86 0.0013795
sofa 0 0 -10 0.92 272.40 56.13 356.10 0.0013385
bed 0 0 -10 7.51 241.79 477.00 440.71 0.0012492
dresser 0 0 -10 48.32 131.28 423.30 405.25 0.0012465
table 0 0 -10 0.62 289.53 55.95 434.48 0.0012031
bed 0 0 -10 0.00 94.11 152.49 416.85 0.0011942
chair 0 0 -10 0.23 227.94 57.16 348.20 0.0011164
chair 0 0 -10 10.35 1.51 506.82 347.01 0.0010836
desk 0 0 -10 0.00 99.34 151.89 418.14 0.0010285
bathtub 0 0 -10 29.54 137.22 446.31 417.42 0.0010214
bathtub 0 0 -10 27.27 1.32 552.60 317.01 0.0009907
table 0 0 -10 0.00 284.37 48.78 365.41 0.0009465
dresser 0 0 -10 18.14 1.05 526.16 351.68 0.0009181
bookshelf 0 0 -10 37.65 11.79 378.68 370.94 0.0009099
bed 0 0 -10 7.32 0.00 525.12 367.85 0.0009075
chair 0 0 -10 2.26 336.01 260.20 441.00 0.0008637
table 0 0 -10 6.11 257.86 53.65 347.01 0.0008598
chair 0 0 -10 0.00 213.55 73.44 300.94 0.0008090
bathtub 0 0 -10 0.45 251.18 500.48 439.33 0.0007243
chair 0 0 -10 3.91 194.92 50.04 414.94 0.0007178
table 0 0 -10 82.60 131.79 352.68 361.40 0.0006543
table 0 0 -10 23.57 243.43 172.86 385.18 0.0006403
table 0 0 -10 0.00 2.26 288.16 253.76 0.0006282
table 0 0 -10 38.57 241.16 232.61 439.86 0.0006243
table 0 0 -10 0.27 330.93 37.61 433.81 0.0005096
dresser 0 0 -10 0.00 270.67 163.64 438.02 0.0004876
desk 0 0 -10 1.38 227.54 80.06 433.28 0.0004713
bed 0 0 -10 0.27 269.79 81.32 367.87 0.0004643
bed 0 0 -10 14.01 220.10 263.15 437.49 0.0004624
table 0 0 -10 0.00 352.09 39.91 403.45 0.0004557
chair 0 0 -10 0.00 0.00 79.97 87.79 0.0004425
sofa 0 0 -10 0.00 120.92 151.09 417.14 0.0004059
desk 0 0 -10 18.80 220.40 262.05 441.00 0.0003989
bed 0 0 -10 0.00 4.58 97.08 165.20 0.0003922
table 0 0 -10 0.00 348.78 35.31 376.37 0.0003620
toilet 0 0 -10 0.00 219.38 173.97 441.00 0.0003601
table 0 0 -10 0.13 238.26 83.99 326.13 0.0003426
table 0 0 -10 2.66 329.25 121.76 441.00 0.0003383
sofa 0 0 -10 1.13 327.00 272.59 441.00 0.0003176
chair 0 0 -10 0.00 88.90 128.32 403.18 0.0003146
chair 0 0 -10 2.32 198.41 115.02 286.62 0.0003119
desk 0 0 -10 0.18 208.17 137.66 374.64 0.0003089
toilet 0 0 -10 33.77 133.63 409.20 419.57 0.0002919
bathtub 0 0 -10 150.00 81.46 591.00 412.09 0.0002706
chair 0 0 -10 1.55 220.59 47.01 286.44 0.0002705
bed 0 0 -10 1.02 326.93 281.06 441.00 0.0002682
night_stand 0 0 -10 4.48 231.98 174.08 433.78 0.0002624
table 0 0 -10 0.00 209.58 73.11 300.11 0.0002547
dresser 0 0 -10 1.12 213.07 77.74 426.91 0.0002457
chair 0 0 -10 223.55 4.87 341.72 128.54 0.0002438
chair 0 0 -10 0.00 268.06 66.78 372.81 0.0002306
table 0 0 -10 20.35 2.49 251.50 155.11 0.0002278
table 0 0 -10 2.96 242.63 35.64 364.16 0.0002246
desk 0 0 -10 5.46 9.03 229.92 380.74 0.0001884
table 0 0 -10 0.00 360.98 58.74 392.90 0.0001874
bed 0 0 -10 0.00 247.21 51.21 348.33 0.0001859
bathtub 0 0 -10 463.80 59.61 503.43 357.33 0.0001792
bed 0 0 -10 0.30 3.28 155.12 223.33 0.0001777
dresser 0 0 -10 0.00 85.05 151.22 415.87 0.0001765
night_stand 0 0 -10 88.43 188.88 334.35 393.19 0.0001757
bookshelf 0 0 -10 119.03 0.00 559.79 379.19 0.0001703
bathtub 0 0 -10 65.44 170.32 340.06 372.47 0.0001676
desk 0 0 -10 6.85 239.46 481.12 441.00 0.0001642
chair 0 0 -10 1.71 310.45 93.27 441.00 0.0001628
sofa 0 0 -10 3.59 276.83 107.13 392.10 0.0001621
toilet 0 0 -10 0.00 246.71 470.97 441.00 0.0001554
bookshelf 0 0 -10 3.43 3.24 124.55 329.66 0.0001550
bathtub 0 0 -10 0.00 94.39 155.90 411.69 0.0001541
table 0 0 -10 0.00 3.88 67.33 102.02 0.0001529
desk 0 0 -10 6.82 1.99 128.33 207.04 0.0001528
bookshelf 0 0 -10 1.96 155.60 134.84 418.71 0.0001501
