chair 0 0 -10 208.96 149.55 431.78 420.15 0.9904296
chair 0 0 -10 465.11 99.63 589.12 290.56 0.9754151
desk 0 0 -10 425.64 82.18 584.76 274.09 0.7974489
table 0 0 -10 15.17 136.73 438.10 426.05 0.7552343
table 0 0 -10 427.60 81.29 591.00 236.14 0.3895162
desk 0 0 -10 4.71 116.83 426.03 433.90 0.3783734
desk 0 0 -10 428.68 78.04 575.43 179.51 0.0875490
chair 0 0 -10 490.89 98.44 589.86 220.14 0.0729908
chair 0 0 -10 283.45 87.72 453.71 278.98 0.0456725
chair 0 0 -10 0.00 198.45 196.26 440.33 0.0451387
table 0 0 -10 3.17 155.36 237.89 436.81 0.0389124
table 0 0 -10 437.97 78.95 590.48 163.47 0.0293239
table 0 0 -10 451.76 135.99 589.66 290.01 0.0264105
desk 0 0 -10 151.44 116.45 422.87 362.20 0.0255827
desk 0 0 -10 258.11 81.41 523.03 282.72 0.0228552
desk 0 0 -10 463.42 101.28 591.00 225.99 0.0224647
chair 0 0 -10 236.63 152.70 429.05 284.53 0.0202086
chair 0 0 -10 530.34 99.01 591.00 273.97 0.0195811
table 0 0 -10 41.10 102.39 415.17 307.26 0.0165338
chair 0 0 -10 546.57 126.44 590.56 329.39 0.0152427
chair 0 0 -10 407.23 75.69 554.38 277.60 0.0144015
desk 0 0 -10 444.06 83.70 580.01 132.46 0.0141188
table 0 0 -10 361.50 80.14 584.22 299.15 0.0124375
table 0 0 -10 451.48 85.50 588.19 132.35 0.0124107
chair 0 0 -10 398.01 79.82 505.02 220.70 0.0112168
table 0 0 -10 1.56 230.74 66.10 430.73 0.0109629
chair 0 0 -10 499.95 70.50 585.01 172.51 0.0103915
chair 0 0 -10 97.34 154.63 342.53 421.69 0.0099325
table 0 0 -10 552.44 98.59 591.00 225.46 0.0097694
chair 0 0 -10 364.08 69.18 469.70 208.52 0.0097614
desk 0 0 -10 425.64 75.70 527.52 225.55 0.0084463
chair 0 0 -10 550.84 102.47 590.86 229.72 0.0080841
table 0 0 -10 541.08 97.58 590.95 302.02 0.0069690
chair 0 0 -10 463.95 51.44 580.13 204.99 0.0068525
table 0 0 -10 3.44 195.97 133.65 422.56 0.0067522
table 0 0 -10 248.33 87.30 525.12 278.48 0.0066070
table 0 0 -10 114.98 69.91 530.65 354.55 0.0061992
chair 0 0 -10 441.68 88.20 591.00 409.47 0.0058897
chair 0 0 -10 428.86 95.63 525.00 236.27 0.0056897
table 0 0 -10 206.08 100.72 438.92 329.02 0.0052849
chair 0 0 -10 257.72 63.67 475.48 209.43 0.0052076
table 0 0 -10 522.09 78.89 590.87 199.37 0.0049540
table 0 0 -10 564.88 103.68 590.70 338.11 0.0046710
table 0 0 -10 3.38 280.54 47.47 439.67 0.0044882
desk 0 0 -10 542.83 99.51 589.81 306.59 0.0039218
table 0 0 -10 506.94 75.83 590.78 274.57 0.0038024
night_stand 0 0 -10 433.72 91.67 588.05 254.64 0.0037289
desk 0 0 -10 508.72 79.43 590.86 277.41 0.0036326
chair 0 0 -10 1.53 271.51 69.09 439.51 0.0035194
chair 0 0 -10 533.66 188.61 591.00 374.88 0.0034304
chair 0 0 -10 40.98 89.22 435.70 413.49 0.0033574
desk 0 0 -10 223.53 95.90 428.28 262.77 0.0031388
table 0 0 -10 342.10 87.61 470.44 223.83 0.0030880
table 0 0 -10 435.03 77.24 550.32 123.97 0.0030617
chair 0 0 -10 455.98 85.46 562.44 135.90 0.0030606
desk 0 0 -10 0.00 206.98 192.35 441.00 0.0029906
dresser 0 0 -10 441.99 85.57 586.44 287.79 0.0029860
chair 0 0 -10 568.41 112.55 590.53 274.03 0.0028990
chair 0 0 -10 329.89 79.96 502.77 254.28 0.0026454
desk 0 0 -10 41.82 110.66 410.70 277.41 0.0026395
table 0 0 -10 408.33 71.18 519.38 186.79 0.0025907
bed 0 0 -10 441.08 74.06 585.87 291.11 0.0024341
chair 0 0 -10 158.43 118.17 334.57 326.05 0.0024047
chair 0 0 -10 441.15 82.60 509.18 147.56 0.0023284
sofa 0 0 -10 443.06 85.03 588.85 286.82 0.0023230
desk 0 0 -10 340.42 78.08 477.71 268.69 0.0022768
chair 0 0 -10 2.62 326.52 45.75 439.82 0.0021785
chair 0 0 -10 202.56 64.67 513.06 358.49 0.0021715
chair 0 0 -10 407.37 66.43 476.74 189.30 0.0021004
desk 0 0 -10 175.39 59.37 550.06 415.10 0.0020399
chair 0 0 -10 384.21 37.47 506.77 171.36 0.0019967
table 0 0 -10 551.64 173.72 589.54 389.10 0.0018771
chair 0 0 -10 327.30 107.25 551.02 317.30 0.0018568
desk 0 0 -10 416.26 68.20 489.00 196.85 0.0017666
table 0 0 -10 112.25 152.83 329.82 413.64 0.0017277
chair 0 0 -10 542.21 80.50 585.29 187.17 0.0016603
night_stand 0 0 -10 6.74 241.85 193.92 441.00 0.0016547
table 0 0 -10 276.13 105.65 443.62 213.01 0.0016351
table 0 0 -10 277.82 72.45 554.56 209.76 0.0015328
chair 0 0 -10 443.63 91.75 500.64 183.06 0.0015310
desk 0 0 -10 483.69 94.07 589.80 164.96 0.0015158
chair 0 0 -10 458.13 66.82 549.47 161.54 0.0014689
desk 0 0 -10 291.36 92.60 451.63 209.98 0.0014404
desk 0 0 -10 351.24 79.21 503.21 194.23 0.0013673
bed 0 0 -10 9.61 109.87 405.54 418.04 0.0012719
sofa 0 0 -10 53.04 132.91 451.98 436.32 0.0012693
chair 0 0 -10 316.05 90.89 433.90 211.12 0.0012663
chair 0 0 -10 428.65 68.49 492.61 138.04 0.0012617
desk 0 0 -10 553.69 97.76 590.73 226.17 0.0012291
table 0 0 -10 417.17 104.75 586.29 418.80 0.0012115
desk 0 0 -10 121.18 146.31 322.18 422.48 0.0011688
bookshelf 0 0 -10 443.88 84.06 585.92 283.64 0.0011392
chair 0 0 -10 389.37 77.61 452.05 171.43 0.0011278
desk 0 0 -10 383.99 48.90 548.30 180.16 0.0010986
chair 0 0 -10 494.17 178.99 590.69 418.49 0.0010963
table 0 0 -10 570.56 82.95 590.59 262.60 0.0010607
chair 0 0 -10 576.92 94.85 591.00 237.28 0.0010453
chair 0 0 -10 305.85 140.42 428.49 383.45 0.0009383
table 0 0 -10 569.27 172.76 590.21 433.81 0.0009279
chair 0 0 -10 119.86 38.29 282.82 278.73 0.0008919
