desk 0 0 -10 3.76 232.72 360.19 436.27 0.8595691
desk 0 0 -10 90.00 204.49 575.63 436.44 0.4331016
desk 0 0 -10 295.57 260.69 591.00 433.09 0.3222299
table 0 0 -10 0.14 241.89 349.50 436.44 0.3011564
desk 0 0 -10 134.27 74.29 359.56 215.59 0.2512211
desk 0 0 -10 276.29 105.66 591.00 441.00 0.2375024
chair 0 0 -10 210.33 333.35 321.33 439.39 0.2281126
table 0 0 -10 134.24 74.93 359.79 198.53 0.2164286
table 0 0 -10 296.26 294.77 587.25 439.44 0.2079765
desk 0 0 -10 261.61 205.21 584.75 347.63 0.1983579
table 0 0 -10 252.63 206.20 589.07 346.44 0.1188434
table 0 0 -10 273.75 111.05 591.00 440.52 0.1004547
bed 0 0 -10 304.61 277.79 591.00 441.00 0.0828104
table 0 0 -10 96.90 210.44 570.31 430.86 0.0737440
night_stand 0 0 -10 315.33 289.18 576.58 441.00 0.0610914
chair 0 0 -10 24.89 325.09 244.21 439.02 0.0517408
dresser 0 0 -10 302.52 287.77 591.00 441.00 0.0492414
chair 0 0 -10 125.71 322.37 314.81 441.00 0.0369215
desk 0 0 -10 86.97 67.89 591.00 351.25 0.0356524
desk 0 0 -10 67.04 83.63 369.91 385.89 0.0309390
chair 0 0 -10 320.35 262.94 579.70 436.41 0.0220184
desk 0 0 -10 142.95 74.75 530.58 242.75 0.0201450
chair 0 0 -10 39.42 259.96 297.68 436.03 0.0197668
table 0 0 -10 132.32 71.04 362.32 138.63 0.0197321
bookshelf 0 0 -10 287.45 94.92 591.00 364.64 0.0172849
desk 0 0 -10 7.45 227.61 282.97 361.01 0.0123286
desk 0 0 -10 160.53 268.89 352.96 428.49 0.0111717
table 0 0 -10 164.51 84.06 550.42 267.09 0.0108411
table 0 0 -10 66.29 93.76 367.39 378.53 0.0108270
chair 0 0 -10 248.44 338.13 536.67 436.72 0.0105248
chair 0 0 -10 163.85 285.93 357.57 434.82 0.0096802
bookshelf 0 0 -10 305.33 247.74 591.00 439.37 0.0096463
table 0 0 -10 117.94 64.39 389.85 289.61 0.0096340
desk 0 0 -10 151.53 50.03 415.18 320.68 0.0094292
table 0 0 -10 217.62 353.29 322.48 439.30 0.0085060
dresser 0 0 -10 279.08 128.78 591.00 439.75 0.0075856
chair 0 0 -10 174.48 25.45 229.08 131.40 0.0072230
bathtub 0 0 -10 306.34 295.50 590.79 439.74 0.0069888
bed 0 0 -10 276.28 115.99 591.00 426.10 0.0068876
table 0 0 -10 193.26 286.78 356.86 433.95 0.0066697
sofa 0 0 -10 310.60 268.68 589.04 436.56 0.0064615
bookshelf 0 0 -10 111.44 43.84 551.01 354.83 0.0060155
table 0 0 -10 144.12 68.59 466.46 163.38 0.0060050
table 0 0 -10 362.06 117.62 591.00 294.23 0.0053838
desk 0 0 -10 115.92 195.16 330.62 414.25 0.0053360
desk 0 0 -10 365.92 117.11 591.00 296.21 0.0052633
desk 0 0 -10 168.24 166.44 558.74 315.41 0.0048725
desk 0 0 -10 285.27 206.91 575.13 277.63 0.0046230
table 0 0 -10 0.61 138.23 154.57 231.86 0.0045351
chair 0 0 -10 136.53 126.21 292.19 309.81 0.0043020
desk 0 0 -10 206.47 320.75 330.19 438.09 0.0042886
desk 0 0 -10 140.92 68.46 472.04 165.62 0.0041760
chair 0 0 -10 199.43 34.42 237.46 126.57 0.0039626
table 0 0 -10 339.17 113.21 588.45 200.96 0.0038673
desk 0 0 -10 327.34 108.74 591.00 164.73 0.0035386
bookshelf 0 0 -10 129.85 185.46 574.05 434.87 0.0032487
chair 0 0 -10 140.26 184.11 318.49 402.97 0.0032004
chair 0 0 -10 268.50 239.21 537.16 395.47 0.0031830
desk 0 0 -10 134.33 70.78 358.59 138.68 0.0031778
chair 0 0 -10 342.39 235.64 469.44 324.52 0.0027135
chair 0 0 -10 394.84 195.88 588.38 423.28 0.0026834
toilet 0 0 -10 309.16 289.40 583.22 439.79 0.0025283
chair 0 0 -10 209.98 388.19 320.91 439.52 0.0022873
chair 0 0 -10 10.20 237.29 184.03 425.32 0.0022781
chair 0 0 -10 175.28 136.59 508.63 426.85 0.0021772
night_stand 0 0 -10 2.10 255.39 363.78 441.00 0.0021469
chair 0 0 -10 465.96 252.78 591.00 434.39 0.0020868
desk 0 0 -10 357.96 200.12 519.39 312.83 0.0019431
chair 0 0 -10 163.32 205.01 464.57 329.32 0.0019035
bathtub 0 0 -10 273.83 175.57 588.63 330.42 0.0018765
sofa 0 0 -10 288.12 147.34 591.00 423.35 0.0018728
chair 0 0 -10 188.54 28.37 273.20 125.20 0.0018326
chair 0 0 -10 164.91 100.63 289.40 233.39 0.0016938
desk 0 0 -10 1.23 274.34 45.69 436.37 0.0016501
bed 0 0 -10 0.99 240.58 362.94 441.00 0.0016460
dresser 0 0 -10 0.00 256.80 362.74 441.00 0.0016433
chair 0 0 -10 179.86 3.72 294.24 66.16 0.0015502
desk 0 0 -10 131.72 104.69 315.87 289.84 0.0015376
chair 0 0 -10 355.03 122.22 567.23 332.37 0.0015285
table 0 0 -10 0.00 230.94 289.76 361.55 0.0014863
table 0 0 -10 0.87 278.62 46.43 433.98 0.0014361
bookshelf 0 0 -10 3.84 146.92 367.14 420.45 0.0014235
table 0 0 -10 325.89 109.40 591.00 156.87 0.0014025
table 0 0 -10 163.99 170.88 558.08 313.42 0.0013553
table 0 0 -10 285.31 207.43 573.56 278.43 0.0013000
bathtub 0 0 -10 291.48 85.48 583.42 406.26 0.0012745
desk 0 0 -10 30.66 227.00 222.56 297.29 0.0012470
desk 0 0 -10 0.00 248.12 151.27 432.70 0.0012005
desk 0 0 -10 166.35 68.64 302.69 181.94 0.0010984
sofa 0 0 -10 3.28 254.83 362.35 439.04 0.0010946
table 0 0 -10 146.87 127.00 305.29 259.69 0.0010916
chair 0 0 -10 235.95 54.75 374.87 195.89 0.0010669
dresser 0 0 -10 280.64 211.72 587.09 367.11 0.0010497
table 0 0 -10 175.76 67.53 308.57 177.91 0.0009145
desk 0 0 -10 222.78 370.08 318.12 439.36 0.0008551
night_stand 0 0 -10 211.14 335.96 329.95 438.56 0.0008088
table 0 0 -10 140.12 82.46 217.13 156.62 0.0007977
chair 0 0 -10 437.52 132.84 587.86 319.49 0.0007974
desk 0 0 -10 311.13 336.20 583.02 441.00 0.0007857
bed 0 0 -10 254.79 196.10 583.53 349.33 0.0007679
