sofa 0 0 -10 0.00 233.70 527.43 441.00 0.9889497
table 0 0 -10 528.90 260.91 590.21 426.63 0.5960467
table 0 0 -10 467.86 269.35 587.99 438.87 0.1318030
chair 0 0 -10 2.03 260.54 81.49 441.00 0.1246613
table 0 0 -10 1.14 275.19 73.91 441.00 0.0594494
chair 0 0 -10 238.95 233.55 513.04 438.12 0.0371960
desk 0 0 -10 539.73 251.35 591.00 422.30 0.0289951
chair 0 0 -10 5.57 242.22 155.27 441.00 0.0199423
chair 0 0 -10 17.54 237.51 343.22 440.13 0.0160672
chair 0 0 -10 518.16 287.93 589.48 433.76 0.0119920
night_stand 0 0 -10 533.90 253.31 591.00 429.95 0.0112982
table 0 0 -10 107.52 424.35 196.22 441.00 0.0067980
table 0 0 -10 24.01 266.47 546.36 440.08 0.0063077
desk 0 0 -10 0.98 271.20 72.07 441.00 0.0058850
sofa 0 0 -10 1.89 267.50 70.34 377.25 0.0047774
table 0 0 -10 548.54 247.05 589.56 354.94 0.0046858
desk 0 0 -10 506.15 266.90 588.93 440.47 0.0046155
table 0 0 -10 180.17 383.71 467.48 437.00 0.0045862
chair 0 0 -10 542.32 252.07 590.23 396.91 0.0044541
toilet 0 0 -10 530.12 246.71 590.44 436.73 0.0044077
table 0 0 -10 130.98 401.15 420.81 440.23 0.0041853
sofa 0 0 -10 0.82 246.78 249.14 439.44 0.0041450
chair 0 0 -10 1.45 301.86 52.16 437.60 0.0039336
chair 0 0 -10 156.29 374.31 393.98 440.56 0.0036761
bed 0 0 -10 540.56 266.68 590.91 440.78 0.0034208
table 0 0 -10 501.16 319.59 586.32 438.10 0.0033872
chair 0 0 -10 458.09 320.49 587.76 440.81 0.0032571
table 0 0 -10 31.86 421.50 197.51 441.00 0.0030906
bed 0 0 -10 122.80 239.39 533.07 440.90 0.0029896
sofa 0 0 -10 232.13 229.90 512.23 426.65 0.0029149
sofa 0 0 -10 3.36 261.57 96.90 437.18 0.0028140
table 0 0 -10 116.64 432.37 194.15 440.56 0.0023898
table 0 0 -10 78.32 395.59 188.68 441.00 0.0021980
table 0 0 -10 190.10 408.06 510.74 436.75 0.0021339
chair 0 0 -10 0.00 332.91 206.41 441.00 0.0020995
desk 0 0 -10 15.41 262.00 552.25 438.30 0.0019352
sofa 0 0 -10 168.60 380.69 476.04 438.54 0.0019140
bookshelf 0 0 -10 546.16 266.58 591.00 416.83 0.0018163
dresser 0 0 -10 530.42 247.13 590.91 434.76 0.0017152
table 0 0 -10 99.62 436.77 188.22 440.95 0.0015908
bathtub 0 0 -10 529.87 246.77 591.00 432.16 0.0015015
chair 0 0 -10 439.41 238.91 577.86 438.15 0.0013115
table 0 0 -10 544.25 308.24 590.58 407.86 0.0012657
table 0 0 -10 511.20 181.08 589.69 441.00 0.0011919
table 0 0 -10 121.74 371.04 202.90 441.00 0.0010811
chair 0 0 -10 489.16 390.99 591.00 440.57 0.0010639
table 0 0 -10 141.22 364.99 282.86 440.05 0.0010566
table 0 0 -10 10.46 283.53 144.21 441.00 0.0010353
table 0 0 -10 38.95 368.92 467.27 441.00 0.0010247
table 0 0 -10 84.41 430.96 178.92 440.89 0.0010208
table 0 0 -10 147.16 415.59 350.05 440.08 0.0009640
chair 0 0 -10 1.60 259.67 63.80 355.26 0.0009204
chair 0 0 -10 0.00 363.10 96.23 440.88 0.0009162
chair 0 0 -10 0.42 127.53 94.99 440.39 0.0009162
chair 0 0 -10 2.09 340.66 33.51 441.00 0.0009081
chair 0 0 -10 76.31 389.35 197.18 440.55 0.0008191
chair 0 0 -10 0.46 45.97 51.78 441.00 0.0008130
table 0 0 -10 235.32 235.03 509.75 435.58 0.0008026
chair 0 0 -10 186.10 406.27 371.89 439.60 0.0007922
chair 0 0 -10 1.51 194.98 26.54 436.70 0.0007498
table 0 0 -10 556.60 227.26 589.83 432.10 0.0007468
table 0 0 -10 206.86 418.11 426.88 441.00 0.0007449
table 0 0 -10 31.06 405.80 226.47 440.30 0.0007405
chair 0 0 -10 141.21 366.97 279.36 441.00 0.0007055
chair 0 0 -10 3.74 249.20 17.50 435.98 0.0007004
bathtub 0 0 -10 519.74 182.55 591.00 286.41 0.0006849
chair 0 0 -10 27.31 417.13 189.00 441.00 0.0006595
table 0 0 -10 581.74 268.25 590.86 441.00 0.0006222
bathtub 0 0 -10 538.80 185.75 590.66 252.65 0.0006106
desk 0 0 -10 107.39 423.98 196.20 440.87 0.0005848
sofa 0 0 -10 540.36 250.64 591.00 417.66 0.0005759
table 0 0 -10 478.86 333.99 548.79 441.00 0.0005670
chair 0 0 -10 553.58 296.81 590.83 436.73 0.0005504
table 0 0 -10 0.67 335.96 18.61 438.26 0.0005310
night_stand 0 0 -10 28.21 418.12 191.97 441.00 0.0005306
chair 0 0 -10 514.82 156.14 587.64 428.27 0.0005081
table 0 0 -10 2.74 128.84 80.01 430.51 0.0005070
chair 0 0 -10 168.83 400.49 501.58 440.09 0.0005066
sofa 0 0 -10 37.05 337.92 477.46 440.48 0.0004816
table 0 0 -10 23.88 345.38 304.09 441.00 0.0004381
chair 0 0 -10 117.35 364.29 206.68 439.20 0.0004338
table 0 0 -10 8.67 382.69 183.86 441.00 0.0004333
bookshelf 0 0 -10 138.55 235.92 527.01 435.90 0.0004181
table 0 0 -10 93.97 415.99 169.99 439.92 0.0004128
desk 0 0 -10 104.98 431.91 193.69 440.61 0.0004082
chair 0 0 -10 231.95 338.00 549.77 438.25 0.0003948
table 0 0 -10 78.64 237.03 229.97 319.34 0.0003947
table 0 0 -10 119.13 183.30 325.35 318.91 0.0003850
dresser 0 0 -10 131.28 244.01 530.51 439.23 0.0003798
table 0 0 -10 560.26 273.99 590.03 332.20 0.0003791
sofa 0 0 -10 142.22 361.25 294.35 441.00 0.0003749
chair 0 0 -10 11.85 182.92 72.40 410.60 0.0003511
chair 0 0 -10 5.67 338.81 15.82 436.67 0.0003224
table 0 0 -10 0.00 344.32 37.96 441.00 0.0003045
night_stand 0 0 -10 468.29 276.58 591.00 435.55 0.0002998
chair 0 0 -10 100.53 423.97 197.63 441.00 0.0002940
chair 0 0 -10 49.07 346.32 426.12 438.46 0.0002847
table 0 0 -10 111.35 428.76 416.42 441.00 0.0002838
chair 0 0 -10 5.39 248.19 9.44 434.13 0.0002796
chair 0 0 -10 370.19 144.87 392.98 175.18 0.0002687
