chair 0 0 -10 214.61 142.01 317.92 312.77 0.9627040
sofa 0 0 -10 2.66 149.91 346.11 441.00 0.9311319
sofa 0 0 -10 291.67 117.13 564.11 349.54 0.8632191
table 0 0 -10 154.06 166.03 263.95 257.29 0.8122520
table 0 0 -10 158.03 158.83 304.39 313.49 0.3091561
sofa 0 0 -10 226.33 113.23 449.06 313.07 0.1323928
sofa 0 0 -10 151.21 111.57 537.67 395.64 0.1315549
sofa 0 0 -10 20.83 294.95 402.39 440.03 0.0859339
chair 0 0 -10 543.03 384.51 589.83 440.98 0.0660487
table 0 0 -10 158.53 144.83 259.84 224.28 0.0498718
bed 0 0 -10 272.49 101.62 579.64 353.83 0.0415130
table 0 0 -10 160.86 161.82 259.13 202.25 0.0342446
desk 0 0 -10 149.79 151.68 300.55 285.45 0.0316890
sofa 0 0 -10 216.87 133.51 326.87 282.30 0.0309861
chair 0 0 -10 195.67 150.88 283.88 262.25 0.0301755
sofa 0 0 -10 5.41 119.31 219.01 251.32 0.0300931
sofa 0 0 -10 167.37 124.27 378.49 298.62 0.0294668
table 0 0 -10 192.42 229.64 309.94 319.04 0.0264108
chair 0 0 -10 196.46 139.59 230.66 217.66 0.0258397
bed 0 0 -10 0.63 355.40 44.15 441.00 0.0208457
sofa 0 0 -10 5.06 128.63 146.52 385.25 0.0195811
sofa 0 0 -10 88.84 168.12 304.25 350.91 0.0175700
sofa 0 0 -10 0.00 121.78 188.76 192.51 0.0154630
sofa 0 0 -10 280.90 109.95 506.71 255.26 0.0143707
bed 0 0 -10 0.00 144.44 303.37 383.23 0.0134968
sofa 0 0 -10 232.73 342.03 576.95 439.73 0.0132748
chair 0 0 -10 502.76 380.51 585.76 439.80 0.0112903
chair 0 0 -10 36.08 176.81 331.34 412.31 0.0105326
table 0 0 -10 92.11 131.32 268.06 275.55 0.0099611
chair 0 0 -10 556.99 391.42 588.99 432.62 0.0089787
table 0 0 -10 13.17 157.11 294.15 367.90 0.0085501
chair 0 0 -10 205.78 151.72 254.91 217.00 0.0084083
sofa 0 0 -10 120.61 260.98 579.85 440.98 0.0084065
chair 0 0 -10 155.46 136.41 308.59 267.83 0.0083236
desk 0 0 -10 154.07 158.46 259.77 244.79 0.0077463
sofa 0 0 -10 278.53 110.52 473.19 184.18 0.0072096
table 0 0 -10 450.15 387.99 586.79 439.50 0.0070274
chair 0 0 -10 180.43 131.71 254.64 248.74 0.0065237
chair 0 0 -10 293.48 116.87 563.87 357.64 0.0052673
table 0 0 -10 106.14 360.91 554.62 437.83 0.0046322
table 0 0 -10 216.63 136.12 331.17 273.05 0.0044716
bed 0 0 -10 2.49 118.54 242.68 277.22 0.0042428
table 0 0 -10 322.42 372.36 579.54 438.57 0.0041594
bed 0 0 -10 0.37 149.46 95.31 424.55 0.0041551
chair 0 0 -10 528.19 368.25 588.58 430.36 0.0040718
sofa 0 0 -10 0.57 125.88 26.75 366.47 0.0039590
chair 0 0 -10 181.48 147.82 240.98 208.99 0.0039279
table 0 0 -10 288.70 162.14 560.06 367.45 0.0038587
sofa 0 0 -10 406.31 124.50 504.89 194.34 0.0038419
bed 0 0 -10 179.89 412.93 559.83 440.84 0.0037337
sofa 0 0 -10 326.12 374.18 583.14 438.68 0.0035637
table 0 0 -10 155.35 136.22 256.25 187.47 0.0030765
sofa 0 0 -10 2.57 159.20 42.53 421.66 0.0030600
sofa 0 0 -10 10.25 102.28 301.29 321.66 0.0029397
chair 0 0 -10 535.29 382.98 567.36 431.29 0.0029127
bed 0 0 -10 1.38 160.47 43.46 422.85 0.0028163
table 0 0 -10 516.54 377.08 588.24 440.50 0.0027822
sofa 0 0 -10 2.51 143.81 78.50 428.36 0.0026472
bed 0 0 -10 0.00 308.42 60.21 439.23 0.0026309
sofa 0 0 -10 0.00 125.00 128.21 270.61 0.0025183
chair 0 0 -10 153.08 160.98 331.47 341.05 0.0024681
table 0 0 -10 392.80 118.38 501.34 198.90 0.0024552
bed 0 0 -10 300.24 387.98 582.65 439.87 0.0023386
chair 0 0 -10 190.00 134.33 255.22 197.88 0.0023098
chair 0 0 -10 545.90 376.17 590.31 415.81 0.0022393
bed 0 0 -10 10.32 318.92 491.11 439.07 0.0021985
desk 0 0 -10 287.06 153.74 564.99 364.27 0.0021864
chair 0 0 -10 215.99 357.17 572.69 440.43 0.0021386
chair 0 0 -10 406.64 379.09 583.21 441.00 0.0020674
chair 0 0 -10 146.17 150.76 228.18 254.61 0.0020535
sofa 0 0 -10 269.54 113.05 412.08 225.06 0.0019862
sofa 0 0 -10 173.01 227.84 297.90 323.40 0.0018956
sofa 0 0 -10 0.96 130.14 59.60 333.24 0.0018567
bed 0 0 -10 0.00 126.51 205.14 204.15 0.0017973
chair 0 0 -10 79.91 104.54 261.84 277.22 0.0017869
chair 0 0 -10 262.46 132.58 340.01 302.69 0.0017529
table 0 0 -10 164.34 161.46 253.46 183.03 0.0017191
table 0 0 -10 0.32 314.49 56.22 440.32 0.0017115
chair 0 0 -10 181.74 130.36 294.10 212.05 0.0016386
chair 0 0 -10 176.20 191.39 296.76 321.15 0.0015827
dresser 0 0 -10 272.96 95.03 580.31 343.27 0.0015747
sofa 0 0 -10 266.53 406.05 580.95 437.27 0.0015633
chair 0 0 -10 191.09 126.56 235.64 181.24 0.0015059
bed 0 0 -10 195.86 134.18 379.18 310.40 0.0014839
bed 0 0 -10 215.96 355.24 573.99 441.00 0.0014795
bed 0 0 -10 35.07 103.49 511.97 420.13 0.0014461
table 0 0 -10 399.36 122.55 468.50 176.59 0.0013852
table 0 0 -10 549.11 390.05 590.47 440.87 0.0013817
chair 0 0 -10 403.86 108.77 504.90 203.77 0.0013685
chair 0 0 -10 464.78 388.89 570.43 438.52 0.0013611
sofa 0 0 -10 307.53 119.06 397.64 169.68 0.0013549
chair 0 0 -10 154.85 117.39 245.49 216.62 0.0013210
table 0 0 -10 189.57 145.56 387.17 304.63 0.0012959
desk 0 0 -10 218.75 134.20 330.69 276.35 0.0012921
sofa 0 0 -10 0.39 145.37 30.60 265.85 0.0012853
table 0 0 -10 514.75 361.47 588.97 415.66 0.0011305
table 0 0 -10 40.91 325.42 314.25 441.00 0.0010970
chair 0 0 -10 216.83 167.55 301.42 251.51 0.0010210
bed 0 0 -10 0.00 132.31 129.64 276.68 0.0010185
bed 0 0 -10 169.11 140.71 310.18 289.47 0.0010086
