chair 0 0 -10 416.66 158.25 585.18 429.48 0.4549278
table 0 0 -10 204.32 8.61 482.30 257.36 0.2700220
desk 0 0 -10 203.45 10.49 482.63 259.79 0.2524563
sofa 0 0 -10 432.85 150.75 583.08 422.58 0.1112795
desk 0 0 -10 173.69 0.00 527.29 415.68 0.0726573
dresser 0 0 -10 190.45 13.11 502.52 362.86 0.0486741
table 0 0 -10 77.74 11.97 502.39 435.60 0.0421404
table 0 0 -10 204.77 9.33 482.55 108.13 0.0388649
bed 0 0 -10 515.79 69.88 589.39 357.43 0.0335024
bookshelf 0 0 -10 211.37 4.56 479.69 253.29 0.0283338
bed 0 0 -10 474.63 61.45 585.67 417.67 0.0196630
table 0 0 -10 461.96 175.74 586.20 436.82 0.0194881
table 0 0 -10 1.95 244.91 65.42 439.28 0.0174609
chair 0 0 -10 1.14 246.78 73.17 437.78 0.0157679
toilet 0 0 -10 399.00 167.72 584.17 437.55 0.0142771
chair 0 0 -10 287.71 162.17 568.21 435.48 0.0127315
table 0 0 -10 330.28 83.04 576.97 426.24 0.0127079
bed 0 0 -10 352.58 83.93 580.43 430.71 0.0126428
table 0 0 -10 227.62 113.11 447.87 227.06 0.0118514
table 0 0 -10 516.57 174.41 589.68 408.24 0.0097812
desk 0 0 -10 206.01 10.58 485.79 105.32 0.0096234
desk 0 0 -10 40.26 45.74 445.81 437.43 0.0092414
bed 0 0 -10 189.33 0.00 506.72 413.78 0.0089209
chair 0 0 -10 366.16 22.94 582.96 410.88 0.0088596
table 0 0 -10 227.46 100.86 506.01 328.89 0.0088061
bookshelf 0 0 -10 313.92 11.73 561.45 415.17 0.0088060
bed 0 0 -10 198.72 0.00 486.02 222.65 0.0084409
table 0 0 -10 2.38 18.01 293.64 441.00 0.0079911
dresser 0 0 -10 523.53 62.21 587.80 380.05 0.0068655
dresser 0 0 -10 303.79 23.21 570.47 430.32 0.0068570
bed 0 0 -10 202.43 7.11 473.69 69.98 0.0065138
desk 0 0 -10 330.75 74.46 584.56 429.91 0.0064945
chair 0 0 -10 520.55 84.42 591.00 351.79 0.0061291
sofa 0 0 -10 302.99 41.02 576.77 424.87 0.0057945
chair 0 0 -10 275.39 14.03 480.09 252.34 0.0054758
bookshelf 0 0 -10 135.31 10.54 480.12 425.68 0.0052862
table 0 0 -10 1.30 305.72 83.53 413.28 0.0052586
chair 0 0 -10 2.19 306.18 89.13 412.49 0.0050771
chair 0 0 -10 308.09 0.00 480.92 162.01 0.0048989
table 0 0 -10 0.00 195.36 114.11 441.00 0.0048858
dresser 0 0 -10 0.00 11.30 292.32 438.30 0.0048660
dresser 0 0 -10 402.39 166.81 588.34 439.29 0.0046792
desk 0 0 -10 403.17 175.14 588.25 441.00 0.0040421
chair 0 0 -10 260.24 15.34 525.88 408.81 0.0039084
chair 0 0 -10 73.78 22.10 454.15 420.41 0.0038323
bathtub 0 0 -10 398.08 194.87 586.89 437.25 0.0038143
sofa 0 0 -10 505.52 78.93 588.42 394.59 0.0036998
night_stand 0 0 -10 197.11 3.44 477.59 213.92 0.0036161
desk 0 0 -10 507.92 97.89 590.23 408.23 0.0029024
desk 0 0 -10 218.85 97.62 515.09 329.54 0.0028304
chair 0 0 -10 0.00 242.85 148.87 438.89 0.0027054
table 0 0 -10 184.21 1.17 478.07 58.76 0.0022370
table 0 0 -10 1.43 356.82 57.89 441.00 0.0021626
bookshelf 0 0 -10 426.74 73.98 582.33 416.40 0.0021379
chair 0 0 -10 34.77 186.47 588.35 437.41 0.0020787
chair 0 0 -10 5.35 147.56 295.27 441.00 0.0019639
bathtub 0 0 -10 173.80 40.43 556.98 403.34 0.0019544
chair 0 0 -10 185.37 3.47 428.97 234.91 0.0019496
dresser 0 0 -10 199.40 6.38 481.65 169.79 0.0019226
desk 0 0 -10 1.20 281.71 68.26 426.00 0.0018514
table 0 0 -10 479.60 96.31 582.15 358.39 0.0018418
table 0 0 -10 1.63 273.28 35.77 441.00 0.0018404
chair 0 0 -10 373.11 0.00 573.66 176.74 0.0018050
night_stand 0 0 -10 201.36 3.94 508.82 386.36 0.0017889
bathtub 0 0 -10 192.77 6.80 480.95 194.80 0.0016515
chair 0 0 -10 254.47 1.72 465.16 84.50 0.0016071
bed 0 0 -10 558.23 69.68 587.71 390.25 0.0015630
bed 0 0 -10 0.00 0.00 302.98 441.00 0.0015422
night_stand 0 0 -10 408.38 180.40 589.49 437.53 0.0014947
bookshelf 0 0 -10 220.58 0.00 473.37 83.92 0.0014741
chair 0 0 -10 1.01 349.07 68.37 439.93 0.0014593
toilet 0 0 -10 319.48 35.34 571.51 439.89 0.0014575
table 0 0 -10 0.00 87.88 73.52 439.58 0.0014032
table 0 0 -10 1.18 175.24 215.52 441.00 0.0013924
sofa 0 0 -10 374.93 104.52 587.69 347.30 0.0013204
chair 0 0 -10 480.75 0.00 554.76 40.03 0.0012782
bathtub 0 0 -10 3.34 16.85 289.01 433.77 0.0012673
table 0 0 -10 149.91 35.01 413.63 363.83 0.0012452
sofa 0 0 -10 202.98 14.51 471.81 214.34 0.0012297
desk 0 0 -10 232.84 121.28 446.51 198.40 0.0011964
bed 0 0 -10 419.95 13.12 584.93 323.21 0.0011916
bed 0 0 -10 406.97 196.36 591.00 435.78 0.0011824
bookshelf 0 0 -10 535.97 66.46 588.53 332.07 0.0011006
sofa 0 0 -10 216.16 4.06 474.26 81.68 0.0010582
table 0 0 -10 397.02 176.15 557.55 441.00 0.0009896
table 0 0 -10 225.77 181.25 486.75 420.49 0.0009850
chair 0 0 -10 455.77 104.77 590.09 338.26 0.0009782
dresser 0 0 -10 201.36 4.29 498.95 90.01 0.0009648
bathtub 0 0 -10 0.43 268.31 84.38 421.01 0.0009407
sofa 0 0 -10 69.46 27.19 534.37 431.50 0.0009186
toilet 0 0 -10 1.30 246.75 67.42 437.19 0.0009130
table 0 0 -10 513.20 280.87 589.95 441.00 0.0008837
chair 0 0 -10 510.80 0.00 590.65 91.79 0.0008785
chair 0 0 -10 393.55 1.16 483.76 29.83 0.0008688
table 0 0 -10 532.96 102.36 588.59 348.39 0.0008687
desk 0 0 -10 103.81 0.00 280.42 441.00 0.0008346
chair 0 0 -10 381.08 7.85 511.68 272.78 0.0008295
dresser 0 0 -10 220.47 41.30 466.18 261.82 0.0008244
table 0 0 -10 527.02 324.56 589.75 412.35 0.0008088
bookshelf 0 0 -10 15.59 6.37 372.75 436.80 0.0007705
