chair 0 0 -10 423.26 124.65 584.43 330.94 0.8364828
table 0 0 -10 1.94 134.43 227.11 402.60 0.7404393
table 0 0 -10 475.72 244.62 591.00 440.47 0.7196770
table 0 0 -10 371.09 137.93 588.14 369.20 0.6897008
desk 0 0 -10 354.51 132.40 588.03 375.51 0.5867891
chair 0 0 -10 430.27 127.50 563.47 248.53 0.5522403
desk 0 0 -10 7.48 128.30 297.60 441.00 0.5287559
desk 0 0 -10 212.96 150.52 418.12 339.69 0.4522609
chair 0 0 -10 448.73 121.23 586.00 207.23 0.3226579
desk 0 0 -10 25.51 122.23 540.66 436.15 0.2847916
desk 0 0 -10 476.40 236.16 588.60 440.71 0.2526196
table 0 0 -10 436.27 179.38 582.89 421.04 0.2524218
chair 0 0 -10 509.24 125.92 590.66 330.66 0.2042712
chair 0 0 -10 395.08 142.17 526.44 295.29 0.1583886
chair 0 0 -10 113.38 110.92 222.18 274.35 0.1202084
desk 0 0 -10 13.25 136.08 197.26 371.72 0.0887128
table 0 0 -10 29.72 128.38 540.45 421.63 0.0820558
desk 0 0 -10 451.53 170.24 587.49 392.21 0.0785398
chair 0 0 -10 450.20 179.93 553.17 377.72 0.0761032
chair 0 0 -10 63.75 10.55 208.48 284.81 0.0759080
table 0 0 -10 26.47 124.07 183.09 248.27 0.0731943
table 0 0 -10 2.53 161.14 112.62 429.55 0.0629867
chair 0 0 -10 399.29 176.35 463.38 272.60 0.0592875
table 0 0 -10 38.59 145.23 180.45 318.07 0.0592579
table 0 0 -10 220.71 161.18 409.16 323.39 0.0592190
chair 0 0 -10 504.67 297.10 588.92 439.06 0.0511583
table 0 0 -10 255.89 152.85 570.26 416.19 0.0507357
chair 0 0 -10 461.55 242.02 588.05 438.64 0.0421493
chair 0 0 -10 0.00 193.17 84.83 435.33 0.0370111
chair 0 0 -10 523.61 121.49 588.27 207.26 0.0357960
table 0 0 -10 149.76 152.56 449.89 381.04 0.0301905
chair 0 0 -10 552.38 109.80 590.49 276.65 0.0301090
chair 0 0 -10 552.75 148.21 590.85 368.70 0.0287462
desk 0 0 -10 245.04 186.81 574.86 401.36 0.0281805
table 0 0 -10 387.44 144.47 536.33 301.64 0.0254001
desk 0 0 -10 384.67 143.57 549.33 295.16 0.0243858
table 0 0 -10 31.35 114.61 186.34 185.19 0.0230919
table 0 0 -10 7.34 61.81 203.67 292.75 0.0228018
desk 0 0 -10 271.30 128.79 501.93 319.87 0.0220780
chair 0 0 -10 484.37 180.14 590.00 383.69 0.0214474
chair 0 0 -10 95.68 71.80 228.03 344.25 0.0203769
chair 0 0 -10 542.90 246.82 590.85 434.81 0.0185122
chair 0 0 -10 561.93 134.98 590.81 230.32 0.0181281
desk 0 0 -10 208.41 63.88 591.00 347.88 0.0178632
chair 0 0 -10 10.99 173.82 207.06 372.30 0.0171680
table 0 0 -10 500.54 193.66 591.00 368.40 0.0161832
table 0 0 -10 358.44 115.53 585.29 265.65 0.0156883
desk 0 0 -10 332.57 115.13 575.86 264.52 0.0144813
chair 0 0 -10 481.26 126.04 573.34 185.96 0.0138427
table 0 0 -10 97.23 131.79 220.46 287.09 0.0133913
chair 0 0 -10 40.41 0.68 202.79 154.47 0.0110380
night_stand 0 0 -10 222.29 161.35 421.40 321.87 0.0109136
desk 0 0 -10 55.72 135.23 207.43 257.60 0.0097369
chair 0 0 -10 20.03 25.64 229.83 376.24 0.0096153
table 0 0 -10 398.70 175.89 468.12 249.67 0.0095463
desk 0 0 -10 10.95 54.83 200.60 290.11 0.0094165
desk 0 0 -10 3.79 157.79 110.24 434.80 0.0092443
desk 0 0 -10 373.86 217.52 585.61 432.13 0.0083596
chair 0 0 -10 125.97 8.74 215.71 252.25 0.0075551
chair 0 0 -10 367.25 97.45 588.67 223.54 0.0067826
chair 0 0 -10 491.76 131.50 588.90 246.15 0.0067780
chair 0 0 -10 347.14 152.04 540.31 375.34 0.0067657
chair 0 0 -10 409.77 112.72 582.21 175.76 0.0066606
table 0 0 -10 2.07 52.59 86.74 162.62 0.0062291
table 0 0 -10 550.10 203.62 590.09 408.34 0.0061428
desk 0 0 -10 505.81 194.64 589.55 366.28 0.0060951
chair 0 0 -10 68.84 129.69 173.26 308.21 0.0059746
desk 0 0 -10 532.37 233.99 589.36 441.00 0.0055219
desk 0 0 -10 110.84 145.67 225.18 272.53 0.0053559
table 0 0 -10 565.21 241.29 588.77 431.97 0.0052538
dresser 0 0 -10 216.46 151.70 414.86 324.89 0.0052464
table 0 0 -10 420.44 142.75 588.68 245.10 0.0043090
dresser 0 0 -10 13.60 11.14 201.14 185.40 0.0041958
chair 0 0 -10 546.04 115.76 590.43 189.97 0.0040383
chair 0 0 -10 376.88 155.71 481.86 312.81 0.0036562
table 0 0 -10 280.62 134.99 504.42 314.68 0.0036141
table 0 0 -10 287.20 32.82 583.76 300.82 0.0035339
desk 0 0 -10 402.26 172.75 462.13 273.46 0.0034471
chair 0 0 -10 560.42 310.54 591.00 439.85 0.0034181
chair 0 0 -10 557.33 145.82 590.02 195.31 0.0031557
table 0 0 -10 375.11 128.96 572.19 215.26 0.0030121
chair 0 0 -10 205.35 186.12 409.95 435.36 0.0030019
sofa 0 0 -10 301.54 6.39 586.24 121.17 0.0029974
table 0 0 -10 218.51 93.37 470.29 202.96 0.0029903
desk 0 0 -10 204.16 96.90 467.00 261.87 0.0027285
chair 0 0 -10 528.83 124.81 588.44 168.91 0.0027072
table 0 0 -10 6.43 37.48 142.19 168.00 0.0025722
chair 0 0 -10 572.32 127.02 591.00 398.78 0.0025227
table 0 0 -10 40.16 173.11 298.68 440.63 0.0024715
chair 0 0 -10 568.36 126.40 590.65 190.70 0.0024391
chair 0 0 -10 2.32 73.52 148.73 291.88 0.0024206
dresser 0 0 -10 2.65 51.53 87.69 164.80 0.0021832
table 0 0 -10 3.06 5.81 226.47 194.37 0.0021563
chair 0 0 -10 566.29 248.04 589.32 426.17 0.0020173
sofa 0 0 -10 377.64 110.10 591.00 330.40 0.0019889
dresser 0 0 -10 0.26 149.12 80.42 432.73 0.0019881
chair 0 0 -10 302.75 11.14 587.80 220.57 0.0019381
desk 0 0 -10 425.21 141.14 587.23 244.54 0.0018995
chair 0 0 -10 574.17 113.89 590.45 240.01 0.0018624
desk 0 0 -10 161.96 175.13 461.72 408.36 0.0018491
