chair 0 0 -10 138.56 189.09 515.70 435.67 0.9948891
chair 0 0 -10 361.91 103.32 570.49 426.05 0.9883514
chair 0 0 -10 10.44 116.04 245.15 365.95 0.9882153
chair 0 0 -10 177.81 77.52 336.75 269.46 0.9778368
chair 0 0 -10 283.13 49.06 381.30 193.47 0.9375941
chair 0 0 -10 0.03 90.06 76.07 264.34 0.9082984
chair 0 0 -10 442.15 69.99 580.55 226.66 0.8919798
chair 0 0 -10 0.89 96.82 175.85 298.23 0.6436921
chair 0 0 -10 78.48 61.76 173.81 151.69 0.6136944
chair 0 0 -10 455.56 52.67 579.10 163.70 0.4667012
chair 0 0 -10 362.04 26.63 428.47 146.50 0.3084038
chair 0 0 -10 107.00 91.93 252.60 298.86 0.2642822
chair 0 0 -10 77.22 62.10 209.80 194.67 0.2085160
chair 0 0 -10 132.77 98.52 406.74 326.71 0.1353348
chair 0 0 -10 13.88 84.16 142.97 237.73 0.1314667
chair 0 0 -10 471.73 30.59 579.76 103.98 0.1144264
chair 0 0 -10 419.43 62.53 506.74 148.88 0.1089253
chair 0 0 -10 1.97 75.54 78.53 178.06 0.1073149
chair 0 0 -10 243.18 51.56 335.49 173.76 0.0902950
chair 0 0 -10 175.56 42.82 256.61 128.94 0.0868118
desk 0 0 -10 112.07 97.33 280.51 272.10 0.0757993
chair 0 0 -10 104.18 58.48 206.87 121.96 0.0639813
chair 0 0 -10 321.11 45.57 408.79 147.43 0.0542707
chair 0 0 -10 459.88 71.15 575.31 124.17 0.0522117
table 0 0 -10 446.75 64.63 577.59 137.69 0.0519041
chair 0 0 -10 0.56 101.03 32.35 292.65 0.0501528
chair 0 0 -10 164.34 61.71 263.92 165.65 0.0487053
chair 0 0 -10 441.87 63.74 506.23 118.52 0.0421981
chair 0 0 -10 120.53 61.12 245.47 141.78 0.0412605
table 0 0 -10 107.63 96.58 284.69 270.86 0.0355177
chair 0 0 -10 0.00 61.92 43.48 199.76 0.0334248
chair 0 0 -10 208.97 63.73 314.15 191.71 0.0322854
desk 0 0 -10 452.68 70.87 578.49 160.90 0.0321890
chair 0 0 -10 222.54 41.25 314.40 142.91 0.0276410
chair 0 0 -10 257.86 60.12 323.52 130.26 0.0248621
chair 0 0 -10 451.82 61.02 550.57 105.50 0.0248098
desk 0 0 -10 239.17 57.24 378.76 198.26 0.0230684
chair 0 0 -10 268.95 43.22 366.34 134.88 0.0229157
chair 0 0 -10 126.50 68.11 232.01 214.19 0.0227185
chair 0 0 -10 233.01 27.33 310.20 100.02 0.0219309
chair 0 0 -10 79.19 48.01 147.45 126.29 0.0210509
table 0 0 -10 29.33 125.31 315.92 406.29 0.0206900
chair 0 0 -10 1.09 104.35 18.65 276.53 0.0202571
chair 0 0 -10 19.70 58.53 109.72 144.78 0.0186112
table 0 0 -10 236.36 60.80 378.30 198.81 0.0184297
chair 0 0 -10 74.54 55.35 293.25 149.78 0.0165149
chair 0 0 -10 487.72 20.15 580.47 74.54 0.0157445
chair 0 0 -10 217.84 42.18 436.73 147.64 0.0146744
table 0 0 -10 78.97 119.31 525.99 414.22 0.0142232
desk 0 0 -10 53.40 79.75 360.33 267.66 0.0125038
table 0 0 -10 432.38 71.31 575.09 210.04 0.0121794
chair 0 0 -10 64.47 42.04 131.70 147.28 0.0119522
chair 0 0 -10 418.15 71.60 473.93 134.86 0.0116611
chair 0 0 -10 369.94 55.05 425.50 113.27 0.0110669
chair 0 0 -10 360.48 86.76 555.18 224.88 0.0101289
chair 0 0 -10 230.12 62.79 393.06 251.86 0.0096418
desk 0 0 -10 1.92 76.46 108.58 144.74 0.0095943
desk 0 0 -10 5.88 118.38 276.66 372.28 0.0092618
table 0 0 -10 168.27 72.63 342.72 231.71 0.0089844
desk 0 0 -10 171.81 71.80 342.43 238.22 0.0086038
chair 0 0 -10 1.44 66.25 52.86 136.56 0.0084708
chair 0 0 -10 254.75 46.33 345.49 108.95 0.0084604
table 0 0 -10 130.31 225.21 421.21 441.00 0.0083826
table 0 0 -10 0.00 110.57 138.64 274.45 0.0081925
chair 0 0 -10 231.72 103.81 521.57 306.24 0.0081089
chair 0 0 -10 385.12 10.88 437.51 111.02 0.0075544
chair 0 0 -10 529.23 42.05 582.58 211.45 0.0075488
table 0 0 -10 0.40 77.84 109.53 143.73 0.0073557
chair 0 0 -10 185.95 61.10 254.15 112.25 0.0069038
table 0 0 -10 3.41 133.65 176.18 351.49 0.0063836
chair 0 0 -10 85.73 74.98 176.85 124.14 0.0062317
chair 0 0 -10 12.39 195.41 295.59 431.75 0.0061884
chair 0 0 -10 7.23 73.57 95.01 114.80 0.0057386
desk 0 0 -10 74.71 58.61 353.49 145.81 0.0057019
chair 0 0 -10 426.92 179.00 554.89 435.35 0.0055606
table 0 0 -10 446.68 64.32 563.45 104.96 0.0048907
chair 0 0 -10 175.53 182.97 418.85 368.17 0.0048422
chair 0 0 -10 81.45 32.43 147.83 94.12 0.0047695
chair 0 0 -10 113.09 352.13 420.43 438.38 0.0046974
desk 0 0 -10 2.28 102.71 130.10 283.75 0.0046335
table 0 0 -10 18.63 80.57 111.05 115.75 0.0044063
chair 0 0 -10 313.92 42.54 445.86 182.08 0.0043114
chair 0 0 -10 36.62 41.97 263.67 122.65 0.0042789
chair 0 0 -10 0.00 61.14 26.50 173.69 0.0040799
chair 0 0 -10 417.65 101.10 464.65 140.76 0.0040305
chair 0 0 -10 255.54 50.79 331.22 86.70 0.0039272
chair 0 0 -10 143.10 55.86 225.30 117.58 0.0039212
desk 0 0 -10 163.78 54.18 411.83 157.53 0.0037503
chair 0 0 -10 52.41 64.77 114.72 129.33 0.0036931
table 0 0 -10 0.18 116.25 30.52 304.29 0.0036727
desk 0 0 -10 70.40 60.43 183.36 137.86 0.0035098
chair 0 0 -10 489.48 84.17 585.61 380.14 0.0034864
chair 0 0 -10 0.77 88.30 8.04 244.84 0.0034789
desk 0 0 -10 450.12 61.28 580.19 247.91 0.0032172
table 0 0 -10 53.54 79.23 118.16 150.21 0.0031537
desk 0 0 -10 437.61 31.71 586.90 137.08 0.0030798
chair 0 0 -10 172.05 97.22 255.07 156.63 0.0029308
table 0 0 -10 9.61 86.07 125.96 217.02 0.0029260
desk 0 0 -10 370.81 39.49 428.04 134.00 0.0029225
desk 0 0 -10 279.01 52.06 405.93 144.95 0.0029130
