chair 0 0 -10 248.46 228.94 578.12 438.97 0.9828522
chair 0 0 -10 92.50 120.38 241.41 272.55 0.9641267
chair 0 0 -10 142.79 144.99 304.38 331.55 0.9630117
chair 0 0 -10 159.67 168.28 459.69 435.35 0.8776355
chair 0 0 -10 403.58 238.89 583.29 431.66 0.2817895
chair 0 0 -10 104.29 142.08 342.05 400.29 0.2304490
chair 0 0 -10 489.72 224.50 588.18 437.01 0.0815056
chair 0 0 -10 563.67 276.48 588.74 427.68 0.0730423
chair 0 0 -10 97.11 117.66 217.40 186.86 0.0588766
desk 0 0 -10 87.10 141.00 231.70 284.79 0.0505540
chair 0 0 -10 547.76 243.90 590.09 433.86 0.0336171
chair 0 0 -10 78.97 112.26 201.54 233.02 0.0308743
table 0 0 -10 87.20 142.80 236.58 286.96 0.0254548
desk 0 0 -10 91.78 145.83 290.16 335.83 0.0193810
chair 0 0 -10 102.09 116.78 187.60 159.89 0.0163558
chair 0 0 -10 117.91 114.40 259.30 219.01 0.0157356
chair 0 0 -10 153.48 133.44 272.27 267.75 0.0140843
desk 0 0 -10 72.79 172.51 392.69 435.59 0.0122119
table 0 0 -10 223.61 253.82 581.77 437.77 0.0119410
desk 0 0 -10 185.98 225.39 583.78 437.15 0.0085239
chair 0 0 -10 227.17 280.75 424.64 441.00 0.0070780
chair 0 0 -10 575.38 285.70 587.16 417.51 0.0068869
table 0 0 -10 75.51 178.60 393.22 439.62 0.0068093
chair 0 0 -10 221.39 167.99 421.64 312.09 0.0061807
table 0 0 -10 564.32 286.35 590.14 425.91 0.0059119
chair 0 0 -10 0.00 206.66 40.81 425.59 0.0058213
table 0 0 -10 99.31 162.28 301.76 382.78 0.0048159
chair 0 0 -10 571.46 288.73 582.67 411.70 0.0046178
chair 0 0 -10 255.23 343.41 383.98 440.62 0.0041304
chair 0 0 -10 256.74 173.84 493.86 353.71 0.0039321
chair 0 0 -10 0.00 266.37 62.84 392.94 0.0038716
chair 0 0 -10 58.26 101.70 316.86 307.24 0.0033279
chair 0 0 -10 44.00 135.85 225.42 387.39 0.0030226
chair 0 0 -10 354.95 307.24 591.00 372.23 0.0027356
chair 0 0 -10 171.32 125.46 360.18 280.85 0.0026052
table 0 0 -10 141.56 153.52 273.56 318.02 0.0025784
sofa 0 0 -10 309.84 230.00 575.55 441.00 0.0025301
sofa 0 0 -10 150.02 170.17 553.32 438.19 0.0018739
chair 0 0 -10 0.00 295.72 48.39 371.12 0.0018491
chair 0 0 -10 114.35 203.98 278.99 426.81 0.0017955
chair 0 0 -10 344.53 336.11 583.24 439.39 0.0017103
chair 0 0 -10 65.67 64.66 470.21 372.36 0.0016783
chair 0 0 -10 0.53 195.21 97.78 427.26 0.0016772
table 0 0 -10 570.06 366.06 590.36 439.25 0.0016481
chair 0 0 -10 4.64 172.94 173.74 424.48 0.0016118
chair 0 0 -10 449.40 311.29 587.52 439.59 0.0015083
table 0 0 -10 0.41 227.09 70.65 416.81 0.0013907
table 0 0 -10 1.05 300.67 48.75 370.32 0.0013840
chair 0 0 -10 198.90 330.05 533.92 435.80 0.0013666
chair 0 0 -10 281.06 363.46 504.04 439.67 0.0013514
chair 0 0 -10 573.39 214.37 588.44 424.63 0.0013471
desk 0 0 -10 87.94 113.24 591.00 400.12 0.0013137
table 0 0 -10 416.39 232.47 589.34 419.07 0.0013107
chair 0 0 -10 529.22 150.11 589.08 394.56 0.0012970
chair 0 0 -10 464.11 135.79 588.61 404.50 0.0012937
chair 0 0 -10 140.71 227.34 346.61 310.66 0.0011683
chair 0 0 -10 307.26 257.64 470.54 437.77 0.0011565
sofa 0 0 -10 87.31 141.56 284.95 337.35 0.0010899
chair 0 0 -10 320.78 388.88 547.96 441.00 0.0009993
table 0 0 -10 84.68 118.37 584.76 393.61 0.0009937
dresser 0 0 -10 91.69 145.77 279.58 344.72 0.0009881
desk 0 0 -10 365.37 268.57 589.00 434.60 0.0009572
bookshelf 0 0 -10 92.62 131.88 275.29 343.84 0.0008883
dresser 0 0 -10 133.88 140.66 244.24 306.94 0.0008858
sofa 0 0 -10 90.15 132.10 228.98 278.60 0.0008083
table 0 0 -10 538.41 271.30 590.13 436.81 0.0007738
desk 0 0 -10 19.25 88.02 249.60 302.28 0.0007667
bookshelf 0 0 -10 80.15 114.04 219.08 282.14 0.0007546
dresser 0 0 -10 89.43 166.67 399.26 433.33 0.0007458
chair 0 0 -10 430.34 373.15 584.07 439.77 0.0007435
table 0 0 -10 575.07 310.04 590.49 423.81 0.0007325
table 0 0 -10 549.23 342.25 589.49 440.43 0.0007051
desk 0 0 -10 142.66 173.14 320.89 314.76 0.0007048
chair 0 0 -10 466.32 305.85 589.41 378.98 0.0006984
dresser 0 0 -10 77.81 123.95 222.18 285.34 0.0006709
chair 0 0 -10 180.53 123.60 323.80 219.84 0.0006556
chair 0 0 -10 363.68 290.49 585.42 344.59 0.0006358
table 0 0 -10 317.07 353.32 581.87 441.00 0.0006217
toilet 0 0 -10 79.97 164.03 405.77 441.00 0.0006090
chair 0 0 -10 105.20 308.58 372.27 439.20 0.0005994
bookshelf 0 0 -10 90.21 155.42 395.93 433.52 0.0005988
chair 0 0 -10 558.09 169.83 589.68 403.77 0.0005977
toilet 0 0 -10 73.56 124.11 220.77 292.21 0.0005732
bookshelf 0 0 -10 134.80 135.39 243.31 306.25 0.0005634
chair 0 0 -10 0.00 40.28 47.75 420.62 0.0005572
table 0 0 -10 2.31 275.38 41.63 419.16 0.0005535
toilet 0 0 -10 86.80 144.35 281.04 365.35 0.0005349
table 0 0 -10 340.84 319.24 585.06 369.78 0.0005294
table 0 0 -10 0.00 194.55 121.16 412.87 0.0005151
chair 0 0 -10 579.40 235.11 589.51 436.12 0.0005114
night_stand 0 0 -10 132.31 144.59 246.52 307.51 0.0005026
table 0 0 -10 175.29 174.91 501.58 430.97 0.0004894
table 0 0 -10 56.20 113.28 289.35 316.93 0.0004868
table 0 0 -10 292.12 397.59 550.81 440.85 0.0004808
toilet 0 0 -10 134.52 140.88 245.00 313.33 0.0004790
table 0 0 -10 43.94 112.09 218.88 263.44 0.0004699
table 0 0 -10 354.16 297.62 575.31 344.33 0.0004358
chair 0 0 -10 84.14 143.69 148.12 234.91 0.0004346
table 0 0 -10 558.52 360.31 589.90 423.12 0.0004304
chair 0 0 -10 18.29 15.68 237.81 284.90 0.0004266
