chair 0 0 -10 263.88 108.78 582.20 440.88 0.9935054
chair 0 0 -10 27.41 95.90 284.26 370.85 0.9860411
chair 0 0 -10 3.33 82.51 128.59 316.57 0.9745560
chair 0 0 -10 1.89 74.06 75.28 277.63 0.1048822
table 0 0 -10 145.36 110.97 555.38 424.44 0.0918585
table 0 0 -10 16.66 84.23 390.81 334.02 0.0827645
chair 0 0 -10 0.84 74.88 50.71 205.68 0.0536158
desk 0 0 -10 26.66 109.52 372.20 343.54 0.0476286
chair 0 0 -10 316.85 89.39 578.24 304.36 0.0326723
chair 0 0 -10 121.95 111.65 381.17 408.73 0.0256694
chair 0 0 -10 416.04 132.44 581.99 313.81 0.0203652
desk 0 0 -10 141.93 103.64 562.35 430.61 0.0199792
desk 0 0 -10 0.91 102.74 128.37 292.89 0.0182011
chair 0 0 -10 206.35 99.67 427.17 289.29 0.0169769
table 0 0 -10 0.50 101.59 133.67 292.73 0.0156161
chair 0 0 -10 432.72 176.50 588.03 424.16 0.0145785
table 0 0 -10 439.04 133.20 591.00 307.56 0.0129713
chair 0 0 -10 3.09 99.49 91.91 214.80 0.0124600
table 0 0 -10 557.65 150.87 587.73 435.69 0.0113081
chair 0 0 -10 75.85 171.97 303.43 432.81 0.0110188
chair 0 0 -10 0.33 80.97 35.67 315.11 0.0094760
table 0 0 -10 341.94 126.33 583.20 430.54 0.0088138
chair 0 0 -10 12.29 77.23 248.39 248.46 0.0079386
chair 0 0 -10 5.29 113.11 167.07 240.56 0.0071039
table 0 0 -10 4.06 103.47 236.38 318.60 0.0070027
chair 0 0 -10 72.12 99.17 214.44 220.80 0.0066983
table 0 0 -10 461.04 221.58 587.53 441.00 0.0062627
chair 0 0 -10 495.04 133.30 588.01 286.95 0.0055713
chair 0 0 -10 536.89 158.03 591.00 416.68 0.0049935
desk 0 0 -10 431.68 135.93 587.89 435.02 0.0043763
table 0 0 -10 472.32 265.27 589.80 374.47 0.0036053
chair 0 0 -10 495.91 220.66 588.97 441.00 0.0035242
table 0 0 -10 533.55 202.93 589.26 435.05 0.0033131
table 0 0 -10 508.73 139.75 588.33 279.04 0.0032689
chair 0 0 -10 1.82 103.14 37.14 187.85 0.0032282
chair 0 0 -10 524.45 46.29 591.00 299.72 0.0031335
chair 0 0 -10 297.43 76.69 469.96 285.67 0.0028940
chair 0 0 -10 549.19 126.61 590.76 296.37 0.0027744
table 0 0 -10 490.28 147.67 587.67 387.24 0.0026349
table 0 0 -10 0.87 99.39 44.90 244.46 0.0026105
chair 0 0 -10 83.83 122.35 270.10 281.48 0.0025954
chair 0 0 -10 0.52 83.33 18.60 291.95 0.0025750
chair 0 0 -10 66.26 148.12 256.64 216.30 0.0025253
chair 0 0 -10 0.56 73.70 59.94 140.58 0.0024881
chair 0 0 -10 3.39 80.09 9.59 249.87 0.0024652
chair 0 0 -10 438.29 52.55 588.00 271.51 0.0023748
table 0 0 -10 318.92 88.72 589.25 293.43 0.0022997
table 0 0 -10 31.59 134.82 284.00 386.12 0.0022875
chair 0 0 -10 295.29 233.67 542.29 437.16 0.0022521
desk 0 0 -10 311.32 124.96 583.38 394.41 0.0021210
chair 0 0 -10 0.00 117.63 49.60 407.69 0.0020385
table 0 0 -10 546.10 134.20 589.71 291.73 0.0018855
chair 0 0 -10 171.45 108.28 307.77 287.95 0.0018172
sofa 0 0 -10 185.50 108.92 573.62 429.74 0.0017858
desk 0 0 -10 5.24 16.90 591.00 227.89 0.0017194
table 0 0 -10 13.39 120.12 166.69 230.04 0.0016616
chair 0 0 -10 1.14 64.26 26.38 184.42 0.0014332
table 0 0 -10 0.19 112.94 17.52 294.93 0.0013984
chair 0 0 -10 0.04 172.39 104.83 251.39 0.0012983
chair 0 0 -10 225.13 129.52 393.87 237.81 0.0012856
chair 0 0 -10 465.32 261.64 587.30 371.54 0.0012574
desk 0 0 -10 0.84 87.14 70.94 283.39 0.0012545
chair 0 0 -10 1.07 69.32 103.12 166.52 0.0011694
desk 0 0 -10 0.63 99.91 43.13 240.92 0.0011410
chair 0 0 -10 52.95 307.27 342.43 441.00 0.0011157
chair 0 0 -10 215.95 322.03 477.83 440.54 0.0011011
table 0 0 -10 56.81 200.70 448.42 441.00 0.0010884
chair 0 0 -10 117.44 82.74 251.36 221.66 0.0010614
desk 0 0 -10 1.71 134.08 174.99 368.47 0.0010484
table 0 0 -10 3.52 18.44 591.00 230.51 0.0010318
table 0 0 -10 0.00 112.21 34.22 324.26 0.0010212
desk 0 0 -10 1.30 163.82 263.70 425.12 0.0009724
sofa 0 0 -10 1.21 89.39 139.24 299.82 0.0009076
table 0 0 -10 185.53 158.23 390.83 261.04 0.0009022
chair 0 0 -10 261.41 141.78 467.65 234.37 0.0008772
sofa 0 0 -10 6.10 91.24 388.23 390.06 0.0008256
desk 0 0 -10 10.82 121.28 161.11 228.16 0.0008187
chair 0 0 -10 2.40 58.49 15.05 238.83 0.0007876
chair 0 0 -10 332.87 49.28 520.41 249.60 0.0007770
desk 0 0 -10 0.00 111.73 32.73 321.39 0.0007732
table 0 0 -10 0.00 124.79 113.63 419.64 0.0007617
chair 0 0 -10 395.76 96.32 542.18 260.91 0.0007570
table 0 0 -10 1.70 76.29 92.64 254.06 0.0007335
desk 0 0 -10 216.28 111.81 478.24 337.71 0.0007089
table 0 0 -10 213.46 112.19 479.31 332.02 0.0007067
chair 0 0 -10 0.63 177.24 25.58 247.38 0.0006847
chair 0 0 -10 85.31 264.75 505.03 441.00 0.0006805
bathtub 0 0 -10 12.99 0.00 586.14 75.87 0.0006502
chair 0 0 -10 267.70 166.21 439.24 434.76 0.0006486
table 0 0 -10 52.14 250.05 293.00 436.42 0.0006310
chair 0 0 -10 4.42 97.24 19.53 197.14 0.0005892
toilet 0 0 -10 186.03 104.92 556.57 437.73 0.0005634
chair 0 0 -10 1.54 82.90 7.22 234.56 0.0005623
table 0 0 -10 572.72 144.15 590.55 415.77 0.0005465
chair 0 0 -10 2.05 154.92 35.96 226.15 0.0005456
table 0 0 -10 0.00 148.79 47.03 421.30 0.0005448
bed 0 0 -10 281.13 92.45 585.63 441.00 0.0005001
chair 0 0 -10 0.01 64.66 3.34 212.15 0.0004959
bookshelf 0 0 -10 36.81 94.29 353.17 340.41 0.0004843
dresser 0 0 -10 6.15 102.29 135.09 365.45 0.0004793
