table 0 0 -10 97.60 113.27 564.24 357.11 0.7557670
desk 0 0 -10 102.49 127.41 530.31 378.76 0.1538367
table 0 0 -10 361.15 117.38 543.12 232.50 0.1114190
table 0 0 -10 255.28 114.85 556.55 297.14 0.0476985
table 0 0 -10 112.35 139.72 391.64 343.16 0.0149187
bed 0 0 -10 101.18 111.21 544.48 367.43 0.0145830
sofa 0 0 -10 111.71 117.12 549.52 358.95 0.0085253
chair 0 0 -10 97.19 110.07 512.17 362.45 0.0069466
toilet 0 0 -10 90.23 111.57 512.83 377.24 0.0058539
bathtub 0 0 -10 79.10 118.79 535.39 375.48 0.0049445
desk 0 0 -10 250.81 114.18 558.25 304.14 0.0048966
dresser 0 0 -10 102.57 120.46 543.13 370.92 0.0033546
night_stand 0 0 -10 103.71 120.69 546.55 370.52 0.0027839
desk 0 0 -10 331.14 117.74 549.41 237.87 0.0022820
table 0 0 -10 258.94 60.03 554.13 232.56 0.0015494
table 0 0 -10 17.51 26.73 569.32 282.38 0.0014983
chair 0 0 -10 240.84 152.13 554.02 356.43 0.0014245
bookshelf 0 0 -10 110.98 111.67 537.47 370.98 0.0013132
table 0 0 -10 290.43 141.48 510.75 253.91 0.0010948
chair 0 0 -10 405.21 80.40 563.46 222.00 0.0010620
table 0 0 -10 1.57 1.42 305.42 68.62 0.0009986
table 0 0 -10 243.33 149.78 443.78 244.67 0.0008783
table 0 0 -10 127.77 181.17 329.47 308.77 0.0008566
table 0 0 -10 163.56 182.78 458.99 378.60 0.0008261
table 0 0 -10 211.55 80.93 457.16 245.36 0.0007965
chair 0 0 -10 381.84 129.59 571.85 267.44 0.0006965
table 0 0 -10 70.49 118.14 310.37 302.43 0.0006576
sofa 0 0 -10 21.70 26.67 567.14 275.62 0.0005507
table 0 0 -10 38.90 167.69 295.45 409.27 0.0005212
chair 0 0 -10 113.86 186.83 555.80 425.67 0.0004838
table 0 0 -10 9.91 185.82 207.49 381.96 0.0004475
table 0 0 -10 387.74 106.72 546.51 190.38 0.0004173
chair 0 0 -10 58.73 202.42 305.28 393.09 0.0003577
desk 0 0 -10 95.66 127.10 415.66 298.64 0.0003318
bed 0 0 -10 1.33 1.67 297.13 50.53 0.0003195
table 0 0 -10 271.18 110.90 506.78 215.76 0.0003009
bathtub 0 0 -10 15.92 15.41 568.78 251.65 0.0002668
bathtub 0 0 -10 0.00 0.00 330.96 87.34 0.0002593
table 0 0 -10 35.25 274.78 181.76 370.03 0.0002590
bathtub 0 0 -10 0.00 0.00 371.93 184.73 0.0002023
table 0 0 -10 90.66 93.79 404.81 259.61 0.0002022
sofa 0 0 -10 6.69 2.64 304.70 67.74 0.0001888
chair 0 0 -10 340.45 24.49 568.36 212.97 0.0001701
table 0 0 -10 37.55 53.63 357.59 329.99 0.0001686
bed 0 0 -10 13.62 23.64 575.46 282.82 0.0001642
desk 0 0 -10 21.00 17.73 467.60 367.47 0.0001571
chair 0 0 -10 287.35 114.90 546.64 283.00 0.0001568
chair 0 0 -10 17.62 252.79 281.37 441.00 0.0001568
chair 0 0 -10 354.73 120.82 524.88 229.05 0.0001558
chair 0 0 -10 120.69 126.64 356.34 330.50 0.0001552
table 0 0 -10 21.66 237.11 528.26 441.00 0.0001552
table 0 0 -10 106.33 186.93 238.55 322.76 0.0001518
table 0 0 -10 420.76 114.25 577.60 422.15 0.0001416
table 0 0 -10 14.45 0.06 491.56 90.61 0.0001397
chair 0 0 -10 43.48 18.78 536.34 271.38 0.0001364
table 0 0 -10 5.02 281.77 224.85 431.86 0.0001304
chair 0 0 -10 171.91 119.13 445.44 299.70 0.0001300
table 0 0 -10 336.23 80.44 500.27 199.71 0.0001294
table 0 0 -10 133.94 147.79 289.32 263.96 0.0001274
chair 0 0 -10 357.82 149.72 575.54 441.00 0.0001241
table 0 0 -10 419.74 127.80 524.09 215.03 0.0001240
chair 0 0 -10 221.72 77.02 432.81 240.61 0.0001227
chair 0 0 -10 354.07 70.75 493.89 199.82 0.0001198
table 0 0 -10 0.00 0.00 380.15 194.67 0.0001107
chair 0 0 -10 213.66 216.93 452.95 389.08 0.0001074
table 0 0 -10 564.82 134.71 590.11 277.85 0.0000951
table 0 0 -10 210.62 175.03 311.76 304.15 0.0000951
chair 0 0 -10 276.21 98.08 462.18 208.86 0.0000942
bathtub 0 0 -10 0.62 226.88 166.42 392.09 0.0000885
desk 0 0 -10 258.80 54.16 560.36 238.20 0.0000881
bed 0 0 -10 0.00 1.09 508.31 90.63 0.0000852
sofa 0 0 -10 14.29 244.72 554.30 441.00 0.0000843
bathtub 0 0 -10 32.11 103.85 318.04 268.43 0.0000820
table 0 0 -10 425.89 128.86 568.83 253.52 0.0000811
chair 0 0 -10 124.35 149.22 311.35 271.21 0.0000762
table 0 0 -10 68.60 241.44 202.80 393.85 0.0000696
table 0 0 -10 220.80 177.64 544.56 439.23 0.0000690
bathtub 0 0 -10 251.84 117.30 576.27 319.12 0.0000679
desk 0 0 -10 97.59 176.31 345.33 380.31 0.0000664
table 0 0 -10 245.32 185.53 496.41 279.45 0.0000651
chair 0 0 -10 463.42 107.53 577.71 232.56 0.0000600
chair 0 0 -10 480.10 93.73 588.90 324.17 0.0000596
table 0 0 -10 477.17 101.67 583.80 322.28 0.0000570
chair 0 0 -10 417.20 142.29 581.09 353.00 0.0000567
bathtub 0 0 -10 75.32 0.00 300.63 62.58 0.0000563
desk 0 0 -10 246.44 147.80 447.05 246.73 0.0000563
table 0 0 -10 76.99 265.66 298.73 436.68 0.0000548
desk 0 0 -10 215.21 190.04 481.39 404.79 0.0000525
desk 0 0 -10 0.00 1.76 327.68 82.47 0.0000524
sofa 0 0 -10 267.02 26.14 564.05 230.82 0.0000523
bathtub 0 0 -10 49.90 0.00 466.63 118.16 0.0000516
bathtub 0 0 -10 115.24 133.29 372.25 335.70 0.0000514
table 0 0 -10 119.02 228.75 433.02 332.72 0.0000503
table 0 0 -10 301.27 15.68 575.07 180.31 0.0000500
dresser 0 0 -10 52.33 9.76 488.59 330.37 0.0000498
desk 0 0 -10 126.41 191.09 334.90 311.77 0.0000482
sofa 0 0 -10 4.11 286.70 233.13 434.84 0.0000480
chair 0 0 -10 453.44 11.74 578.01 200.29 0.0000479
chair 0 0 -10 529.74 119.68 590.80 410.30 0.0000453
chair 0 0 -10 138.65 191.50 311.74 305.85 0.0000452
