chair 0 0 -10 244.27 72.36 422.73 254.95 0.9890098
chair 0 0 -10 178.60 179.73 511.09 441.00 0.9834936
chair 0 0 -10 6.91 119.46 235.52 416.60 0.9815037
chair 0 0 -10 413.67 115.79 555.03 299.84 0.9784976
chair 0 0 -10 318.81 60.43 427.49 211.46 0.7393848
chair 0 0 -10 433.51 72.68 532.35 188.85 0.6377191
chair 0 0 -10 0.26 105.51 141.59 379.62 0.6116655
chair 0 0 -10 217.61 120.99 462.52 336.35 0.5598900
chair 0 0 -10 375.56 45.81 450.30 195.60 0.4108541
chair 0 0 -10 54.32 148.30 344.57 438.30 0.3918323
chair 0 0 -10 436.97 80.72 575.62 237.32 0.3218827
table 0 0 -10 452.47 92.02 589.95 261.90 0.2726742
chair 0 0 -10 390.16 68.49 487.77 184.08 0.1578181
chair 0 0 -10 316.29 124.92 536.03 410.46 0.1451143
desk 0 0 -10 440.56 101.44 582.82 287.84 0.1119447
chair 0 0 -10 473.44 90.49 587.54 200.87 0.0850913
chair 0 0 -10 196.64 289.70 484.61 432.71 0.0842418
chair 0 0 -10 289.75 102.56 486.81 286.33 0.0791194
chair 0 0 -10 458.41 63.25 576.28 166.37 0.0499894
chair 0 0 -10 397.38 46.76 463.65 159.25 0.0480315
chair 0 0 -10 5.46 153.06 97.48 425.99 0.0331004
chair 0 0 -10 472.58 114.26 587.99 280.96 0.0279376
desk 0 0 -10 462.52 130.49 584.92 238.58 0.0235833
table 0 0 -10 258.30 208.21 511.84 438.13 0.0220008
table 0 0 -10 2.47 118.18 118.91 415.92 0.0213438
chair 0 0 -10 5.86 105.25 54.44 378.96 0.0203726
chair 0 0 -10 449.46 46.66 520.84 146.15 0.0201530
chair 0 0 -10 446.70 59.74 499.49 191.09 0.0194394
table 0 0 -10 379.61 97.62 583.77 312.32 0.0180270
table 0 0 -10 5.10 116.73 296.92 416.00 0.0158887
chair 0 0 -10 521.57 97.91 590.67 215.14 0.0157520
chair 0 0 -10 412.17 54.82 503.41 155.52 0.0128056
table 0 0 -10 3.17 166.45 65.39 417.25 0.0103639
chair 0 0 -10 557.82 87.80 590.76 218.91 0.0102953
chair 0 0 -10 328.71 51.60 423.31 138.87 0.0102914
chair 0 0 -10 466.84 69.45 521.82 168.39 0.0095766
table 0 0 -10 120.28 139.19 527.64 427.54 0.0093596
desk 0 0 -10 454.09 97.83 582.17 199.17 0.0093239
chair 0 0 -10 406.82 45.00 444.81 126.38 0.0089669
chair 0 0 -10 540.98 102.70 590.83 175.88 0.0088227
chair 0 0 -10 404.62 100.95 494.17 266.11 0.0085919
chair 0 0 -10 535.52 79.11 589.52 282.04 0.0080833
chair 0 0 -10 153.03 239.67 373.44 439.83 0.0079105
chair 0 0 -10 399.92 75.82 484.17 141.00 0.0072795
table 0 0 -10 377.66 72.69 568.02 211.70 0.0071974
chair 0 0 -10 219.34 342.92 451.30 438.48 0.0069949
desk 0 0 -10 1.85 142.04 86.40 399.52 0.0068744
desk 0 0 -10 9.25 118.30 293.57 426.84 0.0065653
desk 0 0 -10 373.54 65.89 577.06 240.87 0.0064337
table 0 0 -10 0.00 122.09 188.10 336.63 0.0062233
chair 0 0 -10 388.75 50.60 432.98 175.50 0.0058202
chair 0 0 -10 513.90 109.55 591.00 373.97 0.0056498
chair 0 0 -10 463.25 57.72 537.36 128.35 0.0052697
table 0 0 -10 458.84 94.31 584.31 184.43 0.0052519
desk 0 0 -10 184.39 206.22 519.36 439.53 0.0049672
chair 0 0 -10 310.48 48.02 485.08 178.41 0.0042673
chair 0 0 -10 412.63 28.28 581.74 142.02 0.0039643
desk 0 0 -10 0.03 95.11 146.05 377.97 0.0034461
table 0 0 -10 24.38 60.86 549.17 365.73 0.0033920
chair 0 0 -10 451.28 32.53 511.76 84.51 0.0032309
desk 0 0 -10 1.99 119.70 49.70 363.13 0.0031241
chair 0 0 -10 406.79 41.27 467.85 105.31 0.0031102
chair 0 0 -10 374.65 49.82 441.68 124.78 0.0031057
chair 0 0 -10 546.91 130.99 590.10 170.53 0.0030708
chair 0 0 -10 520.91 50.95 586.24 174.16 0.0029186
chair 0 0 -10 451.07 29.49 534.22 108.85 0.0028586
chair 0 0 -10 570.23 53.85 590.78 275.92 0.0028348
chair 0 0 -10 555.05 98.28 588.58 368.36 0.0027662
desk 0 0 -10 24.86 53.97 554.85 376.64 0.0024003
table 0 0 -10 175.85 177.03 408.12 438.38 0.0023582
chair 0 0 -10 457.38 97.11 574.09 140.90 0.0023072
chair 0 0 -10 424.87 70.25 473.09 186.70 0.0022649
chair 0 0 -10 191.43 125.86 335.78 383.94 0.0019738
sofa 0 0 -10 200.80 179.73 524.86 435.03 0.0019618
table 0 0 -10 0.20 120.72 31.87 369.99 0.0017547
table 0 0 -10 229.88 57.69 441.15 211.08 0.0016956
table 0 0 -10 261.92 83.28 491.60 242.21 0.0016393
table 0 0 -10 283.50 109.05 546.11 286.94 0.0015717
chair 0 0 -10 472.56 36.37 569.47 125.85 0.0015627
chair 0 0 -10 258.25 27.67 411.77 174.62 0.0014333
chair 0 0 -10 109.02 82.94 378.23 263.22 0.0014183
chair 0 0 -10 581.93 102.12 590.99 201.44 0.0013562
chair 0 0 -10 445.39 79.92 542.87 139.70 0.0013412
chair 0 0 -10 87.17 90.34 479.82 394.98 0.0012736
desk 0 0 -10 85.27 126.00 436.65 429.68 0.0011945
desk 0 0 -10 463.83 70.79 580.39 162.03 0.0011140
desk 0 0 -10 305.04 87.34 561.96 338.51 0.0011102
table 0 0 -10 473.01 140.13 589.56 361.95 0.0010647
sofa 0 0 -10 2.71 107.66 208.89 376.98 0.0010552
chair 0 0 -10 4.63 94.56 162.27 253.49 0.0010370
desk 0 0 -10 232.88 55.57 442.78 216.24 0.0010320
table 0 0 -10 208.49 127.80 479.21 358.39 0.0010262
chair 0 0 -10 560.45 151.71 590.92 299.35 0.0009630
desk 0 0 -10 0.00 6.55 577.95 157.87 0.0009288
table 0 0 -10 14.07 28.29 434.57 233.76 0.0009273
chair 0 0 -10 435.08 73.07 495.35 133.64 0.0008490
toilet 0 0 -10 1.80 100.89 203.59 372.44 0.0008480
chair 0 0 -10 579.80 72.76 590.97 250.92 0.0008406
chair 0 0 -10 239.43 74.38 380.13 187.39 0.0008245
toilet 0 0 -10 153.17 193.83 514.36 440.92 0.0008124
