chair 0 0 -10 346.46 19.81 569.62 313.86 0.9937453
chair 0 0 -10 20.49 197.43 306.60 441.00 0.9930868
chair 0 0 -10 0.19 138.23 171.41 400.56 0.9913872
chair 0 0 -10 225.07 16.24 427.29 225.43 0.9833815
chair 0 0 -10 161.65 10.86 321.37 185.45 0.9730031
chair 0 0 -10 125.77 0.57 246.01 140.62 0.9719138
chair 0 0 -10 1.54 95.22 82.91 332.57 0.9643279
chair 0 0 -10 97.14 0.73 186.13 77.41 0.8019341
chair 0 0 -10 72.46 2.21 173.59 122.23 0.6790368
chair 0 0 -10 425.86 1.63 576.12 39.11 0.4501215
chair 0 0 -10 0.00 79.53 37.18 255.86 0.4254787
chair 0 0 -10 54.37 2.08 138.46 95.44 0.2565872
chair 0 0 -10 425.74 0.00 579.84 131.52 0.2434768
chair 0 0 -10 77.24 1.47 144.95 57.53 0.2200443
chair 0 0 -10 509.88 0.00 590.04 123.14 0.2161064
chair 0 0 -10 127.86 1.10 232.33 77.93 0.2157045
chair 0 0 -10 50.86 2.22 262.18 106.23 0.2037195
chair 0 0 -10 27.56 336.35 201.59 441.00 0.1933909
chair 0 0 -10 185.99 5.02 315.04 113.80 0.1693313
chair 0 0 -10 2.77 290.54 165.90 436.57 0.1491939
chair 0 0 -10 70.31 7.94 368.56 155.90 0.1325348
chair 0 0 -10 256.98 22.30 511.18 268.73 0.0916307
chair 0 0 -10 335.51 0.94 445.21 76.30 0.0840767
chair 0 0 -10 411.61 1.23 556.27 73.08 0.0753115
chair 0 0 -10 173.27 0.00 257.90 85.26 0.0702735
chair 0 0 -10 311.73 0.00 436.98 122.95 0.0697967
chair 0 0 -10 0.08 233.01 61.50 334.11 0.0671418
chair 0 0 -10 84.84 0.00 219.99 172.96 0.0667337
chair 0 0 -10 3.28 159.73 154.70 307.65 0.0628884
chair 0 0 -10 548.74 0.00 590.91 103.73 0.0505448
chair 0 0 -10 3.57 222.52 116.66 426.82 0.0477770
chair 0 0 -10 46.18 1.23 107.19 48.60 0.0415711
chair 0 0 -10 131.35 160.37 513.28 440.81 0.0384567
chair 0 0 -10 173.94 40.37 330.20 321.86 0.0349615
sofa 0 0 -10 0.09 83.15 27.83 236.74 0.0338583
chair 0 0 -10 23.73 2.53 108.42 91.43 0.0337982
table 0 0 -10 519.00 16.41 588.37 143.48 0.0305081
chair 0 0 -10 121.34 8.85 376.56 273.93 0.0264900
chair 0 0 -10 352.00 1.03 442.45 36.93 0.0253424
chair 0 0 -10 110.14 4.77 261.42 220.65 0.0240670
table 0 0 -10 5.74 219.13 171.39 439.72 0.0225103
desk 0 0 -10 38.15 31.68 203.09 138.56 0.0221344
table 0 0 -10 0.00 126.03 84.80 367.30 0.0201395
chair 0 0 -10 0.72 79.62 19.72 247.94 0.0197841
chair 0 0 -10 450.62 0.28 560.43 16.13 0.0188441
chair 0 0 -10 111.34 132.49 310.58 376.66 0.0185585
chair 0 0 -10 510.19 0.00 587.54 38.28 0.0172153
chair 0 0 -10 1.30 145.71 51.47 356.34 0.0165905
table 0 0 -10 0.00 296.57 130.76 429.66 0.0145456
chair 0 0 -10 227.01 0.00 330.16 82.03 0.0121988
chair 0 0 -10 567.38 0.54 591.00 130.48 0.0119202
table 0 0 -10 423.80 2.12 567.98 41.39 0.0118833
chair 0 0 -10 265.21 0.00 528.56 42.25 0.0114525
chair 0 0 -10 89.68 0.00 335.65 60.38 0.0112530
chair 0 0 -10 8.85 1.67 96.24 45.86 0.0112177
chair 0 0 -10 44.94 113.16 202.02 335.57 0.0107360
desk 0 0 -10 0.00 124.12 81.60 366.42 0.0104739
chair 0 0 -10 462.65 30.86 577.97 293.32 0.0104534
table 0 0 -10 424.30 0.28 579.73 73.13 0.0103200
chair 0 0 -10 2.57 324.55 102.36 441.00 0.0097597
table 0 0 -10 29.02 7.74 232.04 138.03 0.0093750
table 0 0 -10 187.55 179.74 537.25 441.00 0.0092507
table 0 0 -10 434.01 7.57 585.88 141.81 0.0091176
table 0 0 -10 559.43 14.84 590.72 144.49 0.0083278
chair 0 0 -10 542.42 0.00 590.07 30.35 0.0082349
desk 0 0 -10 332.19 71.29 566.49 369.57 0.0078663
chair 0 0 -10 386.85 0.00 482.61 104.26 0.0076515
chair 0 0 -10 363.57 2.97 520.18 159.63 0.0073284
desk 0 0 -10 35.00 49.76 257.16 182.30 0.0070743
desk 0 0 -10 11.06 248.23 201.38 437.57 0.0070053
table 0 0 -10 28.80 51.46 257.67 180.12 0.0062676
table 0 0 -10 324.72 84.36 568.67 368.39 0.0061128
chair 0 0 -10 0.28 63.63 130.74 270.72 0.0058782
chair 0 0 -10 510.07 0.00 589.13 334.25 0.0054760
table 0 0 -10 85.82 4.26 187.62 88.52 0.0053475
sofa 0 0 -10 0.00 84.07 55.61 237.29 0.0047521
chair 0 0 -10 2.78 78.62 52.11 178.46 0.0046535
chair 0 0 -10 581.36 0.58 591.00 87.21 0.0045984
chair 0 0 -10 413.95 0.33 529.05 27.47 0.0045574
chair 0 0 -10 135.65 0.00 195.45 54.36 0.0043012
chair 0 0 -10 37.80 307.61 367.05 438.87 0.0041152
table 0 0 -10 21.69 222.37 357.24 439.09 0.0041051
table 0 0 -10 12.15 328.64 180.72 441.00 0.0041039
desk 0 0 -10 16.14 12.89 159.69 111.03 0.0038434
table 0 0 -10 0.13 84.80 27.48 237.64 0.0037851
desk 0 0 -10 3.90 156.64 146.43 425.90 0.0037429
table 0 0 -10 3.54 97.18 157.21 382.67 0.0037353
desk 0 0 -10 21.59 218.72 354.85 441.00 0.0035945
table 0 0 -10 510.60 12.88 587.19 349.98 0.0035301
chair 0 0 -10 2.09 247.73 29.93 372.52 0.0035286
sofa 0 0 -10 514.85 1.76 587.24 154.31 0.0034048
table 0 0 -10 480.48 2.60 586.02 104.21 0.0033638
desk 0 0 -10 108.32 183.17 549.97 441.00 0.0032921
table 0 0 -10 5.03 99.39 51.12 351.19 0.0031621
chair 0 0 -10 1.20 69.76 85.98 186.03 0.0031202
chair 0 0 -10 174.54 0.00 246.74 47.63 0.0031131
desk 0 0 -10 0.71 299.68 129.33 429.20 0.0030759
desk 0 0 -10 517.35 6.07 586.39 154.98 0.0029470
table 0 0 -10 98.78 6.86 287.11 130.12 0.0029176
bed 0 0 -10 0.00 79.24 28.02 240.18 0.0027255
