chair 0 0 -10 2.26 201.84 381.20 436.70 0.9972411
chair 0 0 -10 112.61 17.07 309.80 205.73 0.9899555
chair 0 0 -10 6.32 44.66 189.82 329.78 0.9848040
chair 0 0 -10 203.41 91.20 503.83 431.63 0.9824069
chair 0 0 -10 357.49 42.86 562.32 320.06 0.9371294
chair 0 0 -10 0.77 0.00 87.40 156.22 0.8953283
chair 0 0 -10 461.90 33.91 576.20 295.13 0.2205915
chair 0 0 -10 4.32 18.79 121.18 224.16 0.1725607
chair 0 0 -10 502.00 69.36 589.29 274.78 0.1014316
table 0 0 -10 86.97 72.98 546.93 408.49 0.0717728
chair 0 0 -10 47.70 43.20 297.60 349.36 0.0713870
table 0 0 -10 48.39 5.31 279.93 182.40 0.0679504
chair 0 0 -10 91.20 105.70 345.59 399.72 0.0536641
chair 0 0 -10 2.46 127.61 205.15 431.00 0.0509568
desk 0 0 -10 50.74 0.00 280.40 187.77 0.0417267
table 0 0 -10 4.90 15.58 207.94 232.06 0.0403416
table 0 0 -10 463.39 43.17 588.63 270.03 0.0352688
table 0 0 -10 14.43 3.79 575.15 96.81 0.0309981
chair 0 0 -10 163.66 42.19 375.92 233.88 0.0293426
chair 0 0 -10 11.66 192.21 119.40 437.32 0.0245937
desk 0 0 -10 10.86 2.67 588.02 98.19 0.0231202
table 0 0 -10 146.85 18.89 552.75 251.52 0.0228086
table 0 0 -10 7.89 94.18 184.69 401.87 0.0170810
chair 0 0 -10 205.51 89.80 465.52 275.42 0.0151642
desk 0 0 -10 90.26 63.99 550.84 413.17 0.0131095
table 0 0 -10 24.89 32.70 357.69 332.86 0.0127849
chair 0 0 -10 2.09 97.98 86.65 428.75 0.0119225
chair 0 0 -10 420.66 42.37 526.81 342.87 0.0109844
desk 0 0 -10 35.57 0.00 486.95 179.54 0.0098592
desk 0 0 -10 6.45 15.21 206.75 244.81 0.0095327
desk 0 0 -10 149.05 12.79 566.20 259.37 0.0083064
table 0 0 -10 510.24 72.60 590.29 244.20 0.0080215
chair 0 0 -10 1.25 2.83 62.11 292.39 0.0075330
chair 0 0 -10 53.99 33.09 223.85 255.30 0.0062655
table 0 0 -10 0.50 23.63 89.42 150.49 0.0060259
chair 0 0 -10 4.55 143.90 52.39 427.50 0.0059546
table 0 0 -10 345.69 34.80 563.16 304.83 0.0050620
table 0 0 -10 128.67 187.67 376.04 437.70 0.0048949
desk 0 0 -10 321.72 79.95 564.78 404.31 0.0044417
table 0 0 -10 194.66 147.49 448.96 415.41 0.0039425
desk 0 0 -10 10.47 91.60 180.29 398.64 0.0037746
table 0 0 -10 0.84 138.50 52.89 435.87 0.0031583
chair 0 0 -10 160.93 90.35 319.05 210.80 0.0028387
chair 0 0 -10 70.51 8.84 291.96 138.98 0.0026299
desk 0 0 -10 220.56 147.53 514.98 428.26 0.0025997
table 0 0 -10 2.22 189.18 90.98 439.37 0.0025155
chair 0 0 -10 366.08 42.21 507.92 236.49 0.0022212
table 0 0 -10 62.47 52.09 246.37 297.91 0.0021021
chair 0 0 -10 416.59 37.15 544.62 190.41 0.0020962
chair 0 0 -10 562.88 56.22 589.73 308.50 0.0020528
table 0 0 -10 80.41 9.19 367.22 137.30 0.0019010
table 0 0 -10 0.00 23.78 87.79 329.38 0.0017776
table 0 0 -10 114.25 100.16 333.84 379.59 0.0017438
desk 0 0 -10 12.48 130.07 412.56 421.50 0.0016930
desk 0 0 -10 1.05 22.60 87.49 150.78 0.0016628
table 0 0 -10 2.65 187.40 312.12 432.17 0.0016330
table 0 0 -10 272.64 77.38 526.09 380.06 0.0016310
table 0 0 -10 150.42 19.77 318.70 195.60 0.0015153
table 0 0 -10 2.05 30.83 122.52 217.85 0.0014379
table 0 0 -10 244.21 197.78 380.27 411.72 0.0013987
table 0 0 -10 209.81 10.63 546.22 149.33 0.0013827
desk 0 0 -10 24.24 22.19 355.45 346.36 0.0013366
chair 0 0 -10 511.82 174.40 587.28 299.29 0.0012971
table 0 0 -10 47.25 5.86 282.52 91.42 0.0011583
table 0 0 -10 176.00 203.15 343.77 358.58 0.0011476
table 0 0 -10 15.32 0.83 159.58 148.70 0.0011248
chair 0 0 -10 1.61 14.57 43.40 153.65 0.0011223
chair 0 0 -10 33.82 0.00 181.04 154.60 0.0011051
sofa 0 0 -10 66.56 8.80 330.67 205.91 0.0010358
chair 0 0 -10 512.24 202.27 589.47 256.55 0.0009595
desk 0 0 -10 415.41 62.95 553.74 335.13 0.0009488
sofa 0 0 -10 103.49 128.99 530.35 432.63 0.0009281
table 0 0 -10 425.69 76.25 520.58 361.62 0.0008837
desk 0 0 -10 2.53 178.29 274.34 401.80 0.0008695
table 0 0 -10 63.54 134.92 289.95 337.90 0.0008536
chair 0 0 -10 2.67 11.50 33.17 284.83 0.0008348
table 0 0 -10 255.12 179.26 556.04 441.00 0.0008275
chair 0 0 -10 428.23 71.70 582.03 433.36 0.0008126
chair 0 0 -10 236.75 126.68 443.97 217.21 0.0007909
chair 0 0 -10 324.78 219.56 486.16 439.74 0.0007582
table 0 0 -10 561.93 56.79 589.51 299.09 0.0007152
table 0 0 -10 158.20 249.59 370.90 334.17 0.0007087
desk 0 0 -10 5.87 127.41 47.06 431.68 0.0006986
chair 0 0 -10 329.09 64.23 462.00 232.67 0.0006683
desk 0 0 -10 464.81 37.77 591.00 272.96 0.0006485
chair 0 0 -10 316.44 19.67 548.04 173.84 0.0006412
desk 0 0 -10 4.81 36.27 92.71 237.59 0.0006248
chair 0 0 -10 173.20 192.78 346.51 356.53 0.0006185
table 0 0 -10 4.10 139.16 28.65 437.53 0.0006059
sofa 0 0 -10 4.64 174.80 310.66 440.95 0.0005988
desk 0 0 -10 50.09 4.62 282.14 91.52 0.0005899
sofa 0 0 -10 0.28 26.67 197.39 255.90 0.0005738
table 0 0 -10 0.28 272.03 32.14 421.97 0.0005714
table 0 0 -10 113.07 49.09 313.66 260.51 0.0005509
desk 0 0 -10 140.31 28.59 301.99 188.00 0.0005409
chair 0 0 -10 401.72 81.84 567.31 231.86 0.0005383
table 0 0 -10 293.51 54.06 520.72 249.56 0.0005354
chair 0 0 -10 539.83 199.29 589.51 293.86 0.0005306
desk 0 0 -10 1.94 184.69 90.74 433.82 0.0005257
chair 0 0 -10 0.88 93.60 44.21 345.43 0.0005175
