chair 0 0 -10 284.93 140.97 586.04 441.00 0.9945497
chair 0 0 -10 197.80 165.44 356.40 359.72 0.9765891
chair 0 0 -10 82.88 164.70 196.73 301.59 0.9350072
chair 0 0 -10 5.64 153.75 115.42 302.92 0.8635936
table 0 0 -10 2.78 177.74 218.17 328.97 0.6988564
chair 0 0 -10 2.41 148.73 70.31 261.93 0.5499120
chair 0 0 -10 28.77 147.00 125.57 252.36 0.5353878
desk 0 0 -10 11.47 171.65 202.73 321.48 0.4054913
chair 0 0 -10 118.51 157.77 203.10 269.96 0.3950581
chair 0 0 -10 210.57 152.64 421.72 426.51 0.2915981
chair 0 0 -10 9.16 143.92 66.51 213.67 0.1503308
chair 0 0 -10 70.80 198.89 208.40 345.84 0.1114338
chair 0 0 -10 479.84 149.05 589.69 425.08 0.1080355
chair 0 0 -10 1.45 139.93 44.09 296.29 0.1038155
chair 0 0 -10 23.25 172.12 164.76 323.26 0.0773820
chair 0 0 -10 34.73 149.41 115.31 210.38 0.0743019
table 0 0 -10 0.22 170.96 72.32 301.39 0.0553561
desk 0 0 -10 1.42 172.55 69.03 299.92 0.0536836
desk 0 0 -10 5.16 180.36 118.97 313.15 0.0516454
chair 0 0 -10 546.76 186.16 589.89 431.19 0.0509528
chair 0 0 -10 0.34 141.80 20.04 262.33 0.0459641
chair 0 0 -10 19.87 138.70 131.88 195.97 0.0457265
chair 0 0 -10 254.45 148.67 404.52 311.62 0.0450917
table 0 0 -10 0.00 163.27 33.84 309.88 0.0364934
table 0 0 -10 9.89 169.11 138.99 303.46 0.0352885
chair 0 0 -10 274.07 143.07 479.47 358.10 0.0334969
chair 0 0 -10 94.59 128.85 192.69 236.75 0.0318931
chair 0 0 -10 411.77 111.85 588.16 381.89 0.0308333
table 0 0 -10 60.72 174.58 319.80 359.11 0.0301565
desk 0 0 -10 0.04 161.79 32.82 308.90 0.0292122
table 0 0 -10 2.50 181.92 400.73 428.32 0.0287910
chair 0 0 -10 38.23 137.96 109.93 183.77 0.0281501
chair 0 0 -10 3.89 195.77 74.61 302.07 0.0276505
chair 0 0 -10 62.07 150.55 111.87 181.07 0.0261641
desk 0 0 -10 76.09 184.26 212.79 360.78 0.0240497
chair 0 0 -10 54.75 135.01 158.83 236.69 0.0232577
chair 0 0 -10 19.92 141.64 90.46 178.60 0.0223156
chair 0 0 -10 60.85 143.88 121.40 194.30 0.0220718
chair 0 0 -10 132.83 157.98 193.41 235.72 0.0218432
chair 0 0 -10 1.10 165.09 31.64 246.19 0.0206274
chair 0 0 -10 2.61 124.51 15.28 299.02 0.0202888
desk 0 0 -10 33.54 177.82 285.41 385.35 0.0185148
chair 0 0 -10 527.45 119.74 590.14 392.33 0.0139983
table 0 0 -10 65.28 175.75 222.13 281.29 0.0139338
table 0 0 -10 0.00 166.72 20.39 282.73 0.0133120
desk 0 0 -10 0.00 167.41 19.42 282.86 0.0132279
desk 0 0 -10 68.77 175.95 218.33 281.03 0.0129693
chair 0 0 -10 1.47 149.00 41.37 215.74 0.0117930
chair 0 0 -10 1.56 162.21 12.11 259.53 0.0116467
chair 0 0 -10 5.69 131.78 64.12 187.88 0.0112484
chair 0 0 -10 5.21 160.63 19.36 232.10 0.0109524
desk 0 0 -10 1.00 187.11 44.07 260.29 0.0095251
chair 0 0 -10 15.92 142.03 54.05 171.15 0.0094922
chair 0 0 -10 12.88 151.37 31.99 210.47 0.0091945
chair 0 0 -10 114.98 154.44 244.89 328.18 0.0091100
chair 0 0 -10 5.11 135.54 226.00 240.05 0.0079319
chair 0 0 -10 2.22 135.53 7.80 260.14 0.0074205
chair 0 0 -10 2.67 199.97 38.28 308.15 0.0073670
chair 0 0 -10 558.70 123.65 585.10 389.15 0.0068174
table 0 0 -10 390.36 60.39 589.29 301.10 0.0066813
chair 0 0 -10 17.03 147.37 55.38 189.92 0.0066611
table 0 0 -10 0.51 165.95 46.17 253.35 0.0064665
table 0 0 -10 215.83 172.00 555.10 435.75 0.0064526
chair 0 0 -10 237.64 157.54 340.65 304.54 0.0062350
chair 0 0 -10 99.17 107.45 219.82 286.14 0.0061920
chair 0 0 -10 35.62 188.50 124.05 274.98 0.0061221
chair 0 0 -10 278.42 208.05 456.11 437.18 0.0058046
table 0 0 -10 64.75 213.97 214.72 347.27 0.0056888
desk 0 0 -10 31.31 166.75 150.77 288.16 0.0056159
chair 0 0 -10 0.35 176.88 23.33 309.18 0.0055722
desk 0 0 -10 395.18 52.58 591.00 306.47 0.0053371
chair 0 0 -10 165.50 231.36 291.98 363.63 0.0050330
chair 0 0 -10 1.25 118.26 90.92 197.24 0.0050123
chair 0 0 -10 0.55 129.11 11.81 230.38 0.0049786
chair 0 0 -10 59.31 176.01 396.34 429.31 0.0047953
chair 0 0 -10 82.75 161.37 321.43 358.23 0.0047710
chair 0 0 -10 336.16 125.34 574.17 306.95 0.0045986
table 0 0 -10 2.56 127.33 15.06 303.53 0.0042687
table 0 0 -10 557.09 182.94 589.77 423.48 0.0042192
desk 0 0 -10 3.19 167.82 10.53 277.51 0.0042134
table 0 0 -10 0.51 146.41 83.64 214.89 0.0040521
table 0 0 -10 0.92 168.08 10.74 273.65 0.0040072
desk 0 0 -10 11.30 156.08 437.46 417.60 0.0039469
desk 0 0 -10 2.58 126.79 14.65 302.34 0.0038309
chair 0 0 -10 33.93 134.13 86.61 224.72 0.0036367
chair 0 0 -10 1.39 197.64 30.18 237.61 0.0035516
table 0 0 -10 0.00 165.82 29.80 224.16 0.0032061
table 0 0 -10 204.50 202.21 376.22 416.94 0.0030988
table 0 0 -10 193.93 172.94 324.70 334.67 0.0030943
chair 0 0 -10 88.34 209.36 267.80 402.40 0.0030794
chair 0 0 -10 6.84 165.03 15.28 266.52 0.0030709
chair 0 0 -10 117.48 140.07 188.86 185.22 0.0029748
chair 0 0 -10 13.30 104.12 147.52 257.82 0.0028851
sofa 0 0 -10 0.96 147.20 70.82 277.71 0.0027602
bed 0 0 -10 3.90 159.01 126.90 302.55 0.0027424
sofa 0 0 -10 2.24 162.83 127.93 299.79 0.0023947
desk 0 0 -10 0.00 170.28 29.72 247.60 0.0023846
table 0 0 -10 529.01 164.73 589.52 418.14 0.0023601
bookshelf 0 0 -10 4.69 159.02 122.01 299.71 0.0023464
table 0 0 -10 123.46 164.97 218.99 264.17 0.0022798
