chair 0 0 -10 120.34 224.06 494.75 437.63 0.9849193
chair 0 0 -10 47.90 95.55 240.12 307.37 0.9740494
chair 0 0 -10 171.48 0.00 279.67 122.75 0.9419506
chair 0 0 -10 364.92 70.46 591.00 366.17 0.9162328
table 0 0 -10 55.46 134.17 591.00 438.90 0.9016804
desk 0 0 -10 1.39 14.50 155.42 238.01 0.8666747
chair 0 0 -10 378.85 77.54 589.08 227.77 0.7524670
desk 0 0 -10 15.16 8.60 238.74 125.53 0.7311394
chair 0 0 -10 77.99 104.00 312.15 409.60 0.6554640
desk 0 0 -10 1.21 43.93 205.54 318.25 0.4201889
chair 0 0 -10 256.06 109.66 576.39 428.00 0.4116448
table 0 0 -10 0.00 8.63 144.05 257.49 0.2358655
chair 0 0 -10 64.84 90.52 230.04 184.25 0.1977393
desk 0 0 -10 29.43 106.20 591.00 441.00 0.1907402
desk 0 0 -10 83.82 13.35 213.46 109.74 0.1664955
desk 0 0 -10 0.00 5.44 324.88 193.79 0.1363934
chair 0 0 -10 0.00 28.40 75.87 240.76 0.1303051
table 0 0 -10 1.26 45.86 208.82 310.19 0.1288881
chair 0 0 -10 512.89 64.04 591.00 246.03 0.1145500
table 0 0 -10 7.18 7.67 222.00 154.21 0.0940638
chair 0 0 -10 130.71 272.41 363.61 438.60 0.0939121
chair 0 0 -10 409.68 190.02 591.00 429.61 0.0933525
chair 0 0 -10 557.92 62.33 590.11 228.91 0.0918606
chair 0 0 -10 493.79 56.63 591.00 380.22 0.0873074
chair 0 0 -10 538.16 18.78 591.00 218.96 0.0859724
chair 0 0 -10 0.00 182.34 57.23 388.11 0.0721415
table 0 0 -10 0.00 148.76 52.10 379.49 0.0581030
chair 0 0 -10 182.29 1.67 248.91 91.37 0.0526920
table 0 0 -10 20.91 83.91 397.46 380.70 0.0473429
chair 0 0 -10 86.41 67.44 473.56 372.38 0.0364693
chair 0 0 -10 314.58 73.81 542.67 288.38 0.0338173
chair 0 0 -10 326.27 292.62 561.54 441.00 0.0306508
chair 0 0 -10 38.95 11.06 141.19 203.51 0.0277911
desk 0 0 -10 133.94 14.44 280.36 126.07 0.0276417
chair 0 0 -10 0.00 49.76 105.80 345.94 0.0254675
chair 0 0 -10 1.09 3.56 62.83 149.20 0.0227980
table 0 0 -10 560.80 62.64 589.05 217.81 0.0209571
chair 0 0 -10 21.38 73.56 169.93 338.42 0.0201903
table 0 0 -10 323.14 31.40 586.95 180.51 0.0201148
chair 0 0 -10 546.84 64.24 590.72 353.29 0.0198324
chair 0 0 -10 105.18 51.89 260.56 205.65 0.0184541
chair 0 0 -10 21.74 135.60 206.44 420.78 0.0181947
chair 0 0 -10 432.65 98.76 591.00 282.08 0.0174012
table 0 0 -10 0.00 101.70 94.62 260.35 0.0173608
desk 0 0 -10 317.28 29.35 591.00 186.07 0.0164923
desk 0 0 -10 2.52 61.82 104.33 258.10 0.0164535
table 0 0 -10 16.74 7.08 528.08 174.03 0.0150317
desk 0 0 -10 1.88 36.10 50.09 254.12 0.0144126
chair 0 0 -10 89.95 15.62 240.10 126.89 0.0124801
chair 0 0 -10 24.18 0.00 132.89 95.53 0.0112978
table 0 0 -10 4.21 119.62 147.69 339.82 0.0110030
desk 0 0 -10 25.64 160.21 198.23 322.12 0.0109945
chair 0 0 -10 60.37 2.49 276.71 158.91 0.0108642
table 0 0 -10 503.92 161.07 590.52 431.38 0.0108535
table 0 0 -10 409.02 80.97 588.45 228.34 0.0107879
desk 0 0 -10 0.43 56.43 65.37 393.75 0.0107412
chair 0 0 -10 150.33 78.77 567.76 246.08 0.0107200
table 0 0 -10 0.46 255.46 39.18 374.24 0.0105973
chair 0 0 -10 11.89 74.13 115.96 249.81 0.0104435
desk 0 0 -10 28.31 73.27 412.76 344.01 0.0103065
desk 0 0 -10 46.22 113.36 260.17 361.49 0.0100440
table 0 0 -10 2.58 146.07 61.35 240.70 0.0099294
chair 0 0 -10 565.98 21.12 590.73 185.93 0.0090570
chair 0 0 -10 0.39 253.17 50.29 347.12 0.0082699
table 0 0 -10 0.00 33.58 64.82 312.34 0.0080655
chair 0 0 -10 120.20 44.71 337.75 271.95 0.0079231
table 0 0 -10 1.78 219.19 25.44 384.27 0.0069879
chair 0 0 -10 211.50 0.00 288.11 66.04 0.0069850
table 0 0 -10 62.55 7.50 271.62 117.80 0.0069368
chair 0 0 -10 246.96 1.45 289.40 106.40 0.0067477
chair 0 0 -10 467.56 38.87 591.00 205.40 0.0062623
table 0 0 -10 430.29 185.97 591.00 441.00 0.0060950
table 0 0 -10 560.00 162.65 590.56 440.64 0.0059817
table 0 0 -10 0.00 171.23 105.45 398.76 0.0057848
desk 0 0 -10 27.90 87.97 147.76 310.43 0.0055172
table 0 0 -10 533.25 23.08 589.96 215.12 0.0054409
desk 0 0 -10 15.03 9.97 216.97 65.63 0.0054197
chair 0 0 -10 557.01 132.80 589.60 184.41 0.0053389
table 0 0 -10 2.31 139.08 14.47 390.02 0.0052120
table 0 0 -10 1.60 143.72 25.40 282.31 0.0050732
chair 0 0 -10 1.62 235.42 91.49 380.43 0.0050371
desk 0 0 -10 121.63 270.26 539.03 441.00 0.0050162
bed 0 0 -10 84.64 88.31 584.16 441.00 0.0048340
chair 0 0 -10 0.84 119.24 43.38 343.92 0.0047907
chair 0 0 -10 237.20 0.00 288.08 49.28 0.0047221
chair 0 0 -10 561.28 123.71 591.00 423.04 0.0046283
chair 0 0 -10 0.03 37.08 33.69 258.20 0.0045910
table 0 0 -10 266.33 78.50 586.37 247.02 0.0044809
table 0 0 -10 16.83 76.49 208.60 177.43 0.0042710
desk 0 0 -10 563.05 43.60 590.44 221.54 0.0040293
table 0 0 -10 181.29 3.28 289.71 122.08 0.0039375
dresser 0 0 -10 146.80 9.37 280.64 124.65 0.0038426
chair 0 0 -10 2.50 122.62 67.12 251.22 0.0038390
chair 0 0 -10 231.36 0.00 301.99 128.54 0.0037420
desk 0 0 -10 47.88 204.83 439.66 435.49 0.0036062
desk 0 0 -10 391.03 103.43 589.38 439.56 0.0034598
chair 0 0 -10 573.75 67.18 590.89 265.72 0.0034545
table 0 0 -10 218.17 213.33 549.57 439.80 0.0033094
chair 0 0 -10 128.99 4.67 219.73 110.33 0.0033075
table 0 0 -10 501.80 82.40 589.42 235.22 0.0033034
