chair 0 0 -10 172.69 148.60 530.47 437.36 0.9902354
chair 0 0 -10 101.56 98.93 332.07 373.39 0.9782178
chair 0 0 -10 45.60 89.87 182.71 283.26 0.9233689
chair 0 0 -10 6.30 55.30 143.72 232.68 0.6711416
chair 0 0 -10 340.84 145.04 524.24 416.36 0.0596427
chair 0 0 -10 0.00 6.43 139.05 165.63 0.0494312
chair 0 0 -10 0.00 28.49 71.89 178.68 0.0487641
table 0 0 -10 139.74 178.66 486.93 441.00 0.0432365
table 0 0 -10 18.11 93.08 134.38 248.61 0.0389516
desk 0 0 -10 21.06 90.14 129.77 249.41 0.0319722
chair 0 0 -10 2.34 1.51 76.00 85.28 0.0239602
chair 0 0 -10 65.52 88.05 294.39 275.60 0.0157245
desk 0 0 -10 48.36 58.38 586.37 361.61 0.0134869
chair 0 0 -10 4.11 54.60 125.81 142.68 0.0134464
desk 0 0 -10 78.41 153.90 472.13 440.98 0.0106198
chair 0 0 -10 2.04 45.30 46.65 163.56 0.0075354
chair 0 0 -10 399.96 155.29 583.26 423.97 0.0067459
table 0 0 -10 45.19 67.48 570.96 347.85 0.0067342
chair 0 0 -10 22.53 92.77 73.31 205.24 0.0065253
chair 0 0 -10 247.04 304.23 467.72 440.74 0.0054147
chair 0 0 -10 0.79 80.64 56.59 205.01 0.0047229
table 0 0 -10 33.09 111.05 215.57 340.17 0.0044062
table 0 0 -10 67.13 154.00 351.74 414.73 0.0043808
desk 0 0 -10 19.41 7.52 591.00 213.54 0.0043597
chair 0 0 -10 0.00 93.14 116.52 353.92 0.0035296
desk 0 0 -10 65.40 110.74 298.98 360.73 0.0026020
table 0 0 -10 0.00 90.65 122.15 347.27 0.0023673
chair 0 0 -10 142.88 259.42 474.12 436.89 0.0022826
chair 0 0 -10 2.76 118.50 67.72 182.89 0.0022413
desk 0 0 -10 36.16 107.62 183.41 297.05 0.0022050
chair 0 0 -10 65.15 118.35 242.22 228.83 0.0021572
chair 0 0 -10 2.64 98.89 97.20 189.51 0.0020781
chair 0 0 -10 454.48 264.71 589.57 440.88 0.0017241
chair 0 0 -10 106.49 140.22 299.13 255.77 0.0016016
chair 0 0 -10 2.15 72.66 50.25 125.83 0.0015814
table 0 0 -10 26.83 9.41 588.87 211.53 0.0015321
table 0 0 -10 47.29 130.09 222.18 255.90 0.0014846
chair 0 0 -10 144.79 91.50 430.26 280.81 0.0014564
sofa 0 0 -10 82.50 122.07 497.12 439.48 0.0014510
chair 0 0 -10 0.00 0.00 144.71 85.32 0.0013346
chair 0 0 -10 1.25 99.59 44.95 171.61 0.0013041
chair 0 0 -10 108.25 236.43 325.27 428.43 0.0012396
chair 0 0 -10 0.00 49.35 52.46 302.96 0.0012087
chair 0 0 -10 0.77 6.68 51.61 115.96 0.0011357
desk 0 0 -10 0.30 44.04 146.60 221.57 0.0011274
desk 0 0 -10 0.00 16.67 62.28 150.22 0.0011271
chair 0 0 -10 0.00 3.15 49.14 66.05 0.0011100
desk 0 0 -10 3.24 92.88 88.21 215.18 0.0010898
desk 0 0 -10 228.99 171.33 544.65 441.00 0.0009685
bookshelf 0 0 -10 137.83 0.00 567.98 355.63 0.0009184
chair 0 0 -10 13.05 2.25 72.87 52.38 0.0008962
table 0 0 -10 25.15 4.18 591.00 75.81 0.0008937
desk 0 0 -10 0.00 86.18 120.06 349.46 0.0008175
table 0 0 -10 478.61 266.37 589.22 429.46 0.0007977
table 0 0 -10 1.11 95.71 93.07 214.64 0.0007911
desk 0 0 -10 0.98 2.10 73.28 83.43 0.0007590
chair 0 0 -10 2.85 30.76 29.35 144.45 0.0007029
table 0 0 -10 461.95 159.56 590.89 409.36 0.0006664
table 0 0 -10 256.68 263.72 447.63 440.98 0.0006465
sofa 0 0 -10 77.95 104.13 309.51 356.05 0.0006465
chair 0 0 -10 0.00 145.47 53.75 425.35 0.0006216
table 0 0 -10 162.74 230.56 335.49 344.30 0.0005962
chair 0 0 -10 253.60 132.75 504.26 309.00 0.0005800
chair 0 0 -10 10.52 39.91 255.51 172.45 0.0005627
chair 0 0 -10 122.98 112.37 300.52 201.54 0.0005480
chair 0 0 -10 15.75 57.67 58.96 167.23 0.0005464
desk 0 0 -10 11.14 3.37 591.00 76.77 0.0005329
chair 0 0 -10 374.50 177.38 524.62 302.74 0.0005292
table 0 0 -10 0.00 4.52 75.82 62.72 0.0004878
bed 0 0 -10 82.79 131.50 485.22 440.44 0.0004813
chair 0 0 -10 523.24 284.03 590.98 431.55 0.0004721
bookshelf 0 0 -10 31.58 0.00 591.00 154.47 0.0004631
chair 0 0 -10 49.44 119.11 124.05 207.85 0.0004609
table 0 0 -10 167.31 249.73 383.40 438.08 0.0004487
toilet 0 0 -10 95.37 95.40 445.23 424.40 0.0004253
table 0 0 -10 0.00 21.25 62.88 152.06 0.0004230
table 0 0 -10 39.16 125.84 125.98 175.95 0.0004183
desk 0 0 -10 112.17 184.04 318.29 434.56 0.0004085
toilet 0 0 -10 75.03 107.13 300.82 369.20 0.0004055
chair 0 0 -10 328.11 352.76 572.93 441.00 0.0004029
chair 0 0 -10 0.92 11.81 19.07 159.70 0.0003957
desk 0 0 -10 18.37 54.81 264.15 254.32 0.0003897
table 0 0 -10 6.65 57.32 135.17 188.31 0.0003607
table 0 0 -10 0.91 201.18 56.27 433.57 0.0003566
bookshelf 0 0 -10 41.64 0.00 591.00 77.74 0.0003502
table 0 0 -10 223.25 142.54 527.53 376.66 0.0003470
table 0 0 -10 107.39 146.86 300.51 248.54 0.0003380
table 0 0 -10 103.39 87.14 299.76 319.33 0.0003370
bookshelf 0 0 -10 5.01 10.85 139.69 211.57 0.0003237
table 0 0 -10 394.51 154.76 520.75 345.74 0.0003090
sofa 0 0 -10 1.41 66.06 141.34 234.27 0.0003023
chair 0 0 -10 21.25 25.21 371.26 252.17 0.0003021
chair 0 0 -10 5.21 62.97 32.69 219.95 0.0002886
table 0 0 -10 23.61 117.04 107.21 197.53 0.0002821
table 0 0 -10 357.41 189.41 522.52 291.68 0.0002651
chair 0 0 -10 284.01 255.10 559.45 435.54 0.0002571
table 0 0 -10 3.51 166.40 115.87 432.24 0.0002543
chair 0 0 -10 498.42 152.56 587.01 425.52 0.0002527
bathtub 0 0 -10 39.16 0.00 591.00 203.25 0.0002482
chair 0 0 -10 3.12 55.80 70.12 121.16 0.0002461
