desk 0 0 -10 219.69 133.55 415.87 436.22 0.5552277
table 0 0 -10 224.33 137.22 412.98 433.56 0.2575905
dresser 0 0 -10 212.82 98.18 417.42 439.61 0.0467634
night_stand 0 0 -10 233.30 215.33 418.24 431.13 0.0173585
chair 0 0 -10 220.57 55.51 383.53 371.68 0.0168832
table 0 0 -10 259.53 224.60 412.71 401.80 0.0121652
desk 0 0 -10 166.33 154.14 544.15 441.00 0.0118772
desk 0 0 -10 42.61 109.54 436.26 441.00 0.0077539
bookshelf 0 0 -10 213.07 35.60 429.38 426.74 0.0071607
chair 0 0 -10 265.68 48.96 398.77 195.84 0.0071281
desk 0 0 -10 229.83 183.03 409.32 286.54 0.0067929
bathtub 0 0 -10 2.66 183.35 123.42 418.63 0.0046919
bed 0 0 -10 207.69 48.63 440.44 440.78 0.0037225
desk 0 0 -10 300.09 213.07 590.22 441.00 0.0037165
table 0 0 -10 52.85 115.33 422.57 441.00 0.0034312
chair 0 0 -10 238.92 146.15 410.51 428.34 0.0032651
table 0 0 -10 0.03 156.89 119.23 441.00 0.0032571
table 0 0 -10 308.78 215.33 581.10 439.55 0.0029911
chair 0 0 -10 214.85 88.36 312.62 377.76 0.0028043
night_stand 0 0 -10 213.62 82.86 437.22 422.12 0.0026603
table 0 0 -10 186.65 82.83 531.05 438.13 0.0026597
desk 0 0 -10 204.07 87.16 320.73 389.09 0.0025865
desk 0 0 -10 259.67 220.44 412.78 406.00 0.0024493
bed 0 0 -10 222.34 228.80 419.80 440.01 0.0024106
table 0 0 -10 227.64 199.74 404.48 304.70 0.0023545
bathtub 0 0 -10 388.43 205.50 589.32 428.55 0.0022584
dresser 0 0 -10 238.74 67.61 585.47 435.72 0.0016264
chair 0 0 -10 268.68 250.72 407.22 412.50 0.0014856
table 0 0 -10 171.60 274.35 389.41 439.65 0.0012045
table 0 0 -10 203.65 91.99 323.70 390.46 0.0011038
desk 0 0 -10 221.56 150.47 378.70 336.42 0.0010637
bathtub 0 0 -10 402.20 144.08 591.00 279.19 0.0010124
bathtub 0 0 -10 217.32 151.83 534.67 429.65 0.0009726
desk 0 0 -10 0.09 152.60 120.51 437.20 0.0008634
bookshelf 0 0 -10 208.72 69.91 317.09 395.24 0.0008540
dresser 0 0 -10 207.04 80.16 319.76 394.75 0.0008500
toilet 0 0 -10 220.98 125.00 429.02 440.32 0.0007666
chair 0 0 -10 159.09 118.02 321.28 427.00 0.0007523
chair 0 0 -10 269.25 32.86 423.09 290.03 0.0007170
bathtub 0 0 -10 219.48 258.40 420.32 441.00 0.0007156
dresser 0 0 -10 278.70 73.05 404.74 170.84 0.0006969
table 0 0 -10 227.51 214.31 337.17 414.19 0.0006887
chair 0 0 -10 0.00 93.90 145.14 435.82 0.0006509
chair 0 0 -10 212.37 180.02 322.52 322.87 0.0005914
chair 0 0 -10 308.03 240.75 562.72 439.38 0.0005772
chair 0 0 -10 456.85 3.57 591.00 194.63 0.0005710
dresser 0 0 -10 5.37 201.25 131.88 439.93 0.0005319
bookshelf 0 0 -10 226.01 201.63 414.89 434.91 0.0005298
desk 0 0 -10 232.20 174.41 341.14 407.37 0.0005296
table 0 0 -10 457.11 10.75 586.87 196.22 0.0005290
bed 0 0 -10 0.87 183.85 125.60 433.35 0.0004819
bathtub 0 0 -10 167.88 71.35 435.38 413.19 0.0004412
dresser 0 0 -10 248.42 250.11 425.73 432.19 0.0004256
table 0 0 -10 3.14 35.48 210.84 437.01 0.0004256
chair 0 0 -10 230.12 186.22 341.18 409.43 0.0004195
desk 0 0 -10 55.71 275.45 510.75 436.89 0.0004109
sofa 0 0 -10 226.63 234.81 417.19 438.04 0.0004072
dresser 0 0 -10 447.69 10.79 591.00 292.44 0.0004027
chair 0 0 -10 34.88 121.92 346.98 438.04 0.0003828
bookshelf 0 0 -10 280.30 68.49 404.09 172.66 0.0003787
bookshelf 0 0 -10 253.26 29.52 576.57 438.83 0.0003655
chair 0 0 -10 209.45 52.02 281.62 137.94 0.0003603
table 0 0 -10 6.81 276.65 157.36 441.00 0.0003444
dresser 0 0 -10 392.82 95.93 591.00 427.60 0.0003358
chair 0 0 -10 242.27 50.61 529.09 429.80 0.0003333
bed 0 0 -10 0.73 21.61 219.53 441.00 0.0003288
desk 0 0 -10 5.38 165.42 259.07 440.01 0.0003210
desk 0 0 -10 177.23 303.12 410.49 437.03 0.0003209
chair 0 0 -10 485.21 273.31 586.18 441.00 0.0003196
table 0 0 -10 236.00 57.47 389.84 197.06 0.0003191
desk 0 0 -10 135.52 10.66 567.03 387.38 0.0002936
bed 0 0 -10 55.90 269.42 506.85 437.55 0.0002909
night_stand 0 0 -10 280.32 73.71 406.31 170.29 0.0002885
table 0 0 -10 313.33 81.04 388.29 150.63 0.0002810
chair 0 0 -10 258.52 177.07 396.15 352.74 0.0002805
sofa 0 0 -10 215.67 74.57 436.45 419.88 0.0002780
table 0 0 -10 235.54 315.61 405.53 437.59 0.0002780
chair 0 0 -10 224.72 87.17 319.29 246.40 0.0002724
bathtub 0 0 -10 1.08 20.58 75.15 247.80 0.0002617
table 0 0 -10 324.00 250.28 407.98 415.96 0.0002612
table 0 0 -10 333.74 328.61 582.83 441.00 0.0002597
bathtub 0 0 -10 444.75 2.27 591.00 319.22 0.0002595
table 0 0 -10 425.03 242.03 587.13 441.00 0.0002565
table 0 0 -10 272.93 80.70 406.82 174.05 0.0002562
table 0 0 -10 156.07 330.31 477.68 438.13 0.0002539
desk 0 0 -10 271.75 78.13 407.25 173.41 0.0002417
bathtub 0 0 -10 32.95 261.19 209.48 437.37 0.0002398
toilet 0 0 -10 0.00 180.31 120.72 423.72 0.0002383
chair 0 0 -10 203.12 51.83 261.30 109.08 0.0002379
dresser 0 0 -10 126.55 224.69 414.93 438.36 0.0002337
chair 0 0 -10 109.88 247.07 491.66 441.00 0.0002306
chair 0 0 -10 151.49 329.00 479.42 437.47 0.0002302
table 0 0 -10 56.93 272.46 238.84 441.00 0.0002187
dresser 0 0 -10 304.57 221.22 585.10 436.77 0.0002135
table 0 0 -10 232.91 140.36 411.98 278.81 0.0002117
bathtub 0 0 -10 96.38 247.13 567.80 436.31 0.0002095
chair 0 0 -10 235.16 94.69 389.27 238.92 0.0002082
table 0 0 -10 5.02 384.38 119.60 441.00 0.0002081
desk 0 0 -10 221.35 70.99 403.28 292.49 0.0002034
chair 0 0 -10 100.71 217.66 307.05 439.18 0.0001904
