chair 0 0 -10 517.07 283.47 590.17 440.26 0.9510831
table 0 0 -10 296.00 221.35 464.75 343.52 0.8670876
table 0 0 -10 69.15 101.33 251.97 350.23 0.5692019
desk 0 0 -10 71.40 82.65 253.54 357.80 0.4118576
chair 0 0 -10 452.58 271.01 589.90 441.00 0.2544907
night_stand 0 0 -10 290.03 223.66 465.13 345.64 0.1212693
dresser 0 0 -10 1.36 3.70 122.41 368.01 0.0841721
table 0 0 -10 268.74 114.70 465.75 320.59 0.0552522
desk 0 0 -10 288.34 225.70 461.31 343.02 0.0524395
dresser 0 0 -10 68.12 90.31 260.67 355.32 0.0495924
table 0 0 -10 468.70 262.39 591.00 341.75 0.0400561
chair 0 0 -10 484.41 262.85 591.00 376.62 0.0297263
desk 0 0 -10 34.65 56.44 491.31 363.00 0.0233665
night_stand 0 0 -10 66.99 103.72 257.79 353.92 0.0218019
chair 0 0 -10 531.16 303.47 589.02 399.14 0.0200147
desk 0 0 -10 267.39 106.70 469.35 331.68 0.0194049
desk 0 0 -10 0.00 8.27 91.12 384.13 0.0183223
table 0 0 -10 530.52 303.13 588.60 441.00 0.0169558
table 0 0 -10 495.61 269.13 589.99 432.51 0.0158563
chair 0 0 -10 552.44 280.55 588.96 428.83 0.0131894
chair 0 0 -10 87.53 116.12 249.77 358.25 0.0127177
table 0 0 -10 301.49 241.22 458.12 287.23 0.0125408
bed 0 0 -10 0.00 0.00 93.72 401.14 0.0109166
table 0 0 -10 0.76 19.34 91.60 382.17 0.0101664
table 0 0 -10 65.73 71.62 474.71 352.54 0.0085974
dresser 0 0 -10 22.18 51.68 206.61 372.32 0.0085518
chair 0 0 -10 254.97 284.51 586.07 441.00 0.0085130
table 0 0 -10 114.73 160.00 253.74 317.83 0.0076073
table 0 0 -10 130.95 312.26 232.40 352.21 0.0064243
dresser 0 0 -10 0.01 0.00 63.16 383.09 0.0056903
chair 0 0 -10 511.88 278.02 560.40 419.66 0.0055560
bookshelf 0 0 -10 1.22 0.00 90.59 387.64 0.0052060
chair 0 0 -10 0.00 34.80 150.04 370.37 0.0051821
table 0 0 -10 122.29 245.05 242.02 353.57 0.0048547
chair 0 0 -10 462.29 260.64 561.26 347.14 0.0046078
desk 0 0 -10 470.94 262.10 591.00 344.41 0.0044408
desk 0 0 -10 1.86 60.35 193.02 381.33 0.0041112
table 0 0 -10 487.65 265.89 585.07 313.91 0.0039724
sofa 0 0 -10 496.14 280.16 591.00 440.42 0.0038227
bookshelf 0 0 -10 35.58 14.83 254.85 355.98 0.0037031
chair 0 0 -10 518.45 119.97 589.37 441.00 0.0036464
desk 0 0 -10 71.98 73.82 375.68 291.53 0.0032210
chair 0 0 -10 290.34 214.65 458.55 343.82 0.0031552
table 0 0 -10 0.00 3.95 83.80 226.01 0.0031097
dresser 0 0 -10 25.58 6.76 98.45 229.30 0.0030512
table 0 0 -10 282.75 242.68 483.93 407.87 0.0028454
chair 0 0 -10 135.45 185.89 249.51 347.39 0.0026073
dresser 0 0 -10 292.39 223.94 467.58 342.85 0.0026036
table 0 0 -10 311.22 224.69 454.23 270.95 0.0025805
table 0 0 -10 180.70 256.26 554.70 434.09 0.0024882
bed 0 0 -10 28.82 23.11 256.98 365.45 0.0024566
table 0 0 -10 10.25 72.15 194.97 379.78 0.0024492
chair 0 0 -10 570.26 272.07 588.76 421.99 0.0024034
desk 0 0 -10 497.08 265.26 589.95 439.30 0.0023450
desk 0 0 -10 68.94 86.45 236.49 220.34 0.0023402
table 0 0 -10 526.28 283.84 564.15 441.00 0.0022050
chair 0 0 -10 386.18 327.84 584.33 440.78 0.0021952
desk 0 0 -10 5.00 9.13 52.61 354.19 0.0019958
chair 0 0 -10 20.13 5.26 240.26 319.13 0.0019829
chair 0 0 -10 19.68 0.00 172.28 156.07 0.0018901
table 0 0 -10 5.59 15.95 53.09 356.54 0.0018794
table 0 0 -10 423.94 229.01 586.42 349.04 0.0018179
table 0 0 -10 477.01 207.50 589.56 400.22 0.0016807
desk 0 0 -10 541.97 284.70 588.54 441.00 0.0015616
table 0 0 -10 193.76 25.59 498.06 294.71 0.0015571
chair 0 0 -10 469.29 342.32 587.20 440.58 0.0015279
desk 0 0 -10 135.90 124.29 251.06 337.88 0.0015047
table 0 0 -10 257.33 54.38 439.05 253.47 0.0014364
chair 0 0 -10 0.00 15.22 67.05 389.43 0.0013982
chair 0 0 -10 544.98 291.32 591.00 366.80 0.0013315
chair 0 0 -10 547.46 185.85 590.53 378.39 0.0013162
chair 0 0 -10 543.90 383.33 590.92 441.00 0.0012319
bed 0 0 -10 502.42 276.57 587.58 424.41 0.0011807
dresser 0 0 -10 0.00 12.39 77.59 202.29 0.0010933
table 0 0 -10 255.69 251.12 309.64 285.97 0.0010367
chair 0 0 -10 344.14 237.85 554.50 374.11 0.0010296
chair 0 0 -10 172.55 117.64 253.50 336.47 0.0010195
chair 0 0 -10 474.03 151.39 584.48 345.98 0.0009855
night_stand 0 0 -10 111.13 158.17 248.81 330.08 0.0009772
chair 0 0 -10 164.29 0.00 254.36 81.68 0.0009758
sofa 0 0 -10 517.36 292.02 590.61 395.68 0.0009648
desk 0 0 -10 25.66 55.39 253.03 260.01 0.0009058
chair 0 0 -10 483.18 266.43 579.91 326.29 0.0008717
table 0 0 -10 556.23 279.92 588.36 420.53 0.0008544
chair 0 0 -10 540.05 331.01 588.93 367.84 0.0008336
desk 0 0 -10 172.53 251.31 572.89 436.13 0.0008193
table 0 0 -10 470.88 283.74 551.32 437.67 0.0008124
bookshelf 0 0 -10 8.67 8.19 50.99 365.86 0.0008102
table 0 0 -10 405.66 263.90 551.79 434.57 0.0007713
toilet 0 0 -10 64.43 123.75 247.42 377.29 0.0007580
sofa 0 0 -10 38.70 75.99 294.37 372.45 0.0007540
bed 0 0 -10 292.84 220.24 468.05 343.93 0.0007362
bed 0 0 -10 6.61 0.00 52.62 382.03 0.0007330
chair 0 0 -10 44.99 0.00 183.55 90.45 0.0007008
sofa 0 0 -10 295.57 223.24 470.89 341.41 0.0006987
table 0 0 -10 189.57 87.74 252.59 344.92 0.0006690
toilet 0 0 -10 290.15 220.10 470.60 344.78 0.0006682
chair 0 0 -10 2.19 0.38 93.07 208.99 0.0006543
desk 0 0 -10 289.49 235.76 523.16 391.79 0.0006453
sofa 0 0 -10 400.37 271.29 588.10 441.00 0.0006348
