chair 0 0 -10 446.90 50.99 590.23 269.87 0.9217535
table 0 0 -10 159.77 126.70 584.33 422.66 0.9049185
chair 0 0 -10 2.21 128.44 88.88 225.17 0.8420377
chair 0 0 -10 138.65 79.06 284.37 247.22 0.7961364
chair 0 0 -10 0.12 168.36 69.17 405.56 0.7959526
desk 0 0 -10 116.42 91.64 268.07 254.03 0.4791060
chair 0 0 -10 0.68 160.56 83.56 297.27 0.4770795
table 0 0 -10 116.22 90.68 266.68 252.32 0.3496346
chair 0 0 -10 514.23 58.11 589.21 279.69 0.2953813
desk 0 0 -10 158.44 108.95 570.37 441.00 0.2389953
chair 0 0 -10 192.04 70.07 310.76 229.22 0.2263023
chair 0 0 -10 1.60 172.13 48.17 289.87 0.1301038
chair 0 0 -10 3.55 141.79 58.55 214.27 0.1133648
chair 0 0 -10 149.59 79.43 270.51 172.96 0.1116356
chair 0 0 -10 170.61 201.73 414.65 432.65 0.1046393
chair 0 0 -10 552.01 64.04 590.34 288.17 0.0900368
chair 0 0 -10 183.08 80.94 271.96 136.43 0.0880893
chair 0 0 -10 363.21 64.35 565.59 293.31 0.0793851
chair 0 0 -10 166.96 4.10 293.44 128.90 0.0780145
chair 0 0 -10 241.04 61.82 337.88 208.73 0.0779372
dresser 0 0 -10 183.35 2.11 292.54 102.57 0.0772393
desk 0 0 -10 146.37 101.62 322.75 303.62 0.0679531
table 0 0 -10 145.84 101.34 328.43 300.62 0.0587956
chair 0 0 -10 2.55 132.50 41.88 360.81 0.0563774
table 0 0 -10 1.21 258.06 68.84 414.90 0.0450991
desk 0 0 -10 161.14 3.52 315.45 129.70 0.0355893
desk 0 0 -10 302.43 112.98 579.60 372.55 0.0326937
chair 0 0 -10 196.09 2.21 276.28 85.41 0.0321129
desk 0 0 -10 120.04 87.50 250.64 182.82 0.0315787
chair 0 0 -10 1.15 261.44 69.58 380.29 0.0285510
table 0 0 -10 426.79 125.48 585.44 279.60 0.0262493
table 0 0 -10 150.89 89.41 438.17 367.67 0.0256129
table 0 0 -10 170.29 227.33 458.43 435.61 0.0254225
chair 0 0 -10 181.04 66.78 349.59 304.74 0.0253903
desk 0 0 -10 169.62 111.78 428.57 350.10 0.0234870
table 0 0 -10 0.78 159.64 37.98 405.42 0.0233418
chair 0 0 -10 112.81 116.00 231.76 244.68 0.0231690
desk 0 0 -10 0.80 255.66 67.35 413.16 0.0230246
table 0 0 -10 0.79 167.49 63.42 305.95 0.0211238
chair 0 0 -10 0.00 122.49 30.71 299.33 0.0204981
chair 0 0 -10 348.61 120.29 575.50 409.25 0.0200418
desk 0 0 -10 170.06 226.39 453.73 436.80 0.0185212
chair 0 0 -10 0.03 135.12 42.04 190.63 0.0163976
desk 0 0 -10 125.48 48.81 292.09 201.31 0.0156330
chair 0 0 -10 219.95 178.85 533.03 431.07 0.0153686
chair 0 0 -10 27.87 192.11 339.51 436.78 0.0148777
table 0 0 -10 0.83 130.44 71.63 209.95 0.0148589
chair 0 0 -10 169.12 145.34 360.69 369.76 0.0134011
chair 0 0 -10 185.89 0.00 263.47 53.74 0.0128241
chair 0 0 -10 8.65 132.60 76.77 190.14 0.0121377
chair 0 0 -10 140.21 112.47 311.27 328.33 0.0120973
table 0 0 -10 160.94 4.41 312.09 128.11 0.0120246
table 0 0 -10 60.77 120.00 253.24 315.33 0.0115850
desk 0 0 -10 433.50 120.13 583.49 283.20 0.0109449
chair 0 0 -10 198.00 41.66 315.57 139.51 0.0108633
chair 0 0 -10 0.84 280.07 51.99 430.49 0.0100474
chair 0 0 -10 320.99 243.65 563.06 440.99 0.0098018
table 0 0 -10 123.00 50.22 290.41 199.30 0.0097839
chair 0 0 -10 28.30 157.33 257.55 325.74 0.0097716
table 0 0 -10 262.63 88.23 584.39 339.63 0.0097239
chair 0 0 -10 260.60 53.38 327.21 145.18 0.0094842
chair 0 0 -10 1.43 216.27 147.61 431.21 0.0094579
chair 0 0 -10 296.65 99.04 508.18 346.69 0.0093978
chair 0 0 -10 540.88 40.07 590.76 204.49 0.0092341
dresser 0 0 -10 115.20 79.12 270.06 251.15 0.0091688
chair 0 0 -10 2.76 134.30 39.22 238.24 0.0087765
chair 0 0 -10 542.66 136.75 590.85 423.33 0.0084560
desk 0 0 -10 58.60 113.57 255.92 318.25 0.0076056
chair 0 0 -10 202.85 0.18 292.00 42.76 0.0071850
chair 0 0 -10 236.59 5.90 317.19 126.92 0.0071144
bookshelf 0 0 -10 178.15 0.00 298.73 106.09 0.0068315
desk 0 0 -10 112.89 29.09 581.33 298.12 0.0067504
table 0 0 -10 551.41 157.16 589.75 414.20 0.0060885
chair 0 0 -10 470.76 87.04 586.16 193.54 0.0060736
chair 0 0 -10 0.67 183.22 26.09 329.93 0.0060530
table 0 0 -10 0.15 184.78 23.46 331.34 0.0054486
chair 0 0 -10 494.68 44.77 588.38 170.29 0.0051230
sofa 0 0 -10 0.47 249.64 67.53 409.60 0.0051188
chair 0 0 -10 572.30 42.22 590.73 273.59 0.0051182
chair 0 0 -10 0.40 139.17 15.76 287.27 0.0050890
chair 0 0 -10 224.60 79.32 275.49 185.19 0.0050358
table 0 0 -10 25.15 110.27 332.16 372.37 0.0049243
table 0 0 -10 452.69 71.43 590.04 241.26 0.0048987
chair 0 0 -10 6.10 111.97 130.24 257.16 0.0048323
table 0 0 -10 115.51 31.42 578.75 296.48 0.0048196
bookshelf 0 0 -10 123.71 88.21 271.81 260.38 0.0044334
desk 0 0 -10 1.62 131.06 70.69 209.97 0.0043350
table 0 0 -10 0.00 171.65 90.46 384.92 0.0040394
desk 0 0 -10 2.75 169.92 49.73 294.79 0.0040020
chair 0 0 -10 5.63 140.06 9.89 305.24 0.0039104
desk 0 0 -10 449.85 79.32 587.84 211.50 0.0038066
night_stand 0 0 -10 189.90 3.70 301.91 105.07 0.0037269
chair 0 0 -10 328.51 48.07 582.72 199.26 0.0035976
desk 0 0 -10 0.27 158.73 36.99 401.32 0.0035244
table 0 0 -10 0.44 171.49 42.30 264.84 0.0035141
chair 0 0 -10 2.83 137.19 9.25 277.30 0.0034923
chair 0 0 -10 259.50 0.79 302.50 49.87 0.0034556
chair 0 0 -10 204.64 304.01 444.52 441.00 0.0034491
table 0 0 -10 5.61 131.18 89.77 258.13 0.0034037
desk 0 0 -10 16.30 79.76 220.86 225.01 0.0033893
