chair 0 0 -10 9.91 159.46 314.19 439.04 0.9873720
chair 0 0 -10 214.90 49.54 351.49 204.66 0.9860439
chair 0 0 -10 390.96 63.92 588.79 352.44 0.9848776
chair 0 0 -10 272.00 54.14 457.77 250.27 0.9739528
chair 0 0 -10 2.53 110.22 161.84 334.13 0.9605004
chair 0 0 -10 161.78 42.85 284.06 170.93 0.8999552
chair 0 0 -10 112.92 49.36 215.86 145.98 0.4765545
chair 0 0 -10 321.98 18.15 427.17 92.07 0.3189787
chair 0 0 -10 0.00 82.39 100.22 256.81 0.3088446
desk 0 0 -10 402.69 57.78 588.97 310.38 0.2967184
chair 0 0 -10 483.19 0.00 591.00 144.67 0.2037737
chair 0 0 -10 56.70 45.81 139.37 126.75 0.1740069
chair 0 0 -10 327.68 57.26 511.33 286.29 0.1685454
chair 0 0 -10 284.87 19.23 497.49 111.43 0.1608459
table 0 0 -10 426.02 40.85 588.62 282.18 0.1456062
chair 0 0 -10 397.84 13.85 495.23 85.93 0.1262150
chair 0 0 -10 445.05 3.10 585.15 205.53 0.1208118
chair 0 0 -10 311.50 14.12 394.00 117.62 0.1153665
chair 0 0 -10 128.20 42.35 238.06 118.08 0.1145570
chair 0 0 -10 288.33 32.34 417.85 144.18 0.1044751
chair 0 0 -10 2.88 87.68 117.40 185.68 0.0992218
chair 0 0 -10 366.97 7.57 434.64 85.16 0.0990271
chair 0 0 -10 397.66 3.97 550.04 131.43 0.0957543
chair 0 0 -10 174.54 42.62 281.14 110.39 0.0902575
chair 0 0 -10 237.95 33.70 357.51 146.25 0.0896120
chair 0 0 -10 2.49 188.33 145.06 416.76 0.0876267
chair 0 0 -10 261.32 8.85 330.84 96.05 0.0853103
chair 0 0 -10 0.00 48.29 54.04 335.51 0.0808228
chair 0 0 -10 214.18 30.26 297.22 108.37 0.0634415
table 0 0 -10 1.18 145.54 147.81 349.67 0.0626425
chair 0 0 -10 33.40 34.60 177.07 140.60 0.0585918
chair 0 0 -10 205.52 44.17 322.96 133.98 0.0579587
table 0 0 -10 92.11 45.60 298.49 178.72 0.0547880
chair 0 0 -10 15.48 299.53 258.01 439.41 0.0530629
chair 0 0 -10 421.83 2.62 500.03 59.01 0.0511687
chair 0 0 -10 0.96 129.92 86.84 428.22 0.0502785
chair 0 0 -10 219.24 10.07 459.22 90.91 0.0448022
desk 0 0 -10 415.75 23.05 588.98 209.19 0.0413165
chair 0 0 -10 357.65 14.44 461.46 132.28 0.0412434
chair 0 0 -10 1.21 92.20 98.88 144.73 0.0411047
chair 0 0 -10 0.02 5.42 69.95 97.65 0.0387929
chair 0 0 -10 275.20 17.30 381.07 98.27 0.0387660
chair 0 0 -10 36.69 21.62 127.44 114.83 0.0366588
chair 0 0 -10 114.49 46.14 178.97 127.73 0.0339567
chair 0 0 -10 92.63 47.97 154.38 130.85 0.0335599
chair 0 0 -10 456.00 0.39 581.98 88.25 0.0325853
chair 0 0 -10 0.15 8.15 110.05 122.11 0.0317630
chair 0 0 -10 221.62 10.96 311.72 90.04 0.0301550
chair 0 0 -10 270.40 6.24 328.11 62.31 0.0294743
desk 0 0 -10 97.16 43.99 292.84 182.98 0.0241270
table 0 0 -10 74.89 52.52 225.88 138.64 0.0240833
table 0 0 -10 354.19 50.54 591.00 367.04 0.0237449
table 0 0 -10 27.85 216.13 323.42 441.00 0.0226448
chair 0 0 -10 221.95 5.35 282.44 56.49 0.0220270
chair 0 0 -10 0.00 45.22 86.09 201.01 0.0197625
chair 0 0 -10 2.11 95.70 35.17 382.46 0.0182137
chair 0 0 -10 519.00 6.36 590.07 261.98 0.0171917
chair 0 0 -10 186.29 13.97 263.73 95.46 0.0162629
chair 0 0 -10 297.30 5.60 390.84 74.78 0.0155467
chair 0 0 -10 87.72 32.82 188.82 101.08 0.0145879
chair 0 0 -10 72.85 50.37 239.94 188.01 0.0143645
desk 0 0 -10 1.04 139.28 143.64 346.49 0.0140430
chair 0 0 -10 412.70 28.55 511.49 208.51 0.0130604
desk 0 0 -10 350.48 58.12 527.26 230.52 0.0124584
table 0 0 -10 130.26 59.10 391.76 212.68 0.0124124
chair 0 0 -10 158.78 48.44 400.48 247.55 0.0115566
desk 0 0 -10 80.74 50.75 223.92 140.81 0.0114940
desk 0 0 -10 447.80 109.65 587.09 244.41 0.0112111
chair 0 0 -10 550.10 0.00 591.00 192.44 0.0111395
sofa 0 0 -10 2.31 93.90 157.00 277.16 0.0110509
chair 0 0 -10 161.70 19.67 236.37 101.85 0.0102633
table 0 0 -10 387.31 28.01 591.00 162.89 0.0092593
chair 0 0 -10 408.45 28.34 512.41 72.66 0.0089249
sofa 0 0 -10 12.76 120.92 261.39 347.07 0.0083924
table 0 0 -10 4.24 120.07 132.46 268.90 0.0082746
chair 0 0 -10 127.68 53.97 297.15 216.38 0.0073251
desk 0 0 -10 23.12 2.78 297.21 107.65 0.0072761
chair 0 0 -10 277.96 14.05 358.97 64.15 0.0072537
chair 0 0 -10 40.56 14.33 254.22 117.46 0.0072044
desk 0 0 -10 409.92 16.62 589.05 111.48 0.0068760
table 0 0 -10 178.90 48.29 334.84 178.74 0.0068310
table 0 0 -10 13.41 25.21 230.58 125.21 0.0064243
chair 0 0 -10 362.94 0.69 431.32 44.39 0.0063257
table 0 0 -10 16.49 21.21 447.12 145.57 0.0063232
table 0 0 -10 126.91 49.42 251.63 151.20 0.0063073
desk 0 0 -10 134.46 57.11 390.72 218.24 0.0061966
chair 0 0 -10 31.17 97.33 225.99 291.30 0.0061518
chair 0 0 -10 0.58 59.07 33.34 245.39 0.0057237
table 0 0 -10 4.00 178.04 231.85 411.20 0.0056843
table 0 0 -10 353.30 57.61 532.30 227.94 0.0055590
chair 0 0 -10 179.77 38.83 503.29 173.86 0.0053626
table 0 0 -10 57.37 104.95 476.76 416.70 0.0053584
desk 0 0 -10 506.89 34.76 590.12 318.16 0.0052963
chair 0 0 -10 167.73 49.20 234.03 138.96 0.0052750
sofa 0 0 -10 0.00 86.69 99.48 150.96 0.0051204
table 0 0 -10 54.33 46.77 146.55 126.28 0.0050871
chair 0 0 -10 502.87 86.38 591.00 309.77 0.0048843
desk 0 0 -10 18.60 205.66 324.52 441.00 0.0046840
sofa 0 0 -10 0.00 150.73 317.65 441.00 0.0045828
desk 0 0 -10 41.51 8.88 138.24 100.78 0.0045767
