chair 0 0 -10 59.98 123.96 344.04 425.83 0.9932140
chair 0 0 -10 272.91 92.70 482.86 341.06 0.9902839
chair 0 0 -10 120.03 68.82 243.38 227.64 0.9871274
chair 0 0 -10 217.10 54.33 339.90 187.68 0.9792158
chair 0 0 -10 221.22 276.47 584.06 438.70 0.9624512
chair 0 0 -10 0.64 77.22 108.19 224.86 0.9171202
chair 0 0 -10 4.27 157.81 97.60 432.66 0.8586385
chair 0 0 -10 94.45 42.21 178.13 159.01 0.7854543
chair 0 0 -10 2.97 52.81 81.70 159.09 0.4711002
chair 0 0 -10 431.17 262.59 586.65 438.13 0.4219118
chair 0 0 -10 103.35 323.16 423.16 440.10 0.3813493
chair 0 0 -10 1.36 113.28 85.05 311.59 0.3788595
chair 0 0 -10 0.00 157.03 191.93 439.69 0.3523679
chair 0 0 -10 105.63 60.87 220.66 168.98 0.2904727
chair 0 0 -10 81.89 78.91 258.53 288.52 0.1358776
chair 0 0 -10 170.00 51.38 275.91 169.94 0.1179220
chair 0 0 -10 184.02 35.82 276.39 123.61 0.1091291
chair 0 0 -10 0.51 61.70 51.18 207.73 0.1009461
chair 0 0 -10 40.62 67.49 206.17 216.85 0.0978796
chair 0 0 -10 185.95 112.95 376.32 360.30 0.0846809
chair 0 0 -10 297.09 171.69 507.86 398.98 0.0738793
chair 0 0 -10 21.47 42.73 106.69 140.33 0.0719609
chair 0 0 -10 223.03 68.40 413.77 283.41 0.0711313
chair 0 0 -10 6.34 91.78 149.80 271.77 0.0700411
chair 0 0 -10 11.31 323.86 276.86 441.00 0.0681089
chair 0 0 -10 152.63 51.57 228.39 148.42 0.0669697
chair 0 0 -10 157.48 44.43 313.92 234.18 0.0578097
chair 0 0 -10 217.43 44.41 316.93 136.21 0.0494408
table 0 0 -10 24.11 189.57 418.03 439.05 0.0455916
chair 0 0 -10 3.17 70.96 65.03 130.99 0.0441303
chair 0 0 -10 137.24 35.51 341.19 147.47 0.0428302
chair 0 0 -10 47.83 40.28 142.79 138.61 0.0365612
chair 0 0 -10 506.87 243.09 589.70 435.23 0.0355303
chair 0 0 -10 210.23 395.84 513.30 441.00 0.0277718
chair 0 0 -10 140.05 385.23 398.99 441.00 0.0257581
chair 0 0 -10 0.00 142.38 50.35 399.51 0.0238621
chair 0 0 -10 29.96 41.72 84.91 112.84 0.0215036
chair 0 0 -10 0.21 60.81 30.50 272.62 0.0210739
table 0 0 -10 186.00 302.76 472.18 441.00 0.0209468
chair 0 0 -10 1.33 67.09 34.86 171.79 0.0202288
chair 0 0 -10 17.60 54.11 143.57 171.69 0.0167417
chair 0 0 -10 69.51 33.29 156.89 112.65 0.0163280
sofa 0 0 -10 258.10 273.94 591.00 441.00 0.0148011
chair 0 0 -10 68.72 55.05 111.38 157.77 0.0125709
chair 0 0 -10 93.39 52.80 166.43 119.24 0.0119383
table 0 0 -10 483.79 223.68 590.19 430.63 0.0117138
chair 0 0 -10 139.60 42.47 200.47 137.52 0.0107431
chair 0 0 -10 0.90 72.43 22.12 199.64 0.0107228
chair 0 0 -10 152.72 259.83 352.41 435.95 0.0103352
chair 0 0 -10 225.80 33.17 284.37 127.16 0.0102605
table 0 0 -10 0.00 65.19 28.09 282.14 0.0100665
chair 0 0 -10 3.53 126.62 42.24 284.91 0.0095308
table 0 0 -10 188.86 236.56 564.46 438.11 0.0090630
chair 0 0 -10 99.98 13.84 308.60 114.64 0.0083807
desk 0 0 -10 19.14 181.19 418.86 438.06 0.0080234
chair 0 0 -10 72.62 274.26 241.00 441.00 0.0077063
chair 0 0 -10 169.16 50.43 260.28 105.01 0.0076498
table 0 0 -10 2.06 78.46 175.12 255.62 0.0075604
sofa 0 0 -10 452.71 254.95 587.68 441.00 0.0075495
table 0 0 -10 15.76 103.35 291.77 375.67 0.0074013
chair 0 0 -10 185.01 59.41 246.79 143.01 0.0066853
table 0 0 -10 303.53 287.67 586.12 438.93 0.0065977
table 0 0 -10 40.46 265.65 203.63 441.00 0.0065752
chair 0 0 -10 164.35 68.76 259.39 123.94 0.0065367
table 0 0 -10 0.16 178.11 78.08 401.71 0.0062821
desk 0 0 -10 302.98 285.56 590.79 437.40 0.0054368
table 0 0 -10 2.64 104.49 82.36 304.71 0.0053512
chair 0 0 -10 52.04 45.80 141.06 95.45 0.0051351
chair 0 0 -10 340.33 232.24 587.46 413.00 0.0051022
desk 0 0 -10 464.53 260.88 588.58 436.67 0.0050731
chair 0 0 -10 75.18 36.34 140.53 82.97 0.0048670
chair 0 0 -10 2.58 63.49 8.32 220.00 0.0047352
table 0 0 -10 7.23 196.41 169.16 441.00 0.0043532
chair 0 0 -10 10.40 50.55 98.33 98.30 0.0041869
table 0 0 -10 220.83 101.44 473.34 315.71 0.0039055
desk 0 0 -10 9.41 55.07 129.35 131.16 0.0038280
chair 0 0 -10 192.76 29.00 267.22 79.18 0.0037549
chair 0 0 -10 548.26 248.67 590.67 435.48 0.0037043
table 0 0 -10 24.69 332.14 322.21 441.00 0.0036369
desk 0 0 -10 0.00 48.64 208.22 250.35 0.0035581
table 0 0 -10 1.07 65.40 68.78 145.64 0.0035432
chair 0 0 -10 9.42 24.52 179.74 115.87 0.0034751
table 0 0 -10 122.67 117.00 531.45 391.44 0.0034406
table 0 0 -10 60.20 69.72 237.75 235.89 0.0033963
table 0 0 -10 1.17 84.88 44.27 127.05 0.0032905
desk 0 0 -10 160.34 57.78 275.35 141.88 0.0032505
desk 0 0 -10 227.10 101.35 471.99 319.29 0.0028996
desk 0 0 -10 188.63 300.98 470.24 435.90 0.0027946
table 0 0 -10 157.08 58.92 277.81 140.62 0.0027245
desk 0 0 -10 102.40 65.65 240.43 186.49 0.0025894
chair 0 0 -10 317.27 406.63 552.39 440.32 0.0025599
table 0 0 -10 550.16 241.11 589.78 437.84 0.0025018
chair 0 0 -10 25.40 28.15 144.49 87.24 0.0025007
chair 0 0 -10 262.06 51.21 339.66 133.97 0.0024700
table 0 0 -10 117.14 63.28 254.06 174.54 0.0023859
table 0 0 -10 9.78 61.21 115.52 167.01 0.0023617
desk 0 0 -10 1.58 160.14 84.22 428.46 0.0022979
table 0 0 -10 0.48 73.49 20.41 196.39 0.0022621
desk 0 0 -10 2.01 64.35 67.99 144.32 0.0020483
chair 0 0 -10 5.86 90.71 17.33 297.14 0.0018164
