chair 0 0 -10 263.92 177.20 410.75 377.68 0.9874371
chair 0 0 -10 396.93 204.07 517.29 348.46 0.9219180
desk 0 0 -10 53.67 173.30 378.07 346.34 0.7915061
desk 0 0 -10 331.73 194.04 571.46 362.50 0.3605919
desk 0 0 -10 142.25 178.26 566.82 393.32 0.2160078
desk 0 0 -10 0.26 141.04 96.80 319.46 0.2144159
table 0 0 -10 49.37 173.49 341.41 337.09 0.2116079
table 0 0 -10 28.27 167.97 561.27 350.49 0.1893734
desk 0 0 -10 468.32 173.50 587.72 366.09 0.1683667
chair 0 0 -10 275.72 142.13 390.85 311.18 0.1543039
chair 0 0 -10 315.57 170.51 475.89 365.66 0.1491635
chair 0 0 -10 376.57 137.69 533.33 340.05 0.1009347
desk 0 0 -10 519.98 189.12 590.58 357.29 0.0887167
table 0 0 -10 326.84 199.06 547.90 346.24 0.0832756
table 0 0 -10 207.94 190.59 517.14 361.52 0.0729741
dresser 0 0 -10 541.86 199.39 591.00 358.59 0.0723835
table 0 0 -10 433.67 184.48 584.34 359.62 0.0580019
table 0 0 -10 141.63 181.56 399.06 361.44 0.0463196
table 0 0 -10 1.04 148.83 98.01 316.30 0.0437089
desk 0 0 -10 1.11 160.21 52.88 329.29 0.0281934
chair 0 0 -10 299.48 137.29 510.21 300.95 0.0278582
chair 0 0 -10 343.53 181.69 549.14 390.87 0.0208388
desk 0 0 -10 251.96 172.57 408.73 336.02 0.0204769
table 0 0 -10 514.49 195.41 586.95 362.25 0.0184091
table 0 0 -10 280.70 181.89 420.08 338.89 0.0163570
chair 0 0 -10 257.21 109.98 566.21 354.86 0.0135050
desk 0 0 -10 252.86 210.14 489.80 390.16 0.0134939
table 0 0 -10 401.22 194.18 538.29 311.64 0.0102523
table 0 0 -10 399.21 219.95 523.68 365.63 0.0097059
dresser 0 0 -10 501.71 180.32 589.38 366.73 0.0093848
desk 0 0 -10 550.49 207.33 590.88 361.03 0.0092789
chair 0 0 -10 285.54 127.63 384.72 187.71 0.0090520
desk 0 0 -10 290.52 152.31 531.40 301.95 0.0084026
desk 0 0 -10 35.02 174.03 416.28 245.21 0.0079243
desk 0 0 -10 400.85 215.89 520.53 366.98 0.0071559
chair 0 0 -10 89.51 126.83 169.10 206.50 0.0060075
bookshelf 0 0 -10 520.42 179.67 589.81 371.23 0.0059808
chair 0 0 -10 336.10 164.57 423.26 347.32 0.0059135
desk 0 0 -10 387.48 142.58 573.29 328.46 0.0056994
table 0 0 -10 30.32 173.67 413.59 245.59 0.0054023
table 0 0 -10 0.04 161.41 30.17 378.02 0.0053475
table 0 0 -10 1.22 167.76 53.81 330.13 0.0050112
table 0 0 -10 287.83 129.80 382.71 186.22 0.0040890
chair 0 0 -10 375.60 158.44 458.62 332.78 0.0040678
night_stand 0 0 -10 517.62 192.39 588.61 361.20 0.0039596
desk 0 0 -10 60.12 176.85 300.55 222.61 0.0038949
chair 0 0 -10 518.59 186.03 590.24 370.71 0.0038762
chair 0 0 -10 398.28 108.45 562.32 285.40 0.0038590
chair 0 0 -10 445.33 155.47 583.39 349.03 0.0037783
dresser 0 0 -10 567.43 213.60 590.52 364.21 0.0032759
desk 0 0 -10 14.29 154.79 172.78 326.16 0.0030980
table 0 0 -10 545.26 217.19 590.31 375.56 0.0030686
table 0 0 -10 385.79 146.81 569.88 324.05 0.0029615
table 0 0 -10 236.41 177.72 372.20 342.06 0.0029542
desk 0 0 -10 34.92 107.82 565.25 346.18 0.0029307
chair 0 0 -10 267.68 178.51 408.14 269.33 0.0028005
chair 0 0 -10 258.91 167.81 342.76 347.68 0.0027574
desk 0 0 -10 13.44 107.29 254.74 339.04 0.0026699
table 0 0 -10 287.51 155.13 535.12 301.42 0.0026174
desk 0 0 -10 392.95 185.40 526.02 308.52 0.0023764
table 0 0 -10 45.29 173.02 369.45 215.92 0.0022736
dresser 0 0 -10 1.24 105.53 129.07 321.85 0.0021981
chair 0 0 -10 244.04 177.17 390.36 230.95 0.0021609
desk 0 0 -10 20.11 131.21 424.61 210.85 0.0019584
chair 0 0 -10 4.16 106.77 106.44 314.55 0.0019229
night_stand 0 0 -10 546.53 215.95 591.00 369.92 0.0018703
table 0 0 -10 258.87 167.90 393.83 289.38 0.0017766
table 0 0 -10 227.79 241.92 435.33 407.69 0.0017743
sofa 0 0 -10 275.45 181.19 418.11 365.15 0.0017506
chair 0 0 -10 274.93 184.38 311.10 326.80 0.0016689
dresser 0 0 -10 395.04 174.45 559.33 358.16 0.0016472
desk 0 0 -10 235.61 177.19 337.92 343.41 0.0015723
table 0 0 -10 24.97 133.23 420.82 210.85 0.0015338
bookshelf 0 0 -10 394.73 164.33 556.14 354.93 0.0014797
desk 0 0 -10 29.13 123.61 302.63 245.92 0.0014342
table 0 0 -10 344.35 142.28 526.79 216.23 0.0013667
chair 0 0 -10 287.03 105.51 562.95 231.06 0.0013308
chair 0 0 -10 202.17 133.19 356.21 281.79 0.0012569
sofa 0 0 -10 290.20 126.10 382.77 189.38 0.0012482
chair 0 0 -10 405.91 231.63 510.23 280.45 0.0012368
table 0 0 -10 13.99 159.95 172.12 321.14 0.0012139
desk 0 0 -10 0.47 129.32 28.16 338.92 0.0011793
dresser 0 0 -10 579.04 213.67 590.78 381.00 0.0011763
chair 0 0 -10 68.51 200.52 524.51 414.06 0.0011720
chair 0 0 -10 105.69 174.33 298.39 332.00 0.0011449
dresser 0 0 -10 2.41 157.81 49.67 328.11 0.0011420
desk 0 0 -10 125.00 242.95 447.96 395.21 0.0011191
chair 0 0 -10 271.63 110.06 432.24 251.48 0.0010570
desk 0 0 -10 199.43 183.57 304.05 346.62 0.0010461
chair 0 0 -10 176.94 224.23 383.37 413.06 0.0010305
chair 0 0 -10 539.40 13.50 590.03 327.11 0.0010303
chair 0 0 -10 408.07 144.08 588.30 244.34 0.0009917
bookshelf 0 0 -10 550.89 198.28 591.00 359.32 0.0009708
chair 0 0 -10 323.95 142.00 511.61 234.92 0.0009453
chair 0 0 -10 0.00 148.88 50.99 359.52 0.0009180
chair 0 0 -10 546.82 110.96 590.85 293.17 0.0008307
desk 0 0 -10 0.00 147.03 116.59 243.61 0.0008177
night_stand 0 0 -10 90.39 132.63 160.81 197.06 0.0008157
chair 0 0 -10 259.58 231.59 475.59 401.35 0.0008036
sofa 0 0 -10 394.02 196.07 541.03 346.18 0.0007889
