chair 0 0 -10 89.58 120.95 452.42 433.33 0.9925575
chair 0 0 -10 1.68 67.99 183.08 313.17 0.9882048
chair 0 0 -10 107.57 29.00 244.46 215.81 0.9878786
chair 0 0 -10 259.55 57.18 472.37 317.41 0.9843256
chair 0 0 -10 0.00 154.10 123.20 441.00 0.9649339
chair 0 0 -10 188.46 5.19 295.58 165.73 0.9627573
chair 0 0 -10 0.45 14.56 98.83 158.15 0.8968168
chair 0 0 -10 401.52 2.60 499.72 137.40 0.8567247
chair 0 0 -10 366.44 7.57 478.41 161.90 0.8456442
chair 0 0 -10 69.14 0.41 156.55 91.41 0.7818367
chair 0 0 -10 218.03 5.84 320.19 137.09 0.6961059
chair 0 0 -10 124.92 0.00 214.94 85.89 0.6355549
chair 0 0 -10 254.75 3.10 349.73 122.22 0.6346607
chair 0 0 -10 547.15 48.32 590.05 265.59 0.4808567
chair 0 0 -10 311.49 45.15 477.26 217.30 0.2504017
chair 0 0 -10 537.36 36.18 590.89 390.57 0.2458864
chair 0 0 -10 133.29 4.90 226.94 134.71 0.1950870
chair 0 0 -10 78.45 0.00 188.88 129.47 0.1818963
chair 0 0 -10 53.22 6.04 145.85 140.47 0.1731629
chair 0 0 -10 1.10 4.95 69.46 122.41 0.1617770
chair 0 0 -10 0.00 87.37 234.67 427.80 0.1458378
chair 0 0 -10 558.08 225.89 590.73 397.14 0.1211337
chair 0 0 -10 329.59 6.57 449.23 129.28 0.1077324
chair 0 0 -10 0.27 137.96 62.35 430.77 0.1052604
chair 0 0 -10 34.51 33.21 199.49 246.29 0.0987508
chair 0 0 -10 102.37 65.56 358.80 340.65 0.0916146
chair 0 0 -10 362.25 2.91 473.41 91.95 0.0822874
chair 0 0 -10 409.58 0.64 503.02 71.61 0.0815867
chair 0 0 -10 84.14 30.53 288.15 280.82 0.0798060
table 0 0 -10 22.29 61.18 220.95 245.00 0.0748792
chair 0 0 -10 211.02 0.81 384.38 101.25 0.0696603
chair 0 0 -10 303.00 10.21 388.47 129.82 0.0687513
chair 0 0 -10 11.86 120.75 43.59 417.50 0.0681897
chair 0 0 -10 253.91 31.53 394.92 228.89 0.0617827
chair 0 0 -10 5.66 0.00 77.25 74.14 0.0616714
chair 0 0 -10 5.63 99.47 93.62 315.05 0.0598361
chair 0 0 -10 0.00 3.03 43.03 88.49 0.0588592
chair 0 0 -10 283.30 5.73 338.89 105.08 0.0572595
chair 0 0 -10 165.01 0.00 260.91 119.22 0.0558651
chair 0 0 -10 565.56 42.52 590.31 326.82 0.0510076
table 0 0 -10 559.84 236.28 589.90 406.79 0.0381152
table 0 0 -10 43.32 103.64 360.97 430.19 0.0310195
chair 0 0 -10 263.41 2.47 366.92 75.12 0.0300177
chair 0 0 -10 6.45 46.37 141.99 211.01 0.0288758
chair 0 0 -10 8.51 0.00 72.73 32.36 0.0284138
chair 0 0 -10 1.23 70.51 52.31 307.04 0.0272867
chair 0 0 -10 107.88 7.07 367.05 156.15 0.0269662
table 0 0 -10 548.66 72.64 587.98 343.19 0.0268232
table 0 0 -10 3.63 157.10 145.32 433.19 0.0253423
chair 0 0 -10 265.12 38.53 455.95 145.07 0.0180405
table 0 0 -10 574.15 251.84 590.60 409.14 0.0158570
desk 0 0 -10 24.81 59.76 221.80 250.99 0.0158165
desk 0 0 -10 549.82 72.97 587.83 342.57 0.0147545
chair 0 0 -10 359.32 10.93 488.71 281.57 0.0141926
chair 0 0 -10 8.23 91.05 27.14 437.14 0.0131661
chair 0 0 -10 320.33 40.88 372.13 124.23 0.0127136
chair 0 0 -10 0.00 0.55 39.72 48.98 0.0116861
chair 0 0 -10 546.76 0.88 589.53 74.38 0.0116420
chair 0 0 -10 523.65 184.35 590.47 396.06 0.0113950
chair 0 0 -10 379.21 0.00 458.73 57.22 0.0107979
desk 0 0 -10 246.00 86.97 477.42 330.17 0.0107960
table 0 0 -10 74.68 5.58 315.36 117.30 0.0106677
chair 0 0 -10 30.52 0.17 272.88 60.62 0.0104185
table 0 0 -10 223.38 28.08 467.07 259.39 0.0102751
table 0 0 -10 1.04 83.84 215.04 365.77 0.0100609
chair 0 0 -10 168.30 0.00 245.06 60.12 0.0100262
chair 0 0 -10 150.74 42.61 343.80 255.48 0.0099900
chair 0 0 -10 573.65 244.62 590.81 405.35 0.0094272
chair 0 0 -10 11.09 54.10 19.98 431.45 0.0091590
chair 0 0 -10 0.00 18.47 50.68 218.89 0.0088467
chair 0 0 -10 443.27 1.51 496.35 122.83 0.0087729
chair 0 0 -10 317.92 0.00 388.07 76.91 0.0084429
chair 0 0 -10 126.22 0.00 196.67 50.43 0.0075062
desk 0 0 -10 3.38 156.60 141.07 437.83 0.0074086
table 0 0 -10 567.26 51.52 590.24 325.53 0.0073976
table 0 0 -10 182.34 15.67 387.57 151.85 0.0064176
table 0 0 -10 58.61 23.95 283.48 214.92 0.0056237
chair 0 0 -10 0.71 3.79 23.72 112.67 0.0051126
chair 0 0 -10 218.44 1.42 293.99 73.68 0.0050075
desk 0 0 -10 64.27 96.20 451.00 409.59 0.0045991
chair 0 0 -10 180.42 0.00 233.41 31.97 0.0045721
table 0 0 -10 298.63 12.10 468.31 143.50 0.0041405
chair 0 0 -10 570.95 28.32 590.56 227.42 0.0040477
sofa 0 0 -10 544.21 114.54 590.39 408.74 0.0040373
chair 0 0 -10 364.75 0.42 581.71 50.80 0.0040085
table 0 0 -10 535.58 68.88 588.62 236.97 0.0039423
desk 0 0 -10 6.49 71.07 237.88 419.17 0.0036606
desk 0 0 -10 236.97 8.97 361.40 120.13 0.0036151
toilet 0 0 -10 558.92 234.05 590.93 413.87 0.0035346
table 0 0 -10 236.12 10.94 363.17 120.33 0.0035016
table 0 0 -10 141.01 18.13 248.37 170.52 0.0034918
chair 0 0 -10 8.60 2.45 21.57 56.24 0.0033967
table 0 0 -10 178.04 71.18 472.60 417.77 0.0031226
table 0 0 -10 363.77 25.92 477.60 203.63 0.0029797
chair 0 0 -10 500.02 40.90 590.87 292.23 0.0029425
table 0 0 -10 3.12 140.98 71.59 393.92 0.0029411
chair 0 0 -10 367.76 0.68 422.49 46.65 0.0027532
table 0 0 -10 0.24 201.08 51.20 441.00 0.0027105
table 0 0 -10 541.51 221.45 587.13 390.78 0.0026157
desk 0 0 -10 567.54 50.34 590.28 322.03 0.0026057
