chair 0 0 -10 343.67 91.03 567.72 421.04 0.9972716
chair 0 0 -10 0.43 151.26 177.94 399.87 0.9903808
chair 0 0 -10 293.29 45.12 430.33 243.09 0.9781728
chair 0 0 -10 92.65 157.40 360.22 440.09 0.9602687
table 0 0 -10 121.41 114.27 385.33 401.08 0.9526260
table 0 0 -10 10.65 75.48 427.48 329.61 0.2245571
chair 0 0 -10 320.41 55.08 497.91 322.17 0.1898558
table 0 0 -10 73.22 89.30 365.35 235.74 0.1607908
chair 0 0 -10 0.00 54.81 97.48 188.09 0.1106991
table 0 0 -10 4.89 185.18 176.71 425.83 0.0817764
chair 0 0 -10 245.09 65.78 398.27 292.27 0.0787997
chair 0 0 -10 0.28 153.35 50.93 417.43 0.0526072
table 0 0 -10 212.71 82.96 531.91 428.37 0.0493151
table 0 0 -10 246.87 89.52 422.78 347.41 0.0419966
chair 0 0 -10 174.11 102.93 275.15 240.85 0.0410669
chair 0 0 -10 0.10 125.15 90.90 371.00 0.0358896
table 0 0 -10 1.59 40.26 409.30 217.71 0.0264599
desk 0 0 -10 9.70 53.55 409.38 275.00 0.0232106
chair 0 0 -10 257.93 98.90 496.10 437.40 0.0231969
desk 0 0 -10 82.30 110.49 406.83 436.80 0.0219065
chair 0 0 -10 211.23 107.90 397.35 385.86 0.0218903
chair 0 0 -10 12.80 88.86 199.98 289.62 0.0200580
table 0 0 -10 47.13 112.61 261.28 321.61 0.0181199
chair 0 0 -10 129.31 113.92 308.84 322.17 0.0179560
chair 0 0 -10 4.65 48.45 169.00 220.13 0.0159408
chair 0 0 -10 208.10 99.30 342.19 230.90 0.0147995
chair 0 0 -10 48.40 61.92 270.85 241.75 0.0133596
chair 0 0 -10 249.76 253.57 382.74 433.12 0.0131612
table 0 0 -10 119.99 114.48 310.16 221.27 0.0123737
chair 0 0 -10 1.24 54.87 71.35 143.35 0.0116560
table 0 0 -10 350.22 163.39 534.78 432.26 0.0107058
table 0 0 -10 32.46 6.52 447.05 149.26 0.0104890
desk 0 0 -10 29.42 7.12 455.17 151.32 0.0084274
table 0 0 -10 219.97 108.06 358.86 330.49 0.0061164
table 0 0 -10 275.61 54.60 423.65 206.82 0.0058594
chair 0 0 -10 312.92 258.56 403.71 424.34 0.0057635
table 0 0 -10 300.02 72.92 472.73 320.21 0.0057048
table 0 0 -10 39.34 148.48 307.51 436.73 0.0056354
chair 0 0 -10 392.20 41.41 585.63 279.59 0.0052768
chair 0 0 -10 2.24 92.36 62.97 305.75 0.0043114
desk 0 0 -10 170.02 103.04 397.96 346.06 0.0042775
chair 0 0 -10 1.22 208.01 32.48 405.62 0.0035730
desk 0 0 -10 218.59 70.09 543.75 441.00 0.0034550
desk 0 0 -10 349.73 156.18 536.41 431.30 0.0033427
chair 0 0 -10 316.32 26.15 411.00 344.55 0.0030556
chair 0 0 -10 261.19 75.84 355.20 219.05 0.0029770
table 0 0 -10 209.10 79.71 410.60 235.70 0.0029174
chair 0 0 -10 41.40 121.43 149.24 360.19 0.0028333
table 0 0 -10 95.73 273.36 360.34 441.00 0.0025806
desk 0 0 -10 4.20 177.03 172.81 430.30 0.0025117
chair 0 0 -10 213.47 2.84 312.24 48.02 0.0024901
chair 0 0 -10 313.01 202.63 509.60 421.78 0.0024287
chair 0 0 -10 141.03 48.90 291.33 248.76 0.0021859
chair 0 0 -10 111.31 294.98 329.19 436.76 0.0021835
chair 0 0 -10 471.19 82.49 575.84 409.37 0.0021252
chair 0 0 -10 6.04 114.77 21.78 419.24 0.0021106
table 0 0 -10 311.37 117.58 392.86 380.17 0.0019477
table 0 0 -10 2.44 186.77 51.86 427.11 0.0016320
sofa 0 0 -10 81.55 131.26 371.57 435.60 0.0015171
chair 0 0 -10 318.56 266.46 372.85 396.41 0.0014080
chair 0 0 -10 259.26 0.26 326.81 38.56 0.0012868
table 0 0 -10 0.03 64.95 46.54 170.33 0.0011871
table 0 0 -10 42.00 0.52 515.98 78.42 0.0011588
table 0 0 -10 353.95 199.85 472.80 394.37 0.0010836
desk 0 0 -10 27.24 98.35 271.60 420.78 0.0010641
desk 0 0 -10 74.62 240.39 353.45 440.80 0.0010354
table 0 0 -10 328.74 161.42 415.52 360.26 0.0010220
desk 0 0 -10 290.26 72.77 442.77 316.33 0.0009662
chair 0 0 -10 0.32 15.71 120.30 143.47 0.0009364
chair 0 0 -10 0.38 50.64 47.17 112.92 0.0009353
sofa 0 0 -10 0.00 145.36 173.00 367.31 0.0009099
chair 0 0 -10 0.45 264.26 37.62 363.94 0.0009068
chair 0 0 -10 32.32 31.39 419.58 227.54 0.0008999
table 0 0 -10 219.45 1.08 427.77 125.74 0.0008952
table 0 0 -10 325.89 154.87 454.14 431.07 0.0008619
bathtub 0 0 -10 42.31 6.81 452.94 95.28 0.0008591
table 0 0 -10 1.76 249.70 17.82 431.60 0.0008506
desk 0 0 -10 129.60 115.36 365.67 221.71 0.0008468
desk 0 0 -10 312.54 46.08 434.51 215.01 0.0008329
sofa 0 0 -10 351.82 83.57 557.19 394.83 0.0008287
table 0 0 -10 0.00 123.86 135.31 378.91 0.0007987
chair 0 0 -10 251.65 24.86 414.07 173.46 0.0007673
desk 0 0 -10 21.37 70.06 252.19 258.84 0.0007639
table 0 0 -10 341.23 35.67 578.55 305.75 0.0007610
chair 0 0 -10 229.02 70.68 303.64 216.29 0.0007077
chair 0 0 -10 312.92 130.23 392.78 388.30 0.0007040
chair 0 0 -10 1.52 238.22 19.45 431.87 0.0007016
chair 0 0 -10 38.98 217.64 277.84 438.83 0.0007002
sofa 0 0 -10 0.09 41.65 381.23 214.35 0.0006513
table 0 0 -10 248.87 94.01 345.09 222.55 0.0006493
table 0 0 -10 4.84 65.54 215.31 220.75 0.0006330
chair 0 0 -10 2.73 50.62 33.22 155.97 0.0006055
sofa 0 0 -10 303.63 45.78 435.04 214.49 0.0006022
table 0 0 -10 0.00 132.13 84.31 171.54 0.0005785
table 0 0 -10 0.24 54.69 68.49 139.40 0.0005772
night_stand 0 0 -10 357.03 163.10 537.74 432.28 0.0005644
chair 0 0 -10 421.46 49.57 483.74 228.47 0.0005634
table 0 0 -10 0.00 102.95 70.46 187.92 0.0005566
chair 0 0 -10 426.47 81.80 534.96 330.11 0.0005452
table 0 0 -10 118.83 226.61 504.37 441.00 0.0005303
