sofa 0 0 -10 4.78 133.11 355.86 441.00 0.9629725
sofa 0 0 -10 332.35 73.54 588.48 414.77 0.6654001
sofa 0 0 -10 511.27 10.22 588.69 265.19 0.4133565
sofa 0 0 -10 528.23 19.62 591.00 148.45 0.3862181
chair 0 0 -10 330.43 90.25 589.27 437.64 0.1274093
sofa 0 0 -10 448.36 31.42 587.33 357.08 0.1231149
table 0 0 -10 341.97 172.49 587.07 425.88 0.0676584
sofa 0 0 -10 324.63 31.74 509.18 235.32 0.0432349
chair 0 0 -10 326.59 28.52 514.44 192.81 0.0426699
chair 0 0 -10 544.85 250.38 589.51 431.05 0.0424639
sofa 0 0 -10 2.68 198.08 88.39 437.57 0.0416084
sofa 0 0 -10 546.09 3.71 589.30 319.26 0.0300217
chair 0 0 -10 525.07 0.00 590.67 404.51 0.0237971
table 0 0 -10 558.43 282.88 588.93 414.71 0.0203707
night_stand 0 0 -10 342.63 167.86 587.72 440.75 0.0198513
chair 0 0 -10 499.35 197.89 589.56 437.54 0.0187640
bed 0 0 -10 5.92 161.28 354.18 438.75 0.0176567
chair 0 0 -10 557.96 278.63 590.24 406.21 0.0160506
desk 0 0 -10 334.63 160.25 582.18 441.00 0.0158980
bed 0 0 -10 325.41 135.15 588.41 438.40 0.0127996
dresser 0 0 -10 326.65 152.87 587.43 439.91 0.0103542
table 0 0 -10 554.19 207.51 589.41 437.70 0.0078828
table 0 0 -10 531.90 59.26 588.45 423.62 0.0076662
chair 0 0 -10 5.03 139.75 355.18 439.05 0.0068789
sofa 0 0 -10 6.16 134.20 301.24 297.67 0.0066437
chair 0 0 -10 567.65 321.70 590.58 387.13 0.0058556
sofa 0 0 -10 41.58 16.47 516.09 300.19 0.0057859
table 0 0 -10 568.53 324.48 590.01 387.56 0.0051775
sofa 0 0 -10 535.45 6.59 590.42 93.32 0.0047746
sofa 0 0 -10 190.68 12.92 541.29 181.07 0.0047088
table 0 0 -10 575.92 286.86 590.29 431.11 0.0044011
sofa 0 0 -10 4.50 141.11 135.93 424.99 0.0041538
sofa 0 0 -10 151.41 65.02 539.68 423.61 0.0032466
sofa 0 0 -10 418.77 16.07 578.84 233.17 0.0031878
chair 0 0 -10 376.85 223.41 586.20 436.69 0.0030895
sofa 0 0 -10 560.54 283.28 589.78 432.28 0.0029275
chair 0 0 -10 319.02 24.57 545.71 336.88 0.0027454
chair 0 0 -10 498.23 7.16 591.00 235.40 0.0026033
chair 0 0 -10 14.15 81.24 308.79 201.47 0.0025964
chair 0 0 -10 515.03 29.36 589.45 150.78 0.0024774
sofa 0 0 -10 509.72 71.89 590.47 159.59 0.0023599
chair 0 0 -10 553.82 329.83 589.94 372.96 0.0022686
desk 0 0 -10 560.52 313.36 589.98 390.27 0.0021246
chair 0 0 -10 448.76 19.24 591.00 346.54 0.0020046
chair 0 0 -10 53.15 134.26 293.95 180.60 0.0018897
night_stand 0 0 -10 548.72 265.37 590.35 429.81 0.0018422
sofa 0 0 -10 141.98 146.18 343.74 367.27 0.0017977
chair 0 0 -10 4.25 125.48 298.80 305.29 0.0017576
table 0 0 -10 78.25 176.67 390.11 441.00 0.0016830
bookshelf 0 0 -10 334.41 93.37 585.67 430.59 0.0016608
table 0 0 -10 574.85 172.78 590.50 421.93 0.0016500
desk 0 0 -10 549.51 252.21 589.79 435.32 0.0015137
table 0 0 -10 528.94 277.11 586.90 437.68 0.0014841
chair 0 0 -10 557.49 8.72 590.42 387.24 0.0013832
sofa 0 0 -10 0.04 178.09 64.52 364.28 0.0013801
chair 0 0 -10 574.24 282.36 590.77 425.18 0.0013620
table 0 0 -10 554.82 330.87 588.94 373.07 0.0013497
table 0 0 -10 66.85 117.39 304.10 174.83 0.0013210
chair 0 0 -10 580.91 329.64 590.73 389.06 0.0012076
sofa 0 0 -10 520.55 51.82 590.16 440.19 0.0012047
table 0 0 -10 4.09 210.67 84.34 423.85 0.0011944
chair 0 0 -10 188.12 16.53 481.32 236.54 0.0011158
bed 0 0 -10 59.96 114.01 302.02 174.73 0.0010752
sofa 0 0 -10 378.37 8.13 548.37 169.89 0.0010667
chair 0 0 -10 564.37 152.92 591.00 413.58 0.0010586
sofa 0 0 -10 573.58 7.33 590.59 312.96 0.0010388
chair 0 0 -10 521.89 169.60 590.70 364.05 0.0010135
sofa 0 0 -10 504.48 107.36 591.00 210.31 0.0009957
table 0 0 -10 322.45 36.42 508.14 230.77 0.0009540
table 0 0 -10 526.47 179.89 587.77 368.12 0.0009404
sofa 0 0 -10 575.59 283.39 590.27 432.32 0.0008905
chair 0 0 -10 557.06 350.22 590.51 387.98 0.0008671
chair 0 0 -10 553.34 303.86 590.22 353.40 0.0008563
chair 0 0 -10 152.90 40.77 378.78 190.22 0.0008275
bed 0 0 -10 559.85 279.33 590.51 432.99 0.0007745
table 0 0 -10 564.25 290.61 589.27 368.32 0.0007445
table 0 0 -10 557.27 352.75 589.07 388.22 0.0007382
night_stand 0 0 -10 555.48 307.75 590.72 393.21 0.0007349
chair 0 0 -10 158.65 107.40 350.79 285.69 0.0007222
sofa 0 0 -10 2.47 158.22 97.02 325.35 0.0007151
table 0 0 -10 496.90 208.49 586.75 440.92 0.0007120
toilet 0 0 -10 547.38 258.58 590.61 434.30 0.0006958
chair 0 0 -10 1.47 185.89 93.92 424.93 0.0006923
table 0 0 -10 286.33 328.71 575.09 438.90 0.0006910
sofa 0 0 -10 563.43 37.61 590.39 237.09 0.0006862
dresser 0 0 -10 548.78 257.59 589.68 432.10 0.0006758
desk 0 0 -10 532.78 41.04 588.48 415.62 0.0006739
table 0 0 -10 581.04 331.56 590.43 389.29 0.0006585
toilet 0 0 -10 330.91 112.93 580.97 439.18 0.0006409
bathtub 0 0 -10 330.02 133.04 583.22 432.83 0.0006354
sofa 0 0 -10 533.62 103.43 588.81 142.38 0.0006300
night_stand 0 0 -10 568.22 294.79 591.00 429.60 0.0006204
table 0 0 -10 517.49 38.61 586.36 151.44 0.0006120
desk 0 0 -10 568.98 289.60 590.64 435.26 0.0006083
table 0 0 -10 45.53 140.16 295.32 186.10 0.0006025
sofa 0 0 -10 558.23 6.12 590.01 158.75 0.0005915
table 0 0 -10 564.31 188.36 590.20 340.04 0.0005811
sofa 0 0 -10 568.38 323.64 590.35 387.12 0.0005712
table 0 0 -10 0.00 183.20 99.85 288.91 0.0005564
sofa 0 0 -10 31.87 309.44 351.08 440.67 0.0005446
