chair 0 0 -10 60.12 69.77 461.06 514.19 0.9900566
chair 0 0 -10 504.71 2.92 679.78 309.25 0.9881662
chair 0 0 -10 329.55 31.38 637.59 349.77 0.9729476
chair 0 0 -10 152.73 4.52 430.55 188.13 0.9409862
chair 0 0 -10 321.81 0.37 543.15 148.13 0.8340547
chair 0 0 -10 182.80 68.04 558.15 444.89 0.5989274
chair 0 0 -10 109.56 28.42 439.99 349.36 0.5923381
chair 0 0 -10 347.04 381.84 676.00 531.00 0.3007878
chair 0 0 -10 0.00 0.00 60.49 154.46 0.2808815
chair 0 0 -10 468.53 33.02 680.22 504.33 0.2188438
chair 0 0 -10 562.83 118.19 681.00 510.34 0.2034940
chair 0 0 -10 233.68 0.00 554.92 222.11 0.1635233
chair 0 0 -10 87.12 15.73 282.17 228.76 0.1327165
chair 0 0 -10 43.68 244.01 659.08 528.24 0.1069515
chair 0 0 -10 371.00 192.95 678.23 522.97 0.0941718
chair 0 0 -10 635.69 2.42 677.08 277.26 0.0686283
table 0 0 -10 589.28 191.32 679.86 531.00 0.0640375
table 0 0 -10 86.79 100.74 657.79 531.00 0.0604173
chair 0 0 -10 0.00 0.00 84.02 85.22 0.0497792
table 0 0 -10 0.40 2.31 62.81 163.27 0.0484607
chair 0 0 -10 551.94 376.05 676.89 531.00 0.0480842
table 0 0 -10 350.59 180.36 669.05 529.13 0.0392395
chair 0 0 -10 67.53 301.56 445.70 530.88 0.0389440
chair 0 0 -10 161.25 0.61 377.24 98.15 0.0362892
desk 0 0 -10 86.25 85.54 652.21 531.00 0.0293182
chair 0 0 -10 594.62 21.22 679.13 336.17 0.0287625
chair 0 0 -10 604.62 204.65 680.88 418.01 0.0273494
chair 0 0 -10 500.50 0.00 681.00 137.67 0.0229872
table 0 0 -10 583.54 376.62 679.29 531.00 0.0222430
chair 0 0 -10 47.00 24.63 310.49 444.71 0.0186261
chair 0 0 -10 657.40 0.00 680.81 282.15 0.0185111
chair 0 0 -10 0.00 23.20 63.71 98.14 0.0148755
chair 0 0 -10 0.04 0.00 28.73 173.73 0.0127625
table 0 0 -10 0.00 1.72 25.97 174.12 0.0124379
table 0 0 -10 389.05 357.65 669.97 531.00 0.0119179
chair 0 0 -10 631.30 132.14 680.06 488.16 0.0111094
sofa 0 0 -10 592.67 159.50 680.66 531.00 0.0108565
chair 0 0 -10 0.82 23.79 40.52 131.06 0.0105630
table 0 0 -10 141.96 308.58 638.78 531.00 0.0101953
desk 0 0 -10 588.09 177.02 680.43 531.00 0.0097631
table 0 0 -10 0.00 0.48 183.88 165.58 0.0082143
chair 0 0 -10 0.00 0.00 141.24 63.79 0.0081952
chair 0 0 -10 0.21 49.60 58.82 118.08 0.0080567
table 0 0 -10 631.66 166.87 679.63 509.94 0.0080187
chair 0 0 -10 0.00 0.00 106.32 182.10 0.0080035
table 0 0 -10 2.61 0.03 110.35 81.79 0.0068796
chair 0 0 -10 0.33 0.00 182.46 107.27 0.0068723
table 0 0 -10 16.52 51.95 260.35 531.00 0.0064691
chair 0 0 -10 0.66 10.51 61.82 66.28 0.0060439
table 0 0 -10 508.67 11.13 677.97 287.32 0.0058681
chair 0 0 -10 24.85 106.23 226.71 531.00 0.0057966
sofa 0 0 -10 606.36 206.57 679.45 426.06 0.0054946
chair 0 0 -10 0.73 0.00 61.08 42.69 0.0054091
table 0 0 -10 129.00 233.71 447.56 524.00 0.0050839
table 0 0 -10 520.89 145.43 679.98 525.43 0.0048700
chair 0 0 -10 171.20 351.92 644.10 524.50 0.0047045
sofa 0 0 -10 355.31 169.95 679.06 530.66 0.0045238
table 0 0 -10 611.99 194.40 676.91 410.60 0.0041115
desk 0 0 -10 357.58 167.58 664.15 529.65 0.0041095
chair 0 0 -10 264.66 0.00 505.99 77.05 0.0039743
chair 0 0 -10 22.29 302.79 268.33 531.00 0.0038107
table 0 0 -10 111.65 21.98 625.51 313.50 0.0038031
chair 0 0 -10 4.73 0.00 13.78 172.06 0.0036532
chair 0 0 -10 465.84 0.00 619.42 177.96 0.0033167
table 0 0 -10 71.47 76.06 386.73 527.66 0.0031697
table 0 0 -10 332.98 31.24 666.46 338.66 0.0030937
sofa 0 0 -10 308.87 370.53 676.46 531.00 0.0029315
table 0 0 -10 17.97 19.88 279.61 225.23 0.0029255
table 0 0 -10 0.44 47.56 37.71 146.82 0.0028577
chair 0 0 -10 34.62 7.93 244.14 178.58 0.0027871
table 0 0 -10 168.46 4.56 507.84 156.15 0.0026749
table 0 0 -10 479.34 0.00 679.91 135.91 0.0025728
table 0 0 -10 20.71 3.13 177.85 92.33 0.0025545
chair 0 0 -10 136.14 0.00 288.15 76.59 0.0025119
desk 0 0 -10 1.27 2.35 58.55 165.57 0.0024102
chair 0 0 -10 191.34 0.00 400.17 59.29 0.0023364
chair 0 0 -10 669.53 0.00 680.74 308.65 0.0022169
desk 0 0 -10 508.33 6.46 678.62 291.56 0.0021994
bed 0 0 -10 585.37 145.29 681.00 529.24 0.0021626
table 0 0 -10 0.00 17.88 50.49 117.88 0.0021186
table 0 0 -10 325.63 3.36 534.16 132.24 0.0020824
chair 0 0 -10 0.00 4.78 58.11 347.13 0.0020715
desk 0 0 -10 605.31 213.45 678.48 433.52 0.0020537
table 0 0 -10 287.06 5.44 619.21 193.03 0.0020533
table 0 0 -10 545.52 109.20 681.00 369.87 0.0019165
chair 0 0 -10 1.53 8.51 18.59 134.53 0.0018250
table 0 0 -10 4.62 8.78 12.21 173.99 0.0017288
table 0 0 -10 646.13 201.01 679.61 424.92 0.0016376
chair 0 0 -10 646.16 175.28 680.89 420.13 0.0016035
table 0 0 -10 92.62 56.81 454.91 264.49 0.0014817
chair 0 0 -10 1.87 2.80 10.96 156.20 0.0014571
table 0 0 -10 8.54 0.00 42.19 188.74 0.0014322
desk 0 0 -10 60.49 49.97 378.33 529.85 0.0014147
desk 0 0 -10 633.46 162.36 679.21 506.76 0.0013582
sofa 0 0 -10 146.14 0.87 466.01 174.51 0.0013560
chair 0 0 -10 0.00 0.00 4.90 163.03 0.0013422
sofa 0 0 -10 633.13 146.55 679.27 506.93 0.0013323
sofa 0 0 -10 569.47 374.39 678.30 531.00 0.0013266
table 0 0 -10 123.36 8.75 349.29 182.85 0.0012986
table 0 0 -10 6.62 4.42 16.76 166.08 0.0012872
