chair 0 0 -10 192.32 76.53 452.18 399.63 0.9935323
chair 0 0 -10 0.47 150.09 205.64 434.79 0.9902411
chair 0 0 -10 416.16 58.17 585.97 294.65 0.9614911
chair 0 0 -10 132.73 39.14 301.46 257.95 0.9568061
table 0 0 -10 291.77 10.57 585.05 239.42 0.9108874
table 0 0 -10 81.70 53.92 447.59 370.40 0.8862148
chair 0 0 -10 302.63 2.96 470.93 157.76 0.7180436
chair 0 0 -10 450.99 33.76 589.94 214.04 0.6553153
chair 0 0 -10 408.09 6.87 550.29 130.95 0.5674974
chair 0 0 -10 158.34 43.24 392.36 309.62 0.5490982
chair 0 0 -10 492.06 22.48 589.11 165.68 0.5415498
chair 0 0 -10 294.29 31.53 524.06 289.40 0.2143768
chair 0 0 -10 139.12 31.52 297.00 114.19 0.1847064
chair 0 0 -10 304.94 0.00 417.50 46.10 0.1846077
chair 0 0 -10 263.09 37.55 442.92 248.49 0.1775806
chair 0 0 -10 521.78 29.79 590.00 126.68 0.1513555
chair 0 0 -10 384.35 2.88 503.06 113.46 0.1334348
table 0 0 -10 219.42 19.59 481.36 267.21 0.1289870
chair 0 0 -10 385.63 26.42 523.68 216.69 0.1189276
chair 0 0 -10 513.24 35.43 589.44 250.37 0.1178224
chair 0 0 -10 40.21 131.04 228.16 326.16 0.1022563
table 0 0 -10 290.38 3.50 540.19 138.39 0.0969721
chair 0 0 -10 93.59 54.43 252.74 291.37 0.0925830
chair 0 0 -10 305.25 0.00 440.62 86.27 0.0909752
chair 0 0 -10 56.90 106.94 334.03 432.48 0.0821793
chair 0 0 -10 3.89 128.72 73.72 415.37 0.0791955
desk 0 0 -10 318.11 0.00 585.08 299.03 0.0760109
desk 0 0 -10 47.77 46.95 473.94 424.70 0.0738847
table 0 0 -10 396.95 16.44 582.79 170.61 0.0533919
chair 0 0 -10 0.00 9.59 34.72 141.22 0.0520735
chair 0 0 -10 122.36 23.75 283.74 167.25 0.0447353
chair 0 0 -10 1.61 141.41 33.80 415.42 0.0429402
chair 0 0 -10 490.35 2.41 570.91 97.15 0.0371893
chair 0 0 -10 454.58 2.45 545.95 88.21 0.0351563
chair 0 0 -10 144.58 31.16 373.87 199.16 0.0340282
chair 0 0 -10 314.59 0.30 491.59 26.40 0.0288406
chair 0 0 -10 546.89 13.96 590.39 167.26 0.0205370
chair 0 0 -10 235.13 0.00 397.57 145.30 0.0199093
desk 0 0 -10 295.23 9.11 557.24 175.63 0.0187539
table 0 0 -10 376.48 3.06 551.93 85.61 0.0157900
table 0 0 -10 270.60 26.08 439.54 207.16 0.0151473
chair 0 0 -10 333.70 83.67 572.57 357.69 0.0129468
chair 0 0 -10 494.47 0.00 558.29 35.39 0.0122288
chair 0 0 -10 395.67 1.77 546.12 30.19 0.0112923
table 0 0 -10 467.95 26.86 591.00 210.74 0.0110332
desk 0 0 -10 411.02 19.65 584.30 184.79 0.0106906
desk 0 0 -10 223.45 15.33 477.74 266.28 0.0102692
chair 0 0 -10 480.97 0.00 591.00 43.56 0.0098524
table 0 0 -10 214.69 167.36 437.48 435.74 0.0097613
chair 0 0 -10 392.22 0.00 524.08 67.80 0.0088213
table 0 0 -10 7.41 0.00 352.63 71.64 0.0087212
chair 0 0 -10 6.96 168.69 23.71 438.12 0.0083139
desk 0 0 -10 151.17 58.55 442.61 318.90 0.0078606
chair 0 0 -10 3.99 140.93 18.40 392.54 0.0075841
chair 0 0 -10 0.00 7.07 17.51 140.65 0.0072898
chair 0 0 -10 562.69 33.53 590.68 103.21 0.0071862
chair 0 0 -10 159.43 2.30 248.47 57.79 0.0069729
chair 0 0 -10 0.14 226.68 22.46 406.26 0.0067370
chair 0 0 -10 0.73 247.75 45.75 378.37 0.0067339
table 0 0 -10 319.49 0.00 523.86 44.06 0.0066979
chair 0 0 -10 179.75 2.02 236.50 44.55 0.0064967
chair 0 0 -10 259.39 0.00 364.81 72.72 0.0062177
table 0 0 -10 2.10 152.44 117.14 384.42 0.0061318
table 0 0 -10 298.89 0.00 482.02 78.89 0.0054579
table 0 0 -10 74.39 104.79 272.98 331.74 0.0053648
chair 0 0 -10 310.57 0.00 381.03 30.37 0.0053513
table 0 0 -10 366.18 74.87 582.46 328.58 0.0050870
desk 0 0 -10 216.53 159.94 437.52 436.44 0.0049178
chair 0 0 -10 0.08 0.00 34.01 49.90 0.0047846
chair 0 0 -10 0.00 0.00 67.92 103.98 0.0047436
desk 0 0 -10 392.88 8.56 582.26 113.23 0.0046195
chair 0 0 -10 216.70 154.84 394.56 435.50 0.0041448
chair 0 0 -10 0.00 2.88 45.58 75.12 0.0039489
chair 0 0 -10 263.63 0.00 338.94 40.03 0.0039394
table 0 0 -10 485.09 25.02 588.06 135.34 0.0037084
chair 0 0 -10 282.82 0.26 376.16 42.60 0.0036470
desk 0 0 -10 382.51 72.04 572.94 375.25 0.0036271
chair 0 0 -10 579.81 59.62 590.95 268.48 0.0034061
chair 0 0 -10 2.04 3.44 120.76 70.52 0.0031920
chair 0 0 -10 183.09 2.81 317.85 66.30 0.0031869
bed 0 0 -10 95.56 19.40 412.55 358.84 0.0030972
chair 0 0 -10 548.54 63.10 590.38 304.51 0.0030634
table 0 0 -10 10.20 125.92 282.63 430.34 0.0030454
table 0 0 -10 302.62 1.05 414.03 47.41 0.0030076
table 0 0 -10 3.41 125.72 66.01 402.00 0.0030074
chair 0 0 -10 4.09 164.58 111.57 326.11 0.0030008
chair 0 0 -10 565.72 32.98 588.83 181.61 0.0029148
chair 0 0 -10 572.77 7.27 590.91 143.23 0.0029139
chair 0 0 -10 316.45 0.31 409.82 21.02 0.0027503
table 0 0 -10 237.57 57.64 552.26 417.93 0.0027378
chair 0 0 -10 412.89 98.25 518.79 333.43 0.0026751
desk 0 0 -10 290.80 5.85 490.68 122.47 0.0026301
chair 0 0 -10 368.86 0.00 576.96 43.80 0.0025250
sofa 0 0 -10 95.42 32.19 414.55 348.10 0.0024598
chair 0 0 -10 37.02 2.57 323.67 77.36 0.0024515
sofa 0 0 -10 0.00 140.17 184.95 431.42 0.0022769
chair 0 0 -10 4.03 0.34 107.94 36.44 0.0022658
table 0 0 -10 410.70 5.94 520.25 116.01 0.0021567
desk 0 0 -10 276.13 30.87 434.43 205.50 0.0020473
table 0 0 -10 142.38 32.67 410.38 201.36 0.0019966
