table 0 0 -10 28.10 140.92 496.28 441.00 0.9430341
chair 0 0 -10 22.13 210.23 403.22 437.79 0.1307932
desk 0 0 -10 29.59 128.80 505.01 441.00 0.1073332
chair 0 0 -10 173.37 203.39 473.31 434.19 0.0928406
chair 0 0 -10 367.11 58.82 585.50 379.38 0.0658427
table 0 0 -10 397.74 198.71 550.16 335.97 0.0375981
sofa 0 0 -10 44.44 113.20 530.32 441.00 0.0246553
chair 0 0 -10 150.54 235.66 338.40 436.28 0.0204829
bed 0 0 -10 5.11 128.42 486.87 441.00 0.0150193
table 0 0 -10 0.00 124.48 157.51 416.49 0.0146378
chair 0 0 -10 233.74 7.65 573.53 392.51 0.0132795
chair 0 0 -10 6.50 288.81 320.54 437.31 0.0128418
table 0 0 -10 244.89 132.97 515.25 412.07 0.0118622
sofa 0 0 -10 269.14 35.49 570.82 398.80 0.0113138
chair 0 0 -10 309.55 186.87 560.28 430.97 0.0110693
table 0 0 -10 2.00 216.11 101.85 425.10 0.0089443
chair 0 0 -10 26.36 8.22 524.83 336.75 0.0088301
table 0 0 -10 6.60 107.87 280.42 441.00 0.0085765
chair 0 0 -10 393.57 167.25 565.61 364.27 0.0072562
table 0 0 -10 1.63 306.63 75.02 435.08 0.0045655
sofa 0 0 -10 16.88 13.29 546.83 334.77 0.0041327
table 0 0 -10 6.67 234.75 197.52 438.45 0.0039798
desk 0 0 -10 245.36 130.89 518.27 418.23 0.0031429
table 0 0 -10 8.22 26.80 540.05 338.56 0.0029168
sofa 0 0 -10 2.58 249.56 419.52 441.00 0.0029023
table 0 0 -10 346.48 84.12 559.23 379.52 0.0026868
chair 0 0 -10 357.41 287.22 525.25 434.12 0.0024895
chair 0 0 -10 6.52 313.30 170.32 440.98 0.0021795
table 0 0 -10 572.46 140.42 589.63 310.27 0.0021637
bed 0 0 -10 0.24 293.01 69.87 437.48 0.0021472
table 0 0 -10 368.53 226.59 561.28 379.61 0.0020539
chair 0 0 -10 2.97 234.18 108.73 430.77 0.0019097
bed 0 0 -10 126.24 22.08 573.42 414.45 0.0018204
desk 0 0 -10 365.72 166.17 541.82 373.26 0.0017868
dresser 0 0 -10 56.18 118.97 525.35 441.00 0.0014688
chair 0 0 -10 134.85 135.40 425.64 353.93 0.0014390
table 0 0 -10 108.37 179.57 367.68 438.05 0.0014148
chair 0 0 -10 198.12 269.88 394.35 437.68 0.0014030
night_stand 0 0 -10 60.96 130.47 523.30 441.00 0.0013931
sofa 0 0 -10 0.22 186.09 78.29 426.44 0.0012930
chair 0 0 -10 556.16 38.35 584.82 318.53 0.0012554
table 0 0 -10 217.30 335.88 396.94 441.00 0.0012053
table 0 0 -10 467.57 214.06 568.44 323.35 0.0011859
sofa 0 0 -10 343.44 17.97 580.82 285.12 0.0011049
chair 0 0 -10 567.83 25.56 589.60 313.65 0.0010188
table 0 0 -10 349.09 258.49 516.40 426.65 0.0010051
table 0 0 -10 563.15 181.38 589.70 224.05 0.0009798
sofa 0 0 -10 398.99 203.06 570.96 372.59 0.0009527
table 0 0 -10 2.91 256.38 113.98 356.28 0.0008916
bed 0 0 -10 0.00 112.13 68.32 405.36 0.0008869
bathtub 0 0 -10 59.63 114.78 544.37 427.43 0.0008869
table 0 0 -10 2.51 100.01 78.15 360.60 0.0008619
dresser 0 0 -10 319.51 13.01 587.60 346.07 0.0008550
chair 0 0 -10 111.11 92.09 312.37 282.46 0.0008422
table 0 0 -10 28.80 287.56 400.53 441.00 0.0008209
toilet 0 0 -10 83.01 104.44 521.38 441.00 0.0008108
table 0 0 -10 562.74 79.10 588.70 315.02 0.0007861
bookshelf 0 0 -10 67.39 81.63 517.33 433.86 0.0007226
table 0 0 -10 580.20 68.21 589.06 368.09 0.0006994
table 0 0 -10 584.06 185.61 589.67 327.60 0.0006719
table 0 0 -10 8.91 299.17 146.81 439.44 0.0006713
chair 0 0 -10 194.53 98.13 421.24 278.32 0.0006598
table 0 0 -10 0.06 190.97 89.80 330.59 0.0006503
table 0 0 -10 564.83 151.88 589.72 235.97 0.0006143
dresser 0 0 -10 552.50 90.14 589.53 295.28 0.0006139
chair 0 0 -10 575.00 186.10 591.00 318.49 0.0006013
table 0 0 -10 0.26 239.55 56.77 406.19 0.0005903
table 0 0 -10 581.21 189.55 587.90 313.91 0.0005869
bed 0 0 -10 0.98 312.31 40.94 440.88 0.0005588
chair 0 0 -10 169.58 325.92 485.18 436.11 0.0005488
sofa 0 0 -10 564.48 125.92 590.26 339.36 0.0005466
table 0 0 -10 340.99 164.58 525.45 334.47 0.0005419
sofa 0 0 -10 578.52 103.12 589.38 345.10 0.0005382
chair 0 0 -10 337.30 239.77 461.92 419.59 0.0005226
chair 0 0 -10 238.98 131.17 330.16 292.99 0.0005067
chair 0 0 -10 0.00 102.96 46.90 320.51 0.0004827
chair 0 0 -10 202.52 133.80 299.31 303.75 0.0004747
sofa 0 0 -10 0.00 137.75 156.65 436.74 0.0004721
chair 0 0 -10 563.26 151.80 590.59 232.31 0.0004702
bed 0 0 -10 578.11 98.54 589.70 345.37 0.0004657
table 0 0 -10 0.00 283.61 89.05 380.25 0.0004634
desk 0 0 -10 4.30 106.03 279.95 441.00 0.0004576
chair 0 0 -10 353.12 344.40 565.65 441.00 0.0004541
table 0 0 -10 575.35 214.70 590.42 316.12 0.0004527
table 0 0 -10 561.06 178.31 589.89 270.45 0.0004517
bathtub 0 0 -10 563.65 127.86 591.00 346.04 0.0004451
table 0 0 -10 560.29 272.82 589.55 436.15 0.0004412
chair 0 0 -10 534.17 36.26 588.36 280.39 0.0004382
dresser 0 0 -10 572.84 133.57 589.83 307.83 0.0004380
sofa 0 0 -10 2.16 289.67 68.93 438.72 0.0004367
desk 0 0 -10 109.85 184.93 362.36 439.63 0.0004138
table 0 0 -10 561.83 202.56 589.91 321.60 0.0004122
night_stand 0 0 -10 3.40 320.11 66.09 433.24 0.0003959
chair 0 0 -10 578.08 103.13 589.74 345.26 0.0003951
table 0 0 -10 0.00 43.86 206.53 337.28 0.0003815
bed 0 0 -10 351.18 44.14 570.33 377.31 0.0003802
sofa 0 0 -10 348.30 223.05 582.59 434.08 0.0003789
desk 0 0 -10 4.03 16.43 544.31 345.50 0.0003767
chair 0 0 -10 0.32 138.07 67.04 402.86 0.0003762
sofa 0 0 -10 575.63 185.32 590.82 317.88 0.0003739
