chair 0 0 -10 2.29 218.13 278.42 440.46 0.9955035
chair 0 0 -10 307.59 165.59 559.39 437.69 0.9913363
chair 0 0 -10 375.86 59.38 558.35 258.27 0.9868187
chair 0 0 -10 131.42 119.91 299.05 312.10 0.9867333
table 0 0 -10 210.46 110.95 436.73 394.23 0.9685091
chair 0 0 -10 93.25 82.05 188.44 196.51 0.8497298
chair 0 0 -10 364.76 25.43 466.98 160.02 0.6712215
chair 0 0 -10 121.86 107.25 223.50 228.77 0.6154671
chair 0 0 -10 258.42 51.80 329.49 123.60 0.5947060
chair 0 0 -10 255.63 62.91 334.88 231.63 0.4397879
chair 0 0 -10 332.23 81.07 560.99 351.66 0.4051738
chair 0 0 -10 199.38 112.64 307.64 264.29 0.2900725
chair 0 0 -10 355.91 21.99 504.88 223.76 0.2281697
chair 0 0 -10 543.26 41.59 590.42 123.83 0.2207151
chair 0 0 -10 98.99 86.32 182.31 146.84 0.1466625
chair 0 0 -10 411.21 3.36 492.12 124.25 0.1360279
chair 0 0 -10 205.47 50.10 269.86 143.47 0.1270032
chair 0 0 -10 190.24 81.10 285.09 181.11 0.1072080
table 0 0 -10 173.75 152.48 552.05 434.99 0.0973079
chair 0 0 -10 364.34 30.50 447.02 111.39 0.0868156
chair 0 0 -10 415.72 2.34 503.84 67.98 0.0861098
chair 0 0 -10 400.21 23.56 542.20 155.87 0.0838767
desk 0 0 -10 119.48 73.39 260.06 160.56 0.0786613
chair 0 0 -10 95.08 141.68 311.50 426.67 0.0755829
table 0 0 -10 169.87 112.19 361.56 291.25 0.0744045
chair 0 0 -10 138.13 77.89 269.71 227.37 0.0681527
chair 0 0 -10 154.41 48.15 346.03 145.87 0.0626872
chair 0 0 -10 206.74 89.94 283.31 148.83 0.0442102
chair 0 0 -10 500.65 20.97 589.82 123.44 0.0430359
table 0 0 -10 111.70 80.34 222.33 186.42 0.0421813
chair 0 0 -10 93.77 90.50 151.18 185.23 0.0394531
chair 0 0 -10 281.49 194.56 438.90 440.92 0.0382312
chair 0 0 -10 220.55 60.17 328.87 156.61 0.0365391
chair 0 0 -10 278.01 53.36 354.31 201.60 0.0347918
chair 0 0 -10 145.10 175.33 432.40 441.00 0.0332269
chair 0 0 -10 105.64 70.19 201.08 134.20 0.0303371
chair 0 0 -10 175.10 52.69 257.07 183.41 0.0295233
chair 0 0 -10 260.82 263.66 390.30 436.87 0.0286299
table 0 0 -10 108.31 68.87 329.06 212.36 0.0282572
desk 0 0 -10 135.04 69.50 252.12 116.92 0.0245568
chair 0 0 -10 135.85 77.46 220.78 158.14 0.0233895
chair 0 0 -10 105.56 46.50 239.26 157.76 0.0225211
table 0 0 -10 84.82 134.19 341.93 380.97 0.0218375
table 0 0 -10 224.00 100.56 447.01 268.89 0.0198631
chair 0 0 -10 135.57 65.18 219.00 111.09 0.0198259
table 0 0 -10 388.58 51.21 570.14 214.46 0.0189809
chair 0 0 -10 488.12 36.25 588.19 209.34 0.0184706
desk 0 0 -10 206.78 110.17 421.62 363.70 0.0178361
desk 0 0 -10 100.68 62.64 300.36 188.93 0.0174889
chair 0 0 -10 453.00 3.05 561.77 70.18 0.0167322
chair 0 0 -10 456.47 38.70 569.76 271.91 0.0156559
desk 0 0 -10 102.59 91.26 215.68 225.34 0.0152611
table 0 0 -10 408.64 24.37 577.28 143.59 0.0144709
table 0 0 -10 131.73 70.38 268.84 155.26 0.0143292
chair 0 0 -10 199.97 48.00 294.25 111.89 0.0139058
chair 0 0 -10 293.41 56.65 425.99 261.62 0.0137955
chair 0 0 -10 170.89 62.61 340.52 207.96 0.0136578
chair 0 0 -10 156.14 44.89 261.25 115.98 0.0121490
chair 0 0 -10 326.28 6.31 388.95 89.16 0.0118297
chair 0 0 -10 91.82 120.73 233.70 273.86 0.0115561
chair 0 0 -10 347.97 9.40 530.07 118.97 0.0109960
chair 0 0 -10 278.91 74.80 453.78 344.92 0.0108021
table 0 0 -10 91.02 95.32 186.31 206.36 0.0104583
chair 0 0 -10 275.68 40.93 406.24 178.25 0.0102831
chair 0 0 -10 228.55 66.16 389.41 224.85 0.0101538
table 0 0 -10 114.81 99.44 260.37 238.83 0.0099907
chair 0 0 -10 453.09 8.43 567.19 132.76 0.0094242
desk 0 0 -10 163.06 115.62 522.18 439.59 0.0088088
chair 0 0 -10 290.01 53.20 326.00 101.55 0.0086690
chair 0 0 -10 142.88 63.93 251.99 133.96 0.0078911
table 0 0 -10 235.28 58.16 555.77 281.33 0.0078553
chair 0 0 -10 1.55 211.18 112.55 425.15 0.0066100
chair 0 0 -10 131.60 44.39 199.80 94.80 0.0065916
chair 0 0 -10 441.43 168.92 590.65 421.87 0.0065784
table 0 0 -10 62.71 197.80 292.86 436.72 0.0064868
table 0 0 -10 137.19 59.62 259.94 114.74 0.0059954
chair 0 0 -10 10.07 82.53 51.64 142.48 0.0059424
chair 0 0 -10 196.53 84.68 369.07 345.32 0.0059178
chair 0 0 -10 79.20 61.89 144.82 131.10 0.0058838
desk 0 0 -10 103.01 51.32 299.61 119.86 0.0058087
chair 0 0 -10 208.58 92.85 264.47 130.26 0.0053140
chair 0 0 -10 70.90 61.38 123.73 111.87 0.0051798
chair 0 0 -10 0.00 82.71 31.35 153.41 0.0051769
table 0 0 -10 434.05 8.00 564.90 89.19 0.0050518
chair 0 0 -10 333.48 15.67 396.50 129.19 0.0047220
table 0 0 -10 97.57 82.30 195.42 147.41 0.0045108
desk 0 0 -10 73.71 70.02 131.08 113.96 0.0044578
table 0 0 -10 321.43 256.82 541.29 440.83 0.0039269
chair 0 0 -10 357.98 6.04 455.88 89.55 0.0039184
desk 0 0 -10 79.69 133.33 342.40 387.63 0.0037934
chair 0 0 -10 449.63 4.74 539.73 44.77 0.0036226
desk 0 0 -10 105.69 93.27 186.87 164.28 0.0036012
desk 0 0 -10 433.04 7.75 567.61 66.89 0.0035390
chair 0 0 -10 561.89 15.28 590.51 122.78 0.0033811
table 0 0 -10 547.96 46.93 590.24 125.57 0.0033124
chair 0 0 -10 503.91 4.17 586.50 76.93 0.0033067
table 0 0 -10 103.27 69.78 239.44 132.17 0.0029403
chair 0 0 -10 528.48 19.58 590.50 183.73 0.0028956
sofa 0 0 -10 0.00 213.30 262.67 437.75 0.0028322
chair 0 0 -10 107.28 107.05 137.22 144.70 0.0027746
