chair 0 0 -10 452.72 77.68 590.26 290.33 0.9962742
chair 0 0 -10 112.56 146.24 294.34 379.09 0.9960747
table 0 0 -10 241.01 118.74 548.37 341.72 0.9597137
table 0 0 -10 0.53 212.64 40.00 435.19 0.5853546
chair 0 0 -10 0.96 168.40 60.61 436.44 0.3016056
chair 0 0 -10 530.35 70.31 589.71 261.87 0.1585148
table 0 0 -10 0.72 223.56 17.03 424.10 0.1163588
desk 0 0 -10 225.76 107.73 574.42 362.95 0.1046495
table 0 0 -10 0.62 182.36 63.80 397.62 0.0823979
table 0 0 -10 380.89 92.46 547.37 306.03 0.0658055
chair 0 0 -10 1.91 232.58 38.98 423.22 0.0561298
chair 0 0 -10 554.67 103.97 590.34 250.25 0.0557210
table 0 0 -10 6.17 212.44 25.54 440.32 0.0467162
desk 0 0 -10 5.80 213.20 51.71 438.25 0.0434404
table 0 0 -10 1.94 246.71 8.70 414.23 0.0350805
chair 0 0 -10 0.00 245.57 19.40 417.69 0.0303354
table 0 0 -10 225.98 144.64 386.65 345.48 0.0197077
table 0 0 -10 1.43 221.72 47.22 326.99 0.0192778
table 0 0 -10 12.38 159.70 28.71 439.81 0.0189515
desk 0 0 -10 1.89 225.33 34.51 414.68 0.0178642
table 0 0 -10 76.01 124.45 506.64 407.34 0.0160294
table 0 0 -10 0.21 255.00 38.16 365.48 0.0143317
toilet 0 0 -10 0.55 216.65 50.64 439.21 0.0136532
chair 0 0 -10 2.96 182.96 124.31 437.40 0.0134134
chair 0 0 -10 1.16 180.07 76.04 323.72 0.0131883
chair 0 0 -10 1.67 246.90 9.89 413.27 0.0127726
chair 0 0 -10 570.45 60.20 590.64 243.73 0.0127020
table 0 0 -10 1.43 183.77 127.59 437.25 0.0088916
desk 0 0 -10 339.06 109.22 545.80 311.19 0.0074863
chair 0 0 -10 6.21 170.71 45.79 352.97 0.0074074
chair 0 0 -10 161.86 133.86 286.11 318.24 0.0072161
chair 0 0 -10 11.64 168.00 30.27 433.65 0.0068137
table 0 0 -10 5.29 172.73 35.06 365.00 0.0063256
chair 0 0 -10 543.69 57.46 591.00 426.71 0.0057576
desk 0 0 -10 65.05 118.23 507.08 423.18 0.0057482
table 0 0 -10 9.05 177.35 20.82 406.33 0.0055594
table 0 0 -10 0.00 244.10 6.19 396.47 0.0055110
chair 0 0 -10 292.84 133.25 512.51 349.33 0.0054693
bathtub 0 0 -10 0.00 219.51 51.41 435.49 0.0053289
chair 0 0 -10 8.73 179.31 21.78 420.47 0.0052645
table 0 0 -10 0.15 273.16 21.56 352.98 0.0052369
table 0 0 -10 130.89 169.28 286.87 374.76 0.0048405
desk 0 0 -10 0.00 233.90 14.95 417.05 0.0046973
night_stand 0 0 -10 4.63 218.46 53.85 434.25 0.0045571
chair 0 0 -10 567.66 126.99 590.11 211.61 0.0044843
table 0 0 -10 445.54 140.23 579.84 300.50 0.0043761
desk 0 0 -10 2.01 180.35 132.00 438.97 0.0038225
desk 0 0 -10 1.21 148.45 78.59 414.51 0.0037404
chair 0 0 -10 0.99 273.60 33.90 375.80 0.0037338
table 0 0 -10 254.17 45.86 573.66 275.50 0.0036594
table 0 0 -10 554.28 86.16 589.68 285.50 0.0032981
table 0 0 -10 526.34 98.45 589.64 345.49 0.0032281
table 0 0 -10 1.16 277.75 52.43 343.02 0.0032169
sofa 0 0 -10 1.82 219.77 41.79 410.89 0.0031895
chair 0 0 -10 363.32 111.14 566.51 358.47 0.0031235
dresser 0 0 -10 0.01 214.61 51.61 441.00 0.0030062
chair 0 0 -10 579.04 77.03 590.68 263.03 0.0029763
chair 0 0 -10 1.63 255.73 63.67 388.81 0.0028735
chair 0 0 -10 0.00 286.48 88.26 439.33 0.0027363
desk 0 0 -10 231.72 133.97 443.16 343.80 0.0024240
table 0 0 -10 54.29 139.65 313.55 387.32 0.0024018
sofa 0 0 -10 285.39 5.59 450.03 71.26 0.0022527
desk 0 0 -10 124.37 165.13 283.60 372.19 0.0021222
toilet 0 0 -10 3.33 223.02 28.84 417.72 0.0020670
desk 0 0 -10 2.03 254.25 9.47 412.58 0.0020329
bathtub 0 0 -10 3.40 222.69 28.70 408.36 0.0020015
chair 0 0 -10 395.30 77.13 546.22 282.91 0.0019629
chair 0 0 -10 0.00 248.74 6.72 405.15 0.0018525
chair 0 0 -10 74.58 87.87 356.27 365.12 0.0018072
chair 0 0 -10 214.35 133.81 303.23 309.51 0.0017851
desk 0 0 -10 5.43 206.75 19.20 435.04 0.0017606
desk 0 0 -10 408.09 91.75 575.99 286.54 0.0017125
table 0 0 -10 250.15 0.00 548.98 79.75 0.0016737
sofa 0 0 -10 3.26 186.24 68.28 437.04 0.0016514
table 0 0 -10 288.70 3.88 457.67 72.52 0.0016048
bed 0 0 -10 0.81 208.57 51.33 441.00 0.0015668
chair 0 0 -10 585.23 67.50 590.91 262.82 0.0014971
chair 0 0 -10 469.05 98.03 589.07 214.86 0.0014810
chair 0 0 -10 215.10 123.15 395.79 338.05 0.0014810
chair 0 0 -10 577.51 103.93 589.19 217.78 0.0014010
chair 0 0 -10 162.51 122.03 478.19 406.32 0.0013406
bathtub 0 0 -10 0.87 221.54 17.35 416.76 0.0013148
table 0 0 -10 0.94 295.77 50.22 370.07 0.0012617
desk 0 0 -10 0.00 272.36 33.33 372.51 0.0012296
table 0 0 -10 573.47 102.22 590.60 301.13 0.0012157
bookshelf 0 0 -10 0.75 209.70 50.99 440.17 0.0012011
toilet 0 0 -10 0.00 147.55 79.18 419.01 0.0011971
table 0 0 -10 0.30 209.38 86.83 318.92 0.0011875
sofa 0 0 -10 553.28 79.45 589.50 282.74 0.0011748
chair 0 0 -10 0.00 263.30 190.63 439.22 0.0011721
desk 0 0 -10 51.73 130.24 317.74 399.77 0.0011526
chair 0 0 -10 590.96 67.82 591.00 218.08 0.0011266
table 0 0 -10 429.42 72.16 584.08 253.62 0.0011027
chair 0 0 -10 587.89 73.79 590.93 219.51 0.0010851
table 0 0 -10 2.94 126.34 16.27 389.95 0.0010098
toilet 0 0 -10 0.89 223.99 17.22 425.35 0.0009680
bathtub 0 0 -10 0.85 170.88 68.72 377.56 0.0009488
sofa 0 0 -10 233.12 113.13 559.48 357.72 0.0009139
sofa 0 0 -10 279.34 3.85 579.85 77.82 0.0008549
desk 0 0 -10 1.34 140.54 44.22 383.43 0.0008208
