desk 0 0 -10 37.02 209.64 591.00 437.35 0.4266218
table 0 0 -10 48.25 210.40 588.04 431.51 0.1702252
table 0 0 -10 348.20 412.13 578.64 440.00 0.0525242
bed 0 0 -10 278.76 409.89 581.85 438.70 0.0496367
table 0 0 -10 400.54 406.47 522.41 439.35 0.0205137
sofa 0 0 -10 280.84 409.50 582.21 438.87 0.0195170
bathtub 0 0 -10 87.04 197.74 584.43 430.91 0.0130763
table 0 0 -10 162.55 392.54 581.52 440.61 0.0127722
bed 0 0 -10 168.61 393.02 589.36 441.00 0.0085772
table 0 0 -10 0.24 298.74 46.58 415.88 0.0069272
dresser 0 0 -10 35.38 209.30 591.00 441.00 0.0065812
bathtub 0 0 -10 349.18 410.62 585.99 439.74 0.0059683
bed 0 0 -10 401.05 404.96 524.68 440.73 0.0055074
sofa 0 0 -10 401.95 405.25 523.00 440.21 0.0038680
table 0 0 -10 120.86 215.51 386.62 431.67 0.0037872
table 0 0 -10 1.54 280.61 77.60 434.80 0.0037827
table 0 0 -10 401.83 435.22 516.60 440.67 0.0032066
desk 0 0 -10 398.20 405.56 524.76 439.72 0.0030182
bathtub 0 0 -10 132.80 168.56 582.87 250.33 0.0028536
desk 0 0 -10 301.66 412.15 590.49 440.34 0.0025762
bookshelf 0 0 -10 50.12 203.19 587.96 441.00 0.0025395
bed 0 0 -10 378.85 416.18 574.72 441.00 0.0024984
table 0 0 -10 394.61 430.46 523.01 440.05 0.0024473
sofa 0 0 -10 164.56 391.78 589.66 441.00 0.0023824
table 0 0 -10 310.23 426.82 571.08 440.93 0.0022593
sofa 0 0 -10 381.03 415.49 570.60 441.00 0.0019953
bed 0 0 -10 34.83 195.50 591.00 441.00 0.0018192
table 0 0 -10 0.15 314.01 25.98 394.44 0.0018045
bed 0 0 -10 238.42 422.80 591.00 441.00 0.0016347
bathtub 0 0 -10 402.00 404.45 522.54 439.61 0.0015519
table 0 0 -10 79.38 343.80 581.96 440.30 0.0015366
chair 0 0 -10 0.00 199.21 35.17 426.89 0.0015202
table 0 0 -10 2.90 303.63 20.40 429.54 0.0015012
table 0 0 -10 25.68 37.08 591.00 319.98 0.0014313
table 0 0 -10 0.00 256.50 27.34 426.49 0.0011688
bathtub 0 0 -10 153.42 356.66 584.38 434.34 0.0011656
table 0 0 -10 440.63 401.86 492.81 439.31 0.0010648
table 0 0 -10 0.00 287.62 85.00 367.38 0.0010236
bathtub 0 0 -10 363.88 185.06 539.51 236.95 0.0009413
table 0 0 -10 1.84 307.68 9.48 416.20 0.0009349
chair 0 0 -10 57.83 204.27 380.02 436.80 0.0009271
chair 0 0 -10 365.97 410.36 574.23 440.65 0.0008851
bed 0 0 -10 304.29 429.44 562.86 441.00 0.0008630
table 0 0 -10 338.39 381.51 571.91 439.41 0.0008504
chair 0 0 -10 0.00 140.40 58.23 424.99 0.0008437
table 0 0 -10 388.68 397.85 557.56 427.85 0.0007995
table 0 0 -10 0.64 343.72 53.56 399.71 0.0007968
table 0 0 -10 269.64 397.53 397.51 438.92 0.0007579
table 0 0 -10 103.82 186.26 567.96 251.38 0.0007531
bed 0 0 -10 69.81 345.44 591.00 441.00 0.0007372
dresser 0 0 -10 403.79 404.68 522.28 440.21 0.0007318
bathtub 0 0 -10 286.28 398.05 584.96 433.18 0.0007188
toilet 0 0 -10 352.27 410.59 581.78 440.70 0.0007110
desk 0 0 -10 66.48 245.62 399.73 430.91 0.0006982
desk 0 0 -10 25.51 35.86 591.00 322.77 0.0006541
table 0 0 -10 415.75 438.64 515.04 440.85 0.0006399
table 0 0 -10 0.24 303.10 50.68 363.41 0.0006385
table 0 0 -10 5.54 306.41 12.50 429.30 0.0006384
chair 0 0 -10 408.54 404.11 514.92 439.97 0.0006378
chair 0 0 -10 1.20 314.58 65.49 437.71 0.0006164
dresser 0 0 -10 347.81 411.53 582.88 440.41 0.0006159
toilet 0 0 -10 404.29 404.35 518.75 440.76 0.0005942
bathtub 0 0 -10 218.98 186.74 581.82 287.28 0.0005642
sofa 0 0 -10 47.69 247.75 591.00 437.92 0.0005466
table 0 0 -10 51.54 232.33 301.50 423.78 0.0005358
sofa 0 0 -10 201.70 337.61 582.26 438.50 0.0005318
bathtub 0 0 -10 43.70 27.88 591.00 310.19 0.0005252
bathtub 0 0 -10 399.57 177.72 497.12 256.17 0.0005233
desk 0 0 -10 147.65 391.66 591.00 441.00 0.0005206
bathtub 0 0 -10 313.66 426.66 581.53 441.00 0.0005130
bathtub 0 0 -10 347.53 143.56 548.20 273.50 0.0005108
bed 0 0 -10 118.05 407.02 457.95 441.00 0.0004862
toilet 0 0 -10 44.84 207.73 553.90 441.00 0.0004754
desk 0 0 -10 102.13 187.98 582.35 251.77 0.0004619
table 0 0 -10 0.18 321.94 37.76 367.47 0.0004539
night_stand 0 0 -10 405.28 405.87 522.35 439.92 0.0004458
sofa 0 0 -10 321.25 426.58 577.21 441.00 0.0004296
sofa 0 0 -10 347.10 381.34 574.07 440.09 0.0004266
table 0 0 -10 6.96 263.99 134.66 430.81 0.0004226
bathtub 0 0 -10 135.11 117.44 577.08 232.94 0.0004196
bathtub 0 0 -10 393.89 430.17 525.48 440.18 0.0004142
bookshelf 0 0 -10 404.41 401.96 522.93 439.90 0.0004092
bed 0 0 -10 345.21 381.80 578.05 441.00 0.0004068
bookshelf 0 0 -10 293.31 407.64 581.09 437.57 0.0004067
night_stand 0 0 -10 54.10 208.23 585.71 434.24 0.0003976
bathtub 0 0 -10 411.73 381.71 542.29 439.55 0.0003899
table 0 0 -10 248.84 416.74 557.04 436.82 0.0003889
bathtub 0 0 -10 391.29 396.82 561.96 427.06 0.0003865
desk 0 0 -10 392.47 430.34 526.80 440.14 0.0003847
desk 0 0 -10 269.15 207.69 545.10 437.93 0.0003840
sofa 0 0 -10 396.02 430.47 523.48 440.31 0.0003752
bathtub 0 0 -10 358.98 202.39 584.59 434.62 0.0003743
bed 0 0 -10 394.36 430.45 525.62 440.34 0.0003665
table 0 0 -10 271.96 212.17 537.23 435.19 0.0003497
chair 0 0 -10 442.86 399.28 489.55 439.57 0.0003335
sofa 0 0 -10 440.95 400.26 492.84 440.44 0.0003278
chair 0 0 -10 0.94 296.72 41.64 405.19 0.0003253
bookshelf 0 0 -10 49.06 78.67 451.76 423.90 0.0003198
sofa 0 0 -10 402.31 435.24 516.39 440.86 0.0003185
night_stand 0 0 -10 300.27 410.24 574.74 438.27 0.0003149
