table 0 0 -10 413.46 105.30 555.06 286.90 0.9629214
sofa 0 0 -10 4.38 193.27 357.43 531.00 0.8835784
table 0 0 -10 87.67 150.64 243.50 232.19 0.5699993
sofa 0 0 -10 473.73 83.58 676.11 394.85 0.4009978
sofa 0 0 -10 620.18 80.92 678.93 363.84 0.2110968
chair 0 0 -10 469.58 83.40 680.18 398.84 0.1836311
table 0 0 -10 417.22 95.69 640.12 351.41 0.1370774
table 0 0 -10 418.97 107.11 547.55 175.19 0.1340508
table 0 0 -10 71.70 123.96 258.44 280.53 0.1007654
sofa 0 0 -10 76.08 29.97 256.97 229.81 0.0918140
chair 0 0 -10 0.00 185.67 358.45 531.00 0.0828609
table 0 0 -10 458.51 155.90 674.61 410.49 0.0793559
chair 0 0 -10 615.52 81.44 679.90 369.39 0.0514409
chair 0 0 -10 270.59 43.76 463.93 253.83 0.0439639
table 0 0 -10 62.76 59.42 253.10 240.24 0.0367167
table 0 0 -10 333.56 107.92 578.42 327.90 0.0360137
sofa 0 0 -10 287.92 35.88 450.04 205.02 0.0340229
sofa 0 0 -10 248.39 24.61 679.33 358.19 0.0268378
chair 0 0 -10 343.78 51.50 519.29 274.67 0.0239882
table 0 0 -10 31.86 137.66 241.17 353.04 0.0198189
chair 0 0 -10 73.86 34.31 258.58 231.26 0.0183385
table 0 0 -10 358.02 109.71 661.96 481.82 0.0171243
sofa 0 0 -10 623.52 111.88 679.90 233.63 0.0162068
chair 0 0 -10 419.22 34.71 551.17 282.23 0.0150622
sofa 0 0 -10 551.51 80.39 675.85 265.13 0.0149531
table 0 0 -10 631.59 108.70 678.46 464.68 0.0134107
sofa 0 0 -10 260.56 34.55 587.85 244.12 0.0128029
sofa 0 0 -10 638.40 96.07 678.06 292.74 0.0126996
sofa 0 0 -10 71.43 67.26 622.57 498.88 0.0110428
sofa 0 0 -10 650.52 33.14 678.98 420.61 0.0096235
table 0 0 -10 3.71 219.29 356.82 527.57 0.0093713
table 0 0 -10 0.14 56.75 86.01 392.74 0.0082826
sofa 0 0 -10 414.22 90.12 587.84 288.16 0.0082181
sofa 0 0 -10 362.95 87.47 678.58 485.73 0.0079415
table 0 0 -10 264.55 32.51 662.64 377.68 0.0078224
table 0 0 -10 421.66 121.00 494.89 278.75 0.0063452
desk 0 0 -10 428.63 99.23 672.74 411.94 0.0061741
bed 0 0 -10 622.06 47.65 679.24 378.79 0.0058263
chair 0 0 -10 490.72 89.37 681.00 261.89 0.0050662
table 0 0 -10 597.00 139.99 678.18 403.46 0.0044690
sofa 0 0 -10 26.98 14.84 333.19 253.36 0.0044305
bed 0 0 -10 0.00 232.30 361.67 529.49 0.0042725
desk 0 0 -10 413.05 107.40 555.20 288.15 0.0039122
sofa 0 0 -10 3.43 147.06 216.82 451.25 0.0038815
sofa 0 0 -10 357.03 56.85 547.36 274.22 0.0037381
table 0 0 -10 117.89 154.32 204.83 225.89 0.0034838
table 0 0 -10 16.51 8.53 238.76 200.38 0.0034508
bed 0 0 -10 470.95 73.11 678.93 406.26 0.0034123
table 0 0 -10 453.94 97.29 663.70 254.91 0.0029185
night_stand 0 0 -10 463.36 90.11 665.08 394.52 0.0024888
table 0 0 -10 157.71 110.63 538.76 329.09 0.0024279
table 0 0 -10 58.49 139.82 342.02 431.43 0.0022870
sofa 0 0 -10 661.17 79.20 680.20 396.88 0.0022657
chair 0 0 -10 94.38 155.59 227.48 230.07 0.0022470
chair 0 0 -10 649.19 32.66 679.59 417.28 0.0021681
table 0 0 -10 406.40 43.58 550.06 198.33 0.0019650
table 0 0 -10 284.10 35.37 622.52 222.69 0.0019271
table 0 0 -10 0.00 51.52 179.68 378.01 0.0018819
chair 0 0 -10 0.32 24.49 93.84 396.96 0.0018752
table 0 0 -10 265.95 21.87 483.17 185.77 0.0017952
sofa 0 0 -10 0.79 81.80 96.88 407.49 0.0015868
table 0 0 -10 86.43 241.54 634.76 530.97 0.0014489
night_stand 0 0 -10 624.83 89.40 680.32 407.23 0.0013833
chair 0 0 -10 56.48 152.68 309.77 395.35 0.0013749
sofa 0 0 -10 51.66 154.86 297.99 394.40 0.0013723
toilet 0 0 -10 630.80 75.19 679.71 472.60 0.0013215
bookshelf 0 0 -10 475.54 58.38 676.22 393.48 0.0013199
table 0 0 -10 3.79 211.37 129.71 416.76 0.0013136
dresser 0 0 -10 473.04 73.17 677.76 398.32 0.0012706
desk 0 0 -10 632.20 95.10 678.63 462.68 0.0012670
table 0 0 -10 563.70 185.63 675.58 479.35 0.0012669
chair 0 0 -10 436.77 26.60 522.76 179.10 0.0012652
sofa 0 0 -10 464.27 44.88 679.83 240.49 0.0012632
sofa 0 0 -10 535.96 22.79 678.52 192.66 0.0012329
bookshelf 0 0 -10 621.46 71.54 679.72 360.39 0.0012066
dresser 0 0 -10 624.90 84.21 679.75 396.68 0.0011471
sofa 0 0 -10 288.81 9.90 664.57 169.60 0.0011418
chair 0 0 -10 255.33 73.50 435.68 370.50 0.0011396
toilet 0 0 -10 475.02 71.49 676.19 405.95 0.0010707
table 0 0 -10 7.55 218.97 170.35 519.21 0.0010563
sofa 0 0 -10 263.95 50.30 475.13 313.10 0.0009846
table 0 0 -10 0.00 181.76 73.12 444.93 0.0009483
chair 0 0 -10 636.98 175.56 680.73 477.84 0.0009297
bathtub 0 0 -10 472.21 75.83 678.37 397.73 0.0009287
chair 0 0 -10 229.07 107.86 603.67 509.53 0.0009173
table 0 0 -10 342.81 15.86 563.33 169.93 0.0009024
chair 0 0 -10 257.94 157.74 527.40 415.68 0.0008823
night_stand 0 0 -10 411.49 95.20 576.40 294.03 0.0008679
chair 0 0 -10 655.78 83.37 680.12 329.05 0.0008511
chair 0 0 -10 434.44 98.21 543.47 163.48 0.0008485
night_stand 0 0 -10 83.45 148.13 246.77 236.74 0.0007768
table 0 0 -10 553.54 64.79 674.19 376.25 0.0007512
desk 0 0 -10 4.88 213.23 361.89 531.00 0.0007285
table 0 0 -10 419.73 251.57 664.88 467.68 0.0007285
sofa 0 0 -10 435.29 145.59 652.28 301.95 0.0007064
table 0 0 -10 197.81 100.01 378.29 317.79 0.0006945
bathtub 0 0 -10 619.43 81.99 680.94 375.18 0.0006631
bed 0 0 -10 650.50 30.09 679.54 423.97 0.0006589
bed 0 0 -10 1.97 30.95 83.38 401.30 0.0006317
chair 0 0 -10 134.42 163.62 367.52 428.87 0.0006162
