chair 0 0 -10 44.70 147.82 344.07 436.00 0.9956393
chair 0 0 -10 253.86 144.06 475.69 433.44 0.9929436
chair 0 0 -10 313.35 63.77 512.12 303.04 0.9865748
chair 0 0 -10 147.34 72.70 347.47 295.41 0.9503729
chair 0 0 -10 0.00 34.35 96.23 238.54 0.9477849
table 0 0 -10 118.53 78.54 494.92 424.97 0.9438271
table 0 0 -10 2.30 31.67 190.84 217.43 0.9167792
chair 0 0 -10 91.19 35.04 209.90 174.68 0.8711207
chair 0 0 -10 455.62 13.30 587.87 177.95 0.8495683
chair 0 0 -10 267.17 0.55 359.81 84.64 0.6473447
chair 0 0 -10 121.78 31.86 229.45 130.33 0.4482299
chair 0 0 -10 194.15 61.21 435.18 318.70 0.4050620
chair 0 0 -10 142.46 3.86 233.12 84.62 0.3740096
chair 0 0 -10 11.87 24.13 141.53 165.67 0.3251188
table 0 0 -10 455.84 4.29 591.00 163.37 0.3213823
chair 0 0 -10 424.08 33.17 559.19 233.56 0.2215542
chair 0 0 -10 108.14 31.20 233.38 243.94 0.1319110
chair 0 0 -10 373.16 4.18 446.71 91.26 0.1279171
chair 0 0 -10 449.17 2.38 545.54 81.68 0.1147167
chair 0 0 -10 48.17 31.86 181.15 154.78 0.1034113
chair 0 0 -10 132.36 37.01 210.96 101.92 0.1029629
desk 0 0 -10 4.69 38.28 158.98 241.95 0.0890116
table 0 0 -10 262.75 2.41 378.47 85.46 0.0847278
chair 0 0 -10 244.72 24.35 378.46 218.78 0.0767080
chair 0 0 -10 4.93 23.56 90.52 145.37 0.0763997
chair 0 0 -10 267.93 53.97 412.76 253.99 0.0591465
table 0 0 -10 392.81 1.75 588.85 105.47 0.0544743
chair 0 0 -10 522.18 13.17 590.00 173.05 0.0532610
chair 0 0 -10 302.71 0.88 376.61 79.32 0.0520428
table 0 0 -10 452.47 0.00 591.00 76.84 0.0489277
chair 0 0 -10 85.54 14.59 160.75 123.07 0.0447742
desk 0 0 -10 98.05 75.00 502.63 441.00 0.0421635
desk 0 0 -10 452.36 9.56 590.79 181.86 0.0415900
chair 0 0 -10 556.51 27.53 590.60 196.33 0.0324820
chair 0 0 -10 131.49 78.39 401.91 403.82 0.0324375
chair 0 0 -10 373.21 5.81 506.62 120.05 0.0323427
chair 0 0 -10 181.13 3.34 233.15 66.59 0.0306035
chair 0 0 -10 41.45 169.14 199.64 432.09 0.0304781
chair 0 0 -10 43.27 14.92 143.10 115.36 0.0279772
chair 0 0 -10 475.90 0.00 589.83 302.09 0.0230064
chair 0 0 -10 379.94 0.00 438.63 52.31 0.0208264
table 0 0 -10 11.55 57.16 319.19 380.88 0.0183520
chair 0 0 -10 446.60 7.52 523.53 58.78 0.0179623
table 0 0 -10 259.26 78.23 477.41 312.97 0.0164578
chair 0 0 -10 0.84 23.32 27.03 246.35 0.0163300
chair 0 0 -10 149.02 69.54 324.46 167.62 0.0160172
chair 0 0 -10 262.42 5.02 337.59 58.84 0.0152670
chair 0 0 -10 0.98 18.31 51.99 179.59 0.0147575
chair 0 0 -10 139.47 4.37 272.16 118.27 0.0136496
desk 0 0 -10 442.27 0.00 589.92 103.60 0.0133000
table 0 0 -10 3.84 23.78 179.79 112.02 0.0125271
chair 0 0 -10 108.37 5.24 204.58 87.17 0.0122747
chair 0 0 -10 223.82 0.41 333.03 75.47 0.0115433
chair 0 0 -10 420.04 1.34 510.43 76.67 0.0113538
chair 0 0 -10 559.78 6.68 590.82 108.82 0.0107602
table 0 0 -10 309.01 0.60 580.17 164.22 0.0102956
chair 0 0 -10 206.52 0.00 272.16 42.28 0.0098631
chair 0 0 -10 491.81 72.29 587.31 187.75 0.0097804
desk 0 0 -10 264.75 0.72 377.77 89.84 0.0093778
table 0 0 -10 54.68 29.10 175.33 167.79 0.0090618
table 0 0 -10 19.31 16.74 282.10 181.18 0.0086151
table 0 0 -10 153.51 64.14 445.63 264.48 0.0083136
chair 0 0 -10 491.23 2.30 587.96 131.28 0.0075166
table 0 0 -10 0.00 45.23 100.85 236.17 0.0072493
chair 0 0 -10 361.12 45.07 507.90 219.68 0.0068634
chair 0 0 -10 271.82 0.00 346.77 35.13 0.0066243
chair 0 0 -10 0.30 57.34 16.66 253.45 0.0065035
table 0 0 -10 493.76 47.41 589.71 179.91 0.0052849
chair 0 0 -10 213.66 7.44 380.96 96.40 0.0052107
table 0 0 -10 300.59 7.49 434.50 89.80 0.0051360
chair 0 0 -10 332.07 0.00 392.56 81.50 0.0049890
chair 0 0 -10 202.55 0.00 286.02 72.33 0.0049716
chair 0 0 -10 185.31 25.59 340.35 154.90 0.0045852
table 0 0 -10 445.99 40.03 590.24 245.04 0.0045702
chair 0 0 -10 45.18 2.55 295.48 86.33 0.0045416
chair 0 0 -10 572.23 17.15 590.80 172.66 0.0041965
table 0 0 -10 504.03 0.00 590.88 120.26 0.0038946
bookshelf 0 0 -10 454.43 0.00 588.91 182.51 0.0038125
table 0 0 -10 262.08 0.94 527.33 87.31 0.0037560
chair 0 0 -10 71.14 0.00 146.89 37.48 0.0037313
chair 0 0 -10 307.01 0.29 384.63 37.30 0.0035193
table 0 0 -10 292.51 3.44 381.06 60.10 0.0034355
chair 0 0 -10 14.54 37.00 189.53 239.08 0.0033683
table 0 0 -10 78.75 46.39 230.23 256.98 0.0032067
chair 0 0 -10 386.51 0.00 438.51 28.64 0.0030231
chair 0 0 -10 224.96 0.00 259.84 29.02 0.0030115
chair 0 0 -10 293.06 3.92 430.12 104.82 0.0029132
chair 0 0 -10 237.20 0.45 328.53 41.49 0.0028684
chair 0 0 -10 10.28 97.86 148.99 369.49 0.0028205
chair 0 0 -10 224.42 162.11 381.45 427.31 0.0028185
table 0 0 -10 243.70 245.02 475.28 440.56 0.0027441
table 0 0 -10 544.41 9.36 590.38 171.18 0.0026871
table 0 0 -10 84.66 23.96 170.04 113.46 0.0026722
chair 0 0 -10 386.16 29.63 553.66 370.86 0.0026095
chair 0 0 -10 535.79 18.40 591.00 384.76 0.0026072
table 0 0 -10 377.78 7.45 449.09 80.62 0.0025835
table 0 0 -10 8.69 2.02 334.79 80.81 0.0025044
desk 0 0 -10 44.74 33.81 196.85 190.52 0.0023648
desk 0 0 -10 15.23 59.49 311.53 395.97 0.0023002
chair 0 0 -10 3.30 61.26 7.74 249.10 0.0022860
