table 0 0 -10 465.60 117.69 681.00 215.55 0.9526663
sofa 0 0 -10 342.60 107.20 678.70 531.00 0.8310946
sofa 0 0 -10 140.77 22.51 437.70 311.92 0.8200707
sofa 0 0 -10 557.81 28.14 680.78 135.36 0.7434759
table 0 0 -10 449.45 118.11 681.00 306.12 0.4160860
sofa 0 0 -10 78.27 23.16 618.90 526.66 0.2365247
sofa 0 0 -10 499.41 87.46 675.94 467.69 0.0993802
table 0 0 -10 367.86 120.44 674.65 435.55 0.0654433
sofa 0 0 -10 244.43 40.91 652.75 354.49 0.0651416
chair 0 0 -10 333.28 125.75 678.64 520.14 0.0555436
sofa 0 0 -10 464.16 42.89 681.00 305.98 0.0473006
sofa 0 0 -10 572.29 50.45 679.57 342.41 0.0245638
bed 0 0 -10 555.36 28.49 681.00 137.76 0.0165898
table 0 0 -10 522.80 104.92 680.16 394.50 0.0162461
chair 0 0 -10 528.51 105.75 674.74 225.70 0.0148040
table 0 0 -10 434.91 44.40 601.98 192.66 0.0141900
chair 0 0 -10 133.99 29.26 442.60 307.05 0.0133720
sofa 0 0 -10 511.93 66.88 681.00 210.35 0.0131694
table 0 0 -10 92.47 5.39 296.91 192.18 0.0129319
table 0 0 -10 1.21 56.85 300.13 496.47 0.0128155
table 0 0 -10 36.70 9.12 352.80 326.75 0.0091273
chair 0 0 -10 496.14 102.35 681.00 405.46 0.0085871
sofa 0 0 -10 7.86 30.56 350.26 500.70 0.0081592
table 0 0 -10 634.84 118.36 678.82 400.79 0.0071703
sofa 0 0 -10 630.55 80.88 679.37 349.77 0.0071101
table 0 0 -10 247.80 135.13 624.09 529.15 0.0064711
table 0 0 -10 4.38 201.16 490.95 527.24 0.0057825
chair 0 0 -10 486.16 45.88 681.00 251.95 0.0050825
sofa 0 0 -10 601.37 101.93 678.01 490.74 0.0050077
table 0 0 -10 565.56 202.91 678.73 531.00 0.0046031
table 0 0 -10 407.76 30.83 563.34 260.52 0.0043312
sofa 0 0 -10 479.01 17.58 679.06 176.11 0.0042291
table 0 0 -10 569.99 100.40 679.11 307.33 0.0038099
bed 0 0 -10 344.03 120.25 681.00 525.47 0.0031954
chair 0 0 -10 553.45 28.19 681.00 159.93 0.0030918
sofa 0 0 -10 649.55 107.61 678.87 469.71 0.0029673
table 0 0 -10 513.08 48.67 678.79 165.06 0.0026007
bed 0 0 -10 0.38 286.65 442.05 531.00 0.0024374
desk 0 0 -10 456.31 113.16 681.00 347.76 0.0024066
table 0 0 -10 341.61 46.24 524.67 238.95 0.0023765
desk 0 0 -10 336.28 110.35 681.00 488.04 0.0023672
desk 0 0 -10 459.82 122.65 681.00 228.28 0.0023524
table 0 0 -10 93.19 1.43 242.26 55.24 0.0022397
sofa 0 0 -10 236.85 7.16 632.94 198.07 0.0022104
table 0 0 -10 134.92 22.47 460.70 304.11 0.0021026
table 0 0 -10 604.93 120.41 677.99 486.15 0.0018822
chair 0 0 -10 608.61 131.45 679.39 443.43 0.0018355
table 0 0 -10 516.86 105.25 678.24 179.51 0.0018256
table 0 0 -10 659.62 130.27 680.48 507.68 0.0015375
table 0 0 -10 299.30 56.42 646.28 341.68 0.0015265
table 0 0 -10 114.63 2.52 324.59 119.41 0.0014962
chair 0 0 -10 463.72 97.66 651.36 205.04 0.0013378
chair 0 0 -10 189.90 0.32 297.64 50.42 0.0013335
table 0 0 -10 633.45 115.44 679.61 260.82 0.0012628
bed 0 0 -10 491.26 66.51 681.00 262.55 0.0011982
sofa 0 0 -10 11.17 221.88 497.96 531.00 0.0011769
chair 0 0 -10 88.93 2.07 269.70 56.40 0.0011673
table 0 0 -10 547.01 87.04 681.00 160.37 0.0011664
table 0 0 -10 468.28 118.33 592.37 202.26 0.0011481
night_stand 0 0 -10 465.89 111.96 677.97 206.27 0.0010956
chair 0 0 -10 595.89 88.31 680.60 277.56 0.0010825
table 0 0 -10 608.89 387.38 675.99 514.67 0.0010812
table 0 0 -10 567.17 367.59 673.79 531.00 0.0010667
table 0 0 -10 0.00 61.42 88.92 481.50 0.0010415
table 0 0 -10 0.00 2.63 91.48 76.62 0.0009999
table 0 0 -10 189.13 3.04 287.21 49.10 0.0009327
chair 0 0 -10 429.69 15.67 594.87 225.36 0.0008466
table 0 0 -10 435.00 61.27 556.34 128.47 0.0008134
sofa 0 0 -10 85.85 6.59 600.79 128.97 0.0007857
chair 0 0 -10 621.05 109.83 681.00 230.20 0.0007709
bed 0 0 -10 131.24 28.52 435.07 314.19 0.0007544
table 0 0 -10 213.36 0.00 439.12 108.88 0.0007440
chair 0 0 -10 65.56 32.64 505.10 483.11 0.0007357
table 0 0 -10 643.13 178.99 678.02 512.24 0.0007211
table 0 0 -10 619.24 123.00 680.19 162.79 0.0007094
table 0 0 -10 397.95 70.45 499.47 253.94 0.0007072
sofa 0 0 -10 92.29 5.48 381.58 177.71 0.0006997
table 0 0 -10 622.21 279.17 677.25 524.63 0.0006656
table 0 0 -10 555.71 31.53 677.30 131.19 0.0006349
table 0 0 -10 646.75 322.19 679.43 523.79 0.0006262
chair 0 0 -10 628.99 72.82 681.00 328.85 0.0006247
sofa 0 0 -10 3.06 5.05 95.84 84.94 0.0006181
night_stand 0 0 -10 338.47 120.83 681.00 498.32 0.0005997
chair 0 0 -10 280.67 416.37 672.22 525.02 0.0005638
table 0 0 -10 92.19 307.30 613.64 530.58 0.0005609
table 0 0 -10 432.86 355.86 657.81 531.00 0.0005565
table 0 0 -10 28.89 0.00 244.81 86.68 0.0005359
table 0 0 -10 660.46 109.08 680.33 266.03 0.0005173
table 0 0 -10 117.68 102.02 397.29 394.04 0.0005164
chair 0 0 -10 392.64 28.05 657.04 321.05 0.0005151
bed 0 0 -10 558.06 155.49 681.00 523.40 0.0005131
table 0 0 -10 670.90 391.59 680.55 529.02 0.0004987
sofa 0 0 -10 537.24 175.85 676.67 403.96 0.0004976
table 0 0 -10 0.75 5.52 144.27 147.20 0.0004962
table 0 0 -10 666.42 80.72 680.50 431.81 0.0004884
table 0 0 -10 4.65 46.98 202.07 382.38 0.0004668
table 0 0 -10 615.19 114.88 679.00 204.16 0.0004648
chair 0 0 -10 118.26 0.00 269.38 102.28 0.0004625
sofa 0 0 -10 553.91 72.38 681.00 159.38 0.0004565
bed 0 0 -10 633.62 110.05 680.18 406.41 0.0004406
