chair 0 0 -10 77.59 186.23 249.09 437.83 0.9920250
chair 0 0 -10 249.21 142.79 434.53 435.31 0.9897243
chair 0 0 -10 417.83 113.90 542.47 326.18 0.9817547
chair 0 0 -10 311.27 128.75 426.30 348.43 0.8474669
table 0 0 -10 482.70 107.04 588.31 269.82 0.6855302
chair 0 0 -10 531.57 101.07 589.87 263.45 0.6822900
table 0 0 -10 165.06 167.83 320.75 384.03 0.6530942
table 0 0 -10 59.06 164.39 358.39 429.79 0.3978296
chair 0 0 -10 458.29 113.82 565.73 290.48 0.3294729
chair 0 0 -10 521.14 92.82 590.00 190.12 0.2880398
table 0 0 -10 185.31 166.61 406.22 412.20 0.1644691
chair 0 0 -10 515.82 95.50 567.48 170.03 0.1114641
table 0 0 -10 426.28 136.49 571.16 304.00 0.1000422
chair 0 0 -10 541.41 88.20 591.00 159.26 0.0939045
chair 0 0 -10 555.55 79.85 590.87 214.00 0.0898227
chair 0 0 -10 488.34 92.13 590.15 238.61 0.0821195
table 0 0 -10 494.69 101.41 591.00 182.42 0.0801468
desk 0 0 -10 468.70 108.48 588.75 304.51 0.0678270
chair 0 0 -10 358.56 123.61 512.50 308.65 0.0523215
chair 0 0 -10 418.42 115.78 501.34 265.09 0.0506609
desk 0 0 -10 31.56 155.04 317.10 441.00 0.0498582
chair 0 0 -10 218.77 158.99 366.08 395.31 0.0452488
chair 0 0 -10 501.18 98.69 552.68 163.24 0.0388456
chair 0 0 -10 570.62 78.75 590.74 259.29 0.0356287
chair 0 0 -10 569.28 83.84 591.00 144.07 0.0336114
chair 0 0 -10 580.31 80.96 590.74 281.03 0.0302131
chair 0 0 -10 476.64 94.97 552.02 185.45 0.0288350
chair 0 0 -10 254.03 152.04 312.99 260.10 0.0259116
desk 0 0 -10 177.49 155.55 432.75 415.25 0.0249638
chair 0 0 -10 494.12 115.50 589.87 330.27 0.0249634
chair 0 0 -10 485.52 103.53 536.83 167.82 0.0239428
chair 0 0 -10 312.48 127.19 405.35 259.47 0.0215647
table 0 0 -10 516.67 94.51 590.92 232.60 0.0196249
chair 0 0 -10 275.49 171.75 396.29 324.57 0.0193870
table 0 0 -10 224.85 155.19 476.23 337.71 0.0165869
chair 0 0 -10 158.25 112.14 225.74 259.69 0.0157688
chair 0 0 -10 575.37 75.87 591.00 186.63 0.0153340
chair 0 0 -10 579.62 85.24 589.44 157.87 0.0152338
table 0 0 -10 12.22 158.32 253.29 374.43 0.0142499
desk 0 0 -10 493.45 101.00 589.96 181.43 0.0140888
chair 0 0 -10 515.71 151.96 588.33 286.44 0.0133996
table 0 0 -10 224.84 158.95 365.16 301.07 0.0133749
chair 0 0 -10 547.34 118.54 588.78 166.75 0.0120669
chair 0 0 -10 560.64 98.00 590.14 172.64 0.0110636
desk 0 0 -10 512.61 98.40 589.37 266.83 0.0110262
table 0 0 -10 357.86 138.78 545.30 340.14 0.0105348
chair 0 0 -10 454.06 109.24 531.83 213.68 0.0094972
chair 0 0 -10 563.19 115.98 590.69 301.29 0.0093125
chair 0 0 -10 37.62 127.01 216.99 366.79 0.0092842
table 0 0 -10 416.62 120.59 559.67 231.08 0.0081188
desk 0 0 -10 162.38 161.56 311.97 372.97 0.0078279
chair 0 0 -10 128.58 162.04 250.99 352.90 0.0071917
table 0 0 -10 251.55 239.21 419.78 441.00 0.0066533
table 0 0 -10 90.96 133.51 515.26 371.75 0.0062050
chair 0 0 -10 328.42 133.73 398.96 214.45 0.0061115
table 0 0 -10 33.53 235.21 223.26 441.00 0.0057333
chair 0 0 -10 351.05 115.17 434.76 312.32 0.0055002
chair 0 0 -10 552.69 95.30 590.45 139.81 0.0054154
chair 0 0 -10 165.37 152.46 303.40 363.97 0.0053650
table 0 0 -10 299.33 137.18 424.29 354.76 0.0053095
chair 0 0 -10 545.42 179.32 589.89 273.47 0.0052028
table 0 0 -10 138.48 149.89 319.51 296.09 0.0049174
chair 0 0 -10 584.88 83.28 590.84 157.07 0.0044587
chair 0 0 -10 234.36 121.49 366.78 269.02 0.0043998
chair 0 0 -10 461.16 108.78 529.74 147.76 0.0043645
chair 0 0 -10 583.16 79.41 590.71 217.62 0.0041985
chair 0 0 -10 143.48 120.14 281.31 276.62 0.0041366
table 0 0 -10 503.98 98.62 587.58 149.29 0.0040425
chair 0 0 -10 312.37 159.10 518.78 418.54 0.0038944
desk 0 0 -10 421.54 145.41 558.63 332.11 0.0038667
chair 0 0 -10 217.87 147.92 327.10 307.64 0.0036109
table 0 0 -10 6.44 143.17 303.38 276.39 0.0034997
desk 0 0 -10 233.09 149.90 476.81 345.02 0.0033280
table 0 0 -10 166.92 157.53 311.99 206.71 0.0033004
chair 0 0 -10 421.98 216.33 539.75 327.43 0.0032757
chair 0 0 -10 586.92 83.09 589.99 183.48 0.0031720
chair 0 0 -10 396.27 113.99 460.04 298.94 0.0030356
chair 0 0 -10 442.51 173.54 585.75 405.77 0.0028604
chair 0 0 -10 76.54 104.41 238.42 249.06 0.0027643
table 0 0 -10 55.96 151.92 294.71 219.61 0.0026965
chair 0 0 -10 468.86 101.36 519.92 171.34 0.0026374
desk 0 0 -10 302.20 135.29 422.75 354.70 0.0024874
table 0 0 -10 293.42 159.62 546.96 412.34 0.0024168
chair 0 0 -10 405.78 105.10 482.36 217.72 0.0022503
chair 0 0 -10 552.13 146.50 589.17 239.59 0.0022320
chair 0 0 -10 171.58 145.82 251.21 291.02 0.0020835
chair 0 0 -10 576.95 167.75 591.00 302.47 0.0020074
desk 0 0 -10 252.25 228.04 418.61 440.76 0.0019052
chair 0 0 -10 397.43 120.66 429.84 209.74 0.0018878
chair 0 0 -10 229.62 157.99 310.72 210.76 0.0018386
desk 0 0 -10 69.07 165.84 252.52 334.42 0.0018244
chair 0 0 -10 0.00 186.55 184.28 441.00 0.0017746
chair 0 0 -10 427.72 117.88 488.35 196.46 0.0016950
table 0 0 -10 542.42 135.74 590.04 277.56 0.0016746
table 0 0 -10 562.79 138.50 590.54 310.65 0.0016669
chair 0 0 -10 583.66 161.82 590.76 282.83 0.0016519
table 0 0 -10 399.65 116.58 529.27 284.47 0.0015313
chair 0 0 -10 570.35 83.77 590.88 114.46 0.0015207
table 0 0 -10 508.66 92.91 585.47 125.41 0.0014848
desk 0 0 -10 418.04 121.63 558.53 234.48 0.0014233
