table 0 0 -10 317.47 250.40 679.43 529.37 0.9609087
table 0 0 -10 22.06 135.81 224.97 358.04 0.9089937
sofa 0 0 -10 4.73 248.28 254.06 531.00 0.8498404
chair 0 0 -10 3.76 248.40 259.27 530.56 0.4863059
chair 0 0 -10 21.26 181.71 231.54 398.19 0.3617372
sofa 0 0 -10 216.12 20.24 534.16 386.30 0.2514566
chair 0 0 -10 369.04 264.31 676.71 531.00 0.2182016
table 0 0 -10 14.87 187.38 256.42 496.85 0.1609253
chair 0 0 -10 218.68 31.83 536.53 381.63 0.1083902
table 0 0 -10 72.28 123.70 555.41 531.00 0.0630399
chair 0 0 -10 617.06 290.85 680.78 529.00 0.0565294
sofa 0 0 -10 3.54 141.53 257.92 435.50 0.0382663
sofa 0 0 -10 152.45 56.47 626.16 514.01 0.0361767
chair 0 0 -10 503.18 281.17 681.00 497.77 0.0337546
bed 0 0 -10 0.00 280.15 263.71 528.25 0.0232702
chair 0 0 -10 39.27 123.88 210.31 330.43 0.0209700
chair 0 0 -10 184.76 148.60 634.71 505.32 0.0181918
chair 0 0 -10 0.00 120.85 143.80 338.75 0.0161416
desk 0 0 -10 296.98 263.52 681.00 531.00 0.0158919
table 0 0 -10 27.99 27.71 351.94 328.72 0.0150805
table 0 0 -10 617.22 284.96 679.52 531.00 0.0145655
table 0 0 -10 23.85 129.46 195.80 209.35 0.0142666
chair 0 0 -10 52.53 253.29 558.91 529.44 0.0133148
sofa 0 0 -10 269.06 237.21 681.00 531.00 0.0119172
desk 0 0 -10 16.59 137.82 240.06 365.87 0.0113404
table 0 0 -10 0.00 132.77 145.10 397.21 0.0100979
table 0 0 -10 485.21 221.78 674.28 511.76 0.0099868
table 0 0 -10 248.69 67.35 526.61 443.18 0.0095922
sofa 0 0 -10 28.68 224.27 472.80 531.00 0.0085218
chair 0 0 -10 515.94 461.84 674.37 531.00 0.0081841
chair 0 0 -10 414.31 383.81 672.64 529.89 0.0058528
chair 0 0 -10 554.93 487.42 679.93 530.79 0.0056932
table 0 0 -10 64.37 270.67 397.87 529.32 0.0052952
bed 0 0 -10 299.41 260.52 679.03 531.00 0.0046139
desk 0 0 -10 14.82 182.53 256.81 504.23 0.0042322
table 0 0 -10 257.50 369.58 656.52 531.00 0.0037819
chair 0 0 -10 0.00 16.10 119.66 296.46 0.0037497
chair 0 0 -10 593.47 142.94 681.00 513.10 0.0035710
chair 0 0 -10 334.52 89.51 570.58 482.01 0.0033263
chair 0 0 -10 610.56 479.55 681.00 529.71 0.0029450
table 0 0 -10 140.17 30.50 546.15 330.06 0.0028067
table 0 0 -10 5.02 327.52 249.74 529.99 0.0026062
desk 0 0 -10 226.19 153.85 610.41 508.80 0.0022742
sofa 0 0 -10 3.12 251.36 140.22 512.86 0.0019160
table 0 0 -10 257.06 251.75 493.67 526.92 0.0018956
night_stand 0 0 -10 18.55 149.03 229.63 385.98 0.0018927
chair 0 0 -10 0.00 153.17 93.55 288.93 0.0018547
bed 0 0 -10 18.56 154.96 228.22 388.71 0.0018507
table 0 0 -10 570.15 272.14 678.95 496.30 0.0017896
table 0 0 -10 7.12 13.70 452.43 193.10 0.0017100
chair 0 0 -10 28.94 125.14 191.49 230.57 0.0015888
toilet 0 0 -10 1.16 218.00 247.00 530.75 0.0014884
bed 0 0 -10 225.78 104.74 604.61 495.86 0.0014819
table 0 0 -10 0.00 33.63 100.80 371.77 0.0012990
chair 0 0 -10 555.55 360.96 681.00 531.00 0.0012932
toilet 0 0 -10 22.45 158.11 226.09 423.60 0.0012811
sofa 0 0 -10 29.04 14.29 466.12 275.74 0.0012469
chair 0 0 -10 143.87 399.25 646.63 528.33 0.0012002
chair 0 0 -10 494.73 112.59 681.00 479.75 0.0011893
night_stand 0 0 -10 10.50 202.07 260.73 508.94 0.0011889
sofa 0 0 -10 33.18 164.71 212.61 367.42 0.0011541
table 0 0 -10 647.56 275.57 679.98 531.00 0.0011509
bookshelf 0 0 -10 7.48 264.26 247.12 521.81 0.0010974
table 0 0 -10 497.19 67.85 679.53 354.03 0.0010783
chair 0 0 -10 113.27 66.35 489.52 483.33 0.0010679
dresser 0 0 -10 23.57 149.80 226.90 387.74 0.0009956
bed 0 0 -10 1.02 395.81 329.13 530.22 0.0009324
bathtub 0 0 -10 0.31 213.74 264.79 516.70 0.0008981
table 0 0 -10 2.16 17.10 167.42 252.29 0.0008776
dresser 0 0 -10 5.88 270.31 246.36 524.40 0.0008742
chair 0 0 -10 652.48 329.09 681.00 529.57 0.0008730
table 0 0 -10 664.99 325.18 680.37 531.00 0.0008531
desk 0 0 -10 144.71 18.34 533.94 416.50 0.0008501
bookshelf 0 0 -10 24.27 135.52 225.72 386.62 0.0008344
table 0 0 -10 565.00 488.32 674.77 531.00 0.0008123
chair 0 0 -10 0.84 236.18 169.99 436.30 0.0007818
bathtub 0 0 -10 15.12 154.86 244.96 402.29 0.0007558
chair 0 0 -10 76.19 3.39 232.56 76.22 0.0007535
toilet 0 0 -10 289.08 275.08 668.45 530.84 0.0007517
chair 0 0 -10 244.20 327.99 556.24 529.96 0.0007189
sofa 0 0 -10 0.00 151.70 143.22 419.84 0.0007074
table 0 0 -10 614.50 481.09 678.89 529.59 0.0006783
dresser 0 0 -10 298.90 272.18 681.00 531.00 0.0006613
table 0 0 -10 10.18 0.63 168.26 73.71 0.0006525
table 0 0 -10 321.08 333.99 668.37 478.98 0.0006524
chair 0 0 -10 635.39 484.99 680.79 519.23 0.0006296
bed 0 0 -10 170.60 21.74 530.31 421.97 0.0006290
chair 0 0 -10 533.93 507.26 674.34 530.96 0.0006267
night_stand 0 0 -10 300.24 274.03 681.00 530.80 0.0006134
table 0 0 -10 321.08 266.25 422.30 477.52 0.0006055
chair 0 0 -10 1.59 0.00 107.59 50.14 0.0005798
chair 0 0 -10 619.89 15.81 681.00 409.79 0.0005571
sofa 0 0 -10 0.29 13.89 76.89 397.28 0.0004782
desk 0 0 -10 619.76 277.58 680.29 531.00 0.0004754
table 0 0 -10 3.92 255.24 119.99 511.09 0.0004640
chair 0 0 -10 639.50 133.42 681.00 525.68 0.0004568
chair 0 0 -10 1.79 26.15 61.66 327.52 0.0004523
table 0 0 -10 17.46 69.56 118.74 242.81 0.0004509
chair 0 0 -10 435.90 499.21 681.00 530.93 0.0004420
bookshelf 0 0 -10 309.84 268.97 676.28 530.73 0.0004364
