sofa 0 0 -10 189.88 80.99 681.00 528.78 0.9571685
sofa 0 0 -10 356.20 5.17 669.06 212.28 0.6950662
sofa 0 0 -10 4.92 25.67 170.04 375.63 0.5783207
chair 0 0 -10 594.30 142.26 680.75 499.29 0.3994718
table 0 0 -10 592.75 139.79 681.00 416.61 0.3741149
sofa 0 0 -10 12.92 15.19 321.40 395.39 0.2080174
sofa 0 0 -10 579.72 165.56 679.36 324.24 0.2033550
sofa 0 0 -10 593.68 142.89 680.13 437.87 0.1871801
table 0 0 -10 616.58 186.23 679.86 516.60 0.0908644
table 0 0 -10 606.46 135.14 680.41 215.99 0.0835181
table 0 0 -10 617.46 143.08 680.09 318.89 0.0548347
sofa 0 0 -10 21.98 5.96 453.41 232.90 0.0507323
sofa 0 0 -10 539.99 120.56 676.19 512.93 0.0463054
sofa 0 0 -10 397.09 123.02 680.10 494.25 0.0437237
desk 0 0 -10 609.15 167.22 680.20 473.82 0.0349492
chair 0 0 -10 616.23 136.70 681.00 313.20 0.0297099
sofa 0 0 -10 22.15 2.29 414.59 119.34 0.0248720
chair 0 0 -10 361.54 5.72 681.00 207.65 0.0236944
table 0 0 -10 530.88 125.44 676.25 349.53 0.0222647
sofa 0 0 -10 127.63 26.60 470.57 368.07 0.0218237
sofa 0 0 -10 21.45 45.00 430.90 531.00 0.0217323
chair 0 0 -10 251.70 99.29 678.11 510.67 0.0194932
chair 0 0 -10 639.89 144.43 680.67 509.21 0.0184260
table 0 0 -10 577.61 184.45 678.30 328.25 0.0181805
table 0 0 -10 13.09 22.97 381.45 336.91 0.0176072
sofa 0 0 -10 4.10 10.94 207.48 187.18 0.0146416
bed 0 0 -10 588.19 130.40 681.00 408.69 0.0111665
sofa 0 0 -10 302.62 18.93 668.76 406.19 0.0096666
sofa 0 0 -10 4.95 95.38 203.95 531.00 0.0096058
chair 0 0 -10 564.31 121.09 681.00 361.87 0.0096000
bed 0 0 -10 210.51 174.61 679.46 523.15 0.0091599
table 0 0 -10 5.30 2.15 229.96 116.17 0.0078835
chair 0 0 -10 582.60 280.21 679.47 436.82 0.0071854
chair 0 0 -10 649.22 77.02 680.36 410.01 0.0070656
desk 0 0 -10 590.38 134.83 680.96 355.97 0.0067733
table 0 0 -10 558.45 120.07 677.81 228.38 0.0066463
table 0 0 -10 653.17 251.04 679.72 514.18 0.0065456
table 0 0 -10 605.55 30.29 680.45 260.28 0.0059414
table 0 0 -10 195.38 137.57 665.91 531.00 0.0057990
sofa 0 0 -10 630.89 167.04 680.03 489.29 0.0055155
dresser 0 0 -10 593.92 154.31 680.31 441.61 0.0054430
table 0 0 -10 654.98 106.18 679.22 457.17 0.0048894
table 0 0 -10 30.58 6.78 415.75 151.40 0.0048067
chair 0 0 -10 0.00 22.27 177.99 323.50 0.0047598
bookshelf 0 0 -10 594.94 147.15 679.63 439.01 0.0047290
chair 0 0 -10 610.62 133.35 679.18 215.25 0.0046919
chair 0 0 -10 670.19 112.14 680.89 348.47 0.0046799
table 0 0 -10 555.22 216.93 674.32 526.37 0.0042610
chair 0 0 -10 420.77 164.41 674.18 511.19 0.0041434
night_stand 0 0 -10 616.97 150.82 680.33 463.32 0.0041365
chair 0 0 -10 610.04 20.93 681.00 344.87 0.0040052
table 0 0 -10 5.36 102.50 200.08 531.00 0.0038142
toilet 0 0 -10 608.31 166.55 680.23 469.15 0.0037569
sofa 0 0 -10 620.01 130.95 680.81 316.12 0.0037163
bed 0 0 -10 616.18 158.25 680.80 514.62 0.0036803
sofa 0 0 -10 2.40 132.53 175.43 305.44 0.0036513
sofa 0 0 -10 2.30 8.60 76.29 436.61 0.0035922
table 0 0 -10 588.56 254.59 676.13 466.99 0.0035180
chair 0 0 -10 524.09 203.62 681.00 461.73 0.0031803
table 0 0 -10 384.82 16.11 666.61 198.06 0.0031548
bathtub 0 0 -10 609.26 172.50 680.99 460.18 0.0031264
sofa 0 0 -10 564.90 52.29 677.79 301.64 0.0027206
bed 0 0 -10 0.00 70.07 190.16 513.76 0.0026629
table 0 0 -10 25.55 115.22 388.91 529.96 0.0023748
chair 0 0 -10 631.63 235.65 679.25 433.36 0.0023390
table 0 0 -10 471.74 125.91 679.02 457.48 0.0023109
sofa 0 0 -10 8.18 5.50 222.63 91.51 0.0020837
table 0 0 -10 670.13 103.78 680.79 350.95 0.0020242
night_stand 0 0 -10 589.11 139.57 681.00 348.01 0.0020075
sofa 0 0 -10 207.79 170.58 483.09 531.00 0.0020049
table 0 0 -10 648.07 26.77 680.44 312.64 0.0019577
table 0 0 -10 1.94 195.02 129.27 509.57 0.0019479
bathtub 0 0 -10 585.61 129.04 681.00 362.39 0.0018843
desk 0 0 -10 643.01 182.66 679.75 526.33 0.0018275
toilet 0 0 -10 585.65 129.34 680.85 376.22 0.0017938
table 0 0 -10 666.23 295.30 680.42 524.86 0.0017702
table 0 0 -10 5.87 2.84 394.40 76.03 0.0015051
sofa 0 0 -10 1.17 13.15 63.72 271.20 0.0014911
chair 0 0 -10 665.91 31.13 681.00 314.36 0.0014854
chair 0 0 -10 562.81 16.11 678.95 271.87 0.0014817
sofa 0 0 -10 16.64 6.58 402.74 52.46 0.0014290
table 0 0 -10 654.12 178.41 680.46 347.47 0.0013515
table 0 0 -10 0.00 24.63 172.54 291.70 0.0012301
chair 0 0 -10 662.56 122.76 680.61 392.82 0.0012250
chair 0 0 -10 663.39 227.83 680.95 511.38 0.0011831
chair 0 0 -10 386.25 21.92 676.89 373.79 0.0011753
chair 0 0 -10 5.63 0.00 220.14 95.85 0.0011471
bed 0 0 -10 613.98 140.37 680.57 321.20 0.0010427
desk 0 0 -10 619.94 134.91 681.00 296.00 0.0010155
chair 0 0 -10 641.84 272.87 679.27 379.88 0.0010006
table 0 0 -10 178.98 99.16 486.88 482.49 0.0009733
sofa 0 0 -10 393.10 2.37 581.77 111.45 0.0009628
night_stand 0 0 -10 579.35 105.35 681.00 511.66 0.0009071
chair 0 0 -10 676.69 157.30 680.93 333.10 0.0008802
sofa 0 0 -10 602.21 237.10 678.74 515.13 0.0008748
table 0 0 -10 2.66 243.72 62.08 512.88 0.0008266
dresser 0 0 -10 633.01 170.14 680.39 488.62 0.0008209
chair 0 0 -10 651.35 154.19 680.17 305.45 0.0008197
table 0 0 -10 150.64 48.69 382.64 264.94 0.0007627
table 0 0 -10 662.73 129.27 680.70 388.86 0.0007443
