chair 0 0 -10 376.33 106.66 679.59 528.09 0.9889572
chair 0 0 -10 184.52 27.96 375.34 291.00 0.9739360
table 0 0 -10 164.90 64.10 633.99 420.14 0.9676006
chair 0 0 -10 0.00 194.84 196.20 425.13 0.8227391
table 0 0 -10 2.18 188.39 186.62 517.26 0.5321395
chair 0 0 -10 36.98 1.14 199.63 121.65 0.3919217
chair 0 0 -10 529.25 3.94 670.40 150.51 0.3472602
chair 0 0 -10 438.31 29.14 675.86 295.27 0.3063646
chair 0 0 -10 101.82 0.00 236.89 119.88 0.2667619
chair 0 0 -10 219.82 23.07 478.12 369.28 0.1491100
chair 0 0 -10 0.67 191.39 168.33 320.37 0.1208655
table 0 0 -10 405.03 5.82 666.65 150.15 0.1084590
chair 0 0 -10 502.43 89.72 677.49 455.43 0.0922629
table 0 0 -10 538.17 90.79 681.00 388.31 0.0713320
chair 0 0 -10 596.11 9.94 679.40 153.25 0.0707908
chair 0 0 -10 12.20 30.76 209.28 355.49 0.0560940
chair 0 0 -10 569.85 185.04 677.49 531.00 0.0529678
desk 0 0 -10 130.15 43.72 660.52 530.11 0.0460011
table 0 0 -10 70.10 7.61 264.24 134.19 0.0452927
chair 0 0 -10 122.18 0.65 225.91 77.89 0.0408037
chair 0 0 -10 324.25 47.77 593.20 394.34 0.0402916
chair 0 0 -10 395.15 6.77 544.97 244.83 0.0363955
table 0 0 -10 37.36 0.55 435.70 111.13 0.0333981
table 0 0 -10 2.35 185.81 164.41 314.88 0.0306204
desk 0 0 -10 4.36 192.63 200.77 470.55 0.0305904
table 0 0 -10 431.43 134.52 676.73 521.89 0.0261833
chair 0 0 -10 437.33 6.44 651.25 177.31 0.0241819
chair 0 0 -10 600.61 25.85 678.96 306.43 0.0236398
chair 0 0 -10 571.62 6.71 675.83 418.36 0.0228139
chair 0 0 -10 117.29 18.64 319.37 338.00 0.0222242
chair 0 0 -10 625.93 193.71 677.50 514.51 0.0210806
chair 0 0 -10 255.30 21.76 397.75 250.33 0.0182988
chair 0 0 -10 173.18 118.12 579.24 505.87 0.0166915
table 0 0 -10 24.78 217.53 619.77 527.65 0.0160296
table 0 0 -10 406.08 17.78 672.82 281.19 0.0151632
chair 0 0 -10 60.97 70.25 330.79 441.13 0.0142515
table 0 0 -10 217.46 4.86 673.30 101.45 0.0129053
table 0 0 -10 149.10 72.76 409.07 396.17 0.0108158
chair 0 0 -10 544.73 4.91 635.34 118.18 0.0107208
chair 0 0 -10 255.72 226.16 629.78 531.00 0.0104478
chair 0 0 -10 327.13 23.30 478.51 284.83 0.0098088
table 0 0 -10 592.77 24.65 679.39 156.38 0.0097932
chair 0 0 -10 630.72 48.97 677.35 372.09 0.0096776
desk 0 0 -10 158.68 34.81 484.71 406.46 0.0094459
table 0 0 -10 103.12 1.94 251.44 91.33 0.0091130
desk 0 0 -10 537.45 93.12 679.90 444.75 0.0090591
table 0 0 -10 139.09 6.68 633.81 199.81 0.0086988
chair 0 0 -10 636.38 24.20 680.89 146.80 0.0086473
table 0 0 -10 316.89 259.17 663.96 530.08 0.0086180
table 0 0 -10 421.64 1.25 586.85 81.25 0.0085077
chair 0 0 -10 10.63 178.57 296.48 521.98 0.0083021
table 0 0 -10 584.29 153.83 679.47 523.92 0.0082529
chair 0 0 -10 101.04 1.22 306.83 165.30 0.0082235
chair 0 0 -10 0.00 266.45 195.11 523.37 0.0075250
table 0 0 -10 21.23 104.03 231.89 406.15 0.0071312
sofa 0 0 -10 0.00 187.19 196.77 517.25 0.0071056
table 0 0 -10 147.13 3.92 354.11 169.64 0.0070813
table 0 0 -10 524.13 12.46 678.52 158.20 0.0065246
table 0 0 -10 168.10 27.49 502.04 288.31 0.0061286
chair 0 0 -10 144.11 65.42 416.02 406.87 0.0058088
chair 0 0 -10 409.48 8.23 597.22 116.49 0.0057827
chair 0 0 -10 0.00 169.04 67.68 468.00 0.0056879
table 0 0 -10 314.01 2.89 583.22 157.56 0.0048888
desk 0 0 -10 417.34 3.24 667.71 156.85 0.0048312
table 0 0 -10 629.36 182.76 677.35 511.41 0.0045734
table 0 0 -10 632.23 28.86 680.79 144.94 0.0044727
table 0 0 -10 548.96 41.10 676.76 223.68 0.0042849
desk 0 0 -10 432.43 129.00 678.86 530.13 0.0041691
chair 0 0 -10 34.47 160.04 189.33 356.70 0.0035586
table 0 0 -10 594.13 59.49 677.55 328.26 0.0034269
chair 0 0 -10 442.06 274.93 676.31 528.61 0.0033100
night_stand 0 0 -10 0.00 175.91 187.37 425.00 0.0032933
table 0 0 -10 172.98 76.21 371.93 278.90 0.0032215
chair 0 0 -10 492.91 3.52 602.50 131.67 0.0029527
table 0 0 -10 465.53 3.48 598.90 129.44 0.0026758
chair 0 0 -10 418.24 1.43 581.28 67.54 0.0024813
bed 0 0 -10 2.05 184.23 200.21 520.17 0.0024571
chair 0 0 -10 283.19 108.70 513.10 426.86 0.0024173
table 0 0 -10 651.10 215.16 679.77 531.00 0.0023179
toilet 0 0 -10 3.23 197.23 187.85 503.45 0.0022382
chair 0 0 -10 298.43 2.61 681.00 98.88 0.0022187
desk 0 0 -10 175.88 78.23 372.26 285.76 0.0022028
chair 0 0 -10 44.16 240.86 555.76 528.16 0.0020517
chair 0 0 -10 98.55 0.00 207.76 55.37 0.0019394
desk 0 0 -10 538.49 17.71 673.65 157.28 0.0018012
chair 0 0 -10 535.80 78.93 677.55 295.95 0.0017839
chair 0 0 -10 19.14 0.00 436.73 88.96 0.0017369
dresser 0 0 -10 0.00 198.01 199.23 521.69 0.0016493
table 0 0 -10 1.45 171.09 87.45 509.41 0.0015819
desk 0 0 -10 278.35 16.62 662.62 327.79 0.0015391
chair 0 0 -10 642.91 35.41 681.00 236.39 0.0015041
chair 0 0 -10 652.33 127.31 681.00 515.40 0.0014624
bathtub 0 0 -10 2.82 174.36 182.39 419.55 0.0014562
table 0 0 -10 625.06 31.00 679.87 279.46 0.0012704
table 0 0 -10 662.04 258.92 678.74 527.02 0.0012621
desk 0 0 -10 587.89 151.94 680.02 528.11 0.0012129
desk 0 0 -10 606.55 16.07 678.88 143.76 0.0011917
chair 0 0 -10 55.16 16.19 257.53 263.21 0.0011790
bathtub 0 0 -10 0.00 226.94 207.49 520.94 0.0011759
chair 0 0 -10 648.58 29.22 681.00 113.33 0.0011711
