table 0 0 -10 428.71 129.56 675.22 531.00 0.1516936
table 0 0 -10 432.77 132.13 669.32 267.95 0.0857287
chair 0 0 -10 514.63 67.11 679.56 291.76 0.0357529
dresser 0 0 -10 459.42 153.36 681.00 529.26 0.0276889
table 0 0 -10 532.51 106.69 677.71 218.37 0.0271707
desk 0 0 -10 434.28 134.99 681.00 531.00 0.0177853
table 0 0 -10 569.07 108.66 676.52 289.63 0.0137952
table 0 0 -10 461.49 83.89 679.94 379.71 0.0127721
table 0 0 -10 643.53 108.19 679.33 257.74 0.0081233
chair 0 0 -10 539.33 192.47 681.00 500.77 0.0055369
table 0 0 -10 556.30 154.30 678.10 529.40 0.0054870
chair 0 0 -10 640.20 87.57 680.76 189.81 0.0053924
chair 0 0 -10 571.29 87.42 681.00 429.32 0.0039820
chair 0 0 -10 601.76 9.24 681.00 185.08 0.0037790
table 0 0 -10 633.02 104.90 679.26 190.03 0.0035783
bathtub 0 0 -10 422.64 175.10 681.00 523.34 0.0034475
chair 0 0 -10 531.67 90.86 675.40 199.58 0.0032564
table 0 0 -10 621.02 108.83 678.52 316.29 0.0029255
table 0 0 -10 660.39 100.79 680.14 288.82 0.0026839
table 0 0 -10 662.57 159.35 680.16 256.95 0.0025153
table 0 0 -10 630.72 170.50 679.04 262.08 0.0024294
chair 0 0 -10 598.54 90.12 680.58 295.64 0.0020262
table 0 0 -10 457.57 99.47 675.26 185.36 0.0018900
table 0 0 -10 650.18 117.00 664.71 185.36 0.0017582
bed 0 0 -10 446.69 124.82 681.00 531.00 0.0016796
chair 0 0 -10 646.42 99.66 681.00 258.56 0.0016182
bookshelf 0 0 -10 457.14 133.64 676.57 531.00 0.0016147
chair 0 0 -10 663.06 92.34 680.85 189.56 0.0015250
table 0 0 -10 662.20 104.15 680.33 188.56 0.0014922
table 0 0 -10 668.02 124.45 677.11 233.08 0.0013437
bathtub 0 0 -10 55.40 189.93 676.94 521.92 0.0012830
table 0 0 -10 70.75 172.47 671.52 531.00 0.0012188
table 0 0 -10 623.41 143.91 679.37 461.68 0.0012012
chair 0 0 -10 631.76 44.20 680.60 229.41 0.0011223
table 0 0 -10 472.48 47.82 674.34 242.60 0.0010798
chair 0 0 -10 429.88 13.95 679.44 204.48 0.0010207
desk 0 0 -10 58.83 175.53 681.00 531.00 0.0009988
bathtub 0 0 -10 273.87 306.74 666.85 522.65 0.0009355
chair 0 0 -10 469.66 95.52 652.95 247.47 0.0009347
table 0 0 -10 666.83 109.29 676.09 191.25 0.0009281
table 0 0 -10 649.84 146.08 679.78 299.46 0.0009208
table 0 0 -10 643.63 122.67 678.29 173.92 0.0009050
table 0 0 -10 610.93 118.87 678.42 206.68 0.0008986
table 0 0 -10 663.13 111.14 673.12 186.41 0.0008035
chair 0 0 -10 663.62 99.69 673.59 184.84 0.0007388
chair 0 0 -10 650.70 103.05 670.99 184.50 0.0007133
chair 0 0 -10 664.90 4.73 681.00 238.40 0.0006904
chair 0 0 -10 644.90 116.64 680.18 173.55 0.0006227
chair 0 0 -10 625.15 123.09 681.00 444.44 0.0005883
table 0 0 -10 590.66 170.76 677.38 318.80 0.0005863
dresser 0 0 -10 256.59 145.74 675.55 531.00 0.0005648
table 0 0 -10 616.66 41.57 680.48 182.28 0.0005567
chair 0 0 -10 610.98 97.13 679.76 161.92 0.0005409
table 0 0 -10 653.17 70.98 680.05 368.25 0.0005403
table 0 0 -10 672.63 115.94 678.53 278.60 0.0005210
chair 0 0 -10 667.25 97.10 676.56 189.57 0.0005193
night_stand 0 0 -10 420.41 141.82 681.00 531.00 0.0004899
table 0 0 -10 665.21 120.37 674.59 218.74 0.0004752
table 0 0 -10 670.26 155.44 680.42 275.37 0.0004729
table 0 0 -10 654.62 115.01 674.33 190.53 0.0004553
sofa 0 0 -10 459.05 149.16 675.34 527.15 0.0004426
bed 0 0 -10 56.38 325.27 674.97 529.37 0.0004133
table 0 0 -10 600.43 103.95 677.51 159.88 0.0004128
table 0 0 -10 658.77 122.08 669.23 191.36 0.0004074
chair 0 0 -10 613.47 108.22 681.00 206.09 0.0003667
chair 0 0 -10 603.70 232.27 680.10 530.01 0.0003323
chair 0 0 -10 213.94 153.79 646.76 520.37 0.0003310
table 0 0 -10 271.51 297.10 659.33 527.96 0.0003210
toilet 0 0 -10 428.40 162.35 669.74 531.00 0.0003168
table 0 0 -10 1.20 250.27 39.87 488.85 0.0003099
table 0 0 -10 544.09 93.83 673.49 154.59 0.0003060
table 0 0 -10 623.02 140.65 677.73 185.84 0.0003032
table 0 0 -10 290.76 4.98 660.14 328.25 0.0003006
bathtub 0 0 -10 192.14 290.61 552.55 469.59 0.0002932
table 0 0 -10 522.12 25.36 679.41 183.62 0.0002802
chair 0 0 -10 670.03 87.10 680.24 227.60 0.0002801
bathtub 0 0 -10 13.39 242.39 248.14 438.27 0.0002650
chair 0 0 -10 541.97 98.52 667.07 158.88 0.0002603
table 0 0 -10 55.97 349.43 573.23 527.00 0.0002411
table 0 0 -10 668.04 117.27 680.49 343.03 0.0002352
bathtub 0 0 -10 582.38 204.72 681.00 529.39 0.0002274
bathtub 0 0 -10 64.39 356.69 584.70 524.78 0.0002262
chair 0 0 -10 429.94 84.99 673.88 476.47 0.0002236
chair 0 0 -10 635.28 97.02 679.35 139.43 0.0002153
desk 0 0 -10 451.58 106.55 678.58 314.63 0.0002147
table 0 0 -10 666.55 57.99 680.32 249.41 0.0002147
table 0 0 -10 666.12 136.91 679.82 177.70 0.0001927
chair 0 0 -10 653.05 17.98 680.36 316.41 0.0001919
bathtub 0 0 -10 307.55 296.89 504.08 509.69 0.0001915
table 0 0 -10 659.67 120.28 679.29 163.81 0.0001870
table 0 0 -10 0.59 250.45 87.58 508.68 0.0001867
table 0 0 -10 332.16 114.50 631.21 401.81 0.0001801
table 0 0 -10 652.60 95.11 680.14 155.15 0.0001710
table 0 0 -10 671.56 90.17 678.14 210.85 0.0001656
desk 0 0 -10 261.18 298.11 679.91 525.91 0.0001617
table 0 0 -10 395.78 55.73 599.14 340.70 0.0001572
chair 0 0 -10 659.29 114.82 669.78 188.85 0.0001571
bathtub 0 0 -10 247.15 202.63 465.53 480.75 0.0001533
chair 0 0 -10 674.16 86.52 679.50 246.53 0.0001458
sofa 0 0 -10 65.97 324.61 672.76 531.00 0.0001396
