chair 0 0 -10 407.53 162.96 681.00 487.84 0.9907766
chair 0 0 -10 158.52 155.53 413.75 476.99 0.9901406
chair 0 0 -10 85.51 91.27 250.39 344.67 0.9875092
chair 0 0 -10 266.05 81.85 411.79 301.33 0.9541883
table 0 0 -10 69.83 138.61 661.56 459.68 0.9439917
bookshelf 0 0 -10 214.02 0.00 448.08 137.73 0.9275455
chair 0 0 -10 1.32 112.20 59.93 276.04 0.8173994
chair 0 0 -10 4.73 386.61 248.91 531.00 0.7845904
chair 0 0 -10 1.82 104.50 107.89 347.27 0.7600504
chair 0 0 -10 0.16 213.95 231.10 529.58 0.4214140
chair 0 0 -10 18.80 130.00 199.34 363.83 0.4070872
table 0 0 -10 1.28 143.96 108.62 381.48 0.3318217
chair 0 0 -10 112.36 93.00 328.93 421.27 0.3132224
table 0 0 -10 34.59 133.07 387.62 479.91 0.2920459
chair 0 0 -10 2.53 132.64 96.79 513.71 0.2472266
chair 0 0 -10 0.81 281.28 73.10 531.00 0.2285616
chair 0 0 -10 594.60 229.29 679.60 526.15 0.2033290
chair 0 0 -10 243.21 74.56 439.06 406.98 0.1790909
chair 0 0 -10 2.32 380.99 57.35 530.04 0.1441987
chair 0 0 -10 2.19 125.80 60.41 409.21 0.1285678
desk 0 0 -10 59.57 77.93 638.81 519.79 0.0997830
table 0 0 -10 1.48 142.75 72.99 499.89 0.0933240
chair 0 0 -10 510.78 225.37 679.18 520.44 0.0689588
table 0 0 -10 643.32 249.25 678.34 448.35 0.0641104
chair 0 0 -10 39.92 76.85 216.25 292.78 0.0605672
table 0 0 -10 396.45 203.38 670.89 509.10 0.0550190
table 0 0 -10 16.52 142.41 246.98 359.08 0.0534880
table 0 0 -10 626.06 243.10 679.23 524.98 0.0497470
table 0 0 -10 0.30 125.61 66.25 287.17 0.0445148
chair 0 0 -10 4.06 392.17 115.55 528.30 0.0367340
chair 0 0 -10 1.49 160.67 44.09 523.59 0.0364644
chair 0 0 -10 276.26 76.38 399.95 132.52 0.0358577
table 0 0 -10 322.09 123.92 645.30 381.45 0.0352070
chair 0 0 -10 0.24 96.04 88.32 235.36 0.0335604
chair 0 0 -10 440.74 124.76 649.72 346.89 0.0323926
desk 0 0 -10 3.06 145.49 95.97 372.39 0.0311391
bookshelf 0 0 -10 254.81 22.64 430.56 206.49 0.0298809
table 0 0 -10 565.67 243.94 676.74 531.00 0.0293853
chair 0 0 -10 634.72 200.25 677.33 522.49 0.0237997
chair 0 0 -10 5.26 95.72 24.03 313.30 0.0184861
bookshelf 0 0 -10 143.88 0.00 519.58 188.06 0.0178409
desk 0 0 -10 28.17 131.27 392.38 511.00 0.0150130
desk 0 0 -10 0.00 124.11 62.81 285.19 0.0132195
chair 0 0 -10 4.31 257.81 32.55 524.88 0.0129652
chair 0 0 -10 278.08 181.53 606.26 475.70 0.0125476
chair 0 0 -10 0.00 113.57 29.65 262.90 0.0103173
chair 0 0 -10 350.61 90.82 548.38 310.94 0.0099199
desk 0 0 -10 35.30 152.48 267.72 423.99 0.0091231
chair 0 0 -10 1.79 310.14 60.25 440.62 0.0090198
chair 0 0 -10 91.79 86.04 235.55 147.14 0.0086124
table 0 0 -10 395.37 113.89 643.14 293.36 0.0085100
desk 0 0 -10 405.35 200.08 669.40 515.58 0.0079656
table 0 0 -10 77.71 124.31 433.13 346.49 0.0076995
chair 0 0 -10 1.52 88.63 13.22 277.59 0.0076989
table 0 0 -10 166.78 231.36 410.73 515.32 0.0075823
chair 0 0 -10 1.17 341.30 54.91 406.12 0.0071487
desk 0 0 -10 155.85 8.19 462.16 129.90 0.0071138
chair 0 0 -10 395.73 176.21 549.12 498.83 0.0067510
table 0 0 -10 9.28 210.80 269.18 519.92 0.0063619
chair 0 0 -10 0.74 86.00 37.67 210.80 0.0060499
chair 0 0 -10 454.18 195.64 667.89 393.72 0.0057213
chair 0 0 -10 2.01 369.94 23.57 527.97 0.0055747
table 0 0 -10 158.68 11.01 446.40 132.58 0.0054866
chair 0 0 -10 149.78 98.53 419.94 308.40 0.0054500
sofa 0 0 -10 0.00 103.04 55.50 245.41 0.0051737
chair 0 0 -10 294.09 79.59 505.83 256.42 0.0049782
bookshelf 0 0 -10 234.61 44.32 400.91 285.15 0.0049275
desk 0 0 -10 119.26 87.64 498.86 406.66 0.0048298
chair 0 0 -10 2.44 108.13 42.05 147.94 0.0046852
chair 0 0 -10 8.76 291.77 14.80 521.66 0.0046601
chair 0 0 -10 423.91 101.50 622.09 255.51 0.0044060
bookshelf 0 0 -10 162.33 20.09 470.19 382.20 0.0043203
desk 0 0 -10 1.22 140.40 49.92 373.58 0.0041855
desk 0 0 -10 4.54 134.77 61.54 531.00 0.0041199
chair 0 0 -10 1.04 314.20 37.40 395.80 0.0039645
desk 0 0 -10 627.46 209.27 676.95 519.40 0.0033707
chair 0 0 -10 2.42 372.58 65.69 438.32 0.0033384
dresser 0 0 -10 204.25 4.87 455.51 130.65 0.0031781
chair 0 0 -10 650.26 228.21 677.40 453.14 0.0030747
table 0 0 -10 37.98 250.72 600.13 531.00 0.0028844
chair 0 0 -10 18.72 122.79 83.77 291.05 0.0028629
table 0 0 -10 71.00 88.03 243.55 309.52 0.0028603
chair 0 0 -10 0.01 26.58 45.77 234.22 0.0028168
table 0 0 -10 0.87 164.73 146.36 503.40 0.0028069
table 0 0 -10 345.99 127.73 548.73 484.55 0.0027399
chair 0 0 -10 6.75 282.96 12.65 522.95 0.0027291
desk 0 0 -10 48.94 34.28 631.24 251.42 0.0027194
chair 0 0 -10 2.59 246.82 19.49 526.43 0.0027116
table 0 0 -10 0.64 323.11 34.57 412.18 0.0026657
desk 0 0 -10 570.51 236.92 678.97 531.00 0.0026612
chair 0 0 -10 1.02 94.28 6.08 246.01 0.0024609
chair 0 0 -10 2.38 101.03 77.55 172.35 0.0023421
table 0 0 -10 7.25 95.71 198.44 277.79 0.0023008
table 0 0 -10 218.32 105.34 510.22 429.09 0.0022216
chair 0 0 -10 18.87 78.20 125.83 266.96 0.0021504
sofa 0 0 -10 1.25 123.78 97.74 359.82 0.0021388
desk 0 0 -10 333.44 123.50 646.70 384.70 0.0021330
chair 0 0 -10 232.89 10.83 430.42 142.80 0.0021116
bookshelf 0 0 -10 269.11 44.70 405.42 146.76 0.0019367
desk 0 0 -10 167.65 225.04 405.97 519.84 0.0019038
