chair 0 0 -10 312.34 54.38 584.56 435.94 0.9902319
chair 0 0 -10 4.01 195.85 210.28 522.75 0.9315276
chair 0 0 -10 291.89 31.37 472.33 336.64 0.2440136
table 0 0 -10 3.14 200.52 157.87 523.37 0.1558438
chair 0 0 -10 6.18 194.21 148.62 425.14 0.0930483
table 0 0 -10 14.48 125.73 435.26 517.69 0.0746384
chair 0 0 -10 8.34 147.52 356.36 530.83 0.0656891
chair 0 0 -10 1.59 194.33 116.30 343.09 0.0399322
chair 0 0 -10 2.00 249.32 103.39 526.91 0.0291485
table 0 0 -10 4.01 198.01 147.33 347.31 0.0193645
desk 0 0 -10 1.21 203.51 169.22 512.17 0.0134706
chair 0 0 -10 1.51 143.04 67.89 370.24 0.0119954
table 0 0 -10 214.46 43.04 590.72 448.30 0.0111200
chair 0 0 -10 2.12 138.54 158.72 332.37 0.0102008
table 0 0 -10 473.17 112.33 681.00 287.48 0.0089221
desk 0 0 -10 33.94 126.51 495.04 531.00 0.0067997
chair 0 0 -10 305.30 64.03 487.89 221.49 0.0049279
desk 0 0 -10 12.10 181.30 283.91 527.54 0.0043942
chair 0 0 -10 47.30 189.37 285.74 381.86 0.0039954
table 0 0 -10 49.31 197.07 261.30 525.04 0.0035979
chair 0 0 -10 2.82 59.39 177.32 442.47 0.0035027
sofa 0 0 -10 0.72 193.79 236.09 523.89 0.0032980
chair 0 0 -10 4.55 356.65 152.18 531.00 0.0030392
chair 0 0 -10 434.54 77.86 660.39 361.24 0.0028018
chair 0 0 -10 10.21 332.28 277.89 527.03 0.0027289
table 0 0 -10 15.71 149.86 330.30 386.48 0.0026168
desk 0 0 -10 220.27 38.28 596.31 464.69 0.0025546
table 0 0 -10 0.00 189.09 75.89 473.01 0.0024096
table 0 0 -10 0.00 352.14 104.30 531.00 0.0023683
table 0 0 -10 290.65 84.56 474.71 232.61 0.0023646
chair 0 0 -10 0.00 28.22 107.99 366.51 0.0023071
chair 0 0 -10 0.00 298.59 563.13 530.21 0.0021584
chair 0 0 -10 0.03 200.78 42.36 524.18 0.0021159
chair 0 0 -10 340.66 37.69 580.28 271.39 0.0017166
sofa 0 0 -10 265.82 41.28 593.10 458.69 0.0016467
table 0 0 -10 0.00 92.63 158.70 419.81 0.0013685
chair 0 0 -10 140.39 43.04 441.08 345.34 0.0012638
table 0 0 -10 523.66 133.61 652.88 367.57 0.0012485
table 0 0 -10 56.36 75.13 446.27 363.17 0.0011214
table 0 0 -10 281.89 174.74 573.62 496.76 0.0010624
chair 0 0 -10 0.00 175.60 54.86 307.15 0.0010478
desk 0 0 -10 1.63 201.98 128.37 380.50 0.0008803
table 0 0 -10 472.37 107.69 678.45 196.33 0.0008516
table 0 0 -10 488.27 106.41 675.87 448.78 0.0008485
sofa 0 0 -10 2.87 321.75 109.09 531.00 0.0008466
table 0 0 -10 401.84 43.60 661.68 352.38 0.0008124
table 0 0 -10 269.96 50.68 482.47 308.04 0.0007553
toilet 0 0 -10 266.70 39.82 594.16 482.59 0.0007309
toilet 0 0 -10 0.91 202.35 176.69 509.63 0.0007208
table 0 0 -10 0.81 162.59 51.27 410.70 0.0007070
bed 0 0 -10 1.03 197.57 200.51 507.33 0.0006863
chair 0 0 -10 1.13 245.17 78.84 345.07 0.0006511
dresser 0 0 -10 3.87 208.11 236.89 526.80 0.0006332
chair 0 0 -10 288.52 47.55 387.60 318.59 0.0004963
chair 0 0 -10 18.03 189.10 82.38 322.10 0.0004818
bathtub 0 0 -10 0.26 202.34 157.55 522.49 0.0004694
table 0 0 -10 339.27 14.81 656.76 239.09 0.0004438
bookshelf 0 0 -10 4.01 197.50 173.90 503.80 0.0004237
sofa 0 0 -10 2.59 135.99 476.16 531.00 0.0004112
night_stand 0 0 -10 3.64 207.43 241.20 529.07 0.0004091
table 0 0 -10 303.89 91.93 439.02 350.39 0.0003997
chair 0 0 -10 1.18 337.39 59.53 531.00 0.0003976
chair 0 0 -10 0.00 214.02 73.59 282.76 0.0003953
chair 0 0 -10 8.89 172.25 42.75 375.52 0.0003874
bathtub 0 0 -10 2.05 167.93 306.08 477.85 0.0003821
chair 0 0 -10 573.23 157.10 681.00 519.46 0.0003673
table 0 0 -10 370.00 112.12 634.46 484.48 0.0003542
bed 0 0 -10 259.99 36.62 590.49 460.69 0.0003537
desk 0 0 -10 289.59 83.06 475.30 231.55 0.0003487
table 0 0 -10 0.00 198.34 78.24 330.68 0.0003430
chair 0 0 -10 455.40 149.23 681.00 531.00 0.0003145
chair 0 0 -10 557.33 141.67 677.38 313.84 0.0002940
table 0 0 -10 6.76 345.34 194.18 531.00 0.0002856
desk 0 0 -10 18.56 148.25 336.75 391.69 0.0002852
bookshelf 0 0 -10 272.09 16.15 584.17 447.72 0.0002694
sofa 0 0 -10 5.19 169.02 155.30 456.42 0.0002449
dresser 0 0 -10 268.36 41.65 588.99 456.83 0.0002370
night_stand 0 0 -10 269.43 45.08 594.95 460.17 0.0002336
desk 0 0 -10 0.24 346.24 105.47 531.00 0.0002334
chair 0 0 -10 8.80 154.22 24.85 500.80 0.0002217
desk 0 0 -10 0.00 81.93 158.05 421.45 0.0002158
desk 0 0 -10 0.01 206.68 85.26 521.06 0.0002044
toilet 0 0 -10 0.27 181.93 313.40 531.00 0.0001955
table 0 0 -10 323.94 108.33 565.45 204.12 0.0001946
chair 0 0 -10 523.75 129.10 677.35 424.00 0.0001942
night_stand 0 0 -10 0.63 165.37 154.89 451.21 0.0001924
chair 0 0 -10 0.00 236.22 51.18 288.68 0.0001875
table 0 0 -10 3.60 214.73 36.48 434.38 0.0001723
table 0 0 -10 5.15 210.41 24.09 512.48 0.0001712
table 0 0 -10 19.53 0.13 634.73 124.65 0.0001709
chair 0 0 -10 4.34 305.80 163.04 433.63 0.0001656
table 0 0 -10 569.58 150.99 677.20 509.08 0.0001655
desk 0 0 -10 284.57 41.77 465.07 324.34 0.0001639
chair 0 0 -10 0.00 20.16 237.86 313.14 0.0001590
chair 0 0 -10 4.68 201.83 19.28 531.00 0.0001573
bathtub 0 0 -10 230.11 36.19 606.52 485.65 0.0001494
chair 0 0 -10 324.22 32.82 478.73 168.78 0.0001383
chair 0 0 -10 0.35 197.66 40.49 276.19 0.0001319
table 0 0 -10 106.02 0.97 621.67 250.60 0.0001297
table 0 0 -10 18.57 385.20 391.67 531.00 0.0001293
