chair 0 0 -10 125.20 25.95 572.96 513.81 0.9942391
chair 0 0 -10 3.03 105.79 202.02 530.46 0.9832449
table 0 0 -10 35.77 77.14 339.46 516.79 0.2256708
table 0 0 -10 84.99 49.28 530.02 510.87 0.2213143
chair 0 0 -10 43.66 39.06 337.14 447.34 0.0774340
chair 0 0 -10 224.85 154.60 520.40 520.33 0.0505343
table 0 0 -10 220.57 189.49 558.57 525.45 0.0209552
table 0 0 -10 14.32 5.21 338.03 109.53 0.0189747
table 0 0 -10 2.23 117.33 200.11 529.17 0.0181140
chair 0 0 -10 10.30 92.94 176.90 327.67 0.0128460
chair 0 0 -10 308.12 24.41 573.90 397.77 0.0117467
chair 0 0 -10 161.25 23.76 501.49 331.21 0.0111051
desk 0 0 -10 56.09 62.81 525.05 525.88 0.0104488
desk 0 0 -10 1.44 125.65 200.93 512.79 0.0088737
table 0 0 -10 1.50 23.56 261.50 312.06 0.0086155
chair 0 0 -10 4.95 180.18 140.13 470.18 0.0061717
chair 0 0 -10 166.87 2.84 375.52 228.29 0.0059798
sofa 0 0 -10 0.11 116.85 205.24 525.20 0.0045250
table 0 0 -10 4.56 213.83 122.79 525.95 0.0042293
chair 0 0 -10 38.83 27.36 220.18 284.83 0.0035595
chair 0 0 -10 3.82 133.76 172.07 253.98 0.0034217
table 0 0 -10 106.67 47.42 286.58 356.18 0.0033369
chair 0 0 -10 1.49 182.04 56.24 467.12 0.0019041
table 0 0 -10 3.75 9.08 221.24 85.86 0.0018654
table 0 0 -10 132.90 17.30 326.00 189.22 0.0017350
chair 0 0 -10 1.04 88.75 92.31 341.43 0.0017186
chair 0 0 -10 0.00 300.46 240.27 529.98 0.0015770
desk 0 0 -10 7.42 2.10 345.11 110.64 0.0015139
table 0 0 -10 136.25 0.06 298.59 91.33 0.0014327
desk 0 0 -10 64.35 68.42 281.12 489.22 0.0014217
chair 0 0 -10 342.33 0.00 546.37 217.54 0.0013212
chair 0 0 -10 5.14 185.66 116.99 331.43 0.0013143
desk 0 0 -10 219.70 172.82 561.20 525.89 0.0011864
chair 0 0 -10 111.66 12.91 262.72 305.37 0.0009704
sofa 0 0 -10 52.60 44.22 531.87 517.34 0.0008845
table 0 0 -10 9.05 1.09 295.52 60.57 0.0008607
chair 0 0 -10 0.00 15.45 184.69 210.50 0.0008331
desk 0 0 -10 2.61 204.06 123.92 515.99 0.0008258
sofa 0 0 -10 222.56 146.45 556.94 520.10 0.0007899
chair 0 0 -10 264.51 2.19 371.64 111.65 0.0007677
chair 0 0 -10 207.53 37.92 324.08 336.32 0.0007544
chair 0 0 -10 190.78 2.50 345.06 86.35 0.0007483
bed 0 0 -10 2.74 105.36 197.84 530.46 0.0007100
toilet 0 0 -10 2.41 119.94 194.50 528.39 0.0007024
table 0 0 -10 1.19 254.88 62.44 520.01 0.0006739
chair 0 0 -10 67.26 7.64 286.48 188.81 0.0006540
table 0 0 -10 6.36 25.24 194.98 217.52 0.0006537
table 0 0 -10 11.45 93.38 176.92 322.02 0.0006534
sofa 0 0 -10 14.04 1.81 291.42 91.18 0.0006449
table 0 0 -10 2.75 138.28 172.52 256.92 0.0006355
chair 0 0 -10 4.64 237.71 103.71 420.57 0.0006256
chair 0 0 -10 249.29 0.00 408.73 175.12 0.0005901
table 0 0 -10 278.05 4.27 532.38 109.67 0.0004986
table 0 0 -10 366.13 48.13 560.96 186.33 0.0004869
dresser 0 0 -10 0.85 116.54 195.75 525.41 0.0004282
bed 0 0 -10 221.77 157.11 557.27 521.39 0.0004279
table 0 0 -10 248.14 24.44 635.21 441.39 0.0004161
table 0 0 -10 68.86 79.34 224.26 337.06 0.0004041
sofa 0 0 -10 4.04 198.34 107.41 513.61 0.0004011
chair 0 0 -10 113.13 58.15 229.00 239.08 0.0003998
night_stand 0 0 -10 0.16 145.61 208.84 513.53 0.0003397
table 0 0 -10 1.92 240.23 96.83 422.49 0.0003300
bathtub 0 0 -10 1.50 137.11 193.20 518.83 0.0003216
table 0 0 -10 0.60 125.16 117.59 408.78 0.0003159
table 0 0 -10 334.72 4.62 658.70 302.91 0.0003136
chair 0 0 -10 419.77 20.39 658.06 463.56 0.0002949
chair 0 0 -10 298.02 4.79 498.65 122.91 0.0002935
bookshelf 0 0 -10 5.13 132.72 201.11 502.52 0.0002894
chair 0 0 -10 165.09 11.40 475.59 152.19 0.0002792
table 0 0 -10 0.00 199.68 117.33 337.67 0.0002637
chair 0 0 -10 317.51 165.67 647.22 531.00 0.0002515
table 0 0 -10 184.04 32.43 301.07 80.97 0.0002494
chair 0 0 -10 397.35 13.71 606.00 322.28 0.0002340
desk 0 0 -10 7.69 172.42 179.51 335.80 0.0002265
table 0 0 -10 181.17 5.28 320.73 69.13 0.0002253
chair 0 0 -10 493.09 133.60 681.00 531.00 0.0002212
table 0 0 -10 184.80 52.99 312.52 350.96 0.0001971
toilet 0 0 -10 227.04 168.54 552.25 526.82 0.0001940
chair 0 0 -10 0.74 100.81 56.50 246.83 0.0001934
chair 0 0 -10 0.48 91.82 31.30 489.03 0.0001901
table 0 0 -10 0.00 324.58 37.70 505.19 0.0001797
table 0 0 -10 46.65 31.49 358.36 234.68 0.0001792
bed 0 0 -10 59.47 35.26 517.93 528.24 0.0001769
table 0 0 -10 582.10 20.11 673.96 508.25 0.0001749
table 0 0 -10 113.13 8.75 495.25 137.61 0.0001690
sofa 0 0 -10 23.38 59.02 320.89 492.46 0.0001571
sofa 0 0 -10 2.84 219.12 55.34 512.91 0.0001502
table 0 0 -10 59.72 5.74 554.87 311.27 0.0001449
bathtub 0 0 -10 224.51 199.86 564.27 522.54 0.0001445
chair 0 0 -10 113.56 207.09 449.51 526.15 0.0001414
toilet 0 0 -10 49.96 58.39 503.24 531.00 0.0001386
chair 0 0 -10 37.36 2.33 359.15 108.25 0.0001385
dresser 0 0 -10 223.51 171.39 556.80 524.59 0.0001339
desk 0 0 -10 0.93 239.38 97.71 422.07 0.0001208
table 0 0 -10 1.74 324.72 242.27 531.00 0.0001188
table 0 0 -10 115.10 71.11 233.37 254.15 0.0001167
desk 0 0 -10 2.02 6.76 263.27 321.08 0.0001165
bookshelf 0 0 -10 11.86 0.00 296.00 90.15 0.0001080
bookshelf 0 0 -10 232.97 152.80 554.23 523.93 0.0001022
chair 0 0 -10 175.84 16.11 308.07 187.78 0.0001016
