chair 0 0 -10 488.00 0.39 595.20 110.02 0.9608693
table 0 0 -10 88.77 245.54 393.28 528.92 0.8748647
chair 0 0 -10 283.30 0.00 409.80 83.27 0.8252807
chair 0 0 -10 70.53 1.26 184.24 106.07 0.7710383
chair 0 0 -10 390.54 0.00 519.97 94.45 0.7311464
chair 0 0 -10 180.16 0.13 305.38 80.66 0.5317416
chair 0 0 -10 478.46 131.43 676.27 525.68 0.5176947
sofa 0 0 -10 149.34 23.79 456.53 300.59 0.4984445
sofa 0 0 -10 506.94 130.83 678.52 530.97 0.3990692
chair 0 0 -10 111.04 27.14 471.01 495.68 0.3665092
chair 0 0 -10 2.08 40.84 82.45 525.07 0.3040018
chair 0 0 -10 175.17 1.09 296.29 41.26 0.2689499
chair 0 0 -10 2.02 46.64 65.80 342.61 0.1447956
chair 0 0 -10 438.89 31.29 612.54 323.52 0.1124681
chair 0 0 -10 147.73 14.21 464.03 293.08 0.0936886
chair 0 0 -10 305.88 1.62 507.37 112.80 0.0846353
chair 0 0 -10 220.92 0.00 355.69 76.67 0.0793422
chair 0 0 -10 93.43 184.16 404.01 528.67 0.0757380
chair 0 0 -10 397.71 2.33 494.03 58.04 0.0748659
chair 0 0 -10 248.97 0.00 571.97 80.48 0.0686747
table 0 0 -10 442.22 6.09 605.79 119.67 0.0589470
chair 0 0 -10 196.45 2.59 293.18 24.28 0.0573219
chair 0 0 -10 72.87 0.67 342.50 92.94 0.0547804
chair 0 0 -10 291.62 0.00 405.73 27.48 0.0468634
table 0 0 -10 1.50 69.22 86.27 529.11 0.0448572
table 0 0 -10 240.75 3.75 411.76 93.83 0.0408341
table 0 0 -10 462.03 123.78 676.58 435.64 0.0376054
table 0 0 -10 284.87 4.64 569.29 109.03 0.0373630
table 0 0 -10 395.80 2.25 529.57 96.66 0.0357285
sofa 0 0 -10 85.94 24.56 456.20 502.03 0.0351042
chair 0 0 -10 130.67 0.00 459.88 106.22 0.0334824
table 0 0 -10 164.24 5.26 341.95 77.74 0.0232355
table 0 0 -10 83.82 6.53 371.03 101.86 0.0229483
table 0 0 -10 435.82 56.53 667.06 338.59 0.0187826
table 0 0 -10 0.00 43.88 78.40 319.31 0.0185108
table 0 0 -10 42.91 3.65 234.73 98.01 0.0183737
sofa 0 0 -10 2.63 39.56 62.57 335.00 0.0160474
table 0 0 -10 362.66 5.41 650.10 148.37 0.0156592
chair 0 0 -10 0.00 223.34 146.85 527.02 0.0152390
chair 0 0 -10 36.64 242.58 293.93 531.00 0.0147029
chair 0 0 -10 455.06 5.23 582.22 163.50 0.0144413
desk 0 0 -10 88.79 238.03 391.17 531.00 0.0133025
table 0 0 -10 3.37 80.14 55.20 401.06 0.0115522
sofa 0 0 -10 590.75 117.02 676.91 520.92 0.0111662
sofa 0 0 -10 1.52 24.21 85.15 520.76 0.0102024
chair 0 0 -10 0.00 173.64 58.97 491.37 0.0091956
table 0 0 -10 490.99 252.16 670.46 531.00 0.0089443
sofa 0 0 -10 0.92 32.60 36.75 261.48 0.0082189
chair 0 0 -10 5.64 47.50 131.96 336.24 0.0081672
chair 0 0 -10 81.16 0.00 209.82 53.45 0.0079291
table 0 0 -10 474.54 2.30 594.93 78.47 0.0072455
table 0 0 -10 0.00 279.92 153.64 531.00 0.0066220
desk 0 0 -10 444.54 3.10 606.04 125.33 0.0065029
chair 0 0 -10 453.00 115.52 585.50 360.88 0.0058698
chair 0 0 -10 123.47 0.00 233.34 85.58 0.0057572
chair 0 0 -10 496.15 35.42 582.34 66.91 0.0054765
chair 0 0 -10 156.26 0.00 245.35 55.68 0.0054161
chair 0 0 -10 1.66 49.03 193.62 504.05 0.0052784
table 0 0 -10 129.68 20.90 471.45 284.40 0.0051582
table 0 0 -10 69.52 6.53 170.72 95.56 0.0050770
table 0 0 -10 36.53 8.08 315.86 145.65 0.0050714
desk 0 0 -10 0.85 47.57 85.71 531.00 0.0047613
table 0 0 -10 100.50 110.91 485.85 518.26 0.0045550
table 0 0 -10 51.47 269.34 229.29 530.30 0.0044799
chair 0 0 -10 34.31 4.76 153.09 130.07 0.0043854
table 0 0 -10 179.11 3.34 294.65 61.13 0.0042372
sofa 0 0 -10 440.48 96.48 673.72 400.30 0.0041403
bed 0 0 -10 483.10 121.02 679.25 528.56 0.0035640
desk 0 0 -10 462.83 116.60 680.73 451.06 0.0034806
chair 0 0 -10 279.32 0.00 465.10 212.16 0.0034713
sofa 0 0 -10 25.16 8.50 335.71 248.48 0.0034336
table 0 0 -10 21.83 75.48 300.77 522.84 0.0033959
chair 0 0 -10 0.60 30.64 39.14 263.46 0.0033039
chair 0 0 -10 206.75 1.26 264.77 30.58 0.0032661
sofa 0 0 -10 270.70 104.00 673.85 531.00 0.0031501
sofa 0 0 -10 630.47 120.46 678.13 490.67 0.0029620
table 0 0 -10 335.94 1.95 652.11 72.99 0.0028192
chair 0 0 -10 418.18 0.63 477.64 42.85 0.0027235
chair 0 0 -10 400.16 0.00 507.60 187.19 0.0027226
chair 0 0 -10 184.75 0.00 200.75 49.28 0.0027165
desk 0 0 -10 53.71 3.70 187.16 107.65 0.0027160
table 0 0 -10 460.99 112.30 593.79 360.65 0.0026845
sofa 0 0 -10 116.87 11.32 376.54 195.69 0.0026197
table 0 0 -10 13.64 16.70 234.28 268.86 0.0025991
chair 0 0 -10 506.35 0.00 594.71 64.55 0.0025979
bookshelf 0 0 -10 489.18 135.86 672.40 518.21 0.0025935
table 0 0 -10 417.10 11.31 577.41 195.11 0.0025880
dresser 0 0 -10 486.46 152.41 673.57 517.36 0.0025824
chair 0 0 -10 484.11 0.00 564.13 52.47 0.0025553
table 0 0 -10 259.31 132.55 640.76 531.00 0.0024113
table 0 0 -10 0.11 232.93 39.43 513.42 0.0024058
chair 0 0 -10 276.44 47.41 593.85 531.00 0.0024003
table 0 0 -10 212.36 1.54 503.50 65.17 0.0023104
chair 0 0 -10 392.28 8.37 554.81 311.01 0.0022980
bed 0 0 -10 0.00 28.60 65.71 519.36 0.0022507
sofa 0 0 -10 267.23 9.14 462.15 211.17 0.0022301
table 0 0 -10 342.78 10.19 612.85 248.17 0.0021722
sofa 0 0 -10 390.00 0.55 495.32 116.96 0.0021641
dresser 0 0 -10 0.00 46.33 64.44 514.61 0.0021308
chair 0 0 -10 196.97 0.85 211.63 53.79 0.0020178
