desk 0 0 -10 68.40 246.47 681.00 531.00 0.6450573
table 0 0 -10 92.23 263.69 666.60 518.48 0.4878009
bookshelf 0 0 -10 10.02 0.00 220.40 206.34 0.0793940
bookshelf 0 0 -10 80.25 47.54 679.17 510.37 0.0110557
bookshelf 0 0 -10 78.24 0.00 618.09 245.10 0.0110178
dresser 0 0 -10 64.85 242.55 681.00 531.00 0.0108772
bathtub 0 0 -10 99.66 209.23 672.25 501.74 0.0079566
chair 0 0 -10 156.42 278.80 598.23 523.86 0.0074924
bookshelf 0 0 -10 395.11 9.73 561.17 266.15 0.0037792
bed 0 0 -10 97.66 227.28 673.11 531.00 0.0034531
desk 0 0 -10 393.78 236.69 681.00 531.00 0.0032518
desk 0 0 -10 235.12 2.79 596.85 246.04 0.0026421
bookshelf 0 0 -10 131.96 255.24 656.96 531.00 0.0024942
bookshelf 0 0 -10 285.44 0.57 575.66 221.77 0.0023507
sofa 0 0 -10 98.44 224.30 673.98 522.73 0.0019771
chair 0 0 -10 379.79 237.66 660.56 520.71 0.0018342
dresser 0 0 -10 11.73 8.05 224.07 196.57 0.0018186
chair 0 0 -10 572.28 210.73 678.67 516.70 0.0017533
desk 0 0 -10 0.00 24.48 681.00 466.24 0.0016977
night_stand 0 0 -10 134.72 271.45 654.43 529.51 0.0016640
desk 0 0 -10 54.53 413.80 651.73 520.41 0.0015713
desk 0 0 -10 241.60 242.13 560.39 521.86 0.0014090
dresser 0 0 -10 285.26 13.15 576.37 216.48 0.0013806
table 0 0 -10 9.82 491.57 246.73 530.37 0.0013236
table 0 0 -10 5.42 515.17 234.26 531.00 0.0012014
toilet 0 0 -10 125.09 285.35 631.61 526.10 0.0011897
chair 0 0 -10 13.37 435.60 535.78 528.53 0.0011524
desk 0 0 -10 10.13 4.29 545.20 222.25 0.0011451
table 0 0 -10 332.55 242.42 675.48 494.32 0.0011213
table 0 0 -10 28.59 2.46 243.62 168.23 0.0010674
table 0 0 -10 238.41 2.78 573.03 162.76 0.0010631
chair 0 0 -10 7.26 490.40 264.18 531.00 0.0009855
table 0 0 -10 14.69 82.34 680.49 495.54 0.0009376
table 0 0 -10 26.20 418.06 643.79 528.49 0.0009158
bookshelf 0 0 -10 19.69 0.00 432.92 325.68 0.0009058
table 0 0 -10 95.60 365.51 513.75 521.63 0.0008967
dresser 0 0 -10 0.00 14.57 681.00 454.83 0.0008352
chair 0 0 -10 384.37 0.96 571.93 216.20 0.0008209
chair 0 0 -10 289.83 110.56 673.66 501.98 0.0008204
dresser 0 0 -10 76.89 4.82 631.33 234.57 0.0008153
bookshelf 0 0 -10 34.39 2.45 299.27 150.42 0.0007554
chair 0 0 -10 626.38 230.68 679.81 514.81 0.0007018
desk 0 0 -10 5.00 2.81 262.56 196.38 0.0006876
table 0 0 -10 638.82 281.24 678.74 531.00 0.0006662
bookshelf 0 0 -10 249.95 0.00 606.40 373.29 0.0006007
chair 0 0 -10 24.14 0.88 238.21 171.56 0.0005869
desk 0 0 -10 629.33 282.34 679.76 528.55 0.0004917
sofa 0 0 -10 10.41 508.56 263.02 531.00 0.0004550
chair 0 0 -10 74.15 382.01 581.89 520.18 0.0004490
bathtub 0 0 -10 83.37 333.52 630.99 528.21 0.0004390
chair 0 0 -10 53.37 327.97 393.27 526.88 0.0004306
bookshelf 0 0 -10 4.98 1.90 291.97 484.41 0.0004279
chair 0 0 -10 288.80 267.56 516.97 519.47 0.0004091
desk 0 0 -10 372.35 17.93 567.22 255.84 0.0003857
bathtub 0 0 -10 634.05 293.78 680.85 526.52 0.0003546
desk 0 0 -10 214.25 349.60 667.72 528.99 0.0003515
chair 0 0 -10 531.16 21.70 680.69 430.25 0.0003191
bed 0 0 -10 1.69 508.44 267.34 531.00 0.0003162
night_stand 0 0 -10 282.10 6.47 570.17 216.11 0.0003145
chair 0 0 -10 40.24 33.64 590.77 493.88 0.0003068
table 0 0 -10 4.31 507.28 323.89 531.00 0.0002975
table 0 0 -10 61.75 0.27 618.52 233.92 0.0002951
table 0 0 -10 9.65 523.82 175.67 530.85 0.0002939
dresser 0 0 -10 636.11 282.19 679.21 527.48 0.0002893
bathtub 0 0 -10 1.16 506.99 342.07 530.60 0.0002887
sofa 0 0 -10 17.05 8.21 214.46 175.19 0.0002831
bathtub 0 0 -10 5.36 14.56 681.00 429.03 0.0002783
table 0 0 -10 260.96 27.92 573.46 261.85 0.0002673
bathtub 0 0 -10 363.30 244.45 681.00 512.54 0.0002436
dresser 0 0 -10 406.34 9.44 559.51 235.23 0.0002403
table 0 0 -10 204.27 15.03 632.20 357.11 0.0002340
table 0 0 -10 609.82 232.35 677.69 530.16 0.0002276
chair 0 0 -10 10.13 507.99 230.53 530.07 0.0002248
chair 0 0 -10 254.59 3.03 508.89 209.53 0.0002220
toilet 0 0 -10 626.26 276.43 679.96 530.80 0.0002218
bathtub 0 0 -10 11.46 1.95 218.85 209.04 0.0002176
chair 0 0 -10 288.44 10.98 612.95 315.02 0.0002102
table 0 0 -10 513.10 231.06 677.86 492.91 0.0002091
table 0 0 -10 231.94 1.89 610.52 81.50 0.0002074
desk 0 0 -10 548.82 238.14 677.69 531.00 0.0002014
dresser 0 0 -10 108.71 321.63 468.99 528.56 0.0001883
chair 0 0 -10 608.16 78.88 680.28 475.70 0.0001711
table 0 0 -10 381.13 4.63 563.05 216.19 0.0001685
chair 0 0 -10 0.75 381.64 301.39 530.69 0.0001667
bookshelf 0 0 -10 56.25 0.00 599.09 114.09 0.0001651
table 0 0 -10 17.85 527.09 147.43 530.90 0.0001613
chair 0 0 -10 0.63 2.83 265.51 286.58 0.0001542
chair 0 0 -10 378.39 45.64 609.62 446.98 0.0001540
dresser 0 0 -10 437.22 238.14 675.87 528.84 0.0001475
desk 0 0 -10 104.50 293.00 454.60 520.27 0.0001464
bathtub 0 0 -10 9.28 490.24 259.96 529.56 0.0001394
bed 0 0 -10 0.00 12.94 582.83 527.15 0.0001393
bookshelf 0 0 -10 390.62 2.96 660.75 423.56 0.0001332
table 0 0 -10 655.05 172.38 679.26 531.00 0.0001317
chair 0 0 -10 77.66 481.93 440.95 531.00 0.0001313
bookshelf 0 0 -10 124.57 0.00 221.89 203.47 0.0001308
chair 0 0 -10 0.67 210.57 107.35 525.89 0.0001283
table 0 0 -10 643.88 349.59 679.43 442.38 0.0001221
bathtub 0 0 -10 3.09 352.86 98.61 524.63 0.0001213
dresser 0 0 -10 4.73 27.79 299.16 476.85 0.0001175
