table 0 0 -10 222.16 98.59 679.20 506.08 0.1840378
chair 0 0 -10 242.94 63.68 674.88 503.59 0.0961199
bed 0 0 -10 220.20 58.09 674.81 503.25 0.0292246
table 0 0 -10 0.00 6.88 154.47 276.81 0.0156986
table 0 0 -10 394.07 1.34 659.20 177.67 0.0144904
table 0 0 -10 354.30 4.43 672.58 310.85 0.0129910
table 0 0 -10 94.09 201.03 609.01 529.56 0.0119388
sofa 0 0 -10 254.02 136.39 670.59 516.56 0.0093878
desk 0 0 -10 225.02 83.88 681.00 514.28 0.0060461
desk 0 0 -10 0.00 6.32 155.61 274.68 0.0059365
chair 0 0 -10 0.00 1.99 159.18 279.50 0.0057471
table 0 0 -10 338.61 279.62 652.65 531.00 0.0050634
bookshelf 0 0 -10 237.28 3.85 665.09 503.42 0.0040317
table 0 0 -10 438.06 55.26 678.34 474.23 0.0032658
table 0 0 -10 136.95 0.00 641.56 408.21 0.0031567
chair 0 0 -10 570.07 4.09 681.00 295.99 0.0021681
dresser 0 0 -10 0.02 0.00 151.34 272.58 0.0021117
chair 0 0 -10 362.98 7.81 671.51 315.04 0.0018431
toilet 0 0 -10 219.42 37.61 667.80 520.42 0.0018175
table 0 0 -10 326.47 242.04 572.45 423.17 0.0017475
dresser 0 0 -10 222.48 31.01 679.84 506.67 0.0017470
chair 0 0 -10 479.64 6.27 674.29 442.82 0.0016807
bathtub 0 0 -10 222.44 102.55 681.00 492.85 0.0013701
bed 0 0 -10 0.25 0.00 150.68 279.32 0.0011957
table 0 0 -10 176.69 232.50 508.66 478.08 0.0011308
bathtub 0 0 -10 3.75 10.11 148.01 263.54 0.0011012
table 0 0 -10 482.41 123.46 677.29 266.79 0.0010988
bed 0 0 -10 468.56 102.02 681.00 320.49 0.0010923
table 0 0 -10 573.11 4.89 680.92 317.18 0.0010714
chair 0 0 -10 599.23 67.98 681.00 238.05 0.0008825
bookshelf 0 0 -10 4.27 0.00 149.36 282.51 0.0008450
chair 0 0 -10 401.66 192.43 666.38 516.64 0.0007806
table 0 0 -10 243.17 280.72 494.24 426.98 0.0007351
bed 0 0 -10 401.35 32.85 681.00 444.48 0.0006987
chair 0 0 -10 206.34 0.00 444.39 346.39 0.0006444
table 0 0 -10 390.26 5.33 615.72 91.64 0.0006440
table 0 0 -10 411.51 366.20 650.75 530.36 0.0006003
sofa 0 0 -10 4.15 8.99 149.89 276.08 0.0005906
chair 0 0 -10 623.90 9.20 680.85 309.64 0.0005438
table 0 0 -10 1.28 20.65 211.83 390.78 0.0005198
chair 0 0 -10 99.42 200.87 617.92 524.24 0.0005018
chair 0 0 -10 88.44 17.91 486.17 458.03 0.0004923
table 0 0 -10 625.38 20.80 679.94 326.83 0.0004829
night_stand 0 0 -10 208.45 20.67 673.86 494.92 0.0004596
table 0 0 -10 557.05 0.34 678.22 76.21 0.0003979
chair 0 0 -10 531.94 113.73 677.88 233.95 0.0003886
table 0 0 -10 9.00 119.71 176.11 262.35 0.0003885
sofa 0 0 -10 401.29 2.72 675.99 177.35 0.0003540
table 0 0 -10 600.43 89.59 680.82 248.06 0.0003385
bed 0 0 -10 594.78 76.58 680.14 325.39 0.0003284
desk 0 0 -10 397.26 0.91 677.54 180.02 0.0003240
bed 0 0 -10 84.00 196.69 634.07 530.51 0.0003101
table 0 0 -10 85.91 168.08 437.23 431.30 0.0003066
chair 0 0 -10 392.61 0.00 681.00 112.64 0.0002768
toilet 0 0 -10 296.20 212.92 626.98 519.74 0.0002650
table 0 0 -10 427.73 4.05 582.37 51.44 0.0002622
chair 0 0 -10 545.18 0.00 681.00 74.88 0.0002611
table 0 0 -10 75.24 0.00 481.76 265.72 0.0002498
desk 0 0 -10 511.76 114.01 681.00 241.43 0.0002469
bathtub 0 0 -10 181.64 177.11 243.60 252.11 0.0002459
chair 0 0 -10 0.00 3.84 78.67 245.41 0.0002456
desk 0 0 -10 603.24 84.64 681.00 245.54 0.0002303
bathtub 0 0 -10 1.70 101.08 227.49 288.85 0.0002272
table 0 0 -10 113.54 1.13 655.39 85.38 0.0002196
table 0 0 -10 396.02 324.75 555.01 509.66 0.0002078
table 0 0 -10 0.00 0.00 226.16 186.72 0.0002033
chair 0 0 -10 499.38 89.30 678.07 291.09 0.0002026
chair 0 0 -10 645.54 0.00 681.00 254.03 0.0001845
table 0 0 -10 1.57 4.62 85.37 244.21 0.0001841
dresser 0 0 -10 602.92 109.41 680.30 262.71 0.0001803
table 0 0 -10 627.52 312.94 678.49 524.98 0.0001743
chair 0 0 -10 525.10 0.00 681.00 154.07 0.0001722
toilet 0 0 -10 0.17 9.08 146.75 268.90 0.0001707
table 0 0 -10 168.54 181.64 239.02 259.00 0.0001684
chair 0 0 -10 78.24 97.83 358.85 390.55 0.0001613
table 0 0 -10 398.02 254.27 528.38 461.34 0.0001498
chair 0 0 -10 616.17 73.08 681.00 479.01 0.0001410
table 0 0 -10 530.22 94.45 681.00 367.04 0.0001390
bathtub 0 0 -10 8.23 72.12 183.26 219.59 0.0001370
night_stand 0 0 -10 3.28 4.28 156.22 268.22 0.0001313
sofa 0 0 -10 418.69 33.45 679.43 428.82 0.0001268
desk 0 0 -10 401.59 6.87 681.00 348.23 0.0001230
table 0 0 -10 569.16 327.11 676.47 514.26 0.0001229
chair 0 0 -10 626.93 0.00 681.00 147.53 0.0001198
table 0 0 -10 6.07 153.88 313.04 341.59 0.0001186
bed 0 0 -10 637.33 6.68 679.60 377.94 0.0001186
table 0 0 -10 428.67 3.18 499.59 47.86 0.0001153
table 0 0 -10 178.79 161.96 269.07 261.50 0.0001133
chair 0 0 -10 0.00 41.90 284.97 455.70 0.0001125
table 0 0 -10 401.12 1.11 516.83 108.27 0.0001087
table 0 0 -10 649.76 353.25 680.02 501.20 0.0001079
table 0 0 -10 228.81 66.20 477.95 394.19 0.0001068
dresser 0 0 -10 625.11 22.79 677.68 333.51 0.0001050
table 0 0 -10 645.80 0.00 680.56 262.27 0.0001048
chair 0 0 -10 628.76 112.43 680.83 205.65 0.0001043
table 0 0 -10 650.79 75.25 680.09 507.18 0.0001008
table 0 0 -10 12.33 106.71 129.33 149.23 0.0001006
chair 0 0 -10 559.75 270.07 679.06 525.03 0.0000982
desk 0 0 -10 0.00 40.41 270.67 299.37 0.0000980
desk 0 0 -10 474.69 78.27 681.00 291.80 0.0000977
