sofa 0 0 -10 65.64 8.00 535.12 499.81 0.8524900
table 0 0 -10 527.22 250.71 681.00 515.27 0.8013241
chair 0 0 -10 531.47 256.08 677.81 531.00 0.5001133
chair 0 0 -10 530.59 66.45 674.12 489.70 0.3823565
sofa 0 0 -10 536.11 38.58 680.08 354.96 0.3543420
chair 0 0 -10 58.07 16.69 551.47 508.03 0.1132953
table 0 0 -10 46.68 113.07 593.26 531.00 0.0537628
table 0 0 -10 405.84 208.29 677.73 531.00 0.0505721
desk 0 0 -10 531.03 245.29 679.06 531.00 0.0402740
table 0 0 -10 571.05 235.73 681.00 421.31 0.0340630
table 0 0 -10 543.60 78.79 680.04 446.41 0.0326024
table 0 0 -10 632.57 235.17 675.25 479.54 0.0174996
table 0 0 -10 467.40 166.40 675.22 418.36 0.0098976
chair 0 0 -10 606.50 146.18 681.00 490.45 0.0091724
chair 0 0 -10 559.07 244.95 674.77 425.16 0.0091029
chair 0 0 -10 596.74 313.27 681.00 528.58 0.0086336
chair 0 0 -10 92.78 260.66 644.42 524.90 0.0081321
chair 0 0 -10 631.58 270.23 680.61 421.08 0.0077089
chair 0 0 -10 403.08 180.58 680.35 531.00 0.0070650
sofa 0 0 -10 573.10 82.93 676.96 275.77 0.0062167
table 0 0 -10 524.25 219.45 639.21 448.71 0.0050615
desk 0 0 -10 41.88 99.59 590.60 531.00 0.0038662
chair 0 0 -10 544.99 34.07 680.28 321.43 0.0032550
bed 0 0 -10 51.97 17.90 538.84 510.94 0.0026468
sofa 0 0 -10 480.92 19.16 681.00 484.98 0.0026321
chair 0 0 -10 639.05 183.68 673.64 496.35 0.0024873
bed 0 0 -10 533.04 41.35 681.00 359.24 0.0023168
desk 0 0 -10 547.02 66.26 679.27 441.86 0.0022971
table 0 0 -10 599.09 278.81 681.00 523.85 0.0021701
table 0 0 -10 45.23 32.86 359.38 504.82 0.0021646
sofa 0 0 -10 547.31 156.31 678.96 258.99 0.0021228
sofa 0 0 -10 505.43 241.24 675.93 531.00 0.0020515
table 0 0 -10 653.05 185.01 680.63 497.15 0.0020076
table 0 0 -10 590.82 295.33 681.00 407.12 0.0019452
chair 0 0 -10 645.45 88.50 680.60 462.22 0.0018713
table 0 0 -10 24.01 193.47 258.38 410.97 0.0015724
sofa 0 0 -10 651.24 113.89 679.73 187.94 0.0014175
sofa 0 0 -10 623.28 26.71 679.25 355.90 0.0011391
bed 0 0 -10 530.02 246.77 676.27 531.00 0.0009705
chair 0 0 -10 653.75 241.77 679.38 473.09 0.0009583
sofa 0 0 -10 362.14 29.37 648.32 518.82 0.0009436
chair 0 0 -10 290.35 51.40 543.68 504.52 0.0009280
chair 0 0 -10 602.25 237.00 678.88 392.26 0.0009232
night_stand 0 0 -10 504.89 240.01 676.64 523.69 0.0009208
table 0 0 -10 543.17 119.15 674.95 309.78 0.0008497
desk 0 0 -10 597.23 214.71 680.94 513.02 0.0008201
bookshelf 0 0 -10 57.20 0.00 546.15 483.56 0.0007873
chair 0 0 -10 348.65 386.14 673.23 529.74 0.0007557
table 0 0 -10 0.00 153.38 155.20 380.04 0.0007397
chair 0 0 -10 540.37 318.99 675.01 454.50 0.0006754
chair 0 0 -10 533.35 191.01 681.00 373.25 0.0006416
table 0 0 -10 32.46 8.77 547.05 362.13 0.0006308
toilet 0 0 -10 492.94 242.04 673.28 531.00 0.0006267
table 0 0 -10 666.03 251.21 680.77 503.80 0.0006189
dresser 0 0 -10 50.14 21.51 555.21 495.12 0.0004931
dresser 0 0 -10 531.57 258.74 678.84 531.00 0.0004809
bathtub 0 0 -10 531.22 275.07 674.01 526.66 0.0004350
chair 0 0 -10 620.85 29.68 680.85 384.69 0.0004327
desk 0 0 -10 571.36 267.17 680.97 421.08 0.0004069
table 0 0 -10 555.37 319.58 679.60 434.45 0.0003862
bookshelf 0 0 -10 543.23 17.62 678.01 369.10 0.0003551
table 0 0 -10 545.12 169.85 674.27 257.29 0.0003474
table 0 0 -10 99.88 219.93 231.58 393.63 0.0003425
table 0 0 -10 601.79 52.22 678.80 385.62 0.0003397
table 0 0 -10 646.68 274.69 680.93 417.05 0.0003157
bathtub 0 0 -10 43.08 17.27 561.92 483.39 0.0003136
chair 0 0 -10 663.78 42.42 681.00 449.71 0.0003114
table 0 0 -10 62.40 193.36 361.91 291.49 0.0003009
table 0 0 -10 24.13 0.00 657.68 106.77 0.0002991
sofa 0 0 -10 659.76 73.73 680.16 243.47 0.0002950
chair 0 0 -10 526.10 220.69 643.45 456.00 0.0002912
table 0 0 -10 221.62 295.03 477.09 524.82 0.0002789
chair 0 0 -10 609.54 330.27 680.13 424.61 0.0002764
chair 0 0 -10 667.29 247.70 681.00 499.43 0.0002748
chair 0 0 -10 639.59 320.33 680.74 371.90 0.0002725
chair 0 0 -10 647.52 309.15 681.00 528.64 0.0002663
table 0 0 -10 523.26 110.00 631.16 393.12 0.0002628
bookshelf 0 0 -10 504.89 232.43 672.53 531.00 0.0002625
desk 0 0 -10 405.07 196.91 678.96 531.00 0.0002624
desk 0 0 -10 19.04 182.31 263.18 415.37 0.0002533
toilet 0 0 -10 45.53 8.95 544.67 503.06 0.0002501
chair 0 0 -10 247.41 274.46 492.39 520.62 0.0002486
desk 0 0 -10 643.87 211.54 679.79 493.17 0.0002427
night_stand 0 0 -10 58.37 45.58 542.44 505.46 0.0002318
sofa 0 0 -10 64.21 227.40 662.65 531.00 0.0002258
desk 0 0 -10 624.22 245.98 673.12 476.98 0.0002190
table 0 0 -10 11.71 158.08 224.46 316.77 0.0002115
table 0 0 -10 0.00 168.37 122.47 282.64 0.0002106
sofa 0 0 -10 647.34 56.56 680.19 433.55 0.0002099
bed 0 0 -10 1.90 0.00 672.48 111.76 0.0002067
table 0 0 -10 672.18 274.13 678.86 502.16 0.0001996
chair 0 0 -10 17.69 52.72 252.35 505.82 0.0001940
dresser 0 0 -10 538.10 37.92 679.53 444.97 0.0001937
table 0 0 -10 117.42 225.61 362.18 527.18 0.0001854
chair 0 0 -10 411.00 69.23 681.00 416.77 0.0001685
chair 0 0 -10 674.65 285.09 680.07 501.64 0.0001573
chair 0 0 -10 650.18 322.38 681.00 406.71 0.0001520
sofa 0 0 -10 667.24 24.33 680.71 316.09 0.0001481
desk 0 0 -10 42.75 25.53 362.22 497.25 0.0001481
table 0 0 -10 315.03 28.51 574.06 506.54 0.0001405
