chair 0 0 -10 1.76 123.34 161.42 508.44 0.9738133
chair 0 0 -10 444.96 113.22 681.00 524.12 0.9654267
chair 0 0 -10 128.32 55.76 394.62 527.28 0.8865345
desk 0 0 -10 0.96 237.40 654.22 531.00 0.5401872
table 0 0 -10 1.15 234.24 678.69 531.00 0.4587293
chair 0 0 -10 565.65 118.22 678.07 514.81 0.1905608
chair 0 0 -10 22.23 63.71 271.37 530.91 0.1480773
chair 0 0 -10 620.13 111.12 676.98 496.28 0.1057809
chair 0 0 -10 293.96 217.68 662.91 520.19 0.0989629
chair 0 0 -10 0.00 122.15 148.59 311.25 0.0915605
chair 0 0 -10 180.77 98.83 623.88 504.63 0.0619263
chair 0 0 -10 3.14 124.69 52.87 523.45 0.0604245
chair 0 0 -10 3.27 320.53 266.27 530.90 0.0426195
chair 0 0 -10 605.67 260.99 680.78 510.46 0.0403111
chair 0 0 -10 210.32 407.11 663.11 527.89 0.0399711
chair 0 0 -10 24.74 281.20 425.39 526.92 0.0396573
chair 0 0 -10 119.20 323.90 624.02 530.28 0.0378416
table 0 0 -10 612.87 220.42 678.72 528.71 0.0340675
chair 0 0 -10 0.70 244.25 111.61 526.16 0.0328388
chair 0 0 -10 648.40 113.40 679.58 487.40 0.0309488
chair 0 0 -10 456.30 94.47 681.00 238.55 0.0279016
desk 0 0 -10 304.29 215.04 681.00 531.00 0.0258622
chair 0 0 -10 487.97 271.39 681.00 490.03 0.0246690
chair 0 0 -10 142.40 44.05 373.90 293.45 0.0187925
chair 0 0 -10 229.30 54.41 470.01 489.23 0.0163397
table 0 0 -10 458.30 204.10 679.82 524.86 0.0123929
sofa 0 0 -10 53.80 494.21 542.71 531.00 0.0116866
table 0 0 -10 554.09 230.46 676.46 513.47 0.0113557
chair 0 0 -10 0.00 308.11 65.35 527.31 0.0104891
table 0 0 -10 3.88 261.57 252.81 527.37 0.0096845
desk 0 0 -10 0.00 202.56 172.17 524.52 0.0095335
table 0 0 -10 291.29 137.00 674.96 531.00 0.0080974
desk 0 0 -10 489.74 196.99 678.20 530.79 0.0072058
chair 0 0 -10 106.97 217.96 520.19 505.80 0.0064641
chair 0 0 -10 7.09 285.29 32.10 531.00 0.0064431
sofa 0 0 -10 3.30 491.81 283.54 531.00 0.0060851
desk 0 0 -10 78.47 260.83 431.63 525.54 0.0053824
sofa 0 0 -10 26.63 70.72 651.01 512.82 0.0052652
table 0 0 -10 2.96 49.30 611.49 486.51 0.0052576
table 0 0 -10 0.20 334.68 24.34 531.00 0.0052273
table 0 0 -10 0.00 134.17 154.14 437.95 0.0050585
table 0 0 -10 77.68 264.02 437.38 521.44 0.0047426
sofa 0 0 -10 327.92 491.57 665.69 531.00 0.0046711
chair 0 0 -10 119.98 139.79 490.67 378.43 0.0045228
chair 0 0 -10 426.12 337.19 681.00 527.81 0.0045179
chair 0 0 -10 481.53 74.36 679.71 362.97 0.0044896
chair 0 0 -10 631.56 91.56 680.40 316.69 0.0043494
table 0 0 -10 0.00 223.62 106.28 531.00 0.0039023
desk 0 0 -10 599.14 206.22 679.40 510.73 0.0036952
bookshelf 0 0 -10 40.63 136.84 576.69 524.04 0.0036847
table 0 0 -10 635.75 123.64 679.73 502.82 0.0034483
table 0 0 -10 492.85 111.53 678.17 390.08 0.0032894
bed 0 0 -10 19.38 141.62 601.73 522.60 0.0030431
table 0 0 -10 0.00 0.00 665.91 111.85 0.0028509
chair 0 0 -10 221.31 316.54 458.12 524.38 0.0028467
chair 0 0 -10 72.94 39.41 625.21 317.99 0.0028226
dresser 0 0 -10 36.18 162.70 573.01 528.40 0.0027585
chair 0 0 -10 6.96 490.09 275.96 531.00 0.0024991
table 0 0 -10 0.00 386.73 603.58 528.94 0.0024737
chair 0 0 -10 1.50 322.97 21.22 530.66 0.0024275
table 0 0 -10 642.90 314.87 679.52 531.00 0.0024210
chair 0 0 -10 639.63 298.83 681.00 529.46 0.0023590
table 0 0 -10 1.18 263.04 48.04 531.00 0.0019900
chair 0 0 -10 0.00 424.38 409.67 530.86 0.0019348
sofa 0 0 -10 0.00 110.24 162.67 500.06 0.0018649
sofa 0 0 -10 15.26 287.04 670.25 523.61 0.0018430
sofa 0 0 -10 260.74 162.60 681.00 524.29 0.0016903
chair 0 0 -10 320.75 486.06 663.34 531.00 0.0016062
table 0 0 -10 6.32 492.73 279.96 530.76 0.0015623
chair 0 0 -10 664.29 102.45 680.88 344.84 0.0014875
bathtub 0 0 -10 29.96 194.53 580.77 521.67 0.0014703
chair 0 0 -10 508.56 132.40 652.10 453.63 0.0014125
bed 0 0 -10 56.14 493.91 549.60 531.00 0.0013766
toilet 0 0 -10 41.04 157.75 542.78 527.45 0.0013147
chair 0 0 -10 645.98 105.53 680.45 231.16 0.0013124
chair 0 0 -10 353.40 100.82 628.77 386.76 0.0012892
table 0 0 -10 0.00 121.75 144.80 296.44 0.0011733
table 0 0 -10 433.12 191.74 677.16 343.63 0.0011348
bookshelf 0 0 -10 3.90 114.64 147.91 439.86 0.0011302
table 0 0 -10 0.00 18.17 666.96 273.85 0.0011176
table 0 0 -10 388.43 46.75 673.46 357.07 0.0010885
chair 0 0 -10 3.75 467.64 565.49 531.00 0.0010628
table 0 0 -10 460.76 125.20 676.41 243.21 0.0010521
sofa 0 0 -10 459.17 77.24 674.61 472.75 0.0010047
chair 0 0 -10 654.44 56.50 681.00 305.63 0.0009964
chair 0 0 -10 673.35 110.97 680.15 283.19 0.0009959
desk 0 0 -10 633.16 168.96 676.66 521.69 0.0009760
chair 0 0 -10 590.48 122.31 681.00 329.14 0.0009717
chair 0 0 -10 554.57 45.05 680.98 267.73 0.0009149
desk 0 0 -10 4.34 139.26 160.03 395.09 0.0009048
desk 0 0 -10 0.00 0.00 681.00 112.48 0.0008853
table 0 0 -10 170.23 181.18 527.22 528.73 0.0008838
chair 0 0 -10 667.96 110.75 679.56 227.76 0.0008619
chair 0 0 -10 1.29 109.83 79.52 339.07 0.0008463
chair 0 0 -10 5.50 202.38 196.48 376.61 0.0008461
bookshelf 0 0 -10 279.99 173.84 676.39 527.44 0.0008272
dresser 0 0 -10 276.54 186.01 673.40 531.00 0.0007938
chair 0 0 -10 6.85 206.86 19.89 531.00 0.0007711
table 0 0 -10 352.55 487.82 658.09 531.00 0.0007377
table 0 0 -10 589.04 103.10 679.20 439.99 0.0007293
