chair 0 0 -10 252.16 164.77 404.19 363.56 0.9870299
table 0 0 -10 131.20 147.81 336.68 336.75 0.9831350
chair 0 0 -10 3.56 178.99 139.24 430.57 0.9475217
table 0 0 -10 0.80 169.76 113.56 386.71 0.2815265
table 0 0 -10 64.03 157.24 298.79 378.31 0.0672022
desk 0 0 -10 90.12 153.39 382.80 389.76 0.0570482
table 0 0 -10 223.43 144.26 363.33 349.66 0.0532249
dresser 0 0 -10 424.44 90.86 677.41 377.63 0.0306095
chair 0 0 -10 164.85 131.02 346.94 331.14 0.0287920
table 0 0 -10 126.74 138.81 334.64 228.13 0.0263617
desk 0 0 -10 1.48 166.58 110.71 393.17 0.0185185
chair 0 0 -10 4.11 161.48 108.93 349.31 0.0173154
table 0 0 -10 47.29 124.15 552.29 414.42 0.0171469
chair 0 0 -10 0.39 175.60 67.32 425.57 0.0158350
desk 0 0 -10 139.91 146.44 318.18 328.67 0.0155996
table 0 0 -10 25.20 163.36 209.91 404.86 0.0121206
desk 0 0 -10 84.72 69.00 677.79 396.28 0.0101806
table 0 0 -10 109.78 183.86 414.93 411.66 0.0101292
table 0 0 -10 274.76 105.25 674.37 388.55 0.0086606
table 0 0 -10 1.04 219.13 149.53 461.90 0.0072178
desk 0 0 -10 202.21 160.06 363.94 356.73 0.0067259
table 0 0 -10 27.90 158.12 363.30 469.97 0.0058898
table 0 0 -10 275.77 164.92 404.52 360.05 0.0057849
desk 0 0 -10 354.66 100.03 681.00 385.65 0.0057174
chair 0 0 -10 0.96 199.31 34.79 378.54 0.0056058
bed 0 0 -10 358.62 74.96 681.00 383.69 0.0051221
chair 0 0 -10 28.15 177.58 249.30 438.46 0.0043640
chair 0 0 -10 177.79 178.41 399.08 422.76 0.0036976
table 0 0 -10 0.00 169.89 97.96 271.65 0.0033036
table 0 0 -10 0.00 259.15 45.49 499.15 0.0027677
desk 0 0 -10 243.90 179.93 398.11 326.63 0.0022843
chair 0 0 -10 99.61 169.23 267.01 386.81 0.0022725
desk 0 0 -10 0.27 226.52 132.92 468.61 0.0018250
chair 0 0 -10 1.01 220.27 17.96 394.98 0.0017951
chair 0 0 -10 182.28 200.97 324.44 355.21 0.0017212
chair 0 0 -10 0.00 244.48 47.62 493.37 0.0016753
sofa 0 0 -10 0.03 182.82 131.19 442.39 0.0016688
chair 0 0 -10 134.23 109.41 442.68 367.06 0.0015335
sofa 0 0 -10 233.68 164.79 409.33 388.85 0.0014004
desk 0 0 -10 21.66 160.91 210.55 416.41 0.0012963
table 0 0 -10 605.99 259.13 680.14 521.94 0.0012849
chair 0 0 -10 472.11 55.98 680.90 381.91 0.0012837
chair 0 0 -10 276.93 153.34 489.16 408.33 0.0012825
bookshelf 0 0 -10 306.92 10.08 670.88 369.53 0.0012223
chair 0 0 -10 4.58 223.07 10.69 389.99 0.0012122
table 0 0 -10 633.76 259.19 679.66 470.96 0.0011739
night_stand 0 0 -10 439.49 102.95 674.94 380.15 0.0011357
dresser 0 0 -10 493.05 126.31 679.27 305.63 0.0010521
sofa 0 0 -10 369.72 92.71 678.71 383.34 0.0010427
chair 0 0 -10 6.77 128.73 19.78 396.03 0.0010054
chair 0 0 -10 0.00 205.15 8.21 380.40 0.0009764
table 0 0 -10 0.00 313.63 22.75 447.83 0.0009288
table 0 0 -10 0.49 187.41 59.32 364.09 0.0008866
chair 0 0 -10 0.47 324.08 20.42 346.45 0.0008595
desk 0 0 -10 22.60 102.83 452.93 448.06 0.0008489
chair 0 0 -10 289.24 49.52 651.42 390.07 0.0008379
table 0 0 -10 22.56 135.35 275.00 302.23 0.0008346
table 0 0 -10 0.00 277.19 30.12 418.16 0.0008240
table 0 0 -10 625.96 158.83 679.76 395.93 0.0007721
table 0 0 -10 245.76 153.09 519.07 374.92 0.0007641
table 0 0 -10 9.63 39.07 447.41 336.22 0.0007407
table 0 0 -10 1.11 221.06 17.76 438.51 0.0007332
chair 0 0 -10 0.14 316.13 16.93 360.10 0.0006939
chair 0 0 -10 0.00 305.36 23.62 375.29 0.0006693
bed 0 0 -10 0.88 156.84 116.46 399.36 0.0006068
dresser 0 0 -10 305.16 13.57 678.61 337.90 0.0006042
night_stand 0 0 -10 0.65 185.99 132.76 444.21 0.0005870
bed 0 0 -10 103.78 43.03 666.53 393.23 0.0005832
night_stand 0 0 -10 237.41 168.99 409.65 390.17 0.0005697
table 0 0 -10 0.00 210.36 33.46 376.04 0.0005636
chair 0 0 -10 77.29 154.63 498.70 473.10 0.0005481
chair 0 0 -10 590.61 145.48 680.83 321.69 0.0005197
toilet 0 0 -10 1.52 183.66 127.00 467.81 0.0005100
table 0 0 -10 655.03 313.72 680.31 514.71 0.0005032
bookshelf 0 0 -10 237.59 163.15 405.36 388.71 0.0005023
chair 0 0 -10 2.36 124.81 199.95 323.45 0.0005008
dresser 0 0 -10 594.99 136.67 678.95 295.16 0.0004851
toilet 0 0 -10 235.48 170.95 409.32 409.49 0.0004824
chair 0 0 -10 1.63 260.82 125.65 323.75 0.0004765
chair 0 0 -10 588.97 36.03 681.00 416.70 0.0004759
sofa 0 0 -10 125.27 58.29 674.21 378.70 0.0004724
dresser 0 0 -10 236.94 169.44 405.42 387.23 0.0004651
table 0 0 -10 77.38 174.29 224.44 324.10 0.0004641
chair 0 0 -10 42.31 74.18 275.43 355.31 0.0004484
table 0 0 -10 663.32 228.97 680.42 497.81 0.0004429
chair 0 0 -10 4.45 189.51 91.29 300.26 0.0004368
bed 0 0 -10 219.86 162.76 375.57 359.08 0.0004347
dresser 0 0 -10 1.68 182.14 129.33 442.49 0.0004281
table 0 0 -10 1.01 205.36 64.44 296.56 0.0004098
bed 0 0 -10 0.00 0.00 611.75 223.15 0.0003985
chair 0 0 -10 236.56 148.09 377.17 281.29 0.0003787
table 0 0 -10 653.23 260.34 680.22 423.27 0.0003750
chair 0 0 -10 269.75 210.09 387.80 282.81 0.0003742
table 0 0 -10 666.79 341.33 680.62 531.00 0.0003580
chair 0 0 -10 2.19 287.04 112.63 326.67 0.0003540
desk 0 0 -10 254.08 166.61 436.90 392.37 0.0003533
chair 0 0 -10 5.42 246.38 181.12 495.08 0.0003522
chair 0 0 -10 543.67 185.90 681.00 474.75 0.0003392
table 0 0 -10 6.17 263.80 654.39 530.13 0.0003364
bookshelf 0 0 -10 3.27 181.81 117.17 396.13 0.0003091
