chair 0 0 -10 0.46 56.72 148.38 302.05 0.9775608
chair 0 0 -10 70.63 30.32 231.35 225.88 0.9771019
table 0 0 -10 2.26 35.84 237.21 273.85 0.8801674
chair 0 0 -10 8.68 21.45 118.44 187.83 0.6714479
table 0 0 -10 553.22 197.45 677.99 531.00 0.5479107
sofa 0 0 -10 556.22 200.08 678.59 531.00 0.1080825
desk 0 0 -10 2.92 48.10 225.40 265.95 0.0982191
chair 0 0 -10 549.64 193.65 681.00 521.25 0.0752856
sofa 0 0 -10 14.92 174.09 667.33 531.00 0.0451134
table 0 0 -10 330.57 218.86 650.96 523.88 0.0396662
table 0 0 -10 13.76 197.13 644.70 526.42 0.0363181
table 0 0 -10 0.00 66.61 148.65 336.37 0.0298327
desk 0 0 -10 556.19 187.98 680.42 531.00 0.0289073
chair 0 0 -10 137.77 21.45 244.60 186.40 0.0286918
chair 0 0 -10 347.25 183.42 662.30 523.70 0.0221213
sofa 0 0 -10 331.40 169.80 638.26 522.32 0.0182569
table 0 0 -10 4.32 84.00 418.66 480.83 0.0173449
chair 0 0 -10 21.37 34.57 98.82 145.55 0.0152550
chair 0 0 -10 1.19 40.70 81.28 290.24 0.0137698
desk 0 0 -10 1.61 70.18 148.57 324.78 0.0104461
chair 0 0 -10 3.10 15.21 57.75 214.24 0.0100084
chair 0 0 -10 4.20 83.40 53.70 352.27 0.0096724
table 0 0 -10 610.67 167.00 677.61 269.35 0.0090337
chair 0 0 -10 29.60 52.26 227.32 318.03 0.0085530
chair 0 0 -10 0.00 101.25 89.95 516.23 0.0084234
chair 0 0 -10 87.03 18.46 182.30 153.29 0.0082249
chair 0 0 -10 1.98 4.16 88.22 123.25 0.0078717
table 0 0 -10 585.05 149.76 680.54 438.53 0.0077287
chair 0 0 -10 0.76 109.94 132.56 204.79 0.0069171
sofa 0 0 -10 0.00 59.65 154.57 323.41 0.0066968
chair 0 0 -10 3.05 65.30 73.26 162.01 0.0066179
chair 0 0 -10 122.29 26.27 226.61 128.34 0.0062407
chair 0 0 -10 30.36 205.04 649.62 525.01 0.0057587
bed 0 0 -10 543.68 173.31 681.00 502.51 0.0051847
table 0 0 -10 1.66 25.63 97.39 150.44 0.0050896
table 0 0 -10 520.48 190.76 620.38 496.68 0.0044584
table 0 0 -10 2.62 22.36 155.20 199.05 0.0044171
desk 0 0 -10 328.64 200.89 660.88 531.00 0.0037770
bed 0 0 -10 1.05 175.12 672.60 531.00 0.0035809
desk 0 0 -10 5.69 185.72 672.41 531.00 0.0035223
chair 0 0 -10 1.37 73.95 47.50 246.80 0.0035035
dresser 0 0 -10 556.72 192.73 680.54 528.43 0.0033663
table 0 0 -10 633.47 158.74 679.56 313.59 0.0030420
chair 0 0 -10 169.15 23.91 232.39 136.23 0.0029354
chair 0 0 -10 1.98 95.03 127.39 157.07 0.0026904
desk 0 0 -10 4.27 40.76 290.73 404.18 0.0024492
bookshelf 0 0 -10 555.07 160.62 680.44 531.00 0.0023233
night_stand 0 0 -10 351.92 187.59 591.95 493.84 0.0019519
dresser 0 0 -10 351.86 187.22 584.15 482.12 0.0019086
table 0 0 -10 11.47 39.59 229.06 146.26 0.0017919
night_stand 0 0 -10 543.99 206.92 681.00 531.00 0.0017159
chair 0 0 -10 2.84 8.25 43.95 146.36 0.0017051
chair 0 0 -10 0.00 153.14 48.66 490.50 0.0016937
table 0 0 -10 0.00 52.90 53.62 157.04 0.0016303
table 0 0 -10 506.71 324.78 669.15 531.00 0.0014267
table 0 0 -10 0.09 152.48 96.82 510.89 0.0013915
sofa 0 0 -10 5.60 29.03 238.69 249.14 0.0013846
chair 0 0 -10 2.45 137.52 232.81 521.23 0.0013672
table 0 0 -10 0.39 76.61 77.92 383.40 0.0013013
sofa 0 0 -10 28.98 369.89 613.77 531.00 0.0012936
chair 0 0 -10 38.73 4.96 133.91 140.97 0.0012776
chair 0 0 -10 183.57 32.41 238.05 184.90 0.0012740
chair 0 0 -10 583.26 146.13 681.00 417.82 0.0012270
bed 0 0 -10 5.53 24.50 233.51 261.35 0.0011213
table 0 0 -10 4.02 136.26 182.27 508.20 0.0010903
desk 0 0 -10 1.27 12.01 403.97 281.75 0.0010884
chair 0 0 -10 1.74 144.35 131.81 191.21 0.0010050
night_stand 0 0 -10 2.50 75.43 144.46 327.61 0.0009629
table 0 0 -10 0.00 35.96 36.96 300.44 0.0009445
bookshelf 0 0 -10 5.74 41.45 196.39 303.95 0.0009360
bed 0 0 -10 0.12 67.88 158.37 322.24 0.0009301
dresser 0 0 -10 1.07 77.95 157.48 324.21 0.0009205
table 0 0 -10 0.84 77.37 83.66 204.44 0.0009072
table 0 0 -10 111.22 60.88 234.93 244.85 0.0008663
bookshelf 0 0 -10 352.24 180.02 583.70 487.91 0.0008550
bathtub 0 0 -10 553.99 178.09 681.00 523.98 0.0008207
table 0 0 -10 358.77 270.26 576.07 406.48 0.0008179
table 0 0 -10 152.63 315.60 648.71 529.93 0.0008076
table 0 0 -10 258.97 158.87 581.76 482.37 0.0007971
chair 0 0 -10 123.48 16.17 387.54 265.52 0.0007497
sofa 0 0 -10 12.72 265.25 433.08 531.00 0.0007351
chair 0 0 -10 164.53 7.82 271.15 149.83 0.0007323
sofa 0 0 -10 1.21 222.10 41.51 515.68 0.0007217
table 0 0 -10 79.42 15.14 251.90 171.87 0.0007180
table 0 0 -10 666.41 142.81 680.60 350.96 0.0007074
table 0 0 -10 650.15 148.24 680.03 485.09 0.0006992
desk 0 0 -10 5.60 40.89 126.85 201.26 0.0006967
chair 0 0 -10 2.67 25.26 33.10 207.76 0.0006775
sofa 0 0 -10 2.05 10.69 101.22 145.06 0.0006232
chair 0 0 -10 23.83 18.47 254.89 157.90 0.0005873
table 0 0 -10 0.37 241.01 41.61 514.68 0.0005768
toilet 0 0 -10 555.56 179.60 679.79 531.00 0.0005664
toilet 0 0 -10 0.00 79.62 155.19 335.30 0.0005573
table 0 0 -10 406.48 270.46 600.44 529.18 0.0005477
chair 0 0 -10 4.89 0.00 125.12 53.22 0.0005165
desk 0 0 -10 117.30 53.95 230.99 248.49 0.0005096
table 0 0 -10 3.51 12.82 538.56 220.97 0.0004891
table 0 0 -10 95.13 180.63 382.59 450.40 0.0004891
chair 0 0 -10 28.83 97.18 418.96 479.34 0.0004888
bed 0 0 -10 331.36 179.13 670.69 531.00 0.0004854
