sofa 0 0 -10 29.99 54.66 533.70 503.58 0.7595801
table 0 0 -10 63.71 86.91 543.45 514.41 0.3448237
sofa 0 0 -10 4.35 402.76 229.58 531.00 0.3093533
table 0 0 -10 30.40 399.70 216.85 531.00 0.1412975
table 0 0 -10 0.00 10.39 260.93 162.27 0.1003237
chair 0 0 -10 4.05 390.02 231.14 531.00 0.0801648
sofa 0 0 -10 1.54 24.87 266.58 456.99 0.0744406
chair 0 0 -10 50.04 63.15 539.96 507.41 0.0546482
table 0 0 -10 93.63 10.12 519.83 147.56 0.0533605
chair 0 0 -10 453.85 8.53 662.22 197.56 0.0489613
bed 0 0 -10 40.20 121.90 568.74 527.37 0.0412232
table 0 0 -10 15.97 54.09 198.61 189.21 0.0392480
table 0 0 -10 474.47 29.61 658.48 175.24 0.0362212
desk 0 0 -10 50.72 65.66 577.80 524.30 0.0331858
bed 0 0 -10 2.05 403.02 225.71 531.00 0.0298523
table 0 0 -10 0.00 171.22 201.51 528.79 0.0254261
chair 0 0 -10 1.87 358.46 491.40 526.13 0.0122515
table 0 0 -10 200.52 8.90 633.86 182.26 0.0104190
table 0 0 -10 27.53 6.65 405.81 225.78 0.0098266
table 0 0 -10 0.89 34.54 204.20 337.37 0.0094457
sofa 0 0 -10 0.36 242.28 218.51 531.00 0.0093583
table 0 0 -10 29.40 309.82 553.94 521.41 0.0083838
sofa 0 0 -10 7.69 328.37 553.05 529.16 0.0082737
table 0 0 -10 361.07 30.63 671.37 519.66 0.0075085
table 0 0 -10 471.30 86.72 631.73 183.51 0.0071787
desk 0 0 -10 4.18 402.32 216.90 531.00 0.0070863
table 0 0 -10 12.79 336.87 284.44 526.16 0.0063972
table 0 0 -10 2.35 124.01 93.37 531.00 0.0058456
chair 0 0 -10 486.29 8.50 594.96 180.51 0.0054555
sofa 0 0 -10 7.95 106.66 163.79 491.98 0.0052631
chair 0 0 -10 3.57 72.23 223.57 473.02 0.0052253
dresser 0 0 -10 15.14 70.40 558.39 512.72 0.0050333
table 0 0 -10 253.69 3.77 521.79 118.70 0.0048898
table 0 0 -10 425.11 16.84 666.33 263.57 0.0048664
chair 0 0 -10 0.00 255.00 225.19 530.23 0.0045713
chair 0 0 -10 5.69 27.87 220.22 238.85 0.0044381
table 0 0 -10 32.37 21.14 518.27 322.43 0.0043231
night_stand 0 0 -10 28.53 65.98 560.32 529.15 0.0041148
chair 0 0 -10 397.62 0.00 659.97 375.44 0.0039939
chair 0 0 -10 333.29 8.41 624.64 172.88 0.0035393
night_stand 0 0 -10 2.83 395.99 224.66 531.00 0.0034840
bookshelf 0 0 -10 266.03 0.00 518.31 118.92 0.0034417
bed 0 0 -10 0.00 237.37 218.65 531.00 0.0034015
sofa 0 0 -10 253.35 6.78 505.77 108.79 0.0032460
table 0 0 -10 0.50 78.57 142.03 441.58 0.0029878
table 0 0 -10 459.57 113.98 667.17 229.44 0.0027256
sofa 0 0 -10 22.04 168.76 318.43 525.32 0.0025770
bed 0 0 -10 20.75 323.68 548.52 522.16 0.0024312
desk 0 0 -10 179.28 9.20 540.33 127.52 0.0023365
table 0 0 -10 1.42 260.52 120.05 451.11 0.0022608
bookshelf 0 0 -10 60.66 70.00 534.79 505.07 0.0021576
table 0 0 -10 515.22 117.56 610.27 181.84 0.0021445
chair 0 0 -10 6.26 5.90 318.24 161.33 0.0019058
chair 0 0 -10 263.33 6.83 536.18 148.76 0.0018999
table 0 0 -10 441.62 116.14 639.56 306.38 0.0018201
sofa 0 0 -10 79.09 5.10 639.74 137.80 0.0017234
table 0 0 -10 10.54 43.50 308.44 448.49 0.0015347
chair 0 0 -10 607.94 0.25 681.00 178.66 0.0015095
bathtub 0 0 -10 0.00 383.28 218.87 527.82 0.0014437
chair 0 0 -10 2.86 147.16 137.89 506.07 0.0013963
bed 0 0 -10 0.00 136.79 130.41 515.14 0.0013420
dresser 0 0 -10 3.75 404.49 224.60 531.00 0.0013132
table 0 0 -10 551.44 73.28 673.75 251.52 0.0013059
bathtub 0 0 -10 9.31 93.40 556.68 513.90 0.0012915
chair 0 0 -10 10.82 62.49 177.14 188.22 0.0011372
desk 0 0 -10 23.14 9.63 554.47 224.81 0.0011025
desk 0 0 -10 4.01 13.68 223.98 215.79 0.0010992
bookshelf 0 0 -10 5.90 400.03 225.03 531.00 0.0010819
sofa 0 0 -10 9.44 25.47 214.43 238.36 0.0010747
table 0 0 -10 473.45 8.45 575.48 184.84 0.0010445
desk 0 0 -10 0.00 140.40 123.45 509.44 0.0010437
chair 0 0 -10 0.49 267.84 126.04 459.67 0.0010362
chair 0 0 -10 564.20 3.89 679.13 246.56 0.0010204
chair 0 0 -10 71.47 405.40 316.13 531.00 0.0009723
table 0 0 -10 550.16 74.16 675.68 524.09 0.0009442
toilet 0 0 -10 70.64 69.00 541.35 521.94 0.0009103
desk 0 0 -10 478.29 26.33 661.11 177.58 0.0009093
toilet 0 0 -10 2.23 402.00 217.35 531.00 0.0008904
sofa 0 0 -10 9.06 137.36 81.63 525.10 0.0008821
table 0 0 -10 325.46 307.33 640.24 527.65 0.0008357
table 0 0 -10 597.14 25.51 678.55 302.06 0.0008132
table 0 0 -10 112.39 433.82 327.43 531.00 0.0007735
bed 0 0 -10 255.03 1.08 522.54 121.63 0.0007634
chair 0 0 -10 60.36 17.65 468.91 241.81 0.0007581
sofa 0 0 -10 0.00 4.52 275.68 145.27 0.0007525
table 0 0 -10 125.78 417.71 661.19 523.85 0.0007172
desk 0 0 -10 3.20 43.48 168.71 452.11 0.0006765
chair 0 0 -10 305.92 108.79 602.69 504.32 0.0006713
chair 0 0 -10 526.36 0.25 669.49 154.09 0.0006564
chair 0 0 -10 188.45 7.56 502.02 324.57 0.0006495
chair 0 0 -10 5.24 12.58 151.50 359.64 0.0006340
table 0 0 -10 2.55 80.06 49.02 490.91 0.0006195
table 0 0 -10 17.95 0.84 435.70 103.13 0.0006016
desk 0 0 -10 23.09 311.62 566.50 524.49 0.0005878
chair 0 0 -10 2.48 334.01 163.75 504.68 0.0005380
desk 0 0 -10 7.31 68.44 195.09 185.83 0.0005338
sofa 0 0 -10 1.98 259.56 121.80 453.95 0.0005301
chair 0 0 -10 648.24 6.28 681.00 141.10 0.0005285
sofa 0 0 -10 18.35 14.34 538.53 220.49 0.0004991
desk 0 0 -10 0.00 244.90 206.79 531.00 0.0004878
