chair 0 0 -10 260.00 196.50 517.52 523.64 0.9887981
chair 0 0 -10 11.97 103.27 273.86 472.88 0.9863586
chair 0 0 -10 515.35 76.32 681.00 376.42 0.9817801
table 0 0 -10 196.20 121.72 590.77 431.87 0.9238548
chair 0 0 -10 232.90 58.90 404.00 342.05 0.9224185
chair 0 0 -10 314.04 179.23 508.23 402.59 0.1616114
chair 0 0 -10 232.86 74.11 476.62 448.68 0.0953368
chair 0 0 -10 98.05 83.01 334.46 441.04 0.0894555
table 0 0 -10 360.20 123.95 589.40 379.52 0.0804696
desk 0 0 -10 181.95 102.33 606.80 468.86 0.0673341
table 0 0 -10 108.33 97.39 454.32 501.87 0.0601497
chair 0 0 -10 128.50 168.16 454.28 521.19 0.0558152
sofa 0 0 -10 270.59 4.74 639.47 64.25 0.0406554
chair 0 0 -10 419.18 116.56 566.83 369.17 0.0389093
chair 0 0 -10 263.26 141.42 402.64 420.59 0.0300802
chair 0 0 -10 565.60 49.03 679.49 306.42 0.0267086
chair 0 0 -10 623.46 55.79 679.48 323.94 0.0222127
chair 0 0 -10 441.37 76.12 655.71 440.23 0.0185347
chair 0 0 -10 16.32 103.34 247.99 295.51 0.0106317
chair 0 0 -10 248.40 56.42 374.52 115.66 0.0078954
chair 0 0 -10 605.57 104.51 680.76 474.97 0.0075551
desk 0 0 -10 338.98 115.48 583.02 390.44 0.0061705
chair 0 0 -10 250.63 31.45 449.50 245.93 0.0050161
table 0 0 -10 444.25 89.46 655.09 397.20 0.0049710
chair 0 0 -10 375.03 84.68 542.71 289.14 0.0047174
chair 0 0 -10 257.14 44.84 540.38 314.16 0.0046837
table 0 0 -10 273.89 5.75 633.75 63.44 0.0039205
sofa 0 0 -10 168.83 0.40 667.73 103.18 0.0038116
table 0 0 -10 249.38 274.74 525.83 525.67 0.0037002
chair 0 0 -10 59.63 264.04 285.82 520.10 0.0035814
table 0 0 -10 538.90 85.61 676.79 346.32 0.0034946
chair 0 0 -10 645.74 50.60 679.65 445.02 0.0033994
table 0 0 -10 632.60 105.04 679.93 479.38 0.0032617
chair 0 0 -10 606.05 17.96 678.45 221.07 0.0031475
chair 0 0 -10 154.90 141.40 421.75 369.70 0.0029816
desk 0 0 -10 99.85 94.97 443.26 506.93 0.0027066
desk 0 0 -10 192.39 101.81 424.75 397.33 0.0026867
chair 0 0 -10 138.38 36.87 355.16 302.24 0.0026420
chair 0 0 -10 226.54 107.69 302.64 400.05 0.0025141
sofa 0 0 -10 60.11 2.66 266.14 81.23 0.0023109
table 0 0 -10 157.50 102.68 374.21 384.70 0.0019281
chair 0 0 -10 3.34 76.71 172.45 387.98 0.0018950
table 0 0 -10 112.55 63.21 646.28 332.71 0.0017987
desk 0 0 -10 538.63 79.70 678.15 347.98 0.0017229
chair 0 0 -10 197.25 160.78 366.71 500.56 0.0015982
table 0 0 -10 14.89 194.14 286.90 510.27 0.0015357
table 0 0 -10 153.89 105.24 525.05 272.15 0.0014421
table 0 0 -10 21.63 90.77 342.93 435.86 0.0014131
table 0 0 -10 292.05 93.21 571.72 308.78 0.0014050
chair 0 0 -10 325.84 242.44 637.72 531.00 0.0013947
table 0 0 -10 247.50 41.19 372.93 115.32 0.0013388
sofa 0 0 -10 526.14 64.69 681.00 369.58 0.0012354
chair 0 0 -10 351.82 141.76 460.52 391.50 0.0011089
chair 0 0 -10 639.44 148.37 679.21 252.81 0.0011066
bed 0 0 -10 261.13 4.30 647.33 64.32 0.0011044
table 0 0 -10 245.07 8.64 625.88 113.28 0.0010720
chair 0 0 -10 161.13 90.85 262.27 309.26 0.0010660
chair 0 0 -10 554.48 121.87 679.45 246.96 0.0010624
table 0 0 -10 648.48 275.86 679.78 454.05 0.0010242
chair 0 0 -10 337.59 70.77 433.94 320.13 0.0009979
chair 0 0 -10 23.94 195.70 264.48 320.90 0.0009558
chair 0 0 -10 249.23 8.26 411.89 157.81 0.0009122
chair 0 0 -10 13.63 147.38 217.83 255.24 0.0009088
table 0 0 -10 173.37 98.94 272.22 318.03 0.0008998
chair 0 0 -10 491.64 57.09 679.57 236.01 0.0008851
chair 0 0 -10 100.62 45.94 276.43 285.49 0.0008816
table 0 0 -10 653.10 215.18 679.89 388.82 0.0008520
chair 0 0 -10 320.08 4.90 545.95 234.67 0.0008175
chair 0 0 -10 277.76 255.59 501.60 380.53 0.0007971
chair 0 0 -10 243.92 157.16 331.96 433.19 0.0007918
chair 0 0 -10 635.09 184.69 681.00 503.14 0.0007766
sofa 0 0 -10 30.26 1.21 396.96 92.13 0.0007273
table 0 0 -10 654.84 149.39 679.98 507.57 0.0006756
table 0 0 -10 657.33 274.94 679.82 344.42 0.0006658
desk 0 0 -10 251.11 180.04 508.52 525.09 0.0006461
table 0 0 -10 277.46 20.69 647.00 227.69 0.0006455
table 0 0 -10 1.12 284.28 169.69 531.00 0.0006431
desk 0 0 -10 265.07 5.67 645.84 62.96 0.0006149
table 0 0 -10 618.71 237.17 677.55 492.31 0.0006030
chair 0 0 -10 522.33 220.92 679.18 531.00 0.0005860
sofa 0 0 -10 268.25 0.88 560.20 137.37 0.0005591
table 0 0 -10 81.50 107.32 290.35 319.08 0.0005497
table 0 0 -10 245.10 136.99 422.33 406.73 0.0005496
desk 0 0 -10 5.39 137.86 274.68 439.49 0.0005379
desk 0 0 -10 451.57 80.30 661.94 402.31 0.0005352
table 0 0 -10 505.12 155.43 674.45 489.15 0.0005096
table 0 0 -10 623.62 60.37 680.52 299.01 0.0005052
table 0 0 -10 667.18 285.41 680.20 321.42 0.0004529
chair 0 0 -10 575.05 0.00 673.45 160.41 0.0004397
table 0 0 -10 667.30 240.30 678.37 359.41 0.0004308
table 0 0 -10 211.91 60.35 390.69 253.84 0.0004167
table 0 0 -10 256.66 5.59 438.61 131.81 0.0004104
table 0 0 -10 295.93 189.26 608.29 514.91 0.0004028
chair 0 0 -10 654.58 54.99 680.25 316.98 0.0004005
table 0 0 -10 560.18 37.48 679.70 257.96 0.0003891
sofa 0 0 -10 4.25 105.92 242.56 435.63 0.0003803
chair 0 0 -10 653.17 190.41 681.00 388.45 0.0003755
bed 0 0 -10 204.17 53.44 535.12 432.12 0.0003616
chair 0 0 -10 22.19 112.68 112.79 472.93 0.0003614
table 0 0 -10 0.00 1.76 80.08 92.86 0.0003610
