chair 0 0 -10 25.66 98.24 278.69 418.24 0.9925013
table 0 0 -10 240.50 68.95 596.74 386.53 0.9895810
chair 0 0 -10 465.92 230.44 674.46 531.00 0.9094923
table 0 0 -10 465.06 151.34 681.00 531.00 0.8427305
table 0 0 -10 409.64 99.21 650.55 410.84 0.1739946
table 0 0 -10 508.23 179.36 681.00 414.96 0.1282522
chair 0 0 -10 269.74 78.61 515.14 375.74 0.0316307
desk 0 0 -10 224.82 71.16 598.80 382.93 0.0303711
chair 0 0 -10 117.36 89.37 406.07 398.05 0.0291837
table 0 0 -10 346.72 17.73 657.68 333.63 0.0236885
chair 0 0 -10 370.28 97.23 641.29 492.45 0.0222171
desk 0 0 -10 471.75 154.00 681.00 531.00 0.0162888
chair 0 0 -10 503.13 162.32 664.38 435.56 0.0148317
table 0 0 -10 21.02 171.21 285.13 430.50 0.0134806
table 0 0 -10 461.96 66.60 678.65 331.15 0.0102398
table 0 0 -10 261.76 69.32 598.09 185.00 0.0097524
table 0 0 -10 67.21 75.17 501.29 379.02 0.0091382
table 0 0 -10 250.01 87.43 425.70 364.03 0.0077690
chair 0 0 -10 255.66 237.27 668.40 531.00 0.0052312
table 0 0 -10 242.32 200.16 662.42 531.00 0.0042229
desk 0 0 -10 22.00 161.75 279.17 431.94 0.0041571
table 0 0 -10 616.65 160.65 676.95 382.94 0.0041130
table 0 0 -10 0.00 209.47 30.76 285.96 0.0040242
table 0 0 -10 276.44 21.87 476.28 165.10 0.0039546
desk 0 0 -10 412.28 89.20 650.12 422.79 0.0035306
table 0 0 -10 633.02 174.83 678.42 509.52 0.0031799
chair 0 0 -10 59.48 106.50 243.99 319.64 0.0029887
chair 0 0 -10 483.79 454.59 666.94 531.00 0.0029511
table 0 0 -10 467.75 324.83 673.53 472.72 0.0027190
chair 0 0 -10 567.31 246.82 679.40 530.22 0.0026158
chair 0 0 -10 399.02 361.80 670.59 528.15 0.0024241
table 0 0 -10 479.50 293.45 671.74 406.68 0.0023238
chair 0 0 -10 441.27 19.03 681.00 283.08 0.0021631
desk 0 0 -10 510.83 170.41 680.42 392.31 0.0021217
table 0 0 -10 548.36 179.11 679.47 325.45 0.0020936
table 0 0 -10 564.46 204.44 679.31 531.00 0.0020637
chair 0 0 -10 152.57 121.68 548.22 505.10 0.0019444
chair 0 0 -10 540.85 146.44 677.90 334.75 0.0017887
chair 0 0 -10 603.22 139.88 681.00 321.92 0.0014159
chair 0 0 -10 47.83 108.38 174.69 403.82 0.0013419
table 0 0 -10 193.73 69.71 533.48 275.99 0.0013198
chair 0 0 -10 318.66 3.03 455.02 174.85 0.0012789
table 0 0 -10 211.03 0.00 457.69 226.25 0.0011740
bed 0 0 -10 485.61 177.07 675.84 531.00 0.0011631
table 0 0 -10 4.14 181.00 15.36 310.75 0.0011612
table 0 0 -10 0.00 167.18 44.66 302.03 0.0011508
table 0 0 -10 70.69 95.85 322.73 346.22 0.0010968
chair 0 0 -10 0.00 98.58 39.75 341.22 0.0010967
table 0 0 -10 2.43 138.73 25.39 330.44 0.0010399
desk 0 0 -10 345.36 7.26 663.46 339.04 0.0010014
toilet 0 0 -10 491.79 184.89 672.01 531.00 0.0008772
sofa 0 0 -10 28.51 131.28 281.86 442.28 0.0008379
bathtub 0 0 -10 492.20 162.75 681.00 432.09 0.0008177
table 0 0 -10 465.86 250.42 602.98 531.00 0.0008030
chair 0 0 -10 4.58 107.30 25.69 308.89 0.0007849
sofa 0 0 -10 454.44 203.01 681.00 531.00 0.0007743
chair 0 0 -10 618.93 226.18 681.00 520.08 0.0007545
chair 0 0 -10 31.81 74.70 142.61 320.82 0.0007262
chair 0 0 -10 336.95 193.25 554.34 524.54 0.0007175
chair 0 0 -10 176.48 52.02 375.32 290.77 0.0006803
chair 0 0 -10 260.14 107.99 414.50 359.34 0.0006140
table 0 0 -10 602.80 338.68 679.51 531.00 0.0005784
table 0 0 -10 76.21 128.52 382.80 228.22 0.0005663
chair 0 0 -10 7.92 101.43 96.73 348.05 0.0005235
chair 0 0 -10 637.56 160.21 679.50 337.08 0.0005182
table 0 0 -10 0.78 141.79 16.59 390.62 0.0005073
chair 0 0 -10 593.90 14.43 681.00 284.27 0.0004798
table 0 0 -10 0.00 98.52 29.96 402.06 0.0004672
table 0 0 -10 37.40 214.75 191.46 427.30 0.0004619
table 0 0 -10 95.24 131.54 370.15 447.98 0.0004575
table 0 0 -10 0.00 182.45 38.31 255.86 0.0004572
table 0 0 -10 376.09 318.25 666.60 531.00 0.0004516
chair 0 0 -10 29.52 45.09 332.46 238.60 0.0004505
chair 0 0 -10 3.01 118.33 60.39 413.82 0.0004434
table 0 0 -10 2.63 155.24 11.01 325.86 0.0004309
chair 0 0 -10 483.76 256.28 664.00 384.14 0.0004278
table 0 0 -10 34.83 20.40 374.48 209.70 0.0004050
table 0 0 -10 2.26 165.32 130.18 488.04 0.0003984
bookshelf 0 0 -10 473.82 214.78 678.31 530.07 0.0003867
table 0 0 -10 0.57 218.74 54.40 273.48 0.0003832
dresser 0 0 -10 256.59 3.55 456.76 74.77 0.0003783
desk 0 0 -10 59.08 65.97 501.31 401.06 0.0003780
chair 0 0 -10 468.49 249.68 566.42 531.00 0.0003772
table 0 0 -10 0.00 182.38 86.66 316.58 0.0003654
chair 0 0 -10 105.43 166.93 241.78 449.33 0.0003562
table 0 0 -10 0.00 192.83 46.27 453.03 0.0003545
chair 0 0 -10 215.70 429.04 668.75 531.00 0.0003502
dresser 0 0 -10 485.18 186.19 676.80 531.00 0.0003376
table 0 0 -10 569.11 499.42 673.12 531.00 0.0003375
chair 0 0 -10 251.17 0.00 461.55 78.57 0.0003350
chair 0 0 -10 0.00 112.54 113.35 481.96 0.0003312
table 0 0 -10 642.81 125.93 680.20 384.39 0.0003273
chair 0 0 -10 279.55 10.09 587.95 182.82 0.0003257
bed 0 0 -10 241.86 46.64 586.77 403.79 0.0003237
table 0 0 -10 461.63 15.35 669.09 206.00 0.0003211
table 0 0 -10 615.62 507.49 677.18 531.00 0.0003168
table 0 0 -10 307.05 141.07 546.81 503.74 0.0003127
dresser 0 0 -10 466.40 3.43 678.09 99.04 0.0003087
table 0 0 -10 649.25 370.49 680.73 529.13 0.0003071
night_stand 0 0 -10 468.94 225.12 681.00 528.79 0.0002972
