chair 0 0 -10 109.64 281.54 333.65 489.15 0.9140176
chair 0 0 -10 552.04 262.48 680.92 512.50 0.9038988
chair 0 0 -10 561.02 263.46 681.00 390.81 0.8915945
chair 0 0 -10 0.23 314.08 53.17 501.50 0.7971563
table 0 0 -10 0.00 380.38 681.00 529.46 0.7938366
chair 0 0 -10 361.03 252.80 543.20 489.95 0.7422683
chair 0 0 -10 269.70 423.02 675.02 530.90 0.4294760
desk 0 0 -10 23.60 402.41 678.06 524.93 0.3631987
chair 0 0 -10 0.00 294.37 90.10 518.45 0.2250364
chair 0 0 -10 357.98 322.98 678.43 520.43 0.1919919
table 0 0 -10 339.66 359.27 680.25 527.79 0.1888729
chair 0 0 -10 325.02 369.75 574.28 523.95 0.1227304
chair 0 0 -10 120.54 291.64 322.20 404.71 0.1078324
chair 0 0 -10 0.46 286.96 29.65 495.08 0.1042920
chair 0 0 -10 44.28 358.91 349.45 521.45 0.1029329
chair 0 0 -10 172.64 286.37 566.99 517.46 0.0904366
chair 0 0 -10 130.49 268.72 437.36 427.76 0.0658119
chair 0 0 -10 371.96 494.94 681.00 531.00 0.0533440
table 0 0 -10 5.52 282.22 669.62 503.43 0.0489914
table 0 0 -10 582.51 300.19 678.64 531.00 0.0472117
table 0 0 -10 532.88 265.86 678.80 380.89 0.0443257
chair 0 0 -10 50.12 427.90 560.96 519.98 0.0381427
desk 0 0 -10 3.57 260.87 608.00 518.55 0.0354708
chair 0 0 -10 270.18 256.37 532.92 425.83 0.0350831
sofa 0 0 -10 60.60 425.65 678.30 528.81 0.0338043
table 0 0 -10 0.00 363.91 66.96 511.14 0.0336371
sofa 0 0 -10 1.36 314.52 31.71 499.35 0.0319356
chair 0 0 -10 455.19 371.95 675.16 515.45 0.0296911
table 0 0 -10 511.49 368.79 679.32 520.35 0.0292181
chair 0 0 -10 387.69 253.82 537.81 396.21 0.0242965
chair 0 0 -10 629.04 256.63 680.44 520.00 0.0222605
chair 0 0 -10 558.60 343.71 676.33 440.19 0.0222010
chair 0 0 -10 446.38 249.27 641.14 492.96 0.0210749
chair 0 0 -10 2.26 290.21 16.31 498.60 0.0209738
sofa 0 0 -10 3.63 276.33 671.46 513.28 0.0209257
table 0 0 -10 371.19 497.54 675.90 531.00 0.0179357
desk 0 0 -10 27.84 43.22 649.85 465.60 0.0140182
table 0 0 -10 0.47 396.09 338.26 523.63 0.0120841
desk 0 0 -10 15.67 14.03 681.00 243.16 0.0109380
table 0 0 -10 3.49 320.11 41.88 512.42 0.0105742
table 0 0 -10 3.37 394.21 35.92 524.23 0.0095701
sofa 0 0 -10 547.16 242.91 680.55 524.84 0.0095619
sofa 0 0 -10 547.40 262.28 679.70 380.30 0.0090301
table 0 0 -10 531.31 358.54 678.25 441.15 0.0089916
table 0 0 -10 69.14 4.84 629.35 142.57 0.0088028
desk 0 0 -10 0.00 357.32 53.23 501.63 0.0078743
desk 0 0 -10 555.61 274.71 679.89 382.43 0.0070242
table 0 0 -10 2.70 3.34 661.05 261.16 0.0070012
table 0 0 -10 13.61 302.54 55.69 493.98 0.0066723
sofa 0 0 -10 2.60 291.40 15.50 498.58 0.0065846
chair 0 0 -10 21.78 430.08 339.49 529.21 0.0065089
sofa 0 0 -10 2.41 302.91 57.24 492.34 0.0060282
desk 0 0 -10 54.74 3.32 643.60 143.36 0.0058423
chair 0 0 -10 0.00 355.46 62.03 432.95 0.0057602
bed 0 0 -10 56.26 420.27 674.61 528.59 0.0055626
bookshelf 0 0 -10 69.50 420.48 680.38 527.99 0.0053076
chair 0 0 -10 6.07 289.73 253.90 517.44 0.0050970
table 0 0 -10 52.24 433.57 518.06 505.57 0.0049292
chair 0 0 -10 1.11 309.45 40.94 429.51 0.0047676
table 0 0 -10 630.74 269.10 679.59 524.08 0.0043887
chair 0 0 -10 644.44 261.64 680.47 410.12 0.0040490
table 0 0 -10 538.40 230.81 676.77 513.87 0.0039162
chair 0 0 -10 412.47 346.67 604.50 498.10 0.0039131
desk 0 0 -10 537.29 268.00 679.05 455.03 0.0038346
desk 0 0 -10 51.33 432.85 518.39 506.15 0.0035410
chair 0 0 -10 88.62 400.71 363.64 488.52 0.0034959
chair 0 0 -10 1.50 301.88 8.71 488.98 0.0034491
bookshelf 0 0 -10 39.24 4.82 656.60 256.83 0.0033127
table 0 0 -10 2.06 320.62 111.01 518.65 0.0032933
table 0 0 -10 38.16 58.70 640.60 458.56 0.0032774
desk 0 0 -10 351.47 353.02 676.11 531.00 0.0032750
desk 0 0 -10 0.00 388.16 368.48 530.07 0.0032373
chair 0 0 -10 0.00 312.32 19.68 436.62 0.0032271
chair 0 0 -10 515.50 333.08 674.48 474.35 0.0031885
bookshelf 0 0 -10 58.23 0.00 644.88 491.24 0.0031635
desk 0 0 -10 17.56 343.94 480.91 509.67 0.0030751
table 0 0 -10 105.56 309.27 336.79 433.80 0.0030470
chair 0 0 -10 23.67 297.09 66.60 466.45 0.0029030
desk 0 0 -10 1.04 319.04 29.89 498.70 0.0028921
dresser 0 0 -10 50.17 424.82 681.00 528.35 0.0028701
table 0 0 -10 480.14 280.61 674.01 457.24 0.0028344
desk 0 0 -10 3.40 306.66 74.58 512.68 0.0028040
desk 0 0 -10 510.91 335.78 678.23 515.86 0.0027445
chair 0 0 -10 0.26 276.04 60.50 411.12 0.0024794
desk 0 0 -10 584.28 299.10 678.41 531.00 0.0024305
table 0 0 -10 0.41 373.23 191.42 516.37 0.0023929
bed 0 0 -10 1.06 309.61 31.74 502.40 0.0023578
bathtub 0 0 -10 32.45 406.42 678.41 525.83 0.0023311
table 0 0 -10 4.37 407.82 19.90 525.22 0.0022090
table 0 0 -10 358.57 270.31 543.58 514.90 0.0021987
chair 0 0 -10 661.80 238.88 680.94 516.88 0.0021753
desk 0 0 -10 8.60 297.88 42.84 498.97 0.0021614
chair 0 0 -10 0.00 337.28 104.12 458.00 0.0020346
table 0 0 -10 0.00 405.88 97.67 497.65 0.0019813
chair 0 0 -10 598.19 254.69 663.91 380.13 0.0019454
table 0 0 -10 0.13 321.95 22.24 517.42 0.0018608
table 0 0 -10 0.00 294.23 294.64 445.02 0.0018461
table 0 0 -10 93.97 291.59 513.66 443.68 0.0018342
table 0 0 -10 412.11 264.19 542.84 444.59 0.0017472
table 0 0 -10 617.11 411.61 677.26 530.50 0.0016690
