bookshelf 0 0 -10 191.10 10.52 432.28 526.18 0.9782652
chair 0 0 -10 470.63 404.30 651.63 531.00 0.9750982
table 0 0 -10 570.30 409.80 681.00 529.20 0.7724374
chair 0 0 -10 574.86 368.39 679.46 528.44 0.7370957
chair 0 0 -10 585.86 368.44 679.64 445.20 0.0792565
bookshelf 0 0 -10 6.81 1.67 292.40 505.09 0.0512587
chair 0 0 -10 609.24 371.48 680.88 421.01 0.0356153
table 0 0 -10 481.55 398.00 673.03 527.29 0.0275857
chair 0 0 -10 607.90 376.15 680.68 493.54 0.0249502
desk 0 0 -10 580.99 403.85 681.00 531.00 0.0230587
bookshelf 0 0 -10 209.04 30.68 635.81 516.85 0.0227035
table 0 0 -10 0.80 342.53 167.46 531.00 0.0175790
desk 0 0 -10 123.36 2.32 534.26 515.69 0.0143619
sofa 0 0 -10 577.55 360.13 681.00 514.42 0.0142847
dresser 0 0 -10 178.39 9.83 459.11 531.00 0.0116281
chair 0 0 -10 643.32 346.80 680.13 529.36 0.0114277
bookshelf 0 0 -10 199.34 0.00 235.94 499.54 0.0078374
table 0 0 -10 603.52 375.12 680.90 511.26 0.0069938
chair 0 0 -10 536.29 458.93 671.39 529.02 0.0067973
sofa 0 0 -10 455.66 400.21 670.79 529.74 0.0061324
chair 0 0 -10 483.16 494.17 652.83 530.93 0.0060886
chair 0 0 -10 170.11 0.04 456.66 531.00 0.0053421
desk 0 0 -10 447.21 413.35 675.86 530.69 0.0046948
chair 0 0 -10 480.20 400.90 546.94 525.81 0.0034707
bookshelf 0 0 -10 169.38 7.54 302.98 467.14 0.0034687
table 0 0 -10 514.17 452.31 680.41 531.00 0.0034625
sofa 0 0 -10 587.36 366.92 680.40 442.19 0.0032479
chair 0 0 -10 661.49 356.32 680.69 526.87 0.0032241
table 0 0 -10 0.00 356.20 54.26 531.00 0.0031446
chair 0 0 -10 584.95 114.07 681.00 531.00 0.0031169
bookshelf 0 0 -10 175.26 4.43 203.57 522.07 0.0028595
table 0 0 -10 127.52 29.30 509.85 525.47 0.0027513
chair 0 0 -10 0.00 332.35 254.55 531.00 0.0027229
table 0 0 -10 2.77 40.25 193.09 531.00 0.0027178
table 0 0 -10 609.86 374.32 678.95 428.02 0.0026221
table 0 0 -10 638.61 380.16 679.40 531.00 0.0020604
chair 0 0 -10 278.95 397.46 666.66 531.00 0.0018341
chair 0 0 -10 487.09 430.64 614.65 503.91 0.0016832
chair 0 0 -10 675.96 367.26 680.97 530.20 0.0016624
chair 0 0 -10 468.96 381.60 614.48 494.38 0.0016281
chair 0 0 -10 671.00 352.04 680.90 529.63 0.0015466
dresser 0 0 -10 6.71 4.75 301.01 496.87 0.0015337
table 0 0 -10 306.38 419.60 654.21 529.82 0.0014856
desk 0 0 -10 0.00 0.64 314.63 494.85 0.0014851
bookshelf 0 0 -10 189.39 3.89 218.91 531.00 0.0014128
chair 0 0 -10 674.64 367.47 679.51 501.59 0.0013787
chair 0 0 -10 1.23 0.62 283.36 484.34 0.0013644
table 0 0 -10 479.55 511.10 653.24 531.00 0.0011670
chair 0 0 -10 459.55 513.88 671.64 530.82 0.0011131
chair 0 0 -10 539.92 500.31 675.28 530.63 0.0010935
desk 0 0 -10 255.39 25.90 681.00 519.46 0.0010852
chair 0 0 -10 1.12 343.43 101.21 531.00 0.0010485
toilet 0 0 -10 147.90 13.75 431.15 531.00 0.0010217
table 0 0 -10 11.80 300.63 100.21 530.53 0.0009183
chair 0 0 -10 680.71 360.91 680.99 517.15 0.0009017
table 0 0 -10 214.36 423.88 434.64 490.26 0.0008994
table 0 0 -10 51.81 388.23 199.93 531.00 0.0008452
chair 0 0 -10 671.05 368.31 677.71 490.06 0.0008220
desk 0 0 -10 0.00 333.00 208.49 531.00 0.0008184
bookshelf 0 0 -10 11.54 239.28 210.66 528.68 0.0008179
chair 0 0 -10 678.15 355.18 681.00 516.56 0.0008171
chair 0 0 -10 680.20 363.68 680.97 516.57 0.0008129
table 0 0 -10 653.90 409.73 680.58 529.58 0.0007972
table 0 0 -10 212.75 443.79 486.51 522.75 0.0007867
bed 0 0 -10 578.81 370.74 681.00 531.00 0.0007867
table 0 0 -10 1.11 178.87 115.95 523.85 0.0007859
bed 0 0 -10 172.07 0.00 450.44 531.00 0.0007844
table 0 0 -10 275.76 35.38 671.44 522.13 0.0007817
desk 0 0 -10 176.82 125.24 450.89 497.94 0.0007403
chair 0 0 -10 10.03 412.68 209.80 531.00 0.0007148
bed 0 0 -10 455.24 400.34 666.35 528.74 0.0006929
chair 0 0 -10 425.82 254.42 681.00 519.46 0.0006721
bookshelf 0 0 -10 202.12 9.77 266.82 483.25 0.0006644
bathtub 0 0 -10 2.30 335.93 209.12 529.57 0.0006601
bookshelf 0 0 -10 2.92 4.40 124.18 531.00 0.0006555
table 0 0 -10 680.98 427.78 681.00 529.23 0.0006372
table 0 0 -10 188.06 480.30 492.94 530.82 0.0006323
sofa 0 0 -10 185.18 16.83 447.79 531.00 0.0006249
chair 0 0 -10 449.11 361.22 681.00 505.47 0.0006227
table 0 0 -10 669.58 390.32 680.63 531.00 0.0006181
table 0 0 -10 680.87 420.79 681.00 528.18 0.0006015
table 0 0 -10 676.16 374.50 680.88 529.76 0.0006003
table 0 0 -10 556.01 370.23 673.79 487.42 0.0005821
desk 0 0 -10 603.50 378.70 679.67 493.08 0.0005775
chair 0 0 -10 116.75 429.42 482.30 531.00 0.0005774
table 0 0 -10 492.46 494.45 668.10 531.00 0.0005541
table 0 0 -10 570.40 409.03 674.49 470.10 0.0005452
table 0 0 -10 9.80 370.02 343.86 531.00 0.0005436
table 0 0 -10 680.94 423.53 681.00 529.99 0.0005378
table 0 0 -10 680.74 417.62 681.00 528.79 0.0005294
chair 0 0 -10 0.00 277.33 149.33 523.24 0.0005247
sofa 0 0 -10 550.56 413.56 675.58 531.00 0.0005221
table 0 0 -10 426.47 474.06 656.91 530.89 0.0005072
toilet 0 0 -10 443.52 399.44 667.61 529.77 0.0004724
chair 0 0 -10 0.00 34.65 124.76 524.72 0.0004645
table 0 0 -10 50.78 207.09 96.01 531.00 0.0004547
bed 0 0 -10 0.00 0.00 230.46 531.00 0.0004479
desk 0 0 -10 0.00 7.54 136.37 526.01 0.0004362
bookshelf 0 0 -10 81.56 0.00 219.54 516.52 0.0004311
sofa 0 0 -10 4.46 328.79 207.77 531.00 0.0004283
