chair 0 0 -10 26.41 54.23 245.34 382.80 0.9915070
chair 0 0 -10 359.62 65.12 580.16 374.66 0.9896871
chair 0 0 -10 0.00 253.86 397.69 523.48 0.9851459
chair 0 0 -10 488.36 195.51 679.48 523.18 0.9841223
table 0 0 -10 25.67 117.35 581.75 509.56 0.9639167
chair 0 0 -10 115.79 5.59 227.74 107.46 0.7772660
chair 0 0 -10 360.44 131.44 642.70 486.82 0.2310698
chair 0 0 -10 234.87 57.66 588.98 464.86 0.1654982
chair 0 0 -10 11.71 220.76 262.30 434.93 0.1378394
chair 0 0 -10 0.00 0.00 76.77 243.54 0.1368736
chair 0 0 -10 77.56 66.87 467.04 422.28 0.1202341
chair 0 0 -10 3.14 57.49 57.75 221.89 0.0771885
chair 0 0 -10 136.96 201.54 494.70 501.68 0.0623109
chair 0 0 -10 619.00 199.88 678.26 511.38 0.0530660
chair 0 0 -10 0.00 37.17 145.45 297.53 0.0448360
chair 0 0 -10 89.12 59.99 306.00 339.06 0.0396446
chair 0 0 -10 62.67 5.67 230.25 168.17 0.0395397
table 0 0 -10 234.02 94.91 585.40 437.16 0.0368915
chair 0 0 -10 4.89 197.24 153.55 423.61 0.0341642
chair 0 0 -10 0.00 60.94 89.67 501.04 0.0313955
table 0 0 -10 121.82 9.53 218.44 99.04 0.0288607
table 0 0 -10 3.82 57.65 149.37 463.56 0.0282233
desk 0 0 -10 24.60 81.20 580.34 531.00 0.0252667
chair 0 0 -10 0.00 3.14 66.98 130.53 0.0249562
chair 0 0 -10 468.68 18.36 624.32 273.05 0.0247743
table 0 0 -10 542.00 217.18 675.46 531.00 0.0240065
chair 0 0 -10 5.51 31.14 227.60 221.64 0.0205894
table 0 0 -10 0.00 4.18 64.87 146.31 0.0197175
table 0 0 -10 1.92 35.76 111.50 331.26 0.0188347
chair 0 0 -10 289.21 69.45 506.27 398.01 0.0184255
table 0 0 -10 1.82 347.37 382.92 527.00 0.0169548
table 0 0 -10 8.89 39.95 235.20 337.17 0.0157888
table 0 0 -10 3.33 2.72 178.88 171.98 0.0152571
chair 0 0 -10 0.62 0.00 42.03 288.84 0.0139450
table 0 0 -10 593.04 246.26 680.12 482.84 0.0120891
table 0 0 -10 1.83 4.65 83.82 234.33 0.0117626
table 0 0 -10 54.68 168.41 386.73 493.00 0.0109055
chair 0 0 -10 0.78 256.33 74.28 519.64 0.0107373
sofa 0 0 -10 123.73 3.44 229.41 98.49 0.0107181
chair 0 0 -10 206.41 60.48 421.38 367.40 0.0105639
chair 0 0 -10 5.83 39.70 61.51 348.21 0.0102736
chair 0 0 -10 643.27 178.07 679.93 472.93 0.0100327
chair 0 0 -10 2.19 73.32 44.23 181.39 0.0093295
chair 0 0 -10 3.37 274.64 147.90 526.56 0.0088487
table 0 0 -10 23.91 143.07 315.26 396.38 0.0084510
chair 0 0 -10 486.35 119.21 675.52 392.86 0.0082183
sofa 0 0 -10 0.00 312.58 379.06 530.17 0.0077706
chair 0 0 -10 3.82 118.62 55.80 498.23 0.0073891
table 0 0 -10 396.04 197.24 648.20 517.92 0.0072495
chair 0 0 -10 0.28 220.86 106.38 345.34 0.0065846
chair 0 0 -10 0.00 136.92 53.06 240.23 0.0059697
chair 0 0 -10 353.12 41.95 613.76 250.39 0.0058073
chair 0 0 -10 113.77 0.87 222.49 56.59 0.0057577
table 0 0 -10 115.40 106.74 544.94 344.40 0.0057470
chair 0 0 -10 0.90 105.69 91.27 239.79 0.0056450
table 0 0 -10 1.22 241.09 67.20 516.59 0.0045190
chair 0 0 -10 23.17 0.00 300.52 104.28 0.0043355
chair 0 0 -10 551.83 219.02 677.72 428.80 0.0038434
desk 0 0 -10 505.81 234.63 678.60 531.00 0.0038254
chair 0 0 -10 11.09 0.03 110.52 181.51 0.0037764
table 0 0 -10 56.31 7.03 233.44 130.80 0.0036883
table 0 0 -10 5.93 0.40 136.72 88.21 0.0035541
desk 0 0 -10 295.80 124.14 575.80 474.32 0.0032333
chair 0 0 -10 394.60 281.54 667.21 531.00 0.0026972
sofa 0 0 -10 501.04 215.10 681.00 530.87 0.0026683
chair 0 0 -10 349.11 182.74 500.09 445.69 0.0026654
chair 0 0 -10 0.06 51.72 22.57 246.93 0.0025997
table 0 0 -10 638.27 217.71 679.98 526.17 0.0025279
desk 0 0 -10 51.10 235.37 461.66 527.45 0.0024873
chair 0 0 -10 41.59 148.46 201.52 370.72 0.0024813
desk 0 0 -10 0.00 341.00 376.50 524.46 0.0024648
table 0 0 -10 12.88 152.89 159.55 347.09 0.0023793
chair 0 0 -10 11.36 363.42 346.86 525.46 0.0023696
table 0 0 -10 3.52 64.20 63.84 186.53 0.0022763
table 0 0 -10 3.95 133.85 93.77 450.62 0.0020686
desk 0 0 -10 10.62 40.28 234.29 340.32 0.0020649
table 0 0 -10 354.77 110.46 603.95 381.33 0.0020583
chair 0 0 -10 507.17 7.20 668.98 193.57 0.0019399
table 0 0 -10 1.63 338.79 40.68 531.00 0.0017625
sofa 0 0 -10 10.72 39.77 249.94 356.78 0.0017381
desk 0 0 -10 594.17 243.97 679.78 478.34 0.0017283
chair 0 0 -10 1.87 8.20 33.19 185.01 0.0016909
chair 0 0 -10 252.95 312.91 458.02 528.98 0.0016245
table 0 0 -10 0.00 6.69 40.53 284.35 0.0015098
table 0 0 -10 0.00 2.29 307.98 98.99 0.0014975
table 0 0 -10 7.68 55.29 62.40 361.91 0.0014685
chair 0 0 -10 295.07 211.87 541.73 524.67 0.0014452
bookshelf 0 0 -10 127.60 0.00 228.12 96.55 0.0012387
chair 0 0 -10 0.03 221.04 36.24 518.13 0.0012203
toilet 0 0 -10 126.05 0.84 232.28 101.06 0.0010821
chair 0 0 -10 10.58 46.04 32.78 378.01 0.0010539
chair 0 0 -10 259.49 85.61 372.26 346.76 0.0010505
table 0 0 -10 3.03 351.78 19.81 531.00 0.0010232
chair 0 0 -10 509.11 45.03 662.92 322.22 0.0010132
table 0 0 -10 9.99 285.78 23.80 531.00 0.0009611
table 0 0 -10 0.00 109.46 53.62 248.89 0.0009554
desk 0 0 -10 406.51 192.10 650.72 526.23 0.0009408
chair 0 0 -10 3.87 13.00 17.43 232.48 0.0009255
table 0 0 -10 4.95 138.33 42.07 517.32 0.0009141
chair 0 0 -10 111.20 7.81 282.84 194.20 0.0008989
