bookshelf 0 0 -10 328.08 2.75 679.58 176.64 0.9459921
table 0 0 -10 46.88 176.96 671.48 531.00 0.8984185
chair 0 0 -10 207.48 19.63 463.30 459.65 0.6439060
bookshelf 0 0 -10 265.43 8.98 669.29 284.18 0.5401658
desk 0 0 -10 44.73 170.11 681.00 528.42 0.2457696
table 0 0 -10 555.70 193.01 678.73 513.81 0.1900498
chair 0 0 -10 0.00 1.15 43.75 136.64 0.1177453
chair 0 0 -10 544.54 186.97 680.92 500.15 0.1167474
table 0 0 -10 630.43 182.30 679.84 506.09 0.0778542
bookshelf 0 0 -10 148.02 0.00 661.92 441.82 0.0699195
table 0 0 -10 391.38 171.28 669.34 505.88 0.0564472
desk 0 0 -10 530.05 177.93 678.51 500.79 0.0457664
chair 0 0 -10 608.05 120.49 681.00 487.27 0.0411332
chair 0 0 -10 213.69 91.85 664.35 480.22 0.0394544
table 0 0 -10 68.17 183.25 381.15 527.03 0.0392921
chair 0 0 -10 212.13 18.64 491.92 224.82 0.0378739
chair 0 0 -10 10.38 1.87 105.83 95.00 0.0259121
chair 0 0 -10 49.01 181.74 362.07 520.79 0.0240550
chair 0 0 -10 641.47 133.13 679.32 472.93 0.0239326
table 0 0 -10 95.19 42.85 681.00 437.17 0.0163918
desk 0 0 -10 64.44 181.86 375.76 528.71 0.0149249
desk 0 0 -10 594.42 182.04 680.49 461.77 0.0147095
table 0 0 -10 648.57 199.68 678.98 449.60 0.0120383
bookshelf 0 0 -10 257.03 0.05 524.51 400.42 0.0114954
table 0 0 -10 596.99 193.77 678.97 396.06 0.0114232
table 0 0 -10 482.19 188.24 680.54 408.60 0.0113737
toilet 0 0 -10 540.00 181.26 677.80 499.69 0.0113565
chair 0 0 -10 126.36 192.23 540.75 519.04 0.0110736
bookshelf 0 0 -10 326.92 66.73 676.16 500.71 0.0110410
chair 0 0 -10 159.68 48.58 339.83 430.56 0.0100888
desk 0 0 -10 394.27 173.62 673.06 508.76 0.0094653
bookshelf 0 0 -10 652.08 22.72 681.00 206.27 0.0093516
chair 0 0 -10 295.26 66.61 519.39 439.48 0.0086622
bookshelf 0 0 -10 532.91 65.72 675.50 441.79 0.0082728
chair 0 0 -10 439.76 190.90 665.04 508.21 0.0080364
bathtub 0 0 -10 530.62 187.59 680.67 490.82 0.0074874
chair 0 0 -10 566.55 182.98 679.24 378.25 0.0073300
chair 0 0 -10 74.03 36.56 404.67 466.32 0.0064583
chair 0 0 -10 340.04 157.88 595.45 486.96 0.0062224
chair 0 0 -10 1.34 47.31 39.41 116.58 0.0060078
table 0 0 -10 602.86 281.25 678.20 524.85 0.0049723
dresser 0 0 -10 140.03 98.54 681.00 503.07 0.0049202
bookshelf 0 0 -10 427.90 1.05 591.24 168.73 0.0048499
chair 0 0 -10 26.65 205.91 225.50 531.00 0.0047830
bed 0 0 -10 207.16 81.40 608.04 516.32 0.0043830
desk 0 0 -10 172.52 14.12 681.00 216.17 0.0043681
chair 0 0 -10 0.32 0.00 46.64 69.02 0.0042450
chair 0 0 -10 531.69 247.85 677.26 409.15 0.0041801
sofa 0 0 -10 131.66 105.92 681.00 484.40 0.0040746
table 0 0 -10 197.83 190.64 593.81 466.45 0.0040465
table 0 0 -10 663.67 210.93 680.89 500.20 0.0033876
sofa 0 0 -10 122.55 13.26 681.00 204.92 0.0032036
chair 0 0 -10 663.94 196.23 681.00 496.62 0.0031278
chair 0 0 -10 2.54 9.89 79.55 139.70 0.0031005
chair 0 0 -10 202.62 326.10 653.65 526.96 0.0030759
dresser 0 0 -10 540.96 177.17 677.76 502.59 0.0030532
bookshelf 0 0 -10 604.50 44.92 678.73 464.35 0.0028932
table 0 0 -10 179.63 11.81 665.01 221.11 0.0028875
chair 0 0 -10 216.70 55.12 460.01 172.91 0.0027683
desk 0 0 -10 201.87 30.56 681.00 413.21 0.0027550
bookshelf 0 0 -10 527.12 0.00 680.74 171.79 0.0026664
dresser 0 0 -10 232.31 19.05 681.00 174.89 0.0026180
bookshelf 0 0 -10 387.76 0.00 516.31 161.45 0.0025227
bookshelf 0 0 -10 625.26 0.93 681.00 201.00 0.0024175
bathtub 0 0 -10 619.91 196.78 681.00 516.22 0.0022752
desk 0 0 -10 642.55 150.29 678.71 469.95 0.0021373
toilet 0 0 -10 608.29 148.44 680.16 503.87 0.0021100
chair 0 0 -10 234.17 145.56 331.49 446.93 0.0020810
night_stand 0 0 -10 539.21 185.20 680.70 497.71 0.0020318
chair 0 0 -10 0.14 0.00 19.01 136.08 0.0019809
table 0 0 -10 0.03 9.84 40.19 153.14 0.0019086
chair 0 0 -10 647.20 163.61 681.00 331.28 0.0018789
bookshelf 0 0 -10 415.26 75.09 659.95 354.55 0.0017250
chair 0 0 -10 5.82 0.00 146.40 130.07 0.0016666
table 0 0 -10 7.27 0.00 79.18 126.49 0.0015972
chair 0 0 -10 625.44 170.47 679.42 379.74 0.0014697
chair 0 0 -10 144.81 13.07 648.99 243.13 0.0014637
table 0 0 -10 524.56 260.66 676.25 417.62 0.0014632
chair 0 0 -10 647.81 52.02 681.00 227.16 0.0014466
chair 0 0 -10 330.65 3.67 680.41 186.32 0.0013909
dresser 0 0 -10 330.61 43.80 680.63 389.64 0.0013740
chair 0 0 -10 6.16 1.01 109.06 50.05 0.0012592
bathtub 0 0 -10 164.68 101.29 677.35 489.70 0.0012461
bed 0 0 -10 535.91 173.24 678.56 502.00 0.0011885
sofa 0 0 -10 0.91 3.49 41.88 142.03 0.0010566
chair 0 0 -10 6.06 0.00 27.88 175.37 0.0010443
sofa 0 0 -10 542.03 175.87 678.76 496.39 0.0010350
chair 0 0 -10 12.28 9.56 29.77 104.48 0.0009329
chair 0 0 -10 658.13 63.86 681.00 439.55 0.0009237
sofa 0 0 -10 343.94 12.96 678.33 170.87 0.0009089
chair 0 0 -10 1.43 23.99 40.43 88.01 0.0009041
desk 0 0 -10 5.13 0.00 80.60 129.31 0.0008877
desk 0 0 -10 0.00 8.22 39.61 152.82 0.0008374
chair 0 0 -10 75.29 8.10 441.06 281.14 0.0008211
sofa 0 0 -10 642.67 138.74 678.55 477.12 0.0007791
bookshelf 0 0 -10 413.20 54.77 663.45 167.72 0.0007771
bathtub 0 0 -10 642.63 136.24 679.68 463.82 0.0007735
toilet 0 0 -10 175.06 91.15 669.08 517.99 0.0007614
chair 0 0 -10 665.06 147.00 681.00 365.96 0.0007433
chair 0 0 -10 497.10 115.29 681.00 358.37 0.0007180
