sofa 0 0 -10 0.00 37.11 484.12 526.21 0.8230382
chair 0 0 -10 13.78 33.20 477.83 529.90 0.3193942
chair 0 0 -10 506.34 9.40 679.25 427.48 0.0806182
sofa 0 0 -10 518.68 18.50 675.86 436.33 0.0593643
table 0 0 -10 120.54 12.93 560.44 242.25 0.0377282
table 0 0 -10 35.79 74.87 480.46 531.00 0.0259223
table 0 0 -10 509.19 35.17 676.98 456.55 0.0258154
bathtub 0 0 -10 14.62 1.03 582.94 92.29 0.0123402
dresser 0 0 -10 3.76 193.19 101.00 528.58 0.0112539
sofa 0 0 -10 9.93 41.51 190.01 529.72 0.0084196
chair 0 0 -10 626.44 11.15 680.20 415.46 0.0066487
chair 0 0 -10 2.80 30.35 202.17 531.00 0.0060393
bed 0 0 -10 0.00 43.84 504.04 528.04 0.0059195
table 0 0 -10 9.45 212.87 244.20 529.97 0.0054213
bed 0 0 -10 501.18 15.59 680.48 464.12 0.0051768
table 0 0 -10 384.02 26.33 660.03 473.16 0.0051588
table 0 0 -10 589.09 13.48 679.02 450.55 0.0049074
table 0 0 -10 2.97 181.15 106.27 531.00 0.0043742
table 0 0 -10 297.59 50.64 553.34 292.06 0.0040466
chair 0 0 -10 0.91 195.22 329.69 529.76 0.0038522
chair 0 0 -10 170.57 28.33 455.08 252.02 0.0037613
table 0 0 -10 386.41 101.92 538.11 268.30 0.0033611
chair 0 0 -10 99.17 244.10 485.74 527.23 0.0030882
desk 0 0 -10 0.00 18.31 539.90 450.67 0.0030029
chair 0 0 -10 99.28 426.08 505.42 529.61 0.0029519
table 0 0 -10 640.06 13.67 679.95 384.76 0.0028116
dresser 0 0 -10 508.17 13.84 679.96 423.74 0.0026838
chair 0 0 -10 0.38 56.12 90.34 520.83 0.0026754
table 0 0 -10 34.04 4.17 593.91 114.22 0.0025470
table 0 0 -10 0.99 75.86 39.58 165.25 0.0025357
bed 0 0 -10 0.00 69.09 88.07 531.00 0.0024974
table 0 0 -10 501.67 129.04 678.46 304.07 0.0024489
sofa 0 0 -10 3.23 128.57 114.64 531.00 0.0024395
bookshelf 0 0 -10 511.95 4.51 677.21 420.51 0.0023693
dresser 0 0 -10 5.71 162.24 46.66 531.00 0.0023067
sofa 0 0 -10 616.36 7.82 677.79 485.11 0.0021852
chair 0 0 -10 332.63 32.61 670.24 519.97 0.0020976
desk 0 0 -10 118.41 19.71 571.18 187.86 0.0020435
night_stand 0 0 -10 3.02 178.21 114.99 531.00 0.0019641
table 0 0 -10 587.54 0.82 679.76 29.13 0.0018234
chair 0 0 -10 1.99 363.25 290.47 531.00 0.0018025
sofa 0 0 -10 119.66 11.83 556.03 365.65 0.0017021
table 0 0 -10 24.91 302.78 474.74 531.00 0.0016680
sofa 0 0 -10 647.25 22.73 678.44 446.98 0.0016595
bookshelf 0 0 -10 14.42 0.00 516.47 504.20 0.0015428
desk 0 0 -10 6.90 168.86 485.84 531.00 0.0015281
desk 0 0 -10 505.72 20.46 681.00 439.63 0.0015237
desk 0 0 -10 195.87 5.68 583.02 331.89 0.0014959
table 0 0 -10 70.42 387.32 297.09 530.45 0.0014634
dresser 0 0 -10 6.45 41.83 173.01 531.00 0.0014207
chair 0 0 -10 591.34 61.90 679.78 486.41 0.0014079
chair 0 0 -10 611.09 188.46 681.00 387.29 0.0013775
chair 0 0 -10 579.33 0.00 681.00 72.22 0.0012517
bed 0 0 -10 3.28 25.84 190.17 531.00 0.0011755
chair 0 0 -10 4.75 23.82 55.25 436.38 0.0011377
dresser 0 0 -10 2.46 33.39 478.55 506.66 0.0011046
table 0 0 -10 262.40 3.45 573.18 177.74 0.0011046
sofa 0 0 -10 386.20 0.77 681.00 457.86 0.0010918
chair 0 0 -10 0.00 4.20 54.60 197.13 0.0010789
desk 0 0 -10 3.93 207.65 249.75 531.00 0.0010784
bathtub 0 0 -10 137.08 13.92 559.89 176.75 0.0010322
table 0 0 -10 208.94 336.35 464.16 530.78 0.0009023
table 0 0 -10 0.00 23.86 108.07 420.20 0.0008878
desk 0 0 -10 0.13 111.45 97.68 531.00 0.0008872
chair 0 0 -10 588.21 0.00 681.00 30.40 0.0008842
table 0 0 -10 657.41 157.24 680.36 513.06 0.0008770
chair 0 0 -10 633.10 202.59 680.94 496.24 0.0008376
chair 0 0 -10 523.48 208.42 675.69 438.40 0.0008259
table 0 0 -10 26.01 506.24 374.80 531.00 0.0008094
table 0 0 -10 633.73 236.92 679.79 508.89 0.0007894
chair 0 0 -10 511.33 119.77 679.32 294.02 0.0007797
table 0 0 -10 1.22 97.78 58.90 481.65 0.0007115
table 0 0 -10 236.08 117.97 522.70 517.51 0.0007049
table 0 0 -10 0.59 53.88 74.53 220.37 0.0006525
table 0 0 -10 625.51 140.76 679.74 432.45 0.0006186
bookshelf 0 0 -10 1.72 25.40 83.93 531.00 0.0006080
chair 0 0 -10 215.08 327.58 474.56 529.76 0.0006040
toilet 0 0 -10 9.66 11.89 523.43 528.13 0.0005980
chair 0 0 -10 34.55 5.37 429.12 205.14 0.0005809
desk 0 0 -10 504.91 129.26 678.69 301.63 0.0005639
chair 0 0 -10 363.75 6.18 635.60 334.74 0.0005478
desk 0 0 -10 2.44 5.49 598.55 101.20 0.0004766
table 0 0 -10 10.62 23.46 483.81 324.65 0.0004760
bathtub 0 0 -10 506.71 24.44 681.00 416.55 0.0004677
chair 0 0 -10 655.70 41.06 681.00 389.09 0.0004621
table 0 0 -10 446.71 173.19 676.35 271.47 0.0004601
table 0 0 -10 645.94 192.17 679.97 385.24 0.0004456
table 0 0 -10 436.82 205.33 671.34 309.40 0.0004431
table 0 0 -10 578.70 0.42 679.36 72.16 0.0004338
night_stand 0 0 -10 5.13 38.72 474.23 527.27 0.0004325
night_stand 0 0 -10 3.26 198.43 63.84 508.95 0.0004269
chair 0 0 -10 189.06 8.71 548.82 332.66 0.0004257
table 0 0 -10 68.26 424.18 496.60 527.79 0.0004256
chair 0 0 -10 0.00 0.00 96.58 235.67 0.0003988
toilet 0 0 -10 508.26 23.97 678.55 430.13 0.0003946
bathtub 0 0 -10 5.40 26.24 475.07 492.42 0.0003748
sofa 0 0 -10 510.09 120.32 676.73 295.70 0.0003738
sofa 0 0 -10 635.41 210.15 679.44 509.75 0.0003687
table 0 0 -10 10.71 515.07 211.18 531.00 0.0003590
sofa 0 0 -10 1.88 25.15 66.69 359.48 0.0003530
