chair 0 0 -10 180.83 51.52 324.34 236.41 0.9769870
chair 0 0 -10 0.42 189.78 126.45 497.32 0.9195588
table 0 0 -10 128.21 93.48 681.00 525.98 0.8741173
chair 0 0 -10 1.26 167.30 97.06 381.81 0.8353590
chair 0 0 -10 158.71 63.29 345.50 320.75 0.2956028
chair 0 0 -10 0.00 185.39 57.08 357.68 0.2675809
desk 0 0 -10 142.20 86.90 679.36 507.05 0.2027168
table 0 0 -10 0.00 276.05 135.88 516.78 0.1071309
desk 0 0 -10 137.85 97.45 394.73 331.28 0.0854017
chair 0 0 -10 0.34 156.28 35.48 448.80 0.0419984
table 0 0 -10 134.25 97.38 401.08 417.42 0.0371658
table 0 0 -10 0.00 179.90 32.57 467.64 0.0369377
table 0 0 -10 587.31 249.45 679.16 529.26 0.0342578
desk 0 0 -10 0.47 249.44 113.53 495.34 0.0336900
chair 0 0 -10 137.08 111.01 368.41 489.67 0.0278778
table 0 0 -10 0.00 200.98 55.14 359.53 0.0278658
chair 0 0 -10 272.89 125.01 557.77 507.45 0.0263459
table 0 0 -10 0.00 229.42 91.78 376.59 0.0240697
table 0 0 -10 0.58 166.55 100.28 470.70 0.0230700
chair 0 0 -10 523.06 126.86 681.00 504.75 0.0215100
desk 0 0 -10 155.30 102.19 519.17 400.91 0.0156145
table 0 0 -10 177.90 84.69 487.77 338.72 0.0141087
desk 0 0 -10 0.00 197.24 53.01 357.51 0.0137205
chair 0 0 -10 193.19 56.54 312.57 102.87 0.0131471
chair 0 0 -10 189.10 49.12 316.44 156.42 0.0109504
table 0 0 -10 527.56 129.67 676.93 511.19 0.0096582
chair 0 0 -10 3.96 143.98 27.25 376.03 0.0078072
table 0 0 -10 3.06 196.58 19.67 496.99 0.0073809
chair 0 0 -10 5.49 168.43 280.17 511.63 0.0072925
table 0 0 -10 133.90 95.22 308.55 341.09 0.0069939
chair 0 0 -10 0.00 245.79 64.74 520.07 0.0068366
chair 0 0 -10 0.00 104.05 38.26 331.51 0.0065857
table 0 0 -10 7.80 195.39 172.57 483.52 0.0061704
desk 0 0 -10 0.00 176.46 31.69 462.92 0.0059391
dresser 0 0 -10 155.25 75.18 367.43 319.86 0.0054734
table 0 0 -10 453.10 80.68 673.13 386.37 0.0054488
chair 0 0 -10 1.66 167.71 50.63 239.45 0.0049828
chair 0 0 -10 1.42 301.13 190.72 530.63 0.0049088
chair 0 0 -10 2.94 159.30 20.32 487.02 0.0048951
chair 0 0 -10 565.71 169.21 678.36 425.18 0.0048764
desk 0 0 -10 0.67 188.56 90.98 386.59 0.0048455
table 0 0 -10 0.84 266.51 70.35 527.47 0.0046448
chair 0 0 -10 4.76 163.37 13.37 374.56 0.0045856
chair 0 0 -10 1.08 147.24 82.76 282.04 0.0039947
chair 0 0 -10 216.40 77.11 487.86 331.04 0.0039331
table 0 0 -10 3.86 258.61 12.06 508.53 0.0037854
chair 0 0 -10 362.39 90.71 633.97 437.38 0.0035138
sofa 0 0 -10 0.00 253.90 133.17 514.90 0.0034840
bookshelf 0 0 -10 150.95 71.13 365.82 350.52 0.0034304
chair 0 0 -10 451.93 118.69 661.48 377.06 0.0033924
chair 0 0 -10 0.00 27.16 110.08 332.96 0.0031805
bed 0 0 -10 145.91 66.15 376.70 350.74 0.0031767
table 0 0 -10 633.83 190.35 674.68 515.60 0.0031258
desk 0 0 -10 4.77 158.72 155.23 514.39 0.0030479
chair 0 0 -10 589.16 215.19 681.00 523.04 0.0029830
chair 0 0 -10 2.87 147.80 9.59 338.45 0.0026773
chair 0 0 -10 0.43 202.09 39.10 293.55 0.0024766
table 0 0 -10 375.63 186.65 671.73 525.50 0.0023948
sofa 0 0 -10 144.38 73.70 370.68 339.75 0.0023908
chair 0 0 -10 0.00 153.88 168.75 343.66 0.0023262
bed 0 0 -10 147.28 54.27 551.89 498.60 0.0023121
desk 0 0 -10 156.67 104.69 340.42 260.41 0.0022151
night_stand 0 0 -10 149.84 83.58 369.21 350.00 0.0020605
chair 0 0 -10 315.03 52.47 547.63 376.96 0.0019908
table 0 0 -10 185.48 229.51 588.47 531.00 0.0019406
table 0 0 -10 606.79 142.45 678.52 435.13 0.0019385
chair 0 0 -10 41.80 153.03 278.93 357.93 0.0018971
desk 0 0 -10 101.26 108.47 314.88 398.05 0.0018026
sofa 0 0 -10 1.76 175.31 48.78 373.24 0.0016944
chair 0 0 -10 0.39 122.35 16.09 333.11 0.0016532
bed 0 0 -10 0.00 252.91 134.08 519.08 0.0016484
chair 0 0 -10 213.87 166.04 481.96 418.45 0.0016411
table 0 0 -10 3.14 229.92 8.74 500.51 0.0016394
chair 0 0 -10 1.62 246.01 53.82 407.01 0.0015570
night_stand 0 0 -10 0.00 266.20 137.57 517.53 0.0015528
dresser 0 0 -10 0.00 266.03 134.15 516.60 0.0015092
table 0 0 -10 2.03 314.46 21.99 523.25 0.0014663
table 0 0 -10 24.41 125.42 239.10 443.24 0.0014401
sofa 0 0 -10 1.28 147.91 111.31 445.87 0.0013761
table 0 0 -10 150.17 81.33 319.49 242.31 0.0012972
chair 0 0 -10 621.48 84.65 678.88 347.21 0.0012959
table 0 0 -10 559.49 209.35 677.60 438.21 0.0012839
desk 0 0 -10 459.85 79.50 674.47 386.51 0.0012779
desk 0 0 -10 534.56 121.19 677.84 520.72 0.0012720
toilet 0 0 -10 0.00 262.38 132.30 518.77 0.0011887
chair 0 0 -10 0.71 186.31 8.03 396.22 0.0011883
table 0 0 -10 11.84 162.25 77.38 339.08 0.0011812
chair 0 0 -10 0.29 245.47 34.58 340.49 0.0010612
table 0 0 -10 96.71 112.18 286.97 468.45 0.0010360
table 0 0 -10 582.78 128.52 678.20 286.48 0.0010301
desk 0 0 -10 66.63 108.37 458.04 523.53 0.0010267
table 0 0 -10 0.00 252.73 33.96 346.10 0.0010104
sofa 0 0 -10 167.85 110.75 663.16 526.01 0.0010088
dresser 0 0 -10 160.56 83.31 523.81 500.21 0.0008966
chair 0 0 -10 1.10 144.27 6.06 343.84 0.0008918
bookshelf 0 0 -10 0.00 259.80 132.16 513.80 0.0008743
table 0 0 -10 263.05 103.35 628.14 416.53 0.0008718
chair 0 0 -10 631.06 188.50 680.19 273.32 0.0008678
chair 0 0 -10 0.90 208.78 63.94 273.06 0.0008574
desk 0 0 -10 3.04 195.17 19.22 496.72 0.0008505
