bookshelf 0 0 -10 1.44 4.14 425.83 531.00 0.9949732
bookshelf 0 0 -10 408.81 4.12 562.03 338.76 0.9363357
bookshelf 0 0 -10 247.60 0.00 546.80 353.27 0.3520762
bookshelf 0 0 -10 535.63 33.24 592.53 247.96 0.2754653
bookshelf 0 0 -10 504.49 25.44 621.36 246.75 0.0771051
bookshelf 0 0 -10 0.00 9.12 142.49 505.29 0.0720738
bookshelf 0 0 -10 571.29 59.25 597.44 230.72 0.0554869
bookshelf 0 0 -10 532.38 15.76 567.72 266.33 0.0374390
bookshelf 0 0 -10 145.53 6.60 450.84 392.00 0.0262018
bookshelf 0 0 -10 397.24 4.03 447.29 376.61 0.0252570
bookshelf 0 0 -10 409.68 16.43 473.77 343.09 0.0213946
bookshelf 0 0 -10 312.69 6.97 447.43 389.93 0.0201268
bookshelf 0 0 -10 386.96 2.24 424.04 507.09 0.0146124
bookshelf 0 0 -10 349.47 8.17 494.56 349.92 0.0131789
bookshelf 0 0 -10 0.00 0.00 421.49 155.40 0.0131494
bookshelf 0 0 -10 10.37 289.89 435.51 531.00 0.0095920
bookshelf 0 0 -10 476.59 12.66 565.63 279.78 0.0091022
bookshelf 0 0 -10 528.96 35.83 553.20 252.91 0.0083386
bookshelf 0 0 -10 429.79 189.74 568.16 265.66 0.0074347
bookshelf 0 0 -10 555.61 35.14 614.53 226.73 0.0072321
chair 0 0 -10 401.34 9.75 568.56 345.34 0.0060226
dresser 0 0 -10 409.23 37.53 572.15 332.72 0.0045889
bookshelf 0 0 -10 221.44 70.26 439.00 513.71 0.0041675
bookshelf 0 0 -10 531.94 20.33 670.52 219.33 0.0039444
dresser 0 0 -10 536.16 41.52 593.50 249.80 0.0037210
bookshelf 0 0 -10 360.44 6.57 404.32 523.27 0.0030078
bookshelf 0 0 -10 7.67 122.61 96.46 482.26 0.0028322
bookshelf 0 0 -10 421.50 113.60 532.77 331.07 0.0027532
bookshelf 0 0 -10 523.04 62.01 636.59 194.45 0.0025911
desk 0 0 -10 0.00 109.72 473.92 520.70 0.0025862
dresser 0 0 -10 0.00 20.43 459.61 531.00 0.0023572
bookshelf 0 0 -10 32.12 0.00 376.71 290.70 0.0022713
dresser 0 0 -10 571.61 63.51 597.57 230.76 0.0021120
bookshelf 0 0 -10 436.62 196.74 514.82 257.10 0.0020740
bookshelf 0 0 -10 414.07 171.97 453.03 321.28 0.0019757
desk 0 0 -10 402.61 51.72 578.04 325.20 0.0018829
bookshelf 0 0 -10 585.52 77.32 590.89 195.71 0.0017284
table 0 0 -10 443.21 251.18 519.00 323.26 0.0017180
bookshelf 0 0 -10 408.48 1.11 638.85 478.84 0.0016031
bookshelf 0 0 -10 582.76 86.85 588.80 179.10 0.0015663
bookshelf 0 0 -10 542.04 79.24 603.49 197.46 0.0014962
bookshelf 0 0 -10 530.15 120.62 591.90 219.63 0.0014746
bookshelf 0 0 -10 581.10 86.45 637.39 172.23 0.0013695
bookshelf 0 0 -10 2.02 35.71 98.63 264.49 0.0013691
bookshelf 0 0 -10 469.98 214.91 493.58 252.98 0.0012226
toilet 0 0 -10 399.47 14.97 566.10 355.56 0.0011788
bookshelf 0 0 -10 456.29 80.39 603.35 222.86 0.0011586
chair 0 0 -10 596.11 109.19 640.03 179.71 0.0011543
table 0 0 -10 15.15 122.02 451.77 527.92 0.0011381
chair 0 0 -10 413.40 184.95 451.30 339.54 0.0010848
bookshelf 0 0 -10 406.70 122.03 431.31 362.20 0.0010610
bookshelf 0 0 -10 0.00 0.00 488.61 84.35 0.0009244
table 0 0 -10 429.44 195.80 562.34 265.20 0.0009184
bookshelf 0 0 -10 7.58 8.73 40.07 479.20 0.0009150
bookshelf 0 0 -10 453.35 141.44 583.95 257.76 0.0008763
bookshelf 0 0 -10 575.69 41.10 645.09 201.65 0.0008108
table 0 0 -10 405.93 24.07 591.59 326.36 0.0007980
bed 0 0 -10 403.42 4.17 584.26 344.55 0.0007932
bookshelf 0 0 -10 579.99 47.51 607.72 214.95 0.0007723
sofa 0 0 -10 411.71 38.73 565.30 318.45 0.0007498
chair 0 0 -10 532.86 45.25 587.96 243.84 0.0007360
bookshelf 0 0 -10 516.78 13.72 541.41 268.31 0.0007314
bookshelf 0 0 -10 138.95 82.68 583.81 520.33 0.0007275
bookshelf 0 0 -10 586.09 86.52 593.43 175.45 0.0006860
dresser 0 0 -10 532.97 27.32 567.71 269.94 0.0006500
bookshelf 0 0 -10 398.61 65.60 418.43 364.70 0.0006421
chair 0 0 -10 0.00 62.36 443.27 522.40 0.0006246
dresser 0 0 -10 505.41 33.37 624.61 248.42 0.0006147
bookshelf 0 0 -10 0.75 0.00 71.41 368.91 0.0006084
bookshelf 0 0 -10 532.21 102.75 537.81 251.16 0.0006024
bookshelf 0 0 -10 441.01 62.39 465.70 277.31 0.0005846
bookshelf 0 0 -10 397.80 0.00 547.49 142.57 0.0005820
bookshelf 0 0 -10 455.01 144.78 496.84 274.48 0.0005675
bookshelf 0 0 -10 455.93 203.59 463.63 252.60 0.0005621
bookshelf 0 0 -10 38.31 405.88 494.61 525.94 0.0005380
bed 0 0 -10 1.32 91.30 452.73 531.00 0.0005284
bookshelf 0 0 -10 360.47 119.72 455.30 347.52 0.0005221
bookshelf 0 0 -10 371.02 0.00 533.98 243.16 0.0005028
bookshelf 0 0 -10 536.21 85.89 543.72 192.32 0.0005027
desk 0 0 -10 594.38 83.01 680.08 187.98 0.0004947
desk 0 0 -10 599.80 107.93 639.70 186.95 0.0004891
bookshelf 0 0 -10 455.57 209.99 482.33 251.00 0.0004474
chair 0 0 -10 405.92 193.79 439.27 359.68 0.0004354
bookshelf 0 0 -10 589.32 86.26 594.68 181.35 0.0004062
bookshelf 0 0 -10 542.30 105.06 549.45 194.22 0.0003993
bookshelf 0 0 -10 523.59 109.07 546.11 268.05 0.0003859
bathtub 0 0 -10 411.85 15.84 563.63 334.84 0.0003688
desk 0 0 -10 537.88 38.92 625.11 234.91 0.0003441
bookshelf 0 0 -10 470.49 207.10 479.19 253.52 0.0003405
bookshelf 0 0 -10 434.07 83.17 457.00 279.20 0.0003241
bookshelf 0 0 -10 459.33 204.86 467.79 254.34 0.0003047
chair 0 0 -10 498.60 32.40 616.93 249.18 0.0003042
bed 0 0 -10 392.98 37.08 653.57 497.14 0.0002978
sofa 0 0 -10 25.41 104.91 453.26 516.67 0.0002960
bookshelf 0 0 -10 4.52 174.85 222.87 514.57 0.0002933
bookshelf 0 0 -10 5.66 85.94 35.44 270.24 0.0002907
bookshelf 0 0 -10 603.30 72.42 643.47 181.90 0.0002803
bookshelf 0 0 -10 516.58 58.35 575.16 295.37 0.0002791
bed 0 0 -10 399.45 391.20 681.00 530.12 0.0002770
table 0 0 -10 537.64 81.54 597.71 256.67 0.0002680
