sofa 0 0 -10 15.99 47.00 583.41 509.03 0.6548520
chair 0 0 -10 42.12 80.59 554.25 518.44 0.3336588
table 0 0 -10 97.85 163.85 549.55 529.12 0.1555912
table 0 0 -10 514.73 274.18 666.78 524.08 0.0941416
chair 0 0 -10 240.82 153.00 566.98 507.08 0.0427613
chair 0 0 -10 131.88 0.00 467.05 382.62 0.0415309
bed 0 0 -10 78.25 154.74 501.47 529.68 0.0255620
sofa 0 0 -10 103.65 170.39 467.43 521.89 0.0234541
chair 0 0 -10 478.20 152.82 670.11 523.96 0.0222755
desk 0 0 -10 89.19 150.75 558.82 528.70 0.0206027
table 0 0 -10 498.34 336.96 673.88 468.89 0.0099962
dresser 0 0 -10 104.48 170.51 497.46 521.19 0.0099131
table 0 0 -10 130.47 29.97 650.27 473.27 0.0083790
bed 0 0 -10 0.00 6.81 612.40 505.08 0.0080160
bookshelf 0 0 -10 36.94 3.28 592.21 493.41 0.0079286
chair 0 0 -10 495.62 330.13 673.57 489.09 0.0062789
table 0 0 -10 523.85 263.55 671.27 399.55 0.0041543
bed 0 0 -10 339.11 5.28 681.00 84.71 0.0037840
chair 0 0 -10 568.00 256.91 679.57 509.79 0.0034691
night_stand 0 0 -10 69.31 161.84 574.65 531.00 0.0033510
table 0 0 -10 354.42 108.04 664.32 523.65 0.0031670
bookshelf 0 0 -10 110.60 169.52 493.86 519.93 0.0031611
sofa 0 0 -10 10.58 15.35 614.11 274.26 0.0026300
chair 0 0 -10 635.47 138.99 679.61 408.88 0.0025296
chair 0 0 -10 3.83 237.09 144.94 530.17 0.0024896
table 0 0 -10 0.00 11.66 449.34 518.91 0.0022712
sofa 0 0 -10 5.68 7.61 269.35 525.33 0.0021217
dresser 0 0 -10 20.39 26.06 612.87 506.87 0.0020550
chair 0 0 -10 647.78 256.42 679.31 415.12 0.0020368
sofa 0 0 -10 4.37 198.13 150.20 523.87 0.0019854
table 0 0 -10 339.80 4.43 681.00 83.85 0.0018337
chair 0 0 -10 608.93 221.69 680.79 412.19 0.0017631
table 0 0 -10 5.91 205.92 154.05 528.39 0.0015868
desk 0 0 -10 491.19 207.04 676.49 531.00 0.0015814
sofa 0 0 -10 506.36 271.83 678.24 531.00 0.0015783
chair 0 0 -10 370.52 32.01 658.26 529.69 0.0015685
toilet 0 0 -10 100.19 168.44 495.19 531.00 0.0014709
bed 0 0 -10 119.11 1.83 659.42 308.87 0.0014230
chair 0 0 -10 617.69 277.70 680.11 521.13 0.0014118
chair 0 0 -10 0.67 19.56 245.29 528.47 0.0014044
bookshelf 0 0 -10 175.70 0.00 646.78 294.74 0.0013521
bed 0 0 -10 0.68 0.00 271.44 531.00 0.0012562
table 0 0 -10 587.85 276.23 675.58 524.34 0.0011860
chair 0 0 -10 103.32 165.75 386.94 522.66 0.0011619
bathtub 0 0 -10 29.32 149.90 587.25 517.55 0.0011589
sofa 0 0 -10 352.57 8.70 676.50 76.40 0.0010284
table 0 0 -10 168.76 199.49 413.01 318.90 0.0010149
night_stand 0 0 -10 512.29 269.71 679.65 519.41 0.0009145
chair 0 0 -10 652.27 201.24 679.21 375.70 0.0008796
chair 0 0 -10 657.63 127.27 680.85 443.23 0.0008566
desk 0 0 -10 495.94 345.71 679.96 483.42 0.0008256
bed 0 0 -10 508.66 253.42 675.17 523.31 0.0008214
chair 0 0 -10 524.72 232.90 677.98 423.17 0.0008151
desk 0 0 -10 19.72 5.76 642.97 403.74 0.0008149
table 0 0 -10 648.50 263.31 678.12 418.23 0.0008131
dresser 0 0 -10 513.70 258.15 673.30 516.77 0.0007854
bed 0 0 -10 343.55 4.41 666.32 484.46 0.0007583
chair 0 0 -10 610.62 52.19 681.00 432.33 0.0006904
chair 0 0 -10 635.54 251.24 679.58 342.05 0.0006797
toilet 0 0 -10 19.99 17.50 599.92 514.79 0.0006735
chair 0 0 -10 173.49 187.31 416.78 316.35 0.0006604
table 0 0 -10 457.46 173.99 670.64 450.43 0.0005994
chair 0 0 -10 386.71 143.34 501.13 451.72 0.0005850
chair 0 0 -10 665.06 201.56 680.81 409.10 0.0005777
sofa 0 0 -10 335.70 143.09 576.60 511.19 0.0005732
table 0 0 -10 603.91 264.51 676.84 407.88 0.0005717
bed 0 0 -10 95.60 3.92 672.93 113.44 0.0005567
chair 0 0 -10 183.04 2.86 642.12 316.87 0.0005515
chair 0 0 -10 653.32 295.18 680.79 378.29 0.0005510
bed 0 0 -10 344.50 13.43 651.57 224.56 0.0005245
table 0 0 -10 42.78 13.20 393.06 313.29 0.0005203
table 0 0 -10 630.96 279.41 678.50 523.40 0.0005108
sofa 0 0 -10 621.59 279.62 678.05 529.65 0.0005045
bed 0 0 -10 1.18 192.36 152.57 521.08 0.0004951
chair 0 0 -10 56.00 322.58 632.80 527.68 0.0004181
desk 0 0 -10 353.25 87.35 677.74 526.84 0.0004120
bookshelf 0 0 -10 367.87 2.15 624.85 449.37 0.0004031
table 0 0 -10 248.09 6.98 629.65 301.53 0.0003971
sofa 0 0 -10 47.71 93.77 436.86 403.49 0.0003931
table 0 0 -10 530.69 369.25 675.26 441.91 0.0003474
table 0 0 -10 432.22 189.03 534.73 511.76 0.0003326
table 0 0 -10 635.38 217.73 678.49 433.87 0.0003320
table 0 0 -10 665.43 267.35 680.33 447.60 0.0003249
chair 0 0 -10 667.72 261.84 676.99 397.59 0.0003082
bookshelf 0 0 -10 107.74 0.00 449.17 358.91 0.0003068
sofa 0 0 -10 648.90 280.00 679.94 530.37 0.0003009
table 0 0 -10 17.89 176.07 324.75 531.00 0.0002974
chair 0 0 -10 62.53 412.71 474.38 528.16 0.0002950
chair 0 0 -10 635.74 320.86 680.85 373.88 0.0002855
table 0 0 -10 1.45 15.00 228.36 498.17 0.0002749
bookshelf 0 0 -10 353.00 0.13 681.00 84.85 0.0002742
chair 0 0 -10 0.00 7.47 103.50 370.11 0.0002683
bed 0 0 -10 0.00 2.05 417.70 355.18 0.0002451
chair 0 0 -10 34.09 0.00 340.93 192.78 0.0002409
table 0 0 -10 636.81 265.23 678.28 354.32 0.0002373
chair 0 0 -10 365.01 12.69 644.91 226.00 0.0002364
bed 0 0 -10 539.20 45.99 679.11 517.98 0.0002333
table 0 0 -10 604.44 158.90 678.51 462.27 0.0002297
table 0 0 -10 657.51 140.19 680.10 440.26 0.0002257
chair 0 0 -10 427.31 141.58 537.50 485.78 0.0002256
