sofa 0 0 -10 95.63 20.64 446.21 432.87 0.3001894
table 0 0 -10 459.68 239.02 673.34 531.00 0.2528728
chair 0 0 -10 525.29 3.76 676.99 228.15 0.1359808
table 0 0 -10 522.72 7.47 677.06 243.13 0.1336576
chair 0 0 -10 83.54 13.22 449.85 466.38 0.1125192
chair 0 0 -10 451.09 0.29 518.19 46.94 0.0404211
table 0 0 -10 489.42 21.68 677.49 375.02 0.0259463
table 0 0 -10 518.93 2.07 679.30 108.92 0.0251965
chair 0 0 -10 459.18 234.89 679.45 529.94 0.0235650
chair 0 0 -10 442.36 0.27 538.29 67.20 0.0201103
chair 0 0 -10 547.59 0.00 675.57 113.18 0.0171340
chair 0 0 -10 606.12 0.00 679.61 138.13 0.0142710
chair 0 0 -10 30.04 163.66 538.27 522.65 0.0135728
table 0 0 -10 34.38 120.19 502.52 523.26 0.0112272
chair 0 0 -10 456.67 3.98 637.29 212.80 0.0111310
table 0 0 -10 478.47 237.70 670.00 392.78 0.0101828
chair 0 0 -10 441.75 1.01 590.95 124.00 0.0065303
chair 0 0 -10 456.08 0.10 512.19 26.26 0.0062294
table 0 0 -10 630.00 355.22 679.89 531.00 0.0050275
chair 0 0 -10 602.83 0.00 680.69 280.31 0.0044836
chair 0 0 -10 629.57 357.68 681.00 531.00 0.0042604
table 0 0 -10 420.29 0.00 580.58 71.48 0.0034757
chair 0 0 -10 444.28 480.73 675.29 530.28 0.0033897
chair 0 0 -10 505.03 0.00 615.88 99.36 0.0030395
chair 0 0 -10 595.22 44.73 681.00 462.20 0.0028198
sofa 0 0 -10 24.37 156.95 547.82 531.00 0.0026508
chair 0 0 -10 626.20 484.93 681.00 531.00 0.0022160
chair 0 0 -10 432.33 0.16 658.60 48.08 0.0019572
chair 0 0 -10 562.83 494.23 680.13 531.00 0.0019400
chair 0 0 -10 628.90 199.56 681.00 514.53 0.0018731
desk 0 0 -10 521.72 1.91 680.14 261.50 0.0018592
chair 0 0 -10 447.43 378.86 681.00 529.81 0.0018225
table 0 0 -10 48.23 16.47 398.58 413.64 0.0018163
table 0 0 -10 441.05 1.72 512.24 57.45 0.0017864
bed 0 0 -10 57.99 18.55 448.29 477.64 0.0017189
table 0 0 -10 443.71 479.20 660.13 531.00 0.0016637
table 0 0 -10 445.56 382.06 671.48 531.00 0.0015781
table 0 0 -10 448.72 3.22 660.03 147.51 0.0015099
table 0 0 -10 14.90 3.24 299.25 176.31 0.0014716
night_stand 0 0 -10 454.55 233.69 681.00 531.00 0.0014535
desk 0 0 -10 450.56 251.69 681.00 531.00 0.0013280
chair 0 0 -10 569.26 0.00 680.53 62.85 0.0012636
chair 0 0 -10 550.28 0.00 633.43 82.67 0.0011661
table 0 0 -10 596.18 2.11 677.93 139.75 0.0011375
chair 0 0 -10 645.76 0.00 680.57 302.17 0.0010557
chair 0 0 -10 632.74 442.60 681.00 531.00 0.0010536
table 0 0 -10 573.61 23.66 679.02 462.79 0.0010384
table 0 0 -10 492.81 1.39 615.66 94.26 0.0009806
dresser 0 0 -10 450.94 247.06 681.00 531.00 0.0008343
toilet 0 0 -10 443.07 257.74 675.17 531.00 0.0007409
bathtub 0 0 -10 518.83 5.92 681.00 261.83 0.0006299
bed 0 0 -10 15.76 169.43 551.16 531.00 0.0006239
dresser 0 0 -10 68.61 20.63 444.83 469.74 0.0006006
sofa 0 0 -10 414.71 1.68 557.80 70.54 0.0005635
table 0 0 -10 668.56 421.32 680.72 531.00 0.0005542
chair 0 0 -10 487.71 437.99 678.62 531.00 0.0005525
sofa 0 0 -10 457.11 239.93 678.45 531.00 0.0005464
table 0 0 -10 659.94 379.75 680.46 531.00 0.0005310
table 0 0 -10 340.97 2.38 656.15 102.50 0.0005212
bed 0 0 -10 520.99 0.94 678.62 259.72 0.0004850
chair 0 0 -10 436.01 20.50 666.69 435.86 0.0004819
table 0 0 -10 676.07 476.06 681.00 530.59 0.0004546
bookshelf 0 0 -10 75.73 0.00 441.20 462.37 0.0004358
chair 0 0 -10 585.12 392.42 681.00 531.00 0.0004267
table 0 0 -10 637.49 437.52 680.64 531.00 0.0004021
bookshelf 0 0 -10 456.73 238.84 678.80 531.00 0.0003979
table 0 0 -10 352.44 3.75 658.33 258.53 0.0003977
chair 0 0 -10 601.08 0.12 681.00 43.28 0.0003930
table 0 0 -10 0.00 0.00 120.24 122.99 0.0003910
chair 0 0 -10 375.25 2.74 501.14 43.02 0.0003785
table 0 0 -10 669.99 476.89 681.00 530.89 0.0003699
chair 0 0 -10 624.61 0.00 681.00 83.81 0.0003636
table 0 0 -10 675.15 367.79 679.68 530.95 0.0003553
bookshelf 0 0 -10 522.51 0.00 676.41 257.95 0.0003542
toilet 0 0 -10 537.24 8.17 679.51 288.28 0.0003537
sofa 0 0 -10 518.98 5.31 680.58 261.12 0.0003511
table 0 0 -10 602.67 8.75 680.07 267.26 0.0003367
table 0 0 -10 661.79 465.51 680.68 531.00 0.0003336
chair 0 0 -10 649.54 3.73 680.69 143.36 0.0003159
dresser 0 0 -10 520.36 6.78 678.98 257.69 0.0003157
chair 0 0 -10 628.99 45.11 674.53 371.62 0.0003022
chair 0 0 -10 464.14 0.00 565.10 52.86 0.0003009
chair 0 0 -10 212.88 437.88 674.01 528.64 0.0002812
bed 0 0 -10 25.04 313.40 404.13 531.00 0.0002796
desk 0 0 -10 53.48 26.43 452.98 484.04 0.0002691
table 0 0 -10 5.11 0.59 406.71 94.98 0.0002645
chair 0 0 -10 654.92 395.91 681.00 531.00 0.0002486
sofa 0 0 -10 0.00 13.07 280.52 267.16 0.0002418
desk 0 0 -10 421.13 0.00 580.48 72.80 0.0002349
desk 0 0 -10 13.71 177.97 566.73 531.00 0.0002247
table 0 0 -10 666.77 488.15 680.57 517.65 0.0002242
sofa 0 0 -10 445.62 479.93 668.70 530.98 0.0002194
chair 0 0 -10 659.48 467.14 681.00 531.00 0.0002162
table 0 0 -10 647.61 169.16 678.89 526.16 0.0002149
table 0 0 -10 672.79 490.85 680.80 516.74 0.0002079
table 0 0 -10 529.38 422.03 674.34 531.00 0.0002075
table 0 0 -10 649.00 469.93 679.33 518.79 0.0002046
table 0 0 -10 676.89 419.57 680.98 530.23 0.0002016
chair 0 0 -10 675.88 475.44 681.00 531.00 0.0002009
chair 0 0 -10 226.06 0.00 622.36 54.93 0.0001986
