table 0 0 -10 438.44 240.20 677.95 487.78 0.9684334
sofa 0 0 -10 0.00 136.70 503.22 530.44 0.8889157
chair 0 0 -10 229.72 22.62 511.24 286.77 0.4945323
table 0 0 -10 394.10 2.30 662.12 211.50 0.4779138
sofa 0 0 -10 218.42 23.46 505.42 289.82 0.4583353
sofa 0 0 -10 526.05 0.00 675.89 237.85 0.1526036
chair 0 0 -10 46.80 127.95 499.71 525.01 0.1179800
chair 0 0 -10 521.77 9.68 681.00 236.11 0.1110029
table 0 0 -10 510.05 10.61 678.02 230.98 0.0646861
table 0 0 -10 32.08 193.79 483.69 531.00 0.0400603
sofa 0 0 -10 329.62 6.96 609.26 249.05 0.0371716
desk 0 0 -10 439.36 0.00 670.91 238.20 0.0362463
sofa 0 0 -10 9.31 158.34 260.59 531.00 0.0346669
chair 0 0 -10 17.74 0.00 130.93 73.14 0.0318173
table 0 0 -10 370.18 0.00 542.36 180.59 0.0274605
chair 0 0 -10 612.55 245.18 681.00 414.78 0.0204898
table 0 0 -10 430.14 48.72 677.57 401.39 0.0186082
table 0 0 -10 622.37 232.02 679.23 484.56 0.0168609
sofa 0 0 -10 0.00 333.22 515.36 531.00 0.0125234
chair 0 0 -10 153.61 81.22 494.67 414.50 0.0117093
table 0 0 -10 453.43 244.02 676.45 363.34 0.0107090
table 0 0 -10 2.64 160.57 75.04 523.90 0.0076056
table 0 0 -10 564.83 228.62 680.16 475.66 0.0075385
table 0 0 -10 233.11 2.86 526.95 175.92 0.0072620
sofa 0 0 -10 144.47 40.71 565.70 491.96 0.0070254
table 0 0 -10 0.00 214.98 127.48 471.69 0.0062234
bed 0 0 -10 4.76 180.39 477.87 531.00 0.0057190
desk 0 0 -10 445.12 233.16 677.40 514.54 0.0050638
chair 0 0 -10 44.66 336.99 519.42 528.33 0.0046099
sofa 0 0 -10 442.76 23.83 681.00 403.91 0.0045647
table 0 0 -10 592.91 241.91 678.31 406.90 0.0044103
table 0 0 -10 0.86 347.64 545.69 531.00 0.0043638
sofa 0 0 -10 3.65 148.73 81.56 529.23 0.0043534
table 0 0 -10 337.41 0.48 497.92 138.98 0.0043409
table 0 0 -10 286.82 11.68 603.31 247.01 0.0039084
chair 0 0 -10 617.08 103.96 681.00 450.32 0.0033358
chair 0 0 -10 313.03 0.00 460.11 125.37 0.0031046
sofa 0 0 -10 10.70 97.82 51.12 516.37 0.0029225
chair 0 0 -10 1.14 144.54 257.32 522.15 0.0028061
chair 0 0 -10 487.85 107.39 678.13 445.49 0.0027914
chair 0 0 -10 555.14 236.24 681.00 450.08 0.0026881
chair 0 0 -10 327.03 203.03 622.73 531.00 0.0025377
table 0 0 -10 593.22 311.84 676.56 465.58 0.0022502
table 0 0 -10 353.96 0.00 673.47 106.76 0.0022029
desk 0 0 -10 16.27 185.22 488.11 531.00 0.0020796
table 0 0 -10 0.00 298.05 130.80 416.75 0.0020723
table 0 0 -10 489.83 300.91 677.78 421.27 0.0019985
table 0 0 -10 8.75 0.00 124.46 85.16 0.0018152
bed 0 0 -10 523.44 2.65 678.86 247.87 0.0017283
table 0 0 -10 0.12 142.20 36.89 508.81 0.0017216
table 0 0 -10 325.38 169.74 658.11 497.46 0.0017131
chair 0 0 -10 3.77 153.17 61.11 527.66 0.0016284
table 0 0 -10 168.18 77.38 468.44 299.11 0.0015739
table 0 0 -10 657.95 195.39 680.25 517.92 0.0015021
table 0 0 -10 10.30 88.80 50.14 500.50 0.0013985
desk 0 0 -10 432.02 34.53 681.00 413.30 0.0013692
chair 0 0 -10 215.39 293.58 486.00 526.41 0.0012932
table 0 0 -10 19.52 114.50 371.82 314.36 0.0011117
chair 0 0 -10 21.26 0.00 93.87 53.99 0.0011097
desk 0 0 -10 16.43 1.67 124.96 84.48 0.0010461
bookshelf 0 0 -10 525.25 0.80 676.77 235.19 0.0010386
sofa 0 0 -10 1.11 184.80 133.53 473.53 0.0008954
chair 0 0 -10 634.40 1.62 677.25 247.04 0.0008904
table 0 0 -10 452.28 236.36 607.05 432.42 0.0008591
dresser 0 0 -10 523.98 12.51 677.55 233.33 0.0008253
sofa 0 0 -10 379.82 201.96 660.14 531.00 0.0008205
chair 0 0 -10 6.50 136.12 130.84 513.95 0.0008168
table 0 0 -10 651.10 297.03 679.78 475.29 0.0008100
chair 0 0 -10 64.44 1.50 106.19 61.68 0.0008083
table 0 0 -10 338.49 283.53 598.08 523.57 0.0007954
table 0 0 -10 455.64 3.94 634.65 126.82 0.0007742
table 0 0 -10 10.38 168.88 238.42 531.00 0.0007715
chair 0 0 -10 492.80 233.86 669.61 389.92 0.0007586
bookshelf 0 0 -10 43.69 166.76 434.09 522.31 0.0007465
toilet 0 0 -10 34.85 172.57 436.84 524.26 0.0007404
table 0 0 -10 642.55 231.63 677.69 414.02 0.0007298
dresser 0 0 -10 34.05 176.42 437.04 522.06 0.0007208
table 0 0 -10 16.42 161.08 348.30 417.00 0.0007162
chair 0 0 -10 450.43 279.61 665.17 508.04 0.0007162
chair 0 0 -10 587.97 49.30 681.00 348.18 0.0007159
sofa 0 0 -10 1.33 254.36 46.29 508.24 0.0006994
chair 0 0 -10 631.19 278.70 681.00 504.68 0.0006744
table 0 0 -10 0.00 399.88 34.33 513.21 0.0006671
table 0 0 -10 259.54 0.27 651.11 52.09 0.0006131
bathtub 0 0 -10 44.37 176.62 433.70 501.74 0.0005967
table 0 0 -10 459.70 331.20 673.80 528.46 0.0005845
table 0 0 -10 551.42 99.45 675.87 190.43 0.0005754
table 0 0 -10 0.00 353.50 39.67 489.01 0.0005743
table 0 0 -10 4.74 463.56 12.82 529.39 0.0005698
chair 0 0 -10 642.45 181.87 678.42 475.33 0.0005340
table 0 0 -10 4.09 157.15 17.09 522.52 0.0005155
table 0 0 -10 417.97 49.32 518.63 258.02 0.0005147
table 0 0 -10 2.70 449.19 21.69 528.62 0.0005110
table 0 0 -10 669.02 241.18 679.46 529.50 0.0005059
chair 0 0 -10 324.91 0.00 547.38 202.30 0.0004988
chair 0 0 -10 59.01 0.00 146.65 63.34 0.0004805
chair 0 0 -10 628.58 310.16 680.78 401.41 0.0004798
desk 0 0 -10 397.83 0.00 614.62 176.73 0.0004622
table 0 0 -10 0.00 0.69 53.69 106.47 0.0004568
chair 0 0 -10 571.15 308.05 681.00 524.18 0.0004523
