sofa 0 0 -10 71.43 44.44 670.19 527.14 0.7560989
table 0 0 -10 48.81 104.14 645.95 531.00 0.0690180
bed 0 0 -10 60.86 57.21 668.04 531.00 0.0519703
chair 0 0 -10 79.54 67.39 649.65 529.22 0.0447032
table 0 0 -10 543.77 58.19 680.59 331.09 0.0425990
table 0 0 -10 3.11 8.07 330.21 343.96 0.0424869
sofa 0 0 -10 1.67 14.72 420.54 420.54 0.0384817
desk 0 0 -10 44.98 86.32 655.04 531.00 0.0335785
table 0 0 -10 5.90 3.54 335.97 159.00 0.0234883
table 0 0 -10 601.56 151.14 680.00 405.98 0.0150815
dresser 0 0 -10 65.83 53.93 678.32 526.18 0.0150665
sofa 0 0 -10 357.36 114.53 667.75 528.15 0.0129169
chair 0 0 -10 93.35 2.32 336.36 180.92 0.0120329
table 0 0 -10 611.43 278.39 678.62 431.85 0.0116205
chair 0 0 -10 654.89 108.78 681.00 336.47 0.0106388
table 0 0 -10 570.77 242.59 674.45 531.00 0.0101651
chair 0 0 -10 650.96 206.39 680.47 319.29 0.0095058
chair 0 0 -10 549.56 47.88 679.60 330.75 0.0079401
table 0 0 -10 654.72 120.51 679.90 334.94 0.0078234
night_stand 0 0 -10 75.26 78.56 666.06 531.00 0.0077892
chair 0 0 -10 643.99 17.20 680.71 310.72 0.0077401
toilet 0 0 -10 75.36 65.69 629.03 529.96 0.0066010
chair 0 0 -10 577.04 193.40 679.76 500.97 0.0064761
table 0 0 -10 658.01 228.25 679.60 313.92 0.0061745
bathtub 0 0 -10 71.30 90.63 633.87 511.39 0.0057271
sofa 0 0 -10 570.25 190.46 676.74 531.00 0.0055430
chair 0 0 -10 597.86 160.46 681.00 402.27 0.0050043
chair 0 0 -10 92.12 229.25 419.74 527.62 0.0048761
chair 0 0 -10 150.74 357.52 432.29 528.94 0.0045720
table 0 0 -10 20.21 181.27 391.72 531.00 0.0045252
table 0 0 -10 641.22 53.18 677.05 344.93 0.0040328
bookshelf 0 0 -10 75.29 62.56 662.51 525.19 0.0039383
sofa 0 0 -10 469.43 120.25 672.32 435.14 0.0037700
bathtub 0 0 -10 541.57 21.31 680.71 340.81 0.0034594
table 0 0 -10 605.03 96.51 678.31 290.81 0.0034446
chair 0 0 -10 10.19 1.30 344.55 286.04 0.0033814
chair 0 0 -10 614.37 95.16 681.00 301.47 0.0032393
chair 0 0 -10 663.33 226.45 680.66 313.31 0.0032194
table 0 0 -10 32.89 7.54 314.70 76.38 0.0031676
table 0 0 -10 666.75 122.13 679.49 387.07 0.0029524
chair 0 0 -10 166.79 11.35 353.52 142.18 0.0028399
table 0 0 -10 619.00 230.62 678.92 519.17 0.0025827
chair 0 0 -10 4.88 4.84 206.06 176.18 0.0024208
sofa 0 0 -10 503.21 41.66 677.37 352.25 0.0023486
table 0 0 -10 651.42 172.80 679.66 449.89 0.0022781
chair 0 0 -10 333.96 104.88 665.18 524.64 0.0022681
sofa 0 0 -10 8.93 4.94 337.31 149.57 0.0022534
toilet 0 0 -10 556.78 60.97 680.44 363.90 0.0022100
sofa 0 0 -10 602.77 160.63 679.92 419.49 0.0020200
chair 0 0 -10 145.67 46.15 457.86 494.70 0.0017052
table 0 0 -10 576.68 25.46 677.45 253.09 0.0016519
sofa 0 0 -10 639.39 215.29 678.59 525.33 0.0015932
sofa 0 0 -10 5.16 32.54 228.43 411.08 0.0015635
chair 0 0 -10 666.77 151.73 680.09 345.35 0.0015585
sofa 0 0 -10 660.51 215.92 679.79 312.22 0.0015061
bathtub 0 0 -10 540.68 59.86 681.00 204.14 0.0014890
bed 0 0 -10 0.00 0.00 354.52 353.87 0.0014824
table 0 0 -10 453.15 61.59 670.66 375.39 0.0014763
table 0 0 -10 146.51 331.45 412.66 531.00 0.0014519
chair 0 0 -10 195.80 28.07 302.72 186.20 0.0014449
table 0 0 -10 335.25 111.61 664.07 514.15 0.0014293
sofa 0 0 -10 207.15 13.83 667.48 338.63 0.0013807
bed 0 0 -10 565.25 209.95 679.65 531.00 0.0012712
table 0 0 -10 0.37 106.97 80.71 332.93 0.0012501
chair 0 0 -10 471.75 164.07 679.97 522.50 0.0011518
desk 0 0 -10 0.00 0.00 335.05 358.37 0.0011320
bathtub 0 0 -10 102.59 164.61 387.58 529.72 0.0011130
table 0 0 -10 662.33 12.26 680.64 352.67 0.0010458
sofa 0 0 -10 605.70 21.30 677.10 368.24 0.0009988
table 0 0 -10 510.91 9.25 675.09 220.00 0.0009755
chair 0 0 -10 474.02 90.95 674.29 372.65 0.0009622
table 0 0 -10 642.17 180.08 678.38 332.79 0.0009340
chair 0 0 -10 197.97 19.13 437.43 115.31 0.0009313
chair 0 0 -10 194.14 1.77 459.21 175.78 0.0008966
table 0 0 -10 665.12 206.10 680.57 467.92 0.0008448
bookshelf 0 0 -10 547.19 1.51 676.35 340.19 0.0008260
table 0 0 -10 58.88 56.70 443.15 441.32 0.0007925
table 0 0 -10 0.67 31.06 192.56 280.22 0.0007726
table 0 0 -10 5.47 179.51 207.40 475.38 0.0007654
dresser 0 0 -10 544.17 20.17 679.94 334.73 0.0007457
table 0 0 -10 662.89 190.44 680.43 344.56 0.0007363
chair 0 0 -10 626.17 171.58 680.61 501.70 0.0007318
chair 0 0 -10 670.33 11.94 680.96 369.42 0.0007293
table 0 0 -10 276.02 1.81 655.08 218.82 0.0007165
chair 0 0 -10 95.13 2.00 321.43 83.26 0.0006944
table 0 0 -10 530.69 167.28 677.86 366.90 0.0006602
chair 0 0 -10 674.58 135.09 680.09 326.96 0.0006403
desk 0 0 -10 3.63 0.00 336.86 160.93 0.0006370
table 0 0 -10 445.15 211.89 668.01 531.00 0.0006339
chair 0 0 -10 4.25 38.08 177.44 290.19 0.0006217
table 0 0 -10 664.75 237.37 679.68 289.19 0.0006165
desk 0 0 -10 544.68 20.44 679.36 342.95 0.0005817
chair 0 0 -10 670.67 208.11 680.70 330.41 0.0005626
sofa 0 0 -10 645.56 23.13 679.48 318.84 0.0005488
chair 0 0 -10 589.02 20.11 678.38 254.82 0.0005023
table 0 0 -10 0.92 187.47 65.88 530.34 0.0004872
chair 0 0 -10 0.00 14.03 103.01 181.87 0.0004868
desk 0 0 -10 97.91 221.81 405.70 530.58 0.0004719
chair 0 0 -10 664.60 251.52 680.18 281.45 0.0004648
chair 0 0 -10 640.88 148.15 680.30 250.40 0.0004637
