chair 0 0 -10 430.50 58.38 673.56 523.83 0.9917836
chair 0 0 -10 40.83 295.25 307.36 526.75 0.5296034
table 0 0 -10 27.96 365.51 429.07 526.79 0.1227585
table 0 0 -10 0.00 356.64 252.54 531.00 0.0508821
chair 0 0 -10 356.81 279.64 676.39 521.48 0.0366229
chair 0 0 -10 69.62 190.68 598.81 521.92 0.0342038
chair 0 0 -10 555.68 52.95 680.89 516.08 0.0233956
desk 0 0 -10 22.50 361.84 436.36 531.00 0.0105577
table 0 0 -10 0.00 142.48 597.55 515.00 0.0087588
table 0 0 -10 3.14 266.20 340.66 518.12 0.0046076
chair 0 0 -10 28.16 349.32 598.07 526.12 0.0044354
chair 0 0 -10 623.37 299.61 680.52 522.74 0.0039814
table 0 0 -10 3.49 367.67 133.13 527.28 0.0035028
table 0 0 -10 126.52 411.50 643.32 526.14 0.0033156
sofa 0 0 -10 22.27 334.84 389.33 526.22 0.0032667
chair 0 0 -10 93.96 279.68 444.44 519.30 0.0031968
chair 0 0 -10 614.14 51.02 678.77 498.86 0.0031616
bed 0 0 -10 5.28 309.48 290.35 526.70 0.0023577
chair 0 0 -10 471.23 115.82 679.34 375.92 0.0022946
chair 0 0 -10 3.86 430.79 226.33 530.17 0.0022553
sofa 0 0 -10 10.30 156.65 641.94 517.51 0.0021894
chair 0 0 -10 267.15 396.29 666.32 524.18 0.0016623
sofa 0 0 -10 403.52 56.43 681.00 505.44 0.0013885
desk 0 0 -10 0.00 135.98 619.09 516.83 0.0013584
bed 0 0 -10 26.79 342.15 492.60 531.00 0.0013147
table 0 0 -10 424.58 118.82 677.01 484.73 0.0013046
chair 0 0 -10 2.54 361.81 134.59 531.00 0.0011962
desk 0 0 -10 425.85 106.86 679.79 489.11 0.0011645
table 0 0 -10 579.04 36.07 679.89 413.79 0.0011431
table 0 0 -10 325.29 346.56 661.04 528.82 0.0009509
chair 0 0 -10 264.79 264.96 494.62 506.43 0.0009172
table 0 0 -10 20.36 480.24 479.69 530.02 0.0009014
chair 0 0 -10 390.18 43.28 660.26 310.16 0.0008982
chair 0 0 -10 594.07 232.32 679.13 520.70 0.0008690
desk 0 0 -10 31.45 415.85 630.39 526.90 0.0008289
chair 0 0 -10 648.67 332.77 680.54 512.40 0.0007895
chair 0 0 -10 364.89 450.48 678.85 530.49 0.0007747
chair 0 0 -10 481.11 265.02 662.08 483.87 0.0007665
table 0 0 -10 486.34 56.93 677.01 320.42 0.0007580
chair 0 0 -10 643.90 67.60 679.89 410.11 0.0007298
chair 0 0 -10 3.71 250.91 208.03 490.36 0.0007032
bed 0 0 -10 1.02 366.79 138.52 531.00 0.0006968
desk 0 0 -10 0.43 314.98 277.93 527.59 0.0006938
table 0 0 -10 282.48 449.45 655.72 530.24 0.0006887
chair 0 0 -10 15.47 482.79 397.16 530.47 0.0006858
chair 0 0 -10 3.22 127.82 389.73 519.24 0.0006611
chair 0 0 -10 443.13 141.07 677.16 251.17 0.0006375
desk 0 0 -10 259.33 341.71 668.90 531.00 0.0006215
sofa 0 0 -10 290.98 303.35 677.39 527.41 0.0006038
bathtub 0 0 -10 12.11 354.01 427.04 524.71 0.0005774
bed 0 0 -10 10.72 136.90 624.13 522.06 0.0005229
sofa 0 0 -10 3.31 363.88 138.14 530.48 0.0004883
table 0 0 -10 383.01 24.37 671.01 361.26 0.0004814
chair 0 0 -10 150.15 49.50 663.83 483.79 0.0004806
night_stand 0 0 -10 32.14 352.41 383.42 529.16 0.0004736
table 0 0 -10 125.99 267.69 634.42 531.00 0.0004643
table 0 0 -10 189.72 25.83 645.27 496.11 0.0004574
dresser 0 0 -10 27.50 343.83 381.17 528.27 0.0004438
toilet 0 0 -10 17.95 342.13 374.52 529.14 0.0004379
table 0 0 -10 278.02 437.94 466.62 530.11 0.0004330
table 0 0 -10 1.49 368.47 56.54 529.35 0.0004276
table 0 0 -10 441.23 153.36 672.12 248.49 0.0004138
chair 0 0 -10 455.05 351.68 677.53 525.90 0.0004028
chair 0 0 -10 574.61 31.35 680.75 292.81 0.0003944
table 0 0 -10 66.49 422.35 366.52 531.00 0.0003900
sofa 0 0 -10 294.22 486.95 673.19 531.00 0.0003879
chair 0 0 -10 357.03 150.51 585.99 499.53 0.0003803
chair 0 0 -10 484.84 22.40 676.77 257.55 0.0003693
chair 0 0 -10 587.63 0.57 681.00 82.11 0.0003534
chair 0 0 -10 428.85 45.55 546.19 376.15 0.0003380
table 0 0 -10 45.83 1.43 657.09 215.30 0.0003136
table 0 0 -10 634.61 32.31 679.53 428.95 0.0002946
chair 0 0 -10 72.53 404.46 358.73 530.47 0.0002682
bathtub 0 0 -10 2.21 307.68 274.11 513.11 0.0002567
sofa 0 0 -10 559.87 56.70 678.33 516.43 0.0002514
table 0 0 -10 392.41 232.59 637.91 531.00 0.0002422
sofa 0 0 -10 7.65 280.20 231.44 523.69 0.0002416
bed 0 0 -10 0.72 362.96 71.05 525.20 0.0002414
table 0 0 -10 209.63 391.37 491.18 531.00 0.0002412
bookshelf 0 0 -10 30.07 331.81 380.80 523.49 0.0002397
table 0 0 -10 581.81 1.55 679.08 77.13 0.0002395
chair 0 0 -10 183.59 388.16 480.59 531.00 0.0002391
table 0 0 -10 343.94 0.19 671.18 109.41 0.0002382
sofa 0 0 -10 158.12 399.96 669.92 526.92 0.0002376
chair 0 0 -10 377.82 241.76 489.82 477.87 0.0002330
sofa 0 0 -10 607.97 56.41 678.11 388.20 0.0002284
chair 0 0 -10 565.96 130.29 679.62 350.88 0.0002236
sofa 0 0 -10 384.49 426.80 675.59 531.00 0.0002231
table 0 0 -10 515.81 2.53 678.18 93.57 0.0002227
sofa 0 0 -10 16.12 482.00 470.99 530.83 0.0002119
table 0 0 -10 112.41 0.00 657.56 73.98 0.0002067
table 0 0 -10 415.80 290.70 504.44 528.09 0.0001996
desk 0 0 -10 16.65 480.81 494.38 529.75 0.0001977
table 0 0 -10 618.73 54.40 678.76 283.31 0.0001925
desk 0 0 -10 440.04 152.84 678.34 247.71 0.0001744
bookshelf 0 0 -10 22.47 85.37 602.56 504.15 0.0001687
table 0 0 -10 0.00 80.10 245.95 506.97 0.0001682
table 0 0 -10 616.13 81.43 678.02 525.35 0.0001679
table 0 0 -10 1.00 197.73 138.39 512.07 0.0001677
chair 0 0 -10 416.23 219.02 545.65 497.03 0.0001668
