chair 0 0 -10 213.48 313.76 541.86 529.96 0.9575774
table 0 0 -10 468.40 297.16 679.94 526.41 0.7431657
table 0 0 -10 1.99 288.85 497.32 528.57 0.7268628
desk 0 0 -10 5.74 287.65 588.13 531.00 0.4317394
table 0 0 -10 319.07 284.71 654.35 531.00 0.1683004
desk 0 0 -10 473.35 290.49 676.74 531.00 0.0787355
chair 0 0 -10 352.70 288.39 642.83 531.00 0.0501010
desk 0 0 -10 304.56 271.45 664.20 531.00 0.0381506
chair 0 0 -10 35.11 318.14 464.30 531.00 0.0330911
table 0 0 -10 0.00 111.98 592.70 495.99 0.0258831
chair 0 0 -10 154.14 151.33 528.23 506.97 0.0244267
table 0 0 -10 184.61 209.26 581.28 517.18 0.0198278
sofa 0 0 -10 236.68 311.37 536.23 531.00 0.0194602
chair 0 0 -10 184.67 122.86 419.39 405.52 0.0152097
table 0 0 -10 0.00 318.50 282.53 529.91 0.0131567
desk 0 0 -10 229.61 269.24 528.12 523.49 0.0091621
chair 0 0 -10 159.62 285.29 354.35 524.82 0.0087660
chair 0 0 -10 16.47 284.81 283.25 527.45 0.0065709
table 0 0 -10 182.47 93.58 449.96 293.81 0.0063310
table 0 0 -10 257.31 315.71 516.36 525.68 0.0057212
chair 0 0 -10 91.69 400.03 550.27 525.51 0.0052549
chair 0 0 -10 44.59 134.41 398.20 510.10 0.0047734
chair 0 0 -10 517.97 279.04 679.12 519.50 0.0046353
sofa 0 0 -10 321.48 284.36 658.67 531.00 0.0044571
desk 0 0 -10 38.67 297.98 329.20 531.00 0.0044132
night_stand 0 0 -10 235.50 281.80 532.18 531.00 0.0041494
sofa 0 0 -10 41.37 290.02 595.32 531.00 0.0040825
table 0 0 -10 624.17 300.23 675.98 517.86 0.0038317
dresser 0 0 -10 240.35 280.47 522.62 525.47 0.0030650
bed 0 0 -10 7.42 281.28 560.81 531.00 0.0028229
night_stand 0 0 -10 443.15 301.89 681.00 531.00 0.0025599
table 0 0 -10 575.37 311.79 676.89 522.16 0.0022834
dresser 0 0 -10 330.62 280.31 655.65 531.00 0.0022333
table 0 0 -10 510.92 463.04 675.19 530.33 0.0021520
chair 0 0 -10 0.00 374.82 204.31 531.00 0.0020321
desk 0 0 -10 7.10 235.35 558.32 439.22 0.0020136
chair 0 0 -10 498.46 469.22 681.00 531.00 0.0020132
bookshelf 0 0 -10 9.07 274.18 567.93 531.00 0.0019410
table 0 0 -10 62.94 273.18 541.73 417.04 0.0019338
desk 0 0 -10 58.61 119.57 582.10 489.53 0.0019328
bed 0 0 -10 322.25 271.60 654.13 531.00 0.0019182
table 0 0 -10 0.73 416.13 249.02 531.00 0.0018568
chair 0 0 -10 218.87 93.99 466.23 283.45 0.0018525
table 0 0 -10 155.27 101.61 506.61 437.02 0.0017711
dresser 0 0 -10 6.40 287.66 566.34 531.00 0.0017672
chair 0 0 -10 21.56 430.03 349.48 531.00 0.0016412
toilet 0 0 -10 239.46 282.60 569.41 531.00 0.0014298
table 0 0 -10 0.08 330.48 126.16 526.73 0.0012850
bathtub 0 0 -10 4.36 284.37 551.02 523.72 0.0012724
table 0 0 -10 366.47 433.52 668.28 531.00 0.0012593
table 0 0 -10 189.52 293.38 572.36 392.88 0.0012273
chair 0 0 -10 496.44 400.41 678.07 531.00 0.0012143
table 0 0 -10 515.39 412.44 676.32 519.37 0.0011295
chair 0 0 -10 244.79 437.49 505.32 527.86 0.0011265
sofa 0 0 -10 501.15 476.43 681.00 530.58 0.0010793
table 0 0 -10 654.80 295.34 680.06 531.00 0.0010335
chair 0 0 -10 616.36 322.75 681.00 526.53 0.0009938
chair 0 0 -10 275.65 466.60 620.17 531.00 0.0009358
chair 0 0 -10 197.40 106.10 558.99 359.96 0.0009098
bookshelf 0 0 -10 346.95 292.74 641.15 521.08 0.0009066
bookshelf 0 0 -10 206.90 187.15 533.35 509.17 0.0008863
table 0 0 -10 0.00 277.37 175.63 495.01 0.0008373
table 0 0 -10 414.57 161.23 679.00 513.50 0.0008251
desk 0 0 -10 182.73 91.50 457.92 298.06 0.0007563
sofa 0 0 -10 19.14 107.49 571.96 508.84 0.0007421
bed 0 0 -10 477.82 273.38 681.00 531.00 0.0007168
sofa 0 0 -10 479.74 266.24 681.00 531.00 0.0007082
chair 0 0 -10 631.81 232.86 678.42 500.66 0.0006979
bookshelf 0 0 -10 32.70 56.93 549.75 507.11 0.0006855
table 0 0 -10 646.58 404.80 679.91 527.40 0.0006798
bathtub 0 0 -10 330.03 301.72 659.97 513.86 0.0006588
table 0 0 -10 506.69 229.53 679.49 465.15 0.0006521
chair 0 0 -10 437.29 209.09 670.25 511.58 0.0006484
desk 0 0 -10 106.97 175.95 521.39 380.55 0.0006439
bed 0 0 -10 247.43 309.76 525.94 531.00 0.0006258
table 0 0 -10 185.83 383.64 641.94 529.37 0.0006222
chair 0 0 -10 0.39 286.03 136.62 513.53 0.0006193
bed 0 0 -10 496.35 474.09 681.00 530.03 0.0005964
table 0 0 -10 425.75 316.95 599.92 529.97 0.0005675
sofa 0 0 -10 363.30 486.39 670.87 531.00 0.0005105
table 0 0 -10 668.37 334.36 680.43 531.00 0.0005040
chair 0 0 -10 613.26 103.41 680.73 486.59 0.0005033
bed 0 0 -10 184.15 158.76 574.46 524.68 0.0004934
table 0 0 -10 50.14 12.42 480.11 303.74 0.0004547
chair 0 0 -10 574.20 20.63 679.75 320.86 0.0004367
chair 0 0 -10 232.71 335.91 507.69 463.03 0.0004195
bed 0 0 -10 362.07 488.17 674.73 530.74 0.0004098
table 0 0 -10 4.10 480.62 243.42 531.00 0.0003947
desk 0 0 -10 4.23 13.73 680.31 402.33 0.0003925
table 0 0 -10 192.69 100.80 435.94 171.08 0.0003828
toilet 0 0 -10 429.75 293.21 671.95 531.00 0.0003725
chair 0 0 -10 209.61 386.45 509.64 496.64 0.0003695
table 0 0 -10 611.41 139.78 679.55 481.00 0.0003679
bathtub 0 0 -10 247.27 274.35 524.63 521.95 0.0003603
table 0 0 -10 0.56 293.42 71.92 508.29 0.0003537
chair 0 0 -10 655.82 264.80 681.00 531.00 0.0003380
chair 0 0 -10 239.64 5.18 444.30 249.22 0.0003353
chair 0 0 -10 550.39 143.15 679.54 303.11 0.0003184
chair 0 0 -10 494.64 235.02 677.34 358.59 0.0002942
table 0 0 -10 489.89 495.20 675.17 531.00 0.0002854
