bookshelf 0 0 -10 409.34 16.48 677.59 527.20 0.9609841
bookshelf 0 0 -10 303.28 41.96 448.03 421.36 0.8844314
bookshelf 0 0 -10 267.63 52.14 359.92 330.91 0.1888361
bookshelf 0 0 -10 281.92 32.89 570.08 444.70 0.1302397
bookshelf 0 0 -10 507.98 0.00 681.00 324.63 0.1230255
bookshelf 0 0 -10 287.01 80.32 336.10 336.04 0.1022591
bookshelf 0 0 -10 272.50 68.83 320.36 303.37 0.0937832
bookshelf 0 0 -10 325.47 53.21 377.85 408.60 0.0822944
bookshelf 0 0 -10 515.74 216.59 681.00 528.08 0.0753697
bookshelf 0 0 -10 361.85 75.04 443.03 412.60 0.0753196
bookshelf 0 0 -10 313.18 76.64 364.57 355.80 0.0298040
chair 0 0 -10 254.75 95.36 311.21 306.06 0.0256226
bookshelf 0 0 -10 372.44 12.01 675.18 290.76 0.0157820
bookshelf 0 0 -10 117.72 110.76 150.85 267.55 0.0129738
chair 0 0 -10 276.55 94.48 339.38 341.80 0.0129177
bookshelf 0 0 -10 245.71 34.29 505.41 319.02 0.0123410
bookshelf 0 0 -10 275.42 9.04 637.25 181.61 0.0119990
bookshelf 0 0 -10 410.29 35.74 549.69 508.79 0.0116974
bookshelf 0 0 -10 613.55 0.00 681.00 510.27 0.0086115
chair 0 0 -10 255.01 153.94 288.86 279.85 0.0082718
bookshelf 0 0 -10 369.08 73.23 385.12 383.93 0.0061338
chair 0 0 -10 286.95 65.17 456.97 424.77 0.0059520
chair 0 0 -10 274.48 139.01 300.42 305.64 0.0058688
dresser 0 0 -10 288.74 55.73 464.91 427.66 0.0056326
chair 0 0 -10 247.10 148.15 274.88 267.54 0.0052225
bookshelf 0 0 -10 243.66 110.47 314.23 280.51 0.0051747
bookshelf 0 0 -10 639.10 233.04 681.00 508.20 0.0046124
bookshelf 0 0 -10 326.44 182.78 657.77 507.52 0.0042556
bookshelf 0 0 -10 246.59 130.07 371.74 269.78 0.0042400
bookshelf 0 0 -10 320.51 114.64 341.62 325.33 0.0038606
bookshelf 0 0 -10 309.30 92.75 332.05 335.07 0.0038325
bookshelf 0 0 -10 335.25 99.34 361.53 370.69 0.0037649
bookshelf 0 0 -10 127.20 114.27 162.46 257.20 0.0036476
table 0 0 -10 249.62 144.60 300.69 298.99 0.0036040
bookshelf 0 0 -10 654.90 14.95 679.70 518.46 0.0035628
chair 0 0 -10 238.23 93.78 290.31 283.30 0.0034441
chair 0 0 -10 244.33 156.38 293.92 236.53 0.0034129
bookshelf 0 0 -10 397.49 75.86 445.95 379.59 0.0032859
bookshelf 0 0 -10 385.72 338.51 678.92 530.24 0.0032355
desk 0 0 -10 275.02 32.19 509.02 409.83 0.0032044
desk 0 0 -10 279.52 20.37 681.00 495.02 0.0031639
bookshelf 0 0 -10 360.87 81.66 378.24 379.99 0.0031455
table 0 0 -10 278.16 45.89 501.23 412.23 0.0030661
bed 0 0 -10 0.00 148.52 681.00 528.93 0.0028245
bed 0 0 -10 283.81 43.89 459.03 434.88 0.0026527
bookshelf 0 0 -10 300.46 96.98 418.56 316.77 0.0025944
dresser 0 0 -10 303.36 32.41 681.00 505.71 0.0025887
table 0 0 -10 264.54 90.11 322.54 315.73 0.0025262
dresser 0 0 -10 259.33 72.59 350.74 315.63 0.0025043
bookshelf 0 0 -10 425.06 154.61 443.68 352.12 0.0024885
chair 0 0 -10 276.89 89.66 397.35 352.22 0.0022148
chair 0 0 -10 242.72 63.07 370.74 310.96 0.0022135
bookshelf 0 0 -10 379.69 126.38 402.36 294.00 0.0021069
bookshelf 0 0 -10 268.31 102.15 293.48 303.71 0.0020542
bookshelf 0 0 -10 368.23 134.31 391.77 299.70 0.0020150
chair 0 0 -10 259.28 164.62 269.23 248.82 0.0017604
bookshelf 0 0 -10 245.20 151.73 293.31 236.51 0.0017254
chair 0 0 -10 281.44 154.23 319.96 312.24 0.0017200
bed 0 0 -10 12.78 416.36 566.72 528.44 0.0016928
bookshelf 0 0 -10 521.48 162.44 532.65 495.91 0.0016042
dresser 0 0 -10 108.60 113.17 156.78 272.89 0.0015941
table 0 0 -10 288.12 31.63 679.38 508.63 0.0015136
bookshelf 0 0 -10 528.87 55.52 580.21 499.02 0.0014639
bookshelf 0 0 -10 404.34 133.51 437.58 295.00 0.0014101
chair 0 0 -10 278.55 163.15 286.58 241.81 0.0013657
dresser 0 0 -10 260.41 85.91 308.37 298.49 0.0013519
bookshelf 0 0 -10 520.21 10.79 554.28 504.73 0.0013181
bed 0 0 -10 274.79 7.59 653.51 496.13 0.0012602
chair 0 0 -10 322.23 97.51 381.22 418.10 0.0011562
bed 0 0 -10 257.75 63.90 349.99 321.02 0.0011455
chair 0 0 -10 311.27 108.10 365.54 356.11 0.0011045
bookshelf 0 0 -10 148.53 48.67 655.76 512.49 0.0011023
bookshelf 0 0 -10 298.67 90.44 323.86 342.73 0.0010861
chair 0 0 -10 298.44 136.53 346.24 359.55 0.0010847
desk 0 0 -10 298.42 117.56 448.80 415.60 0.0010829
bookshelf 0 0 -10 184.93 55.24 343.65 266.82 0.0010444
bookshelf 0 0 -10 508.08 93.62 545.25 493.49 0.0009836
bookshelf 0 0 -10 287.91 90.13 314.37 323.03 0.0009819
chair 0 0 -10 250.94 183.94 290.24 208.76 0.0009599
chair 0 0 -10 345.20 1.43 509.79 107.38 0.0009454
toilet 0 0 -10 281.78 55.75 458.79 437.12 0.0009449
bookshelf 0 0 -10 373.21 156.91 397.03 356.86 0.0009286
bed 0 0 -10 251.72 111.72 299.48 307.31 0.0009192
table 0 0 -10 298.60 128.50 443.59 420.07 0.0009108
bookshelf 0 0 -10 527.85 9.42 617.60 263.55 0.0009105
chair 0 0 -10 267.23 169.90 276.27 241.71 0.0008960
desk 0 0 -10 275.27 75.86 337.76 330.90 0.0008894
table 0 0 -10 246.01 152.37 274.90 277.82 0.0008377
chair 0 0 -10 258.66 192.19 276.13 222.32 0.0008268
bookshelf 0 0 -10 585.19 239.47 680.84 504.32 0.0008195
table 0 0 -10 224.37 74.78 353.47 307.05 0.0008149
chair 0 0 -10 275.57 177.86 292.94 217.91 0.0008113
chair 0 0 -10 309.26 224.56 340.35 355.26 0.0008043
bookshelf 0 0 -10 328.73 106.39 352.30 359.34 0.0007993
table 0 0 -10 235.11 94.94 290.21 286.13 0.0007903
desk 0 0 -10 251.18 121.87 300.60 305.87 0.0007819
table 0 0 -10 245.96 55.38 419.46 327.38 0.0007759
chair 0 0 -10 258.11 162.96 307.11 253.85 0.0007610
bookshelf 0 0 -10 86.01 78.90 133.85 281.66 0.0007568
chair 0 0 -10 272.71 214.98 322.89 307.51 0.0007463
