chair 0 0 -10 297.22 59.28 556.32 313.60 0.6629260
sofa 0 0 -10 370.46 201.00 681.00 519.92 0.4572931
table 0 0 -10 288.09 42.94 353.80 109.87 0.3445115
chair 0 0 -10 366.72 200.95 679.70 531.00 0.0994056
chair 0 0 -10 372.68 12.88 527.69 160.54 0.0778059
bed 0 0 -10 358.92 198.28 681.00 531.00 0.0532765
sofa 0 0 -10 177.44 8.01 292.25 129.45 0.0507433
chair 0 0 -10 176.99 11.05 293.41 124.70 0.0484619
chair 0 0 -10 338.70 35.96 545.21 210.03 0.0446990
table 0 0 -10 0.50 27.84 60.45 121.38 0.0422619
sofa 0 0 -10 315.67 61.10 560.35 331.34 0.0419838
sofa 0 0 -10 326.05 5.92 391.99 57.86 0.0313709
chair 0 0 -10 301.58 67.85 610.53 501.85 0.0303475
chair 0 0 -10 322.32 3.78 394.29 59.66 0.0303170
chair 0 0 -10 0.32 19.09 38.74 126.09 0.0268340
chair 0 0 -10 173.04 0.00 240.22 63.30 0.0233841
desk 0 0 -10 0.40 28.47 60.33 123.82 0.0206552
chair 0 0 -10 364.10 25.79 412.07 106.52 0.0176385
table 0 0 -10 0.32 35.72 33.61 138.90 0.0171471
chair 0 0 -10 175.51 1.94 232.12 29.44 0.0171292
sofa 0 0 -10 314.44 92.51 594.20 497.11 0.0154343
chair 0 0 -10 369.41 0.00 479.55 106.07 0.0144836
chair 0 0 -10 0.43 7.83 20.66 135.41 0.0138294
chair 0 0 -10 0.76 71.99 33.03 129.83 0.0120662
desk 0 0 -10 288.30 37.56 352.13 108.52 0.0109058
table 0 0 -10 368.20 240.20 673.48 531.00 0.0106921
sofa 0 0 -10 344.24 13.04 469.49 106.28 0.0097459
night_stand 0 0 -10 288.49 40.37 353.24 110.78 0.0080939
chair 0 0 -10 2.98 10.82 55.48 100.32 0.0075569
sofa 0 0 -10 365.65 26.89 409.33 106.60 0.0063104
chair 0 0 -10 177.86 1.93 275.59 83.24 0.0060745
desk 0 0 -10 0.53 36.53 32.88 140.60 0.0058791
chair 0 0 -10 2.08 58.08 46.45 115.76 0.0057894
chair 0 0 -10 324.68 7.68 404.05 97.16 0.0051017
chair 0 0 -10 5.23 7.37 12.50 125.96 0.0048437
sofa 0 0 -10 220.98 7.96 451.60 124.95 0.0041399
chair 0 0 -10 297.50 30.05 386.99 110.13 0.0040440
chair 0 0 -10 12.14 5.11 71.43 77.64 0.0039259
table 0 0 -10 1.50 5.34 113.02 120.39 0.0038623
chair 0 0 -10 319.19 14.38 472.51 128.30 0.0037350
table 0 0 -10 1.57 62.69 49.92 126.79 0.0034573
chair 0 0 -10 286.72 35.54 350.84 107.62 0.0034073
sofa 0 0 -10 335.77 3.45 437.22 71.07 0.0031562
table 0 0 -10 203.43 26.92 333.68 126.92 0.0030004
table 0 0 -10 339.87 158.11 561.85 452.11 0.0029304
chair 0 0 -10 4.19 43.92 24.92 133.61 0.0029093
chair 0 0 -10 267.72 14.95 320.93 90.01 0.0028627
sofa 0 0 -10 370.02 5.48 508.05 151.28 0.0027195
chair 0 0 -10 2.94 6.10 9.23 133.71 0.0026820
bed 0 0 -10 10.64 240.05 464.93 531.00 0.0026436
sofa 0 0 -10 323.94 9.01 402.45 95.07 0.0026144
table 0 0 -10 1.74 27.68 17.30 142.76 0.0024411
chair 0 0 -10 0.41 0.00 5.85 145.28 0.0023113
table 0 0 -10 310.21 71.07 541.78 287.76 0.0022385
chair 0 0 -10 14.09 59.90 36.18 125.10 0.0021857
chair 0 0 -10 0.00 10.99 31.23 86.95 0.0021737
desk 0 0 -10 1.91 9.38 86.96 82.70 0.0020874
table 0 0 -10 259.31 89.88 646.81 525.39 0.0020502
table 0 0 -10 527.49 1.94 670.73 67.64 0.0020439
dresser 0 0 -10 288.91 36.94 351.40 107.79 0.0019868
sofa 0 0 -10 84.22 148.72 552.27 531.00 0.0018102
sofa 0 0 -10 286.74 42.71 351.50 113.10 0.0017963
chair 0 0 -10 69.80 3.31 89.25 63.44 0.0017642
table 0 0 -10 0.00 33.78 48.77 195.45 0.0017530
chair 0 0 -10 383.84 23.35 398.04 99.79 0.0017499
table 0 0 -10 1.29 11.48 82.43 89.93 0.0017144
dresser 0 0 -10 360.80 219.87 679.63 531.00 0.0016149
sofa 0 0 -10 0.60 34.70 43.79 140.89 0.0015752
chair 0 0 -10 349.83 4.59 411.20 79.58 0.0015692
table 0 0 -10 1.59 68.46 35.10 112.89 0.0015253
chair 0 0 -10 7.57 36.88 32.30 113.11 0.0015012
sofa 0 0 -10 322.67 42.82 541.82 204.03 0.0014158
table 0 0 -10 37.56 168.38 489.74 529.75 0.0013806
chair 0 0 -10 0.00 14.75 63.17 156.01 0.0013771
chair 0 0 -10 0.95 65.69 22.40 113.36 0.0013561
table 0 0 -10 179.11 6.53 291.27 124.74 0.0012857
chair 0 0 -10 381.04 0.00 464.66 69.29 0.0012845
sofa 0 0 -10 384.07 24.05 397.12 101.78 0.0012480
chair 0 0 -10 568.75 0.00 681.00 68.18 0.0012219
bed 0 0 -10 0.10 28.45 44.42 140.11 0.0012127
bookshelf 0 0 -10 288.72 35.87 351.60 108.85 0.0011415
bed 0 0 -10 643.16 238.00 680.23 531.00 0.0011362
chair 0 0 -10 24.35 41.85 48.84 106.80 0.0010597
table 0 0 -10 367.40 18.35 531.83 157.55 0.0010428
chair 0 0 -10 389.28 17.23 400.41 103.65 0.0010279
desk 0 0 -10 0.54 10.62 99.91 136.12 0.0009688
chair 0 0 -10 548.82 1.21 609.93 54.86 0.0009648
chair 0 0 -10 65.21 3.68 109.36 59.75 0.0009618
table 0 0 -10 2.30 47.84 84.09 136.94 0.0009456
desk 0 0 -10 1.66 71.36 52.31 131.51 0.0009407
desk 0 0 -10 2.42 38.80 21.08 127.84 0.0009306
sofa 0 0 -10 530.65 3.72 671.57 68.07 0.0009201
desk 0 0 -10 364.64 225.95 681.00 531.00 0.0009177
table 0 0 -10 0.79 23.31 55.85 75.63 0.0009026
bookshelf 0 0 -10 0.00 23.66 60.10 123.07 0.0008849
chair 0 0 -10 0.25 87.74 17.52 114.49 0.0008805
chair 0 0 -10 81.24 4.62 129.15 58.97 0.0008662
table 0 0 -10 268.96 17.33 324.20 90.17 0.0008616
table 0 0 -10 381.75 3.38 475.24 58.63 0.0008594
chair 0 0 -10 30.29 34.89 58.22 98.90 0.0008399
