table 0 0 -10 323.74 146.52 602.35 343.33 0.9910673
bookshelf 0 0 -10 5.54 0.00 188.67 222.43 0.9301724
chair 0 0 -10 220.10 34.93 365.16 264.40 0.8855912
chair 0 0 -10 469.33 237.49 680.75 525.54 0.7616489
chair 0 0 -10 10.45 136.80 343.25 526.70 0.6482943
table 0 0 -10 348.35 162.16 664.76 505.51 0.5973085
bookshelf 0 0 -10 0.31 0.00 209.48 399.57 0.5159883
sofa 0 0 -10 576.19 42.48 678.24 239.54 0.5005460
table 0 0 -10 239.93 94.21 386.90 323.20 0.4815769
bed 0 0 -10 568.53 39.93 679.11 247.42 0.2224861
chair 0 0 -10 568.53 39.03 676.27 246.69 0.0988644
bed 0 0 -10 0.00 83.36 346.96 526.51 0.0988040
table 0 0 -10 265.76 129.44 464.83 300.12 0.0792068
bookshelf 0 0 -10 2.03 0.91 124.77 323.07 0.0677369
table 0 0 -10 248.47 121.79 378.19 214.31 0.0478856
chair 0 0 -10 140.24 50.50 369.52 428.60 0.0457756
table 0 0 -10 25.44 226.88 396.00 522.57 0.0391469
sofa 0 0 -10 462.91 229.46 681.00 527.69 0.0376866
bookshelf 0 0 -10 16.68 0.00 312.37 284.58 0.0340520
sofa 0 0 -10 7.33 82.27 344.24 498.52 0.0294208
chair 0 0 -10 119.75 57.71 336.24 289.77 0.0254500
table 0 0 -10 472.95 236.04 679.71 531.00 0.0242368
bed 0 0 -10 619.70 45.69 677.98 258.80 0.0198644
bookshelf 0 0 -10 5.06 44.53 85.69 278.93 0.0192491
table 0 0 -10 332.78 136.77 590.69 253.82 0.0183873
bed 0 0 -10 449.83 228.55 681.00 531.00 0.0169252
chair 0 0 -10 619.56 331.49 681.00 531.00 0.0135348
chair 0 0 -10 239.29 115.55 392.04 323.21 0.0126397
chair 0 0 -10 625.84 425.77 681.00 531.00 0.0110142
bed 0 0 -10 570.61 232.44 681.00 476.51 0.0107040
bookshelf 0 0 -10 8.61 24.78 337.73 500.32 0.0105118
dresser 0 0 -10 3.44 8.29 217.03 405.91 0.0098931
chair 0 0 -10 1.55 16.67 224.51 423.34 0.0093947
desk 0 0 -10 317.29 145.37 604.11 343.08 0.0089784
bed 0 0 -10 0.00 0.00 220.71 419.71 0.0075861
table 0 0 -10 11.98 33.76 290.59 382.99 0.0074702
table 0 0 -10 137.25 122.48 397.99 363.07 0.0072018
table 0 0 -10 575.98 122.99 679.87 222.94 0.0060594
desk 0 0 -10 342.45 148.64 672.07 513.09 0.0059877
bed 0 0 -10 554.53 65.16 681.00 370.58 0.0056641
chair 0 0 -10 570.06 216.72 678.21 511.62 0.0054127
chair 0 0 -10 239.84 79.59 382.94 217.54 0.0052301
table 0 0 -10 561.11 52.50 675.84 245.26 0.0047028
table 0 0 -10 629.19 429.05 679.07 531.00 0.0045736
table 0 0 -10 7.19 8.42 214.97 260.53 0.0044124
table 0 0 -10 127.71 146.23 583.39 515.61 0.0041820
chair 0 0 -10 307.52 72.00 363.49 201.12 0.0040085
chair 0 0 -10 325.11 139.81 563.97 330.42 0.0037758
chair 0 0 -10 413.37 201.85 642.11 471.98 0.0036441
desk 0 0 -10 0.00 9.17 221.94 257.17 0.0035323
desk 0 0 -10 225.87 95.79 381.93 302.52 0.0034218
dresser 0 0 -10 16.19 35.19 317.97 503.63 0.0033888
table 0 0 -10 624.07 269.09 680.57 525.61 0.0033636
bed 0 0 -10 0.00 137.06 129.79 406.71 0.0031599
chair 0 0 -10 407.62 132.57 616.33 358.20 0.0031366
bookshelf 0 0 -10 0.00 7.53 75.74 448.78 0.0031004
table 0 0 -10 571.84 197.44 681.00 474.31 0.0030607
desk 0 0 -10 3.29 31.41 300.50 386.28 0.0029980
bed 0 0 -10 280.34 171.81 674.09 528.39 0.0029549
bed 0 0 -10 574.01 118.18 680.97 217.71 0.0028263
sofa 0 0 -10 7.76 24.04 218.86 380.82 0.0026242
chair 0 0 -10 3.57 330.68 145.57 531.00 0.0024636
desk 0 0 -10 453.08 257.89 681.00 531.00 0.0020928
sofa 0 0 -10 578.61 84.99 653.56 203.37 0.0019461
table 0 0 -10 544.39 120.39 677.43 348.66 0.0018821
sofa 0 0 -10 396.92 164.02 630.78 434.83 0.0018176
table 0 0 -10 458.33 147.43 594.92 258.54 0.0017868
dresser 0 0 -10 570.77 39.05 678.86 241.08 0.0016671
chair 0 0 -10 520.77 78.38 681.00 434.82 0.0016659
bookshelf 0 0 -10 573.69 20.46 678.76 229.76 0.0016176
table 0 0 -10 205.93 60.43 365.59 268.62 0.0016001
bookshelf 0 0 -10 0.00 19.33 47.59 334.77 0.0015990
bed 0 0 -10 623.85 227.47 680.22 487.95 0.0015830
sofa 0 0 -10 289.94 185.01 681.00 528.12 0.0015479
bed 0 0 -10 2.76 289.41 312.82 526.05 0.0015299
sofa 0 0 -10 574.82 226.93 678.76 467.68 0.0014839
table 0 0 -10 269.01 158.22 377.71 272.76 0.0014780
chair 0 0 -10 311.68 69.75 390.69 252.31 0.0014089
sofa 0 0 -10 4.31 133.89 137.47 328.02 0.0014039
sofa 0 0 -10 562.68 67.32 681.00 362.47 0.0013881
chair 0 0 -10 622.83 224.97 679.46 485.97 0.0013675
dresser 0 0 -10 4.15 56.69 129.38 364.51 0.0013225
chair 0 0 -10 528.06 325.61 676.05 531.00 0.0013178
table 0 0 -10 567.97 86.77 620.84 170.00 0.0012836
bed 0 0 -10 337.46 139.33 587.46 340.33 0.0012593
desk 0 0 -10 4.21 116.09 350.52 526.03 0.0012283
table 0 0 -10 448.04 154.97 644.96 417.56 0.0011998
chair 0 0 -10 252.40 119.97 369.38 182.91 0.0011443
dresser 0 0 -10 0.90 39.41 189.33 261.34 0.0010423
chair 0 0 -10 7.37 368.85 279.08 526.80 0.0009701
bed 0 0 -10 386.95 151.76 621.36 441.24 0.0009701
table 0 0 -10 491.55 108.12 651.36 271.85 0.0008323
sofa 0 0 -10 570.05 87.33 625.39 169.92 0.0007101
chair 0 0 -10 558.04 75.34 628.95 246.48 0.0007000
bed 0 0 -10 0.00 27.21 80.54 470.61 0.0006872
sofa 0 0 -10 460.71 54.55 675.70 237.91 0.0006847
sofa 0 0 -10 217.39 26.39 361.94 207.50 0.0006605
table 0 0 -10 326.92 154.25 477.88 331.18 0.0006475
chair 0 0 -10 0.00 97.48 159.92 379.34 0.0006395
chair 0 0 -10 484.30 57.55 681.00 259.07 0.0006350
