sofa 0 0 -10 414.15 5.63 679.20 271.59 0.9353285
table 0 0 -10 1.19 131.12 514.64 527.28 0.9214780
sofa 0 0 -10 25.36 6.18 320.51 225.79 0.3425712
desk 0 0 -10 1.55 124.43 510.09 531.00 0.1083763
sofa 0 0 -10 0.48 67.50 519.59 531.00 0.1034579
sofa 0 0 -10 2.03 10.29 69.20 345.93 0.1025813
table 0 0 -10 0.74 62.30 78.15 333.16 0.0984532
chair 0 0 -10 23.01 12.70 335.08 235.10 0.0580826
bed 0 0 -10 6.51 118.53 500.26 528.05 0.0416112
chair 0 0 -10 0.00 49.76 473.52 485.39 0.0301834
table 0 0 -10 1.28 158.88 190.12 418.74 0.0281812
sofa 0 0 -10 0.00 16.10 162.74 317.96 0.0244499
table 0 0 -10 42.33 28.49 494.30 257.73 0.0226277
table 0 0 -10 292.41 150.69 646.69 530.79 0.0225707
chair 0 0 -10 73.89 204.93 502.76 525.39 0.0191813
sofa 0 0 -10 7.59 27.25 269.30 471.25 0.0164396
table 0 0 -10 135.32 68.71 539.20 423.75 0.0136776
table 0 0 -10 413.07 45.96 668.78 294.49 0.0116516
table 0 0 -10 63.17 34.89 328.23 229.55 0.0101820
table 0 0 -10 1.19 123.10 46.73 323.65 0.0090609
sofa 0 0 -10 6.11 4.05 294.06 127.83 0.0088038
chair 0 0 -10 1.77 0.00 74.10 326.24 0.0078684
table 0 0 -10 250.39 117.33 543.14 353.11 0.0077687
table 0 0 -10 191.05 0.00 501.66 142.93 0.0073682
chair 0 0 -10 423.15 13.62 681.00 279.79 0.0062664
chair 0 0 -10 26.79 97.58 351.07 377.55 0.0059909
sofa 0 0 -10 331.08 83.09 674.71 515.04 0.0054150
chair 0 0 -10 8.52 20.93 263.31 460.34 0.0054096
table 0 0 -10 316.68 2.29 507.11 101.25 0.0054015
table 0 0 -10 650.77 184.95 678.87 262.40 0.0052785
table 0 0 -10 7.28 98.03 263.84 503.57 0.0051523
sofa 0 0 -10 1.68 51.17 45.86 265.49 0.0049096
sofa 0 0 -10 640.46 41.27 675.77 302.48 0.0046293
sofa 0 0 -10 149.47 0.00 628.30 248.65 0.0042346
table 0 0 -10 19.93 104.24 389.77 380.06 0.0038010
table 0 0 -10 635.55 75.47 678.53 307.19 0.0036801
dresser 0 0 -10 11.60 125.93 500.23 530.29 0.0031968
table 0 0 -10 1.01 129.87 75.77 257.75 0.0031518
table 0 0 -10 244.99 198.80 516.76 529.02 0.0029408
bathtub 0 0 -10 13.72 142.04 490.34 514.97 0.0029248
chair 0 0 -10 4.91 198.70 312.36 531.00 0.0027993
chair 0 0 -10 11.87 0.00 350.72 135.44 0.0027393
table 0 0 -10 47.16 1.85 369.26 150.22 0.0026617
table 0 0 -10 239.63 35.15 643.43 325.47 0.0023591
table 0 0 -10 640.84 163.57 677.67 293.30 0.0022956
toilet 0 0 -10 13.49 119.41 474.04 525.35 0.0021124
bed 0 0 -10 415.21 9.98 681.00 271.78 0.0021024
night_stand 0 0 -10 13.23 138.00 507.01 531.00 0.0019496
sofa 0 0 -10 1.77 27.47 427.08 315.85 0.0019233
sofa 0 0 -10 10.68 0.00 34.97 351.22 0.0018466
chair 0 0 -10 281.88 206.75 668.37 531.00 0.0017799
table 0 0 -10 0.00 104.34 103.82 226.88 0.0016354
chair 0 0 -10 638.85 42.39 677.28 296.12 0.0016045
table 0 0 -10 321.15 332.64 661.76 531.00 0.0015516
bookshelf 0 0 -10 18.72 124.32 499.32 524.19 0.0015310
table 0 0 -10 360.17 130.53 551.93 430.30 0.0015208
sofa 0 0 -10 325.65 0.26 565.80 210.16 0.0013370
sofa 0 0 -10 590.96 16.61 675.91 287.30 0.0013360
table 0 0 -10 5.30 90.40 73.32 526.84 0.0012981
desk 0 0 -10 0.00 51.76 78.03 340.44 0.0012665
sofa 0 0 -10 507.70 3.83 681.00 55.32 0.0012442
desk 0 0 -10 323.55 226.69 602.61 531.00 0.0012298
sofa 0 0 -10 557.39 34.40 676.37 409.62 0.0012039
table 0 0 -10 0.00 96.32 20.83 319.12 0.0012010
table 0 0 -10 630.17 92.92 679.53 492.20 0.0011435
chair 0 0 -10 2.28 142.93 181.56 492.50 0.0011395
bed 0 0 -10 316.02 295.24 681.00 531.00 0.0010874
table 0 0 -10 666.77 165.28 679.21 284.03 0.0010873
sofa 0 0 -10 384.71 1.75 672.64 135.11 0.0010473
chair 0 0 -10 3.05 9.65 133.79 360.76 0.0009296
desk 0 0 -10 0.00 150.32 186.06 424.01 0.0009016
table 0 0 -10 7.67 32.96 37.73 334.15 0.0008963
chair 0 0 -10 315.24 0.29 492.34 130.28 0.0008163
table 0 0 -10 191.00 1.99 394.62 102.75 0.0007895
table 0 0 -10 93.09 54.57 310.86 168.49 0.0007528
table 0 0 -10 26.53 8.50 212.81 134.56 0.0007385
table 0 0 -10 637.70 227.18 678.04 298.50 0.0007331
table 0 0 -10 61.18 36.20 289.46 126.36 0.0007213
sofa 0 0 -10 77.85 4.25 496.56 185.71 0.0007163
table 0 0 -10 43.99 368.98 439.13 531.00 0.0006983
chair 0 0 -10 293.00 10.08 489.76 289.87 0.0006850
sofa 0 0 -10 128.39 214.17 637.94 531.00 0.0006834
table 0 0 -10 2.49 178.37 121.12 344.83 0.0006794
table 0 0 -10 0.00 38.19 149.47 327.18 0.0006721
table 0 0 -10 655.22 39.96 679.89 339.57 0.0006699
table 0 0 -10 153.20 90.86 471.45 272.18 0.0006675
table 0 0 -10 1.90 158.19 49.79 255.74 0.0006666
sofa 0 0 -10 2.61 35.33 21.88 329.35 0.0006078
sofa 0 0 -10 631.32 75.45 679.94 498.43 0.0006008
bed 0 0 -10 121.48 212.45 634.78 531.00 0.0005684
table 0 0 -10 610.78 175.02 675.31 269.75 0.0005455
table 0 0 -10 656.33 182.23 679.86 353.22 0.0005260
chair 0 0 -10 84.66 312.06 393.70 528.28 0.0005229
table 0 0 -10 418.83 6.88 666.46 185.55 0.0005067
chair 0 0 -10 645.18 157.48 681.00 294.64 0.0005026
table 0 0 -10 310.30 2.34 542.50 200.93 0.0005022
table 0 0 -10 11.55 48.36 287.64 304.83 0.0005005
table 0 0 -10 656.69 115.21 679.90 271.73 0.0004792
bed 0 0 -10 0.00 8.84 78.78 357.81 0.0004698
table 0 0 -10 3.26 137.04 29.02 352.51 0.0004575
