chair 0 0 -10 336.36 67.44 644.41 502.65 0.9968990
chair 0 0 -10 37.58 12.43 248.40 310.43 0.9784498
table 0 0 -10 0.00 14.24 198.74 296.68 0.7636852
chair 0 0 -10 514.03 144.77 668.48 519.87 0.2718130
table 0 0 -10 597.83 188.73 680.76 531.00 0.2396001
desk 0 0 -10 0.00 16.09 209.74 306.13 0.1877933
chair 0 0 -10 75.39 6.07 207.79 200.34 0.1039170
chair 0 0 -10 592.37 159.82 678.39 496.08 0.0922887
chair 0 0 -10 28.87 9.62 149.93 238.29 0.0633181
chair 0 0 -10 43.71 0.00 163.43 107.73 0.0483759
table 0 0 -10 423.01 127.84 664.07 531.00 0.0365756
chair 0 0 -10 127.50 1.42 247.12 265.23 0.0347851
desk 0 0 -10 601.98 179.60 680.76 531.00 0.0324665
chair 0 0 -10 0.08 135.98 46.34 341.15 0.0208079
chair 0 0 -10 5.21 21.15 298.05 473.45 0.0191594
table 0 0 -10 0.00 118.00 47.57 336.92 0.0173014
table 0 0 -10 386.92 256.34 618.21 525.81 0.0142461
table 0 0 -10 77.21 179.23 606.70 530.96 0.0140180
chair 0 0 -10 0.00 34.93 79.73 335.60 0.0135201
chair 0 0 -10 527.46 40.93 678.90 379.57 0.0131669
table 0 0 -10 0.00 4.93 456.56 332.08 0.0122733
table 0 0 -10 0.00 36.13 70.37 353.31 0.0122336
table 0 0 -10 0.00 3.49 236.59 157.31 0.0116255
table 0 0 -10 0.00 96.60 428.07 518.77 0.0095353
chair 0 0 -10 431.99 22.81 635.99 337.12 0.0091634
table 0 0 -10 8.49 74.03 33.19 342.30 0.0065072
chair 0 0 -10 7.10 40.07 171.20 323.74 0.0063526
chair 0 0 -10 335.29 44.75 513.64 426.82 0.0061158
table 0 0 -10 271.05 72.58 652.55 506.86 0.0056933
desk 0 0 -10 0.00 11.39 105.50 338.80 0.0051756
desk 0 0 -10 0.07 117.97 45.42 338.18 0.0051079
chair 0 0 -10 199.89 60.66 534.50 529.33 0.0046904
table 0 0 -10 4.15 5.88 158.28 122.95 0.0046230
chair 0 0 -10 601.28 17.55 679.67 401.06 0.0046093
desk 0 0 -10 49.29 25.01 227.14 204.52 0.0045086
chair 0 0 -10 83.19 0.00 175.12 81.25 0.0042215
table 0 0 -10 0.08 128.35 20.56 355.86 0.0040448
chair 0 0 -10 330.36 11.56 533.29 268.75 0.0037737
desk 0 0 -10 1.58 49.57 149.60 248.35 0.0036697
chair 0 0 -10 0.57 85.82 59.83 523.60 0.0036056
chair 0 0 -10 0.00 40.38 46.59 282.72 0.0035716
desk 0 0 -10 419.66 116.73 666.97 531.00 0.0035191
sofa 0 0 -10 3.10 3.20 260.58 310.93 0.0027743
table 0 0 -10 4.84 115.47 113.31 334.55 0.0027243
chair 0 0 -10 620.59 12.49 678.63 277.17 0.0025261
table 0 0 -10 79.54 4.10 272.24 224.47 0.0021520
bookshelf 0 0 -10 7.14 0.00 255.78 321.18 0.0020706
table 0 0 -10 3.93 184.96 134.22 524.44 0.0019490
table 0 0 -10 475.30 225.80 679.14 476.99 0.0019429
bathtub 0 0 -10 612.38 97.50 680.82 191.53 0.0019403
chair 0 0 -10 8.64 80.51 33.48 333.00 0.0019209
chair 0 0 -10 114.31 0.00 313.43 194.33 0.0017465
chair 0 0 -10 17.55 0.00 222.75 127.87 0.0017039
chair 0 0 -10 315.66 33.11 457.17 343.41 0.0016962
chair 0 0 -10 633.75 155.60 680.12 509.17 0.0015847
desk 0 0 -10 8.67 69.97 32.33 340.71 0.0015816
chair 0 0 -10 342.90 119.15 588.03 250.72 0.0015600
chair 0 0 -10 390.28 258.29 611.84 519.56 0.0015597
night_stand 0 0 -10 2.66 1.92 262.71 318.48 0.0015460
desk 0 0 -10 0.00 0.00 466.47 348.75 0.0015098
dresser 0 0 -10 6.62 8.01 258.29 320.43 0.0014670
bed 0 0 -10 1.97 0.00 259.12 315.70 0.0013506
chair 0 0 -10 635.55 50.13 680.21 212.74 0.0013219
table 0 0 -10 20.14 65.30 241.69 178.60 0.0012526
chair 0 0 -10 566.10 144.54 673.93 371.35 0.0012521
table 0 0 -10 0.00 23.58 122.68 250.27 0.0012326
desk 0 0 -10 2.39 4.48 163.04 179.87 0.0012324
toilet 0 0 -10 25.17 5.04 270.50 348.08 0.0011859
chair 0 0 -10 30.68 141.96 455.01 531.00 0.0010831
table 0 0 -10 47.18 3.62 632.52 230.95 0.0009442
bookshelf 0 0 -10 638.54 47.61 679.05 211.91 0.0008946
chair 0 0 -10 0.66 277.16 188.69 531.00 0.0008933
table 0 0 -10 616.83 78.58 679.61 224.80 0.0008298
bathtub 0 0 -10 638.72 61.81 679.36 211.58 0.0008153
table 0 0 -10 490.70 85.10 672.08 354.30 0.0007951
chair 0 0 -10 586.06 306.41 678.63 531.00 0.0007563
toilet 0 0 -10 622.14 87.55 679.23 187.46 0.0007473
desk 0 0 -10 68.40 173.47 627.00 531.00 0.0007454
table 0 0 -10 6.51 104.42 13.68 326.01 0.0007372
desk 0 0 -10 3.58 88.05 22.86 349.23 0.0007352
table 0 0 -10 533.40 281.90 676.15 531.00 0.0006915
table 0 0 -10 3.03 128.16 10.49 317.15 0.0006446
table 0 0 -10 581.02 286.03 679.59 467.73 0.0006234
desk 0 0 -10 0.56 3.73 64.69 501.41 0.0006221
sofa 0 0 -10 320.75 59.57 652.78 504.74 0.0005942
chair 0 0 -10 215.32 0.00 493.11 283.27 0.0005727
bathtub 0 0 -10 622.04 112.03 680.16 165.00 0.0005345
chair 0 0 -10 319.27 112.69 527.71 214.95 0.0005320
table 0 0 -10 37.53 78.45 306.99 403.42 0.0005179
table 0 0 -10 635.16 106.19 679.36 199.68 0.0005138
chair 0 0 -10 3.35 105.79 25.49 355.08 0.0005083
chair 0 0 -10 183.49 4.86 264.39 240.06 0.0005079
bed 0 0 -10 636.17 58.70 679.08 215.23 0.0004989
desk 0 0 -10 294.49 78.17 624.21 397.22 0.0004973
chair 0 0 -10 160.37 0.51 306.03 93.75 0.0004900
dresser 0 0 -10 622.86 85.23 680.14 188.66 0.0004892
desk 0 0 -10 84.61 31.25 243.41 297.02 0.0004443
chair 0 0 -10 54.14 86.56 318.82 361.24 0.0004279
chair 0 0 -10 122.04 46.99 429.27 391.96 0.0004132
chair 0 0 -10 607.61 80.60 679.80 188.77 0.0003984
