sofa 0 0 -10 112.88 68.32 681.00 529.24 0.8478173
sofa 0 0 -10 477.81 8.57 673.27 200.49 0.4940794
sofa 0 0 -10 127.50 12.73 681.00 239.58 0.3329338
chair 0 0 -10 122.59 61.91 674.89 520.86 0.0829971
chair 0 0 -10 246.19 15.11 593.40 302.29 0.0767044
chair 0 0 -10 469.04 7.05 673.87 215.40 0.0348617
sofa 0 0 -10 219.21 10.89 552.73 354.60 0.0221665
chair 0 0 -10 169.21 24.29 473.17 332.21 0.0219630
chair 0 0 -10 0.00 15.74 66.11 166.05 0.0205718
table 0 0 -10 641.75 98.37 679.39 513.90 0.0204402
chair 0 0 -10 519.60 96.40 680.43 444.88 0.0183210
chair 0 0 -10 640.17 60.43 680.57 497.75 0.0180593
sofa 0 0 -10 339.69 27.38 596.13 242.19 0.0177474
sofa 0 0 -10 438.39 50.21 636.95 223.88 0.0172868
sofa 0 0 -10 637.28 27.45 678.94 398.01 0.0149018
bed 0 0 -10 492.86 9.35 676.77 219.14 0.0148774
chair 0 0 -10 375.52 42.53 612.98 244.27 0.0147784
chair 0 0 -10 615.76 15.19 680.17 356.97 0.0138129
table 0 0 -10 5.45 2.45 253.80 172.90 0.0118840
sofa 0 0 -10 458.56 10.92 652.59 115.55 0.0113800
chair 0 0 -10 332.23 119.56 674.53 440.90 0.0096398
table 0 0 -10 133.97 41.19 666.43 517.24 0.0095218
chair 0 0 -10 455.39 44.12 674.12 362.34 0.0091878
sofa 0 0 -10 558.77 20.01 676.48 248.42 0.0091614
table 0 0 -10 46.63 154.71 455.27 531.00 0.0088206
chair 0 0 -10 0.39 58.76 46.97 187.44 0.0086800
bed 0 0 -10 131.16 27.53 681.00 526.53 0.0085608
chair 0 0 -10 551.14 16.82 679.16 256.07 0.0083890
sofa 0 0 -10 377.04 40.51 680.55 427.44 0.0075073
sofa 0 0 -10 548.35 42.65 674.56 459.36 0.0071506
sofa 0 0 -10 2.87 7.19 332.01 208.91 0.0064460
sofa 0 0 -10 106.27 35.62 435.50 274.07 0.0064157
sofa 0 0 -10 35.96 94.34 427.60 531.00 0.0054932
table 0 0 -10 355.52 76.01 549.22 250.63 0.0053192
sofa 0 0 -10 611.07 33.23 679.08 483.79 0.0048038
sofa 0 0 -10 289.67 16.78 540.79 182.91 0.0047648
table 0 0 -10 594.47 98.59 678.73 378.18 0.0043940
table 0 0 -10 660.84 131.09 680.46 531.00 0.0041295
table 0 0 -10 108.67 22.61 658.21 289.38 0.0040306
sofa 0 0 -10 8.64 7.33 218.16 110.98 0.0038605
chair 0 0 -10 5.58 5.91 102.83 132.32 0.0038224
bed 0 0 -10 635.45 32.47 679.74 407.67 0.0037353
table 0 0 -10 250.79 99.20 586.94 327.50 0.0035901
table 0 0 -10 304.66 148.68 669.02 453.80 0.0034589
bed 0 0 -10 219.49 12.03 660.03 277.57 0.0033067
sofa 0 0 -10 258.05 82.34 540.88 168.14 0.0032511
table 0 0 -10 23.45 0.00 406.23 130.89 0.0029973
chair 0 0 -10 24.15 26.80 83.28 135.49 0.0028767
table 0 0 -10 10.98 4.44 229.70 99.31 0.0028501
table 0 0 -10 418.19 111.50 591.29 256.26 0.0027281
sofa 0 0 -10 655.05 68.15 680.22 318.58 0.0026467
sofa 0 0 -10 649.02 141.37 679.29 528.71 0.0025159
table 0 0 -10 41.52 8.09 409.28 358.74 0.0025030
chair 0 0 -10 622.61 203.77 681.00 515.41 0.0024462
table 0 0 -10 666.31 153.90 680.58 230.55 0.0024067
chair 0 0 -10 50.09 98.36 429.99 521.82 0.0023572
sofa 0 0 -10 611.63 70.02 678.78 271.25 0.0022229
table 0 0 -10 141.49 71.88 505.17 370.34 0.0021619
sofa 0 0 -10 410.21 42.02 544.74 234.76 0.0020809
table 0 0 -10 663.41 298.81 680.37 527.40 0.0020738
table 0 0 -10 428.77 20.21 663.54 224.34 0.0020588
bed 0 0 -10 2.50 3.75 95.19 135.26 0.0020515
table 0 0 -10 624.87 242.03 678.82 528.34 0.0020139
desk 0 0 -10 89.69 48.64 537.63 521.18 0.0019323
bed 0 0 -10 596.63 15.07 677.99 326.45 0.0018972
table 0 0 -10 12.08 3.42 124.52 106.36 0.0018895
sofa 0 0 -10 251.34 238.33 679.26 531.00 0.0018054
chair 0 0 -10 578.23 74.28 678.36 322.45 0.0017475
sofa 0 0 -10 3.50 6.31 95.11 128.52 0.0017282
sofa 0 0 -10 43.59 5.01 482.36 141.57 0.0017122
table 0 0 -10 227.41 10.25 587.39 214.29 0.0016099
table 0 0 -10 648.63 306.65 679.55 531.00 0.0016084
table 0 0 -10 660.75 52.00 680.57 364.05 0.0015452
chair 0 0 -10 255.14 32.43 442.48 257.65 0.0014687
bed 0 0 -10 545.58 35.25 677.16 463.61 0.0014596
table 0 0 -10 6.92 144.80 271.79 531.00 0.0014104
sofa 0 0 -10 606.92 11.22 677.66 204.90 0.0013925
chair 0 0 -10 651.71 234.29 681.00 521.87 0.0013252
table 0 0 -10 263.59 120.23 550.72 226.78 0.0012320
table 0 0 -10 669.86 134.45 680.76 381.58 0.0012195
chair 0 0 -10 52.58 0.00 144.59 99.47 0.0012066
table 0 0 -10 339.19 35.48 529.37 150.90 0.0012010
sofa 0 0 -10 262.31 91.30 566.71 224.81 0.0010812
table 0 0 -10 350.62 58.47 664.12 305.24 0.0010112
table 0 0 -10 0.24 71.42 44.19 191.37 0.0009187
bookshelf 0 0 -10 243.73 0.00 660.74 248.43 0.0008953
table 0 0 -10 40.69 4.95 156.70 129.99 0.0008938
table 0 0 -10 2.12 20.26 85.16 168.80 0.0008774
chair 0 0 -10 653.85 59.86 680.55 310.49 0.0008506
desk 0 0 -10 189.35 13.47 668.03 448.43 0.0008502
table 0 0 -10 0.00 5.27 167.67 256.88 0.0008487
bed 0 0 -10 469.99 7.70 647.67 135.70 0.0008427
sofa 0 0 -10 670.17 26.29 679.80 324.49 0.0008414
sofa 0 0 -10 249.12 153.95 503.56 525.61 0.0008328
table 0 0 -10 669.73 170.93 680.50 210.79 0.0008270
sofa 0 0 -10 481.80 120.49 672.71 515.56 0.0007917
sofa 0 0 -10 410.89 99.28 599.57 254.57 0.0007913
table 0 0 -10 563.92 143.58 677.85 501.07 0.0007759
chair 0 0 -10 99.51 11.05 419.92 241.75 0.0007737
bed 0 0 -10 571.12 23.09 677.29 206.02 0.0007321
