bookshelf 0 0 -10 410.38 0.00 675.67 467.68 0.9630809
bookshelf 0 0 -10 145.70 8.55 334.85 337.69 0.9461756
bookshelf 0 0 -10 34.96 0.00 125.44 265.89 0.7767058
bookshelf 0 0 -10 27.50 5.45 294.25 331.20 0.7028391
bookshelf 0 0 -10 105.68 5.29 630.99 458.54 0.2970983
bookshelf 0 0 -10 6.42 0.01 89.16 273.60 0.0464167
bookshelf 0 0 -10 323.84 11.03 574.65 472.66 0.0257264
bookshelf 0 0 -10 457.81 0.00 681.00 276.45 0.0207836
bookshelf 0 0 -10 75.60 0.03 141.17 288.15 0.0183091
bookshelf 0 0 -10 152.75 2.68 209.80 339.76 0.0162831
bookshelf 0 0 -10 171.95 4.61 270.95 321.22 0.0139232
bookshelf 0 0 -10 118.76 2.20 182.75 322.50 0.0123885
bookshelf 0 0 -10 6.05 43.91 179.05 324.44 0.0079342
bookshelf 0 0 -10 607.70 0.00 679.30 348.10 0.0068009
bookshelf 0 0 -10 165.36 25.06 481.50 331.55 0.0065412
table 0 0 -10 71.35 310.22 651.66 527.10 0.0060551
bookshelf 0 0 -10 447.06 44.92 527.48 459.82 0.0052628
bookshelf 0 0 -10 252.53 5.94 337.85 307.11 0.0051146
bed 0 0 -10 14.62 197.84 671.06 520.92 0.0049251
bookshelf 0 0 -10 375.84 184.89 591.19 478.02 0.0047436
bookshelf 0 0 -10 163.86 0.00 339.08 139.14 0.0046668
bookshelf 0 0 -10 297.73 0.00 336.43 333.72 0.0033568
bookshelf 0 0 -10 215.63 5.73 308.08 320.80 0.0033024
dresser 0 0 -10 384.29 22.62 681.00 488.25 0.0031862
bookshelf 0 0 -10 402.94 51.03 445.61 481.76 0.0030113
bookshelf 0 0 -10 240.85 69.79 516.30 431.55 0.0030010
bookshelf 0 0 -10 460.32 1.04 551.27 301.33 0.0030007
bookshelf 0 0 -10 4.69 0.00 195.63 202.49 0.0029345
bookshelf 0 0 -10 135.61 136.25 336.21 267.95 0.0028629
bookshelf 0 0 -10 649.45 0.00 675.78 392.04 0.0026001
bookshelf 0 0 -10 510.69 0.00 565.86 419.81 0.0025693
bookshelf 0 0 -10 106.45 25.29 158.42 309.51 0.0023664
bookshelf 0 0 -10 2.75 0.00 40.93 290.98 0.0023226
dresser 0 0 -10 110.54 40.29 342.00 336.06 0.0022852
bookshelf 0 0 -10 422.90 37.75 481.98 475.44 0.0022625
bed 0 0 -10 246.78 338.84 677.50 526.43 0.0021424
bookshelf 0 0 -10 646.87 190.79 681.00 347.53 0.0021379
dresser 0 0 -10 10.51 8.78 158.43 274.23 0.0021105
desk 0 0 -10 8.05 228.75 681.00 520.39 0.0020656
bookshelf 0 0 -10 166.54 2.66 495.64 153.29 0.0018232
bookshelf 0 0 -10 312.55 11.18 456.69 448.42 0.0016408
chair 0 0 -10 6.62 6.65 144.95 276.98 0.0015380
desk 0 0 -10 249.38 22.47 681.00 469.33 0.0015007
bookshelf 0 0 -10 71.52 0.06 280.89 193.12 0.0013524
bookshelf 0 0 -10 490.25 29.15 547.11 430.57 0.0011773
bookshelf 0 0 -10 315.92 50.04 336.94 309.53 0.0011629
bookshelf 0 0 -10 562.07 0.00 661.89 363.54 0.0011523
bookshelf 0 0 -10 375.47 140.16 449.78 471.22 0.0011145
table 0 0 -10 249.02 165.13 667.19 510.48 0.0010892
desk 0 0 -10 29.83 45.49 359.88 350.59 0.0010880
table 0 0 -10 329.52 358.74 675.95 523.88 0.0010794
bookshelf 0 0 -10 443.49 2.79 500.95 335.10 0.0010752
bookshelf 0 0 -10 39.82 0.32 460.68 105.17 0.0010526
chair 0 0 -10 91.99 19.00 350.25 371.81 0.0010207
bookshelf 0 0 -10 277.01 63.42 307.21 286.24 0.0009610
table 0 0 -10 173.77 348.17 459.88 517.01 0.0008191
sofa 0 0 -10 43.36 187.99 670.77 517.18 0.0008093
chair 0 0 -10 383.73 24.53 680.05 493.65 0.0007968
bookshelf 0 0 -10 408.03 286.38 678.04 513.25 0.0007288
bookshelf 0 0 -10 451.53 0.13 577.12 174.49 0.0007285
table 0 0 -10 3.05 213.56 37.58 285.70 0.0007233
table 0 0 -10 283.26 347.46 390.90 482.39 0.0006834
dresser 0 0 -10 104.50 17.64 652.04 459.92 0.0006799
bookshelf 0 0 -10 74.86 71.75 193.49 254.68 0.0006758
bookshelf 0 0 -10 99.83 127.67 301.79 213.17 0.0005819
desk 0 0 -10 2.71 5.82 166.35 269.60 0.0005554
bookshelf 0 0 -10 526.82 0.00 591.88 392.80 0.0005390
bookshelf 0 0 -10 623.06 217.87 681.00 333.22 0.0005330
desk 0 0 -10 11.60 73.58 539.86 468.32 0.0005201
bookshelf 0 0 -10 267.32 6.70 462.75 233.75 0.0005144
bookshelf 0 0 -10 106.60 109.21 256.94 281.40 0.0005091
bed 0 0 -10 646.68 200.36 680.86 353.55 0.0004708
bookshelf 0 0 -10 54.80 107.40 244.87 200.14 0.0004503
bookshelf 0 0 -10 123.88 205.04 653.80 518.52 0.0004397
bed 0 0 -10 365.28 0.00 675.61 500.87 0.0004315
bookshelf 0 0 -10 37.85 144.32 217.66 223.89 0.0004128
bed 0 0 -10 13.32 393.62 681.00 531.00 0.0004039
bookshelf 0 0 -10 297.33 129.12 332.04 303.19 0.0003987
bookshelf 0 0 -10 72.16 51.50 114.84 253.84 0.0003776
table 0 0 -10 296.05 351.79 394.57 411.15 0.0003672
chair 0 0 -10 645.71 209.17 680.99 355.69 0.0003649
bookshelf 0 0 -10 120.76 85.44 334.04 203.09 0.0003647
bookshelf 0 0 -10 659.37 114.90 681.00 339.66 0.0003440
table 0 0 -10 6.24 15.30 141.24 285.22 0.0003407
chair 0 0 -10 302.16 358.17 612.77 525.89 0.0003386
table 0 0 -10 71.23 17.28 369.61 367.45 0.0003212
sofa 0 0 -10 261.90 333.84 676.72 525.96 0.0003196
dresser 0 0 -10 444.70 6.97 681.00 299.98 0.0003099
table 0 0 -10 79.05 16.78 656.33 466.00 0.0003036
table 0 0 -10 0.24 257.33 379.10 523.49 0.0003006
bookshelf 0 0 -10 668.59 32.77 681.00 357.59 0.0002876
dresser 0 0 -10 31.85 194.75 670.94 522.14 0.0002867
chair 0 0 -10 24.82 16.68 258.59 336.66 0.0002863
dresser 0 0 -10 54.26 17.55 132.15 268.99 0.0002701
table 0 0 -10 0.28 218.30 31.67 494.42 0.0002689
bookshelf 0 0 -10 93.97 51.43 128.81 253.46 0.0002665
bed 0 0 -10 3.68 3.94 138.36 288.11 0.0002556
bathtub 0 0 -10 27.51 221.88 658.22 516.69 0.0002462
sofa 0 0 -10 12.46 15.32 142.91 262.04 0.0002424
bookshelf 0 0 -10 438.88 263.50 475.68 443.44 0.0002318
