sofa 0 0 -10 43.73 186.14 681.00 529.02 0.9896024
bed 0 0 -10 0.00 494.46 350.37 531.00 0.1243711
table 0 0 -10 1.85 495.52 347.62 531.00 0.1176220
bed 0 0 -10 3.34 164.78 681.00 525.54 0.0406358
bed 0 0 -10 241.97 492.53 674.78 531.00 0.0153992
table 0 0 -10 634.69 308.87 678.63 531.00 0.0109905
chair 0 0 -10 626.69 302.15 678.91 528.76 0.0105759
sofa 0 0 -10 0.00 488.48 362.09 531.00 0.0101724
table 0 0 -10 24.51 18.78 205.24 197.96 0.0057704
sofa 0 0 -10 228.50 481.09 643.96 531.00 0.0057255
bed 0 0 -10 2.28 476.44 500.40 531.00 0.0052319
sofa 0 0 -10 11.69 375.04 681.00 531.00 0.0050534
chair 0 0 -10 33.44 144.91 681.00 496.19 0.0044632
table 0 0 -10 0.00 320.95 96.20 521.92 0.0042844
table 0 0 -10 17.60 453.95 521.67 529.84 0.0038812
sofa 0 0 -10 20.40 165.30 403.27 501.06 0.0034187
table 0 0 -10 1.92 147.03 101.18 494.74 0.0034136
chair 0 0 -10 595.91 209.64 680.26 521.75 0.0034110
chair 0 0 -10 4.94 492.01 348.98 531.00 0.0028592
sofa 0 0 -10 633.15 305.34 678.40 531.00 0.0024175
table 0 0 -10 11.18 0.81 673.71 398.88 0.0022961
bed 0 0 -10 95.71 453.75 681.00 531.00 0.0020163
sofa 0 0 -10 13.07 446.38 551.59 531.00 0.0017715
table 0 0 -10 17.29 216.40 681.00 525.61 0.0016053
table 0 0 -10 6.32 158.50 173.16 414.75 0.0015728
table 0 0 -10 234.99 485.04 632.91 530.14 0.0014897
table 0 0 -10 618.98 212.33 680.04 506.91 0.0010201
sofa 0 0 -10 308.24 172.13 674.30 485.68 0.0009065
sofa 0 0 -10 10.12 193.77 155.84 495.63 0.0009012
table 0 0 -10 0.18 334.51 42.28 529.38 0.0008998
sofa 0 0 -10 24.60 21.94 679.48 417.05 0.0008856
sofa 0 0 -10 617.27 208.62 678.63 508.30 0.0008087
table 0 0 -10 24.47 379.04 658.30 525.87 0.0007961
table 0 0 -10 0.00 67.96 208.65 355.99 0.0007890
chair 0 0 -10 649.05 248.52 680.50 516.44 0.0007852
bed 0 0 -10 13.63 379.93 681.00 526.97 0.0007541
desk 0 0 -10 22.95 15.29 212.49 202.70 0.0007423
sofa 0 0 -10 20.98 170.04 221.20 419.55 0.0007052
desk 0 0 -10 635.70 306.14 679.32 529.96 0.0006986
table 0 0 -10 150.69 485.85 357.23 530.89 0.0006924
table 0 0 -10 654.23 328.46 679.63 531.00 0.0006607
chair 0 0 -10 318.35 184.58 676.32 519.47 0.0005972
chair 0 0 -10 7.03 334.48 395.12 531.00 0.0005951
chair 0 0 -10 3.21 446.02 508.61 531.00 0.0005814
chair 0 0 -10 645.13 168.05 679.79 438.48 0.0005754
chair 0 0 -10 666.19 191.56 680.93 377.64 0.0005333
desk 0 0 -10 0.00 493.47 350.58 531.00 0.0004799
table 0 0 -10 0.34 164.37 69.89 248.11 0.0004737
table 0 0 -10 0.80 310.32 51.63 450.15 0.0004319
bed 0 0 -10 2.87 442.73 357.53 531.00 0.0004311
table 0 0 -10 12.74 2.74 187.25 93.56 0.0004231
desk 0 0 -10 30.93 165.36 678.73 525.08 0.0004096
bed 0 0 -10 301.91 510.51 681.00 531.00 0.0003983
table 0 0 -10 661.61 237.21 680.27 521.37 0.0003961
table 0 0 -10 1.37 160.28 105.27 295.86 0.0003924
table 0 0 -10 1.99 151.47 19.38 450.50 0.0003919
table 0 0 -10 15.81 217.53 125.22 428.53 0.0003911
table 0 0 -10 651.30 180.42 680.11 490.93 0.0003726
bathtub 0 0 -10 0.00 494.66 355.31 530.89 0.0003674
table 0 0 -10 0.00 241.81 36.52 493.14 0.0003649
night_stand 0 0 -10 633.58 319.69 679.93 527.63 0.0003627
desk 0 0 -10 8.62 0.00 681.00 409.03 0.0003472
chair 0 0 -10 615.79 188.66 677.63 420.82 0.0003453
table 0 0 -10 670.64 259.75 680.39 531.00 0.0003320
chair 0 0 -10 549.59 151.40 681.00 465.13 0.0003310
chair 0 0 -10 10.19 392.07 619.74 526.30 0.0003279
chair 0 0 -10 0.00 250.03 107.30 511.50 0.0003225
table 0 0 -10 265.10 478.30 417.19 530.85 0.0003206
sofa 0 0 -10 650.12 347.08 679.53 530.98 0.0003105
table 0 0 -10 7.49 358.32 153.58 525.91 0.0003069
chair 0 0 -10 627.38 169.13 680.79 316.81 0.0002894
table 0 0 -10 12.17 33.95 379.56 337.67 0.0002786
sofa 0 0 -10 479.94 170.67 671.82 520.02 0.0002650
chair 0 0 -10 673.26 168.82 680.94 389.45 0.0002568
chair 0 0 -10 676.22 222.44 681.00 427.96 0.0002565
table 0 0 -10 668.52 178.49 680.34 420.23 0.0002550
table 0 0 -10 4.11 240.72 74.74 477.48 0.0002525
sofa 0 0 -10 0.00 250.41 101.04 518.59 0.0002423
bed 0 0 -10 632.16 308.36 679.48 531.00 0.0002409
toilet 0 0 -10 631.60 306.87 680.53 531.00 0.0002297
table 0 0 -10 0.00 160.12 43.53 291.16 0.0002283
chair 0 0 -10 646.39 171.67 681.00 244.90 0.0002220
bed 0 0 -10 3.23 0.00 681.00 217.00 0.0002195
sofa 0 0 -10 311.42 503.48 681.00 530.76 0.0002174
table 0 0 -10 381.83 494.30 662.93 529.71 0.0002163
bookshelf 0 0 -10 25.85 160.78 681.00 520.59 0.0002023
table 0 0 -10 0.21 135.47 80.50 362.55 0.0001996
chair 0 0 -10 7.56 199.96 165.63 485.69 0.0001933
dresser 0 0 -10 633.76 309.14 678.86 529.19 0.0001909
table 0 0 -10 3.06 302.84 19.85 520.78 0.0001858
sofa 0 0 -10 558.58 157.92 678.31 465.33 0.0001800
sofa 0 0 -10 28.83 4.58 681.00 212.53 0.0001792
chair 0 0 -10 13.87 5.90 234.79 202.23 0.0001781
night_stand 0 0 -10 17.68 13.70 215.49 202.32 0.0001777
chair 0 0 -10 0.34 326.85 76.46 524.21 0.0001732
table 0 0 -10 0.25 371.55 70.73 467.18 0.0001698
table 0 0 -10 22.33 162.08 358.30 489.49 0.0001663
table 0 0 -10 71.85 128.49 560.99 288.61 0.0001626
chair 0 0 -10 665.86 237.70 680.93 488.88 0.0001622
dresser 0 0 -10 4.28 185.64 681.00 527.66 0.0001559
