table 0 0 -10 19.81 432.78 642.77 530.90 0.6407272
bed 0 0 -10 4.85 436.31 655.52 531.00 0.2379836
table 0 0 -10 203.43 459.20 674.09 531.00 0.0637699
sofa 0 0 -10 10.98 430.84 644.08 531.00 0.0572255
table 0 0 -10 38.91 432.09 355.81 529.00 0.0379718
desk 0 0 -10 8.23 432.28 639.62 531.00 0.0290429
table 0 0 -10 1.06 399.16 43.65 512.51 0.0230395
chair 0 0 -10 89.93 439.96 641.83 531.00 0.0167330
bathtub 0 0 -10 0.21 424.77 674.04 528.62 0.0158887
table 0 0 -10 0.00 401.47 22.12 524.43 0.0109277
table 0 0 -10 0.00 417.37 52.52 475.88 0.0108250
table 0 0 -10 1.67 417.76 88.00 524.01 0.0101722
chair 0 0 -10 9.34 411.48 405.33 531.00 0.0089834
table 0 0 -10 0.01 404.50 30.68 472.39 0.0081612
bed 0 0 -10 227.58 459.21 677.04 531.00 0.0076372
bookshelf 0 0 -10 37.56 436.66 649.74 530.69 0.0061072
chair 0 0 -10 0.00 328.80 55.78 523.88 0.0060235
toilet 0 0 -10 0.00 421.83 661.69 530.77 0.0051301
table 0 0 -10 6.42 418.65 181.83 528.36 0.0044309
chair 0 0 -10 242.56 358.23 669.21 524.54 0.0040970
sofa 0 0 -10 81.06 433.74 334.90 531.00 0.0037433
table 0 0 -10 1.36 414.23 15.04 505.97 0.0037404
table 0 0 -10 17.28 494.03 284.90 531.00 0.0037009
sofa 0 0 -10 183.76 463.60 658.06 531.00 0.0035350
bed 0 0 -10 30.93 430.33 360.58 531.00 0.0035221
dresser 0 0 -10 0.00 426.58 674.82 531.00 0.0034593
bed 0 0 -10 0.00 343.25 681.00 531.00 0.0033493
table 0 0 -10 0.00 346.81 681.00 523.11 0.0031254
chair 0 0 -10 329.19 458.97 667.18 531.00 0.0030681
table 0 0 -10 0.00 393.48 9.62 522.89 0.0024084
table 0 0 -10 162.84 436.93 441.35 529.52 0.0023001
chair 0 0 -10 0.00 479.50 190.89 531.00 0.0022763
night_stand 0 0 -10 8.65 427.10 675.78 529.00 0.0020539
table 0 0 -10 0.00 374.75 76.04 493.56 0.0018490
bookshelf 0 0 -10 13.04 340.52 670.22 518.64 0.0016331
chair 0 0 -10 104.82 436.36 335.50 531.00 0.0016209
table 0 0 -10 0.00 431.09 12.45 471.84 0.0016180
bed 0 0 -10 0.00 74.33 681.00 514.75 0.0015221
table 0 0 -10 9.47 410.95 19.53 496.43 0.0013789
table 0 0 -10 186.64 513.99 681.00 531.00 0.0013292
chair 0 0 -10 0.00 409.05 91.30 529.82 0.0012818
chair 0 0 -10 215.92 487.02 647.91 530.11 0.0012103
chair 0 0 -10 0.43 266.66 94.24 527.38 0.0011831
table 0 0 -10 0.00 431.31 16.12 455.05 0.0011812
bed 0 0 -10 0.37 345.45 88.38 522.68 0.0010847
table 0 0 -10 7.79 393.80 16.14 500.37 0.0010837
sofa 0 0 -10 0.42 362.72 47.14 490.82 0.0010545
chair 0 0 -10 378.23 188.10 426.62 446.32 0.0009678
chair 0 0 -10 11.43 494.51 296.69 531.00 0.0009068
chair 0 0 -10 618.19 308.57 680.79 527.43 0.0009034
bed 0 0 -10 0.00 366.43 48.18 494.39 0.0009011
table 0 0 -10 84.18 488.39 628.62 529.03 0.0008832
table 0 0 -10 0.00 424.70 17.95 447.57 0.0008811
desk 0 0 -10 73.49 435.43 332.85 528.00 0.0008285
chair 0 0 -10 28.61 469.41 380.69 530.04 0.0007974
table 0 0 -10 98.18 413.61 269.17 527.72 0.0007848
sofa 0 0 -10 1.97 371.28 70.07 524.22 0.0007786
bed 0 0 -10 159.18 437.01 438.38 531.00 0.0007747
chair 0 0 -10 326.33 259.25 440.34 406.82 0.0007722
table 0 0 -10 633.51 506.83 678.33 530.87 0.0007515
chair 0 0 -10 0.24 392.56 48.18 473.21 0.0007466
chair 0 0 -10 113.45 483.42 493.74 531.00 0.0007143
table 0 0 -10 293.65 482.08 665.48 525.27 0.0007042
chair 0 0 -10 0.00 344.56 182.69 522.24 0.0007032
sofa 0 0 -10 1.51 376.98 396.91 523.95 0.0006899
table 0 0 -10 0.83 512.39 222.01 531.00 0.0006727
sofa 0 0 -10 0.00 345.36 681.00 527.15 0.0006634
chair 0 0 -10 1.20 360.07 29.02 521.27 0.0006545
bathtub 0 0 -10 0.00 86.25 681.00 493.62 0.0006481
table 0 0 -10 614.38 497.10 675.10 531.00 0.0006356
table 0 0 -10 0.00 81.03 681.00 498.11 0.0006295
bed 0 0 -10 91.95 492.09 625.33 530.29 0.0006013
desk 0 0 -10 197.75 457.68 681.00 531.00 0.0005871
table 0 0 -10 464.30 487.59 673.28 531.00 0.0005609
chair 0 0 -10 7.41 378.11 16.86 501.62 0.0005531
table 0 0 -10 641.04 407.07 679.55 531.00 0.0005250
bookshelf 0 0 -10 6.16 395.61 430.28 526.40 0.0005182
table 0 0 -10 0.63 430.74 68.85 492.66 0.0004871
chair 0 0 -10 4.18 363.45 14.03 513.88 0.0004784
bathtub 0 0 -10 156.87 461.07 677.23 530.62 0.0004628
table 0 0 -10 27.16 423.51 468.79 483.84 0.0004609
chair 0 0 -10 0.00 308.20 542.47 525.16 0.0004441
chair 0 0 -10 0.56 400.89 27.86 480.19 0.0004321
bathtub 0 0 -10 142.21 363.96 681.00 516.18 0.0004187
desk 0 0 -10 0.00 375.39 47.63 491.97 0.0004124
toilet 0 0 -10 0.00 365.70 48.00 491.95 0.0004024
chair 0 0 -10 615.46 46.93 681.00 524.92 0.0003964
bathtub 0 0 -10 0.13 365.41 48.21 484.84 0.0003911
chair 0 0 -10 11.08 383.00 20.81 493.39 0.0003882
chair 0 0 -10 336.78 197.11 389.97 440.68 0.0003793
bathtub 0 0 -10 0.00 286.20 579.66 516.00 0.0003678
bookshelf 0 0 -10 0.53 352.95 46.90 490.85 0.0003610
bed 0 0 -10 465.10 485.35 672.39 531.00 0.0003489
bed 0 0 -10 187.57 514.60 681.00 531.00 0.0003428
chair 0 0 -10 276.50 331.83 382.45 463.96 0.0003420
desk 0 0 -10 0.20 395.03 70.55 530.82 0.0003369
table 0 0 -10 0.00 402.37 62.18 448.39 0.0003358
desk 0 0 -10 0.00 346.10 681.00 525.31 0.0003246
bookshelf 0 0 -10 8.46 37.76 675.32 502.98 0.0003208
table 0 0 -10 623.70 464.99 678.64 529.64 0.0003080
