chair 0 0 -10 195.51 128.37 459.00 480.35 0.9950030
chair 0 0 -10 362.58 89.54 579.44 371.05 0.9936094
chair 0 0 -10 8.80 56.45 187.70 321.53 0.9896232
chair 0 0 -10 0.66 100.47 189.00 495.71 0.9820881
table 0 0 -10 9.14 81.76 570.07 490.06 0.9292512
chair 0 0 -10 206.97 39.30 367.76 259.82 0.8833559
chair 0 0 -10 361.42 51.74 514.44 277.94 0.6774660
chair 0 0 -10 384.19 61.47 505.84 198.91 0.5602840
chair 0 0 -10 260.41 84.92 515.04 412.34 0.5142962
bookshelf 0 0 -10 341.48 0.00 665.51 237.91 0.4742295
chair 0 0 -10 412.30 62.76 551.45 228.77 0.2503438
chair 0 0 -10 318.17 57.07 479.66 230.48 0.2347878
chair 0 0 -10 446.66 63.39 506.71 187.92 0.1814620
chair 0 0 -10 1.90 41.60 110.21 272.06 0.1462122
chair 0 0 -10 346.78 58.40 431.55 182.07 0.1319590
table 0 0 -10 152.90 78.88 551.63 363.62 0.1317231
table 0 0 -10 22.18 166.84 367.50 506.17 0.1240105
chair 0 0 -10 166.70 47.99 383.53 392.76 0.1038900
chair 0 0 -10 36.63 133.19 311.46 482.58 0.0943063
desk 0 0 -10 0.00 82.17 559.41 500.61 0.0779386
chair 0 0 -10 423.66 55.94 491.00 172.12 0.0746287
chair 0 0 -10 252.46 60.82 420.22 253.73 0.0745491
chair 0 0 -10 210.45 38.96 407.35 163.69 0.0723865
chair 0 0 -10 5.36 183.04 126.52 509.86 0.0701678
chair 0 0 -10 2.09 292.87 167.93 531.00 0.0499971
chair 0 0 -10 213.47 40.44 346.99 115.22 0.0495743
bookshelf 0 0 -10 338.94 0.00 681.00 106.97 0.0451350
chair 0 0 -10 136.11 36.59 296.80 327.64 0.0396280
chair 0 0 -10 318.40 98.37 472.63 354.68 0.0395314
table 0 0 -10 326.90 15.59 672.66 222.37 0.0386631
chair 0 0 -10 463.40 61.76 530.41 173.69 0.0369580
chair 0 0 -10 348.07 33.46 610.35 214.29 0.0345796
chair 0 0 -10 3.61 212.27 45.49 510.63 0.0316560
chair 0 0 -10 381.58 53.14 448.67 160.59 0.0252935
table 0 0 -10 1.17 216.41 138.07 531.00 0.0237866
desk 0 0 -10 330.57 11.05 681.00 219.67 0.0215395
chair 0 0 -10 0.00 45.41 56.24 238.12 0.0213966
chair 0 0 -10 463.30 70.65 577.03 202.72 0.0198357
desk 0 0 -10 202.43 37.33 639.92 352.92 0.0196750
bookshelf 0 0 -10 354.81 5.04 537.06 171.51 0.0184594
table 0 0 -10 312.82 76.38 595.29 277.12 0.0124775
chair 0 0 -10 229.18 18.08 340.31 199.91 0.0122639
chair 0 0 -10 355.02 41.91 417.22 150.35 0.0110332
chair 0 0 -10 0.90 296.00 37.16 485.70 0.0110177
chair 0 0 -10 320.72 43.96 406.89 205.27 0.0094608
desk 0 0 -10 1.41 210.50 135.11 531.00 0.0090575
desk 0 0 -10 20.91 117.69 314.59 513.78 0.0084629
chair 0 0 -10 1.94 65.38 32.62 238.92 0.0082601
chair 0 0 -10 3.37 127.67 64.07 466.69 0.0077730
chair 0 0 -10 413.72 60.64 486.37 120.27 0.0075630
table 0 0 -10 25.24 129.03 166.39 440.43 0.0069217
desk 0 0 -10 330.93 73.81 599.68 282.85 0.0068552
table 0 0 -10 318.36 68.89 493.28 167.89 0.0064286
chair 0 0 -10 251.48 23.96 530.12 144.41 0.0059920
chair 0 0 -10 330.86 102.50 624.04 503.72 0.0059312
chair 0 0 -10 312.90 8.95 464.67 174.90 0.0053434
bookshelf 0 0 -10 509.78 0.00 678.23 225.99 0.0047583
table 0 0 -10 404.60 63.60 605.00 220.01 0.0045931
bookshelf 0 0 -10 597.63 0.00 676.80 227.79 0.0045628
sofa 0 0 -10 389.87 19.30 607.84 206.76 0.0043060
chair 0 0 -10 426.02 60.12 521.13 138.14 0.0039423
table 0 0 -10 0.00 303.74 33.54 484.57 0.0039334
desk 0 0 -10 374.45 52.65 613.20 202.06 0.0037941
dresser 0 0 -10 394.16 14.30 601.08 219.52 0.0037358
bed 0 0 -10 317.79 0.32 668.56 223.43 0.0034876
chair 0 0 -10 281.72 35.46 380.45 215.59 0.0034294
bookshelf 0 0 -10 640.86 0.00 678.28 248.06 0.0030178
bookshelf 0 0 -10 278.72 10.26 600.41 138.33 0.0029625
table 0 0 -10 247.08 63.04 494.04 255.87 0.0028148
chair 0 0 -10 455.23 65.90 485.92 144.57 0.0028120
chair 0 0 -10 580.16 265.42 681.00 522.64 0.0026423
chair 0 0 -10 3.14 73.45 8.96 216.74 0.0026382
bookshelf 0 0 -10 390.13 28.94 583.52 198.61 0.0025809
bookshelf 0 0 -10 245.93 13.13 606.27 336.60 0.0025292
desk 0 0 -10 333.22 70.93 523.53 185.64 0.0024379
table 0 0 -10 8.07 99.65 267.16 420.11 0.0024146
chair 0 0 -10 118.60 162.16 567.52 523.02 0.0024121
chair 0 0 -10 112.85 71.81 232.64 318.13 0.0023583
chair 0 0 -10 4.25 68.68 11.74 231.21 0.0023581
table 0 0 -10 0.00 50.04 101.85 268.82 0.0022125
table 0 0 -10 449.53 71.64 576.71 192.62 0.0021517
desk 0 0 -10 376.31 52.54 519.33 155.56 0.0020609
table 0 0 -10 0.75 70.75 20.86 238.04 0.0020577
bookshelf 0 0 -10 378.60 16.69 472.35 160.25 0.0020202
table 0 0 -10 375.63 53.73 519.71 156.83 0.0019411
sofa 0 0 -10 327.87 50.60 624.57 309.54 0.0019204
chair 0 0 -10 0.21 72.03 17.94 251.83 0.0018727
bookshelf 0 0 -10 348.60 6.89 425.42 151.19 0.0017497
table 0 0 -10 185.36 235.35 423.87 493.95 0.0017308
table 0 0 -10 346.69 33.01 570.85 172.09 0.0017231
table 0 0 -10 426.91 85.84 576.60 306.31 0.0016676
bookshelf 0 0 -10 416.76 55.16 591.55 312.81 0.0015872
table 0 0 -10 273.28 19.40 637.37 139.87 0.0015279
bookshelf 0 0 -10 416.37 28.85 507.87 169.50 0.0014993
table 0 0 -10 0.49 301.88 17.99 508.75 0.0014896
table 0 0 -10 0.15 59.16 188.28 288.13 0.0014526
chair 0 0 -10 486.40 62.06 564.83 162.27 0.0014188
sofa 0 0 -10 225.26 60.14 585.03 405.11 0.0014021
table 0 0 -10 0.00 69.31 37.44 277.90 0.0013753
chair 0 0 -10 613.76 104.91 681.00 524.81 0.0013677
