sofa 0 0 -10 322.16 99.92 669.87 523.94 0.6329240
sofa 0 0 -10 4.88 185.04 368.77 527.46 0.5430383
sofa 0 0 -10 254.85 72.37 522.11 324.96 0.5010978
chair 0 0 -10 8.83 165.86 356.44 531.00 0.3712685
chair 0 0 -10 120.10 48.26 356.65 235.32 0.3255911
sofa 0 0 -10 128.39 44.80 364.66 223.99 0.2645209
table 0 0 -10 599.72 365.01 678.70 527.92 0.1509875
bathtub 0 0 -10 0.00 120.43 211.72 395.87 0.1259166
chair 0 0 -10 247.10 73.79 511.31 308.08 0.1213557
chair 0 0 -10 36.03 98.77 306.42 414.06 0.0975097
sofa 0 0 -10 142.67 109.28 523.19 522.96 0.0895694
chair 0 0 -10 630.80 200.50 680.27 467.80 0.0894278
chair 0 0 -10 320.37 104.53 669.94 527.92 0.0850859
table 0 0 -10 635.65 300.86 679.05 505.98 0.0719566
chair 0 0 -10 608.39 350.44 679.70 506.24 0.0663259
table 0 0 -10 626.55 363.81 678.76 477.07 0.0635789
table 0 0 -10 4.58 122.62 230.24 334.75 0.0542592
table 0 0 -10 589.60 212.87 679.98 521.52 0.0537842
table 0 0 -10 8.97 138.88 293.85 519.96 0.0522454
table 0 0 -10 1.38 229.01 82.02 384.62 0.0485252
chair 0 0 -10 79.50 69.93 261.34 332.20 0.0368155
table 0 0 -10 595.03 459.88 677.55 531.00 0.0339477
chair 0 0 -10 156.43 125.47 483.50 530.33 0.0296024
chair 0 0 -10 628.37 371.14 680.27 473.51 0.0268631
sofa 0 0 -10 155.45 31.26 624.14 308.77 0.0262128
table 0 0 -10 630.53 190.50 678.87 463.42 0.0247359
sofa 0 0 -10 111.47 41.81 402.85 345.08 0.0230554
table 0 0 -10 0.52 172.18 171.24 410.48 0.0227646
bathtub 0 0 -10 5.28 136.06 297.04 510.52 0.0184537
table 0 0 -10 0.30 170.76 68.79 467.86 0.0176655
desk 0 0 -10 7.63 134.93 286.33 521.24 0.0163410
sofa 0 0 -10 2.62 136.76 248.97 419.10 0.0156177
sofa 0 0 -10 0.45 300.20 54.51 503.31 0.0119849
chair 0 0 -10 586.81 207.47 681.00 515.91 0.0115335
toilet 0 0 -10 2.23 126.72 205.84 400.84 0.0107907
bathtub 0 0 -10 2.99 141.24 58.60 442.99 0.0107473
table 0 0 -10 647.83 242.73 678.23 474.20 0.0107148
table 0 0 -10 241.76 108.37 365.58 317.74 0.0106518
chair 0 0 -10 2.92 213.52 82.35 394.03 0.0105754
table 0 0 -10 651.76 369.26 680.55 507.18 0.0105405
table 0 0 -10 123.05 103.69 364.86 259.67 0.0104357
chair 0 0 -10 126.27 51.20 443.94 325.49 0.0101739
chair 0 0 -10 0.85 144.97 69.48 477.44 0.0101482
toilet 0 0 -10 5.46 130.43 297.63 525.16 0.0098815
dresser 0 0 -10 4.76 131.28 304.57 516.04 0.0095703
table 0 0 -10 538.23 213.98 681.00 417.54 0.0094719
chair 0 0 -10 82.60 71.20 204.04 224.35 0.0080045
night_stand 0 0 -10 609.47 360.18 680.87 506.25 0.0078879
chair 0 0 -10 645.68 291.29 680.88 468.49 0.0078216
table 0 0 -10 50.42 72.42 322.36 338.85 0.0075420
table 0 0 -10 4.31 136.72 116.67 511.80 0.0073008
sofa 0 0 -10 479.31 95.09 671.31 479.02 0.0069280
bed 0 0 -10 5.14 132.17 309.91 524.55 0.0063091
chair 0 0 -10 8.93 81.88 211.20 261.32 0.0063075
desk 0 0 -10 601.90 359.71 680.84 529.85 0.0062199
toilet 0 0 -10 606.94 239.54 681.00 514.64 0.0060936
table 0 0 -10 661.66 223.28 679.87 497.79 0.0059887
table 0 0 -10 240.25 134.30 509.89 333.50 0.0056817
bathtub 0 0 -10 5.59 118.80 113.60 413.73 0.0055307
desk 0 0 -10 629.78 376.39 679.82 476.97 0.0053270
table 0 0 -10 642.87 284.05 678.77 401.09 0.0050952
chair 0 0 -10 570.84 331.51 677.08 531.00 0.0048536
chair 0 0 -10 86.83 29.29 253.33 196.08 0.0047389
chair 0 0 -10 653.12 196.68 678.76 451.77 0.0047322
table 0 0 -10 503.12 336.70 673.57 531.00 0.0044267
desk 0 0 -10 2.58 128.23 204.22 403.57 0.0043478
table 0 0 -10 611.67 274.01 678.08 408.63 0.0041541
sofa 0 0 -10 611.72 356.43 679.41 506.56 0.0041502
chair 0 0 -10 0.00 107.68 189.79 415.12 0.0039185
dresser 0 0 -10 0.72 128.02 210.16 400.97 0.0037366
chair 0 0 -10 1.84 179.08 49.41 385.16 0.0036390
table 0 0 -10 628.67 418.55 677.92 475.23 0.0034820
table 0 0 -10 625.45 402.07 678.78 519.25 0.0034772
toilet 0 0 -10 630.87 174.72 680.42 458.41 0.0033711
table 0 0 -10 0.24 101.00 199.13 258.07 0.0032796
bathtub 0 0 -10 0.00 117.72 194.88 257.34 0.0031680
bathtub 0 0 -10 604.78 239.72 681.00 512.65 0.0031444
table 0 0 -10 0.00 308.18 53.59 502.17 0.0029264
night_stand 0 0 -10 629.93 378.41 681.00 476.48 0.0029043
sofa 0 0 -10 2.35 221.18 80.51 385.24 0.0027144
table 0 0 -10 271.06 62.98 667.88 444.60 0.0027042
chair 0 0 -10 665.16 189.41 680.39 447.56 0.0027038
chair 0 0 -10 2.36 276.66 52.29 447.10 0.0026810
table 0 0 -10 3.41 212.94 39.96 418.47 0.0026680
sofa 0 0 -10 630.48 372.88 679.93 475.64 0.0026671
bookshelf 0 0 -10 8.26 114.18 301.09 514.68 0.0026505
table 0 0 -10 34.53 292.05 357.13 526.70 0.0025459
desk 0 0 -10 608.59 227.12 681.00 514.54 0.0025426
chair 0 0 -10 236.99 73.82 380.08 314.70 0.0023521
night_stand 0 0 -10 6.34 137.65 304.28 524.68 0.0023192
chair 0 0 -10 479.49 100.73 673.06 481.70 0.0022796
table 0 0 -10 298.94 167.46 604.79 519.01 0.0022643
chair 0 0 -10 76.88 9.54 243.92 128.50 0.0021877
table 0 0 -10 0.17 246.74 42.55 346.03 0.0021619
bed 0 0 -10 601.32 349.63 681.00 530.41 0.0021186
table 0 0 -10 17.17 166.18 222.89 282.46 0.0020129
table 0 0 -10 141.02 52.73 347.18 210.95 0.0020099
chair 0 0 -10 215.82 7.36 349.56 118.97 0.0019094
table 0 0 -10 155.39 145.44 513.67 524.30 0.0018464
chair 0 0 -10 128.91 75.40 195.38 209.28 0.0018436
