chair 0 0 -10 432.57 6.24 616.31 287.48 0.9842866
chair 0 0 -10 42.07 14.57 393.91 383.05 0.9818777
table 0 0 -10 4.97 246.60 482.24 530.25 0.9136384
chair 0 0 -10 290.01 0.97 447.40 185.05 0.9129738
table 0 0 -10 306.77 10.52 678.61 241.38 0.6460571
table 0 0 -10 522.71 19.71 681.00 277.89 0.3426375
chair 0 0 -10 9.27 154.46 454.56 509.74 0.3127051
desk 0 0 -10 303.46 9.90 675.51 293.25 0.2904918
table 0 0 -10 283.44 0.82 460.91 174.69 0.2545307
desk 0 0 -10 526.51 16.92 681.00 281.96 0.2475619
table 0 0 -10 1.41 225.62 294.79 431.22 0.1278655
chair 0 0 -10 2.68 9.71 87.80 280.21 0.1250078
chair 0 0 -10 297.86 10.59 528.63 261.27 0.1124626
table 0 0 -10 73.51 10.44 569.73 331.85 0.1007612
chair 0 0 -10 0.00 118.02 113.46 302.44 0.0995011
desk 0 0 -10 286.43 4.38 474.23 193.40 0.0861571
table 0 0 -10 369.33 0.00 604.63 157.01 0.0718986
bed 0 0 -10 0.00 254.20 453.58 531.00 0.0680660
chair 0 0 -10 448.94 0.00 644.68 178.58 0.0614388
table 0 0 -10 242.96 5.24 558.29 206.52 0.0582466
table 0 0 -10 439.26 0.00 681.00 178.50 0.0542228
chair 0 0 -10 14.66 147.41 330.55 403.12 0.0534438
table 0 0 -10 0.00 222.50 176.26 348.88 0.0524087
chair 0 0 -10 0.00 156.28 160.82 362.70 0.0431598
desk 0 0 -10 0.00 261.03 454.51 531.00 0.0411441
table 0 0 -10 0.00 213.03 166.78 472.65 0.0401237
sofa 0 0 -10 25.54 1.03 408.91 273.71 0.0397230
desk 0 0 -10 331.16 1.86 600.65 193.77 0.0394054
chair 0 0 -10 562.98 0.00 631.77 170.87 0.0379775
chair 0 0 -10 317.47 0.00 434.18 120.42 0.0358068
chair 0 0 -10 206.74 0.00 566.63 338.56 0.0345906
chair 0 0 -10 165.43 0.00 406.91 204.40 0.0307438
chair 0 0 -10 399.56 0.00 555.01 192.24 0.0277571
desk 0 0 -10 80.27 13.69 602.51 399.59 0.0238496
chair 0 0 -10 109.73 284.89 438.49 512.31 0.0223694
chair 0 0 -10 0.00 46.53 191.63 324.78 0.0200266
chair 0 0 -10 365.36 0.00 408.54 138.48 0.0191465
table 0 0 -10 0.00 103.84 386.56 453.17 0.0186320
table 0 0 -10 593.18 0.00 681.00 508.10 0.0170033
desk 0 0 -10 3.12 141.49 430.35 455.81 0.0167329
sofa 0 0 -10 3.92 27.05 448.42 445.27 0.0152524
chair 0 0 -10 562.52 0.00 656.99 256.40 0.0152225
table 0 0 -10 364.99 0.32 457.89 143.21 0.0138961
table 0 0 -10 0.00 163.55 119.83 320.47 0.0138495
chair 0 0 -10 8.47 74.19 243.11 482.30 0.0136531
table 0 0 -10 615.62 7.88 681.00 326.92 0.0131705
desk 0 0 -10 431.67 1.71 677.66 198.97 0.0123374
sofa 0 0 -10 140.53 0.00 447.86 188.79 0.0109891
desk 0 0 -10 158.28 0.00 576.77 228.72 0.0103396
table 0 0 -10 51.39 264.64 359.94 406.89 0.0092053
chair 0 0 -10 0.00 132.24 108.62 475.09 0.0088813
chair 0 0 -10 359.32 0.00 471.92 136.84 0.0078715
chair 0 0 -10 6.23 251.95 293.58 528.68 0.0077241
table 0 0 -10 134.40 0.00 458.99 249.30 0.0074272
table 0 0 -10 67.36 84.98 626.57 512.03 0.0073268
table 0 0 -10 0.65 195.38 69.94 512.42 0.0070265
table 0 0 -10 278.34 54.84 628.09 359.49 0.0068949
chair 0 0 -10 342.74 0.00 664.21 489.38 0.0068629
chair 0 0 -10 0.00 185.24 79.85 303.94 0.0063875
table 0 0 -10 0.00 31.28 102.90 293.80 0.0063704
chair 0 0 -10 300.32 0.59 428.84 63.85 0.0062821
desk 0 0 -10 595.41 0.00 681.00 509.63 0.0062520
table 0 0 -10 287.28 0.00 444.70 88.15 0.0060768
sofa 0 0 -10 0.00 241.31 475.05 531.00 0.0058739
chair 0 0 -10 0.59 129.11 64.36 388.58 0.0056640
table 0 0 -10 197.06 2.36 449.95 110.15 0.0049941
chair 0 0 -10 598.70 117.77 681.00 531.00 0.0047235
chair 0 0 -10 594.07 0.00 628.00 175.93 0.0045579
chair 0 0 -10 386.96 1.11 454.50 80.49 0.0045174
table 0 0 -10 0.00 42.43 221.76 348.21 0.0043486
table 0 0 -10 0.00 234.94 89.71 298.23 0.0041900
table 0 0 -10 535.85 2.07 657.73 167.68 0.0041629
chair 0 0 -10 381.92 0.00 394.83 116.51 0.0040328
chair 0 0 -10 110.16 62.58 599.72 500.92 0.0039467
desk 0 0 -10 413.37 13.62 631.36 138.43 0.0037653
chair 0 0 -10 28.83 251.09 341.47 381.37 0.0035006
desk 0 0 -10 368.80 0.00 454.57 145.73 0.0034668
sofa 0 0 -10 285.35 1.59 441.99 170.41 0.0033951
chair 0 0 -10 575.92 32.27 679.79 375.76 0.0033184
table 0 0 -10 32.09 10.72 457.13 130.86 0.0031743
table 0 0 -10 347.55 0.00 454.49 65.21 0.0030520
table 0 0 -10 378.97 2.75 498.64 171.61 0.0029836
table 0 0 -10 580.15 1.86 666.87 228.84 0.0029545
chair 0 0 -10 621.03 0.00 681.00 112.04 0.0029319
sofa 0 0 -10 183.59 0.00 650.13 319.27 0.0028377
chair 0 0 -10 406.14 0.00 620.42 113.22 0.0024794
chair 0 0 -10 351.85 0.00 398.49 107.91 0.0023829
chair 0 0 -10 355.71 0.00 421.52 76.25 0.0023175
desk 0 0 -10 6.83 35.99 363.21 375.35 0.0023117
sofa 0 0 -10 47.41 6.32 348.88 161.22 0.0023097
desk 0 0 -10 617.59 2.94 681.00 331.34 0.0022871
table 0 0 -10 648.95 6.36 680.87 355.93 0.0022009
chair 0 0 -10 166.95 55.22 453.17 375.02 0.0021542
chair 0 0 -10 379.32 0.00 390.27 102.01 0.0021400
desk 0 0 -10 348.63 50.57 617.62 152.31 0.0020808
desk 0 0 -10 539.65 1.57 652.96 169.06 0.0020546
chair 0 0 -10 542.39 0.00 655.38 111.95 0.0019674
chair 0 0 -10 0.00 187.12 40.35 514.46 0.0019669
desk 0 0 -10 580.82 64.15 681.00 214.39 0.0019590
chair 0 0 -10 410.97 0.47 597.56 52.19 0.0019581
