bookshelf 0 0 -10 0.00 1.94 176.33 305.40 0.9475925
bookshelf 0 0 -10 187.62 0.04 295.63 171.90 0.8368445
bookshelf 0 0 -10 155.72 2.97 360.15 184.80 0.4056633
bookshelf 0 0 -10 28.35 4.05 365.04 285.19 0.1375012
bookshelf 0 0 -10 311.06 0.00 368.79 121.69 0.0701293
bookshelf 0 0 -10 235.21 0.00 346.50 166.13 0.0555933
bed 0 0 -10 0.00 148.26 671.13 529.49 0.0368242
bookshelf 0 0 -10 76.38 8.98 239.26 294.77 0.0355102
bookshelf 0 0 -10 215.12 4.51 403.07 119.93 0.0299594
chair 0 0 -10 614.34 203.89 681.00 522.65 0.0264049
bookshelf 0 0 -10 4.21 106.57 191.84 240.44 0.0187793
bookshelf 0 0 -10 294.09 0.44 416.04 104.18 0.0170479
bookshelf 0 0 -10 231.76 11.74 288.29 164.09 0.0100408
bookshelf 0 0 -10 271.85 4.25 376.98 158.88 0.0099470
bookshelf 0 0 -10 105.69 2.21 188.14 295.27 0.0086710
bookshelf 0 0 -10 141.91 9.05 299.71 278.12 0.0064031
bookshelf 0 0 -10 134.42 2.82 217.74 274.58 0.0063360
table 0 0 -10 612.45 244.40 680.29 514.32 0.0052922
bookshelf 0 0 -10 37.54 0.00 622.76 507.65 0.0052039
bookshelf 0 0 -10 101.23 1.15 431.42 134.32 0.0044470
chair 0 0 -10 602.89 350.13 679.86 531.00 0.0039488
table 0 0 -10 7.47 62.11 665.92 520.97 0.0038003
bookshelf 0 0 -10 50.33 69.45 231.29 179.51 0.0036581
bookshelf 0 0 -10 320.38 56.97 347.38 96.49 0.0033374
chair 0 0 -10 555.67 264.90 679.13 531.00 0.0030739
sofa 0 0 -10 8.53 147.34 671.80 525.36 0.0030325
bookshelf 0 0 -10 307.75 35.31 360.04 104.79 0.0028074
desk 0 0 -10 134.29 4.61 383.25 178.69 0.0025748
bookshelf 0 0 -10 115.71 44.23 237.68 219.03 0.0024559
desk 0 0 -10 0.00 32.75 228.32 298.34 0.0023757
bookshelf 0 0 -10 3.83 0.00 128.38 212.57 0.0022709
bookshelf 0 0 -10 5.45 0.00 55.92 288.81 0.0022321
dresser 0 0 -10 1.45 35.30 208.97 309.74 0.0021046
bookshelf 0 0 -10 281.09 7.89 322.16 168.00 0.0020497
bookshelf 0 0 -10 15.04 36.69 255.82 466.69 0.0019881
dresser 0 0 -10 186.21 11.24 297.77 171.23 0.0018868
chair 0 0 -10 647.45 430.50 680.59 531.00 0.0018471
dresser 0 0 -10 157.91 10.71 366.61 184.87 0.0017932
bookshelf 0 0 -10 118.50 35.18 287.05 159.95 0.0017612
bookshelf 0 0 -10 261.34 19.54 304.22 161.96 0.0016991
bookshelf 0 0 -10 171.21 1.28 250.41 215.86 0.0016536
bookshelf 0 0 -10 206.12 17.22 271.15 153.82 0.0016349
bookshelf 0 0 -10 272.06 51.86 356.89 106.15 0.0014848
bed 0 0 -10 616.75 162.83 677.58 529.79 0.0014678
bookshelf 0 0 -10 140.74 0.37 600.45 225.08 0.0014447
bed 0 0 -10 3.45 275.57 231.16 531.00 0.0014446
desk 0 0 -10 0.00 54.78 681.00 519.83 0.0014063
chair 0 0 -10 185.41 4.10 295.28 170.88 0.0013811
bookshelf 0 0 -10 8.08 119.77 248.79 323.91 0.0012977
desk 0 0 -10 0.00 22.38 359.06 390.11 0.0011828
table 0 0 -10 183.77 4.27 427.51 159.46 0.0011340
table 0 0 -10 641.88 181.68 680.32 531.00 0.0009157
chair 0 0 -10 0.00 14.57 181.28 314.31 0.0009130
table 0 0 -10 1.82 71.97 254.62 309.03 0.0008709
dresser 0 0 -10 15.60 20.00 316.92 394.23 0.0008588
bed 0 0 -10 220.48 418.95 664.49 528.47 0.0008116
bed 0 0 -10 243.15 490.25 633.02 531.00 0.0007483
chair 0 0 -10 159.85 5.01 380.84 180.32 0.0007304
bookshelf 0 0 -10 239.75 0.00 574.32 103.40 0.0007191
table 0 0 -10 10.94 23.68 345.53 393.05 0.0007119
bookshelf 0 0 -10 292.99 11.80 347.00 159.40 0.0006754
dresser 0 0 -10 7.89 44.53 663.66 525.89 0.0006585
chair 0 0 -10 551.85 296.71 636.87 503.82 0.0006415
bookshelf 0 0 -10 619.21 148.01 676.84 524.00 0.0006351
table 0 0 -10 9.38 226.65 309.93 493.97 0.0006149
bookshelf 0 0 -10 316.53 0.37 436.87 55.20 0.0006099
bed 0 0 -10 100.06 356.48 644.06 531.00 0.0005937
bookshelf 0 0 -10 131.37 85.57 294.68 174.22 0.0005833
sofa 0 0 -10 183.32 9.04 423.52 157.96 0.0005821
sofa 0 0 -10 621.51 111.21 680.51 493.49 0.0005657
table 0 0 -10 309.19 92.98 354.29 169.29 0.0005543
sofa 0 0 -10 618.98 285.92 680.41 448.65 0.0005191
chair 0 0 -10 252.40 423.51 658.60 531.00 0.0005152
bookshelf 0 0 -10 317.07 60.09 335.39 96.28 0.0005119
chair 0 0 -10 1.71 25.23 278.12 396.28 0.0005083
desk 0 0 -10 179.82 15.00 301.53 167.72 0.0004909
bookshelf 0 0 -10 279.39 51.10 287.09 139.46 0.0004886
bed 0 0 -10 1.24 5.68 476.81 455.54 0.0004817
dresser 0 0 -10 617.54 168.46 677.42 523.71 0.0004533
chair 0 0 -10 517.62 385.01 674.80 531.00 0.0004478
table 0 0 -10 96.60 259.21 653.05 529.57 0.0004293
desk 0 0 -10 616.59 217.65 681.00 509.27 0.0004285
table 0 0 -10 647.47 434.54 678.99 531.00 0.0004223
chair 0 0 -10 6.19 69.93 391.26 511.64 0.0004198
chair 0 0 -10 203.37 278.70 659.22 531.00 0.0004051
bed 0 0 -10 352.80 504.20 670.71 531.00 0.0004019
desk 0 0 -10 29.52 4.23 440.25 260.22 0.0003765
chair 0 0 -10 605.55 1.25 681.00 229.54 0.0003762
bookshelf 0 0 -10 0.00 134.78 160.38 294.75 0.0003661
desk 0 0 -10 0.00 117.59 200.68 234.56 0.0003642
sofa 0 0 -10 9.07 30.62 208.68 291.33 0.0003624
sofa 0 0 -10 10.04 30.41 320.26 374.94 0.0003452
bathtub 0 0 -10 12.96 61.53 650.44 508.68 0.0003426
bookshelf 0 0 -10 270.59 54.36 280.48 100.20 0.0003382
bed 0 0 -10 0.00 198.31 368.14 529.36 0.0003364
chair 0 0 -10 532.35 320.24 608.20 426.52 0.0003339
bookshelf 0 0 -10 0.00 53.93 70.47 471.62 0.0003288
bed 0 0 -10 265.14 163.78 663.75 455.33 0.0003281
chair 0 0 -10 361.84 110.82 671.54 513.60 0.0003197
bed 0 0 -10 173.27 0.00 422.39 170.25 0.0003155
