sofa 0 0 -10 126.62 34.97 669.51 515.97 0.9633057
chair 0 0 -10 615.04 129.46 679.74 440.13 0.3548752
sofa 0 0 -10 0.00 8.37 302.36 245.25 0.3223105
table 0 0 -10 605.07 192.06 677.60 446.93 0.0769953
table 0 0 -10 12.23 4.97 316.38 175.32 0.0699870
chair 0 0 -10 47.88 7.24 328.96 171.35 0.0660969
bed 0 0 -10 98.75 101.57 674.35 528.86 0.0407009
sofa 0 0 -10 1.03 96.58 47.87 270.03 0.0406135
night_stand 0 0 -10 607.95 200.28 681.00 445.07 0.0366933
chair 0 0 -10 144.97 2.30 290.14 162.95 0.0333708
bed 0 0 -10 268.90 1.87 681.00 82.22 0.0307389
bed 0 0 -10 603.37 105.70 678.68 467.90 0.0209111
chair 0 0 -10 0.00 37.64 55.59 280.46 0.0207902
sofa 0 0 -10 525.34 78.29 678.94 463.04 0.0198714
sofa 0 0 -10 615.72 146.57 679.09 455.47 0.0171113
chair 0 0 -10 559.63 98.60 678.32 448.18 0.0161895
table 0 0 -10 631.97 227.08 677.80 425.65 0.0129659
sofa 0 0 -10 148.75 13.16 627.84 299.88 0.0120704
table 0 0 -10 0.01 49.06 277.71 255.59 0.0108630
chair 0 0 -10 14.73 0.00 291.00 268.55 0.0105488
table 0 0 -10 560.78 134.26 676.01 460.66 0.0102760
chair 0 0 -10 139.36 53.83 671.93 523.70 0.0100056
chair 0 0 -10 627.14 235.03 679.93 421.89 0.0096891
sofa 0 0 -10 120.17 17.25 441.32 444.34 0.0088683
table 0 0 -10 1.97 111.47 48.49 259.66 0.0086710
desk 0 0 -10 614.83 158.39 679.07 442.73 0.0086087
table 0 0 -10 106.02 130.40 658.53 531.00 0.0081200
dresser 0 0 -10 610.30 153.64 677.32 441.12 0.0074123
table 0 0 -10 301.71 6.37 676.78 91.28 0.0070922
chair 0 0 -10 7.89 0.00 212.27 131.89 0.0056806
bed 0 0 -10 220.63 9.57 680.29 355.65 0.0054248
bed 0 0 -10 551.55 61.66 676.22 451.74 0.0051877
desk 0 0 -10 2.86 6.15 312.29 201.17 0.0047718
toilet 0 0 -10 607.21 158.34 677.58 446.26 0.0034281
sofa 0 0 -10 459.53 175.12 674.17 502.39 0.0034161
chair 0 0 -10 1.42 130.75 51.15 258.87 0.0033296
sofa 0 0 -10 631.43 220.81 679.01 425.43 0.0030899
bed 0 0 -10 11.52 0.00 422.83 145.69 0.0030483
bookshelf 0 0 -10 12.94 0.00 309.18 175.92 0.0028288
sofa 0 0 -10 8.75 2.59 419.73 139.80 0.0027116
table 0 0 -10 4.83 4.18 236.42 111.37 0.0025997
sofa 0 0 -10 16.48 32.64 281.70 157.88 0.0022330
sofa 0 0 -10 276.10 179.58 675.65 531.00 0.0021592
chair 0 0 -10 645.11 91.54 680.17 429.78 0.0021302
bed 0 0 -10 184.97 5.61 669.22 194.93 0.0019960
bed 0 0 -10 0.00 0.00 308.86 257.34 0.0019336
bed 0 0 -10 646.24 78.53 680.33 439.58 0.0019236
table 0 0 -10 538.91 271.92 676.50 530.30 0.0016282
table 0 0 -10 0.00 18.55 159.71 309.21 0.0016004
chair 0 0 -10 0.00 11.07 70.79 184.89 0.0015940
desk 0 0 -10 105.92 117.23 664.81 530.70 0.0015645
bed 0 0 -10 242.45 0.41 447.16 75.91 0.0015619
sofa 0 0 -10 267.39 3.29 678.62 97.17 0.0015530
sofa 0 0 -10 385.99 46.62 671.62 453.33 0.0015423
sofa 0 0 -10 128.33 1.27 504.67 171.52 0.0015206
chair 0 0 -10 458.07 122.41 681.00 463.39 0.0014893
bookshelf 0 0 -10 590.13 60.33 677.42 430.44 0.0013700
chair 0 0 -10 2.97 91.84 57.48 193.41 0.0013307
table 0 0 -10 114.32 0.00 503.29 143.19 0.0013191
chair 0 0 -10 0.00 13.96 123.66 314.20 0.0012981
sofa 0 0 -10 646.87 94.12 680.03 432.99 0.0011305
bathtub 0 0 -10 2.84 0.00 335.25 174.50 0.0011174
sofa 0 0 -10 105.64 3.35 294.33 178.64 0.0011113
dresser 0 0 -10 8.87 4.02 319.44 177.14 0.0010641
chair 0 0 -10 4.96 83.84 40.04 289.98 0.0010465
sofa 0 0 -10 8.46 0.00 324.59 461.00 0.0010261
chair 0 0 -10 129.45 0.00 272.09 52.88 0.0009408
table 0 0 -10 4.17 102.13 60.54 337.48 0.0009308
desk 0 0 -10 563.42 126.66 679.47 463.07 0.0009083
table 0 0 -10 247.62 2.58 447.47 72.59 0.0009000
night_stand 0 0 -10 544.29 184.71 681.00 454.89 0.0008860
chair 0 0 -10 101.67 5.56 259.39 219.58 0.0008539
bathtub 0 0 -10 618.97 160.30 677.10 448.27 0.0008486
table 0 0 -10 3.42 110.89 50.14 178.67 0.0008271
bed 0 0 -10 0.45 66.33 46.21 279.69 0.0007787
bed 0 0 -10 630.91 215.11 679.48 427.82 0.0007787
sofa 0 0 -10 0.00 18.64 60.83 248.89 0.0007687
table 0 0 -10 1.03 117.29 30.99 190.16 0.0007609
table 0 0 -10 90.42 92.50 268.68 231.76 0.0007185
chair 0 0 -10 150.56 0.00 627.03 115.75 0.0007110
sofa 0 0 -10 16.63 7.45 194.51 130.49 0.0007068
table 0 0 -10 133.10 13.01 673.30 375.35 0.0007031
night_stand 0 0 -10 10.33 0.00 315.02 177.11 0.0007027
sofa 0 0 -10 0.95 115.62 33.90 190.79 0.0006980
sofa 0 0 -10 3.70 71.85 24.87 287.43 0.0006951
chair 0 0 -10 128.04 1.78 401.01 435.52 0.0006628
sofa 0 0 -10 6.16 72.48 285.95 199.44 0.0006492
chair 0 0 -10 119.48 0.00 309.31 94.68 0.0006215
dresser 0 0 -10 559.16 68.99 675.04 450.17 0.0005998
dresser 0 0 -10 630.93 224.92 679.43 424.37 0.0005986
chair 0 0 -10 137.53 0.00 433.83 184.70 0.0005961
toilet 0 0 -10 4.22 1.80 318.53 183.94 0.0005875
bookshelf 0 0 -10 628.18 126.31 675.30 425.96 0.0005707
sofa 0 0 -10 0.00 17.62 151.05 306.94 0.0005667
table 0 0 -10 0.00 36.81 314.02 404.22 0.0005619
table 0 0 -10 1.55 54.16 121.69 452.46 0.0005312
chair 0 0 -10 3.33 114.31 50.14 171.93 0.0005064
table 0 0 -10 648.11 99.29 679.80 432.92 0.0004982
sofa 0 0 -10 167.77 123.33 636.41 362.10 0.0004956
sofa 0 0 -10 2.87 109.48 52.11 178.51 0.0004953
