chair 0 0 -10 390.46 5.66 681.00 356.10 0.8405699
sofa 0 0 -10 15.24 30.80 672.06 518.46 0.7289402
chair 0 0 -10 149.20 36.65 663.01 514.96 0.1661192
chair 0 0 -10 588.10 171.85 679.07 513.94 0.1610343
chair 0 0 -10 564.08 0.00 681.00 329.79 0.1525198
table 0 0 -10 1.95 18.86 454.67 500.92 0.0492468
chair 0 0 -10 367.98 149.91 681.00 523.32 0.0347521
bed 0 0 -10 5.88 27.03 494.06 522.98 0.0290981
chair 0 0 -10 14.18 0.00 448.81 304.50 0.0240189
chair 0 0 -10 630.98 10.65 675.45 333.58 0.0220751
sofa 0 0 -10 359.68 18.31 678.35 490.51 0.0218429
table 0 0 -10 8.66 10.85 483.21 256.86 0.0173422
table 0 0 -10 354.31 14.27 652.47 310.02 0.0159597
sofa 0 0 -10 5.27 11.45 438.46 268.22 0.0135435
sofa 0 0 -10 21.98 105.16 408.02 531.00 0.0123009
desk 0 0 -10 0.00 41.21 480.25 515.80 0.0108838
chair 0 0 -10 534.34 251.62 679.61 531.00 0.0099427
table 0 0 -10 609.61 43.38 677.24 531.00 0.0096573
chair 0 0 -10 631.69 184.47 678.71 519.07 0.0086403
table 0 0 -10 160.51 110.89 663.45 527.63 0.0083885
sofa 0 0 -10 212.67 167.90 677.46 529.39 0.0071276
bed 0 0 -10 136.81 67.42 675.30 528.26 0.0062135
bed 0 0 -10 340.91 165.86 681.00 527.67 0.0056241
sofa 0 0 -10 609.73 10.49 677.54 527.24 0.0041379
table 0 0 -10 619.60 250.96 677.35 516.31 0.0039164
sofa 0 0 -10 6.49 11.59 458.47 143.32 0.0035617
sofa 0 0 -10 409.36 7.56 677.72 264.02 0.0034622
bed 0 0 -10 0.00 1.83 449.18 282.33 0.0033773
bed 0 0 -10 0.00 4.87 449.41 132.83 0.0032901
chair 0 0 -10 23.88 0.00 459.84 148.84 0.0031983
table 0 0 -10 589.15 12.81 680.28 337.23 0.0031176
table 0 0 -10 543.83 222.01 675.86 517.60 0.0026135
chair 0 0 -10 259.79 280.58 658.58 525.48 0.0023857
chair 0 0 -10 246.23 0.00 625.23 321.42 0.0023773
toilet 0 0 -10 394.44 19.01 659.26 351.67 0.0023711
table 0 0 -10 23.91 181.55 346.74 523.57 0.0022357
chair 0 0 -10 480.17 35.39 676.57 253.91 0.0022226
sofa 0 0 -10 546.97 16.23 676.13 493.78 0.0021856
chair 0 0 -10 572.00 349.92 677.56 531.00 0.0021567
chair 0 0 -10 10.10 14.98 367.20 509.91 0.0021332
bookshelf 0 0 -10 398.77 3.58 661.25 324.94 0.0019436
desk 0 0 -10 611.68 27.54 678.57 531.00 0.0019277
sofa 0 0 -10 548.84 4.65 677.27 222.88 0.0018588
bookshelf 0 0 -10 10.85 0.00 455.23 485.18 0.0017636
table 0 0 -10 344.22 222.08 672.72 531.00 0.0017128
night_stand 0 0 -10 253.95 166.80 672.17 531.00 0.0016792
dresser 0 0 -10 0.00 14.00 463.49 497.42 0.0016468
dresser 0 0 -10 182.73 56.99 663.68 516.83 0.0016215
sofa 0 0 -10 619.79 233.32 677.81 513.48 0.0015525
desk 0 0 -10 369.58 11.92 660.62 280.81 0.0014859
bathtub 0 0 -10 2.07 12.63 445.46 460.52 0.0014827
toilet 0 0 -10 76.53 47.38 649.76 527.81 0.0014059
table 0 0 -10 644.35 314.74 679.90 492.26 0.0013354
table 0 0 -10 649.54 116.13 679.33 531.00 0.0013247
table 0 0 -10 239.20 81.47 613.68 325.04 0.0013010
chair 0 0 -10 598.59 87.53 678.67 325.48 0.0011855
table 0 0 -10 4.80 4.30 438.48 134.14 0.0011646
desk 0 0 -10 150.89 88.23 671.68 530.92 0.0011186
table 0 0 -10 633.41 30.10 675.25 340.50 0.0010782
toilet 0 0 -10 609.34 23.36 679.25 529.42 0.0010619
chair 0 0 -10 646.07 71.02 678.67 312.24 0.0010550
desk 0 0 -10 336.52 0.00 676.09 469.50 0.0010517
sofa 0 0 -10 574.99 192.14 678.37 478.31 0.0010305
bookshelf 0 0 -10 552.75 0.00 676.30 498.36 0.0009891
sofa 0 0 -10 61.70 280.30 573.67 531.00 0.0009872
desk 0 0 -10 15.51 11.19 490.42 261.88 0.0009369
night_stand 0 0 -10 25.16 17.67 577.97 522.24 0.0009345
chair 0 0 -10 0.00 13.59 68.04 310.02 0.0009333
bookshelf 0 0 -10 285.68 0.00 669.38 476.25 0.0009291
desk 0 0 -10 590.42 3.32 679.22 334.03 0.0009121
dresser 0 0 -10 373.94 7.05 672.00 461.27 0.0009098
bed 0 0 -10 546.74 189.13 681.00 508.03 0.0008858
chair 0 0 -10 0.48 85.71 51.01 272.01 0.0008517
night_stand 0 0 -10 392.54 12.42 666.05 325.72 0.0008444
bathtub 0 0 -10 62.08 72.58 648.58 507.93 0.0007596
chair 0 0 -10 649.52 207.82 680.10 483.04 0.0007400
bed 0 0 -10 607.82 4.49 678.68 531.00 0.0007201
table 0 0 -10 54.21 288.84 507.51 530.21 0.0007125
dresser 0 0 -10 610.08 21.98 678.49 527.83 0.0007024
table 0 0 -10 665.70 257.48 680.34 518.74 0.0006899
chair 0 0 -10 389.20 129.07 667.94 290.50 0.0006724
toilet 0 0 -10 569.42 7.80 681.00 349.34 0.0006218
chair 0 0 -10 606.93 447.72 679.35 530.16 0.0006194
bed 0 0 -10 385.47 11.01 663.48 331.59 0.0006161
bed 0 0 -10 2.06 237.19 188.62 516.03 0.0006155
toilet 0 0 -10 0.23 8.19 441.49 494.77 0.0005956
chair 0 0 -10 663.00 17.63 680.77 302.60 0.0005798
chair 0 0 -10 0.00 3.34 172.10 301.92 0.0005430
desk 0 0 -10 548.06 207.87 680.83 515.38 0.0005176
dresser 0 0 -10 573.21 9.15 679.69 327.95 0.0004983
table 0 0 -10 424.05 4.12 658.99 179.50 0.0004971
chair 0 0 -10 616.18 295.82 681.00 476.35 0.0004936
sofa 0 0 -10 5.70 171.21 275.04 491.10 0.0004780
chair 0 0 -10 289.22 135.22 674.05 370.96 0.0004760
chair 0 0 -10 410.53 0.00 641.65 170.85 0.0004551
dresser 0 0 -10 554.63 204.79 678.76 504.73 0.0004531
sofa 0 0 -10 648.77 113.62 679.11 531.00 0.0004527
table 0 0 -10 452.18 122.68 673.57 341.84 0.0004482
night_stand 0 0 -10 555.88 226.60 681.00 505.95 0.0004461
sofa 0 0 -10 610.52 8.42 679.04 268.37 0.0004459
