chair 0 0 -10 0.98 64.52 150.55 288.77 0.9799090
chair 0 0 -10 131.59 39.40 451.55 510.47 0.9573782
chair 0 0 -10 0.82 70.01 52.08 292.22 0.0677525
table 0 0 -10 588.40 66.22 678.65 301.93 0.0486283
chair 0 0 -10 0.00 42.32 107.13 233.45 0.0350140
chair 0 0 -10 248.08 39.49 461.94 370.11 0.0093261
chair 0 0 -10 88.51 368.49 451.65 531.00 0.0090211
chair 0 0 -10 0.40 80.23 24.45 298.16 0.0075555
sofa 0 0 -10 87.81 33.43 471.08 476.28 0.0073758
table 0 0 -10 67.77 35.00 502.42 454.66 0.0069929
chair 0 0 -10 3.46 87.56 10.08 282.76 0.0062460
chair 0 0 -10 59.20 197.52 527.51 531.00 0.0058329
sofa 0 0 -10 0.00 46.56 131.90 257.97 0.0049237
table 0 0 -10 570.59 124.35 678.61 235.44 0.0046713
table 0 0 -10 0.00 57.55 124.53 260.65 0.0044302
chair 0 0 -10 1.86 136.29 52.38 218.88 0.0041192
chair 0 0 -10 227.54 83.18 450.65 255.91 0.0038718
table 0 0 -10 0.00 87.24 31.51 307.26 0.0031861
chair 0 0 -10 129.54 35.83 443.65 276.81 0.0030116
table 0 0 -10 21.16 4.02 333.72 86.13 0.0029578
chair 0 0 -10 0.00 110.85 62.77 404.60 0.0027207
table 0 0 -10 0.00 132.02 19.50 299.99 0.0022904
chair 0 0 -10 0.90 129.04 28.77 215.31 0.0021774
table 0 0 -10 36.88 73.49 335.29 427.03 0.0019262
chair 0 0 -10 0.92 164.24 31.79 265.59 0.0018860
desk 0 0 -10 0.00 56.29 121.41 263.17 0.0018319
table 0 0 -10 0.00 119.67 177.89 332.53 0.0016879
table 0 0 -10 573.68 62.61 680.55 471.88 0.0016792
chair 0 0 -10 58.84 401.56 286.03 530.59 0.0016665
table 0 0 -10 283.83 105.38 459.80 308.01 0.0016663
desk 0 0 -10 74.03 29.43 502.64 462.84 0.0016244
table 0 0 -10 10.00 0.09 491.62 118.25 0.0015786
table 0 0 -10 637.58 62.82 677.76 348.13 0.0015412
table 0 0 -10 11.76 41.66 275.53 269.10 0.0015376
chair 0 0 -10 113.27 250.78 374.26 531.00 0.0014839
chair 0 0 -10 23.62 46.82 223.47 309.92 0.0014812
table 0 0 -10 85.55 184.37 450.83 530.84 0.0014785
table 0 0 -10 0.00 175.24 292.61 531.00 0.0012964
chair 0 0 -10 168.59 136.17 460.51 293.19 0.0012407
chair 0 0 -10 0.50 143.26 12.78 279.77 0.0012397
table 0 0 -10 7.22 0.00 650.96 214.21 0.0011926
chair 0 0 -10 252.50 50.28 641.65 530.57 0.0010049
table 0 0 -10 3.82 98.34 9.81 283.59 0.0009809
table 0 0 -10 278.01 156.61 498.23 261.25 0.0009587
desk 0 0 -10 0.00 115.58 172.65 332.53 0.0008453
sofa 0 0 -10 7.58 9.76 339.76 127.31 0.0007973
sofa 0 0 -10 1.30 32.68 214.82 212.61 0.0007754
desk 0 0 -10 581.21 90.99 681.00 302.29 0.0007535
chair 0 0 -10 75.75 50.89 344.20 415.36 0.0007278
chair 0 0 -10 0.00 96.81 212.03 492.95 0.0006754
chair 0 0 -10 0.00 174.09 61.34 284.97 0.0006463
chair 0 0 -10 133.61 418.58 569.43 531.00 0.0006414
chair 0 0 -10 0.00 3.14 123.57 123.54 0.0006120
chair 0 0 -10 0.78 159.86 80.58 217.40 0.0005863
table 0 0 -10 0.00 161.27 10.43 294.46 0.0005806
table 0 0 -10 489.63 95.25 678.17 325.61 0.0005501
table 0 0 -10 230.68 31.81 615.88 469.83 0.0005486
desk 0 0 -10 0.00 85.14 31.41 306.07 0.0004921
desk 0 0 -10 9.63 34.93 282.10 278.67 0.0004551
table 0 0 -10 158.07 153.78 463.11 283.64 0.0004454
table 0 0 -10 0.35 75.77 49.19 250.64 0.0004217
sofa 0 0 -10 0.00 31.65 517.03 302.08 0.0003885
table 0 0 -10 0.00 152.86 43.39 231.37 0.0003831
table 0 0 -10 2.33 357.77 250.80 529.85 0.0003811
chair 0 0 -10 0.00 149.36 7.77 306.22 0.0003735
sofa 0 0 -10 51.21 202.06 552.99 531.00 0.0003565
table 0 0 -10 1.81 147.62 7.97 275.47 0.0003555
table 0 0 -10 370.38 71.17 645.57 324.40 0.0003550
chair 0 0 -10 0.15 157.25 106.29 295.68 0.0003429
table 0 0 -10 0.37 147.79 15.88 238.56 0.0003396
chair 0 0 -10 287.06 34.98 552.56 272.04 0.0003379
table 0 0 -10 0.00 172.31 29.79 263.32 0.0003350
table 0 0 -10 0.00 152.88 26.33 215.27 0.0003281
table 0 0 -10 328.54 215.66 673.68 531.00 0.0003192
chair 0 0 -10 0.34 1.89 56.54 158.53 0.0003044
table 0 0 -10 101.72 263.94 323.20 531.00 0.0003001
chair 0 0 -10 1.46 189.89 51.60 255.92 0.0002992
table 0 0 -10 660.13 51.21 680.53 386.29 0.0002920
chair 0 0 -10 618.03 123.97 681.00 520.00 0.0002892
chair 0 0 -10 38.88 16.82 435.28 173.51 0.0002818
chair 0 0 -10 2.61 7.88 18.79 248.22 0.0002814
chair 0 0 -10 1.32 10.76 7.61 279.55 0.0002799
bookshelf 0 0 -10 95.29 3.19 451.07 457.92 0.0002789
chair 0 0 -10 0.78 226.55 53.91 502.28 0.0002747
bookshelf 0 0 -10 3.49 36.01 123.89 261.62 0.0002719
chair 0 0 -10 292.36 11.24 479.17 178.76 0.0002662
table 0 0 -10 0.00 127.71 60.86 419.16 0.0002651
toilet 0 0 -10 128.33 58.66 448.36 465.86 0.0002637
desk 0 0 -10 139.61 169.88 459.50 519.88 0.0002567
sofa 0 0 -10 12.56 0.34 617.10 108.51 0.0002555
chair 0 0 -10 5.22 148.83 15.22 300.04 0.0002451
table 0 0 -10 9.18 112.98 169.81 228.29 0.0002415
table 0 0 -10 35.93 0.84 235.52 122.96 0.0002330
chair 0 0 -10 0.30 91.45 33.20 428.59 0.0002325
bed 0 0 -10 0.64 46.83 127.78 269.22 0.0002315
desk 0 0 -10 0.00 130.15 19.27 298.29 0.0002308
table 0 0 -10 437.78 52.39 675.15 523.12 0.0002304
chair 0 0 -10 23.53 461.19 283.21 531.00 0.0002235
dresser 0 0 -10 1.84 48.81 125.92 263.18 0.0002224
chair 0 0 -10 2.57 118.75 74.09 167.84 0.0002180
