chair 0 0 -10 0.75 61.26 237.32 508.29 0.9908295
chair 0 0 -10 21.08 0.78 223.19 157.70 0.9835213
chair 0 0 -10 518.32 0.00 679.30 95.78 0.8881944
table 0 0 -10 123.38 12.16 681.00 518.01 0.8873246
desk 0 0 -10 112.28 21.62 681.00 531.00 0.4254962
chair 0 0 -10 13.29 32.44 253.64 230.59 0.2389775
chair 0 0 -10 469.76 0.00 671.94 175.48 0.2050225
chair 0 0 -10 79.73 65.30 499.97 526.10 0.1325890
chair 0 0 -10 26.18 41.80 301.29 345.30 0.0877272
table 0 0 -10 532.29 0.00 677.93 94.54 0.0683047
table 0 0 -10 116.40 9.19 666.32 222.28 0.0680091
table 0 0 -10 451.22 3.97 671.80 126.82 0.0671345
chair 0 0 -10 370.18 68.57 671.69 487.65 0.0632640
chair 0 0 -10 0.50 16.72 132.54 344.95 0.0587869
chair 0 0 -10 0.61 0.00 125.17 148.27 0.0504361
chair 0 0 -10 529.88 14.81 681.00 405.66 0.0357891
chair 0 0 -10 84.61 0.53 371.76 220.17 0.0337857
table 0 0 -10 137.25 273.92 679.77 531.00 0.0307958
chair 0 0 -10 383.26 357.19 681.00 530.81 0.0252282
table 0 0 -10 34.52 73.47 338.61 497.05 0.0231071
table 0 0 -10 279.71 2.01 648.47 122.11 0.0226923
chair 0 0 -10 92.72 3.04 246.24 195.17 0.0217712
table 0 0 -10 0.67 42.28 181.04 205.22 0.0202230
table 0 0 -10 397.47 18.70 675.61 451.65 0.0163835
desk 0 0 -10 128.73 277.99 681.00 531.00 0.0147873
chair 0 0 -10 597.93 10.77 680.52 315.03 0.0146342
chair 0 0 -10 305.54 235.56 663.39 528.56 0.0146003
table 0 0 -10 451.35 13.90 655.09 225.14 0.0141653
desk 0 0 -10 62.88 67.52 303.55 499.44 0.0130595
chair 0 0 -10 605.27 0.89 680.88 96.28 0.0123930
table 0 0 -10 0.46 214.96 208.01 525.83 0.0122823
chair 0 0 -10 0.73 75.26 101.57 512.57 0.0120676
chair 0 0 -10 445.98 459.21 681.00 530.42 0.0111935
table 0 0 -10 87.46 12.98 469.59 328.40 0.0111371
sofa 0 0 -10 441.75 462.66 681.00 531.00 0.0110308
chair 0 0 -10 130.43 23.96 381.68 447.81 0.0105218
table 0 0 -10 6.26 5.79 208.04 146.00 0.0097900
chair 0 0 -10 400.60 0.00 663.63 342.84 0.0096092
chair 0 0 -10 589.64 63.36 681.00 486.36 0.0092023
chair 0 0 -10 0.56 295.10 242.20 528.09 0.0083727
desk 0 0 -10 462.77 1.08 672.97 111.68 0.0082735
chair 0 0 -10 79.99 88.11 305.99 177.95 0.0074611
table 0 0 -10 552.07 30.68 679.70 480.91 0.0074314
table 0 0 -10 0.84 88.57 233.31 373.66 0.0069589
desk 0 0 -10 558.64 25.73 679.24 491.31 0.0060033
desk 0 0 -10 411.47 19.91 675.95 466.04 0.0059943
table 0 0 -10 52.25 12.33 341.86 186.69 0.0058497
desk 0 0 -10 0.00 131.03 228.12 438.31 0.0054093
chair 0 0 -10 281.98 7.41 619.79 397.73 0.0050213
sofa 0 0 -10 467.89 0.29 677.51 110.30 0.0042830
chair 0 0 -10 69.16 38.64 206.49 316.88 0.0041654
table 0 0 -10 624.50 318.87 678.58 520.13 0.0041317
chair 0 0 -10 219.13 0.00 406.93 262.03 0.0039643
sofa 0 0 -10 5.41 2.03 220.52 147.92 0.0036841
chair 0 0 -10 10.27 120.21 261.70 279.11 0.0034569
chair 0 0 -10 481.57 0.00 620.47 106.33 0.0034116
bed 0 0 -10 448.96 456.92 676.70 531.00 0.0033378
desk 0 0 -10 5.21 6.87 206.32 146.12 0.0030756
table 0 0 -10 47.89 60.54 323.76 292.58 0.0030700
table 0 0 -10 593.99 37.44 679.25 339.87 0.0030341
desk 0 0 -10 95.49 9.63 415.04 459.16 0.0029973
chair 0 0 -10 479.55 251.31 681.00 510.66 0.0028488
chair 0 0 -10 0.00 40.21 70.22 366.96 0.0027047
chair 0 0 -10 0.00 2.08 104.72 89.64 0.0026296
chair 0 0 -10 141.29 0.17 579.39 195.14 0.0024887
chair 0 0 -10 197.95 333.49 617.31 529.12 0.0020306
desk 0 0 -10 3.14 39.34 177.09 205.06 0.0020160
desk 0 0 -10 584.75 3.13 678.33 117.17 0.0019581
chair 0 0 -10 38.71 358.99 427.55 531.00 0.0019473
table 0 0 -10 262.33 1.10 515.60 95.02 0.0019032
table 0 0 -10 0.00 66.17 130.78 307.31 0.0017935
chair 0 0 -10 1.75 325.75 84.93 525.45 0.0017805
chair 0 0 -10 171.34 174.15 599.32 520.28 0.0015845
chair 0 0 -10 569.90 328.39 681.00 526.99 0.0015823
dresser 0 0 -10 133.65 176.91 681.00 531.00 0.0015237
table 0 0 -10 162.54 10.03 380.96 244.83 0.0014953
table 0 0 -10 14.32 123.70 273.78 256.46 0.0014455
chair 0 0 -10 157.79 427.99 573.40 528.36 0.0013298
desk 0 0 -10 110.34 7.30 663.37 225.24 0.0012959
desk 0 0 -10 472.71 7.58 669.74 206.60 0.0012917
sofa 0 0 -10 0.00 89.49 241.50 461.39 0.0012592
table 0 0 -10 243.70 2.66 484.22 187.98 0.0012206
bookshelf 0 0 -10 470.68 0.00 675.53 110.45 0.0012112
bed 0 0 -10 150.64 0.00 675.16 531.00 0.0012105
night_stand 0 0 -10 531.84 0.00 672.84 109.35 0.0011425
desk 0 0 -10 2.46 192.90 174.24 529.83 0.0011277
table 0 0 -10 565.63 299.14 678.19 517.00 0.0011157
chair 0 0 -10 268.02 389.30 492.36 531.00 0.0011144
table 0 0 -10 113.62 84.45 348.30 178.95 0.0011081
table 0 0 -10 380.11 0.00 653.62 82.75 0.0010947
night_stand 0 0 -10 151.14 182.72 681.00 531.00 0.0010801
bathtub 0 0 -10 147.82 199.81 675.91 531.00 0.0010777
chair 0 0 -10 0.00 135.55 63.55 486.64 0.0010470
chair 0 0 -10 541.62 0.00 668.28 59.96 0.0010306
desk 0 0 -10 597.59 31.52 679.15 337.62 0.0010074
table 0 0 -10 642.26 129.64 678.98 518.44 0.0009503
table 0 0 -10 3.58 7.17 124.08 103.74 0.0009347
dresser 0 0 -10 467.55 0.89 676.38 110.15 0.0008852
chair 0 0 -10 63.76 231.71 385.34 525.80 0.0008708
table 0 0 -10 1.67 78.40 113.71 520.77 0.0008653
