chair 0 0 -10 124.79 114.95 387.58 381.04 0.8119574
chair 0 0 -10 549.76 75.57 675.92 242.59 0.7630160
table 0 0 -10 517.47 231.80 680.42 531.00 0.7346649
chair 0 0 -10 4.60 179.27 315.97 531.00 0.5705193
desk 0 0 -10 521.21 249.31 681.00 531.00 0.5208700
sofa 0 0 -10 3.61 158.07 321.51 527.71 0.3294088
table 0 0 -10 627.91 202.26 681.00 294.76 0.1821279
table 0 0 -10 617.13 190.71 681.00 475.41 0.1326099
table 0 0 -10 0.00 216.86 105.32 520.17 0.0684446
table 0 0 -10 128.12 159.86 374.29 378.25 0.0656482
table 0 0 -10 638.35 194.52 679.20 382.51 0.0379740
table 0 0 -10 580.02 260.09 679.99 436.95 0.0356833
sofa 0 0 -10 151.01 140.18 385.86 376.74 0.0345250
table 0 0 -10 661.38 180.93 676.88 300.04 0.0236200
table 0 0 -10 647.72 168.24 680.31 305.70 0.0228084
chair 0 0 -10 547.40 63.84 681.00 458.81 0.0210207
table 0 0 -10 552.53 113.44 678.97 279.33 0.0196732
chair 0 0 -10 608.47 176.60 680.76 456.68 0.0184224
bookshelf 0 0 -10 201.19 0.55 407.23 156.29 0.0172435
table 0 0 -10 657.09 178.39 680.72 492.26 0.0161034
table 0 0 -10 610.74 181.16 680.62 328.85 0.0151385
sofa 0 0 -10 553.10 73.45 678.86 238.54 0.0149792
chair 0 0 -10 1.62 290.71 53.50 524.16 0.0134337
table 0 0 -10 642.31 206.15 671.46 288.73 0.0128806
table 0 0 -10 0.00 161.64 137.79 435.52 0.0122460
desk 0 0 -10 592.21 220.35 680.73 480.48 0.0112737
table 0 0 -10 598.19 228.97 679.14 382.90 0.0107726
chair 0 0 -10 643.29 194.97 680.71 508.16 0.0096478
chair 0 0 -10 631.78 199.61 680.76 293.82 0.0091810
table 0 0 -10 0.58 344.07 26.85 531.00 0.0087592
chair 0 0 -10 0.18 142.15 112.87 531.00 0.0084774
table 0 0 -10 2.74 310.96 51.01 524.51 0.0082637
table 0 0 -10 655.10 185.81 671.69 288.03 0.0059623
chair 0 0 -10 494.65 247.59 667.37 527.42 0.0058805
chair 0 0 -10 231.05 144.47 387.29 344.25 0.0055621
table 0 0 -10 560.18 176.39 677.59 397.04 0.0055359
desk 0 0 -10 632.91 217.03 677.64 519.41 0.0054170
table 0 0 -10 8.76 165.61 281.49 529.35 0.0053805
table 0 0 -10 30.15 23.97 377.72 340.21 0.0053564
table 0 0 -10 404.80 3.67 677.73 113.19 0.0044048
chair 0 0 -10 550.06 69.49 595.51 224.42 0.0043645
chair 0 0 -10 611.42 95.12 681.00 294.96 0.0040131
chair 0 0 -10 574.72 218.53 675.97 495.51 0.0039055
desk 0 0 -10 631.26 207.83 679.98 292.57 0.0035184
bookshelf 0 0 -10 407.23 4.19 499.25 63.91 0.0031698
table 0 0 -10 234.24 209.90 667.53 531.00 0.0030930
chair 0 0 -10 464.26 0.62 567.09 84.98 0.0030608
sofa 0 0 -10 519.02 180.92 681.00 531.00 0.0029196
chair 0 0 -10 3.84 313.50 30.38 531.00 0.0028724
desk 0 0 -10 147.24 161.70 382.09 376.46 0.0028533
table 0 0 -10 607.03 289.17 677.57 521.98 0.0027583
table 0 0 -10 423.81 222.14 643.63 524.93 0.0025674
chair 0 0 -10 407.17 2.65 491.36 56.65 0.0025514
bed 0 0 -10 515.04 183.42 681.00 531.00 0.0023486
desk 0 0 -10 26.93 170.81 393.13 531.00 0.0022704
sofa 0 0 -10 4.92 156.64 138.83 516.76 0.0022458
chair 0 0 -10 654.56 179.75 677.92 293.22 0.0021954
chair 0 0 -10 646.16 205.65 669.32 287.99 0.0020331
chair 0 0 -10 625.58 2.06 681.00 142.81 0.0019702
desk 0 0 -10 556.21 109.55 677.27 247.51 0.0019680
chair 0 0 -10 639.43 70.60 678.51 216.62 0.0019581
table 0 0 -10 1.40 357.63 121.93 531.00 0.0017652
chair 0 0 -10 650.72 72.93 681.00 317.84 0.0017157
table 0 0 -10 0.99 313.19 88.14 478.78 0.0016134
table 0 0 -10 244.99 143.39 387.17 303.26 0.0015889
sofa 0 0 -10 620.75 170.91 681.00 468.45 0.0015876
chair 0 0 -10 135.78 97.86 326.56 277.94 0.0015221
table 0 0 -10 58.32 8.73 391.10 163.37 0.0014631
chair 0 0 -10 643.89 181.08 680.47 358.99 0.0014630
table 0 0 -10 81.94 179.65 390.29 517.43 0.0014418
sofa 0 0 -10 54.96 37.93 390.97 352.45 0.0014380
table 0 0 -10 567.48 464.00 673.31 531.00 0.0014203
chair 0 0 -10 351.67 359.55 619.01 531.00 0.0013861
bookshelf 0 0 -10 126.77 24.63 384.78 359.93 0.0013540
bathtub 0 0 -10 12.25 12.23 385.50 202.47 0.0012715
bookshelf 0 0 -10 52.48 8.07 396.89 210.24 0.0012502
chair 0 0 -10 2.55 274.02 101.67 478.35 0.0012491
desk 0 0 -10 1.24 122.48 104.37 526.42 0.0012258
table 0 0 -10 386.93 326.36 606.73 531.00 0.0012113
table 0 0 -10 664.86 201.69 680.72 312.25 0.0012056
desk 0 0 -10 49.32 7.60 413.15 159.88 0.0011807
bookshelf 0 0 -10 406.54 0.00 681.00 115.93 0.0011626
table 0 0 -10 589.65 277.11 679.10 357.74 0.0011595
chair 0 0 -10 443.54 5.95 560.57 50.23 0.0011106
table 0 0 -10 8.44 273.27 19.91 531.00 0.0011076
table 0 0 -10 130.57 101.17 253.27 204.97 0.0010921
sofa 0 0 -10 626.75 195.76 681.00 297.99 0.0010902
chair 0 0 -10 659.08 178.57 678.32 487.87 0.0010869
desk 0 0 -10 404.50 2.04 681.00 113.99 0.0010683
table 0 0 -10 132.77 145.75 377.33 271.21 0.0010649
chair 0 0 -10 537.39 40.59 590.42 194.35 0.0010559
chair 0 0 -10 0.08 157.87 37.85 527.21 0.0010453
chair 0 0 -10 423.15 1.32 512.06 84.54 0.0010127
table 0 0 -10 546.54 346.92 678.16 531.00 0.0009745
chair 0 0 -10 659.89 72.82 680.93 220.88 0.0009517
chair 0 0 -10 498.26 1.22 570.49 62.47 0.0009282
desk 0 0 -10 25.60 17.95 395.32 348.70 0.0009013
night_stand 0 0 -10 515.08 274.07 681.00 531.00 0.0008475
table 0 0 -10 6.06 334.39 233.25 531.00 0.0008343
dresser 0 0 -10 8.66 184.38 318.00 521.37 0.0008320
