sofa 0 0 -10 137.27 0.00 663.38 517.44 0.6022353
chair 0 0 -10 136.54 0.00 643.77 511.67 0.3979188
sofa 0 0 -10 2.31 7.00 275.69 298.52 0.0738611
table 0 0 -10 5.70 11.98 257.15 311.42 0.0683070
table 0 0 -10 112.59 23.10 640.35 501.53 0.0195265
sofa 0 0 -10 78.89 7.81 510.78 394.87 0.0171577
chair 0 0 -10 0.00 16.19 49.15 303.39 0.0092324
table 0 0 -10 2.99 122.25 27.49 317.06 0.0045244
chair 0 0 -10 10.88 7.94 275.74 319.01 0.0039600
table 0 0 -10 0.00 5.29 297.50 138.98 0.0039415
desk 0 0 -10 138.24 22.55 660.95 520.46 0.0038465
table 0 0 -10 36.92 17.70 430.76 418.30 0.0034962
bed 0 0 -10 0.03 10.69 222.20 252.05 0.0034105
bed 0 0 -10 99.95 9.56 653.46 518.25 0.0032949
chair 0 0 -10 0.64 0.00 141.86 306.36 0.0027633
sofa 0 0 -10 5.92 4.71 275.37 105.17 0.0024183
desk 0 0 -10 0.00 11.89 271.54 310.25 0.0018606
bookshelf 0 0 -10 143.71 4.63 637.36 505.01 0.0017641
toilet 0 0 -10 136.33 15.21 621.32 513.91 0.0016661
table 0 0 -10 0.00 153.64 260.98 531.00 0.0014241
table 0 0 -10 19.47 76.26 185.07 279.73 0.0013300
table 0 0 -10 2.63 3.09 160.51 129.10 0.0011835
table 0 0 -10 1.49 137.02 48.42 317.27 0.0011831
dresser 0 0 -10 137.96 22.07 639.14 507.94 0.0011637
table 0 0 -10 2.77 10.35 88.71 310.71 0.0010880
chair 0 0 -10 2.14 110.49 32.82 310.10 0.0010175
table 0 0 -10 2.48 85.34 17.83 341.12 0.0009567
bookshelf 0 0 -10 3.88 0.00 269.18 300.28 0.0009435
night_stand 0 0 -10 142.18 30.38 639.78 525.18 0.0008717
table 0 0 -10 5.83 129.38 10.90 305.72 0.0008602
bathtub 0 0 -10 135.54 44.86 624.15 504.38 0.0008179
chair 0 0 -10 489.56 67.57 680.35 519.13 0.0007718
sofa 0 0 -10 2.83 6.70 151.69 176.60 0.0007101
chair 0 0 -10 1.00 69.89 83.83 311.85 0.0006925
table 0 0 -10 0.82 27.32 55.83 260.91 0.0006897
table 0 0 -10 559.44 88.59 674.73 531.00 0.0006823
bathtub 0 0 -10 6.41 7.22 251.46 260.29 0.0006769
chair 0 0 -10 122.52 10.69 347.45 379.18 0.0006134
table 0 0 -10 0.00 4.21 157.03 44.81 0.0005946
chair 0 0 -10 132.14 204.52 520.02 514.57 0.0005936
sofa 0 0 -10 8.95 2.59 175.70 81.65 0.0005555
chair 0 0 -10 241.73 0.00 610.79 233.54 0.0005460
table 0 0 -10 82.62 232.69 612.50 531.00 0.0005315
chair 0 0 -10 57.56 0.00 314.73 505.23 0.0005307
table 0 0 -10 3.33 130.26 8.47 305.87 0.0005132
sofa 0 0 -10 4.12 41.75 124.87 377.59 0.0004813
table 0 0 -10 0.00 124.26 72.15 516.27 0.0004676
table 0 0 -10 80.29 0.63 323.69 99.38 0.0004559
sofa 0 0 -10 0.00 1.20 129.37 43.36 0.0004463
table 0 0 -10 8.31 143.55 16.98 316.55 0.0004426
chair 0 0 -10 233.29 0.00 385.96 102.49 0.0004231
table 0 0 -10 7.83 130.61 13.05 301.19 0.0004124
sofa 0 0 -10 2.04 9.90 88.99 231.80 0.0004089
sofa 0 0 -10 570.91 27.29 676.72 531.00 0.0003694
dresser 0 0 -10 0.00 3.83 275.11 300.93 0.0003480
table 0 0 -10 411.34 183.52 660.08 527.80 0.0003454
chair 0 0 -10 166.81 0.00 531.95 330.38 0.0003191
chair 0 0 -10 317.93 192.58 646.19 523.34 0.0002744
table 0 0 -10 622.02 40.71 679.39 469.96 0.0002607
table 0 0 -10 4.04 41.39 128.84 384.87 0.0002578
chair 0 0 -10 579.09 39.05 678.60 513.55 0.0002515
sofa 0 0 -10 0.98 18.32 45.00 275.03 0.0002457
table 0 0 -10 0.00 102.03 3.81 282.51 0.0002443
chair 0 0 -10 9.98 2.82 308.45 150.64 0.0002411
chair 0 0 -10 0.82 94.61 76.85 524.23 0.0002406
table 0 0 -10 1.54 288.06 51.06 518.99 0.0002316
table 0 0 -10 650.74 106.17 679.47 521.40 0.0002253
sofa 0 0 -10 13.36 67.02 188.06 283.90 0.0002199
table 0 0 -10 262.96 1.17 661.24 102.48 0.0002191
table 0 0 -10 11.21 147.03 20.95 314.60 0.0002155
table 0 0 -10 190.21 3.01 621.34 203.08 0.0002136
table 0 0 -10 124.84 7.41 365.13 242.70 0.0002135
chair 0 0 -10 0.91 151.91 54.99 312.71 0.0002131
chair 0 0 -10 145.90 289.57 375.55 524.60 0.0002030
chair 0 0 -10 143.57 389.63 524.81 526.62 0.0002028
table 0 0 -10 1.06 115.27 5.23 291.70 0.0001985
chair 0 0 -10 1.83 55.82 20.91 338.03 0.0001946
table 0 0 -10 3.85 278.55 168.43 526.32 0.0001918
table 0 0 -10 10.26 1.29 265.65 79.16 0.0001884
sofa 0 0 -10 1.61 133.96 44.51 338.31 0.0001844
table 0 0 -10 0.00 202.51 24.96 292.06 0.0001835
sofa 0 0 -10 206.31 2.61 674.30 278.02 0.0001805
table 0 0 -10 0.66 145.95 30.14 226.45 0.0001805
chair 0 0 -10 202.42 0.00 677.90 133.77 0.0001638
chair 0 0 -10 639.98 0.00 681.00 190.50 0.0001618
chair 0 0 -10 2.30 80.92 183.22 459.88 0.0001561
table 0 0 -10 2.60 1.99 116.35 89.71 0.0001507
chair 0 0 -10 358.64 312.69 606.13 526.20 0.0001450
table 0 0 -10 4.94 72.46 117.27 253.77 0.0001422
chair 0 0 -10 5.43 111.49 11.68 299.34 0.0001405
desk 0 0 -10 26.47 0.00 446.99 424.24 0.0001388
table 0 0 -10 0.00 118.27 37.68 192.80 0.0001385
chair 0 0 -10 621.84 19.79 680.63 436.40 0.0001381
table 0 0 -10 94.82 121.25 314.05 237.79 0.0001349
table 0 0 -10 7.49 33.90 31.62 264.39 0.0001332
sofa 0 0 -10 104.99 17.80 338.93 332.72 0.0001321
table 0 0 -10 1.54 150.87 9.96 331.69 0.0001308
sofa 0 0 -10 2.59 79.41 193.92 457.64 0.0001304
chair 0 0 -10 116.61 0.00 423.76 157.65 0.0001302
sofa 0 0 -10 623.99 29.23 679.09 469.10 0.0001294
