bathtub 0 0 -10 182.64 171.82 681.00 514.31 0.6889134
desk 0 0 -10 8.80 157.12 681.00 531.00 0.1115806
table 0 0 -10 0.00 148.56 681.00 527.03 0.0748641
bathtub 0 0 -10 293.32 148.93 681.00 340.37 0.0291520
toilet 0 0 -10 32.03 138.67 641.07 530.26 0.0130638
bed 0 0 -10 11.95 137.77 681.00 531.00 0.0089399
dresser 0 0 -10 0.00 143.18 681.00 531.00 0.0065541
chair 0 0 -10 15.42 151.80 436.36 512.88 0.0061546
desk 0 0 -10 7.08 180.93 295.90 531.00 0.0059740
table 0 0 -10 173.36 306.73 663.45 531.00 0.0047211
bathtub 0 0 -10 0.00 26.76 680.96 415.58 0.0041225
chair 0 0 -10 0.00 136.36 235.16 522.08 0.0037725
chair 0 0 -10 629.01 227.78 679.98 518.91 0.0034362
dresser 0 0 -10 2.88 239.13 216.87 531.00 0.0033656
table 0 0 -10 631.14 263.58 678.88 529.71 0.0033269
chair 0 0 -10 239.87 349.45 663.20 526.34 0.0033084
chair 0 0 -10 78.03 208.80 653.80 519.28 0.0030666
chair 0 0 -10 43.16 314.86 516.37 527.55 0.0023964
table 0 0 -10 652.44 293.09 680.29 530.11 0.0022613
table 0 0 -10 665.27 256.92 680.47 527.24 0.0021502
chair 0 0 -10 0.00 142.83 115.73 520.27 0.0020051
toilet 0 0 -10 266.00 156.63 656.10 462.05 0.0019587
night_stand 0 0 -10 5.55 243.38 225.38 531.00 0.0017320
bathtub 0 0 -10 0.00 221.23 563.75 529.38 0.0016460
bathtub 0 0 -10 634.19 201.16 679.83 437.33 0.0016170
bathtub 0 0 -10 630.26 269.25 681.00 529.07 0.0014391
toilet 0 0 -10 630.58 260.51 680.70 527.02 0.0014060
table 0 0 -10 66.73 100.98 430.06 530.40 0.0013042
bookshelf 0 0 -10 18.82 72.01 677.38 531.00 0.0012711
desk 0 0 -10 160.84 313.89 680.78 531.00 0.0012127
bathtub 0 0 -10 268.22 244.19 586.57 523.66 0.0012069
bathtub 0 0 -10 201.28 342.43 662.03 531.00 0.0011653
night_stand 0 0 -10 10.33 141.91 681.00 525.18 0.0011480
table 0 0 -10 2.29 258.03 222.17 531.00 0.0009269
table 0 0 -10 671.87 268.61 680.49 463.63 0.0008713
table 0 0 -10 659.43 303.39 680.26 424.60 0.0008352
chair 0 0 -10 652.25 278.68 681.00 529.77 0.0007965
desk 0 0 -10 5.57 223.30 150.88 531.00 0.0007519
sofa 0 0 -10 10.15 3.67 296.38 137.56 0.0007192
toilet 0 0 -10 222.97 259.60 615.65 522.57 0.0007088
bathtub 0 0 -10 395.90 149.53 681.00 471.78 0.0006286
table 0 0 -10 671.16 339.33 680.43 409.35 0.0005997
chair 0 0 -10 590.14 359.21 679.56 531.00 0.0005897
bed 0 0 -10 184.25 322.24 671.79 528.45 0.0005374
desk 0 0 -10 63.91 97.57 429.06 531.00 0.0005049
chair 0 0 -10 643.90 174.22 678.94 441.19 0.0004990
sofa 0 0 -10 14.92 146.12 680.82 526.05 0.0004894
table 0 0 -10 670.88 340.90 680.50 530.37 0.0004687
bathtub 0 0 -10 654.94 260.18 681.00 404.32 0.0004545
chair 0 0 -10 123.29 400.02 532.51 522.10 0.0004538
table 0 0 -10 666.18 325.04 680.40 400.72 0.0004527
toilet 0 0 -10 634.87 206.18 678.30 437.47 0.0004456
chair 0 0 -10 665.46 160.17 680.95 432.06 0.0004373
table 0 0 -10 2.36 6.66 609.83 184.79 0.0004358
chair 0 0 -10 4.55 176.77 57.28 510.76 0.0004352
chair 0 0 -10 0.00 13.43 610.03 441.58 0.0004295
table 0 0 -10 671.76 354.78 680.47 390.46 0.0004193
table 0 0 -10 664.26 349.25 680.45 424.26 0.0004171
desk 0 0 -10 632.86 260.16 679.86 529.47 0.0004100
chair 0 0 -10 671.97 245.61 680.79 459.88 0.0003922
dresser 0 0 -10 14.88 174.31 360.07 531.00 0.0003837
bathtub 0 0 -10 0.52 383.21 212.45 531.00 0.0003659
chair 0 0 -10 640.53 382.99 681.00 531.00 0.0003594
bathtub 0 0 -10 665.62 158.20 681.00 430.98 0.0003572
chair 0 0 -10 8.37 1.00 279.62 148.03 0.0003311
bathtub 0 0 -10 662.66 242.15 681.00 368.15 0.0003110
table 0 0 -10 680.48 308.86 680.95 425.49 0.0003080
table 0 0 -10 680.95 272.37 681.00 424.19 0.0002949
table 0 0 -10 667.20 356.22 680.42 377.37 0.0002853
table 0 0 -10 672.57 314.00 680.65 380.71 0.0002803
table 0 0 -10 680.13 297.29 680.93 419.38 0.0002737
table 0 0 -10 665.53 165.42 680.58 435.46 0.0002715
bathtub 0 0 -10 539.50 198.20 681.00 505.81 0.0002694
dresser 0 0 -10 224.97 250.79 680.17 531.00 0.0002678
bathtub 0 0 -10 606.26 232.99 681.00 395.35 0.0002627
desk 0 0 -10 3.61 292.83 88.55 527.81 0.0002617
chair 0 0 -10 420.85 369.79 666.55 531.00 0.0002611
table 0 0 -10 680.55 330.71 680.96 390.48 0.0002592
chair 0 0 -10 12.12 380.78 261.23 531.00 0.0002565
night_stand 0 0 -10 190.36 330.36 675.51 527.20 0.0002550
chair 0 0 -10 675.85 170.72 681.00 402.23 0.0002488
chair 0 0 -10 3.49 30.96 147.66 448.72 0.0002468
chair 0 0 -10 272.22 106.88 661.55 481.10 0.0002447
table 0 0 -10 649.74 404.05 679.94 530.15 0.0002411
chair 0 0 -10 102.24 0.00 354.16 359.18 0.0002392
chair 0 0 -10 676.22 267.42 680.97 443.20 0.0002362
table 0 0 -10 676.19 285.82 680.79 446.86 0.0002354
table 0 0 -10 680.77 337.29 680.97 397.41 0.0002303
table 0 0 -10 647.07 203.48 679.53 473.32 0.0002296
chair 0 0 -10 0.00 0.92 93.85 144.71 0.0002252
bathtub 0 0 -10 313.04 79.61 645.24 294.20 0.0002127
chair 0 0 -10 600.90 140.27 681.00 482.40 0.0002106
table 0 0 -10 670.25 328.75 680.62 363.17 0.0002075
chair 0 0 -10 680.51 251.22 680.97 435.61 0.0002019
table 0 0 -10 2.43 4.09 297.65 137.11 0.0001981
chair 0 0 -10 659.43 286.08 681.00 421.31 0.0001978
bathtub 0 0 -10 638.30 267.54 681.00 369.89 0.0001975
table 0 0 -10 651.28 356.43 679.68 400.38 0.0001900
dresser 0 0 -10 1.50 68.50 118.02 478.55 0.0001849
table 0 0 -10 665.66 407.53 680.53 530.23 0.0001844
