chair 0 0 -10 0.00 12.58 175.83 522.26 0.7016967
sofa 0 0 -10 2.13 3.37 169.16 504.02 0.2665383
table 0 0 -10 0.16 31.57 176.23 519.62 0.1892723
table 0 0 -10 494.48 18.72 678.95 151.02 0.0132514
table 0 0 -10 2.84 133.47 185.16 262.41 0.0117003
table 0 0 -10 53.04 18.79 168.33 328.85 0.0112669
table 0 0 -10 489.47 25.29 675.62 264.35 0.0048344
chair 0 0 -10 1.44 46.15 95.29 514.99 0.0043982
table 0 0 -10 504.05 1.89 674.85 92.56 0.0043485
table 0 0 -10 7.83 76.91 635.99 531.00 0.0039630
desk 0 0 -10 0.82 17.55 174.59 530.88 0.0037197
table 0 0 -10 131.47 140.22 254.82 310.30 0.0033721
table 0 0 -10 5.55 71.19 48.90 461.81 0.0032383
chair 0 0 -10 0.00 274.81 218.63 529.94 0.0031210
desk 0 0 -10 489.04 21.17 681.00 271.88 0.0030481
table 0 0 -10 0.00 166.79 164.18 347.29 0.0030423
bed 0 0 -10 0.00 16.11 170.71 506.29 0.0029582
sofa 0 0 -10 11.38 6.30 274.09 299.54 0.0029090
table 0 0 -10 57.17 5.85 247.19 367.38 0.0020944
table 0 0 -10 19.06 241.56 173.54 467.09 0.0018864
chair 0 0 -10 2.47 10.48 44.98 490.15 0.0014875
table 0 0 -10 99.18 48.72 199.60 294.73 0.0014443
table 0 0 -10 23.86 26.85 345.26 524.92 0.0013425
table 0 0 -10 465.42 48.03 678.24 469.25 0.0012909
sofa 0 0 -10 0.00 0.00 592.63 503.38 0.0012059
chair 0 0 -10 5.30 226.21 163.16 474.73 0.0010725
sofa 0 0 -10 1.11 100.18 181.78 255.78 0.0010214
table 0 0 -10 2.18 132.36 105.97 457.38 0.0009999
table 0 0 -10 32.56 266.93 547.29 516.97 0.0009692
table 0 0 -10 100.20 84.88 329.46 348.46 0.0009603
bookshelf 0 0 -10 4.12 0.00 167.45 499.36 0.0009199
chair 0 0 -10 10.13 234.05 436.81 531.00 0.0009183
dresser 0 0 -10 0.00 8.65 171.18 500.18 0.0008540
table 0 0 -10 23.43 96.99 212.14 204.38 0.0008529
table 0 0 -10 13.15 217.54 241.50 528.64 0.0007880
toilet 0 0 -10 0.00 17.30 169.99 484.37 0.0007570
table 0 0 -10 342.49 2.58 668.94 231.77 0.0006984
desk 0 0 -10 497.58 41.45 681.00 164.23 0.0006897
bathtub 0 0 -10 1.07 8.87 172.84 470.89 0.0006331
chair 0 0 -10 0.68 196.39 63.31 506.52 0.0006299
table 0 0 -10 0.00 121.05 132.90 210.61 0.0005920
chair 0 0 -10 41.36 6.25 227.15 292.34 0.0005343
table 0 0 -10 0.54 304.83 142.29 425.98 0.0005301
table 0 0 -10 452.13 137.23 672.67 300.74 0.0004473
table 0 0 -10 147.48 184.71 301.67 319.37 0.0004455
table 0 0 -10 624.27 67.40 679.04 499.43 0.0004289
table 0 0 -10 1.61 314.74 31.61 484.04 0.0003938
chair 0 0 -10 2.74 116.02 173.13 269.88 0.0003711
desk 0 0 -10 0.00 117.42 170.56 269.37 0.0003550
night_stand 0 0 -10 3.50 18.21 183.66 531.00 0.0003530
chair 0 0 -10 422.74 95.30 680.36 527.16 0.0003380
chair 0 0 -10 629.54 5.11 681.00 324.70 0.0003345
chair 0 0 -10 605.10 96.86 681.00 505.82 0.0003122
table 0 0 -10 60.00 0.05 665.01 260.65 0.0003081
table 0 0 -10 14.92 0.62 208.01 201.32 0.0002998
chair 0 0 -10 490.25 62.09 673.24 317.46 0.0002938
table 0 0 -10 7.13 70.12 153.35 298.75 0.0002603
chair 0 0 -10 0.23 1.47 485.89 479.02 0.0002602
sofa 0 0 -10 6.64 27.31 49.86 456.26 0.0002548
chair 0 0 -10 2.43 409.92 240.06 531.00 0.0002527
desk 0 0 -10 498.78 10.92 677.51 115.98 0.0002443
table 0 0 -10 549.57 135.14 676.17 520.44 0.0002440
chair 0 0 -10 0.77 287.04 52.72 452.63 0.0002373
table 0 0 -10 191.52 132.60 517.25 491.62 0.0002195
table 0 0 -10 92.66 155.20 540.03 363.59 0.0002102
table 0 0 -10 449.28 92.72 680.63 164.95 0.0002086
chair 0 0 -10 560.83 0.40 654.18 68.82 0.0002014
desk 0 0 -10 0.00 67.37 655.11 531.00 0.0002008
sofa 0 0 -10 510.52 2.54 676.43 91.29 0.0001923
chair 0 0 -10 26.63 358.26 595.52 531.00 0.0001906
table 0 0 -10 494.58 146.69 674.24 246.97 0.0001859
chair 0 0 -10 3.39 281.82 26.04 482.72 0.0001829
chair 0 0 -10 1.41 158.94 163.61 338.75 0.0001728
table 0 0 -10 332.33 1.34 672.33 95.18 0.0001683
chair 0 0 -10 650.28 3.64 681.00 138.83 0.0001679
chair 0 0 -10 550.88 171.39 680.66 521.48 0.0001575
table 0 0 -10 626.62 12.43 681.00 324.82 0.0001508
table 0 0 -10 485.75 111.54 675.24 196.72 0.0001498
chair 0 0 -10 546.19 3.38 671.94 112.40 0.0001419
table 0 0 -10 0.00 22.32 41.73 325.74 0.0001414
table 0 0 -10 0.02 153.06 114.11 236.29 0.0001410
chair 0 0 -10 21.88 429.94 415.92 531.00 0.0001389
sofa 0 0 -10 2.51 109.83 140.16 211.76 0.0001355
table 0 0 -10 185.51 92.54 390.33 374.54 0.0001327
bed 0 0 -10 2.87 229.30 662.87 531.00 0.0001291
chair 0 0 -10 8.14 70.05 195.87 215.77 0.0001269
table 0 0 -10 50.87 9.83 353.99 246.98 0.0001207
bed 0 0 -10 0.00 113.44 170.13 269.05 0.0001186
sofa 0 0 -10 34.71 5.21 168.19 318.00 0.0001158
desk 0 0 -10 464.65 30.88 681.00 474.10 0.0001127
chair 0 0 -10 13.21 168.22 271.20 480.75 0.0001124
table 0 0 -10 0.00 95.33 66.46 249.57 0.0001088
sofa 0 0 -10 7.89 213.37 531.17 531.00 0.0001056
desk 0 0 -10 5.46 52.12 48.83 462.16 0.0001040
chair 0 0 -10 252.63 300.44 665.24 531.00 0.0001024
table 0 0 -10 596.18 230.91 677.49 521.34 0.0001019
table 0 0 -10 645.38 74.30 677.75 416.19 0.0000997
chair 0 0 -10 507.77 0.00 628.50 65.28 0.0000957
table 0 0 -10 569.87 85.19 678.87 320.41 0.0000947
table 0 0 -10 240.49 0.00 533.63 220.22 0.0000921
