chair 0 0 -10 254.42 25.71 587.07 509.56 0.9966943
chair 0 0 -10 212.13 8.22 463.32 365.58 0.8777990
desk 0 0 -10 22.97 10.64 463.30 385.15 0.5982967
table 0 0 -10 21.00 11.26 449.53 415.56 0.5302312
chair 0 0 -10 289.27 24.21 531.04 338.45 0.1229895
chair 0 0 -10 231.44 0.52 419.00 249.44 0.1059204
desk 0 0 -10 87.43 43.16 573.49 515.04 0.0596873
table 0 0 -10 168.35 166.89 596.74 522.70 0.0400540
chair 0 0 -10 95.89 0.00 298.46 192.92 0.0303695
chair 0 0 -10 419.35 23.12 598.17 460.06 0.0230103
chair 0 0 -10 1.37 11.42 229.21 338.05 0.0192179
chair 0 0 -10 216.52 5.18 357.15 185.99 0.0173254
chair 0 0 -10 106.27 7.12 410.77 317.02 0.0131756
chair 0 0 -10 194.72 35.62 453.70 179.86 0.0121718
chair 0 0 -10 194.43 2.12 297.70 170.32 0.0089535
table 0 0 -10 19.55 2.36 424.80 196.26 0.0074224
chair 0 0 -10 480.17 19.47 670.38 520.04 0.0056770
table 0 0 -10 160.26 8.66 425.25 291.64 0.0041146
desk 0 0 -10 65.94 9.16 347.59 279.24 0.0029759
chair 0 0 -10 342.71 7.26 476.53 267.15 0.0029706
desk 0 0 -10 251.10 154.97 568.80 524.86 0.0024076
table 0 0 -10 609.03 251.99 678.63 470.33 0.0023472
chair 0 0 -10 396.16 11.17 526.34 290.89 0.0023271
table 0 0 -10 73.85 7.67 343.74 142.02 0.0022775
table 0 0 -10 538.80 234.29 676.53 489.53 0.0021010
dresser 0 0 -10 8.39 0.00 383.76 386.32 0.0020751
chair 0 0 -10 261.14 0.00 400.74 156.32 0.0016163
table 0 0 -10 0.00 169.20 189.82 486.25 0.0016004
sofa 0 0 -10 0.00 1.32 399.25 382.52 0.0015931
chair 0 0 -10 10.29 0.00 221.59 184.55 0.0015782
chair 0 0 -10 246.38 237.01 538.58 523.81 0.0015502
chair 0 0 -10 111.92 7.10 425.41 155.24 0.0014715
chair 0 0 -10 612.07 248.96 681.00 470.99 0.0014139
table 0 0 -10 183.66 59.62 515.65 441.56 0.0013813
sofa 0 0 -10 64.50 7.40 583.38 492.89 0.0013420
chair 0 0 -10 9.78 114.83 355.65 527.53 0.0012534
desk 0 0 -10 195.06 23.09 450.77 299.20 0.0012258
table 0 0 -10 640.23 251.46 679.05 509.76 0.0010969
table 0 0 -10 207.28 6.45 439.20 187.44 0.0010904
table 0 0 -10 10.16 210.92 330.40 527.59 0.0010903
sofa 0 0 -10 5.45 223.25 142.04 530.88 0.0010323
table 0 0 -10 276.38 47.84 462.17 304.03 0.0009372
chair 0 0 -10 433.06 37.59 588.53 281.29 0.0009285
chair 0 0 -10 180.55 54.37 372.78 449.07 0.0009008
chair 0 0 -10 519.93 17.08 672.11 336.43 0.0008897
table 0 0 -10 0.41 212.49 90.81 516.31 0.0007447
chair 0 0 -10 553.29 236.38 680.59 494.95 0.0007201
bookshelf 0 0 -10 39.42 9.10 432.39 360.36 0.0006631
table 0 0 -10 228.62 302.46 561.72 525.01 0.0006355
bed 0 0 -10 2.69 227.15 143.30 527.71 0.0006246
desk 0 0 -10 257.02 34.54 566.92 377.83 0.0006212
table 0 0 -10 580.36 75.21 677.19 515.21 0.0005593
table 0 0 -10 205.23 185.05 450.57 479.83 0.0005365
chair 0 0 -10 339.44 32.83 578.14 219.28 0.0005345
bed 0 0 -10 0.00 0.00 407.69 395.64 0.0004786
dresser 0 0 -10 60.40 6.55 567.33 511.16 0.0004547
chair 0 0 -10 0.00 190.35 177.75 506.26 0.0004466
sofa 0 0 -10 607.59 254.88 678.85 522.00 0.0004021
bookshelf 0 0 -10 137.64 15.34 565.65 511.45 0.0003956
table 0 0 -10 266.65 35.10 620.17 331.87 0.0003810
sofa 0 0 -10 7.31 215.56 347.41 531.00 0.0003371
bed 0 0 -10 57.61 0.00 566.25 512.23 0.0003366
table 0 0 -10 80.28 5.87 316.54 296.13 0.0003259
bathtub 0 0 -10 29.85 16.63 432.85 319.72 0.0003255
chair 0 0 -10 268.99 0.00 379.71 360.48 0.0003145
sofa 0 0 -10 227.95 0.90 452.30 267.22 0.0003099
table 0 0 -10 3.43 277.68 159.21 518.25 0.0003061
table 0 0 -10 652.97 258.66 679.89 447.61 0.0003060
table 0 0 -10 666.31 233.03 680.44 518.41 0.0003053
night_stand 0 0 -10 23.81 8.72 472.25 433.15 0.0002909
table 0 0 -10 3.55 2.06 226.98 419.28 0.0002843
chair 0 0 -10 432.06 232.49 678.97 531.00 0.0002786
table 0 0 -10 220.29 8.88 332.95 185.63 0.0002602
desk 0 0 -10 21.07 10.23 444.88 151.44 0.0002545
bathtub 0 0 -10 28.22 12.05 571.44 498.77 0.0002453
chair 0 0 -10 610.15 60.16 680.98 430.79 0.0002439
table 0 0 -10 639.25 326.30 679.30 407.02 0.0002435
toilet 0 0 -10 137.61 32.23 563.27 520.84 0.0002417
dresser 0 0 -10 53.57 4.77 250.54 363.72 0.0002325
chair 0 0 -10 479.85 184.38 674.52 434.24 0.0002231
table 0 0 -10 345.06 32.77 646.09 523.54 0.0002215
table 0 0 -10 634.14 164.64 677.83 423.35 0.0002169
table 0 0 -10 0.46 239.72 43.13 515.47 0.0002165
table 0 0 -10 474.02 167.81 667.26 513.66 0.0002114
chair 0 0 -10 412.91 6.78 559.75 173.83 0.0002034
chair 0 0 -10 641.96 202.12 679.49 503.22 0.0002033
chair 0 0 -10 284.22 78.54 478.13 233.95 0.0002015
sofa 0 0 -10 5.03 50.24 155.09 474.05 0.0001995
bed 0 0 -10 1.02 46.30 157.25 481.70 0.0001980
table 0 0 -10 628.12 349.88 678.46 388.31 0.0001959
table 0 0 -10 484.13 33.81 672.63 381.88 0.0001954
desk 0 0 -10 244.68 11.12 418.12 219.24 0.0001920
chair 0 0 -10 295.77 334.84 609.97 528.21 0.0001892
desk 0 0 -10 0.00 172.15 192.13 490.72 0.0001876
table 0 0 -10 578.81 225.44 676.10 387.33 0.0001834
table 0 0 -10 17.25 0.00 397.30 94.01 0.0001774
table 0 0 -10 616.65 304.69 677.56 402.33 0.0001750
chair 0 0 -10 651.87 239.34 681.00 418.78 0.0001705
sofa 0 0 -10 0.29 225.05 56.53 516.23 0.0001608
chair 0 0 -10 221.08 193.18 418.49 483.37 0.0001608
