chair 0 0 -10 94.07 230.79 411.65 527.63 0.9941287
chair 0 0 -10 352.25 194.85 617.97 522.85 0.9876315
chair 0 0 -10 391.62 98.07 575.89 355.01 0.9429374
table 0 0 -10 126.05 180.18 577.43 528.18 0.9354696
chair 0 0 -10 409.90 77.29 520.16 172.30 0.9333709
chair 0 0 -10 340.67 122.64 536.26 407.61 0.8001699
chair 0 0 -10 142.26 176.99 338.74 451.36 0.7783646
table 0 0 -10 324.77 90.91 526.33 186.91 0.7634542
chair 0 0 -10 54.18 83.34 167.28 266.78 0.7320985
chair 0 0 -10 385.27 73.96 547.89 206.27 0.6507396
chair 0 0 -10 300.45 140.95 487.12 355.81 0.6452031
table 0 0 -10 0.79 95.99 165.46 264.42 0.3938957
chair 0 0 -10 312.75 97.05 436.24 186.81 0.3660189
chair 0 0 -10 193.07 182.28 458.67 478.47 0.2123653
chair 0 0 -10 345.39 86.48 500.46 188.46 0.2047499
chair 0 0 -10 0.00 94.73 87.64 250.14 0.1242817
chair 0 0 -10 307.19 103.11 456.36 294.05 0.1213998
table 0 0 -10 321.08 86.60 536.24 288.70 0.1010607
chair 0 0 -10 55.32 23.98 238.27 257.41 0.0996132
chair 0 0 -10 311.84 82.79 567.70 252.71 0.0969117
desk 0 0 -10 2.85 99.41 171.12 324.75 0.0945800
table 0 0 -10 321.90 95.13 438.42 179.38 0.0875569
table 0 0 -10 0.83 102.00 175.15 449.92 0.0644022
desk 0 0 -10 142.49 184.34 585.00 519.38 0.0625407
chair 0 0 -10 79.27 128.04 286.84 503.84 0.0623484
table 0 0 -10 142.45 98.29 524.79 193.33 0.0568072
table 0 0 -10 15.09 82.42 293.87 273.69 0.0550311
desk 0 0 -10 14.60 77.14 294.60 281.28 0.0517436
chair 0 0 -10 156.12 171.67 324.19 335.08 0.0476062
chair 0 0 -10 0.00 116.27 72.55 359.74 0.0471794
chair 0 0 -10 359.04 91.45 435.62 171.50 0.0413727
chair 0 0 -10 651.54 63.21 680.79 245.97 0.0404117
chair 0 0 -10 223.88 102.31 600.15 484.80 0.0399334
chair 0 0 -10 278.60 77.22 444.52 225.55 0.0394103
chair 0 0 -10 477.14 100.58 576.92 330.02 0.0378017
table 0 0 -10 341.27 88.25 412.58 167.36 0.0322274
table 0 0 -10 265.00 121.32 538.09 197.97 0.0316069
chair 0 0 -10 2.62 98.17 150.71 391.66 0.0247369
chair 0 0 -10 0.77 114.10 65.89 218.30 0.0201880
table 0 0 -10 376.26 73.69 518.71 163.89 0.0199889
table 0 0 -10 33.13 141.79 304.54 505.31 0.0195179
chair 0 0 -10 390.21 80.91 462.04 163.39 0.0193480
chair 0 0 -10 405.04 76.19 518.74 114.16 0.0188397
chair 0 0 -10 305.78 82.76 374.00 176.78 0.0187731
chair 0 0 -10 663.86 86.91 679.84 252.39 0.0184386
chair 0 0 -10 266.62 105.50 420.60 347.76 0.0171076
chair 0 0 -10 404.25 76.96 486.35 146.93 0.0136234
table 0 0 -10 299.26 87.33 443.09 258.37 0.0128687
table 0 0 -10 154.68 118.99 379.51 189.77 0.0126702
chair 0 0 -10 355.99 124.22 568.78 219.02 0.0121890
chair 0 0 -10 102.97 27.42 314.25 289.22 0.0111611
chair 0 0 -10 177.87 87.63 371.20 284.95 0.0101504
table 0 0 -10 290.73 149.10 562.21 447.69 0.0096821
chair 0 0 -10 26.65 121.90 200.78 491.13 0.0093404
table 0 0 -10 0.22 141.69 32.13 391.57 0.0091819
chair 0 0 -10 452.07 165.14 600.45 393.71 0.0090767
desk 0 0 -10 310.57 100.46 529.89 192.23 0.0090722
chair 0 0 -10 262.05 113.03 555.31 318.39 0.0087415
chair 0 0 -10 284.43 120.33 476.46 201.74 0.0086240
chair 0 0 -10 335.48 85.69 408.32 157.97 0.0085378
chair 0 0 -10 0.11 128.77 36.88 386.69 0.0085070
table 0 0 -10 23.28 97.31 225.56 203.31 0.0078503
table 0 0 -10 15.73 32.06 428.57 239.63 0.0064923
desk 0 0 -10 0.56 83.65 289.16 471.22 0.0061906
desk 0 0 -10 37.28 89.13 519.46 210.30 0.0059691
table 0 0 -10 1.72 102.51 112.23 353.53 0.0057862
chair 0 0 -10 76.63 70.39 199.41 209.80 0.0057615
chair 0 0 -10 435.52 84.16 629.33 284.52 0.0056659
table 0 0 -10 138.97 182.40 376.17 473.87 0.0055862
chair 0 0 -10 164.10 112.12 355.72 190.56 0.0055241
chair 0 0 -10 120.91 99.79 289.85 210.47 0.0050330
chair 0 0 -10 614.15 98.97 679.43 240.61 0.0049485
chair 0 0 -10 303.69 77.18 438.08 146.47 0.0048878
chair 0 0 -10 413.87 77.21 438.80 153.58 0.0047359
chair 0 0 -10 672.57 100.22 678.62 247.16 0.0046709
table 0 0 -10 357.43 156.48 529.82 195.70 0.0043916
table 0 0 -10 0.55 107.85 91.01 231.57 0.0043414
chair 0 0 -10 56.12 51.63 346.68 198.84 0.0042942
desk 0 0 -10 19.83 56.01 347.96 195.59 0.0040059
table 0 0 -10 336.99 95.90 484.46 156.61 0.0038600
table 0 0 -10 128.83 99.16 322.67 265.60 0.0037459
table 0 0 -10 309.12 79.97 469.99 142.06 0.0036107
table 0 0 -10 156.07 159.09 322.64 391.34 0.0034925
desk 0 0 -10 326.99 92.23 449.80 186.24 0.0031392
desk 0 0 -10 302.73 92.38 552.49 335.75 0.0030889
table 0 0 -10 77.19 312.89 409.21 529.89 0.0030803
desk 0 0 -10 22.79 87.63 161.92 239.27 0.0029540
chair 0 0 -10 40.38 72.08 255.51 355.52 0.0028560
table 0 0 -10 320.91 85.54 410.92 136.55 0.0028329
sofa 0 0 -10 9.38 86.96 166.48 277.38 0.0027619
chair 0 0 -10 316.52 78.30 382.96 138.45 0.0027210
table 0 0 -10 323.27 140.63 545.79 244.21 0.0027058
bookshelf 0 0 -10 25.52 0.00 319.02 281.89 0.0026484
table 0 0 -10 655.78 108.03 679.73 252.19 0.0025738
table 0 0 -10 308.93 81.58 381.53 153.74 0.0025678
sofa 0 0 -10 66.27 8.87 304.41 167.42 0.0024528
table 0 0 -10 38.76 82.46 575.04 374.40 0.0024412
chair 0 0 -10 158.10 125.99 317.20 259.46 0.0024392
chair 0 0 -10 2.60 115.63 17.55 369.57 0.0024066
desk 0 0 -10 344.34 83.59 523.46 162.68 0.0022418
