chair 0 0 -10 375.78 0.00 510.06 197.29 0.9537385
chair 0 0 -10 491.57 51.92 672.81 341.04 0.9351923
chair 0 0 -10 206.01 18.27 369.30 219.78 0.8965645
chair 0 0 -10 412.77 35.29 601.54 258.01 0.2215943
table 0 0 -10 388.25 74.69 556.30 221.23 0.1426803
chair 0 0 -10 391.71 55.06 539.93 220.88 0.1322289
chair 0 0 -10 572.41 44.05 681.00 252.68 0.1164000
chair 0 0 -10 603.77 58.10 680.92 348.99 0.0553885
chair 0 0 -10 362.68 0.00 494.78 117.41 0.0295150
chair 0 0 -10 202.88 9.91 296.47 203.21 0.0204985
chair 0 0 -10 627.75 31.82 679.49 285.80 0.0162600
chair 0 0 -10 643.19 48.88 679.65 398.52 0.0155879
table 0 0 -10 395.73 82.57 503.24 190.84 0.0124580
chair 0 0 -10 274.24 6.00 541.87 210.85 0.0097928
chair 0 0 -10 168.24 11.12 451.12 244.25 0.0090753
chair 0 0 -10 582.92 100.46 681.00 519.47 0.0084584
chair 0 0 -10 616.62 135.19 680.35 447.57 0.0081034
table 0 0 -10 587.24 163.35 679.49 531.00 0.0073761
table 0 0 -10 323.34 74.38 599.13 271.05 0.0065853
table 0 0 -10 430.13 72.70 669.51 320.88 0.0052753
desk 0 0 -10 389.88 70.29 557.55 226.63 0.0048677
table 0 0 -10 583.67 77.36 680.28 266.47 0.0041734
table 0 0 -10 0.00 140.82 637.78 527.04 0.0041380
chair 0 0 -10 388.03 43.50 623.66 382.17 0.0037474
chair 0 0 -10 532.30 11.05 677.27 191.50 0.0037151
table 0 0 -10 479.67 82.51 584.51 307.54 0.0034208
chair 0 0 -10 398.02 71.16 505.37 166.96 0.0033945
table 0 0 -10 634.00 173.68 676.80 473.75 0.0031601
table 0 0 -10 650.46 249.40 680.25 425.98 0.0026085
desk 0 0 -10 438.01 71.38 670.45 326.38 0.0025980
chair 0 0 -10 595.52 47.53 677.39 134.61 0.0025082
chair 0 0 -10 487.51 135.05 678.42 281.25 0.0024134
table 0 0 -10 543.15 30.54 677.70 310.98 0.0023232
chair 0 0 -10 663.00 17.85 680.87 307.62 0.0020545
chair 0 0 -10 483.17 43.78 586.65 305.84 0.0017235
chair 0 0 -10 4.89 234.01 48.42 516.90 0.0015945
table 0 0 -10 545.33 121.42 678.94 414.82 0.0014115
table 0 0 -10 1.30 335.19 35.10 498.06 0.0013983
chair 0 0 -10 317.75 39.10 561.20 307.04 0.0013647
desk 0 0 -10 207.31 58.09 372.96 197.82 0.0013546
chair 0 0 -10 453.50 0.00 659.95 153.44 0.0012905
desk 0 0 -10 325.63 68.74 600.52 275.38 0.0012442
table 0 0 -10 204.16 20.15 360.43 205.75 0.0012085
chair 0 0 -10 605.11 69.73 678.89 192.30 0.0011903
chair 0 0 -10 545.87 137.29 677.89 392.85 0.0011405
table 0 0 -10 0.49 338.97 19.77 511.18 0.0011322
desk 0 0 -10 372.70 40.42 503.34 183.80 0.0011291
chair 0 0 -10 0.00 209.45 85.68 523.65 0.0010867
chair 0 0 -10 633.32 229.85 680.15 395.81 0.0010595
table 0 0 -10 354.75 41.53 505.57 163.08 0.0010317
sofa 0 0 -10 207.44 13.86 366.75 194.37 0.0009922
chair 0 0 -10 118.64 3.60 560.94 127.78 0.0009850
sofa 0 0 -10 517.23 56.76 678.74 328.60 0.0009209
table 0 0 -10 655.89 80.66 680.27 489.64 0.0008454
chair 0 0 -10 381.67 1.66 586.81 108.30 0.0008328
chair 0 0 -10 206.77 15.39 277.98 130.13 0.0007716
desk 0 0 -10 585.94 77.22 680.49 262.75 0.0007249
desk 0 0 -10 479.89 74.88 584.21 305.65 0.0006883
table 0 0 -10 607.90 96.25 679.21 373.56 0.0006783
chair 0 0 -10 654.70 84.87 680.56 233.71 0.0006453
chair 0 0 -10 672.98 27.44 680.85 273.06 0.0006411
table 0 0 -10 214.78 24.95 647.77 368.83 0.0006402
chair 0 0 -10 373.82 9.24 458.97 160.87 0.0006352
desk 0 0 -10 163.85 20.24 369.21 244.70 0.0006032
desk 0 0 -10 532.16 97.50 678.43 295.06 0.0005917
chair 0 0 -10 487.21 60.30 649.14 217.73 0.0005641
chair 0 0 -10 641.24 96.58 679.47 181.42 0.0004862
table 0 0 -10 591.32 211.30 677.98 405.80 0.0004793
bookshelf 0 0 -10 212.78 6.59 362.01 190.24 0.0004724
chair 0 0 -10 184.13 11.27 340.11 150.62 0.0004721
chair 0 0 -10 651.04 132.79 680.72 345.51 0.0004644
chair 0 0 -10 634.43 127.30 681.00 235.46 0.0004556
chair 0 0 -10 255.55 0.00 528.31 83.17 0.0004525
table 0 0 -10 338.12 23.36 529.09 236.92 0.0004522
chair 0 0 -10 669.70 55.69 680.86 363.77 0.0004396
table 0 0 -10 407.49 0.00 666.21 185.49 0.0004286
table 0 0 -10 71.32 10.18 476.32 235.37 0.0004264
table 0 0 -10 667.54 229.01 680.50 502.41 0.0004264
chair 0 0 -10 627.59 28.72 679.60 146.78 0.0004031
chair 0 0 -10 1.03 317.04 38.16 498.40 0.0004015
chair 0 0 -10 579.38 112.84 681.00 221.29 0.0003706
chair 0 0 -10 2.63 110.02 51.06 433.74 0.0003632
chair 0 0 -10 533.76 156.27 676.90 250.02 0.0003552
chair 0 0 -10 680.85 53.16 680.99 277.90 0.0003410
sofa 0 0 -10 646.79 72.55 679.09 509.31 0.0003378
chair 0 0 -10 638.68 159.89 680.99 215.92 0.0003376
table 0 0 -10 0.00 201.57 82.40 519.85 0.0003355
chair 0 0 -10 346.81 111.51 668.47 515.78 0.0003306
chair 0 0 -10 678.07 22.96 680.99 249.99 0.0003228
desk 0 0 -10 588.94 157.60 679.85 531.00 0.0003193
table 0 0 -10 238.39 44.33 505.71 268.51 0.0003188
sofa 0 0 -10 388.45 59.36 556.63 223.13 0.0003114
desk 0 0 -10 494.99 131.12 673.41 398.43 0.0003098
table 0 0 -10 439.87 120.42 669.48 240.37 0.0003068
chair 0 0 -10 165.48 1.17 583.68 318.21 0.0002990
chair 0 0 -10 0.00 285.29 153.49 530.22 0.0002944
chair 0 0 -10 472.56 17.24 597.56 186.51 0.0002941
chair 0 0 -10 369.48 0.00 478.18 67.94 0.0002936
chair 0 0 -10 235.85 6.43 389.61 104.07 0.0002935
chair 0 0 -10 604.20 143.45 680.55 246.67 0.0002886
