chair 0 0 -10 9.94 43.21 219.44 324.35 0.9814748
chair 0 0 -10 554.68 60.16 674.92 248.91 0.9698133
chair 0 0 -10 351.89 81.29 560.37 345.53 0.9450983
chair 0 0 -10 210.17 110.59 500.62 503.97 0.9331259
chair 0 0 -10 173.78 37.35 298.71 168.11 0.8857125
table 0 0 -10 353.87 30.88 565.08 109.84 0.7572244
table 0 0 -10 188.11 104.93 670.45 494.50 0.7147371
table 0 0 -10 16.15 63.17 382.41 297.62 0.7062361
chair 0 0 -10 585.41 40.31 679.85 186.46 0.7058169
chair 0 0 -10 200.81 90.56 398.91 417.20 0.6754140
chair 0 0 -10 472.78 52.05 644.72 292.51 0.6499961
chair 0 0 -10 440.28 9.88 520.55 98.34 0.6467876
chair 0 0 -10 638.70 120.39 680.35 367.66 0.4224248
chair 0 0 -10 600.96 87.60 679.52 319.22 0.3814017
chair 0 0 -10 356.82 71.94 550.15 154.40 0.3662579
chair 0 0 -10 375.21 18.73 511.43 93.67 0.3090455
table 0 0 -10 328.84 62.83 671.91 377.28 0.2271708
desk 0 0 -10 18.98 58.21 367.16 332.87 0.2195818
chair 0 0 -10 5.76 9.22 158.44 202.94 0.2099828
desk 0 0 -10 213.10 96.31 652.44 528.66 0.2062556
chair 0 0 -10 10.90 2.66 150.23 86.89 0.1729990
chair 0 0 -10 385.92 49.38 593.40 270.02 0.1527769
chair 0 0 -10 510.14 45.48 625.62 222.01 0.1356120
table 0 0 -10 487.88 76.78 675.76 312.41 0.1272916
table 0 0 -10 141.83 48.82 378.84 194.78 0.1151739
chair 0 0 -10 135.20 29.60 278.87 252.40 0.0873477
chair 0 0 -10 349.19 19.92 531.38 139.27 0.0807960
table 0 0 -10 29.10 16.49 533.35 240.88 0.0795616
desk 0 0 -10 496.56 72.31 673.69 315.54 0.0748337
chair 0 0 -10 632.88 44.26 679.60 196.78 0.0716802
table 0 0 -10 9.46 1.93 248.67 103.82 0.0683662
desk 0 0 -10 340.39 64.29 667.41 385.59 0.0676689
chair 0 0 -10 2.51 59.64 135.34 370.48 0.0652763
chair 0 0 -10 166.42 52.20 330.19 280.13 0.0652260
chair 0 0 -10 296.35 64.24 486.90 371.07 0.0650312
chair 0 0 -10 594.10 39.04 670.10 90.37 0.0630833
chair 0 0 -10 0.00 93.09 75.65 493.09 0.0618748
table 0 0 -10 11.20 74.53 463.03 428.28 0.0587155
table 0 0 -10 187.48 6.50 404.52 68.01 0.0552039
chair 0 0 -10 336.17 13.92 450.94 126.17 0.0477927
table 0 0 -10 574.01 83.43 679.75 341.12 0.0465837
table 0 0 -10 33.76 38.96 449.67 142.26 0.0437474
table 0 0 -10 622.86 76.86 680.08 387.01 0.0436229
chair 0 0 -10 149.52 8.41 268.33 128.01 0.0435787
chair 0 0 -10 53.44 36.61 191.20 225.17 0.0430805
desk 0 0 -10 351.56 32.00 561.68 112.07 0.0416219
chair 0 0 -10 0.48 35.41 63.21 325.81 0.0394877
table 0 0 -10 355.63 22.38 638.51 164.31 0.0387045
chair 0 0 -10 625.55 112.27 680.26 266.72 0.0379743
chair 0 0 -10 661.45 118.41 680.37 369.07 0.0379615
chair 0 0 -10 200.76 61.16 358.56 193.30 0.0372938
chair 0 0 -10 366.96 18.69 457.92 79.47 0.0367245
table 0 0 -10 106.50 13.93 576.60 92.52 0.0341213
desk 0 0 -10 577.03 73.87 678.89 250.99 0.0337116
chair 0 0 -10 179.09 9.03 287.06 93.81 0.0322984
table 0 0 -10 179.13 25.30 400.79 145.52 0.0317892
chair 0 0 -10 0.34 121.05 29.29 327.10 0.0301963
chair 0 0 -10 605.01 33.99 679.62 118.78 0.0292276
chair 0 0 -10 114.59 22.10 202.68 164.54 0.0283958
chair 0 0 -10 75.97 25.51 244.14 183.02 0.0274248
table 0 0 -10 88.63 9.74 223.36 133.39 0.0262164
table 0 0 -10 0.00 91.54 77.76 481.33 0.0237221
chair 0 0 -10 651.48 207.66 680.47 361.37 0.0232903
chair 0 0 -10 423.79 76.98 655.89 394.99 0.0225159
chair 0 0 -10 541.05 89.43 675.57 366.51 0.0223171
chair 0 0 -10 399.21 42.63 565.86 186.22 0.0212756
chair 0 0 -10 204.13 29.98 313.40 130.18 0.0211907
chair 0 0 -10 88.26 0.39 196.72 92.60 0.0209574
table 0 0 -10 550.15 56.51 679.22 228.31 0.0208629
chair 0 0 -10 481.87 36.79 605.47 176.73 0.0194114
chair 0 0 -10 99.20 55.67 302.41 327.53 0.0192221
table 0 0 -10 0.35 115.86 27.64 327.68 0.0191879
chair 0 0 -10 513.11 50.63 596.10 111.10 0.0174920
chair 0 0 -10 408.40 23.68 546.65 112.67 0.0167749
desk 0 0 -10 612.02 89.28 677.19 334.97 0.0159378
chair 0 0 -10 1.25 154.99 42.78 402.86 0.0152667
chair 0 0 -10 186.23 3.30 292.10 54.40 0.0148577
desk 0 0 -10 18.16 7.59 539.51 249.36 0.0147865
table 0 0 -10 371.20 25.18 544.93 81.00 0.0146245
chair 0 0 -10 328.33 134.14 643.52 510.87 0.0145435
table 0 0 -10 393.79 51.31 661.87 265.80 0.0135667
chair 0 0 -10 528.62 50.24 625.86 151.65 0.0131558
table 0 0 -10 155.30 40.11 557.41 159.98 0.0120314
table 0 0 -10 192.92 15.28 351.05 108.58 0.0117666
table 0 0 -10 179.05 83.63 368.60 389.52 0.0116948
table 0 0 -10 121.04 23.90 325.66 117.61 0.0116676
desk 0 0 -10 181.08 87.07 364.03 395.98 0.0109592
table 0 0 -10 198.44 225.24 529.75 531.00 0.0109369
table 0 0 -10 354.30 55.77 551.53 141.99 0.0099407
table 0 0 -10 9.52 17.17 227.68 208.35 0.0096348
table 0 0 -10 628.68 34.65 680.65 191.26 0.0095686
chair 0 0 -10 471.43 36.64 580.05 116.38 0.0094771
table 0 0 -10 642.06 198.81 679.09 360.94 0.0094408
chair 0 0 -10 670.69 112.71 680.62 345.05 0.0093819
desk 0 0 -10 150.34 48.90 376.06 200.38 0.0091046
chair 0 0 -10 44.32 84.41 335.66 427.46 0.0085024
table 0 0 -10 604.56 62.56 680.72 266.68 0.0082174
chair 0 0 -10 648.86 82.19 680.19 255.30 0.0077113
table 0 0 -10 0.14 96.98 147.90 389.62 0.0069678
table 0 0 -10 39.81 1.57 387.45 59.35 0.0067987
