chair 0 0 -10 152.57 281.19 424.02 523.52 0.9925871
table 0 0 -10 130.05 217.51 680.09 531.00 0.9204865
desk 0 0 -10 137.10 216.50 681.00 531.00 0.1868062
table 0 0 -10 105.27 219.16 269.83 463.55 0.1741566
table 0 0 -10 118.60 214.35 380.08 489.49 0.0646332
chair 0 0 -10 119.58 232.46 312.68 492.37 0.0419794
desk 0 0 -10 104.47 216.55 266.86 462.55 0.0359107
chair 0 0 -10 165.24 188.33 599.55 524.47 0.0332267
table 0 0 -10 612.63 334.02 679.91 514.15 0.0250571
desk 0 0 -10 116.28 213.94 373.08 491.98 0.0184069
chair 0 0 -10 328.35 223.03 647.31 515.47 0.0157977
chair 0 0 -10 598.07 326.93 680.18 504.20 0.0114050
table 0 0 -10 639.44 358.37 680.46 507.93 0.0111324
chair 0 0 -10 112.57 164.04 253.89 452.59 0.0098488
desk 0 0 -10 625.07 304.32 679.39 515.71 0.0082819
chair 0 0 -10 585.02 211.07 681.00 484.18 0.0064814
chair 0 0 -10 636.90 270.31 680.67 479.66 0.0049940
table 0 0 -10 657.86 332.64 680.85 511.76 0.0045835
chair 0 0 -10 418.12 298.08 675.87 522.13 0.0043289
chair 0 0 -10 646.86 339.66 681.00 488.37 0.0040379
table 0 0 -10 631.62 346.22 681.00 447.24 0.0038525
chair 0 0 -10 125.51 176.98 348.13 412.82 0.0038442
bed 0 0 -10 159.65 196.54 681.00 528.61 0.0033808
chair 0 0 -10 247.40 267.24 410.87 450.07 0.0026712
chair 0 0 -10 406.19 179.54 658.94 435.31 0.0025282
table 0 0 -10 102.97 228.95 186.93 468.93 0.0022976
chair 0 0 -10 317.66 224.90 420.82 474.18 0.0021609
sofa 0 0 -10 125.94 180.64 681.00 521.85 0.0021160
chair 0 0 -10 518.71 255.56 679.51 497.13 0.0020284
chair 0 0 -10 627.23 37.60 680.96 479.68 0.0019451
table 0 0 -10 387.84 278.99 678.33 531.00 0.0016941
chair 0 0 -10 304.30 169.86 545.37 402.34 0.0016522
table 0 0 -10 669.00 352.06 681.00 495.85 0.0015667
chair 0 0 -10 205.28 171.22 467.29 399.72 0.0015081
chair 0 0 -10 125.05 215.69 211.04 486.79 0.0014965
chair 0 0 -10 136.43 289.72 267.53 521.24 0.0013666
chair 0 0 -10 101.19 148.94 187.94 439.23 0.0013143
chair 0 0 -10 259.59 225.02 367.92 425.34 0.0013126
table 0 0 -10 563.14 299.13 679.73 517.26 0.0012704
chair 0 0 -10 117.46 19.43 587.89 373.13 0.0011636
bathtub 0 0 -10 151.75 215.55 674.03 487.65 0.0011582
sofa 0 0 -10 118.04 242.02 471.18 531.00 0.0011023
chair 0 0 -10 165.74 356.78 356.55 529.78 0.0010842
chair 0 0 -10 622.31 323.60 680.86 435.96 0.0010560
table 0 0 -10 159.68 319.97 388.87 530.27 0.0009991
chair 0 0 -10 653.70 158.83 681.00 487.82 0.0009260
chair 0 0 -10 645.78 331.89 681.00 407.38 0.0008160
desk 0 0 -10 648.62 334.57 680.20 490.10 0.0008158
table 0 0 -10 50.75 229.60 205.59 492.74 0.0007651
desk 0 0 -10 595.61 331.41 681.00 468.48 0.0006623
bookshelf 0 0 -10 143.98 206.83 557.48 509.68 0.0006460
chair 0 0 -10 368.74 146.62 600.35 350.51 0.0006413
toilet 0 0 -10 135.58 211.05 467.24 531.00 0.0006369
table 0 0 -10 677.34 356.67 680.99 509.78 0.0005991
chair 0 0 -10 669.04 315.65 681.00 491.84 0.0005950
bed 0 0 -10 145.93 240.94 446.74 521.21 0.0005914
chair 0 0 -10 27.85 299.28 227.87 521.50 0.0005519
table 0 0 -10 91.77 347.09 311.38 531.00 0.0005299
dresser 0 0 -10 138.76 213.44 490.53 531.00 0.0004853
chair 0 0 -10 236.12 14.28 428.52 349.66 0.0004805
chair 0 0 -10 200.40 238.13 340.07 461.44 0.0004771
night_stand 0 0 -10 135.06 221.54 494.19 527.15 0.0004715
desk 0 0 -10 158.77 316.17 389.30 526.23 0.0004664
table 0 0 -10 651.88 345.96 680.99 426.75 0.0004505
table 0 0 -10 487.25 218.59 680.76 468.01 0.0004395
bookshelf 0 0 -10 110.64 184.54 263.14 463.63 0.0004190
dresser 0 0 -10 109.41 202.07 265.76 463.97 0.0004070
toilet 0 0 -10 257.33 228.92 666.53 526.12 0.0004040
chair 0 0 -10 56.42 316.03 351.38 527.37 0.0003961
table 0 0 -10 123.89 179.99 629.38 401.79 0.0003940
chair 0 0 -10 674.47 330.06 680.81 482.83 0.0003910
chair 0 0 -10 282.30 123.88 515.65 324.78 0.0003761
dresser 0 0 -10 214.50 231.84 675.59 531.00 0.0003668
chair 0 0 -10 234.42 198.69 341.71 349.88 0.0003533
bookshelf 0 0 -10 136.36 6.93 666.41 492.05 0.0003510
chair 0 0 -10 339.68 17.97 653.32 362.84 0.0003471
night_stand 0 0 -10 603.67 340.21 681.00 502.07 0.0003457
table 0 0 -10 618.23 397.15 678.74 493.94 0.0003415
chair 0 0 -10 165.22 201.93 305.78 382.44 0.0003401
night_stand 0 0 -10 106.91 212.53 267.96 458.22 0.0003364
desk 0 0 -10 391.10 279.43 681.00 531.00 0.0003287
chair 0 0 -10 566.77 5.88 679.09 323.87 0.0003260
chair 0 0 -10 644.89 187.22 678.35 355.96 0.0002892
desk 0 0 -10 566.80 297.23 681.00 516.82 0.0002662
chair 0 0 -10 497.04 112.82 674.87 411.22 0.0002654
table 0 0 -10 265.91 221.55 393.86 442.16 0.0002653
table 0 0 -10 650.82 384.77 680.48 480.42 0.0002511
table 0 0 -10 337.59 124.03 681.00 495.38 0.0002474
table 0 0 -10 675.03 314.51 680.97 498.52 0.0002404
bed 0 0 -10 79.27 17.96 672.50 395.35 0.0002303
bathtub 0 0 -10 90.43 233.82 466.37 525.62 0.0002285
chair 0 0 -10 22.84 123.75 189.32 449.14 0.0002210
table 0 0 -10 83.72 23.32 660.60 383.04 0.0002207
night_stand 0 0 -10 282.79 246.32 681.00 531.00 0.0002199
chair 0 0 -10 30.92 15.90 288.57 437.85 0.0002124
table 0 0 -10 0.00 300.35 165.53 462.83 0.0002119
chair 0 0 -10 603.12 271.45 679.14 433.83 0.0002077
chair 0 0 -10 663.28 367.58 681.00 514.88 0.0002075
chair 0 0 -10 677.48 300.17 681.00 496.26 0.0002010
bookshelf 0 0 -10 121.85 271.09 411.64 503.20 0.0002006
