chair 0 0 -10 3.40 167.74 219.65 531.00 0.9842649
sofa 0 0 -10 139.50 113.23 496.67 436.15 0.7584658
table 0 0 -10 441.59 242.64 677.14 531.00 0.7081081
table 0 0 -10 484.93 53.45 674.18 452.97 0.1504704
chair 0 0 -10 1.73 248.95 36.83 510.08 0.0807784
chair 0 0 -10 575.94 286.21 681.00 524.82 0.0661826
sofa 0 0 -10 443.08 253.56 677.36 531.00 0.0621995
table 0 0 -10 525.71 45.73 680.96 279.92 0.0542858
sofa 0 0 -10 9.51 142.14 309.91 502.83 0.0413214
chair 0 0 -10 555.61 8.03 679.05 288.93 0.0411941
chair 0 0 -10 1.14 214.39 65.94 513.84 0.0392342
chair 0 0 -10 85.99 124.95 445.08 494.61 0.0385680
table 0 0 -10 1.33 271.33 30.70 499.14 0.0317818
chair 0 0 -10 552.07 173.67 681.00 498.01 0.0314747
table 0 0 -10 519.95 329.34 672.70 531.00 0.0232476
chair 0 0 -10 0.85 303.54 35.50 438.50 0.0225479
chair 0 0 -10 450.83 272.28 678.63 528.84 0.0204561
chair 0 0 -10 619.90 0.00 681.00 202.60 0.0197658
chair 0 0 -10 535.55 0.00 681.00 116.75 0.0196108
table 0 0 -10 581.09 362.17 678.82 531.00 0.0190264
table 0 0 -10 558.35 200.61 680.29 518.89 0.0152037
night_stand 0 0 -10 430.60 254.04 681.00 531.00 0.0146808
table 0 0 -10 5.74 48.16 344.88 410.44 0.0144915
table 0 0 -10 168.53 225.99 633.59 531.00 0.0140000
desk 0 0 -10 441.83 251.76 678.99 531.00 0.0125709
sofa 0 0 -10 1.58 261.54 31.77 497.89 0.0117482
chair 0 0 -10 641.88 161.38 676.69 505.45 0.0112744
sofa 0 0 -10 580.10 362.16 680.51 531.00 0.0100018
table 0 0 -10 633.06 331.96 680.17 529.28 0.0096817
chair 0 0 -10 610.76 30.34 681.00 505.34 0.0092565
desk 0 0 -10 516.31 38.12 673.97 320.28 0.0082165
table 0 0 -10 609.14 275.83 675.63 522.42 0.0076738
table 0 0 -10 2.87 240.33 100.77 526.53 0.0074345
table 0 0 -10 5.98 279.64 13.19 498.48 0.0069778
chair 0 0 -10 2.54 163.15 99.65 469.84 0.0069205
table 0 0 -10 469.06 192.93 675.90 395.15 0.0066521
chair 0 0 -10 633.38 305.38 681.00 519.10 0.0062775
chair 0 0 -10 521.28 19.49 681.00 430.90 0.0055995
chair 0 0 -10 403.38 0.00 681.00 106.66 0.0055287
chair 0 0 -10 4.19 215.04 22.49 519.39 0.0054009
chair 0 0 -10 640.34 3.98 679.59 337.87 0.0052406
table 0 0 -10 4.02 283.00 10.53 509.40 0.0047849
table 0 0 -10 31.92 192.78 297.62 517.27 0.0047428
chair 0 0 -10 2.45 304.83 189.88 506.88 0.0046434
chair 0 0 -10 5.44 212.40 30.64 420.49 0.0042995
table 0 0 -10 641.03 122.90 675.99 500.50 0.0041817
table 0 0 -10 446.56 1.78 657.32 97.13 0.0041319
desk 0 0 -10 0.00 21.74 346.38 300.63 0.0039429
table 0 0 -10 450.34 8.42 676.95 189.42 0.0037745
bed 0 0 -10 436.39 242.57 680.75 531.00 0.0032228
dresser 0 0 -10 440.85 254.49 679.84 531.00 0.0032167
table 0 0 -10 670.82 302.24 680.58 530.29 0.0031270
table 0 0 -10 0.36 324.26 29.68 432.30 0.0030865
desk 0 0 -10 535.66 159.37 678.88 516.04 0.0030532
table 0 0 -10 601.84 48.41 679.07 511.34 0.0029338
table 0 0 -10 654.46 351.02 680.29 526.78 0.0028937
chair 0 0 -10 2.32 276.39 10.31 488.59 0.0028851
chair 0 0 -10 5.29 272.41 13.88 493.72 0.0026684
desk 0 0 -10 0.74 265.36 30.39 500.30 0.0026463
table 0 0 -10 93.72 116.59 513.49 433.35 0.0025344
chair 0 0 -10 598.97 205.61 681.00 449.53 0.0024183
sofa 0 0 -10 4.80 215.85 21.47 526.24 0.0023420
sofa 0 0 -10 5.70 270.41 13.38 496.83 0.0022964
sofa 0 0 -10 3.89 262.83 10.61 506.28 0.0021869
desk 0 0 -10 439.74 7.61 677.45 214.57 0.0021725
table 0 0 -10 3.07 242.70 18.08 519.19 0.0020557
chair 0 0 -10 531.61 0.00 679.87 56.98 0.0019723
chair 0 0 -10 631.82 273.81 681.00 422.97 0.0019487
chair 0 0 -10 3.28 121.62 213.58 354.95 0.0019214
chair 0 0 -10 475.83 4.07 677.62 181.97 0.0018920
chair 0 0 -10 657.64 273.64 680.22 495.90 0.0018198
chair 0 0 -10 33.85 289.68 507.82 527.30 0.0018082
table 0 0 -10 555.38 51.85 678.95 192.47 0.0016551
dresser 0 0 -10 26.83 14.25 327.20 208.12 0.0015527
bed 0 0 -10 576.42 375.51 681.00 531.00 0.0015281
desk 0 0 -10 20.31 117.22 339.51 494.93 0.0014901
chair 0 0 -10 6.22 159.26 20.13 417.62 0.0014570
table 0 0 -10 673.35 376.52 680.01 526.50 0.0014320
chair 0 0 -10 612.26 0.00 680.00 98.75 0.0014163
table 0 0 -10 0.00 142.28 227.85 455.84 0.0013706
chair 0 0 -10 1.80 325.60 57.35 409.05 0.0013684
sofa 0 0 -10 634.02 311.59 680.66 531.00 0.0013504
table 0 0 -10 661.82 248.08 680.80 521.07 0.0012752
chair 0 0 -10 32.11 129.27 300.72 448.96 0.0012049
chair 0 0 -10 1.29 354.91 44.86 417.44 0.0012005
dresser 0 0 -10 21.61 11.32 352.75 117.70 0.0012000
chair 0 0 -10 644.40 0.00 680.71 111.98 0.0011762
desk 0 0 -10 0.72 194.47 147.12 517.60 0.0011657
desk 0 0 -10 4.63 5.12 601.25 242.77 0.0011613
bookshelf 0 0 -10 11.84 0.00 372.47 265.22 0.0011518
table 0 0 -10 645.54 280.57 680.13 462.54 0.0011360
table 0 0 -10 4.82 7.17 338.74 111.49 0.0011076
chair 0 0 -10 650.41 0.00 681.00 229.86 0.0010888
table 0 0 -10 0.25 266.91 61.17 449.51 0.0010509
chair 0 0 -10 670.95 280.96 680.96 520.99 0.0010104
sofa 0 0 -10 0.67 321.31 29.89 430.03 0.0009731
desk 0 0 -10 582.31 326.68 679.84 531.00 0.0009578
table 0 0 -10 63.54 32.92 320.51 285.60 0.0009578
table 0 0 -10 412.17 34.05 655.06 293.25 0.0009340
dresser 0 0 -10 3.25 254.67 29.61 505.50 0.0008676
