chair 0 0 -10 66.87 74.89 610.11 526.67 0.9826497
chair 0 0 -10 322.00 5.35 593.91 187.30 0.7065294
table 0 0 -10 0.82 9.76 455.39 424.28 0.5871685
chair 0 0 -10 145.36 20.93 510.35 337.88 0.5176516
table 0 0 -10 195.00 7.11 626.36 256.15 0.0751911
table 0 0 -10 101.45 9.19 446.19 277.16 0.0503194
desk 0 0 -10 0.00 0.00 483.72 456.66 0.0471018
chair 0 0 -10 430.96 23.18 642.12 203.57 0.0348929
table 0 0 -10 314.84 5.02 632.01 160.73 0.0262137
table 0 0 -10 199.86 115.40 604.40 531.00 0.0242128
chair 0 0 -10 304.60 44.35 597.48 443.71 0.0198431
table 0 0 -10 362.61 52.41 615.83 227.40 0.0186562
chair 0 0 -10 393.43 0.00 595.47 126.16 0.0148422
chair 0 0 -10 569.87 1.15 661.47 115.15 0.0133110
chair 0 0 -10 177.94 12.44 389.18 271.87 0.0121327
sofa 0 0 -10 25.15 21.38 598.02 531.00 0.0113762
table 0 0 -10 1.45 110.12 226.41 531.00 0.0100951
chair 0 0 -10 532.52 13.80 655.25 192.40 0.0097431
desk 0 0 -10 308.74 9.84 634.52 212.03 0.0078179
chair 0 0 -10 330.02 2.32 464.57 175.23 0.0060749
desk 0 0 -10 108.65 4.82 451.19 281.53 0.0054673
table 0 0 -10 338.28 118.39 581.08 234.34 0.0040070
chair 0 0 -10 53.55 28.55 403.34 393.44 0.0038803
chair 0 0 -10 197.56 395.75 559.66 528.31 0.0035610
chair 0 0 -10 581.78 0.00 672.37 63.00 0.0033383
chair 0 0 -10 203.09 114.15 410.67 302.00 0.0032415
chair 0 0 -10 287.84 6.13 486.95 232.59 0.0026725
table 0 0 -10 69.11 92.87 387.52 376.18 0.0023213
chair 0 0 -10 0.00 188.07 105.79 521.00 0.0022379
chair 0 0 -10 475.94 0.00 642.83 130.25 0.0021447
chair 0 0 -10 2.51 89.82 84.40 312.64 0.0019834
desk 0 0 -10 138.15 99.95 616.25 531.00 0.0019602
chair 0 0 -10 91.36 3.54 339.68 221.98 0.0015454
bed 0 0 -10 15.38 7.13 573.80 531.00 0.0013941
bookshelf 0 0 -10 374.93 3.98 598.32 190.35 0.0013428
table 0 0 -10 331.59 62.41 597.99 434.55 0.0013291
table 0 0 -10 334.40 159.38 594.34 269.48 0.0012452
sofa 0 0 -10 337.00 7.49 587.02 163.13 0.0012079
table 0 0 -10 181.67 104.72 415.35 318.92 0.0011995
toilet 0 0 -10 51.05 53.95 546.77 523.34 0.0011427
table 0 0 -10 0.00 17.77 109.87 412.63 0.0010447
chair 0 0 -10 3.65 50.72 59.00 427.13 0.0009959
table 0 0 -10 328.73 10.48 518.46 216.23 0.0008693
chair 0 0 -10 408.74 0.00 588.62 67.29 0.0008529
chair 0 0 -10 379.36 153.61 599.74 523.90 0.0008283
table 0 0 -10 398.36 0.00 649.01 83.92 0.0008178
table 0 0 -10 491.80 66.17 636.00 196.46 0.0007793
chair 0 0 -10 0.00 20.91 101.89 400.33 0.0007763
table 0 0 -10 228.27 6.76 442.57 195.12 0.0006526
bathtub 0 0 -10 14.11 10.97 489.49 434.31 0.0006092
table 0 0 -10 231.17 183.23 505.47 289.68 0.0005780
bed 0 0 -10 80.84 0.00 463.40 348.46 0.0005421
table 0 0 -10 350.69 37.82 502.02 330.74 0.0005146
sofa 0 0 -10 84.83 6.51 471.99 340.01 0.0005048
dresser 0 0 -10 314.84 6.21 633.40 210.24 0.0005043
table 0 0 -10 45.32 0.00 527.33 133.77 0.0005025
bookshelf 0 0 -10 28.98 1.43 550.09 499.00 0.0004998
chair 0 0 -10 606.73 0.00 658.41 46.78 0.0004963
dresser 0 0 -10 45.77 47.25 561.56 521.43 0.0004878
table 0 0 -10 331.69 4.70 486.86 129.31 0.0004787
desk 0 0 -10 362.08 1.44 585.13 134.88 0.0004560
chair 0 0 -10 631.25 0.00 680.89 59.40 0.0004433
table 0 0 -10 191.97 405.77 549.86 530.63 0.0004370
desk 0 0 -10 0.00 58.65 282.81 531.00 0.0004193
chair 0 0 -10 600.94 0.00 680.29 129.67 0.0004084
night_stand 0 0 -10 42.94 55.14 565.64 524.54 0.0004045
chair 0 0 -10 2.19 70.73 275.63 516.72 0.0003999
chair 0 0 -10 538.95 72.78 638.06 180.08 0.0003837
table 0 0 -10 0.00 49.90 176.83 300.18 0.0003705
dresser 0 0 -10 96.93 6.04 452.73 344.26 0.0003695
chair 0 0 -10 565.43 0.00 606.95 60.75 0.0003678
sofa 0 0 -10 214.61 8.61 641.62 254.67 0.0003656
table 0 0 -10 0.00 181.16 82.49 524.36 0.0003566
bookshelf 0 0 -10 99.60 0.00 453.94 345.74 0.0003285
chair 0 0 -10 218.16 171.38 500.34 286.02 0.0003085
table 0 0 -10 21.08 0.36 402.47 78.18 0.0003002
chair 0 0 -10 235.45 313.54 625.94 527.39 0.0002994
table 0 0 -10 425.68 31.92 632.19 180.06 0.0002987
bed 0 0 -10 330.59 0.61 586.98 167.46 0.0002979
table 0 0 -10 2.25 79.71 82.96 300.28 0.0002950
chair 0 0 -10 1.27 208.49 48.41 506.05 0.0002947
table 0 0 -10 77.40 143.85 280.10 531.00 0.0002910
bathtub 0 0 -10 336.20 5.14 585.74 152.38 0.0002767
toilet 0 0 -10 109.81 12.67 456.89 362.95 0.0002722
chair 0 0 -10 647.04 1.31 681.00 40.49 0.0002703
chair 0 0 -10 3.23 5.79 179.45 243.93 0.0002580
table 0 0 -10 577.62 0.00 672.93 77.68 0.0002516
desk 0 0 -10 236.08 8.22 523.89 307.48 0.0002414
table 0 0 -10 12.26 225.80 140.74 531.00 0.0002368
table 0 0 -10 435.10 120.91 625.88 531.00 0.0002357
chair 0 0 -10 589.55 0.00 612.85 64.60 0.0002341
night_stand 0 0 -10 314.77 6.66 635.05 206.45 0.0002202
bathtub 0 0 -10 64.41 101.31 613.27 522.90 0.0002172
toilet 0 0 -10 292.06 3.39 615.51 140.59 0.0002001
bathtub 0 0 -10 329.73 2.43 652.71 249.68 0.0001999
chair 0 0 -10 0.12 87.26 37.60 405.23 0.0001939
bookshelf 0 0 -10 236.31 0.00 629.47 254.57 0.0001828
chair 0 0 -10 643.96 2.44 681.00 109.69 0.0001780
night_stand 0 0 -10 90.95 11.41 463.37 339.74 0.0001779
chair 0 0 -10 563.74 0.00 638.47 69.47 0.0001719
