table 0 0 -10 325.99 267.48 593.41 531.00 0.9235252
desk 0 0 -10 321.92 273.48 584.16 531.00 0.0508193
table 0 0 -10 0.00 498.66 320.40 530.77 0.0297910
chair 0 0 -10 333.26 278.54 588.13 531.00 0.0270804
table 0 0 -10 2.26 515.06 304.34 531.00 0.0111010
table 0 0 -10 86.73 250.20 602.26 530.46 0.0056563
chair 0 0 -10 0.00 496.38 327.87 531.00 0.0055293
table 0 0 -10 362.26 271.43 566.32 400.75 0.0054306
sofa 0 0 -10 0.00 510.93 340.60 531.00 0.0049367
night_stand 0 0 -10 328.00 273.86 589.88 531.00 0.0039578
bed 0 0 -10 0.00 510.82 344.82 531.00 0.0038014
table 0 0 -10 2.52 465.34 442.26 531.00 0.0030231
table 0 0 -10 198.34 501.12 262.21 530.59 0.0030007
chair 0 0 -10 13.68 409.25 511.18 531.00 0.0028552
table 0 0 -10 260.94 346.65 518.50 531.00 0.0027156
bed 0 0 -10 29.85 490.33 318.50 529.73 0.0025811
table 0 0 -10 166.97 506.92 246.46 530.69 0.0023972
chair 0 0 -10 0.00 465.52 453.58 531.00 0.0021792
table 0 0 -10 6.63 503.73 207.45 528.56 0.0021624
sofa 0 0 -10 29.76 489.71 316.37 529.55 0.0020292
bed 0 0 -10 327.40 267.24 587.33 531.00 0.0019429
chair 0 0 -10 459.35 207.95 551.65 373.87 0.0018009
bathtub 0 0 -10 0.00 496.88 329.15 530.25 0.0013718
chair 0 0 -10 429.08 210.01 522.26 366.21 0.0013074
desk 0 0 -10 0.00 510.73 341.43 531.00 0.0012788
table 0 0 -10 9.75 518.48 192.99 530.74 0.0012365
chair 0 0 -10 142.52 255.71 564.04 531.00 0.0012096
chair 0 0 -10 388.41 0.00 481.07 50.13 0.0011938
chair 0 0 -10 0.52 514.93 295.62 531.00 0.0011665
chair 0 0 -10 200.34 499.17 263.42 531.00 0.0010833
table 0 0 -10 105.23 482.04 266.68 530.84 0.0010416
bookshelf 0 0 -10 403.25 0.00 522.81 97.17 0.0010173
dresser 0 0 -10 322.97 271.90 589.61 531.00 0.0009898
table 0 0 -10 323.57 301.79 444.12 530.06 0.0009021
table 0 0 -10 13.22 396.60 511.60 529.93 0.0007893
table 0 0 -10 152.00 507.19 272.04 523.01 0.0007684
chair 0 0 -10 219.24 360.86 492.24 531.00 0.0007636
sofa 0 0 -10 325.19 259.00 597.29 531.00 0.0007598
bathtub 0 0 -10 323.56 265.33 613.28 524.74 0.0007439
table 0 0 -10 120.11 521.43 310.35 530.14 0.0007375
table 0 0 -10 116.79 483.66 474.57 529.05 0.0007258
toilet 0 0 -10 326.76 261.66 587.80 531.00 0.0007030
table 0 0 -10 456.84 283.97 587.75 527.54 0.0006685
desk 0 0 -10 152.58 191.94 603.74 519.37 0.0006567
table 0 0 -10 6.16 524.63 192.85 531.00 0.0006526
chair 0 0 -10 342.73 268.94 489.33 400.77 0.0006467
chair 0 0 -10 169.21 505.55 245.55 531.00 0.0006359
bathtub 0 0 -10 0.00 514.71 305.25 531.00 0.0006111
bookshelf 0 0 -10 269.45 16.17 516.77 280.46 0.0006039
table 0 0 -10 36.91 482.91 201.13 530.61 0.0005639
chair 0 0 -10 460.72 225.43 483.61 269.78 0.0005435
table 0 0 -10 145.20 516.31 298.74 528.51 0.0004805
chair 0 0 -10 454.71 220.84 495.41 277.91 0.0004665
bookshelf 0 0 -10 280.46 3.90 530.44 85.67 0.0004436
chair 0 0 -10 104.35 478.86 272.69 530.88 0.0004426
bed 0 0 -10 179.63 506.28 260.28 531.00 0.0004418
chair 0 0 -10 6.12 502.30 211.89 529.16 0.0004272
bathtub 0 0 -10 0.00 463.10 463.07 530.54 0.0004152
toilet 0 0 -10 0.00 496.67 324.74 531.00 0.0004058
sofa 0 0 -10 180.67 506.36 259.57 531.00 0.0003853
bookshelf 0 0 -10 381.95 3.03 477.25 52.39 0.0003769
chair 0 0 -10 404.68 182.54 566.19 383.26 0.0003736
table 0 0 -10 119.23 526.93 294.91 530.89 0.0003700
table 0 0 -10 72.73 508.33 411.53 528.74 0.0003491
bed 0 0 -10 6.97 466.72 464.07 531.00 0.0003463
chair 0 0 -10 375.73 0.00 519.32 69.22 0.0003428
chair 0 0 -10 31.22 479.85 210.90 530.84 0.0003269
desk 0 0 -10 24.81 490.12 317.54 529.16 0.0003194
bookshelf 0 0 -10 253.74 0.00 574.17 473.14 0.0003176
chair 0 0 -10 477.41 252.71 568.79 402.13 0.0003074
dresser 0 0 -10 0.00 510.87 337.02 531.00 0.0003056
chair 0 0 -10 397.52 0.00 439.44 34.42 0.0003003
chair 0 0 -10 100.87 343.53 408.91 528.63 0.0002971
table 0 0 -10 3.38 506.62 98.83 530.90 0.0002928
sofa 0 0 -10 8.72 465.66 460.85 531.00 0.0002914
desk 0 0 -10 178.47 506.32 259.60 531.00 0.0002870
chair 0 0 -10 156.41 509.20 275.65 525.99 0.0002860
chair 0 0 -10 425.97 203.91 596.03 469.04 0.0002815
chair 0 0 -10 353.43 4.70 442.42 41.22 0.0002806
table 0 0 -10 69.03 517.14 428.26 530.95 0.0002738
table 0 0 -10 386.05 261.09 577.82 352.27 0.0002672
chair 0 0 -10 2.50 425.64 295.14 531.00 0.0002567
table 0 0 -10 200.79 83.86 603.60 507.31 0.0002530
bookshelf 0 0 -10 395.52 3.40 526.25 282.43 0.0002522
table 0 0 -10 35.42 422.64 319.03 529.85 0.0002511
table 0 0 -10 3.32 527.18 119.49 531.00 0.0002504
chair 0 0 -10 448.97 122.28 500.49 307.89 0.0002466
bed 0 0 -10 20.20 140.65 626.98 523.67 0.0002429
bookshelf 0 0 -10 0.00 510.27 340.14 531.00 0.0002175
chair 0 0 -10 374.80 2.17 439.89 68.51 0.0002081
bathtub 0 0 -10 195.54 506.94 270.46 530.64 0.0002078
bed 0 0 -10 0.00 1.49 397.46 531.00 0.0002043
chair 0 0 -10 290.80 3.04 474.71 62.49 0.0002035
table 0 0 -10 380.20 3.62 475.18 51.86 0.0002011
chair 0 0 -10 335.86 291.88 472.59 360.90 0.0001962
table 0 0 -10 217.67 386.46 427.88 529.89 0.0001924
chair 0 0 -10 366.62 55.97 638.09 462.73 0.0001868
table 0 0 -10 518.89 300.96 669.37 531.00 0.0001683
bookshelf 0 0 -10 328.68 239.88 582.63 528.95 0.0001641
bathtub 0 0 -10 168.81 506.31 245.82 530.62 0.0001610
