table 0 0 -10 0.00 8.59 681.00 501.83 0.9077046
chair 0 0 -10 73.73 109.22 522.03 531.00 0.8513511
chair 0 0 -10 268.72 8.50 526.58 244.89 0.4163181
chair 0 0 -10 0.00 91.56 195.78 433.49 0.3497994
chair 0 0 -10 295.51 8.18 500.90 147.75 0.1977238
chair 0 0 -10 188.54 19.27 519.83 373.82 0.1721657
chair 0 0 -10 217.08 0.70 376.39 237.54 0.1528323
chair 0 0 -10 509.96 4.94 677.93 230.06 0.1373395
desk 0 0 -10 100.78 6.89 681.00 531.00 0.1134053
chair 0 0 -10 0.00 115.70 46.47 365.24 0.0994578
chair 0 0 -10 0.00 65.85 75.93 380.65 0.0844326
chair 0 0 -10 229.31 0.51 348.70 144.09 0.0658209
table 0 0 -10 345.58 25.39 681.00 503.13 0.0643402
table 0 0 -10 1.64 4.82 353.31 355.80 0.0525840
table 0 0 -10 545.00 37.88 681.00 515.58 0.0452391
table 0 0 -10 71.63 181.87 521.33 524.42 0.0417282
chair 0 0 -10 419.11 8.33 642.85 281.44 0.0357268
table 0 0 -10 0.00 11.88 119.75 270.46 0.0340300
chair 0 0 -10 254.55 0.00 423.84 144.95 0.0254277
chair 0 0 -10 0.00 81.12 93.00 213.12 0.0236720
chair 0 0 -10 32.38 33.99 389.49 462.78 0.0221765
table 0 0 -10 0.56 6.94 206.72 305.55 0.0212217
sofa 0 0 -10 86.67 140.14 525.64 523.63 0.0211504
chair 0 0 -10 220.16 25.51 649.34 501.60 0.0210277
chair 0 0 -10 155.51 0.78 493.30 127.01 0.0180438
chair 0 0 -10 171.34 1.45 329.42 168.53 0.0173586
chair 0 0 -10 324.08 19.02 586.41 313.77 0.0164962
chair 0 0 -10 385.80 7.19 551.91 247.68 0.0160903
table 0 0 -10 507.82 11.04 680.08 298.55 0.0160274
table 0 0 -10 116.68 1.80 498.84 146.30 0.0152034
chair 0 0 -10 313.70 4.10 432.47 194.76 0.0138612
table 0 0 -10 28.65 217.62 297.39 529.93 0.0096675
chair 0 0 -10 1.39 85.10 154.32 244.41 0.0091722
desk 0 0 -10 450.76 19.14 680.59 471.69 0.0083500
chair 0 0 -10 5.89 40.34 215.75 296.24 0.0067506
chair 0 0 -10 548.16 21.71 680.46 408.88 0.0064500
chair 0 0 -10 1.78 109.24 18.34 387.04 0.0063872
chair 0 0 -10 148.56 15.24 351.21 312.07 0.0063459
table 0 0 -10 188.27 32.00 672.87 351.83 0.0061629
desk 0 0 -10 77.81 165.18 528.17 527.03 0.0052843
desk 0 0 -10 0.00 8.74 515.22 394.92 0.0052797
chair 0 0 -10 0.89 77.06 63.87 180.26 0.0050512
table 0 0 -10 587.25 30.00 678.47 298.21 0.0049137
table 0 0 -10 0.00 52.32 78.78 318.20 0.0047796
table 0 0 -10 0.20 59.18 191.40 220.27 0.0045420
chair 0 0 -10 2.19 107.66 10.52 374.11 0.0043661
chair 0 0 -10 442.13 37.43 663.98 478.46 0.0040674
table 0 0 -10 3.91 15.31 594.39 267.58 0.0040021
chair 0 0 -10 416.89 0.00 533.24 169.32 0.0038535
table 0 0 -10 0.00 147.10 32.83 348.70 0.0034655
desk 0 0 -10 512.95 11.30 680.84 296.70 0.0034271
table 0 0 -10 0.16 62.55 109.81 200.54 0.0033339
table 0 0 -10 621.52 68.41 678.02 489.75 0.0031729
table 0 0 -10 156.10 3.00 644.11 197.44 0.0031326
chair 0 0 -10 313.38 84.85 560.42 429.15 0.0031158
table 0 0 -10 389.04 15.44 673.52 246.96 0.0031093
chair 0 0 -10 478.28 0.00 633.51 157.49 0.0030218
chair 0 0 -10 584.63 4.14 676.62 292.36 0.0030112
desk 0 0 -10 253.94 7.98 681.00 344.75 0.0028321
desk 0 0 -10 556.69 42.05 680.31 525.32 0.0027637
chair 0 0 -10 92.40 366.63 469.04 529.75 0.0025792
chair 0 0 -10 4.88 91.79 9.06 352.39 0.0025154
table 0 0 -10 196.46 3.53 412.60 119.51 0.0023931
chair 0 0 -10 627.64 20.46 675.59 267.31 0.0023839
table 0 0 -10 467.44 13.55 676.22 125.03 0.0023649
chair 0 0 -10 36.94 161.97 309.00 525.93 0.0023544
table 0 0 -10 14.48 1.00 250.18 138.14 0.0022702
chair 0 0 -10 602.89 51.40 679.15 222.86 0.0022635
table 0 0 -10 0.00 202.78 196.51 460.41 0.0021295
chair 0 0 -10 170.23 219.46 460.13 528.52 0.0019998
table 0 0 -10 0.00 147.01 15.28 381.94 0.0018791
chair 0 0 -10 1.78 180.56 129.18 433.66 0.0017151
chair 0 0 -10 2.86 68.36 23.73 320.18 0.0016861
table 0 0 -10 2.51 134.98 9.97 378.65 0.0014615
chair 0 0 -10 0.21 64.47 54.09 134.48 0.0014611
bed 0 0 -10 8.13 9.75 584.13 528.86 0.0014566
chair 0 0 -10 341.95 0.19 574.29 125.35 0.0013272
chair 0 0 -10 163.12 7.35 255.92 175.39 0.0013016
chair 0 0 -10 92.47 0.00 277.69 181.95 0.0012680
table 0 0 -10 632.72 39.06 678.30 343.51 0.0011855
toilet 0 0 -10 82.00 162.44 518.48 529.48 0.0011852
bed 0 0 -10 92.12 168.61 505.87 526.94 0.0011365
table 0 0 -10 250.07 2.51 518.71 113.64 0.0010693
chair 0 0 -10 0.76 229.73 75.63 464.83 0.0009542
chair 0 0 -10 274.71 0.00 494.29 85.84 0.0009393
desk 0 0 -10 190.64 5.65 480.33 125.06 0.0009191
bookshelf 0 0 -10 92.64 143.36 523.78 526.67 0.0008405
chair 0 0 -10 1.11 60.97 40.94 235.23 0.0008310
dresser 0 0 -10 83.00 163.19 527.85 528.69 0.0008266
table 0 0 -10 180.37 12.39 424.53 267.74 0.0008256
table 0 0 -10 5.52 85.33 21.31 392.31 0.0008160
night_stand 0 0 -10 94.32 177.08 527.38 531.00 0.0007806
table 0 0 -10 0.00 190.55 28.96 283.27 0.0007639
sofa 0 0 -10 0.00 13.89 664.99 476.00 0.0007459
chair 0 0 -10 0.00 0.61 44.87 189.39 0.0007446
chair 0 0 -10 1.11 186.10 30.99 287.83 0.0007329
chair 0 0 -10 0.62 115.53 7.04 371.91 0.0006789
desk 0 0 -10 0.26 5.92 203.67 325.11 0.0006541
bathtub 0 0 -10 71.81 188.36 528.16 527.45 0.0006396
table 0 0 -10 177.51 124.72 577.08 437.08 0.0006158
