chair 0 0 -10 261.78 96.08 443.53 316.47 0.9923400
chair 0 0 -10 133.57 155.58 440.62 528.38 0.9915832
chair 0 0 -10 460.95 192.48 679.26 531.00 0.9748901
table 0 0 -10 287.16 119.98 679.58 495.06 0.9712402
chair 0 0 -10 606.84 26.30 678.67 265.55 0.4206425
chair 0 0 -10 503.20 139.46 681.00 391.49 0.1335155
chair 0 0 -10 627.73 226.38 681.00 521.98 0.0903781
chair 0 0 -10 240.35 79.49 462.66 467.11 0.0858007
chair 0 0 -10 543.24 25.83 680.81 309.20 0.0852879
table 0 0 -10 309.10 105.80 512.26 341.66 0.0830058
chair 0 0 -10 249.67 169.63 562.38 526.87 0.0725403
chair 0 0 -10 640.88 34.66 679.47 291.23 0.0493435
chair 0 0 -10 457.27 75.85 636.02 271.25 0.0462022
chair 0 0 -10 465.46 186.34 678.91 291.57 0.0459400
table 0 0 -10 400.84 122.39 675.84 379.10 0.0351327
chair 0 0 -10 555.79 86.14 663.98 253.43 0.0301749
table 0 0 -10 466.44 189.27 678.20 481.98 0.0213750
desk 0 0 -10 335.37 120.43 681.00 520.44 0.0194410
chair 0 0 -10 481.07 100.97 574.14 270.62 0.0187488
chair 0 0 -10 652.31 214.56 681.00 448.06 0.0163244
chair 0 0 -10 592.03 292.31 680.76 531.00 0.0157434
table 0 0 -10 632.95 282.04 680.11 529.23 0.0149298
chair 0 0 -10 573.71 170.32 679.70 420.68 0.0148903
table 0 0 -10 318.02 64.15 681.00 301.56 0.0131935
chair 0 0 -10 608.87 216.94 680.34 393.08 0.0126845
table 0 0 -10 417.01 102.56 669.03 261.63 0.0122942
chair 0 0 -10 337.33 104.99 463.07 291.29 0.0114336
chair 0 0 -10 267.16 43.88 372.66 264.28 0.0112913
chair 0 0 -10 527.38 96.80 627.20 249.06 0.0109520
chair 0 0 -10 649.63 351.34 680.57 531.00 0.0108936
chair 0 0 -10 34.71 177.63 341.82 531.00 0.0104166
chair 0 0 -10 456.39 90.37 541.06 271.49 0.0097730
table 0 0 -10 497.49 56.81 677.68 329.80 0.0091114
chair 0 0 -10 635.08 268.19 680.24 432.56 0.0086928
chair 0 0 -10 626.99 114.25 679.05 420.42 0.0073634
chair 0 0 -10 663.65 20.74 680.64 273.87 0.0071065
table 0 0 -10 601.63 63.46 679.16 223.09 0.0067510
chair 0 0 -10 653.64 73.91 680.93 230.34 0.0065377
chair 0 0 -10 276.20 7.96 361.57 170.50 0.0059499
chair 0 0 -10 286.10 56.17 568.42 297.00 0.0058868
chair 0 0 -10 447.81 124.56 622.92 356.87 0.0058524
chair 0 0 -10 469.62 298.08 679.34 450.76 0.0057990
chair 0 0 -10 425.44 47.37 574.65 276.30 0.0052396
chair 0 0 -10 628.06 184.85 679.58 284.21 0.0049766
chair 0 0 -10 660.43 260.91 680.83 522.54 0.0043022
table 0 0 -10 593.86 271.23 680.03 448.52 0.0040599
table 0 0 -10 634.91 39.40 677.65 279.94 0.0040042
chair 0 0 -10 635.63 191.70 681.00 348.85 0.0034319
table 0 0 -10 524.40 290.90 677.94 441.20 0.0033494
chair 0 0 -10 393.24 69.15 660.09 405.03 0.0032341
table 0 0 -10 268.43 109.22 457.99 274.19 0.0029899
chair 0 0 -10 0.27 0.80 68.64 259.17 0.0026435
table 0 0 -10 478.93 115.90 626.21 285.48 0.0026422
table 0 0 -10 470.78 304.67 676.50 388.60 0.0025602
chair 0 0 -10 654.04 345.00 680.83 424.49 0.0025586
table 0 0 -10 651.93 404.10 679.84 531.00 0.0024950
chair 0 0 -10 525.70 99.44 579.27 234.66 0.0024883
table 0 0 -10 10.47 197.62 309.27 531.00 0.0022274
desk 0 0 -10 300.03 103.80 464.60 313.15 0.0021530
chair 0 0 -10 326.89 102.41 500.15 386.46 0.0021445
chair 0 0 -10 132.91 33.23 409.77 354.08 0.0020103
chair 0 0 -10 435.47 82.62 508.93 258.83 0.0019453
chair 0 0 -10 403.04 93.16 477.98 267.32 0.0019391
table 0 0 -10 535.41 73.39 675.30 239.81 0.0019212
table 0 0 -10 100.95 110.83 558.30 512.85 0.0019116
chair 0 0 -10 281.84 75.31 358.77 149.18 0.0018499
table 0 0 -10 242.78 106.89 459.42 400.31 0.0018354
chair 0 0 -10 673.22 61.24 680.42 241.01 0.0016807
chair 0 0 -10 561.61 178.81 681.00 279.72 0.0016155
chair 0 0 -10 668.87 223.29 679.21 431.89 0.0015983
table 0 0 -10 548.86 106.57 679.23 433.19 0.0015555
table 0 0 -10 409.43 183.84 677.53 287.63 0.0014165
table 0 0 -10 596.56 56.19 679.79 369.36 0.0012136
chair 0 0 -10 672.68 232.44 680.78 519.61 0.0011518
table 0 0 -10 432.65 211.12 670.93 342.44 0.0011072
table 0 0 -10 660.62 277.57 680.31 531.00 0.0010895
chair 0 0 -10 355.27 14.80 662.80 226.45 0.0010196
table 0 0 -10 27.61 14.94 299.42 309.90 0.0009915
chair 0 0 -10 379.51 252.61 518.99 531.00 0.0009888
desk 0 0 -10 460.67 245.41 681.00 531.00 0.0009866
chair 0 0 -10 37.31 7.01 269.95 318.44 0.0009350
chair 0 0 -10 673.50 256.66 679.81 439.41 0.0009162
table 0 0 -10 604.48 154.55 678.90 507.87 0.0008909
table 0 0 -10 430.25 334.76 671.50 531.00 0.0008856
desk 0 0 -10 237.53 120.61 529.75 506.98 0.0008844
table 0 0 -10 231.72 338.77 442.46 531.00 0.0008460
desk 0 0 -10 636.54 31.50 677.43 283.62 0.0007940
sofa 0 0 -10 356.42 161.61 681.00 528.60 0.0007748
chair 0 0 -10 669.64 350.66 680.60 530.29 0.0007661
table 0 0 -10 464.80 98.84 614.20 222.90 0.0007590
desk 0 0 -10 635.07 277.50 680.02 531.00 0.0007394
chair 0 0 -10 632.73 350.85 680.27 411.85 0.0007293
chair 0 0 -10 0.00 10.99 121.32 297.45 0.0007219
table 0 0 -10 99.34 3.80 327.37 177.50 0.0007089
chair 0 0 -10 647.99 205.82 680.14 285.33 0.0007063
table 0 0 -10 120.71 228.95 426.52 526.83 0.0006958
chair 0 0 -10 657.85 367.45 680.14 409.70 0.0006942
chair 0 0 -10 661.61 399.04 680.31 530.63 0.0006935
chair 0 0 -10 647.70 300.01 680.39 405.58 0.0006750
chair 0 0 -10 666.25 329.47 680.83 423.29 0.0006528
