chair 0 0 -10 154.93 5.40 513.99 495.63 0.9964450
chair 0 0 -10 541.49 5.20 674.13 170.97 0.4318802
chair 0 0 -10 5.85 14.44 158.80 215.15 0.2001750
table 0 0 -10 2.54 12.60 197.37 217.22 0.1789622
chair 0 0 -10 1.22 119.35 48.09 244.98 0.0967614
chair 0 0 -10 624.86 5.25 678.73 177.04 0.0744119
desk 0 0 -10 5.18 15.60 197.99 220.80 0.0696661
chair 0 0 -10 0.00 141.67 81.34 490.89 0.0644996
table 0 0 -10 4.04 166.64 625.59 527.03 0.0575294
chair 0 0 -10 3.41 111.43 67.02 379.96 0.0415966
chair 0 0 -10 593.52 7.37 668.57 144.30 0.0327852
chair 0 0 -10 37.37 9.61 186.87 159.05 0.0301093
chair 0 0 -10 1.22 88.15 103.45 241.24 0.0270709
chair 0 0 -10 0.22 230.42 78.30 407.30 0.0217766
chair 0 0 -10 26.42 22.54 367.01 483.33 0.0187225
table 0 0 -10 0.00 22.73 384.28 505.83 0.0177332
chair 0 0 -10 0.05 41.97 64.20 268.43 0.0176500
chair 0 0 -10 0.00 283.32 72.47 520.13 0.0127952
desk 0 0 -10 7.36 168.19 636.28 531.00 0.0124441
table 0 0 -10 562.56 7.39 677.57 162.43 0.0092170
chair 0 0 -10 0.30 115.30 35.01 315.02 0.0084084
chair 0 0 -10 2.88 5.43 110.92 157.47 0.0083707
chair 0 0 -10 647.01 6.64 680.29 133.77 0.0082742
chair 0 0 -10 537.04 1.98 668.83 86.20 0.0076765
chair 0 0 -10 49.21 13.36 276.68 330.95 0.0073611
chair 0 0 -10 565.90 63.65 677.11 166.26 0.0070433
table 0 0 -10 138.06 16.64 603.12 259.61 0.0067077
table 0 0 -10 180.33 204.19 504.00 525.20 0.0066033
table 0 0 -10 344.06 15.77 485.30 209.30 0.0061684
chair 0 0 -10 198.78 7.07 472.96 284.47 0.0060420
chair 0 0 -10 101.45 3.35 205.31 156.93 0.0059399
desk 0 0 -10 547.69 14.21 677.50 142.56 0.0056181
table 0 0 -10 282.11 4.17 640.81 195.85 0.0055657
chair 0 0 -10 1.03 273.66 58.29 382.06 0.0049242
chair 0 0 -10 622.21 2.91 678.43 88.12 0.0049074
table 0 0 -10 202.78 10.65 585.04 469.95 0.0046378
chair 0 0 -10 6.35 79.96 30.70 273.05 0.0043266
chair 0 0 -10 25.26 173.62 589.12 519.06 0.0041585
chair 0 0 -10 111.29 1.75 198.07 86.39 0.0035762
desk 0 0 -10 4.67 28.87 375.58 499.97 0.0033009
table 0 0 -10 2.19 88.34 129.58 466.36 0.0032501
chair 0 0 -10 1.71 294.69 106.31 413.87 0.0028650
chair 0 0 -10 467.61 0.00 586.72 63.89 0.0024457
table 0 0 -10 11.84 15.39 277.38 294.08 0.0023877
table 0 0 -10 1.27 218.33 112.57 524.06 0.0023606
chair 0 0 -10 2.35 103.34 41.39 452.58 0.0023063
table 0 0 -10 0.85 112.35 41.53 237.40 0.0022327
chair 0 0 -10 0.26 206.17 34.53 531.00 0.0021832
chair 0 0 -10 285.90 131.50 498.63 513.12 0.0021764
desk 0 0 -10 3.59 52.82 105.77 201.82 0.0020971
chair 0 0 -10 640.91 73.22 679.53 157.27 0.0020506
chair 0 0 -10 0.00 66.03 189.25 416.60 0.0019812
chair 0 0 -10 3.46 113.31 14.97 237.79 0.0019701
sofa 0 0 -10 560.57 5.54 678.05 163.64 0.0017600
chair 0 0 -10 664.47 0.00 680.71 169.95 0.0017404
desk 0 0 -10 1.74 110.21 40.99 237.16 0.0017170
chair 0 0 -10 0.00 229.54 129.32 512.46 0.0016970
desk 0 0 -10 40.95 0.47 235.02 163.67 0.0015975
table 0 0 -10 79.58 3.60 197.92 141.04 0.0015667
table 0 0 -10 483.69 307.82 669.76 526.06 0.0013289
chair 0 0 -10 613.72 6.74 681.00 325.29 0.0012568
chair 0 0 -10 671.96 1.46 680.95 129.28 0.0012558
table 0 0 -10 0.00 330.45 33.31 531.00 0.0012201
chair 0 0 -10 9.66 221.63 22.92 526.56 0.0011887
bookshelf 0 0 -10 4.25 0.00 192.27 219.07 0.0011866
table 0 0 -10 287.21 9.20 546.91 320.43 0.0011834
desk 0 0 -10 164.01 23.88 515.68 447.08 0.0011221
sofa 0 0 -10 19.85 4.91 174.44 168.21 0.0011083
chair 0 0 -10 0.65 227.39 29.51 417.84 0.0011032
chair 0 0 -10 549.44 2.33 651.48 48.22 0.0011032
chair 0 0 -10 4.25 108.28 9.92 225.09 0.0011011
chair 0 0 -10 584.92 2.17 664.47 61.45 0.0010814
chair 0 0 -10 12.92 233.05 29.59 526.51 0.0010623
bathtub 0 0 -10 0.00 196.63 636.97 531.00 0.0010201
table 0 0 -10 3.19 290.19 111.35 416.42 0.0010108
desk 0 0 -10 4.05 98.00 128.39 471.33 0.0009747
table 0 0 -10 626.14 8.70 677.71 154.84 0.0009282
sofa 0 0 -10 160.34 6.29 510.33 458.22 0.0009186
table 0 0 -10 111.38 2.30 242.92 72.99 0.0009107
chair 0 0 -10 522.24 0.09 605.52 72.75 0.0009039
table 0 0 -10 0.64 278.02 58.17 383.56 0.0008967
chair 0 0 -10 525.81 3.62 622.46 143.33 0.0008881
chair 0 0 -10 289.13 2.03 590.54 321.83 0.0008442
chair 0 0 -10 351.77 43.08 643.88 512.45 0.0008269
table 0 0 -10 3.50 25.67 101.42 242.60 0.0008211
table 0 0 -10 257.57 3.57 484.35 155.86 0.0008173
chair 0 0 -10 253.03 0.00 454.90 174.54 0.0008075
table 0 0 -10 4.67 170.64 70.50 496.95 0.0007945
chair 0 0 -10 652.51 36.13 680.84 197.48 0.0007920
bed 0 0 -10 3.59 153.37 627.05 531.00 0.0007834
chair 0 0 -10 5.06 164.69 18.08 526.63 0.0007691
chair 0 0 -10 338.98 14.47 465.95 220.55 0.0007587
chair 0 0 -10 3.74 108.44 171.76 261.79 0.0007577
sofa 0 0 -10 1.54 110.96 42.24 238.34 0.0007545
chair 0 0 -10 0.81 200.29 28.12 222.20 0.0007504
chair 0 0 -10 0.32 2.08 57.97 141.77 0.0007370
chair 0 0 -10 133.76 0.00 202.26 60.82 0.0007035
table 0 0 -10 0.00 115.22 33.86 324.81 0.0006913
table 0 0 -10 581.42 211.70 678.12 521.08 0.0006686
chair 0 0 -10 129.47 0.00 252.41 116.81 0.0006656
