chair 0 0 -10 213.98 35.88 482.26 437.36 0.9984377
chair 0 0 -10 313.44 53.59 649.53 525.14 0.9976578
table 0 0 -10 367.48 5.29 678.46 142.32 0.1431670
table 0 0 -10 216.23 140.18 443.35 463.42 0.1393975
table 0 0 -10 145.38 59.67 613.97 522.66 0.0444903
chair 0 0 -10 583.36 64.42 680.40 503.41 0.0220254
chair 0 0 -10 484.82 36.32 671.22 496.92 0.0211663
table 0 0 -10 267.50 219.99 525.17 521.73 0.0159890
chair 0 0 -10 145.50 9.77 398.53 363.62 0.0120711
chair 0 0 -10 454.10 4.85 671.76 133.69 0.0101536
table 0 0 -10 618.74 87.89 681.00 481.57 0.0093729
chair 0 0 -10 221.21 76.10 344.28 349.52 0.0069190
desk 0 0 -10 406.30 3.52 674.24 113.47 0.0068264
chair 0 0 -10 303.66 38.02 520.80 334.52 0.0058122
chair 0 0 -10 435.87 17.67 663.38 273.79 0.0057295
table 0 0 -10 409.45 0.00 669.76 86.66 0.0048568
chair 0 0 -10 289.08 200.28 558.62 531.00 0.0045271
table 0 0 -10 271.60 215.39 419.55 462.47 0.0043654
table 0 0 -10 161.14 0.00 680.54 283.83 0.0040838
table 0 0 -10 565.98 116.91 677.05 526.45 0.0040150
chair 0 0 -10 309.53 26.82 419.97 432.53 0.0039294
desk 0 0 -10 190.24 21.70 641.61 508.01 0.0035338
table 0 0 -10 117.85 14.14 474.93 379.34 0.0031201
chair 0 0 -10 646.66 80.45 680.68 498.26 0.0031083
sofa 0 0 -10 160.91 33.82 633.75 511.87 0.0022491
desk 0 0 -10 216.76 125.01 439.34 466.79 0.0020397
chair 0 0 -10 58.73 58.60 436.78 521.23 0.0018435
desk 0 0 -10 154.34 11.27 476.51 436.30 0.0015804
sofa 0 0 -10 648.23 84.76 679.69 508.17 0.0015415
table 0 0 -10 339.88 34.83 669.19 472.06 0.0014197
chair 0 0 -10 627.48 18.25 681.00 336.59 0.0012702
chair 0 0 -10 80.25 9.01 569.41 304.68 0.0011948
desk 0 0 -10 141.17 0.00 681.00 298.93 0.0010944
chair 0 0 -10 223.12 157.23 392.88 440.57 0.0010453
desk 0 0 -10 268.03 0.00 681.00 191.92 0.0010401
table 0 0 -10 32.38 184.25 492.43 530.35 0.0010332
table 0 0 -10 100.01 0.00 674.68 102.61 0.0010032
chair 0 0 -10 339.75 2.19 500.31 118.80 0.0009809
bathtub 0 0 -10 310.35 2.58 681.00 119.02 0.0009513
table 0 0 -10 639.14 118.44 679.94 209.87 0.0009424
sofa 0 0 -10 416.52 6.43 667.88 110.55 0.0009317
table 0 0 -10 635.29 133.94 679.69 178.03 0.0009267
chair 0 0 -10 338.90 10.57 467.26 288.46 0.0009125
chair 0 0 -10 271.64 26.06 376.13 323.53 0.0008814
sofa 0 0 -10 616.64 70.53 678.09 515.95 0.0008593
chair 0 0 -10 636.61 124.39 680.83 171.83 0.0008186
table 0 0 -10 316.73 268.89 626.72 531.00 0.0008152
sofa 0 0 -10 181.32 9.64 480.31 422.30 0.0007827
desk 0 0 -10 620.75 82.19 681.00 479.26 0.0007510
chair 0 0 -10 638.65 95.11 680.84 197.34 0.0007378
table 0 0 -10 396.68 0.00 630.41 250.36 0.0006736
table 0 0 -10 579.79 263.81 676.19 468.45 0.0006590
chair 0 0 -10 481.51 6.60 592.99 161.85 0.0006303
bathtub 0 0 -10 649.18 93.57 681.00 498.62 0.0006281
chair 0 0 -10 14.08 265.38 511.47 531.00 0.0005826
bed 0 0 -10 614.12 68.39 680.36 515.20 0.0005796
chair 0 0 -10 348.82 9.25 597.25 178.76 0.0005779
bookshelf 0 0 -10 418.33 0.00 669.25 112.69 0.0005708
chair 0 0 -10 654.69 5.50 681.00 156.79 0.0005637
bed 0 0 -10 647.12 78.32 680.84 510.34 0.0005606
table 0 0 -10 472.31 80.68 661.93 531.00 0.0005583
chair 0 0 -10 417.80 103.55 635.58 256.20 0.0005314
table 0 0 -10 208.30 113.10 329.52 349.86 0.0005171
dresser 0 0 -10 648.40 87.67 680.31 507.14 0.0005169
chair 0 0 -10 627.00 3.12 681.00 162.73 0.0005121
chair 0 0 -10 577.40 218.43 678.15 450.19 0.0005109
table 0 0 -10 220.14 186.84 365.28 409.27 0.0005021
bathtub 0 0 -10 605.93 63.78 677.96 519.20 0.0004752
desk 0 0 -10 299.93 204.46 609.01 531.00 0.0004731
bed 0 0 -10 408.59 3.81 669.46 112.74 0.0004703
chair 0 0 -10 259.78 7.86 537.81 202.94 0.0004468
chair 0 0 -10 458.96 249.34 677.34 531.00 0.0004350
chair 0 0 -10 373.48 34.54 490.19 374.52 0.0004267
chair 0 0 -10 303.78 358.40 655.18 529.57 0.0004213
bookshelf 0 0 -10 648.93 79.79 680.49 499.16 0.0004208
table 0 0 -10 643.24 57.30 679.67 244.63 0.0004123
table 0 0 -10 267.63 69.04 517.12 448.50 0.0003968
table 0 0 -10 644.26 138.99 678.87 521.30 0.0003902
sofa 0 0 -10 421.89 46.96 664.26 524.97 0.0003848
bookshelf 0 0 -10 189.13 0.00 463.77 426.74 0.0003781
table 0 0 -10 196.07 302.39 415.39 445.94 0.0003763
chair 0 0 -10 595.52 0.00 677.14 119.62 0.0003694
table 0 0 -10 660.78 101.59 680.50 222.49 0.0003532
table 0 0 -10 10.51 28.31 359.82 462.49 0.0003406
chair 0 0 -10 59.94 0.85 282.84 359.81 0.0003370
chair 0 0 -10 563.54 2.99 679.43 175.66 0.0003315
bookshelf 0 0 -10 379.98 0.00 670.81 208.82 0.0003158
chair 0 0 -10 657.32 108.76 681.00 188.63 0.0003084
chair 0 0 -10 284.98 192.64 423.01 450.45 0.0003054
dresser 0 0 -10 620.17 76.52 681.00 477.28 0.0002953
toilet 0 0 -10 648.79 90.55 680.97 509.32 0.0002856
bed 0 0 -10 159.01 27.32 613.47 522.32 0.0002855
table 0 0 -10 657.42 57.29 680.71 478.70 0.0002810
bed 0 0 -10 0.00 50.41 158.64 477.74 0.0002746
table 0 0 -10 655.25 145.31 680.47 182.24 0.0002676
table 0 0 -10 1.26 3.96 174.54 325.44 0.0002670
chair 0 0 -10 608.74 39.12 680.62 232.62 0.0002620
chair 0 0 -10 428.58 2.78 606.98 101.89 0.0002600
chair 0 0 -10 635.32 146.93 681.00 188.56 0.0002587
chair 0 0 -10 409.85 126.73 665.59 419.41 0.0002550
