table 0 0 -10 95.32 134.85 675.29 431.09 0.5551994
desk 0 0 -10 87.85 145.93 681.00 463.99 0.3993531
chair 0 0 -10 342.12 127.64 414.79 321.76 0.0540359
chair 0 0 -10 467.78 80.56 547.06 268.12 0.0363081
bookshelf 0 0 -10 116.09 124.17 665.13 474.47 0.0316864
chair 0 0 -10 299.39 120.99 398.36 252.40 0.0306701
chair 0 0 -10 333.15 116.53 496.30 294.65 0.0262792
chair 0 0 -10 478.06 125.27 590.78 277.35 0.0219799
table 0 0 -10 120.80 144.80 678.61 228.08 0.0213439
chair 0 0 -10 351.03 119.81 406.08 247.55 0.0209681
table 0 0 -10 268.18 138.40 678.08 287.48 0.0207815
chair 0 0 -10 322.63 127.89 379.71 241.51 0.0192227
chair 0 0 -10 278.96 110.15 429.66 299.07 0.0143738
table 0 0 -10 86.84 262.82 658.02 516.64 0.0103768
chair 0 0 -10 354.97 130.05 436.67 216.14 0.0095736
bathtub 0 0 -10 118.09 128.12 649.25 452.47 0.0091173
chair 0 0 -10 358.84 107.85 446.01 271.25 0.0089787
chair 0 0 -10 380.62 95.17 548.34 263.41 0.0084424
chair 0 0 -10 476.91 113.86 537.33 232.82 0.0073578
desk 0 0 -10 93.80 289.97 681.00 522.87 0.0072970
table 0 0 -10 211.46 130.16 272.20 158.05 0.0063724
chair 0 0 -10 162.07 134.00 434.76 438.42 0.0063676
chair 0 0 -10 326.98 128.63 398.17 199.06 0.0063267
chair 0 0 -10 342.33 136.77 370.69 197.39 0.0061975
chair 0 0 -10 412.21 104.05 496.60 274.91 0.0060844
chair 0 0 -10 628.11 176.46 677.59 325.96 0.0050533
table 0 0 -10 305.75 131.44 575.19 184.67 0.0048650
chair 0 0 -10 443.15 128.04 653.01 293.38 0.0047105
chair 0 0 -10 331.03 136.35 363.93 187.15 0.0043778
chair 0 0 -10 313.78 122.67 384.85 329.02 0.0043742
table 0 0 -10 208.95 119.63 280.76 199.01 0.0038748
chair 0 0 -10 375.14 123.57 480.19 249.26 0.0034749
table 0 0 -10 469.37 133.07 529.62 153.63 0.0033689
chair 0 0 -10 290.53 130.17 362.27 354.50 0.0033139
dresser 0 0 -10 105.82 138.73 680.82 472.50 0.0032293
chair 0 0 -10 634.09 211.13 680.67 288.17 0.0032125
chair 0 0 -10 641.91 141.07 680.26 373.33 0.0031068
chair 0 0 -10 336.34 140.88 380.58 180.47 0.0030907
bed 0 0 -10 95.91 121.24 671.94 492.32 0.0026667
table 0 0 -10 301.69 129.02 415.52 238.00 0.0026092
chair 0 0 -10 319.43 138.38 391.91 167.30 0.0025219
chair 0 0 -10 196.59 112.88 404.81 336.92 0.0022901
table 0 0 -10 320.89 119.25 550.96 255.66 0.0022389
toilet 0 0 -10 109.77 122.48 623.74 469.21 0.0021507
desk 0 0 -10 233.72 139.14 681.00 342.61 0.0020920
chair 0 0 -10 292.74 144.45 511.18 234.96 0.0020743
chair 0 0 -10 443.62 45.63 587.66 286.36 0.0019900
bathtub 0 0 -10 124.96 290.90 674.69 520.37 0.0019142
chair 0 0 -10 223.98 105.88 562.08 416.46 0.0019032
table 0 0 -10 417.13 118.33 618.47 325.69 0.0018780
table 0 0 -10 220.52 113.79 263.32 140.16 0.0018551
chair 0 0 -10 121.77 134.24 215.89 214.77 0.0018337
chair 0 0 -10 350.47 134.05 425.04 176.40 0.0017938
table 0 0 -10 306.16 138.89 422.06 182.46 0.0017559
desk 0 0 -10 107.38 132.94 480.99 391.39 0.0017552
table 0 0 -10 465.46 122.45 535.08 207.23 0.0017547
chair 0 0 -10 201.78 101.84 274.66 219.63 0.0015814
chair 0 0 -10 501.14 112.49 543.68 255.66 0.0014432
chair 0 0 -10 260.43 123.22 368.83 247.79 0.0014087
table 0 0 -10 138.45 135.75 558.97 204.12 0.0013541
table 0 0 -10 350.63 135.69 502.40 292.41 0.0013533
table 0 0 -10 310.46 131.31 409.03 164.28 0.0013165
chair 0 0 -10 527.32 128.77 673.43 329.77 0.0012549
table 0 0 -10 325.80 128.41 445.58 313.59 0.0012521
sofa 0 0 -10 110.20 149.33 662.98 459.45 0.0012519
chair 0 0 -10 305.88 83.43 622.65 339.70 0.0012360
desk 0 0 -10 115.95 142.59 681.00 231.41 0.0011596
chair 0 0 -10 663.39 135.29 680.54 344.02 0.0010481
chair 0 0 -10 433.01 100.97 530.59 237.14 0.0010396
table 0 0 -10 460.79 117.46 551.95 260.14 0.0010218
bookshelf 0 0 -10 119.22 157.89 401.49 448.42 0.0009800
chair 0 0 -10 518.27 142.54 608.04 295.73 0.0009753
sofa 0 0 -10 46.50 334.89 681.00 531.00 0.0009569
chair 0 0 -10 514.32 130.66 626.95 237.63 0.0009569
chair 0 0 -10 219.34 123.69 472.79 245.43 0.0009509
chair 0 0 -10 496.71 159.64 534.66 293.16 0.0009506
table 0 0 -10 276.61 128.08 517.97 361.49 0.0008990
table 0 0 -10 286.10 128.85 453.63 176.24 0.0008795
chair 0 0 -10 474.75 188.01 628.29 283.27 0.0008754
table 0 0 -10 377.45 128.28 494.57 238.92 0.0008400
chair 0 0 -10 551.21 0.00 681.00 72.79 0.0008383
chair 0 0 -10 590.03 142.79 680.82 343.30 0.0008115
table 0 0 -10 338.84 135.84 452.41 230.81 0.0008094
chair 0 0 -10 579.98 128.63 653.44 251.56 0.0007475
chair 0 0 -10 466.61 170.93 580.42 310.12 0.0007337
table 0 0 -10 119.82 134.07 569.52 304.40 0.0007159
table 0 0 -10 156.72 249.11 673.92 393.64 0.0007140
bookshelf 0 0 -10 564.38 0.00 681.00 60.34 0.0007025
chair 0 0 -10 569.78 128.51 621.35 216.57 0.0006830
chair 0 0 -10 610.45 174.53 681.00 440.40 0.0006822
table 0 0 -10 317.35 288.85 667.66 360.42 0.0006635
chair 0 0 -10 332.17 164.40 390.22 251.71 0.0006257
table 0 0 -10 186.24 131.82 278.43 166.65 0.0006161
table 0 0 -10 639.83 145.74 679.58 366.85 0.0005722
chair 0 0 -10 345.55 336.55 666.63 524.29 0.0005656
table 0 0 -10 329.92 132.78 371.58 259.81 0.0005597
chair 0 0 -10 401.84 172.24 640.44 269.07 0.0005415
chair 0 0 -10 539.11 134.18 606.31 201.54 0.0005397
chair 0 0 -10 192.31 37.48 509.23 332.26 0.0005296
chair 0 0 -10 596.47 230.48 678.04 310.42 0.0005163
