table 0 0 -10 323.75 223.36 540.08 453.87 0.8884754
bed 0 0 -10 0.00 53.27 125.22 317.43 0.5563107
sofa 0 0 -10 2.34 62.98 129.27 306.24 0.3468983
table 0 0 -10 170.69 198.09 572.88 499.27 0.1632492
table 0 0 -10 330.92 216.55 536.31 348.07 0.0553525
chair 0 0 -10 3.41 64.36 126.82 331.69 0.0384239
chair 0 0 -10 0.00 205.35 70.60 443.06 0.0188627
sofa 0 0 -10 4.61 30.68 224.73 319.89 0.0146124
table 0 0 -10 97.54 43.89 540.98 427.98 0.0086068
sofa 0 0 -10 0.03 51.56 160.84 490.96 0.0084796
bed 0 0 -10 0.00 58.17 163.59 496.74 0.0082555
bed 0 0 -10 0.00 25.03 225.52 329.59 0.0078616
table 0 0 -10 0.99 279.49 80.86 518.34 0.0076375
table 0 0 -10 188.66 196.44 527.55 340.57 0.0076283
table 0 0 -10 289.97 292.21 535.55 382.00 0.0068509
chair 0 0 -10 0.00 139.10 91.95 510.61 0.0066227
table 0 0 -10 0.00 65.05 140.03 299.52 0.0065244
sofa 0 0 -10 1.40 92.63 83.61 383.77 0.0058780
chair 0 0 -10 325.36 243.02 535.24 501.72 0.0057447
sofa 0 0 -10 3.92 14.93 129.28 196.52 0.0049459
bookshelf 0 0 -10 1.25 30.46 128.93 299.07 0.0048030
chair 0 0 -10 6.89 0.12 121.38 130.93 0.0045982
dresser 0 0 -10 2.79 63.54 141.95 311.45 0.0036004
bed 0 0 -10 0.00 161.88 92.38 502.52 0.0033847
desk 0 0 -10 70.24 128.50 547.30 487.17 0.0033763
table 0 0 -10 128.44 161.16 443.30 457.48 0.0032888
table 0 0 -10 292.62 291.11 559.59 519.33 0.0027218
chair 0 0 -10 3.48 29.63 224.00 330.71 0.0025716
table 0 0 -10 0.00 96.66 159.74 498.98 0.0024830
table 0 0 -10 10.15 28.66 229.77 275.10 0.0023294
chair 0 0 -10 365.20 215.03 532.86 368.10 0.0021164
table 0 0 -10 1.57 9.72 129.82 154.66 0.0020481
night_stand 0 0 -10 4.29 94.27 142.74 339.54 0.0019931
chair 0 0 -10 0.25 280.34 68.10 383.22 0.0019804
bed 0 0 -10 0.00 11.33 132.20 202.01 0.0018792
desk 0 0 -10 0.00 95.64 143.26 339.70 0.0017557
chair 0 0 -10 0.98 266.40 66.29 321.83 0.0016357
chair 0 0 -10 0.00 51.32 161.90 492.85 0.0014191
sofa 0 0 -10 40.44 29.92 469.68 460.89 0.0013792
table 0 0 -10 320.74 213.32 436.52 440.53 0.0013328
bed 0 0 -10 6.67 11.12 584.93 328.04 0.0013245
desk 0 0 -10 0.00 233.11 70.09 440.03 0.0011271
table 0 0 -10 101.40 241.96 368.65 477.75 0.0011102
bed 0 0 -10 0.00 222.73 70.02 438.33 0.0010799
sofa 0 0 -10 0.10 223.23 69.06 436.60 0.0010561
table 0 0 -10 0.32 288.80 66.74 404.20 0.0010340
table 0 0 -10 0.62 213.40 87.74 417.82 0.0009491
chair 0 0 -10 155.15 85.45 529.76 477.97 0.0009232
desk 0 0 -10 220.49 211.48 544.75 469.63 0.0008960
chair 0 0 -10 0.72 267.88 149.53 528.81 0.0008735
dresser 0 0 -10 42.35 12.38 237.61 274.34 0.0008158
desk 0 0 -10 5.58 28.53 234.73 327.26 0.0007866
night_stand 0 0 -10 0.00 239.59 69.93 437.82 0.0007773
toilet 0 0 -10 0.34 75.42 126.65 351.87 0.0007323
desk 0 0 -10 45.20 9.64 616.51 391.72 0.0006860
chair 0 0 -10 0.55 51.71 65.35 325.47 0.0006695
chair 0 0 -10 34.41 34.71 403.46 470.05 0.0006535
desk 0 0 -10 0.16 186.37 92.59 507.19 0.0006242
dresser 0 0 -10 0.06 72.11 115.66 478.17 0.0006174
table 0 0 -10 6.55 276.43 51.81 454.07 0.0006167
chair 0 0 -10 0.29 16.38 128.22 215.40 0.0006155
table 0 0 -10 78.38 72.68 415.17 344.24 0.0006015
bed 0 0 -10 1.51 116.57 74.74 380.46 0.0005616
sofa 0 0 -10 3.85 22.99 63.62 230.37 0.0005519
bookshelf 0 0 -10 6.20 0.00 123.96 143.85 0.0005495
bathtub 0 0 -10 0.59 57.79 130.80 304.53 0.0005406
chair 0 0 -10 0.00 201.01 122.23 398.28 0.0005356
desk 0 0 -10 313.44 219.41 544.31 399.10 0.0005166
table 0 0 -10 112.92 341.24 595.12 527.37 0.0005135
chair 0 0 -10 0.00 301.81 67.63 527.62 0.0005132
bookshelf 0 0 -10 10.87 15.26 227.42 271.87 0.0005039
chair 0 0 -10 11.21 3.70 125.52 65.71 0.0004926
sofa 0 0 -10 79.07 197.53 593.85 523.83 0.0004634
sofa 0 0 -10 0.75 43.41 38.54 323.50 0.0004516
table 0 0 -10 140.65 295.82 364.19 436.55 0.0004107
chair 0 0 -10 578.95 8.91 674.75 320.77 0.0003991
night_stand 0 0 -10 2.05 202.26 89.94 503.89 0.0003963
table 0 0 -10 617.22 10.46 678.76 345.70 0.0003872
table 0 0 -10 0.61 272.10 67.21 320.46 0.0003741
table 0 0 -10 599.66 210.70 676.56 291.88 0.0003703
chair 0 0 -10 322.52 118.83 541.39 415.62 0.0003493
sofa 0 0 -10 3.38 73.23 26.42 285.28 0.0003448
chair 0 0 -10 1.50 216.75 59.75 335.12 0.0003183
table 0 0 -10 3.32 140.17 115.82 372.43 0.0003152
chair 0 0 -10 601.25 200.26 680.92 529.25 0.0003085
chair 0 0 -10 8.27 0.66 210.36 152.42 0.0003083
bed 0 0 -10 44.56 79.29 555.12 482.11 0.0003060
chair 0 0 -10 36.70 0.00 152.40 103.63 0.0002997
table 0 0 -10 0.00 295.35 38.45 530.25 0.0002989
table 0 0 -10 601.66 200.75 677.96 522.62 0.0002957
dresser 0 0 -10 0.00 224.87 69.29 438.78 0.0002934
sofa 0 0 -10 7.05 3.00 158.16 128.63 0.0002662
table 0 0 -10 25.87 1.37 218.64 142.22 0.0002638
table 0 0 -10 336.16 183.38 630.59 384.46 0.0002603
desk 0 0 -10 4.34 9.12 129.09 127.24 0.0002539
bathtub 0 0 -10 3.11 46.38 237.64 289.43 0.0002538
table 0 0 -10 593.15 34.24 676.75 465.54 0.0002418
table 0 0 -10 499.14 178.44 668.99 343.53 0.0002341
chair 0 0 -10 65.94 277.52 627.89 531.00 0.0002340
sofa 0 0 -10 311.93 231.51 535.00 506.29 0.0002316
