chair 0 0 -10 286.85 130.09 545.59 503.34 0.9947219
chair 0 0 -10 412.49 115.18 555.14 288.69 0.9743683
chair 0 0 -10 240.49 82.70 360.52 237.08 0.9454753
table 0 0 -10 414.52 161.93 681.00 518.99 0.9097777
table 0 0 -10 0.00 141.60 157.87 375.37 0.8570709
desk 0 0 -10 44.60 84.47 323.93 290.07 0.7283307
table 0 0 -10 48.13 80.48 309.71 281.13 0.7068706
chair 0 0 -10 248.25 87.46 353.81 166.48 0.5966038
bookshelf 0 0 -10 258.35 0.00 320.61 93.66 0.4382879
chair 0 0 -10 437.77 364.20 681.00 528.14 0.3459080
desk 0 0 -10 0.00 143.84 145.01 361.23 0.2571299
table 0 0 -10 424.45 128.93 681.00 332.28 0.2234952
desk 0 0 -10 421.13 151.19 673.18 522.73 0.1701219
table 0 0 -10 46.23 86.25 325.62 164.81 0.0947579
bookshelf 0 0 -10 248.31 1.32 331.32 140.92 0.0783772
desk 0 0 -10 68.31 83.26 305.55 156.95 0.0780779
chair 0 0 -10 422.43 113.20 535.29 204.63 0.0730829
chair 0 0 -10 363.76 131.00 562.08 346.54 0.0631930
table 0 0 -10 0.32 64.91 356.85 424.62 0.0465006
table 0 0 -10 32.27 109.63 207.53 306.01 0.0360131
desk 0 0 -10 426.45 131.88 678.99 328.02 0.0328640
chair 0 0 -10 379.19 159.34 603.86 459.19 0.0276253
desk 0 0 -10 0.00 62.34 363.96 438.81 0.0228837
chair 0 0 -10 441.72 113.96 590.48 355.99 0.0228145
bookshelf 0 0 -10 229.74 1.87 299.04 88.59 0.0161933
chair 0 0 -10 6.95 101.31 151.18 300.84 0.0154529
chair 0 0 -10 17.90 97.75 122.39 228.69 0.0137637
table 0 0 -10 456.02 99.77 650.65 180.92 0.0137148
table 0 0 -10 227.99 143.93 640.92 500.71 0.0104274
table 0 0 -10 2.61 138.88 139.23 263.37 0.0100403
bookshelf 0 0 -10 0.75 159.50 133.51 363.48 0.0094882
chair 0 0 -10 274.45 80.70 327.45 156.85 0.0087336
bookshelf 0 0 -10 187.11 1.29 327.19 97.41 0.0086191
chair 0 0 -10 189.75 93.92 410.22 279.29 0.0069120
desk 0 0 -10 453.15 99.12 656.19 180.66 0.0068736
bookshelf 0 0 -10 256.46 36.16 339.68 182.32 0.0067549
chair 0 0 -10 457.32 177.41 667.07 483.92 0.0065142
chair 0 0 -10 432.41 102.63 500.22 225.10 0.0064495
chair 0 0 -10 548.12 122.63 681.00 286.13 0.0061065
chair 0 0 -10 0.00 182.86 99.11 382.08 0.0058728
chair 0 0 -10 410.86 108.29 488.04 274.30 0.0055845
chair 0 0 -10 52.99 75.40 281.97 282.70 0.0051233
bookshelf 0 0 -10 260.50 0.00 385.09 193.89 0.0046610
chair 0 0 -10 270.88 99.97 545.51 253.72 0.0044256
desk 0 0 -10 60.59 20.24 319.06 152.21 0.0039452
chair 0 0 -10 2.48 106.98 90.87 211.11 0.0038407
chair 0 0 -10 236.03 20.18 363.89 196.01 0.0037018
chair 0 0 -10 149.92 68.87 261.42 163.29 0.0034706
chair 0 0 -10 296.04 82.24 363.55 151.16 0.0032639
chair 0 0 -10 28.57 103.15 94.01 157.72 0.0032436
table 0 0 -10 130.14 82.84 340.87 236.63 0.0031575
chair 0 0 -10 268.45 56.34 307.83 156.00 0.0031296
table 0 0 -10 2.77 139.99 128.74 201.03 0.0029392
chair 0 0 -10 241.42 308.07 651.69 528.54 0.0028906
table 0 0 -10 261.40 88.66 355.67 173.70 0.0028101
bookshelf 0 0 -10 95.97 0.00 313.19 129.61 0.0027971
chair 0 0 -10 220.28 104.43 452.34 359.08 0.0027388
chair 0 0 -10 295.02 89.98 356.99 216.30 0.0024288
desk 0 0 -10 265.90 151.42 620.52 519.53 0.0023317
desk 0 0 -10 147.32 83.28 342.94 242.81 0.0022976
table 0 0 -10 60.65 20.64 316.91 152.59 0.0022167
chair 0 0 -10 625.77 139.31 681.00 482.23 0.0021704
chair 0 0 -10 537.37 298.67 675.33 531.00 0.0021414
chair 0 0 -10 227.94 71.36 321.62 188.20 0.0021372
bed 0 0 -10 40.15 64.92 314.67 286.24 0.0021102
night_stand 0 0 -10 0.00 128.26 160.09 368.78 0.0020949
chair 0 0 -10 273.37 79.49 420.64 208.94 0.0020800
dresser 0 0 -10 0.00 129.63 151.66 388.87 0.0020738
sofa 0 0 -10 299.68 136.93 638.47 511.49 0.0020093
table 0 0 -10 311.61 199.07 530.62 507.88 0.0019650
chair 0 0 -10 0.00 141.99 46.56 200.77 0.0019392
chair 0 0 -10 336.68 2.78 434.08 49.25 0.0018456
chair 0 0 -10 487.07 103.25 648.50 327.79 0.0017954
table 0 0 -10 456.95 101.06 637.70 267.91 0.0017352
table 0 0 -10 403.77 150.00 550.25 279.14 0.0017244
table 0 0 -10 651.77 136.09 679.41 524.66 0.0016665
chair 0 0 -10 654.50 137.41 680.02 512.75 0.0015837
table 0 0 -10 243.66 87.91 369.72 238.98 0.0015591
night_stand 0 0 -10 42.00 75.81 315.19 287.19 0.0015284
desk 0 0 -10 147.54 70.91 265.94 168.25 0.0014932
desk 0 0 -10 251.87 61.82 342.31 177.87 0.0014908
chair 0 0 -10 98.49 227.56 601.11 525.98 0.0014469
chair 0 0 -10 617.25 94.70 679.01 352.84 0.0014064
bookshelf 0 0 -10 254.60 1.04 408.51 105.08 0.0014006
chair 0 0 -10 610.94 297.95 679.35 531.00 0.0013824
table 0 0 -10 439.19 323.15 678.51 531.00 0.0013606
table 0 0 -10 143.57 72.90 269.23 169.92 0.0013448
dresser 0 0 -10 41.30 75.31 316.09 288.65 0.0013118
table 0 0 -10 631.89 280.29 679.86 531.00 0.0012795
table 0 0 -10 1.46 335.84 52.77 386.59 0.0012585
chair 0 0 -10 244.55 80.44 317.08 153.42 0.0011931
sofa 0 0 -10 40.73 76.39 315.91 284.06 0.0011550
table 0 0 -10 632.67 136.37 678.31 437.98 0.0011444
desk 0 0 -10 248.11 84.51 366.67 241.86 0.0011388
sofa 0 0 -10 254.73 86.44 356.31 173.38 0.0011134
chair 0 0 -10 52.56 102.82 93.01 132.65 0.0010981
desk 0 0 -10 52.31 125.69 569.05 479.47 0.0010749
chair 0 0 -10 0.44 142.91 74.10 314.89 0.0010745
desk 0 0 -10 41.01 43.28 585.94 291.26 0.0010568
chair 0 0 -10 108.30 79.01 285.36 198.29 0.0010275
