sofa 0 0 -10 17.34 0.00 547.99 515.55 0.9596510
chair 0 0 -10 486.62 3.18 631.04 113.15 0.3582416
sofa 0 0 -10 40.33 5.44 373.69 98.70 0.0621029
chair 0 0 -10 46.98 0.00 543.73 519.34 0.0418367
sofa 0 0 -10 27.15 6.63 448.62 219.72 0.0407793
table 0 0 -10 438.90 2.17 653.06 120.77 0.0331003
sofa 0 0 -10 490.61 8.01 643.14 111.76 0.0317498
sofa 0 0 -10 9.77 20.57 350.64 414.51 0.0276340
sofa 0 0 -10 325.30 32.97 547.51 524.47 0.0249237
table 0 0 -10 48.82 218.78 395.09 529.28 0.0157882
sofa 0 0 -10 4.99 5.60 156.42 263.20 0.0151593
sofa 0 0 -10 1.89 6.13 94.07 129.19 0.0142011
chair 0 0 -10 331.41 37.14 554.70 515.87 0.0140955
table 0 0 -10 0.00 192.07 153.84 524.24 0.0124265
chair 0 0 -10 1.85 0.00 98.04 117.52 0.0110088
chair 0 0 -10 50.27 199.73 391.49 522.30 0.0086088
sofa 0 0 -10 74.25 11.29 389.90 61.69 0.0061995
sofa 0 0 -10 3.75 56.44 139.70 493.76 0.0057732
sofa 0 0 -10 0.00 77.57 106.38 273.97 0.0056284
table 0 0 -10 38.48 81.49 537.55 524.42 0.0052506
table 0 0 -10 0.00 87.16 105.38 265.42 0.0050241
chair 0 0 -10 1.99 118.37 120.57 431.93 0.0048681
sofa 0 0 -10 3.08 0.18 167.79 114.08 0.0041032
table 0 0 -10 314.03 109.78 549.40 531.00 0.0039396
table 0 0 -10 624.42 5.72 679.56 144.61 0.0038753
chair 0 0 -10 2.87 102.37 109.71 288.34 0.0031860
chair 0 0 -10 2.38 13.79 108.04 224.47 0.0029219
bed 0 0 -10 16.78 55.07 387.21 531.00 0.0024193
desk 0 0 -10 50.14 113.85 561.22 531.00 0.0021910
chair 0 0 -10 45.56 421.87 396.41 530.93 0.0020720
sofa 0 0 -10 22.34 3.18 230.29 66.21 0.0020664
table 0 0 -10 0.00 82.06 33.63 304.71 0.0020519
table 0 0 -10 16.65 58.33 293.05 531.00 0.0020419
sofa 0 0 -10 12.14 90.18 210.92 319.99 0.0020332
sofa 0 0 -10 52.06 194.01 402.54 529.60 0.0018131
table 0 0 -10 2.20 6.88 89.88 146.50 0.0016811
table 0 0 -10 0.00 63.56 50.28 183.95 0.0016128
sofa 0 0 -10 391.00 24.57 663.06 531.00 0.0015904
chair 0 0 -10 464.68 0.00 668.98 225.94 0.0015800
table 0 0 -10 406.34 2.48 569.15 111.39 0.0014883
chair 0 0 -10 18.44 26.15 298.79 517.89 0.0014123
chair 0 0 -10 0.72 6.83 43.76 174.99 0.0012352
desk 0 0 -10 479.92 7.93 640.38 115.57 0.0012104
chair 0 0 -10 387.50 34.59 659.20 531.00 0.0011652
table 0 0 -10 1.16 47.51 27.27 237.00 0.0010959
table 0 0 -10 9.93 93.82 159.91 322.34 0.0010703
table 0 0 -10 60.55 413.86 375.94 530.49 0.0010406
sofa 0 0 -10 1.72 3.25 60.80 203.19 0.0010358
table 0 0 -10 0.00 157.88 77.15 504.37 0.0009858
chair 0 0 -10 480.69 0.00 653.98 65.43 0.0009561
table 0 0 -10 518.28 0.46 662.15 74.35 0.0009377
table 0 0 -10 494.50 16.89 619.83 113.21 0.0009323
table 0 0 -10 0.00 122.86 120.86 437.27 0.0009208
table 0 0 -10 416.88 38.78 656.81 531.00 0.0008728
bookshelf 0 0 -10 485.34 4.00 641.37 114.64 0.0008454
table 0 0 -10 0.00 5.75 37.29 166.61 0.0008099
table 0 0 -10 614.88 22.58 680.07 371.53 0.0006966
chair 0 0 -10 9.60 29.94 185.78 400.11 0.0006912
chair 0 0 -10 1.24 0.00 99.61 51.34 0.0006742
night_stand 0 0 -10 484.51 7.96 642.27 117.03 0.0006723
table 0 0 -10 572.42 52.22 677.29 314.48 0.0006714
table 0 0 -10 3.78 52.25 19.24 300.93 0.0006521
table 0 0 -10 511.68 76.53 672.12 417.86 0.0006122
sofa 0 0 -10 299.64 1.78 646.00 105.57 0.0005592
table 0 0 -10 0.48 247.32 46.17 516.58 0.0005559
table 0 0 -10 547.06 19.20 671.76 139.95 0.0005328
toilet 0 0 -10 485.80 0.73 628.62 110.57 0.0005247
chair 0 0 -10 4.67 0.00 35.25 117.96 0.0005101
dresser 0 0 -10 484.15 9.15 640.93 113.31 0.0005026
bed 0 0 -10 492.11 4.85 646.55 112.29 0.0004920
table 0 0 -10 449.43 11.03 664.00 234.29 0.0004807
table 0 0 -10 2.73 108.41 67.38 238.44 0.0004570
chair 0 0 -10 1.06 0.00 51.03 63.71 0.0004442
table 0 0 -10 0.00 111.24 46.69 157.44 0.0004376
table 0 0 -10 489.23 2.86 651.32 38.78 0.0004369
bathtub 0 0 -10 485.35 1.71 629.19 107.90 0.0004364
sofa 0 0 -10 366.55 1.50 655.40 307.22 0.0004359
table 0 0 -10 0.00 117.76 27.68 140.35 0.0004100
table 0 0 -10 361.01 234.75 527.43 531.00 0.0003915
sofa 0 0 -10 0.10 0.00 33.44 245.63 0.0003800
table 0 0 -10 546.61 128.08 677.50 260.89 0.0003789
desk 0 0 -10 317.15 93.45 549.27 531.00 0.0003769
table 0 0 -10 3.82 72.63 12.92 203.26 0.0003709
chair 0 0 -10 486.56 16.26 662.94 388.19 0.0003673
chair 0 0 -10 2.00 0.00 23.18 179.18 0.0003349
sofa 0 0 -10 202.44 6.12 605.19 331.88 0.0003261
table 0 0 -10 4.35 81.28 8.74 266.56 0.0003203
chair 0 0 -10 0.00 241.99 159.90 529.87 0.0003141
chair 0 0 -10 380.86 1.35 543.84 90.05 0.0003055
desk 0 0 -10 11.77 64.32 332.13 500.91 0.0002996
chair 0 0 -10 549.67 4.58 675.94 197.43 0.0002987
dresser 0 0 -10 41.47 104.58 576.35 531.00 0.0002828
table 0 0 -10 483.05 32.61 637.23 156.32 0.0002802
table 0 0 -10 0.55 16.37 126.17 220.32 0.0002780
chair 0 0 -10 3.00 0.00 152.97 149.56 0.0002770
table 0 0 -10 0.00 112.76 26.69 184.31 0.0002741
sofa 0 0 -10 1.24 9.35 48.09 134.76 0.0002682
table 0 0 -10 2.21 91.37 10.85 250.75 0.0002682
chair 0 0 -10 555.57 0.00 640.55 93.82 0.0002642
sofa 0 0 -10 1.23 53.06 75.31 117.84 0.0002629
