chair 0 0 -10 227.16 121.22 554.93 506.96 0.9676160
chair 0 0 -10 0.00 117.22 232.95 522.93 0.9535767
chair 0 0 -10 181.79 28.10 386.92 270.20 0.9490176
chair 0 0 -10 450.03 27.18 670.10 274.30 0.9392838
table 0 0 -10 79.88 58.28 595.02 503.21 0.9093475
chair 0 0 -10 402.21 44.41 602.43 391.87 0.8666002
chair 0 0 -10 536.00 9.66 681.00 214.08 0.6989300
chair 0 0 -10 212.58 45.22 493.31 384.17 0.6561523
chair 0 0 -10 3.06 10.62 200.81 239.83 0.5024578
chair 0 0 -10 375.77 2.05 500.44 70.59 0.3699441
chair 0 0 -10 0.54 148.56 200.25 377.82 0.3207949
chair 0 0 -10 102.83 51.88 329.70 358.48 0.2214802
chair 0 0 -10 0.00 4.57 112.70 205.47 0.2188084
table 0 0 -10 3.41 3.49 243.12 173.50 0.2149193
chair 0 0 -10 621.18 18.31 679.88 269.90 0.2109740
chair 0 0 -10 52.59 52.79 253.63 414.71 0.2074899
chair 0 0 -10 416.12 0.99 540.94 93.17 0.2002493
chair 0 0 -10 1.21 205.63 139.38 519.63 0.1886328
chair 0 0 -10 644.32 12.20 680.27 229.08 0.1464491
chair 0 0 -10 334.46 40.18 557.12 273.04 0.1456632
chair 0 0 -10 579.10 0.00 681.00 149.74 0.1296587
table 0 0 -10 538.94 9.58 680.51 183.44 0.1253964
table 0 0 -10 337.70 2.01 497.16 70.01 0.1248325
chair 0 0 -10 79.47 15.04 234.62 271.19 0.1178643
chair 0 0 -10 267.07 23.11 434.92 276.17 0.1076131
table 0 0 -10 19.05 58.63 349.55 481.84 0.0925368
chair 0 0 -10 208.39 1.48 414.28 191.14 0.0867893
chair 0 0 -10 197.28 9.67 370.04 82.08 0.0866628
table 0 0 -10 2.07 182.14 246.65 525.37 0.0762432
desk 0 0 -10 66.32 43.82 595.27 521.01 0.0677176
chair 0 0 -10 448.95 0.00 537.77 62.39 0.0625367
chair 0 0 -10 100.80 0.00 239.52 93.72 0.0584034
chair 0 0 -10 337.58 0.00 563.12 76.30 0.0549916
chair 0 0 -10 439.50 3.92 629.62 99.33 0.0515791
chair 0 0 -10 0.00 214.57 42.18 506.29 0.0506765
chair 0 0 -10 111.25 17.36 221.95 196.09 0.0492213
chair 0 0 -10 301.93 0.00 471.96 151.23 0.0490043
chair 0 0 -10 1.37 2.66 56.77 187.88 0.0465579
chair 0 0 -10 332.59 0.00 435.29 56.08 0.0457414
table 0 0 -10 596.57 9.65 681.00 254.78 0.0423715
chair 0 0 -10 221.77 2.03 349.28 48.17 0.0415220
chair 0 0 -10 516.96 1.28 672.27 105.42 0.0383351
chair 0 0 -10 149.84 75.76 428.73 499.80 0.0379474
table 0 0 -10 320.52 2.63 545.25 101.34 0.0355166
table 0 0 -10 230.04 29.10 642.13 400.83 0.0331887
chair 0 0 -10 382.83 4.70 588.76 156.42 0.0323466
table 0 0 -10 219.41 0.81 545.54 67.11 0.0299975
chair 0 0 -10 139.94 28.01 324.80 199.52 0.0283858
chair 0 0 -10 1.04 18.55 80.58 324.08 0.0282411
chair 0 0 -10 242.19 3.91 437.70 83.03 0.0257950
table 0 0 -10 98.85 2.05 531.54 98.47 0.0247133
chair 0 0 -10 39.18 0.00 229.07 128.30 0.0235339
table 0 0 -10 13.92 1.93 311.79 101.46 0.0234782
chair 0 0 -10 1.94 210.76 86.91 359.01 0.0197745
table 0 0 -10 329.81 0.00 641.00 179.57 0.0193838
desk 0 0 -10 5.22 0.79 236.51 179.98 0.0193621
chair 0 0 -10 0.77 24.38 55.73 477.33 0.0190561
table 0 0 -10 0.00 46.15 238.29 370.01 0.0183663
table 0 0 -10 516.71 4.18 677.21 98.92 0.0164702
table 0 0 -10 0.00 9.32 162.16 274.43 0.0146614
chair 0 0 -10 661.74 0.00 680.66 280.50 0.0145042
table 0 0 -10 85.21 20.87 248.85 216.04 0.0136912
desk 0 0 -10 0.30 213.82 215.65 520.08 0.0119864
chair 0 0 -10 652.74 111.53 680.34 293.03 0.0116667
chair 0 0 -10 2.50 191.33 17.65 514.69 0.0109779
table 0 0 -10 145.12 2.31 339.00 84.88 0.0109574
chair 0 0 -10 671.02 18.86 680.64 223.85 0.0100063
table 0 0 -10 246.35 214.87 563.67 517.45 0.0098346
table 0 0 -10 644.52 17.47 680.12 231.66 0.0096358
table 0 0 -10 0.00 255.55 28.93 531.00 0.0090168
desk 0 0 -10 560.27 11.98 680.00 183.04 0.0083007
table 0 0 -10 629.32 58.61 679.26 284.92 0.0080560
table 0 0 -10 473.32 58.18 677.04 309.03 0.0077344
desk 0 0 -10 624.79 22.28 679.03 272.90 0.0075979
table 0 0 -10 266.37 26.06 602.58 253.03 0.0075745
table 0 0 -10 0.00 224.31 201.71 358.89 0.0074826
table 0 0 -10 65.40 23.68 445.77 266.34 0.0074155
desk 0 0 -10 20.10 55.40 336.59 498.19 0.0072156
chair 0 0 -10 0.66 125.96 33.36 420.38 0.0066857
table 0 0 -10 4.29 329.39 11.94 512.65 0.0066273
table 0 0 -10 92.13 1.37 253.69 127.46 0.0063912
table 0 0 -10 0.62 323.24 17.42 523.51 0.0058496
table 0 0 -10 217.30 0.00 538.58 168.54 0.0057237
sofa 0 0 -10 314.47 1.74 497.10 81.98 0.0053631
chair 0 0 -10 1.45 23.83 43.43 284.33 0.0052687
chair 0 0 -10 627.60 110.22 679.36 247.92 0.0052162
chair 0 0 -10 413.87 0.00 438.81 62.82 0.0048347
chair 0 0 -10 1.46 10.64 30.03 189.20 0.0042929
table 0 0 -10 365.13 3.05 451.85 63.02 0.0042865
chair 0 0 -10 648.90 104.32 680.62 210.75 0.0041084
desk 0 0 -10 0.00 7.80 161.40 272.93 0.0040308
chair 0 0 -10 1.92 312.73 29.28 511.37 0.0040046
sofa 0 0 -10 186.23 9.48 341.92 76.67 0.0038380
chair 0 0 -10 0.00 238.22 23.20 401.46 0.0038187
desk 0 0 -10 116.07 49.83 548.36 322.35 0.0037514
sofa 0 0 -10 0.00 4.95 206.18 228.75 0.0036821
desk 0 0 -10 245.24 24.51 651.81 408.00 0.0036190
chair 0 0 -10 506.17 0.00 616.46 58.27 0.0036097
desk 0 0 -10 328.63 4.94 534.54 95.93 0.0035719
table 0 0 -10 32.95 60.51 204.27 209.85 0.0033388
