toilet 0 0 -10 244.70 153.29 541.25 531.00 0.4938913
desk 0 0 -10 582.12 68.70 681.00 521.36 0.4928299
chair 0 0 -10 1.52 250.49 77.03 528.34 0.2191668
table 0 0 -10 0.09 292.13 69.41 528.95 0.1613851
desk 0 0 -10 0.00 157.34 549.44 514.68 0.0907066
table 0 0 -10 584.05 123.16 679.66 509.51 0.0762811
chair 0 0 -10 234.43 150.24 558.12 528.06 0.0652022
dresser 0 0 -10 580.13 111.16 681.00 498.17 0.0509014
table 0 0 -10 29.31 144.87 545.46 517.96 0.0501673
desk 0 0 -10 0.00 254.09 64.19 529.82 0.0477013
bathtub 0 0 -10 50.97 145.56 549.62 493.07 0.0436051
bathtub 0 0 -10 7.40 161.46 541.59 315.78 0.0390609
desk 0 0 -10 15.38 202.57 326.42 518.20 0.0347752
table 0 0 -10 15.68 217.17 369.77 492.62 0.0341907
dresser 0 0 -10 212.60 154.16 542.51 526.62 0.0235681
dresser 0 0 -10 0.46 241.74 64.72 525.17 0.0215573
table 0 0 -10 11.74 252.50 45.27 531.00 0.0188827
sofa 0 0 -10 2.42 250.30 64.90 531.00 0.0117810
chair 0 0 -10 0.00 255.22 153.39 531.00 0.0114055
bookshelf 0 0 -10 174.65 115.76 531.88 527.57 0.0105810
table 0 0 -10 250.09 198.64 542.60 531.00 0.0097524
bathtub 0 0 -10 231.51 245.36 552.71 530.03 0.0091452
night_stand 0 0 -10 219.00 152.99 552.12 524.65 0.0079621
chair 0 0 -10 6.28 219.56 300.91 527.74 0.0076989
toilet 0 0 -10 90.74 136.61 519.12 357.13 0.0074063
table 0 0 -10 544.43 91.16 680.11 388.37 0.0070345
toilet 0 0 -10 21.01 102.29 526.33 509.78 0.0068910
toilet 0 0 -10 2.93 240.40 70.09 528.14 0.0068111
night_stand 0 0 -10 0.00 250.63 67.77 522.41 0.0063490
bathtub 0 0 -10 7.08 166.94 337.03 500.42 0.0063319
bathtub 0 0 -10 204.25 128.25 522.53 422.60 0.0059426
table 0 0 -10 145.44 129.71 528.88 389.86 0.0051807
table 0 0 -10 34.32 272.83 266.64 461.20 0.0048941
bed 0 0 -10 0.45 245.33 65.63 531.00 0.0045927
chair 0 0 -10 580.90 52.94 679.42 507.15 0.0045440
bathtub 0 0 -10 579.03 102.89 681.00 475.88 0.0042976
bookshelf 0 0 -10 0.71 245.88 67.68 529.56 0.0040816
table 0 0 -10 0.63 220.24 97.71 505.76 0.0035207
chair 0 0 -10 309.50 143.75 524.36 287.72 0.0034568
desk 0 0 -10 248.56 205.99 566.98 531.00 0.0034234
desk 0 0 -10 39.99 139.31 537.36 354.03 0.0032139
table 0 0 -10 266.66 165.46 525.37 295.06 0.0029806
chair 0 0 -10 0.00 52.92 83.32 484.79 0.0025862
sofa 0 0 -10 10.10 237.50 38.37 531.00 0.0022500
bed 0 0 -10 81.47 124.58 538.01 531.00 0.0020891
desk 0 0 -10 571.06 236.82 681.00 440.82 0.0018872
bathtub 0 0 -10 1.30 233.22 87.88 499.97 0.0018098
bookshelf 0 0 -10 582.82 95.87 679.22 507.21 0.0013662
toilet 0 0 -10 232.21 118.97 513.57 288.86 0.0013257
night_stand 0 0 -10 579.67 121.69 681.00 495.70 0.0013205
desk 0 0 -10 454.81 76.47 681.00 516.04 0.0012857
desk 0 0 -10 534.35 98.46 681.00 352.62 0.0011854
bathtub 0 0 -10 20.59 208.21 335.08 285.25 0.0011798
bathtub 0 0 -10 9.24 198.41 295.62 342.24 0.0011449
toilet 0 0 -10 381.19 192.04 551.63 531.00 0.0011078
chair 0 0 -10 163.38 126.23 514.10 352.21 0.0009960
toilet 0 0 -10 566.32 97.83 680.38 508.55 0.0009549
table 0 0 -10 2.80 251.22 24.63 525.22 0.0009245
bathtub 0 0 -10 27.59 192.22 455.95 408.91 0.0009149
toilet 0 0 -10 239.88 400.71 643.78 529.73 0.0009134
sofa 0 0 -10 219.89 155.56 544.48 530.27 0.0009068
chair 0 0 -10 585.96 92.30 649.12 433.78 0.0008650
table 0 0 -10 477.70 88.25 676.06 296.93 0.0008218
toilet 0 0 -10 5.39 168.63 315.32 515.68 0.0008159
bookshelf 0 0 -10 9.11 194.88 352.14 526.16 0.0008056
bed 0 0 -10 576.82 115.36 681.00 526.87 0.0007916
table 0 0 -10 458.09 88.89 675.13 517.73 0.0007668
chair 0 0 -10 36.46 140.55 463.00 516.46 0.0007562
bookshelf 0 0 -10 96.06 131.75 519.30 360.15 0.0007081
dresser 0 0 -10 456.26 93.20 673.04 504.15 0.0007068
desk 0 0 -10 2.57 261.18 37.27 514.91 0.0007060
table 0 0 -10 554.37 267.36 675.42 531.00 0.0007053
chair 0 0 -10 9.17 238.16 39.15 528.63 0.0006851
dresser 0 0 -10 4.43 204.28 360.38 520.78 0.0006701
table 0 0 -10 1.33 317.95 75.61 435.55 0.0006647
bathtub 0 0 -10 531.31 78.46 681.00 345.07 0.0006632
desk 0 0 -10 629.32 101.99 681.00 456.79 0.0006621
toilet 0 0 -10 445.30 94.94 676.79 521.91 0.0006611
table 0 0 -10 13.32 249.37 177.46 499.33 0.0006599
chair 0 0 -10 2.06 135.28 54.02 419.69 0.0006509
table 0 0 -10 560.75 158.48 681.00 288.31 0.0006319
chair 0 0 -10 312.61 32.66 549.60 402.71 0.0006244
table 0 0 -10 254.48 129.36 486.54 249.89 0.0006089
dresser 0 0 -10 86.30 140.48 520.27 351.40 0.0006004
toilet 0 0 -10 302.33 358.80 530.33 528.81 0.0006004
table 0 0 -10 2.18 181.52 53.90 431.74 0.0005966
bed 0 0 -10 7.10 158.46 350.62 513.65 0.0005634
chair 0 0 -10 0.05 209.26 103.06 431.53 0.0005305
bathtub 0 0 -10 187.73 121.61 527.98 281.32 0.0005025
bookshelf 0 0 -10 1.24 6.73 77.08 495.23 0.0004818
bathtub 0 0 -10 3.95 225.42 192.25 507.07 0.0004610
sofa 0 0 -10 70.96 138.13 521.99 347.62 0.0004601
chair 0 0 -10 12.32 316.64 511.25 523.88 0.0004571
bathtub 0 0 -10 290.13 162.84 531.19 293.19 0.0004408
bathtub 0 0 -10 12.42 20.41 620.35 358.94 0.0004381
table 0 0 -10 22.35 256.20 387.55 325.28 0.0004379
bathtub 0 0 -10 251.16 405.84 651.00 527.94 0.0004363
sofa 0 0 -10 2.55 243.01 26.50 525.95 0.0003999
chair 0 0 -10 230.36 15.31 575.28 280.78 0.0003943
bathtub 0 0 -10 310.20 150.99 647.40 506.20 0.0003869
