chair 0 0 -10 3.45 7.17 256.41 344.65 0.9769696
chair 0 0 -10 172.94 31.67 646.36 521.80 0.9711953
table 0 0 -10 120.85 22.17 659.49 410.72 0.2196822
chair 0 0 -10 3.65 27.30 147.61 295.33 0.2038661
table 0 0 -10 5.10 1.58 681.00 216.00 0.1053233
chair 0 0 -10 223.98 36.83 582.27 355.97 0.0712234
chair 0 0 -10 88.04 33.43 361.99 331.91 0.0491544
table 0 0 -10 384.20 30.74 675.08 383.54 0.0436041
chair 0 0 -10 1.03 5.99 65.39 278.82 0.0424203
table 0 0 -10 14.93 94.96 296.49 347.61 0.0402427
desk 0 0 -10 141.79 13.47 655.70 505.97 0.0352569
table 0 0 -10 15.73 0.00 361.94 298.29 0.0218458
table 0 0 -10 22.95 92.43 433.64 531.00 0.0154384
chair 0 0 -10 0.28 58.10 39.59 305.73 0.0095152
chair 0 0 -10 0.98 60.38 196.56 196.11 0.0080557
desk 0 0 -10 21.20 0.00 681.00 223.11 0.0079084
table 0 0 -10 49.12 0.71 670.04 109.00 0.0078643
table 0 0 -10 545.53 49.43 677.41 498.90 0.0068166
sofa 0 0 -10 150.60 31.84 620.97 373.78 0.0065831
desk 0 0 -10 350.88 29.05 665.37 388.38 0.0061886
chair 0 0 -10 341.78 137.88 662.88 519.43 0.0056748
table 0 0 -10 205.18 162.95 609.23 525.64 0.0054898
desk 0 0 -10 19.96 4.16 325.06 328.32 0.0049126
table 0 0 -10 632.14 54.81 675.82 318.87 0.0045167
chair 0 0 -10 2.17 71.53 58.82 213.31 0.0043445
chair 0 0 -10 354.31 62.27 639.65 368.09 0.0040927
chair 0 0 -10 46.12 37.24 411.13 528.93 0.0038165
desk 0 0 -10 166.39 75.28 594.23 369.37 0.0031559
table 0 0 -10 593.45 60.21 673.31 352.74 0.0031461
chair 0 0 -10 2.04 57.07 99.55 192.32 0.0025675
chair 0 0 -10 172.07 26.53 509.63 248.15 0.0024375
chair 0 0 -10 3.35 111.95 118.40 227.77 0.0020473
chair 0 0 -10 0.69 130.00 57.76 247.01 0.0019962
table 0 0 -10 291.34 7.24 675.62 158.00 0.0019881
table 0 0 -10 313.43 66.12 653.18 173.50 0.0019190
table 0 0 -10 4.89 40.18 156.54 389.90 0.0017610
table 0 0 -10 618.47 47.12 678.46 506.03 0.0017591
chair 0 0 -10 8.39 10.61 30.78 260.97 0.0016332
table 0 0 -10 125.39 98.78 370.23 371.63 0.0015412
table 0 0 -10 655.14 74.69 679.83 519.40 0.0014933
chair 0 0 -10 75.83 0.00 228.86 230.49 0.0013924
chair 0 0 -10 481.92 29.10 674.17 470.87 0.0012500
sofa 0 0 -10 0.00 9.31 293.60 324.70 0.0012179
sofa 0 0 -10 81.99 111.33 660.71 527.73 0.0012069
chair 0 0 -10 635.29 38.03 676.45 301.15 0.0011704
chair 0 0 -10 1.62 126.10 38.68 205.03 0.0011231
chair 0 0 -10 356.41 2.12 613.63 216.56 0.0009877
desk 0 0 -10 39.49 0.00 681.00 111.59 0.0009265
chair 0 0 -10 573.82 8.74 678.67 301.54 0.0008874
chair 0 0 -10 2.06 135.46 81.24 202.79 0.0008113
chair 0 0 -10 1.24 81.38 23.06 293.42 0.0007695
table 0 0 -10 259.18 27.86 644.02 288.09 0.0007036
chair 0 0 -10 162.87 90.34 429.06 455.10 0.0007003
desk 0 0 -10 20.76 78.36 431.17 531.00 0.0006034
chair 0 0 -10 0.00 120.95 64.34 507.92 0.0005731
table 0 0 -10 649.56 76.36 679.41 303.57 0.0005729
bookshelf 0 0 -10 155.30 2.53 592.90 370.83 0.0005625
chair 0 0 -10 121.54 11.49 524.50 145.84 0.0005509
chair 0 0 -10 21.43 310.38 606.77 531.00 0.0005258
table 0 0 -10 0.00 14.62 193.67 237.04 0.0005217
chair 0 0 -10 628.12 72.14 680.14 520.53 0.0004998
chair 0 0 -10 0.06 161.51 69.28 205.73 0.0004962
table 0 0 -10 563.36 98.84 650.07 430.10 0.0004935
bed 0 0 -10 146.99 14.61 612.60 379.81 0.0004858
table 0 0 -10 228.06 229.25 596.86 349.37 0.0004668
table 0 0 -10 1.61 77.67 110.88 274.10 0.0004266
chair 0 0 -10 5.53 14.86 41.86 189.92 0.0004154
chair 0 0 -10 18.77 6.61 355.12 158.86 0.0004131
table 0 0 -10 471.43 106.00 679.00 360.32 0.0003983
desk 0 0 -10 3.17 37.59 155.95 386.43 0.0003955
table 0 0 -10 0.00 88.49 37.93 327.61 0.0003788
table 0 0 -10 97.31 92.46 280.43 266.75 0.0003787
chair 0 0 -10 2.67 152.18 40.74 182.55 0.0003616
table 0 0 -10 567.79 96.90 677.62 254.17 0.0003549
dresser 0 0 -10 148.32 55.74 658.73 525.49 0.0003356
chair 0 0 -10 451.27 0.00 667.08 261.94 0.0003206
toilet 0 0 -10 141.21 23.10 582.63 385.48 0.0003156
table 0 0 -10 166.41 130.82 435.44 315.76 0.0003031
bathtub 0 0 -10 198.11 58.50 631.03 352.76 0.0002791
chair 0 0 -10 3.56 166.10 51.45 196.13 0.0002772
table 0 0 -10 520.05 202.07 677.59 339.01 0.0002722
chair 0 0 -10 1.58 88.93 11.44 293.42 0.0002706
chair 0 0 -10 3.72 92.26 94.47 399.24 0.0002568
bed 0 0 -10 80.45 109.42 655.75 530.54 0.0002518
chair 0 0 -10 39.57 427.13 493.03 531.00 0.0002516
bookshelf 0 0 -10 10.34 0.00 286.27 319.22 0.0002498
night_stand 0 0 -10 147.69 48.45 662.06 525.73 0.0002473
desk 0 0 -10 499.14 16.82 678.37 511.44 0.0002462
bathtub 0 0 -10 149.13 140.10 627.61 526.59 0.0002457
chair 0 0 -10 3.26 115.52 16.49 281.59 0.0002432
chair 0 0 -10 4.91 99.89 11.49 253.00 0.0002392
chair 0 0 -10 0.76 139.37 25.25 188.42 0.0002368
chair 0 0 -10 187.87 110.38 468.02 271.83 0.0002358
table 0 0 -10 0.00 87.77 55.63 445.16 0.0002286
chair 0 0 -10 578.05 222.39 681.00 531.00 0.0002155
chair 0 0 -10 0.00 3.70 96.94 136.79 0.0002129
table 0 0 -10 662.83 58.12 680.57 363.70 0.0002125
desk 0 0 -10 1.01 71.10 198.85 258.39 0.0002119
bookshelf 0 0 -10 157.51 97.76 634.09 523.89 0.0002015
chair 0 0 -10 47.03 74.90 170.25 374.58 0.0002005
