chair 0 0 -10 133.35 93.29 479.95 517.82 0.8990431
table 0 0 -10 527.76 151.89 680.27 465.48 0.8333930
sofa 0 0 -10 123.00 86.95 482.51 523.85 0.1543349
desk 0 0 -10 520.81 157.99 681.00 460.41 0.0202508
table 0 0 -10 106.63 141.56 491.00 531.00 0.0097235
table 0 0 -10 532.92 151.17 676.20 267.45 0.0079409
table 0 0 -10 603.62 164.42 680.07 473.42 0.0075441
table 0 0 -10 612.95 145.13 676.01 195.97 0.0054845
dresser 0 0 -10 523.62 158.62 679.78 457.46 0.0054031
table 0 0 -10 527.71 159.37 620.99 367.07 0.0043751
night_stand 0 0 -10 525.62 153.73 681.00 456.17 0.0039243
bed 0 0 -10 119.91 90.88 484.52 529.89 0.0029045
table 0 0 -10 638.77 183.71 679.36 496.78 0.0027486
chair 0 0 -10 524.76 182.39 678.38 464.32 0.0026002
chair 0 0 -10 98.44 328.04 470.33 527.67 0.0024107
desk 0 0 -10 119.79 114.18 485.34 524.78 0.0022710
bed 0 0 -10 519.20 149.51 680.20 466.07 0.0022022
chair 0 0 -10 0.00 307.48 179.55 530.95 0.0019243
bookshelf 0 0 -10 127.51 89.34 479.61 521.00 0.0018482
bookshelf 0 0 -10 526.45 159.16 676.02 465.27 0.0018416
sofa 0 0 -10 526.01 161.55 678.31 460.19 0.0016651
table 0 0 -10 656.49 172.32 680.58 456.64 0.0016214
table 0 0 -10 511.85 207.02 672.27 363.56 0.0015969
toilet 0 0 -10 115.51 94.06 483.87 530.77 0.0014666
chair 0 0 -10 36.58 73.99 314.80 531.00 0.0014001
toilet 0 0 -10 523.01 169.97 675.44 486.24 0.0013432
table 0 0 -10 584.73 138.87 675.92 213.51 0.0013137
table 0 0 -10 492.11 122.55 673.73 317.40 0.0012453
bathtub 0 0 -10 520.26 173.10 680.77 492.66 0.0012113
dresser 0 0 -10 120.56 109.38 487.03 523.63 0.0011932
chair 0 0 -10 296.12 88.94 501.03 485.97 0.0010310
table 0 0 -10 393.33 91.47 669.22 429.06 0.0009686
night_stand 0 0 -10 123.23 112.72 489.18 531.00 0.0009123
table 0 0 -10 7.85 327.99 226.78 531.00 0.0009034
table 0 0 -10 479.36 221.24 569.08 417.76 0.0008022
chair 0 0 -10 65.69 402.06 364.55 531.00 0.0006780
table 0 0 -10 574.28 212.41 677.77 408.90 0.0006736
table 0 0 -10 297.45 124.13 639.42 514.07 0.0006627
table 0 0 -10 599.37 146.91 679.04 287.04 0.0006314
bathtub 0 0 -10 113.44 131.84 489.88 519.85 0.0006223
table 0 0 -10 667.31 134.08 679.58 464.24 0.0006049
table 0 0 -10 48.33 297.29 427.38 531.00 0.0005749
chair 0 0 -10 647.26 179.54 681.00 451.01 0.0005488
chair 0 0 -10 625.43 139.23 681.00 299.56 0.0005318
sofa 0 0 -10 614.20 139.27 677.09 195.33 0.0005281
table 0 0 -10 657.21 150.59 679.66 318.11 0.0005055
chair 0 0 -10 589.35 231.23 680.09 455.33 0.0004951
table 0 0 -10 550.31 280.32 678.64 377.69 0.0004744
table 0 0 -10 664.60 227.68 680.74 530.75 0.0004504
table 0 0 -10 486.60 176.06 595.26 331.84 0.0004316
table 0 0 -10 96.98 394.96 477.95 530.53 0.0004042
chair 0 0 -10 15.00 96.32 192.96 531.00 0.0003920
table 0 0 -10 433.16 249.69 518.66 433.51 0.0003804
chair 0 0 -10 610.52 114.13 681.00 210.81 0.0003784
table 0 0 -10 620.45 138.27 663.99 184.62 0.0003658
table 0 0 -10 413.08 288.40 512.35 516.81 0.0003612
table 0 0 -10 528.29 183.89 563.65 342.24 0.0003543
chair 0 0 -10 48.09 321.50 291.25 531.00 0.0003417
table 0 0 -10 639.01 163.32 679.55 284.75 0.0003328
table 0 0 -10 74.17 31.02 609.97 424.35 0.0003275
table 0 0 -10 490.30 271.03 639.23 441.30 0.0003219
chair 0 0 -10 634.17 253.10 681.00 500.33 0.0003129
table 0 0 -10 545.03 111.17 675.70 219.45 0.0002896
table 0 0 -10 564.65 254.28 678.01 339.97 0.0002806
table 0 0 -10 616.10 168.86 679.59 243.77 0.0002629
chair 0 0 -10 171.45 80.96 505.97 342.27 0.0002621
chair 0 0 -10 165.22 417.02 573.53 527.56 0.0002609
table 0 0 -10 41.02 326.68 148.48 528.51 0.0002566
table 0 0 -10 304.42 293.04 492.38 530.14 0.0002532
table 0 0 -10 26.98 3.86 658.42 240.86 0.0002426
table 0 0 -10 82.89 271.39 259.16 531.00 0.0002406
table 0 0 -10 1.13 165.00 156.36 531.00 0.0002373
table 0 0 -10 172.09 270.57 547.30 514.21 0.0002331
table 0 0 -10 659.18 177.53 680.64 244.85 0.0002165
table 0 0 -10 74.22 253.94 159.99 523.39 0.0002161
table 0 0 -10 611.32 293.25 678.38 459.99 0.0002125
chair 0 0 -10 588.85 140.74 681.00 378.59 0.0002013
table 0 0 -10 405.08 270.69 552.12 448.44 0.0002011
table 0 0 -10 453.75 238.70 665.84 526.09 0.0001964
table 0 0 -10 22.30 88.42 276.62 531.00 0.0001758
chair 0 0 -10 331.89 85.29 571.03 336.99 0.0001722
table 0 0 -10 562.99 68.18 680.33 276.79 0.0001702
chair 0 0 -10 484.64 121.75 649.53 421.87 0.0001610
chair 0 0 -10 70.54 236.08 166.32 522.31 0.0001561
sofa 0 0 -10 218.74 81.85 645.98 488.80 0.0001522
table 0 0 -10 529.85 164.16 593.41 221.85 0.0001499
chair 0 0 -10 596.44 82.02 681.00 276.83 0.0001307
table 0 0 -10 670.34 142.78 679.65 288.36 0.0001283
desk 0 0 -10 606.05 166.74 680.13 474.98 0.0001209
desk 0 0 -10 509.22 226.70 681.00 371.19 0.0001191
chair 0 0 -10 324.98 296.77 484.90 517.50 0.0001126
bathtub 0 0 -10 1.12 250.37 158.13 526.45 0.0001084
table 0 0 -10 120.54 188.94 192.34 531.00 0.0001048
table 0 0 -10 346.63 90.71 597.78 342.39 0.0001024
chair 0 0 -10 127.71 44.53 378.00 308.12 0.0001003
night_stand 0 0 -10 615.66 133.87 674.52 204.87 0.0000976
table 0 0 -10 536.45 149.18 613.62 207.78 0.0000966
sofa 0 0 -10 29.92 80.56 312.12 531.00 0.0000947
chair 0 0 -10 2.60 367.08 228.74 486.95 0.0000946
chair 0 0 -10 664.04 155.61 679.48 480.41 0.0000920
