chair 0 0 -10 207.76 260.16 502.33 527.08 0.9925821
desk 0 0 -10 62.10 162.97 355.38 519.16 0.5427774
table 0 0 -10 68.61 165.39 351.75 523.45 0.2228646
chair 0 0 -10 102.84 173.44 392.54 531.00 0.0738859
table 0 0 -10 103.52 78.23 306.11 165.40 0.0615665
desk 0 0 -10 103.35 77.18 307.35 166.26 0.0182027
table 0 0 -10 84.27 151.31 345.19 327.83 0.0114131
chair 0 0 -10 46.69 135.29 274.17 506.27 0.0102905
dresser 0 0 -10 67.49 161.29 369.48 521.81 0.0098807
chair 0 0 -10 208.07 418.61 556.75 529.58 0.0081647
table 0 0 -10 179.70 251.49 450.61 526.87 0.0074367
table 0 0 -10 156.76 198.62 382.14 475.16 0.0063301
desk 0 0 -10 148.55 247.29 544.46 530.22 0.0048880
chair 0 0 -10 185.89 432.16 412.05 531.00 0.0043599
chair 0 0 -10 63.98 409.16 385.34 531.00 0.0032963
chair 0 0 -10 294.37 476.76 541.07 530.62 0.0029780
chair 0 0 -10 211.16 210.83 371.10 515.49 0.0029353
table 0 0 -10 231.75 223.71 357.85 497.08 0.0028429
bookshelf 0 0 -10 72.41 153.74 364.60 528.13 0.0027718
chair 0 0 -10 316.09 427.35 506.64 531.00 0.0027570
desk 0 0 -10 87.55 144.71 345.57 325.32 0.0027304
chair 0 0 -10 305.70 253.64 621.14 531.00 0.0026780
chair 0 0 -10 71.46 130.94 360.54 370.02 0.0025078
desk 0 0 -10 167.39 226.33 343.74 477.75 0.0024191
desk 0 0 -10 54.35 51.27 617.52 504.94 0.0018928
chair 0 0 -10 97.95 66.00 244.87 171.11 0.0017736
dresser 0 0 -10 109.39 76.22 307.16 165.48 0.0016997
table 0 0 -10 111.65 76.04 297.52 123.60 0.0015624
chair 0 0 -10 131.41 74.61 308.45 177.99 0.0014866
chair 0 0 -10 78.34 129.19 176.64 474.86 0.0013471
chair 0 0 -10 242.61 170.59 445.24 433.28 0.0013310
sofa 0 0 -10 200.71 259.89 485.89 531.00 0.0013164
night_stand 0 0 -10 78.29 176.46 359.78 511.29 0.0013161
chair 0 0 -10 161.31 34.38 244.24 152.85 0.0011688
night_stand 0 0 -10 100.14 68.00 311.90 172.19 0.0011542
chair 0 0 -10 30.55 6.69 304.02 209.96 0.0009784
table 0 0 -10 23.56 344.18 333.94 528.02 0.0009779
toilet 0 0 -10 198.35 255.21 472.09 531.00 0.0009770
table 0 0 -10 186.05 411.62 560.26 530.04 0.0009383
chair 0 0 -10 166.56 479.62 476.18 527.53 0.0009254
table 0 0 -10 226.98 190.92 625.74 513.78 0.0009056
table 0 0 -10 92.12 307.76 578.11 531.00 0.0008958
chair 0 0 -10 169.45 45.60 217.53 147.45 0.0008885
chair 0 0 -10 359.26 414.14 608.13 531.00 0.0008191
table 0 0 -10 99.14 422.39 337.06 531.00 0.0008083
table 0 0 -10 181.40 221.53 296.35 523.83 0.0007985
chair 0 0 -10 0.00 0.22 186.24 269.71 0.0007842
chair 0 0 -10 107.00 351.15 447.05 521.46 0.0007770
chair 0 0 -10 0.00 36.14 98.87 396.46 0.0007314
chair 0 0 -10 78.77 331.42 308.47 528.85 0.0007117
chair 0 0 -10 79.17 50.26 467.92 477.24 0.0006882
chair 0 0 -10 174.72 123.06 336.62 272.59 0.0006586
table 0 0 -10 57.91 74.70 587.26 498.13 0.0006439
desk 0 0 -10 72.49 36.35 338.71 221.49 0.0006117
chair 0 0 -10 324.48 261.68 488.80 439.64 0.0005626
chair 0 0 -10 6.92 87.85 188.87 475.07 0.0005582
chair 0 0 -10 188.03 184.90 299.71 510.28 0.0005409
chair 0 0 -10 132.88 22.94 290.85 145.50 0.0004996
bookshelf 0 0 -10 92.43 3.89 300.45 166.61 0.0004900
table 0 0 -10 469.61 510.36 676.24 531.00 0.0004895
toilet 0 0 -10 96.09 185.27 391.38 529.43 0.0004886
sofa 0 0 -10 102.21 77.13 306.84 167.13 0.0004779
chair 0 0 -10 347.18 495.21 478.84 531.00 0.0004727
sofa 0 0 -10 81.97 178.35 420.91 515.28 0.0004595
chair 0 0 -10 303.67 200.03 418.25 453.04 0.0004576
table 0 0 -10 304.97 490.56 653.96 530.75 0.0004501
table 0 0 -10 72.18 45.73 330.94 227.34 0.0004486
dresser 0 0 -10 198.01 255.29 470.00 527.32 0.0004423
bookshelf 0 0 -10 5.02 0.00 166.95 185.85 0.0004403
bed 0 0 -10 196.14 248.84 474.31 531.00 0.0004353
chair 0 0 -10 155.71 54.33 194.81 148.30 0.0004219
bookshelf 0 0 -10 163.17 185.16 449.96 495.98 0.0004191
chair 0 0 -10 0.00 305.80 162.14 524.79 0.0004130
table 0 0 -10 347.04 412.21 676.64 531.00 0.0004057
dresser 0 0 -10 64.05 138.78 353.04 352.02 0.0003923
bookshelf 0 0 -10 0.03 2.34 94.60 422.11 0.0003903
chair 0 0 -10 213.02 43.25 295.31 152.61 0.0003660
bathtub 0 0 -10 73.74 171.68 371.25 512.05 0.0003591
night_stand 0 0 -10 194.16 261.53 476.42 526.94 0.0003570
chair 0 0 -10 198.21 86.75 311.63 204.59 0.0003568
chair 0 0 -10 112.36 70.00 340.28 304.12 0.0003327
bathtub 0 0 -10 104.63 76.69 312.22 167.83 0.0003324
desk 0 0 -10 183.29 198.69 266.10 519.25 0.0003302
table 0 0 -10 384.19 501.98 588.33 531.00 0.0003195
chair 0 0 -10 161.15 1.68 264.08 82.92 0.0003036
dresser 0 0 -10 179.71 186.54 390.96 479.90 0.0003016
chair 0 0 -10 15.25 0.32 356.02 93.20 0.0003013
table 0 0 -10 89.25 8.76 318.38 138.62 0.0003005
desk 0 0 -10 73.58 1.31 368.18 143.46 0.0002966
bookshelf 0 0 -10 13.36 0.00 262.88 113.87 0.0002909
bed 0 0 -10 120.46 167.26 403.24 531.00 0.0002891
chair 0 0 -10 170.30 43.23 226.99 80.47 0.0002883
table 0 0 -10 22.15 407.45 225.66 531.00 0.0002875
bookshelf 0 0 -10 176.62 44.42 223.67 77.75 0.0002837
dresser 0 0 -10 1.84 41.73 39.05 420.29 0.0002827
chair 0 0 -10 148.09 125.52 443.15 290.90 0.0002805
table 0 0 -10 391.27 297.79 672.34 531.00 0.0002781
desk 0 0 -10 204.25 273.17 422.22 524.15 0.0002747
table 0 0 -10 0.00 151.36 40.07 200.44 0.0002732
bookshelf 0 0 -10 218.25 282.70 484.02 523.06 0.0002690
