chair 0 0 -10 0.00 16.78 207.91 353.70 0.9883950
chair 0 0 -10 138.81 64.59 538.24 475.25 0.9868532
chair 0 0 -10 441.17 1.84 653.56 283.91 0.9789982
chair 0 0 -10 247.10 0.23 431.50 185.21 0.9768836
chair 0 0 -10 610.20 83.79 679.33 350.56 0.4501846
chair 0 0 -10 208.60 18.41 448.47 356.71 0.3933846
chair 0 0 -10 32.57 37.52 356.10 460.99 0.2546091
table 0 0 -10 124.83 112.39 592.20 504.25 0.1859434
table 0 0 -10 435.53 12.81 676.37 310.71 0.1725477
chair 0 0 -10 0.00 11.16 121.60 302.45 0.1681931
table 0 0 -10 344.61 5.86 638.87 218.76 0.1479315
chair 0 0 -10 549.89 37.55 681.00 324.03 0.0909333
table 0 0 -10 10.75 41.72 380.38 377.00 0.0811298
chair 0 0 -10 356.43 2.23 609.90 342.16 0.0710383
chair 0 0 -10 311.70 0.00 467.51 155.96 0.0644588
chair 0 0 -10 642.66 44.42 679.81 341.45 0.0519253
table 0 0 -10 74.40 10.73 552.61 266.65 0.0505720
chair 0 0 -10 0.18 14.54 59.06 318.21 0.0442199
table 0 0 -10 146.82 8.47 469.94 175.94 0.0394558
chair 0 0 -10 19.03 0.00 191.74 101.65 0.0305048
table 0 0 -10 622.87 104.29 675.48 352.72 0.0302650
chair 0 0 -10 500.11 0.00 649.44 148.99 0.0298558
chair 0 0 -10 295.07 4.15 525.06 232.75 0.0262064
chair 0 0 -10 0.15 1.54 162.89 178.95 0.0245804
chair 0 0 -10 408.12 0.00 545.36 204.67 0.0234687
chair 0 0 -10 634.60 141.13 679.43 309.34 0.0220594
chair 0 0 -10 74.87 17.60 279.97 336.13 0.0186475
chair 0 0 -10 604.51 5.96 680.98 234.86 0.0170402
chair 0 0 -10 364.87 0.00 512.79 109.35 0.0156537
desk 0 0 -10 439.04 18.57 676.82 323.16 0.0138659
chair 0 0 -10 91.27 0.00 246.62 96.54 0.0128410
chair 0 0 -10 5.23 26.21 27.76 339.71 0.0123006
table 0 0 -10 273.13 7.78 553.46 171.11 0.0122843
chair 0 0 -10 63.62 0.00 246.58 222.29 0.0110542
desk 0 0 -10 96.48 89.08 548.56 510.00 0.0110215
chair 0 0 -10 276.35 0.00 455.91 79.51 0.0106813
table 0 0 -10 1.96 47.51 162.23 344.81 0.0076592
table 0 0 -10 558.69 106.56 678.89 355.35 0.0065742
table 0 0 -10 527.36 32.00 675.82 421.14 0.0061624
chair 0 0 -10 188.24 2.12 468.94 118.30 0.0061374
chair 0 0 -10 138.97 0.00 298.21 131.49 0.0060818
table 0 0 -10 227.14 5.24 445.58 132.97 0.0059615
chair 0 0 -10 162.72 28.41 359.18 290.67 0.0058034
desk 0 0 -10 623.57 100.03 676.24 379.22 0.0053679
chair 0 0 -10 640.08 185.53 679.50 270.70 0.0052162
desk 0 0 -10 71.73 2.16 554.57 272.47 0.0051808
table 0 0 -10 645.28 103.97 679.47 435.56 0.0051070
table 0 0 -10 0.00 110.85 20.82 334.66 0.0050946
desk 0 0 -10 0.29 42.36 160.65 341.85 0.0047521
desk 0 0 -10 8.61 36.47 372.70 396.99 0.0047064
chair 0 0 -10 659.24 57.28 680.41 392.09 0.0041159
chair 0 0 -10 26.77 1.00 167.87 60.27 0.0040073
table 0 0 -10 257.40 173.18 553.01 454.45 0.0038420
table 0 0 -10 17.71 7.02 328.63 133.04 0.0036144
desk 0 0 -10 347.57 0.00 653.81 227.54 0.0034162
chair 0 0 -10 625.45 213.22 678.89 355.13 0.0033627
table 0 0 -10 0.00 14.89 243.03 271.04 0.0032957
table 0 0 -10 95.70 2.17 616.79 125.11 0.0031212
chair 0 0 -10 162.87 150.03 396.58 516.80 0.0030080
chair 0 0 -10 148.26 0.00 271.46 79.53 0.0029215
chair 0 0 -10 405.31 0.00 485.52 91.02 0.0029190
desk 0 0 -10 160.50 4.91 470.82 182.80 0.0028706
table 0 0 -10 80.77 28.22 293.92 308.81 0.0025987
table 0 0 -10 608.46 165.66 677.48 300.54 0.0025160
table 0 0 -10 0.00 42.66 63.45 394.95 0.0025023
table 0 0 -10 660.39 77.36 680.10 397.81 0.0023384
chair 0 0 -10 587.53 176.37 678.99 383.12 0.0023176
table 0 0 -10 6.44 48.61 25.40 349.59 0.0022295
chair 0 0 -10 665.66 152.85 677.84 295.41 0.0021802
table 0 0 -10 133.11 8.46 351.83 112.85 0.0020132
table 0 0 -10 2.38 19.05 133.42 239.25 0.0019895
chair 0 0 -10 0.00 89.42 22.29 331.75 0.0019094
chair 0 0 -10 617.35 65.08 679.92 186.13 0.0019045
chair 0 0 -10 359.11 99.45 666.68 506.02 0.0017810
table 0 0 -10 125.43 2.53 265.90 97.02 0.0017739
chair 0 0 -10 2.59 29.39 7.29 312.93 0.0017109
toilet 0 0 -10 623.49 104.85 676.65 383.81 0.0016738
chair 0 0 -10 8.52 11.99 45.72 252.02 0.0015763
desk 0 0 -10 259.35 20.00 443.00 160.08 0.0015672
night_stand 0 0 -10 622.82 111.00 678.31 372.40 0.0015253
table 0 0 -10 361.66 137.14 591.30 392.74 0.0015112
table 0 0 -10 77.54 94.04 317.47 451.80 0.0014913
chair 0 0 -10 638.98 22.35 680.41 179.91 0.0014104
dresser 0 0 -10 623.35 103.59 676.83 374.32 0.0013860
table 0 0 -10 486.81 3.49 671.27 147.07 0.0013294
sofa 0 0 -10 623.44 102.98 676.76 376.57 0.0012910
table 0 0 -10 632.22 175.77 678.30 269.54 0.0012556
chair 0 0 -10 526.68 148.79 680.86 395.76 0.0011834
chair 0 0 -10 4.44 42.79 8.40 286.69 0.0011805
table 0 0 -10 0.81 140.90 11.15 324.37 0.0011773
table 0 0 -10 127.78 51.76 405.34 247.96 0.0011365
bathtub 0 0 -10 624.44 102.84 676.53 351.06 0.0009995
bookshelf 0 0 -10 623.90 92.84 676.61 374.64 0.0009709
chair 0 0 -10 0.78 102.88 33.73 429.69 0.0009706
table 0 0 -10 121.52 11.82 293.50 206.51 0.0009285
chair 0 0 -10 63.93 0.00 368.21 72.68 0.0009042
bed 0 0 -10 622.80 92.13 676.78 376.78 0.0009026
chair 0 0 -10 660.34 179.29 680.53 263.91 0.0009018
sofa 0 0 -10 121.00 83.02 586.51 507.52 0.0008971
sofa 0 0 -10 0.86 28.09 170.85 337.45 0.0008720
