chair 0 0 -10 298.80 117.82 545.02 526.60 0.5482788
table 0 0 -10 296.90 182.99 556.00 531.00 0.2876023
chair 0 0 -10 361.80 88.99 519.14 275.05 0.2299697
desk 0 0 -10 295.13 170.61 555.30 531.00 0.0893310
chair 0 0 -10 308.59 309.40 601.49 531.00 0.0821684
table 0 0 -10 517.60 318.92 677.60 531.00 0.0141971
table 0 0 -10 521.60 480.88 673.02 531.00 0.0114257
dresser 0 0 -10 291.36 155.93 555.48 531.00 0.0090964
table 0 0 -10 330.46 339.24 561.17 531.00 0.0083693
chair 0 0 -10 278.57 120.15 437.38 503.61 0.0080132
chair 0 0 -10 464.14 355.97 662.91 531.00 0.0074401
table 0 0 -10 392.34 480.77 653.60 531.00 0.0061522
chair 0 0 -10 288.70 100.89 379.99 233.67 0.0049531
table 0 0 -10 271.04 408.52 642.40 531.00 0.0036122
bookshelf 0 0 -10 294.49 136.98 545.09 531.00 0.0035378
bed 0 0 -10 276.25 105.68 571.41 531.00 0.0035296
table 0 0 -10 31.39 476.81 286.07 530.17 0.0032858
chair 0 0 -10 314.25 143.30 425.33 412.81 0.0030001
table 0 0 -10 197.05 272.10 645.25 531.00 0.0027497
night_stand 0 0 -10 304.39 173.24 560.14 531.00 0.0024518
table 0 0 -10 173.99 472.79 317.65 531.00 0.0023637
bathtub 0 0 -10 510.05 252.75 681.00 495.60 0.0021951
chair 0 0 -10 30.39 476.86 296.17 531.00 0.0021558
chair 0 0 -10 325.43 140.18 493.60 295.71 0.0021344
chair 0 0 -10 399.56 477.03 659.51 531.00 0.0018945
table 0 0 -10 118.63 431.85 473.90 530.67 0.0014941
bed 0 0 -10 33.66 478.10 298.18 531.00 0.0014562
table 0 0 -10 172.44 492.75 262.20 530.44 0.0013852
toilet 0 0 -10 305.05 203.70 570.19 531.00 0.0011394
chair 0 0 -10 507.67 481.31 681.00 531.00 0.0011055
chair 0 0 -10 326.59 423.21 660.38 531.00 0.0010968
sofa 0 0 -10 350.99 98.07 519.48 267.88 0.0009710
sofa 0 0 -10 309.08 289.92 548.68 531.00 0.0009265
table 0 0 -10 500.22 439.12 669.88 531.00 0.0009052
chair 0 0 -10 282.01 60.31 554.36 366.66 0.0008969
chair 0 0 -10 136.12 259.08 529.43 531.00 0.0008927
desk 0 0 -10 276.64 314.26 652.61 531.00 0.0008454
chair 0 0 -10 25.76 124.28 452.49 528.84 0.0008415
chair 0 0 -10 418.56 345.47 571.18 531.00 0.0008350
table 0 0 -10 385.78 200.37 540.06 379.36 0.0008225
sofa 0 0 -10 37.43 485.00 304.18 531.00 0.0008146
desk 0 0 -10 516.15 315.27 681.00 531.00 0.0007908
chair 0 0 -10 290.78 69.61 464.20 296.34 0.0007617
desk 0 0 -10 161.97 66.96 656.65 531.00 0.0007612
bathtub 0 0 -10 2.29 258.41 159.61 524.45 0.0007566
desk 0 0 -10 296.20 150.11 377.21 526.17 0.0007332
table 0 0 -10 314.06 197.90 407.59 526.45 0.0007232
chair 0 0 -10 475.75 437.82 668.94 531.00 0.0007074
table 0 0 -10 288.14 254.72 460.04 531.00 0.0006969
chair 0 0 -10 108.98 427.92 488.49 529.96 0.0006482
bathtub 0 0 -10 220.91 189.42 640.64 520.12 0.0006344
chair 0 0 -10 297.38 141.50 377.71 499.88 0.0006305
desk 0 0 -10 387.89 480.29 658.45 531.00 0.0006270
sofa 0 0 -10 287.71 104.59 563.07 520.68 0.0006143
table 0 0 -10 417.26 133.80 512.83 228.31 0.0005861
table 0 0 -10 195.42 437.27 333.44 529.58 0.0005644
table 0 0 -10 334.00 184.77 526.49 302.20 0.0005636
table 0 0 -10 299.38 130.31 432.14 254.19 0.0005436
table 0 0 -10 373.22 119.63 533.18 239.60 0.0005414
table 0 0 -10 313.20 261.58 533.84 402.64 0.0005358
chair 0 0 -10 169.40 494.54 266.45 531.00 0.0005176
table 0 0 -10 396.77 214.74 526.98 528.56 0.0005088
table 0 0 -10 2.25 293.48 152.06 531.00 0.0005030
chair 0 0 -10 180.94 340.76 440.70 531.00 0.0004950
chair 0 0 -10 544.87 386.17 679.56 531.00 0.0004514
bathtub 0 0 -10 33.23 475.08 292.83 529.51 0.0004481
table 0 0 -10 339.36 210.38 489.25 275.59 0.0004282
table 0 0 -10 0.00 509.21 274.91 531.00 0.0004271
chair 0 0 -10 277.18 114.47 427.52 256.86 0.0004122
bookshelf 0 0 -10 211.95 26.21 624.42 520.18 0.0004054
table 0 0 -10 27.48 105.21 425.59 531.00 0.0004012
chair 0 0 -10 20.65 387.18 412.89 531.00 0.0003896
chair 0 0 -10 181.09 468.76 390.80 531.00 0.0003800
table 0 0 -10 146.27 92.65 578.05 531.00 0.0003773
chair 0 0 -10 343.71 158.03 464.55 456.85 0.0003712
bathtub 0 0 -10 526.86 327.89 681.00 458.75 0.0003700
bathtub 0 0 -10 575.25 313.54 681.00 528.09 0.0003561
table 0 0 -10 130.20 495.47 302.98 529.84 0.0003471
table 0 0 -10 142.75 513.45 246.07 530.28 0.0003432
table 0 0 -10 358.95 201.72 486.01 248.76 0.0003372
table 0 0 -10 395.71 250.24 674.00 518.69 0.0003218
table 0 0 -10 15.03 425.78 358.06 531.00 0.0003178
chair 0 0 -10 290.75 102.47 366.74 180.05 0.0003165
dresser 0 0 -10 203.97 65.18 635.92 530.15 0.0003065
night_stand 0 0 -10 441.72 172.94 542.80 361.86 0.0003032
table 0 0 -10 601.78 341.56 678.12 531.00 0.0003000
table 0 0 -10 184.06 482.85 463.87 530.89 0.0002947
bed 0 0 -10 323.13 313.21 547.59 531.00 0.0002943
table 0 0 -10 0.00 125.91 176.89 525.97 0.0002879
chair 0 0 -10 2.76 66.37 256.41 528.73 0.0002873
desk 0 0 -10 247.12 401.44 595.85 528.27 0.0002866
chair 0 0 -10 314.87 185.11 520.60 394.07 0.0002841
chair 0 0 -10 9.02 317.70 257.89 531.00 0.0002831
chair 0 0 -10 393.00 119.54 507.22 489.49 0.0002723
table 0 0 -10 116.98 376.95 325.93 530.65 0.0002524
table 0 0 -10 292.49 95.24 494.00 262.08 0.0002469
desk 0 0 -10 284.21 159.77 337.48 531.00 0.0002441
bed 0 0 -10 389.18 480.31 660.85 531.00 0.0002236
table 0 0 -10 0.00 41.16 95.49 340.94 0.0002185
bookshelf 0 0 -10 300.51 141.77 373.40 529.53 0.0002163
