chair 0 0 -10 426.55 42.78 672.61 382.25 0.9898150
chair 0 0 -10 0.00 77.09 361.84 490.75 0.9896049
chair 0 0 -10 298.09 43.62 433.25 282.30 0.9778447
chair 0 0 -10 57.77 52.93 284.95 255.22 0.8847709
chair 0 0 -10 176.74 56.94 307.38 232.62 0.8443440
table 0 0 -10 51.08 102.79 582.82 467.89 0.8326696
chair 0 0 -10 407.72 132.68 679.91 509.22 0.6569861
chair 0 0 -10 167.88 75.90 377.62 387.22 0.5784265
chair 0 0 -10 425.04 43.79 584.47 300.53 0.5520203
chair 0 0 -10 0.00 86.93 180.81 411.71 0.5207373
chair 0 0 -10 222.68 64.50 407.69 298.97 0.3866642
chair 0 0 -10 334.21 50.83 508.80 285.83 0.2774603
table 0 0 -10 233.53 82.90 569.85 397.56 0.2042480
table 0 0 -10 7.52 219.97 375.59 528.80 0.1142844
chair 0 0 -10 200.16 43.60 334.23 313.12 0.1095258
chair 0 0 -10 636.90 115.57 679.53 486.48 0.1063404
chair 0 0 -10 446.37 36.93 660.73 240.48 0.0748872
desk 0 0 -10 147.23 66.59 657.54 503.99 0.0673719
chair 0 0 -10 82.05 44.55 235.20 202.14 0.0646750
chair 0 0 -10 1.79 53.86 114.20 519.79 0.0500523
chair 0 0 -10 426.14 49.18 539.90 226.44 0.0458666
table 0 0 -10 280.46 112.58 653.78 517.46 0.0366528
chair 0 0 -10 0.00 56.09 79.84 340.38 0.0348851
chair 0 0 -10 574.25 81.08 680.01 304.25 0.0309009
chair 0 0 -10 9.97 256.08 354.19 528.86 0.0285938
chair 0 0 -10 264.30 51.38 525.38 374.11 0.0284996
chair 0 0 -10 52.31 130.16 280.89 229.29 0.0266366
desk 0 0 -10 10.01 207.75 366.48 529.68 0.0241010
chair 0 0 -10 528.90 54.33 678.59 459.70 0.0234762
table 0 0 -10 39.87 70.98 535.38 282.31 0.0222142
desk 0 0 -10 57.08 106.32 535.96 377.39 0.0217388
chair 0 0 -10 266.03 55.08 366.58 244.56 0.0214233
table 0 0 -10 637.10 135.55 679.18 489.83 0.0199956
chair 0 0 -10 222.22 58.38 291.18 221.98 0.0189789
table 0 0 -10 337.64 77.83 557.01 325.02 0.0185231
chair 0 0 -10 543.66 33.22 675.58 225.54 0.0184337
chair 0 0 -10 124.98 53.33 289.00 172.04 0.0172362
table 0 0 -10 8.89 85.56 291.02 267.63 0.0169494
table 0 0 -10 139.82 101.70 454.96 392.54 0.0164246
chair 0 0 -10 154.25 62.17 247.58 265.88 0.0160222
desk 0 0 -10 267.70 87.89 601.57 369.68 0.0150556
chair 0 0 -10 597.79 174.91 681.00 481.43 0.0129128
chair 0 0 -10 307.35 40.96 437.07 106.80 0.0120778
table 0 0 -10 122.35 79.14 269.07 251.19 0.0120427
chair 0 0 -10 615.29 41.82 679.38 377.00 0.0118715
sofa 0 0 -10 46.28 53.29 292.30 221.65 0.0117731
table 0 0 -10 435.35 232.55 681.00 472.09 0.0115581
chair 0 0 -10 196.67 53.10 266.85 207.13 0.0104685
table 0 0 -10 0.00 94.85 368.50 396.42 0.0103083
table 0 0 -10 174.68 88.93 304.38 271.03 0.0097880
chair 0 0 -10 261.81 74.83 447.09 213.55 0.0084611
chair 0 0 -10 136.25 51.06 486.83 286.91 0.0084166
table 0 0 -10 439.02 61.11 577.82 306.17 0.0067709
chair 0 0 -10 0.00 156.08 57.31 518.94 0.0067649
table 0 0 -10 132.21 75.63 496.64 206.22 0.0067460
table 0 0 -10 44.40 106.95 298.77 206.06 0.0066761
chair 0 0 -10 5.54 49.64 196.17 275.27 0.0056065
chair 0 0 -10 650.23 234.63 680.84 483.93 0.0055820
table 0 0 -10 181.29 71.52 366.10 328.93 0.0054216
chair 0 0 -10 0.00 48.10 50.65 262.89 0.0053862
table 0 0 -10 127.78 53.38 315.01 196.94 0.0051319
table 0 0 -10 27.13 74.26 209.23 222.95 0.0048862
chair 0 0 -10 139.45 131.87 502.18 414.77 0.0047503
chair 0 0 -10 354.77 43.75 418.05 219.20 0.0045109
chair 0 0 -10 63.47 53.74 204.33 105.11 0.0040616
table 0 0 -10 650.05 238.39 680.16 490.81 0.0040544
table 0 0 -10 390.59 86.18 648.92 370.26 0.0038521
chair 0 0 -10 364.71 111.96 611.89 422.33 0.0038412
table 0 0 -10 665.62 242.65 680.63 489.44 0.0037145
table 0 0 -10 309.67 53.61 465.88 217.70 0.0034111
desk 0 0 -10 119.03 84.29 286.49 247.02 0.0033118
table 0 0 -10 299.08 84.20 430.78 368.42 0.0032771
chair 0 0 -10 325.81 3.47 430.72 46.20 0.0030519
table 0 0 -10 0.00 107.80 110.40 380.93 0.0030017
desk 0 0 -10 638.72 131.71 679.80 485.68 0.0029341
table 0 0 -10 601.27 198.38 681.00 491.86 0.0028572
bookshelf 0 0 -10 306.92 27.40 427.18 211.89 0.0026049
table 0 0 -10 372.70 53.31 559.47 225.99 0.0022851
chair 0 0 -10 663.37 138.67 681.00 500.09 0.0022186
chair 0 0 -10 329.10 49.71 393.53 218.99 0.0021301
chair 0 0 -10 437.07 47.95 495.97 210.86 0.0020813
chair 0 0 -10 18.44 402.00 370.29 527.06 0.0020559
desk 0 0 -10 423.39 67.27 579.46 309.22 0.0019436
chair 0 0 -10 475.34 106.52 680.88 316.19 0.0019228
chair 0 0 -10 0.95 56.60 41.45 421.91 0.0018115
sofa 0 0 -10 303.04 34.46 431.41 211.90 0.0017820
table 0 0 -10 215.57 237.52 559.25 526.14 0.0017631
chair 0 0 -10 291.00 52.71 331.80 211.46 0.0017417
desk 0 0 -10 47.54 104.54 286.28 205.74 0.0017200
table 0 0 -10 63.45 143.60 316.99 229.52 0.0017114
table 0 0 -10 305.90 34.84 433.61 165.66 0.0016905
chair 0 0 -10 332.78 110.35 420.18 239.18 0.0016508
table 0 0 -10 104.14 56.72 539.88 159.61 0.0016099
table 0 0 -10 2.42 314.38 299.85 509.50 0.0015391
desk 0 0 -10 305.37 198.74 668.52 531.00 0.0015175
desk 0 0 -10 173.73 82.97 397.64 335.74 0.0015097
desk 0 0 -10 14.80 92.09 318.04 283.92 0.0015011
chair 0 0 -10 647.48 27.53 678.09 313.10 0.0014962
chair 0 0 -10 249.28 48.31 309.30 222.48 0.0014914
desk 0 0 -10 440.49 228.95 680.96 475.01 0.0014861
