chair 0 0 -10 310.83 3.54 671.59 441.80 0.9950898
chair 0 0 -10 0.00 32.06 111.89 516.31 0.4216554
chair 0 0 -10 0.23 157.16 72.99 495.62 0.2174527
chair 0 0 -10 0.00 16.60 115.81 257.03 0.0715880
table 0 0 -10 306.69 137.73 670.88 499.07 0.0424829
table 0 0 -10 1.30 124.19 93.86 518.31 0.0415130
table 0 0 -10 15.36 4.35 342.15 200.94 0.0214696
chair 0 0 -10 511.91 0.00 676.61 391.49 0.0183688
table 0 0 -10 1.99 11.92 120.83 239.24 0.0160393
chair 0 0 -10 345.90 0.00 669.15 241.02 0.0153531
chair 0 0 -10 446.69 0.00 674.71 172.31 0.0142254
table 0 0 -10 58.04 154.58 630.84 525.30 0.0114667
table 0 0 -10 0.18 249.15 81.98 462.16 0.0112383
table 0 0 -10 2.15 108.86 83.65 259.12 0.0091392
table 0 0 -10 0.00 5.43 87.97 162.41 0.0076090
chair 0 0 -10 1.19 102.16 95.10 233.40 0.0074426
chair 0 0 -10 83.57 0.12 263.55 186.21 0.0072761
sofa 0 0 -10 2.77 108.14 94.21 237.49 0.0070190
desk 0 0 -10 2.42 108.84 92.11 517.69 0.0061686
chair 0 0 -10 1.06 44.61 63.34 281.98 0.0061629
table 0 0 -10 2.56 204.51 54.01 512.51 0.0061399
desk 0 0 -10 9.85 0.00 350.91 204.64 0.0058064
desk 0 0 -10 310.54 120.97 671.61 502.35 0.0056297
chair 0 0 -10 618.15 0.00 679.95 255.83 0.0054145
chair 0 0 -10 0.00 78.58 36.77 483.80 0.0050622
chair 0 0 -10 460.23 161.74 675.87 502.52 0.0043721
chair 0 0 -10 0.35 6.87 83.03 162.41 0.0041044
chair 0 0 -10 1.90 284.94 101.85 450.67 0.0038333
chair 0 0 -10 600.46 0.00 676.37 383.95 0.0037339
table 0 0 -10 92.55 1.52 288.15 153.36 0.0035520
chair 0 0 -10 2.72 126.50 123.09 275.25 0.0032474
chair 0 0 -10 17.84 70.83 127.29 221.61 0.0032080
chair 0 0 -10 2.66 0.00 151.58 172.69 0.0027060
table 0 0 -10 241.60 13.73 666.10 414.86 0.0026222
table 0 0 -10 0.00 34.16 100.41 371.92 0.0024666
chair 0 0 -10 310.26 0.00 540.06 294.50 0.0021180
table 0 0 -10 38.95 9.87 518.77 463.39 0.0020285
sofa 0 0 -10 1.42 60.19 108.85 514.34 0.0019884
desk 0 0 -10 0.71 246.59 81.89 462.48 0.0018680
table 0 0 -10 238.87 3.59 454.80 174.31 0.0018162
table 0 0 -10 26.25 4.46 223.96 159.61 0.0017997
chair 0 0 -10 344.90 0.00 599.34 153.98 0.0017527
desk 0 0 -10 1.23 1.80 107.65 179.83 0.0016988
chair 0 0 -10 85.03 169.33 637.72 530.11 0.0016479
chair 0 0 -10 640.27 0.00 678.16 371.39 0.0015859
table 0 0 -10 635.94 0.85 678.46 340.28 0.0015456
chair 0 0 -10 0.00 214.37 163.49 523.00 0.0015077
table 0 0 -10 9.22 1.52 359.05 103.94 0.0014869
sofa 0 0 -10 2.16 112.35 63.44 206.51 0.0013829
chair 0 0 -10 125.40 1.40 520.20 466.18 0.0013475
sofa 0 0 -10 317.70 73.41 673.57 491.20 0.0011257
table 0 0 -10 436.23 0.00 673.86 152.45 0.0011218
table 0 0 -10 2.19 237.73 25.08 516.67 0.0011032
chair 0 0 -10 37.53 15.17 285.29 270.46 0.0010666
desk 0 0 -10 3.08 196.34 51.66 506.11 0.0009903
chair 0 0 -10 91.08 0.00 247.23 90.37 0.0009442
toilet 0 0 -10 0.00 80.96 105.63 520.51 0.0009430
desk 0 0 -10 89.49 0.00 296.08 156.41 0.0009315
chair 0 0 -10 0.34 260.15 50.19 481.56 0.0008646
table 0 0 -10 0.17 0.00 43.36 181.20 0.0008555
desk 0 0 -10 54.90 152.64 648.72 531.00 0.0008190
table 0 0 -10 7.36 43.26 256.29 510.61 0.0007771
table 0 0 -10 533.59 88.28 681.00 409.49 0.0007472
desk 0 0 -10 267.33 2.94 680.00 349.05 0.0007400
chair 0 0 -10 1.93 93.60 55.77 212.61 0.0007017
bathtub 0 0 -10 9.70 179.61 105.88 489.41 0.0006960
chair 0 0 -10 0.00 142.94 153.10 378.23 0.0006875
table 0 0 -10 179.76 0.00 612.25 225.66 0.0006760
chair 0 0 -10 314.71 181.32 666.56 310.48 0.0006710
bookshelf 0 0 -10 1.23 0.00 108.08 505.16 0.0006521
table 0 0 -10 347.19 15.08 671.07 268.89 0.0006374
bed 0 0 -10 4.81 167.41 97.35 508.37 0.0006296
table 0 0 -10 318.47 3.46 435.07 89.61 0.0006015
table 0 0 -10 11.25 13.43 385.77 340.17 0.0005989
chair 0 0 -10 173.25 0.56 328.25 177.52 0.0005943
sofa 0 0 -10 1.19 171.96 74.69 503.75 0.0005647
dresser 0 0 -10 0.81 83.59 105.98 520.16 0.0005582
chair 0 0 -10 1.74 31.62 46.78 162.76 0.0005553
chair 0 0 -10 1.21 93.04 189.92 301.50 0.0005546
table 0 0 -10 649.04 18.57 679.04 252.76 0.0005543
table 0 0 -10 4.05 196.13 181.21 512.60 0.0005448
table 0 0 -10 0.03 306.31 59.53 420.42 0.0005339
table 0 0 -10 156.54 0.00 319.45 101.20 0.0004996
chair 0 0 -10 0.15 0.00 70.04 58.30 0.0004812
table 0 0 -10 593.83 58.45 676.72 527.65 0.0004801
dresser 0 0 -10 73.29 1.76 293.34 171.83 0.0004494
chair 0 0 -10 1.74 207.44 27.63 514.09 0.0004492
table 0 0 -10 298.68 2.12 478.62 126.89 0.0004418
table 0 0 -10 214.66 136.47 533.43 466.44 0.0004182
table 0 0 -10 1.27 119.11 61.75 205.38 0.0004162
toilet 0 0 -10 6.61 230.42 69.17 515.04 0.0004135
chair 0 0 -10 353.95 264.36 681.00 531.00 0.0004103
chair 0 0 -10 1.13 303.42 62.75 417.18 0.0004095
dresser 0 0 -10 6.35 225.02 70.07 512.01 0.0003876
bookshelf 0 0 -10 1.48 186.98 85.09 496.24 0.0003866
bed 0 0 -10 315.83 90.27 674.98 492.69 0.0003813
chair 0 0 -10 232.78 0.76 327.18 55.30 0.0003799
table 0 0 -10 0.06 3.86 81.70 89.87 0.0003797
night_stand 0 0 -10 5.07 197.02 97.18 505.25 0.0003674
table 0 0 -10 664.94 20.95 679.68 343.39 0.0003654
