chair 0 0 -10 379.17 147.52 651.66 449.09 0.9889346
chair 0 0 -10 134.57 176.40 474.63 519.90 0.9874981
chair 0 0 -10 568.81 130.21 678.37 323.03 0.9053555
chair 0 0 -10 625.28 132.87 679.72 300.15 0.3035299
chair 0 0 -10 485.19 135.62 667.52 400.20 0.2458940
table 0 0 -10 556.05 145.38 680.15 365.05 0.0671366
chair 0 0 -10 307.59 168.47 542.61 458.77 0.0645172
chair 0 0 -10 421.13 169.38 535.11 384.95 0.0608573
desk 0 0 -10 0.00 148.23 550.00 513.08 0.0504645
table 0 0 -10 0.00 148.97 557.55 502.22 0.0502043
desk 0 0 -10 561.77 141.92 679.22 365.69 0.0248243
table 0 0 -10 15.59 246.59 405.98 520.91 0.0244067
chair 0 0 -10 594.91 121.19 679.00 466.84 0.0164889
chair 0 0 -10 659.44 103.21 680.80 297.68 0.0107648
table 0 0 -10 437.03 152.19 672.27 354.73 0.0106047
table 0 0 -10 356.31 180.79 556.39 390.09 0.0097113
table 0 0 -10 237.79 122.14 665.36 439.83 0.0093845
chair 0 0 -10 435.35 156.46 618.31 350.88 0.0082065
chair 0 0 -10 640.94 137.45 679.83 238.58 0.0078957
chair 0 0 -10 667.60 122.66 679.43 285.55 0.0062160
desk 0 0 -10 69.34 235.60 415.40 519.51 0.0056372
table 0 0 -10 106.62 203.00 468.54 474.15 0.0054528
table 0 0 -10 0.00 11.29 681.00 325.49 0.0050188
desk 0 0 -10 249.83 117.98 669.76 449.76 0.0044327
sofa 0 0 -10 57.61 193.63 489.70 519.83 0.0039134
chair 0 0 -10 646.72 112.77 680.85 383.64 0.0036197
chair 0 0 -10 17.36 284.32 408.19 526.46 0.0035924
bed 0 0 -10 22.36 166.30 471.40 521.94 0.0034698
desk 0 0 -10 415.48 176.48 671.02 399.53 0.0033210
table 0 0 -10 595.73 154.98 677.47 488.83 0.0033153
desk 0 0 -10 0.00 9.94 681.00 328.00 0.0027748
table 0 0 -10 572.95 176.69 680.06 302.52 0.0022100
chair 0 0 -10 633.14 150.99 679.29 480.02 0.0021983
chair 0 0 -10 444.43 198.21 661.54 312.64 0.0019880
sofa 0 0 -10 10.82 299.98 342.88 529.30 0.0019419
chair 0 0 -10 673.36 122.62 680.95 283.43 0.0018849
chair 0 0 -10 552.58 194.92 679.63 386.33 0.0016084
bathtub 0 0 -10 18.29 174.24 455.40 505.64 0.0015169
chair 0 0 -10 677.11 95.44 681.00 274.77 0.0014497
table 0 0 -10 605.32 132.85 678.08 285.20 0.0013252
bathtub 0 0 -10 14.03 0.19 681.00 298.16 0.0012549
bookshelf 0 0 -10 31.68 51.28 495.82 490.34 0.0012314
toilet 0 0 -10 106.80 173.23 425.82 499.88 0.0012273
table 0 0 -10 644.15 195.47 679.23 511.95 0.0012266
table 0 0 -10 418.75 208.95 672.76 471.03 0.0011419
desk 0 0 -10 344.79 168.93 569.11 393.94 0.0010575
chair 0 0 -10 0.00 229.94 52.17 492.29 0.0010409
sofa 0 0 -10 577.90 137.98 679.90 322.48 0.0010256
chair 0 0 -10 664.26 105.88 680.78 441.78 0.0010001
chair 0 0 -10 680.59 116.90 680.98 276.17 0.0009941
bookshelf 0 0 -10 32.85 0.00 673.62 334.81 0.0009883
chair 0 0 -10 680.14 102.25 680.97 272.50 0.0009867
dresser 0 0 -10 55.99 208.52 489.46 520.27 0.0009742
chair 0 0 -10 223.09 149.26 473.85 418.70 0.0009714
chair 0 0 -10 527.58 71.67 680.77 299.57 0.0009558
desk 0 0 -10 157.77 182.99 497.58 458.82 0.0009194
sofa 0 0 -10 330.07 139.52 672.75 412.08 0.0009182
chair 0 0 -10 646.12 185.48 680.49 285.26 0.0008803
chair 0 0 -10 680.78 117.50 680.99 269.01 0.0008087
chair 0 0 -10 625.38 130.60 677.62 201.72 0.0007396
bed 0 0 -10 0.00 5.81 681.00 238.13 0.0007239
chair 0 0 -10 245.09 176.80 377.99 393.04 0.0006913
sofa 0 0 -10 15.98 9.00 681.00 229.89 0.0006674
table 0 0 -10 501.56 223.25 680.65 321.53 0.0006006
chair 0 0 -10 154.18 21.21 588.85 365.82 0.0005650
chair 0 0 -10 242.22 263.13 356.43 481.25 0.0005141
chair 0 0 -10 678.99 129.30 680.97 278.17 0.0005133
desk 0 0 -10 597.56 149.97 676.78 493.69 0.0004858
table 0 0 -10 188.63 287.32 395.95 530.64 0.0004678
chair 0 0 -10 645.01 243.37 680.90 437.50 0.0004675
chair 0 0 -10 173.57 210.57 412.02 324.63 0.0004669
table 0 0 -10 604.13 243.87 678.68 302.97 0.0004616
table 0 0 -10 12.35 2.74 666.44 152.27 0.0004156
night_stand 0 0 -10 60.58 213.53 489.62 525.64 0.0004142
table 0 0 -10 234.23 300.78 334.76 482.10 0.0004070
bookshelf 0 0 -10 582.45 138.77 677.94 321.91 0.0003908
chair 0 0 -10 680.98 136.94 681.00 268.97 0.0003888
table 0 0 -10 291.71 147.76 615.45 347.99 0.0003844
chair 0 0 -10 40.72 12.34 379.07 456.94 0.0003815
chair 0 0 -10 639.47 250.37 680.58 324.20 0.0003738
table 0 0 -10 449.63 195.10 662.03 292.57 0.0003604
chair 0 0 -10 613.80 261.11 679.00 516.07 0.0003593
chair 0 0 -10 571.14 114.97 679.21 232.90 0.0003394
chair 0 0 -10 284.51 225.41 477.30 523.93 0.0003342
chair 0 0 -10 202.74 252.17 409.79 524.58 0.0003280
toilet 0 0 -10 583.37 142.88 678.84 325.63 0.0003243
bed 0 0 -10 578.35 135.82 678.57 324.93 0.0003241
chair 0 0 -10 583.88 199.54 676.56 306.31 0.0003149
dresser 0 0 -10 580.16 145.04 678.67 323.00 0.0003079
chair 0 0 -10 666.22 106.43 681.00 220.09 0.0003004
table 0 0 -10 427.96 197.26 524.96 402.51 0.0003000
desk 0 0 -10 409.06 183.99 518.98 411.23 0.0002986
night_stand 0 0 -10 580.04 149.04 679.92 323.71 0.0002984
table 0 0 -10 638.37 250.58 679.69 323.84 0.0002785
table 0 0 -10 644.05 153.88 679.94 288.18 0.0002636
table 0 0 -10 665.09 142.07 680.37 467.99 0.0002636
sofa 0 0 -10 13.33 64.71 558.51 465.05 0.0002592
chair 0 0 -10 368.08 184.36 570.74 354.70 0.0002514
chair 0 0 -10 327.67 56.50 557.77 384.52 0.0002392
bed 0 0 -10 4.85 298.24 353.63 523.74 0.0002368
