table 0 0 -10 42.43 191.71 290.44 430.60 0.6166117
table 0 0 -10 3.45 329.41 641.22 529.23 0.5778393
chair 0 0 -10 277.97 242.42 653.65 530.08 0.4544360
sofa 0 0 -10 255.06 256.37 674.82 515.31 0.2469092
chair 0 0 -10 3.96 158.24 116.04 400.61 0.1302038
table 0 0 -10 3.55 154.45 151.41 401.58 0.0591757
table 0 0 -10 215.83 228.76 636.44 515.33 0.0321581
table 0 0 -10 7.45 201.19 201.72 462.55 0.0298827
table 0 0 -10 13.62 252.01 367.82 499.23 0.0252271
table 0 0 -10 8.41 164.74 514.59 480.42 0.0203264
desk 0 0 -10 75.75 290.73 663.25 531.00 0.0165937
bed 0 0 -10 1.59 180.82 72.65 323.20 0.0123584
chair 0 0 -10 2.57 185.29 52.08 347.73 0.0106582
table 0 0 -10 8.62 353.43 316.69 531.00 0.0105316
chair 0 0 -10 284.16 234.26 535.86 445.01 0.0085883
bed 0 0 -10 0.00 105.45 96.92 360.78 0.0078425
bed 0 0 -10 241.40 254.51 681.00 530.22 0.0069922
table 0 0 -10 7.85 195.11 103.02 434.97 0.0063014
table 0 0 -10 0.69 241.80 135.17 513.75 0.0050964
sofa 0 0 -10 443.78 268.14 674.63 437.27 0.0049875
chair 0 0 -10 8.92 112.23 63.04 389.92 0.0044431
night_stand 0 0 -10 47.96 192.94 288.83 429.73 0.0038744
desk 0 0 -10 36.03 207.24 296.18 425.56 0.0029582
chair 0 0 -10 16.45 258.92 341.15 513.23 0.0022301
chair 0 0 -10 36.91 137.20 283.19 402.41 0.0019912
chair 0 0 -10 274.52 305.17 681.00 413.28 0.0018055
table 0 0 -10 82.61 72.53 644.85 518.67 0.0016779
sofa 0 0 -10 273.77 303.37 681.00 417.29 0.0015991
desk 0 0 -10 3.61 172.32 132.31 394.79 0.0014571
sofa 0 0 -10 246.87 40.79 681.00 461.69 0.0013976
table 0 0 -10 19.57 315.75 276.28 433.61 0.0013742
table 0 0 -10 534.89 295.17 677.82 459.31 0.0013684
table 0 0 -10 48.73 262.54 281.03 378.04 0.0013090
table 0 0 -10 453.15 271.37 673.29 432.23 0.0012879
table 0 0 -10 256.17 364.83 609.11 531.00 0.0011811
chair 0 0 -10 494.23 263.08 673.09 529.08 0.0011380
table 0 0 -10 629.52 283.36 678.88 512.58 0.0010675
table 0 0 -10 2.55 302.29 60.98 526.81 0.0010317
table 0 0 -10 273.95 2.60 668.38 106.55 0.0010097
table 0 0 -10 2.34 354.41 148.94 461.73 0.0009675
desk 0 0 -10 0.73 323.56 402.03 529.46 0.0009547
table 0 0 -10 14.81 122.38 285.83 352.16 0.0008898
bookshelf 0 0 -10 243.50 265.22 669.96 512.73 0.0008151
chair 0 0 -10 4.57 252.51 130.65 466.32 0.0008009
table 0 0 -10 278.49 282.24 590.09 412.15 0.0007939
chair 0 0 -10 24.88 355.52 553.68 525.14 0.0007577
chair 0 0 -10 29.63 195.20 78.94 394.82 0.0007346
chair 0 0 -10 3.27 219.87 59.52 501.12 0.0007119
table 0 0 -10 0.00 120.73 96.93 349.25 0.0006333
table 0 0 -10 0.76 177.95 73.30 388.06 0.0005736
sofa 0 0 -10 1.84 181.74 75.93 326.12 0.0005669
chair 0 0 -10 596.28 275.45 676.58 464.39 0.0005255
table 0 0 -10 32.71 201.28 78.08 403.11 0.0005221
chair 0 0 -10 254.68 61.27 681.00 473.24 0.0004951
toilet 0 0 -10 239.05 273.01 667.21 519.07 0.0004833
bed 0 0 -10 235.30 33.40 681.00 466.08 0.0004785
chair 0 0 -10 0.00 46.22 182.92 388.76 0.0004779
chair 0 0 -10 1.81 263.34 51.34 309.16 0.0004729
dresser 0 0 -10 249.79 292.64 672.81 527.15 0.0004637
table 0 0 -10 598.53 272.29 677.80 441.02 0.0004432
chair 0 0 -10 16.12 216.02 235.46 426.21 0.0004283
sofa 0 0 -10 315.66 4.22 674.03 82.85 0.0004129
chair 0 0 -10 630.21 275.08 679.36 506.64 0.0004068
bed 0 0 -10 0.00 372.66 635.90 531.00 0.0004024
table 0 0 -10 0.00 355.11 345.98 444.78 0.0003992
desk 0 0 -10 1.20 236.53 131.29 514.66 0.0003923
sofa 0 0 -10 516.79 264.24 673.36 531.00 0.0003819
desk 0 0 -10 5.81 97.01 666.99 523.01 0.0003728
bathtub 0 0 -10 252.56 311.70 671.39 525.36 0.0003707
bed 0 0 -10 285.56 1.59 681.00 73.95 0.0003208
sofa 0 0 -10 0.73 104.85 96.02 351.25 0.0003142
table 0 0 -10 0.44 187.16 55.60 317.95 0.0003059
dresser 0 0 -10 43.49 207.10 285.66 424.83 0.0003000
night_stand 0 0 -10 239.86 281.29 674.75 521.18 0.0002968
bed 0 0 -10 1.96 32.54 83.78 273.90 0.0002903
table 0 0 -10 0.99 22.77 177.02 304.21 0.0002876
sofa 0 0 -10 15.25 166.25 119.89 395.15 0.0002772
chair 0 0 -10 1.57 256.79 67.08 375.25 0.0002660
chair 0 0 -10 529.07 151.45 678.67 483.20 0.0002573
night_stand 0 0 -10 10.31 178.55 108.86 398.06 0.0002561
table 0 0 -10 4.97 229.00 49.90 477.61 0.0002506
desk 0 0 -10 13.00 169.73 371.41 487.58 0.0002459
table 0 0 -10 513.53 326.75 675.83 531.00 0.0002435
sofa 0 0 -10 14.94 21.42 466.40 431.85 0.0002350
table 0 0 -10 180.96 172.90 282.66 398.93 0.0002311
table 0 0 -10 4.00 284.49 176.28 425.20 0.0002216
sofa 0 0 -10 19.68 126.29 296.50 451.84 0.0002198
bed 0 0 -10 527.15 285.30 681.00 458.16 0.0002112
chair 0 0 -10 138.76 219.49 501.04 486.88 0.0002063
chair 0 0 -10 94.51 102.35 587.01 523.73 0.0002024
chair 0 0 -10 6.20 171.51 28.35 385.27 0.0001999
chair 0 0 -10 594.04 81.04 680.41 490.79 0.0001951
table 0 0 -10 181.68 234.36 541.83 422.77 0.0001803
night_stand 0 0 -10 4.85 218.67 138.16 462.93 0.0001790
table 0 0 -10 655.73 263.45 680.23 509.39 0.0001780
table 0 0 -10 124.40 171.16 274.38 341.34 0.0001753
sofa 0 0 -10 4.15 347.24 666.83 531.00 0.0001751
table 0 0 -10 104.48 137.02 419.94 399.79 0.0001731
sofa 0 0 -10 563.47 278.37 677.02 464.68 0.0001612
bed 0 0 -10 629.25 283.04 680.43 513.89 0.0001589
