chair 0 0 -10 411.89 139.67 662.50 435.48 0.9968657
chair 0 0 -10 118.13 171.52 378.81 501.06 0.9960850
chair 0 0 -10 1.45 149.99 196.24 436.58 0.9856904
chair 0 0 -10 487.32 83.07 638.41 253.14 0.9789768
chair 0 0 -10 489.63 100.85 655.27 368.38 0.9744887
chair 0 0 -10 406.95 87.88 516.69 267.05 0.9620077
table 0 0 -10 199.79 141.59 532.99 412.86 0.9581584
chair 0 0 -10 563.74 118.08 678.79 364.26 0.9581506
table 0 0 -10 320.54 124.71 620.57 359.29 0.6050992
chair 0 0 -10 434.36 78.08 554.04 229.37 0.2711346
table 0 0 -10 359.55 131.77 533.83 317.89 0.1386778
chair 0 0 -10 620.18 110.12 677.62 354.66 0.1340860
chair 0 0 -10 446.47 69.84 505.69 239.44 0.1295684
chair 0 0 -10 438.23 78.50 512.86 133.14 0.1087595
table 0 0 -10 402.05 110.14 632.72 289.78 0.0744976
chair 0 0 -10 397.30 101.99 562.01 315.95 0.0503916
chair 0 0 -10 159.32 149.67 361.86 393.34 0.0445067
chair 0 0 -10 351.88 97.72 498.74 289.51 0.0406732
table 0 0 -10 114.45 146.50 613.95 509.99 0.0398618
chair 0 0 -10 473.84 83.12 524.99 233.43 0.0341991
desk 0 0 -10 139.98 130.38 613.40 494.44 0.0295111
table 0 0 -10 0.00 198.84 224.22 465.94 0.0227827
table 0 0 -10 201.06 141.23 400.47 362.43 0.0210084
chair 0 0 -10 485.75 75.78 570.51 207.95 0.0200551
desk 0 0 -10 204.87 139.08 495.79 404.29 0.0193573
table 0 0 -10 328.25 127.08 452.94 331.67 0.0172316
chair 0 0 -10 513.44 75.98 606.00 209.07 0.0169115
chair 0 0 -10 385.08 71.79 506.81 208.61 0.0160372
chair 0 0 -10 526.34 77.93 638.41 153.09 0.0146679
table 0 0 -10 246.21 122.48 587.34 262.92 0.0144503
table 0 0 -10 46.41 188.58 347.19 510.78 0.0109047
chair 0 0 -10 441.91 87.89 479.89 223.46 0.0106838
chair 0 0 -10 86.82 140.83 226.36 393.61 0.0105980
desk 0 0 -10 358.97 108.48 633.84 309.35 0.0103892
chair 0 0 -10 175.61 1.13 309.45 79.84 0.0101407
chair 0 0 -10 1.62 134.01 89.69 452.40 0.0095838
table 0 0 -10 132.61 159.58 415.18 434.79 0.0093426
chair 0 0 -10 379.73 36.22 545.35 255.03 0.0083222
chair 0 0 -10 320.26 112.89 416.45 295.12 0.0081538
table 0 0 -10 533.70 138.52 678.75 416.28 0.0072885
table 0 0 -10 348.41 107.12 540.48 234.08 0.0069277
desk 0 0 -10 323.97 119.53 514.13 340.15 0.0055416
table 0 0 -10 279.49 155.28 454.58 401.56 0.0052808
chair 0 0 -10 416.56 74.94 504.97 166.42 0.0052296
chair 0 0 -10 647.12 106.43 680.44 327.24 0.0049899
table 0 0 -10 293.63 140.66 408.96 336.81 0.0044187
table 0 0 -10 396.61 131.47 667.07 445.81 0.0043372
chair 0 0 -10 378.66 100.46 463.80 255.91 0.0042764
chair 0 0 -10 0.14 147.52 52.10 394.18 0.0037259
desk 0 0 -10 402.12 110.62 549.07 280.14 0.0032505
chair 0 0 -10 134.99 126.38 297.65 291.11 0.0030615
table 0 0 -10 175.46 1.29 308.59 80.86 0.0030386
table 0 0 -10 154.91 293.70 371.83 521.38 0.0029857
desk 0 0 -10 335.11 147.97 662.20 459.99 0.0029419
chair 0 0 -10 418.47 83.18 467.91 233.52 0.0028341
chair 0 0 -10 229.84 148.92 412.54 407.63 0.0028240
table 0 0 -10 217.07 117.78 443.92 289.33 0.0027607
table 0 0 -10 316.67 118.50 404.22 277.72 0.0027515
desk 0 0 -10 539.01 130.22 676.75 416.83 0.0027247
table 0 0 -10 0.00 122.01 173.57 370.28 0.0026146
chair 0 0 -10 432.50 5.08 528.65 139.42 0.0025961
chair 0 0 -10 354.44 76.76 624.52 215.75 0.0022339
table 0 0 -10 621.78 140.23 677.57 429.49 0.0021989
table 0 0 -10 407.93 92.89 565.08 202.84 0.0021277
table 0 0 -10 286.82 86.15 632.54 217.85 0.0020605
chair 0 0 -10 373.21 0.00 437.50 60.69 0.0019939
table 0 0 -10 436.67 79.33 513.00 132.22 0.0017708
chair 0 0 -10 297.70 110.60 466.20 322.72 0.0017507
bookshelf 0 0 -10 171.16 0.00 301.29 83.51 0.0016306
desk 0 0 -10 0.39 192.32 215.30 470.01 0.0015036
table 0 0 -10 462.07 89.55 641.38 218.73 0.0014754
table 0 0 -10 3.16 78.03 349.76 388.09 0.0013992
desk 0 0 -10 454.90 95.93 630.66 265.52 0.0012672
table 0 0 -10 309.26 15.37 533.24 200.64 0.0012158
chair 0 0 -10 289.71 124.27 399.54 357.79 0.0011762
chair 0 0 -10 486.95 62.12 597.79 153.15 0.0011714
table 0 0 -10 640.22 114.01 679.62 354.22 0.0011362
table 0 0 -10 14.28 255.80 117.95 467.21 0.0011152
chair 0 0 -10 663.33 55.51 681.00 247.41 0.0011122
desk 0 0 -10 263.73 137.76 422.18 380.48 0.0011004
desk 0 0 -10 132.51 161.73 411.53 447.15 0.0010637
chair 0 0 -10 408.48 109.09 520.76 182.44 0.0010321
table 0 0 -10 317.98 108.69 474.00 214.03 0.0010196
table 0 0 -10 1.65 137.93 88.38 459.80 0.0009822
chair 0 0 -10 462.43 0.00 558.02 61.95 0.0009798
table 0 0 -10 650.56 194.06 677.98 357.35 0.0009429
table 0 0 -10 113.71 148.56 335.74 365.06 0.0009410
sofa 0 0 -10 478.69 78.13 638.43 249.28 0.0009346
desk 0 0 -10 45.78 184.36 343.64 512.88 0.0008723
table 0 0 -10 425.39 70.78 524.04 169.75 0.0008511
chair 0 0 -10 634.86 31.40 675.76 246.35 0.0008354
chair 0 0 -10 608.72 171.22 666.78 371.64 0.0008218
table 0 0 -10 402.59 95.56 526.07 138.70 0.0007974
sofa 0 0 -10 99.03 165.28 426.83 504.19 0.0007973
table 0 0 -10 407.38 163.01 507.14 263.31 0.0007959
chair 0 0 -10 242.32 153.79 546.30 465.98 0.0007902
desk 0 0 -10 346.57 78.88 537.73 250.18 0.0007696
chair 0 0 -10 420.08 0.95 496.28 73.44 0.0007073
table 0 0 -10 0.00 1.82 563.10 102.53 0.0007017
chair 0 0 -10 498.38 90.45 570.88 165.74 0.0006825
