table 0 0 -10 90.72 212.35 372.38 517.50 0.6961278
table 0 0 -10 146.74 34.61 668.78 489.54 0.3849471
chair 0 0 -10 89.22 113.53 396.40 515.38 0.2745944
chair 0 0 -10 237.65 17.09 670.01 484.35 0.2284206
sofa 0 0 -10 196.91 10.15 666.73 456.79 0.1091284
chair 0 0 -10 444.12 26.26 675.03 462.81 0.0802501
desk 0 0 -10 140.99 87.12 641.88 531.00 0.0621460
bed 0 0 -10 198.83 0.00 658.19 352.71 0.0598347
chair 0 0 -10 615.92 76.31 681.00 496.74 0.0488713
chair 0 0 -10 543.98 63.47 681.00 398.65 0.0246223
table 0 0 -10 268.20 195.12 666.58 523.30 0.0231612
table 0 0 -10 196.74 12.27 652.28 297.68 0.0201284
table 0 0 -10 177.30 196.45 529.74 468.63 0.0155919
table 0 0 -10 29.72 232.25 264.60 527.74 0.0118628
table 0 0 -10 450.09 254.06 670.22 516.49 0.0095207
chair 0 0 -10 609.46 260.70 678.93 446.08 0.0093404
table 0 0 -10 104.00 220.53 280.30 397.55 0.0089174
chair 0 0 -10 504.79 163.67 681.00 502.35 0.0083822
chair 0 0 -10 577.51 214.61 680.02 517.40 0.0076379
chair 0 0 -10 209.82 0.00 645.03 251.82 0.0075458
chair 0 0 -10 242.84 71.58 433.32 302.93 0.0058760
desk 0 0 -10 97.05 204.12 376.50 526.07 0.0054626
chair 0 0 -10 17.32 224.38 263.46 525.00 0.0051214
chair 0 0 -10 632.43 204.69 677.39 510.03 0.0050356
bed 0 0 -10 189.32 3.16 630.36 183.88 0.0049601
table 0 0 -10 196.27 35.97 478.06 393.33 0.0047542
sofa 0 0 -10 216.75 4.78 637.95 119.06 0.0046851
chair 0 0 -10 647.29 70.54 679.77 481.59 0.0041425
chair 0 0 -10 180.45 38.55 450.85 426.15 0.0039330
chair 0 0 -10 589.97 136.10 679.45 344.35 0.0038714
chair 0 0 -10 634.37 306.68 679.55 469.49 0.0036832
table 0 0 -10 408.17 29.52 674.26 452.37 0.0032854
chair 0 0 -10 244.76 35.80 545.38 357.51 0.0032585
sofa 0 0 -10 419.65 16.44 678.11 437.40 0.0028626
night_stand 0 0 -10 98.82 204.67 371.15 508.90 0.0027716
table 0 0 -10 642.51 324.37 679.01 518.80 0.0026911
table 0 0 -10 231.57 78.71 435.87 312.32 0.0025997
chair 0 0 -10 358.04 185.08 675.42 517.73 0.0024390
chair 0 0 -10 2.19 305.42 193.96 531.00 0.0022045
chair 0 0 -10 547.22 297.27 677.34 459.29 0.0021786
table 0 0 -10 609.33 309.34 677.68 531.00 0.0020674
table 0 0 -10 1.61 276.36 160.41 517.10 0.0019558
chair 0 0 -10 642.51 123.78 680.34 302.62 0.0019548
table 0 0 -10 660.28 163.69 680.40 303.41 0.0019197
sofa 0 0 -10 72.53 75.76 427.21 499.36 0.0018083
dresser 0 0 -10 179.05 2.39 673.76 449.10 0.0015995
sofa 0 0 -10 646.30 124.64 679.24 510.78 0.0015291
table 0 0 -10 663.06 341.25 680.23 526.22 0.0015283
chair 0 0 -10 64.29 82.74 240.93 378.30 0.0015198
bookshelf 0 0 -10 192.72 0.00 663.52 442.43 0.0014602
sofa 0 0 -10 658.94 132.67 680.07 299.35 0.0014217
desk 0 0 -10 209.06 33.45 590.62 389.11 0.0014130
table 0 0 -10 142.16 94.29 397.44 447.72 0.0013878
table 0 0 -10 546.61 67.98 679.94 383.90 0.0013366
chair 0 0 -10 41.52 257.02 500.47 529.41 0.0012922
sofa 0 0 -10 576.74 23.93 678.04 410.58 0.0012546
chair 0 0 -10 649.90 405.24 680.47 496.53 0.0011879
chair 0 0 -10 659.70 152.61 681.00 297.72 0.0011130
desk 0 0 -10 369.36 67.07 675.17 473.64 0.0010070
bed 0 0 -10 400.25 0.17 678.38 410.28 0.0009906
chair 0 0 -10 657.87 304.28 680.79 502.58 0.0009528
table 0 0 -10 646.19 138.53 679.53 518.09 0.0009274
sofa 0 0 -10 193.85 26.88 468.70 379.15 0.0009164
sofa 0 0 -10 624.28 21.05 678.61 481.75 0.0009056
sofa 0 0 -10 210.54 4.87 646.52 233.40 0.0008712
table 0 0 -10 204.50 218.76 377.94 428.27 0.0008437
table 0 0 -10 549.40 282.77 672.20 522.21 0.0008147
chair 0 0 -10 102.91 202.23 270.31 388.97 0.0007667
sofa 0 0 -10 627.11 232.06 677.72 513.19 0.0007651
table 0 0 -10 615.60 106.66 678.52 502.87 0.0007490
night_stand 0 0 -10 174.19 7.67 647.84 478.14 0.0007435
chair 0 0 -10 632.47 386.32 680.02 501.41 0.0007404
chair 0 0 -10 0.00 203.64 154.06 473.49 0.0007262
table 0 0 -10 0.23 317.92 117.44 464.23 0.0007248
table 0 0 -10 624.11 325.19 677.69 461.38 0.0007085
desk 0 0 -10 231.43 71.76 432.65 314.04 0.0007077
table 0 0 -10 651.94 179.18 679.39 231.22 0.0006997
sofa 0 0 -10 92.29 221.32 366.69 531.00 0.0006916
chair 0 0 -10 648.75 259.90 679.50 443.05 0.0006832
table 0 0 -10 656.91 421.72 679.26 503.07 0.0006830
chair 0 0 -10 541.09 4.10 681.00 263.28 0.0006825
bathtub 0 0 -10 159.79 6.33 681.00 392.54 0.0006464
table 0 0 -10 642.99 135.08 679.18 304.49 0.0006388
chair 0 0 -10 46.37 5.13 321.70 455.82 0.0006307
sofa 0 0 -10 643.99 159.42 679.31 262.10 0.0005946
table 0 0 -10 88.34 222.11 203.51 418.46 0.0005930
chair 0 0 -10 584.31 319.19 678.68 426.81 0.0005593
chair 0 0 -10 662.51 41.03 680.87 501.95 0.0005582
table 0 0 -10 214.22 8.08 630.18 119.11 0.0005336
desk 0 0 -10 456.41 249.54 675.11 525.97 0.0005299
bed 0 0 -10 74.83 75.83 430.40 512.38 0.0005285
bed 0 0 -10 658.05 135.16 680.48 303.50 0.0005127
dresser 0 0 -10 563.39 8.23 679.01 425.57 0.0004660
sofa 0 0 -10 641.90 309.57 678.68 477.07 0.0004625
bed 0 0 -10 215.59 29.00 603.41 125.88 0.0004547
chair 0 0 -10 208.15 14.94 352.26 300.14 0.0004547
chair 0 0 -10 615.11 91.05 679.69 294.58 0.0004486
table 0 0 -10 630.21 48.45 676.58 400.88 0.0004327
chair 0 0 -10 592.37 334.70 680.68 531.00 0.0004244
table 0 0 -10 246.27 251.30 410.41 526.34 0.0004065
