bed 0 0 -10 151.26 69.95 681.00 523.96 0.7121809
bed 0 0 -10 0.00 88.44 228.22 285.46 0.5572295
table 0 0 -10 175.96 76.15 667.79 521.49 0.2990236
sofa 0 0 -10 4.69 88.47 227.18 294.17 0.0619829
desk 0 0 -10 172.75 72.06 681.00 529.08 0.0463805
table 0 0 -10 4.54 130.68 225.82 361.91 0.0372313
sofa 0 0 -10 157.55 152.22 674.01 531.00 0.0363534
chair 0 0 -10 178.00 118.08 667.16 529.12 0.0310128
table 0 0 -10 207.75 19.63 681.00 305.06 0.0270713
table 0 0 -10 223.37 11.77 681.00 167.79 0.0234929
dresser 0 0 -10 162.22 100.77 681.00 530.32 0.0066504
bookshelf 0 0 -10 191.78 21.73 671.33 504.96 0.0063250
bed 0 0 -10 203.53 14.78 681.00 306.71 0.0058656
bathtub 0 0 -10 197.96 92.62 669.55 504.84 0.0056911
desk 0 0 -10 1.07 119.50 231.52 375.08 0.0048582
table 0 0 -10 163.46 151.85 519.31 473.46 0.0044148
chair 0 0 -10 8.93 81.82 230.79 302.19 0.0034273
night_stand 0 0 -10 174.91 117.83 671.39 519.87 0.0029339
dresser 0 0 -10 0.10 92.97 223.68 298.32 0.0029247
table 0 0 -10 2.94 113.71 271.46 495.86 0.0024861
toilet 0 0 -10 171.74 104.82 661.14 522.29 0.0024533
night_stand 0 0 -10 12.66 112.14 232.79 312.70 0.0024374
bed 0 0 -10 22.04 81.86 451.46 508.26 0.0021598
desk 0 0 -10 210.65 16.24 681.00 311.81 0.0021556
table 0 0 -10 0.14 35.79 235.69 299.13 0.0021517
bed 0 0 -10 0.00 44.70 169.55 424.59 0.0018388
table 0 0 -10 295.26 5.26 639.36 115.77 0.0012638
bed 0 0 -10 214.12 11.09 681.00 165.72 0.0012576
bathtub 0 0 -10 241.58 4.22 681.00 289.05 0.0012139
chair 0 0 -10 379.58 4.82 521.19 160.87 0.0012012
table 0 0 -10 24.73 203.80 244.24 323.84 0.0011470
desk 0 0 -10 220.74 11.21 681.00 168.08 0.0009946
bookshelf 0 0 -10 1.54 0.00 226.64 290.01 0.0008389
chair 0 0 -10 1.97 133.68 61.27 410.57 0.0007548
table 0 0 -10 1.79 2.80 176.49 91.99 0.0007502
chair 0 0 -10 0.00 204.77 79.52 361.38 0.0007291
bathtub 0 0 -10 255.61 257.04 662.59 531.00 0.0006694
table 0 0 -10 1.09 224.83 55.74 363.99 0.0006275
bathtub 0 0 -10 217.33 6.52 681.00 146.59 0.0006230
table 0 0 -10 0.00 9.11 209.85 167.17 0.0006140
table 0 0 -10 119.99 133.07 388.28 422.28 0.0005996
chair 0 0 -10 7.04 87.15 372.23 498.56 0.0005842
sofa 0 0 -10 206.89 18.83 668.92 318.18 0.0005665
bed 0 0 -10 15.24 0.00 369.65 316.95 0.0005462
bookshelf 0 0 -10 239.86 3.29 677.80 165.90 0.0005391
chair 0 0 -10 324.88 9.13 564.88 293.26 0.0004900
table 0 0 -10 0.43 51.59 171.76 442.07 0.0004758
chair 0 0 -10 65.13 239.22 558.21 531.00 0.0004469
bed 0 0 -10 0.00 15.24 195.13 188.32 0.0003791
chair 0 0 -10 327.77 5.99 647.69 159.08 0.0003715
bathtub 0 0 -10 0.00 97.22 228.14 323.24 0.0003529
sofa 0 0 -10 6.36 13.57 206.46 169.22 0.0003378
table 0 0 -10 2.41 205.65 165.92 364.34 0.0003227
bed 0 0 -10 245.37 2.41 678.46 88.43 0.0003225
sofa 0 0 -10 24.05 87.60 453.60 512.39 0.0003221
sofa 0 0 -10 296.23 9.42 665.58 132.83 0.0003071
table 0 0 -10 4.53 109.36 218.30 252.45 0.0002940
chair 0 0 -10 2.30 0.00 175.96 95.35 0.0002827
table 0 0 -10 169.58 188.30 254.62 307.96 0.0002824
table 0 0 -10 0.00 131.62 73.23 387.69 0.0002781
desk 0 0 -10 0.00 59.73 218.27 280.44 0.0002751
table 0 0 -10 0.00 253.36 24.32 326.38 0.0002666
table 0 0 -10 0.49 256.30 109.55 369.85 0.0002620
sofa 0 0 -10 19.55 8.36 366.03 302.61 0.0002514
bookshelf 0 0 -10 275.46 0.00 650.08 324.64 0.0002485
table 0 0 -10 173.43 100.74 272.33 216.08 0.0002459
table 0 0 -10 194.80 143.42 270.83 205.82 0.0002371
toilet 0 0 -10 0.75 93.27 238.14 419.09 0.0002314
table 0 0 -10 292.99 219.05 628.03 531.00 0.0002267
chair 0 0 -10 405.54 0.43 559.22 214.13 0.0002262
dresser 0 0 -10 235.52 13.68 681.00 306.77 0.0002221
table 0 0 -10 37.55 6.36 405.82 301.78 0.0002183
chair 0 0 -10 353.81 29.13 659.74 415.93 0.0002033
bed 0 0 -10 439.47 116.80 681.00 440.29 0.0001903
chair 0 0 -10 0.71 234.51 56.71 334.76 0.0001757
sofa 0 0 -10 6.13 3.94 181.44 96.64 0.0001697
chair 0 0 -10 2.75 154.51 233.21 398.78 0.0001573
chair 0 0 -10 162.56 168.55 479.31 468.85 0.0001541
table 0 0 -10 13.07 189.20 409.25 531.00 0.0001528
table 0 0 -10 0.58 252.79 66.32 312.98 0.0001528
sofa 0 0 -10 0.00 121.43 254.72 407.48 0.0001471
table 0 0 -10 0.06 268.38 45.15 313.48 0.0001391
table 0 0 -10 294.15 56.30 668.22 136.55 0.0001353
table 0 0 -10 165.41 137.32 283.07 289.13 0.0001226
table 0 0 -10 0.00 205.25 77.36 483.83 0.0001224
desk 0 0 -10 20.07 93.23 467.91 511.71 0.0001195
chair 0 0 -10 1.43 9.92 207.75 184.29 0.0001181
table 0 0 -10 4.45 233.97 13.60 354.40 0.0001178
table 0 0 -10 117.93 140.60 257.15 308.70 0.0001143
bed 0 0 -10 0.00 6.59 170.99 107.91 0.0001121
table 0 0 -10 380.15 136.45 677.46 389.74 0.0001080
table 0 0 -10 619.90 193.92 679.10 514.82 0.0001063
chair 0 0 -10 620.55 191.21 681.00 508.08 0.0001059
bathtub 0 0 -10 0.00 9.23 250.18 230.10 0.0001056
table 0 0 -10 0.01 236.26 33.16 298.57 0.0001007
table 0 0 -10 82.00 1.49 671.97 66.46 0.0000990
chair 0 0 -10 0.00 173.86 123.54 412.86 0.0000984
table 0 0 -10 0.00 126.46 32.19 401.24 0.0000983
night_stand 0 0 -10 155.92 152.67 260.64 300.73 0.0000974
dresser 0 0 -10 171.88 68.39 273.75 183.31 0.0000928
