chair 0 0 -10 124.68 85.02 431.38 528.89 0.9950171
table 0 0 -10 303.22 182.29 679.96 530.72 0.9800770
chair 0 0 -10 0.00 12.20 97.74 325.06 0.3286449
table 0 0 -10 0.00 22.58 97.99 324.95 0.1049564
table 0 0 -10 459.65 181.77 674.90 474.08 0.1032013
chair 0 0 -10 514.93 173.43 678.22 470.80 0.0649677
chair 0 0 -10 398.98 275.76 669.97 527.56 0.0478216
desk 0 0 -10 0.55 25.80 97.08 329.38 0.0394736
table 0 0 -10 299.73 171.94 491.32 457.55 0.0259535
chair 0 0 -10 370.79 167.06 633.41 469.59 0.0225471
chair 0 0 -10 589.34 97.14 681.00 491.50 0.0207924
desk 0 0 -10 314.78 182.30 681.00 531.00 0.0143800
table 0 0 -10 103.33 139.43 593.19 526.63 0.0130261
table 0 0 -10 4.27 12.72 170.32 378.46 0.0120823
chair 0 0 -10 597.41 263.87 680.45 477.24 0.0098424
chair 0 0 -10 247.75 129.72 543.74 511.06 0.0098295
chair 0 0 -10 315.91 241.50 589.45 525.25 0.0098061
chair 0 0 -10 623.86 142.50 678.09 466.56 0.0091383
chair 0 0 -10 529.48 313.91 680.44 531.00 0.0083683
table 0 0 -10 571.57 151.67 677.76 499.26 0.0070284
chair 0 0 -10 0.28 13.01 50.87 314.56 0.0064734
table 0 0 -10 202.56 219.13 495.28 527.75 0.0058515
chair 0 0 -10 99.42 48.20 327.65 440.04 0.0057831
chair 0 0 -10 0.34 94.38 69.83 379.64 0.0057013
table 0 0 -10 615.95 169.14 675.76 470.51 0.0055372
table 0 0 -10 0.91 13.99 40.16 285.46 0.0044561
table 0 0 -10 1.00 221.71 101.96 382.93 0.0043874
table 0 0 -10 9.57 94.98 298.99 524.46 0.0040718
desk 0 0 -10 0.00 13.89 59.85 264.50 0.0038824
table 0 0 -10 0.00 96.18 120.29 495.38 0.0037836
chair 0 0 -10 3.57 98.78 101.98 261.82 0.0036386
chair 0 0 -10 199.29 260.92 426.75 530.23 0.0035145
bookshelf 0 0 -10 0.56 0.00 86.85 327.68 0.0033417
chair 0 0 -10 1.31 191.99 56.68 327.58 0.0033353
table 0 0 -10 0.11 55.10 66.86 253.29 0.0025763
chair 0 0 -10 517.37 89.15 681.00 355.28 0.0025530
table 0 0 -10 7.86 8.74 26.17 389.24 0.0023633
table 0 0 -10 586.80 280.77 677.81 474.79 0.0023231
desk 0 0 -10 2.41 13.23 172.92 389.26 0.0022904
chair 0 0 -10 615.11 333.01 681.00 523.79 0.0022525
chair 0 0 -10 529.51 244.39 676.91 402.23 0.0022136
table 0 0 -10 643.59 165.66 679.00 518.04 0.0021880
table 0 0 -10 0.00 101.96 133.94 274.99 0.0021879
chair 0 0 -10 145.37 76.07 428.03 328.07 0.0021628
table 0 0 -10 0.97 210.18 57.16 344.37 0.0021628
chair 0 0 -10 296.44 123.05 478.22 426.52 0.0021321
table 0 0 -10 507.23 200.93 680.30 384.19 0.0019617
dresser 0 0 -10 0.00 1.75 83.79 280.18 0.0018174
table 0 0 -10 339.13 152.47 640.34 390.53 0.0017757
desk 0 0 -10 466.89 175.27 678.62 478.78 0.0017748
table 0 0 -10 670.75 363.90 680.63 527.92 0.0017246
chair 0 0 -10 570.92 333.82 677.92 461.13 0.0016926
table 0 0 -10 0.00 156.89 187.04 424.21 0.0016013
chair 0 0 -10 9.43 0.00 30.66 358.50 0.0015969
chair 0 0 -10 648.38 348.48 680.48 458.61 0.0015936
table 0 0 -10 0.00 199.40 35.08 457.13 0.0015832
table 0 0 -10 2.21 2.59 16.24 397.16 0.0014300
chair 0 0 -10 0.95 212.57 99.92 385.32 0.0013656
chair 0 0 -10 0.00 81.73 114.86 490.86 0.0013606
table 0 0 -10 283.07 383.25 673.79 529.74 0.0013214
chair 0 0 -10 0.62 194.35 33.49 379.95 0.0013113
table 0 0 -10 611.73 343.25 678.78 519.15 0.0013001
chair 0 0 -10 590.24 113.15 681.00 275.21 0.0012685
table 0 0 -10 660.16 369.27 680.41 528.57 0.0012577
sofa 0 0 -10 122.04 61.98 449.70 487.73 0.0012230
chair 0 0 -10 6.79 50.72 175.87 306.95 0.0012183
table 0 0 -10 103.02 66.63 454.23 439.16 0.0011779
chair 0 0 -10 316.26 408.56 669.73 527.60 0.0011593
table 0 0 -10 595.46 224.97 678.95 402.25 0.0011237
table 0 0 -10 0.00 130.66 73.32 378.04 0.0011043
table 0 0 -10 1.91 237.54 72.77 508.63 0.0010812
chair 0 0 -10 0.21 227.91 78.41 508.22 0.0010429
chair 0 0 -10 124.68 113.67 323.91 253.95 0.0009894
table 0 0 -10 421.54 322.79 669.01 531.00 0.0009374
table 0 0 -10 5.03 0.00 9.38 379.97 0.0008701
table 0 0 -10 0.00 209.92 20.89 392.53 0.0008623
table 0 0 -10 653.92 308.27 679.94 506.33 0.0008402
chair 0 0 -10 3.38 98.17 26.15 336.59 0.0007571
chair 0 0 -10 664.29 347.97 680.75 453.01 0.0007438
sofa 0 0 -10 1.95 12.19 105.10 329.29 0.0007221
chair 0 0 -10 1.35 79.24 62.07 243.29 0.0006845
desk 0 0 -10 134.84 51.50 642.39 517.15 0.0006594
table 0 0 -10 172.31 296.17 394.04 531.00 0.0006590
chair 0 0 -10 419.20 53.94 606.52 419.14 0.0006399
toilet 0 0 -10 0.00 16.07 96.46 344.11 0.0005957
chair 0 0 -10 655.25 300.48 681.00 506.65 0.0005792
table 0 0 -10 574.03 358.99 677.94 455.44 0.0005570
table 0 0 -10 0.34 49.22 22.77 307.24 0.0005517
table 0 0 -10 450.07 165.46 578.89 413.64 0.0005415
bookshelf 0 0 -10 2.83 0.00 49.37 235.64 0.0005322
desk 0 0 -10 1.53 85.70 123.82 260.97 0.0005305
bed 0 0 -10 346.30 157.01 675.41 531.00 0.0005288
bed 0 0 -10 0.00 0.04 87.46 348.57 0.0005240
night_stand 0 0 -10 0.00 15.58 99.07 318.28 0.0005031
table 0 0 -10 304.51 282.15 543.47 531.00 0.0005008
chair 0 0 -10 42.62 26.15 238.46 363.44 0.0004904
chair 0 0 -10 1.09 111.23 29.73 209.40 0.0004524
chair 0 0 -10 614.15 358.87 678.36 452.08 0.0004412
chair 0 0 -10 618.48 61.14 681.00 341.46 0.0004367
table 0 0 -10 0.00 117.55 27.02 212.80 0.0004319
