chair 0 0 -10 323.71 99.32 562.42 480.07 0.9962028
chair 0 0 -10 3.82 143.28 266.56 529.08 0.9944776
chair 0 0 -10 115.79 72.64 319.16 379.35 0.7116257
chair 0 0 -10 0.60 88.62 43.28 256.58 0.4010818
chair 0 0 -10 0.67 64.83 50.47 416.13 0.2627068
table 0 0 -10 9.08 119.51 332.04 517.79 0.1352021
chair 0 0 -10 1.67 55.49 94.56 507.97 0.0808173
chair 0 0 -10 32.20 47.91 149.56 193.15 0.0721230
sofa 0 0 -10 148.13 69.41 317.96 275.40 0.0489655
chair 0 0 -10 320.71 4.21 409.25 87.43 0.0404023
chair 0 0 -10 2.59 69.61 26.74 329.37 0.0287342
chair 0 0 -10 3.67 80.87 83.13 332.89 0.0275500
table 0 0 -10 364.01 2.65 509.16 100.11 0.0244555
table 0 0 -10 300.65 2.33 469.10 93.58 0.0202674
chair 0 0 -10 0.86 84.93 27.84 205.30 0.0169630
chair 0 0 -10 437.28 1.03 522.19 69.57 0.0169571
chair 0 0 -10 0.51 236.93 78.07 525.98 0.0164397
chair 0 0 -10 0.00 80.11 71.01 218.23 0.0162642
chair 0 0 -10 139.40 77.98 309.25 255.31 0.0130618
chair 0 0 -10 164.96 40.02 249.56 113.36 0.0127938
chair 0 0 -10 5.08 64.28 149.39 267.31 0.0125771
chair 0 0 -10 8.41 81.68 222.71 352.91 0.0124546
chair 0 0 -10 99.19 14.39 182.51 122.46 0.0116877
chair 0 0 -10 365.24 2.87 418.54 82.83 0.0110169
table 0 0 -10 226.16 5.13 419.62 92.31 0.0105892
chair 0 0 -10 461.52 12.87 643.77 169.95 0.0102185
chair 0 0 -10 635.03 39.28 679.70 144.13 0.0085963
table 0 0 -10 156.31 8.02 494.71 114.04 0.0085850
chair 0 0 -10 55.74 67.29 262.49 217.00 0.0085836
table 0 0 -10 0.32 167.03 82.67 531.00 0.0078099
table 0 0 -10 101.26 89.55 469.82 466.05 0.0075793
chair 0 0 -10 8.34 67.83 114.49 183.82 0.0066543
chair 0 0 -10 383.87 1.53 414.58 66.76 0.0064298
chair 0 0 -10 140.34 85.93 425.17 472.93 0.0061126
sofa 0 0 -10 13.31 73.01 322.40 411.25 0.0055704
chair 0 0 -10 348.57 1.09 425.70 51.42 0.0054567
chair 0 0 -10 444.24 0.79 575.01 79.24 0.0050756
chair 0 0 -10 440.66 76.41 588.49 349.45 0.0050573
table 0 0 -10 333.52 5.45 409.87 86.82 0.0047391
chair 0 0 -10 0.00 84.67 13.90 201.03 0.0047197
chair 0 0 -10 357.09 0.31 454.16 99.50 0.0046290
table 0 0 -10 429.45 3.23 516.44 77.47 0.0046173
chair 0 0 -10 8.68 64.78 23.24 485.91 0.0046110
table 0 0 -10 2.79 84.37 32.34 343.66 0.0043191
desk 0 0 -10 109.60 7.95 420.09 104.41 0.0041140
desk 0 0 -10 8.33 114.04 331.03 531.00 0.0040677
chair 0 0 -10 117.49 30.05 224.65 117.31 0.0039898
chair 0 0 -10 463.03 0.56 547.98 47.72 0.0039800
table 0 0 -10 33.60 72.11 268.51 209.39 0.0038787
table 0 0 -10 29.68 6.75 548.17 162.44 0.0038116
chair 0 0 -10 284.60 5.05 383.28 82.22 0.0037151
table 0 0 -10 195.31 67.32 305.68 130.58 0.0032459
table 0 0 -10 0.00 135.96 245.36 409.81 0.0030161
chair 0 0 -10 191.35 66.92 344.90 288.67 0.0029874
table 0 0 -10 3.72 50.16 247.96 299.36 0.0029450
table 0 0 -10 0.00 73.17 127.21 352.08 0.0027877
table 0 0 -10 296.13 97.85 546.71 421.14 0.0027170
desk 0 0 -10 167.14 33.11 269.89 90.79 0.0026914
chair 0 0 -10 390.75 3.50 510.59 57.34 0.0026178
chair 0 0 -10 581.87 2.92 679.71 128.10 0.0025819
chair 0 0 -10 609.48 25.81 678.58 160.14 0.0025628
table 0 0 -10 165.18 71.73 321.36 272.62 0.0025601
table 0 0 -10 166.85 42.72 311.11 121.25 0.0025226
chair 0 0 -10 80.68 12.77 234.15 140.05 0.0025167
chair 0 0 -10 148.29 54.15 291.10 193.90 0.0024745
desk 0 0 -10 305.97 0.00 502.90 102.68 0.0024106
table 0 0 -10 2.94 89.09 18.72 413.05 0.0023848
table 0 0 -10 1.79 91.96 51.07 444.60 0.0022127
table 0 0 -10 50.55 4.37 413.41 96.97 0.0021796
table 0 0 -10 115.88 113.54 301.16 306.79 0.0020744
table 0 0 -10 422.87 6.71 664.54 144.80 0.0020553
table 0 0 -10 48.39 87.60 137.36 181.42 0.0020456
chair 0 0 -10 2.94 64.97 9.57 360.59 0.0020441
chair 0 0 -10 196.84 68.40 310.47 139.00 0.0019918
table 0 0 -10 3.50 34.41 179.58 227.70 0.0019913
sofa 0 0 -10 466.71 17.92 646.92 163.68 0.0019887
table 0 0 -10 72.68 24.03 283.37 149.24 0.0018739
chair 0 0 -10 158.69 39.74 294.59 134.05 0.0018426
desk 0 0 -10 63.70 8.08 261.50 130.45 0.0017251
chair 0 0 -10 381.83 2.99 440.04 55.56 0.0017239
desk 0 0 -10 167.24 19.08 341.95 98.04 0.0017162
desk 0 0 -10 50.55 0.84 592.86 122.43 0.0016993
chair 0 0 -10 255.01 4.38 448.93 101.56 0.0016979
sofa 0 0 -10 32.29 44.21 300.97 263.80 0.0016971
chair 0 0 -10 449.78 23.01 544.30 232.02 0.0016729
sofa 0 0 -10 2.46 71.81 36.39 357.35 0.0016685
desk 0 0 -10 2.22 82.89 31.87 334.14 0.0015708
table 0 0 -10 0.48 95.32 42.71 256.07 0.0014939
desk 0 0 -10 109.38 22.46 261.29 101.25 0.0014868
sofa 0 0 -10 309.72 94.35 547.24 451.51 0.0014782
chair 0 0 -10 374.45 4.30 528.95 108.56 0.0014618
bookshelf 0 0 -10 88.48 8.87 187.23 117.60 0.0014317
sofa 0 0 -10 616.65 20.67 678.06 141.57 0.0014198
table 0 0 -10 83.80 54.49 367.71 363.61 0.0013897
chair 0 0 -10 658.86 34.66 680.52 167.98 0.0013277
table 0 0 -10 167.79 24.31 383.49 106.80 0.0012810
table 0 0 -10 185.99 28.84 519.90 256.65 0.0012572
chair 0 0 -10 94.11 130.19 236.83 406.66 0.0012376
table 0 0 -10 166.84 37.37 249.81 89.86 0.0012321
table 0 0 -10 317.30 220.85 563.28 497.47 0.0011955
